<TICKER>,<PER>,<DATE>,<TIME>,<OPEN>,<HIGH>,<LOW>,<CLOSE>,<VOL>,<OPENINT>
^_DE,D,20160216,000000,910.87,910.87,906.85,906.85,142662740,0
^_DE,D,20160217,000000,905.25,918.8,905.25,918.8,166488922,0
^_DE,D,20160218,000000,919.69,927.48,919.69,927.48,161789884,0
^_DE,D,20160219,000000,925.59,928.17,925.59,928.17,143499263,0
^_DE,D,20160222,000000,930.56,935.1,930.56,935.1,127334738,0
^_DE,D,20160223,000000,931.49,931.49,928.17,928.17,119287145,0
^_DE,D,20160224,000000,928.01,928.01,916.3,916.3,149892264,0
^_DE,D,20160225,000000,918.83,923.95,918.83,923.95,139858343,0
^_DE,D,20160226,000000,920.95,926.7,920.95,926.7,137175790,0
^_DE,D,20160229,000000,921.8,929.06,921.8,929.06,142746526,0
^_DE,D,20160301,000000,927.17,940.15,927.17,940.15,138627633,0
^_DE,D,20160302,000000,939.02,943.32,939.02,943.32,149575317,0
^_DE,D,20160303,000000,946.7,946.7,946.66,946.66,123590035,0
^_DE,D,20160304,000000,944.23,954.65,944.23,954.65,131345662,0
^_DE,D,20160307,000000,946.21,950.66,946.21,950.66,107925016,0
^_DE,D,20160308,000000,948.33,948.33,944.82,944.82,133545380,0
^_DE,D,20160309,000000,940.37,943.89,940.37,943.89,133260042,0
^_DE,D,20160310,000000,941.25,941.25,935.79,935.79,222536844,0
^_DE,D,20160311,000000,937.94,949.87,937.94,949.87,155983256,0
^_DE,D,20160314,000000,950.81,956.43,950.81,956.43,124401455,0
^_DE,D,20160315,000000,955.86,956.55,955.86,956.55,108666319,0
^_DE,D,20160316,000000,951.31,959.95,951.31,959.95,131601395,0
^_DE,D,20160317,000000,958.72,958.72,957.29,957.29,154427002,0
^_DE,D,20160318,000000,954.33,958.71,954.33,958.71,277394448,0
^_DE,D,20160321,000000,955.42,957.04,955.42,957.04,118203527,0
^_DE,D,20160322,000000,953.74,958.4,953.74,958.4,120753405,0
^_DE,D,20160323,000000,958.87,960.6,958.87,960.6,119646738,0
^_DE,D,20160324,000000,951.23,953.88,951.23,953.88,107923431,0
^_DE,D,20160329,000000,954.27,954.27,954.19,954.19,97827789,0
^_DE,D,20160330,000000,954.73,960.77,954.73,960.77,133329489,0
^_DE,D,20160331,000000,957.71,964.04,957.71,964.04,123999909,0
^_DE,D,20160401,000000,954.17,964.05,954.17,964.05,137179278,0
^_DE,D,20160404,000000,956.33,962.33,956.33,962.33,104385529,0
^_DE,D,20160405,000000,954.54,954.54,948.53,948.53,139093607,0
^_DE,D,20160406,000000,943.53,952.23,943.53,952.23,127257888,0
^_DE,D,20160407,000000,952.04,952.04,948.92,948.92,117556731,0
^_DE,D,20160408,000000,945.45,954.52,945.45,954.52,107234287,0
^_DE,D,20160411,000000,949.64,956.16,949.64,956.16,107082127,0
^_DE,D,20160412,000000,954.19,960.09,954.19,960.09,104842992,0
^_DE,D,20160413,000000,962.16,970.6,962.16,970.6,147589861,0
^_DE,D,20160414,000000,963.97,969.19,963.97,969.19,126224823,0
^_DE,D,20160415,000000,961.5,973.87,961.5,973.87,120038860,0
^_DE,D,20160418,000000,965.35,973.09,965.35,973.09,100918244,0
^_DE,D,20160419,000000,968.51,976.79,968.51,976.79,139347056,0
^_DE,D,20160420,000000,974.21,977.78,974.21,977.78,132905854,0
^_DE,D,20160421,000000,974.69,975.05,974.69,975.05,148396357,0
^_DE,D,20160422,000000,970.96,976.62,970.96,976.62,116080004,0
^_DE,D,20160425,000000,975.57,978.22,975.57,978.22,104761711,0
^_DE,D,20160426,000000,975.72,978.62,975.72,978.62,112344287,0
^_DE,D,20160427,000000,971.23,985.08,971.23,985.08,133309993,0
^_DE,D,20160428,000000,982.78,984.43,982.78,984.43,128535835,0
^_DE,D,20160429,000000,977.06,978.93,977.06,978.93,153703206,0
^_DE,D,20160502,000000,977.2,979.22,977.2,979.22,84574996,0
^_DE,D,20160503,000000,971.6,971.6,969.3,969.3,166396988,0
^_DE,D,20160504,000000,966.19,966.5,966.19,966.5,138465865,0
^_DE,D,20160505,000000,968.13,971.35,968.13,971.35,89873392,0
^_DE,D,20160506,000000,966.75,974.97,966.75,974.97,118285430,0
^_DE,D,20160509,000000,973.68,973.68,972.66,972.66,110987029,0
^_DE,D,20160510,000000,971.22,973.2,971.22,973.2,124150306,0
^_DE,D,20160511,000000,966.64,970.18,966.64,970.18,136512421,0
^_DE,D,20160512,000000,965.54,966.65,965.54,966.65,145882080,0
^_DE,D,20160513,000000,962.53,968.58,962.53,968.58,128133460,0
^_DE,D,20160517,000000,966.37,968.68,966.37,968.68,132316339,0
^_DE,D,20160518,000000,962.26,968.59,962.26,968.59,110284551,0
^_DE,D,20160519,000000,965.07,966.53,965.07,966.53,126087602,0
^_DE,D,20160520,000000,967.06,972.18,967.06,972.18,109256278,0
^_DE,D,20160523,000000,970.98,971.97,970.98,971.97,107059448,0
^_DE,D,20160524,000000,964.84,972.82,964.84,972.82,121711471,0
^_DE,D,20160525,000000,972.48,977.15,972.48,977.15,133871592,0
^_DE,D,20160526,000000,974.83,978.57,974.83,978.57,99211459,0
^_DE,D,20160527,000000,975.85,980.49,975.85,980.49,94307161,0
^_DE,D,20160530,000000,978.62,981.02,978.62,981.02,56642084,0
^_DE,D,20160531,000000,978.75,979.9,978.75,979.9,160132579,0
^_DE,D,20160601,000000,972.14,975.67,972.14,975.67,117157591,0
^_DE,D,20160602,000000,967.95,973.76,967.95,973.76,94175359,0
^_DE,D,20160603,000000,973.52,973.52,972.01,972.01,119077303,0
^_DE,D,20160606,000000,969.73,975.51,969.73,975.51,81324237,0
^_DE,D,20160607,000000,970.12,976.65,970.12,976.65,111260374,0
^_DE,D,20160608,000000,971.5,971.6,971.5,971.6,108255788,0
^_DE,D,20160609,000000,967.12,967.12,966.62,966.62,138939938,0
^_DE,D,20160610,000000,963.07,963.07,955.3,955.3,145180098,0
^_DE,D,20160613,000000,944.38,944.38,940.09,940.09,142454191,0
^_DE,D,20160614,000000,931.9,931.9,931.13,931.13,143868732,0
^_DE,D,20160615,000000,930.97,935.58,930.97,935.58,133256292,0
^_DE,D,20160616,000000,925.42,925.42,923.9,923.9,142049731,0
^_DE,D,20160617,000000,926.47,932.6,926.47,932.6,212047920,0
^_DE,D,20160620,000000,938.73,947.14,938.73,947.14,128868995,0
^_DE,D,20160621,000000,943.53,945.69,943.53,945.69,109681792,0
^_DE,D,20160622,000000,947.48,949.81,947.48,949.81,108406476,0
^_DE,D,20160623,000000,946.1,952.43,946.1,952.43,142834549,0
^_DE,D,20160624,000000,904.6,928.71,904.6,928.71,396681892,0
^_DE,D,20160627,000000,924.02,924.02,908.94,908.94,267748030,0
^_DE,D,20160628,000000,915.65,920.02,915.65,920.02,181402157,0
^_DE,D,20160629,000000,916.81,923.96,916.81,923.96,153587996,0
^_DE,D,20160630,000000,921.43,928.32,921.43,928.32,184567273,0
^_DE,D,20160701,000000,922.71,932.56,922.71,932.56,138524423,0
^_DE,D,20160704,000000,930.27,931.73,930.27,931.73,104584494,0
^_DE,D,20160705,000000,924.52,924.52,920.04,920.04,129582859,0
^_DE,D,20160706,000000,910.94,910.94,909.67,909.67,173532038,0
^_DE,D,20160707,000000,911.02,917.69,911.02,917.69,121458409,0
^_DE,D,20160708,000000,912.35,927.27,912.35,927.27,127542446,0
^_DE,D,20160711,000000,928.76,935.01,928.76,935.01,110850565,0
^_DE,D,20160712,000000,934.57,938.31,934.57,938.31,134053126,0
^_DE,D,20160713,000000,934.32,941,934.32,941,127697468,0
^_DE,D,20160714,000000,936.64,943.36,936.64,943.36,132813328,0
^_DE,D,20160715,000000,938.49,942.62,938.49,942.62,119520830,0
^_DE,D,20160718,000000,944.98,950.72,944.98,950.72,96516996,0
^_DE,D,20160719,000000,944.73,945.49,944.73,945.49,102597185,0
^_DE,D,20160720,000000,943.37,950,943.37,950,112137259,0
^_DE,D,20160721,000000,950.74,954.41,950.74,954.41,128785470,0
^_DE,D,20160722,000000,946.34,950.09,946.34,950.09,92175229,0
^_DE,D,20160725,000000,948.88,954.04,948.88,954.04,85079956,0
^_DE,D,20160726,000000,948.87,955.17,948.87,955.17,107879808,0
^_DE,D,20160727,000000,953.64,962.45,953.64,962.45,120649175,0
^_DE,D,20160728,000000,959.51,967.51,959.51,967.51,133401755,0
^_DE,D,20160729,000000,963.22,967.62,963.22,967.62,127238386,0
^_DE,D,20160801,000000,966.26,967.52,966.26,967.52,114839993,0
^_DE,D,20160802,000000,957.14,957.14,950.88,950.88,157752406,0
^_DE,D,20160803,000000,950.99,950.99,950.93,950.93,116677208,0
^_DE,D,20160804,000000,949.36,954.39,949.36,954.39,110167050,0
^_DE,D,20160805,000000,952.45,957.76,952.45,957.76,99348245,0
^_DE,D,20160808,000000,954.26,956.47,954.26,956.47,95908248,0
^_DE,D,20160809,000000,954.73,964.26,954.73,964.26,113348112,0
^_DE,D,20160810,000000,959.48,964.73,959.48,964.73,142350131,0
^_DE,D,20160811,000000,967.11,970.98,967.11,970.98,116421016,0
^_DE,D,20160812,000000,970.07,971.8,970.07,971.8,96668958,0
^_DE,D,20160815,000000,969.66,969.87,969.66,969.87,72271179,0
^_DE,D,20160816,000000,964.77,965.57,964.77,965.57,98704006,0
^_DE,D,20160817,000000,964.89,964.89,958.57,958.57,101444028,0
^_DE,D,20160818,000000,958.64,963.37,958.64,963.37,84998088,0
^_DE,D,20160819,000000,961.46,963.06,961.46,963.06,102497559,0
^_DE,D,20160822,000000,959.9,960.66,959.9,960.66,88895853,0
^_DE,D,20160823,000000,960.06,966.92,960.06,966.92,83826382,0
^_DE,D,20160824,000000,963.62,968.82,963.62,968.82,92584766,0
^_DE,D,20160825,000000,963.36,963.36,961.21,961.21,81495089,0
^_DE,D,20160826,000000,957.45,961.9,957.45,961.9,72818942,0
^_DE,D,20160829,000000,959.09,961.67,959.09,961.67,52835429,0
^_DE,D,20160830,000000,960.06,964.97,960.06,964.97,93510052,0
^_DE,D,20160831,000000,962.32,964.02,962.32,964.02,129672070,0
^_DE,D,20160901,000000,954.36,954.61,954.36,954.61,141421122,0
^_DE,D,20160902,000000,955.17,962.81,955.17,962.81,116342953,0
^_DE,D,20160905,000000,961.23,964.93,961.23,964.93,87176616,0
^_DE,D,20160906,000000,962.2,964.1,962.2,964.1,100108941,0
^_DE,D,20160907,000000,964,968.28,964,968.28,110631967,0
^_DE,D,20160908,000000,967.33,969.93,967.33,969.93,127695474,0
^_DE,D,20160909,000000,966.97,967.89,966.97,967.89,136111621,0
^_DE,D,20160912,000000,952.61,957.22,952.61,957.22,166545809,0
^_DE,D,20160913,000000,957.41,957.41,955.03,955.03,129653828,0
^_DE,D,20160914,000000,955.04,955.04,954.55,954.55,133804445,0
^_DE,D,20160915,000000,950.62,953.88,950.62,953.88,120584294,0
^_DE,D,20160916,000000,952.56,952.56,951.58,951.58,270019038,0
^_DE,D,20160919,000000,955.02,957.8,955.02,957.8,100572284,0
^_DE,D,20160920,000000,955.5,958.44,955.5,958.44,100542269,0
^_DE,D,20160921,000000,957.4,961.64,957.4,961.64,112281987,0
^_DE,D,20160922,000000,959.64,966.44,959.64,966.44,136919575,0
^_DE,D,20160923,000000,962.8,963.71,962.8,963.71,99845030,0
^_DE,D,20160926,000000,959.83,959.83,958.89,958.89,142625271,0
^_DE,D,20160927,000000,957.81,957.81,954.81,954.81,148060738,0
^_DE,D,20160928,000000,957.04,960.09,957.04,960.09,132132010,0
^_DE,D,20160929,000000,959.32,959.71,959.32,959.71,142243667,0
^_DE,D,20160930,000000,949.13,957,949.13,957,232584243,0
^_DE,D,20161004,000000,953.79,956.73,953.79,956.73,179779774,0
^_DE,D,20161005,000000,952.63,957.23,952.63,957.23,133874740,0
^_DE,D,20161006,000000,951.12,951.12,949.22,949.22,145933787,0
^_DE,D,20161007,000000,952.23,952.23,951.96,951.96,165821546,0
^_DE,D,20161010,000000,951.62,952.29,951.62,952.29,137442061,0
^_DE,D,20161011,000000,945.04,947.18,945.04,947.18,136483918,0
^_DE,D,20161012,000000,943.65,943.65,941.27,941.27,129407739,0
^_DE,D,20161013,000000,934.15,937.3,934.15,937.3,145432518,0
^_DE,D,20161014,000000,934.7,940.12,934.7,940.12,139262449,0
^_DE,D,20161017,000000,938.88,938.88,937.27,937.27,93817862,0
^_DE,D,20161018,000000,939.82,949.05,939.82,949.05,125273280,0
^_DE,D,20161019,000000,948.15,951.19,948.15,951.19,108853570,0
^_DE,D,20161020,000000,952.01,956.47,952.01,956.47,156417491,0
^_DE,D,20161021,000000,951.95,953.74,951.95,953.74,120762818,0
^_DE,D,20161024,000000,950.91,955.39,950.91,955.39,114195172,0
^_DE,D,20161025,000000,953.84,955.98,953.84,955.98,125306607,0
^_DE,D,20161026,000000,955.66,956.42,955.66,956.42,115507336,0
^_DE,D,20161027,000000,949.99,949.99,948.63,948.63,122635235,0
^_DE,D,20161028,000000,944.15,949.47,944.15,949.47,112570176,0
^_DE,D,20161031,000000,945.06,948.19,945.06,948.19,109180043,0
^_DE,D,20161101,000000,941.45,941.45,939.41,939.41,111057631,0
^_DE,D,20161102,000000,929.53,929.53,924.98,924.98,135807908,0
^_DE,D,20161103,000000,923.73,924.53,923.73,924.53,126191202,0
^_DE,D,20161104,000000,921.22,921.22,918.95,918.95,129188079,0
^_DE,D,20161107,000000,919.96,927.33,919.96,927.33,120138453,0
^_DE,D,20161108,000000,925.52,926.95,925.52,926.95,118007863,0
^_DE,D,20161109,000000,905.24,922.86,905.24,922.86,236263630,0
^_DE,D,20161110,000000,922.51,922.51,919.24,919.24,258389292,0
^_DE,D,20161111,000000,919.88,919.88,919.19,919.19,187633944,0
^_DE,D,20161114,000000,919.29,920.76,919.29,920.76,180850971,0
^_DE,D,20161115,000000,919.58,923.44,919.58,923.44,148941411,0
^_DE,D,20161116,000000,923.83,926.59,923.83,926.59,139860845,0
^_DE,D,20161117,000000,922.32,927.06,922.32,927.06,135087881,0
^_DE,D,20161118,000000,925.99,925.99,925.82,925.82,142023136,0
^_DE,D,20161121,000000,925.48,928.67,925.48,928.67,106037612,0
^_DE,D,20161122,000000,925.57,929.26,925.57,929.26,122608366,0
^_DE,D,20161123,000000,927.9,928.63,927.9,928.63,132554637,0
^_DE,D,20161124,000000,923.9,924.98,923.9,924.98,82619845,0
^_DE,D,20161125,000000,923.33,926.17,923.33,926.17,90824344,0
^_DE,D,20161128,000000,924.84,924.84,922.8,922.8,107323656,0
^_DE,D,20161129,000000,922.13,922.13,915.25,915.25,114797756,0
^_DE,D,20161130,000000,913.03,916.78,913.03,916.78,163143435,0
^_DE,D,20161201,000000,914.75,920.55,914.75,920.55,137378269,0
^_DE,D,20161202,000000,910.11,911.07,910.11,911.07,126717242,0
^_DE,D,20161205,000000,905.65,917.24,905.65,917.24,144008026,0
^_DE,D,20161206,000000,913.31,919.42,913.31,919.42,180271960,0
^_DE,D,20161207,000000,921.73,927.72,921.73,927.72,202324140,0
^_DE,D,20161208,000000,922.62,933.69,922.62,933.69,235117431,0
^_DE,D,20161209,000000,930.11,936.24,930.11,936.24,157030000,0
^_DE,D,20161212,000000,931.09,932.71,931.09,932.71,134050199,0
^_DE,D,20161213,000000,929.05,933.48,929.05,933.48,144010938,0
^_DE,D,20161214,000000,929.18,929.96,929.18,929.96,143071062,0
^_DE,D,20161215,000000,929.05,931.5,929.05,931.5,194874263,0
^_DE,D,20161216,000000,928.92,937.63,928.92,937.63,250259343,0
^_DE,D,20161219,000000,937.58,938.73,937.58,938.73,117772875,0
^_DE,D,20161220,000000,934.8,940.9,934.8,940.9,114240164,0
^_DE,D,20161221,000000,939.25,941.82,939.25,941.82,96961110,0
^_DE,D,20161222,000000,937.94,942.8,937.94,942.8,79562710,0
^_DE,D,20161223,000000,929.31,938.09,929.31,938.09,75298800,0
^_DE,D,20161227,000000,935.84,937.89,935.84,937.89,46039848,0
^_DE,D,20161228,000000,935.52,941.11,935.52,941.11,71000772,0
^_DE,D,20161229,000000,936.15,941.01,936.15,941.01,66399125,0
^_DE,D,20161230,000000,934.93,945.1,934.93,945.1,61221620,0
^_DE,D,20170102,000000,939.06,952.85,939.06,952.85,72086672,0
^_DE,D,20170103,000000,949.96,954.52,949.96,954.52,129957190,0
^_DE,D,20170104,000000,953.72,960.33,953.72,960.33,119520584,0
^_DE,D,20170105,000000,952.1,959.12,952.1,959.12,112108477,0
^_DE,D,20170106,000000,956.31,960.44,956.31,960.44,98630892,0
^_DE,D,20170109,000000,963.74,968.53,963.74,968.53,115420009,0
^_DE,D,20170110,000000,962.71,968.83,962.71,968.83,128106569,0
^_DE,D,20170111,000000,966.29,974.59,966.29,974.59,140883031,0
^_DE,D,20170112,000000,965,969.83,965,969.83,140144468,0
^_DE,D,20170113,000000,966.5,971.98,966.5,971.98,115022790,0
^_DE,D,20170116,000000,967.46,973.21,967.46,973.21,93114715,0
^_DE,D,20170117,000000,971.65,976.57,971.65,976.57,123891507,0
^_DE,D,20170118,000000,973.45,981.2,973.45,981.2,119053393,0
^_DE,D,20170119,000000,976.44,982.75,976.44,982.75,137899520,0
^_DE,D,20170120,000000,976.29,985.72,976.29,985.72,155340684,0
^_DE,D,20170123,000000,983.17,990.27,983.17,990.27,117431192,0
^_DE,D,20170124,000000,988.77,994.4,988.77,994.4,117912621,0
^_DE,D,20170125,000000,992.01,997.82,992.01,997.82,167260667,0
^_DE,D,20170126,000000,994.32,997.59,994.32,997.59,133336846,0
^_DE,D,20170127,000000,994.45,998.39,994.45,998.39,109748080,0
^_DE,D,20170130,000000,994.34,994.34,988.96,988.96,119141483,0
^_DE,D,20170131,000000,984.86,987.67,984.86,987.67,147720921,0
^_DE,D,20170201,000000,985.88,996.63,985.88,996.63,139357050,0
^_DE,D,20170202,000000,986.15,992.96,986.15,992.96,136992460,0
^_DE,D,20170203,000000,991.35,1000,991.35,1000,118709407,0
^_DE,D,20170206,000000,1001.48,1001.48,998.5,998.5,136089452,0
^_DE,D,20170207,000000,994,999.68,994,999.68,115114879,0
^_DE,D,20170208,000000,995.91,1002.8,995.91,1002.8,137929106,0
^_DE,D,20170209,000000,997.07,1000,997.07,1000,158214810,0
^_DE,D,20170210,000000,1002.83,1005.53,1002.83,1005.53,122061405,0
^_DE,D,20170213,000000,1006,1012.95,1006,1012.95,121866149,0
^_DE,D,20170214,000000,1009.57,1016.73,1009.57,1016.73,111877246,0
^_DE,D,20170215,000000,1013.81,1018.38,1013.81,1018.38,131224695,0
^_DE,D,20170216,000000,1011.35,1015.08,1011.35,1015.08,112706647,0
^_DE,D,20170217,000000,1012.89,1020.4,1012.89,1020.4,129637821,0
^_DE,D,20170220,000000,1020.03,1026,1020.03,1026,86730839,0
^_DE,D,20170221,000000,1023.08,1036.21,1023.08,1036.21,121277531,0
^_DE,D,20170222,000000,1030.64,1034.42,1030.64,1034.42,143763538,0
^_DE,D,20170223,000000,1028.58,1029.29,1028.58,1029.29,123783624,0
^_DE,D,20170224,000000,1022.44,1027.21,1022.44,1027.21,165543530,0
^_DE,D,20170227,000000,1023.67,1025.88,1023.67,1025.88,102299026,0
^_DE,D,20170228,000000,1022.36,1030.85,1022.36,1030.85,119437735,0
^_DE,D,20170301,000000,1022.61,1030.3,1022.61,1030.3,165314647,0
^_DE,D,20170302,000000,1027.91,1032.88,1027.91,1032.88,125622663,0
^_DE,D,20170303,000000,1031.28,1036.21,1031.28,1036.21,146571963,0
^_DE,D,20170306,000000,1033.89,1033.92,1033.89,1033.92,135124521,0
^_DE,D,20170307,000000,1031.9,1039.08,1031.9,1039.08,116893727,0
^_DE,D,20170308,000000,1031.27,1037.88,1031.27,1037.88,138953120,0
^_DE,D,20170309,000000,1032.14,1037.52,1032.14,1037.52,150606203,0
^_DE,D,20170310,000000,1034.18,1038.57,1034.18,1038.57,152845235,0
^_DE,D,20170313,000000,1040.51,1048.34,1040.51,1048.34,116783792,0
^_DE,D,20170314,000000,1047.59,1047.59,1047.5,1047.5,152098075,0
^_DE,D,20170315,000000,1045.82,1048.42,1045.82,1048.42,148205347,0
^_DE,D,20170316,000000,1044.53,1048.57,1044.53,1048.57,170970947,0
^_DE,D,20170317,000000,1043.49,1049.62,1043.49,1049.62,260200256,0
^_DE,D,20170320,000000,1044.17,1047.64,1044.17,1047.64,144984573,0
^_DE,D,20170321,000000,1046.47,1046.47,1044.08,1044.08,177203077,0
^_DE,D,20170322,000000,1033.58,1038.27,1033.58,1038.27,155910066,0
^_DE,D,20170323,000000,1036.7,1043.42,1036.7,1043.42,124016371,0
^_DE,D,20170324,000000,1040.53,1045.49,1040.53,1045.49,131316611,0
^_DE,D,20170327,000000,1036.51,1036.51,1035.74,1035.74,129162689,0
^_DE,D,20170328,000000,1032.12,1039.23,1032.12,1039.23,139031824,0
^_DE,D,20170329,000000,1038.34,1041.58,1038.34,1041.58,145558303,0
^_DE,D,20170330,000000,1039.16,1043.03,1039.16,1043.03,127983447,0
^_DE,D,20170331,000000,1039.96,1046.19,1039.96,1046.19,162410852,0
^_DE,D,20170403,000000,1047.12,1048.81,1047.12,1048.81,132783735,0
^_DE,D,20170404,000000,1042.84,1046.85,1042.84,1046.85,162043004,0
^_DE,D,20170405,000000,1038.79,1040.96,1038.79,1040.96,130304344,0
^_DE,D,20170406,000000,1040.15,1045.57,1040.15,1045.57,115527259,0
^_DE,D,20170407,000000,1039.66,1053.52,1039.66,1053.52,110687805,0
^_DE,D,20170410,000000,1051.54,1056.1,1051.54,1056.1,97747684,0
^_DE,D,20170411,000000,1052.26,1052.26,1052.1,1052.1,134071197,0
^_DE,D,20170412,000000,1049.98,1054.99,1049.98,1054.99,114205710,0
^_DE,D,20170413,000000,1050.85,1057.45,1050.85,1057.45,112198561,0
^_DE,D,20170418,000000,1053.11,1053.11,1051.41,1051.41,131799949,0
^_DE,D,20170419,000000,1048.75,1054.88,1048.75,1054.88,123262397,0
^_DE,D,20170420,000000,1049.3,1056.14,1049.3,1056.14,122580348,0
^_DE,D,20170421,000000,1052.22,1055.37,1052.22,1055.37,149404216,0
^_DE,D,20170424,000000,1056.23,1066.95,1056.23,1066.95,247653582,0
^_DE,D,20170425,000000,1065.64,1075.61,1065.64,1075.61,144349265,0
^_DE,D,20170426,000000,1070.84,1082.76,1070.84,1082.76,139921623,0
^_DE,D,20170427,000000,1074.54,1081.43,1074.54,1081.43,153759650,0
^_DE,D,20170428,000000,1077.18,1083.61,1077.18,1083.61,155176141,0
^_DE,D,20170502,000000,1083.51,1091.32,1083.51,1091.32,136888446,0
^_DE,D,20170503,000000,1085.72,1093.95,1085.72,1093.95,126709549,0
^_DE,D,20170504,000000,1089.87,1096.08,1089.87,1096.08,154219979,0
^_DE,D,20170505,000000,1083.04,1092.91,1083.04,1092.91,164261533,0
^_DE,D,20170508,000000,1092.31,1097.95,1092.31,1097.95,152697863,0
^_DE,D,20170509,000000,1092.01,1101.57,1092.01,1101.57,163440258,0
^_DE,D,20170510,000000,1098.43,1104.27,1098.43,1104.27,161923174,0
^_DE,D,20170511,000000,1091.41,1096.22,1091.41,1096.22,162730256,0
^_DE,D,20170512,000000,1092.23,1101.03,1092.23,1101.03,190188543,0
^_DE,D,20170515,000000,1098.32,1105.39,1098.32,1105.39,134262837,0
^_DE,D,20170516,000000,1102.36,1111.52,1102.36,1111.52,132243567,0
^_DE,D,20170517,000000,1103.59,1103.59,1100.73,1100.73,169309139,0
^_DE,D,20170518,000000,1093.56,1095.41,1093.56,1095.41,187328651,0
^_DE,D,20170519,000000,1094.82,1104.87,1094.82,1104.87,176333179,0
^_DE,D,20170522,000000,1102.18,1104.98,1102.18,1104.98,120970503,0
^_DE,D,20170523,000000,1101.51,1110.97,1101.51,1110.97,135392657,0
^_DE,D,20170524,000000,1106.71,1117.74,1106.71,1117.74,115512201,0
^_DE,D,20170525,000000,1117.4,1121.78,1117.4,1121.78,88445398,0
^_DE,D,20170526,000000,1117.28,1121.39,1117.28,1121.39,109813275,0
^_DE,D,20170529,000000,1117.96,1129.49,1117.96,1129.49,62988210,0
^_DE,D,20170530,000000,1124.66,1132.68,1124.66,1132.68,114041698,0
^_DE,D,20170531,000000,1132.97,1136.97,1132.97,1136.97,207762984,0
^_DE,D,20170601,000000,1133.51,1143.21,1133.51,1143.21,133586516,0
^_DE,D,20170602,000000,1140.95,1148.22,1140.95,1148.22,136703687,0
^_DE,D,20170606,000000,1144.7,1144.7,1143.26,1143.26,147903775,0
^_DE,D,20170607,000000,1138.4,1141.42,1138.4,1141.42,183592278,0
^_DE,D,20170608,000000,1137.93,1139.72,1137.93,1139.72,156612998,0
^_DE,D,20170609,000000,1133.27,1141.55,1133.27,1141.55,142813888,0
^_DE,D,20170612,000000,1135.14,1135.14,1130.64,1130.64,147018424,0
^_DE,D,20170613,000000,1130.59,1137.24,1130.59,1137.24,123766179,0
^_DE,D,20170614,000000,1137.21,1139.99,1137.21,1139.99,154071544,0
^_DE,D,20170615,000000,1138.74,1138.74,1134.17,1134.17,166778123,0
^_DE,D,20170616,000000,1132.51,1139.64,1132.51,1139.64,293252736,0
^_DE,D,20170619,000000,1139.26,1146.97,1139.26,1146.97,119951812,0
^_DE,D,20170620,000000,1144.15,1145.83,1144.15,1145.83,122137702,0
^_DE,D,20170621,000000,1139.85,1139.85,1139.29,1139.29,115714550,0
^_DE,D,20170622,000000,1134.79,1136.39,1134.79,1136.39,114901999,0
^_DE,D,20170623,000000,1133.6,1134.03,1133.6,1134.03,117694982,0
^_DE,D,20170626,000000,1131.42,1134.68,1131.42,1134.68,105909182,0
^_DE,D,20170627,000000,1132.67,1132.67,1130.3,1130.3,159029903,0
^_DE,D,20170628,000000,1125.4,1125.4,1124.79,1124.79,158853855,0
^_DE,D,20170629,000000,1122.47,1122.47,1116.79,1116.79,176489133,0
^_DE,D,20170630,000000,1113.92,1115.23,1113.92,1115.23,156890447,0
^_DE,D,20170703,000000,1115.15,1119.7,1115.15,1119.7,117550008,0
^_DE,D,20170704,000000,1114.76,1117.78,1114.76,1117.78,101095736,0
^_DE,D,20170705,000000,1113.64,1123.96,1113.64,1123.96,123457883,0
^_DE,D,20170706,000000,1115.21,1118.26,1115.21,1118.26,158481758,0
^_DE,D,20170707,000000,1110.33,1116.15,1110.33,1116.15,122376347,0
^_DE,D,20170710,000000,1114.42,1120.62,1114.42,1120.62,110147062,0
^_DE,D,20170711,000000,1115.68,1120.17,1115.68,1120.17,118252043,0
^_DE,D,20170712,000000,1107.56,1114.09,1107.56,1114.09,162549034,0
^_DE,D,20170713,000000,1112.68,1125.11,1112.68,1125.11,132305508,0
^_DE,D,20170714,000000,1119.9,1124.78,1119.9,1124.78,110091803,0
^_DE,D,20170717,000000,1123.23,1125.12,1123.23,1125.12,91645047,0
^_DE,D,20170718,000000,1117.78,1118.99,1117.78,1118.99,133708508,0
^_DE,D,20170719,000000,1116.75,1119.46,1116.75,1119.46,116036106,0
^_DE,D,20170720,000000,1115.67,1120.56,1115.67,1120.56,154394251,0
^_DE,D,20170721,000000,1118.21,1118.21,1112.32,1112.32,183484035,0
^_DE,D,20170724,000000,1106.49,1108.11,1106.49,1108.11,133106712,0
^_DE,D,20170725,000000,1103.28,1114.68,1103.28,1114.68,125331245,0
^_DE,D,20170726,000000,1111.86,1118.23,1111.86,1118.23,125936798,0
^_DE,D,20170727,000000,1114.55,1116.52,1114.55,1116.52,142908549,0
^_DE,D,20170728,000000,1110.66,1110.66,1109.04,1109.04,131143069,0
^_DE,D,20170731,000000,1107.52,1111.07,1107.52,1111.07,132347604,0
^_DE,D,20170801,000000,1106.04,1113.23,1106.04,1113.23,133418256,0
^_DE,D,20170802,000000,1108.51,1114,1108.51,1114,133777767,0
^_DE,D,20170803,000000,1109.62,1111.72,1109.62,1111.72,129648970,0
^_DE,D,20170804,000000,1111.86,1120.53,1111.86,1120.53,144750283,0
^_DE,D,20170807,000000,1119.79,1124.8,1119.79,1124.8,115063133,0
^_DE,D,20170808,000000,1111.4,1121.15,1111.4,1121.15,1888805,0
^_DE,D,20170809,000000,1115.03,1115.03,1113.2,1113.2,166004133,0
^_DE,D,20170810,000000,1112.92,1112.92,1103.45,1103.45,159578597,0
^_DE,D,20170811,000000,1100.14,1100.14,1095.54,1095.54,148377107,0
^_DE,D,20170814,000000,1100.57,1106.29,1100.57,1106.29,118563945,0
^_DE,D,20170815,000000,1108.55,1108.55,1105.7,1105.7,102180950,0
^_DE,D,20170816,000000,1108.81,1108.81,1107.2,1107.2,109329674,0
^_DE,D,20170817,000000,1107.15,1107.15,1105.08,1105.08,115277899,0
^_DE,D,20170818,000000,1101.95,1102.99,1101.95,1102.99,135224361,0
^_DE,D,20170821,000000,1103.43,1103.43,1099.33,1099.33,102948805,0
^_DE,D,20170822,000000,1102.69,1104.48,1102.69,1104.48,100758647,0
^_DE,D,20170823,000000,1105.48,1105.48,1103.7,1103.7,104891614,0
^_DE,D,20170824,000000,1105.85,1105.85,1102.21,1102.21,165133018,0
^_DE,D,20170825,000000,1103.6,1103.6,1101.58,1101.58,111744655,0
^_DE,D,20170828,000000,1101.67,1101.67,1099.87,1099.87,64139645,0
^_DE,D,20170829,000000,1095.66,1095.66,1086.94,1086.94,152457188,0
^_DE,D,20170830,000000,1091.85,1094.38,1091.85,1094.38,97257525,0
^_DE,D,20170831,000000,1096.7,1099.61,1096.7,1099.61,133833208,0
^_DE,D,20170901,000000,1101.34,1104.24,1101.34,1104.24,120246187,0
^_DE,D,20170904,000000,1100.82,1103.37,1100.82,1103.37,76494081,0
^_DE,D,20170905,000000,1104.47,1105.19,1104.47,1105.19,111791046,0
^_DE,D,20170906,000000,1104.14,1106.83,1104.14,1106.83,126802708,0
^_DE,D,20170907,000000,1110.47,1112.24,1110.47,1112.24,143530100,0
^_DE,D,20170908,000000,1110.69,1112.24,1110.69,1112.24,101636792,0
^_DE,D,20170911,000000,1116.86,1120.56,1116.86,1120.56,120858009,0
^_DE,D,20170912,000000,1122.6,1122.6,1121.58,1121.58,136842434,0
^_DE,D,20170913,000000,1121.07,1123.62,1121.07,1123.62,130629046,0
^_DE,D,20170914,000000,1122.72,1125.15,1122.72,1125.15,128589983,0
^_DE,D,20170915,000000,1124.61,1124.61,1124.14,1124.14,254719037,0
^_DE,D,20170918,000000,1127.87,1127.87,1127.86,1127.86,98827577,0
^_DE,D,20170919,000000,1128.85,1129.88,1128.85,1129.88,116878895,0
^_DE,D,20170920,000000,1129.36,1129.36,1129.14,1129.14,144589754,0
^_DE,D,20170921,000000,1129.83,1132.83,1129.83,1132.83,146212363,0
^_DE,D,20170922,000000,1130.98,1134,1130.98,1134,120785707,0
^_DE,D,20170925,000000,1134.42,1134.77,1134.42,1134.77,115739011,0
^_DE,D,20170926,000000,1133.85,1133.85,1133,1133,118218862,0
^_DE,D,20170927,000000,1133.35,1133.35,1131.86,1131.86,122324192,0
^_DE,D,20170928,000000,1134.27,1139.19,1134.27,1139.19,131488727,0
^_DE,D,20170929,000000,1140.79,1144.27,1140.79,1144.27,154277048,0
^_DE,D,20171002,000000,1146.85,1148.86,1146.85,1148.86,119066448,0
^_DE,D,20171004,000000,1150.6,1150.6,1149.28,1149.28,175148998,0
^_DE,D,20171005,000000,1146,1146,1145.61,1145.61,126258991,0
^_DE,D,20171006,000000,1145.97,1145.97,1141.75,1141.75,111399577,0
^_DE,D,20171009,000000,1141.64,1141.64,1140.72,1140.72,107911311,0
^_DE,D,20171010,000000,1140.92,1140.92,1139.18,1139.18,111122071,0
^_DE,D,20171011,000000,1141.64,1143.84,1141.64,1143.84,115117616,0
^_DE,D,20171012,000000,1145.19,1145.57,1145.19,1145.57,118981680,0
^_DE,D,20171013,000000,1146.46,1146.46,1144.98,1144.98,110426691,0
^_DE,D,20171016,000000,1146.98,1148.31,1146.98,1148.31,92907157,0
^_DE,D,20171017,000000,1147.81,1147.81,1145.7,1145.7,107519159,0
^_DE,D,20171018,000000,1146.04,1146.04,1144.29,1144.29,104236352,0
^_DE,D,20171019,000000,1144.32,1144.32,1135.81,1135.81,129333128,0
^_DE,D,20171020,000000,1136.85,1137.12,1136.85,1137.12,124529145,0
^_DE,D,20171023,000000,1138.15,1138.15,1135.62,1135.62,98329085,0
^_DE,D,20171024,000000,1136.14,1136.14,1133.55,1133.55,135635924,0
^_DE,D,20171025,000000,1134.82,1134.82,1131.63,1131.63,137899505,0
^_DE,D,20171026,000000,1131.9,1137.69,1131.9,1137.69,159396089,0
^_DE,D,20171027,000000,1139.18,1141.21,1139.18,1141.21,154124643,0
^_DE,D,20171030,000000,1144.64,1146.6,1144.64,1146.6,116384485,0
^_DE,D,20171101,000000,1149.43,1151.83,1149.43,1151.83,184690164,0
^_DE,D,20171102,000000,1151.93,1151.93,1149.13,1149.13,152613208,0
^_DE,D,20171103,000000,1149.15,1151.75,1149.15,1151.75,137284453,0
^_DE,D,20171106,000000,1152.22,1152.22,1151.09,1151.09,134917291,0
^_DE,D,20171107,000000,1151.81,1151.81,1146.72,1146.72,150929180,0
^_DE,D,20171108,000000,1146.89,1146.89,1144.7,1144.7,173376466,0
^_DE,D,20171109,000000,1145.91,1145.91,1131.94,1131.94,209675070,0
^_DE,D,20171110,000000,1131.63,1131.63,1131.18,1131.18,207994860,0
^_DE,D,20171113,000000,1131.75,1131.75,1124.16,1124.16,172568908,0
^_DE,D,20171114,000000,1125.37,1125.37,1125.11,1125.11,150645603,0
^_DE,D,20171115,000000,1122.99,1122.99,1117.2,1117.2,208542639,0
^_DE,D,20171116,000000,1119.37,1124.69,1119.37,1124.69,157781723,0
^_DE,D,20171117,000000,1124.84,1124.84,1124.55,1124.55,151655103,0
^_DE,D,20171120,000000,1121.82,1128.54,1121.82,1128.54,139220727,0
^_DE,D,20171121,000000,1128.82,1133.75,1128.82,1133.75,153898809,0
^_DE,D,20171122,000000,1135.16,1135.16,1132.32,1132.32,129382280,0
^_DE,D,20171123,000000,1131.73,1134.06,1131.73,1134.06,111949895,0
^_DE,D,20171124,000000,1134.35,1135.96,1134.35,1135.96,98994432,0
^_DE,D,20171127,000000,1135.15,1135.15,1131.75,1131.75,105750178,0
^_DE,D,20171128,000000,1132.69,1133.19,1132.69,1133.19,113393267,0
^_DE,D,20171129,000000,1132.74,1132.74,1128.84,1128.84,152332852,0
^_DE,D,20171130,000000,1128.29,1129.85,1128.29,1129.85,233891555,0
^_DE,D,20171201,000000,1129.34,1129.34,1121.93,1121.93,171030184,0
^_DE,D,20171204,000000,1126.56,1126.86,1126.56,1126.86,156143053,0
^_DE,D,20171205,000000,1127.15,1127.47,1127.15,1127.47,154462347,0
^_DE,D,20171206,000000,1121.06,1121.06,1121.02,1121.02,332004301,0
^_DE,D,20171207,000000,1121.27,1121.27,1121.11,1121.11,274080146,0
^_DE,D,20171208,000000,1122.15,1122.15,1117.93,1117.93,290914751,0
^_DE,D,20171211,000000,1120.69,1120.69,1118.48,1118.48,201984268,0
^_DE,D,20171212,000000,1119.7,1121.57,1119.7,1121.57,207244553,0
^_DE,D,20171213,000000,1120.47,1120.47,1120.03,1120.03,239747518,0
^_DE,D,20171214,000000,1118.73,1118.73,1117.47,1117.47,220043720,0
^_DE,D,20171215,000000,1116.45,1116.45,1115.76,1115.76,290661772,0
^_DE,D,20171218,000000,1119.17,1124.84,1119.17,1124.84,174355319,0
^_DE,D,20171219,000000,1125.73,1126.53,1125.73,1126.53,207778882,0
^_DE,D,20171220,000000,1126.16,1126.16,1120.81,1120.81,233246660,0
^_DE,D,20171221,000000,1120.88,1121.49,1120.88,1121.49,175786571,0
^_DE,D,20171222,000000,1119.4,1120.83,1119.4,1120.83,115510749,0
^_DE,D,20171227,000000,1121.27,1122.76,1121.27,1122.76,97598563,0
^_DE,D,20171228,000000,1123.43,1123.77,1123.43,1123.77,99399948,0
^_DE,D,20171229,000000,1123.07,1123.63,1123.07,1123.63,74563551,0
^_DE,D,20180102,000000,1128.66,1131.11,1128.66,1131.11,147237982,0
^_DE,D,20180103,000000,1133.25,1142.87,1133.25,1142.87,198618738,0
^_DE,D,20180104,000000,1146.45,1149.49,1146.45,1149.49,236371135,0
^_DE,D,20180105,000000,1152,1157.69,1152,1157.69,205836905,0
^_DE,D,20180108,000000,1162.27,1163.88,1162.27,1163.88,180528152,0
^_DE,D,20180109,000000,1165.15,1166.79,1165.15,1166.79,174805907,0
^_DE,D,20180110,000000,1166.64,1166.64,1162.28,1162.28,188521054,0
^_DE,D,20180111,000000,1164.11,1164.11,1161.71,1161.71,201357074,0
^_DE,D,20180112,000000,1162.32,1163.6,1162.32,1163.6,156085294,0
^_DE,D,20180115,000000,1164.69,1164.69,1163.13,1163.13,115677896,0
^_DE,D,20180116,000000,1163.71,1164.15,1163.71,1164.15,144378143,0
^_DE,D,20180117,000000,1162.62,1162.62,1160.69,1160.69,180780736,0
^_DE,D,20180118,000000,1163.85,1165.92,1163.85,1165.92,195830917,0
^_DE,D,20180119,000000,1164.88,1171.21,1164.88,1171.21,206534987,0
^_DE,D,20180122,000000,1172.96,1173.96,1172.96,1173.96,187594739,0
^_DE,D,20180123,000000,1176.44,1176.44,1176.01,1176.01,168053618,0
^_DE,D,20180124,000000,1176.33,1176.33,1170.31,1170.31,170776944,0
^_DE,D,20180125,000000,1168.38,1168.38,1163.78,1163.78,179564498,0
^_DE,D,20180126,000000,1164.82,1168.93,1164.82,1168.93,143676340,0
^_DE,D,20180129,000000,1170.85,1170.85,1169.19,1169.19,140663399,0
^_DE,D,20180130,000000,1165.65,1165.65,1157.49,1157.49,198507530,0
^_DE,D,20180131,000000,1157.46,1157.46,1155.45,1155.45,178983730,0
^_DE,D,20180201,000000,1154.43,1154.43,1149.06,1149.06,203438228,0
^_DE,D,20180202,000000,1144.25,1144.25,1137.28,1137.28,205102368,0
^_DE,D,20180205,000000,1128.2,1128.2,1121.96,1121.96,193393072,0
^_DE,D,20180206,000000,1090.17,1100.74,1090.17,1100.74,308372831,0
^_DE,D,20180207,000000,1110.37,1121.38,1110.37,1121.38,229430351,0
^_DE,D,20180208,000000,1123.04,1123.04,1103.54,1103.54,226917629,0
^_DE,D,20180209,000000,1099.47,1099.47,1094.87,1094.87,245908185,0
^_DE,D,20180212,000000,1102.05,1105.38,1102.05,1105.38,175792625,0
^_DE,D,20180213,000000,1107.54,1107.54,1104.74,1104.74,149310586,0
^_DE,D,20180214,000000,1109.52,1113.92,1109.52,1113.92,193150081,0
^_DE,D,20180215,000000,1118.73,1118.73,1116.61,1116.61,180790187,0
^_DE,D,20180216,000000,1120.32,1124.31,1120.32,1124.31,145757212,0
^_DE,D,20180219,000000,1128.14,1128.14,1123.19,1123.19,98829248,0
^_DE,D,20180220,000000,1124.32,1128.67,1124.32,1128.67,141638765,0
^_DE,D,20180221,000000,1127.7,1128.98,1127.7,1128.98,147989763,0
^_DE,D,20180222,000000,1124.32,1124.67,1124.32,1124.67,156502522,0
^_DE,D,20180223,000000,1125.77,1127.03,1125.77,1127.03,153564831,0
^_DE,D,20180226,000000,1130.83,1130.83,1130.39,1130.39,139934780,0
^_DE,D,20180227,000000,1131.54,1131.54,1129.99,1129.99,154556474,0
^_DE,D,20180228,000000,1126.37,1127.9,1126.37,1127.9,171922190,0
^_DE,D,20180301,000000,1125.2,1125.2,1112.67,1112.67,195354032,0
^_DE,D,20180302,000000,1104.89,1104.89,1093.51,1093.51,245914308,0
^_DE,D,20180305,000000,1090.4,1104.11,1090.4,1104.11,170680991,0
^_DE,D,20180306,000000,1110.97,1110.97,1110.1,1110.1,164341560,0
^_DE,D,20180307,000000,1108.44,1114.12,1108.44,1114.12,151248100,0
^_DE,D,20180308,000000,1111.14,1116.71,1111.14,1116.71,172123386,0
^_DE,D,20180309,000000,1115.86,1117.62,1115.86,1117.62,153123154,0
^_DE,D,20180312,000000,1123.03,1123.03,1122.27,1122.27,209936060,0
^_DE,D,20180313,000000,1123.1,1123.1,1114.77,1114.77,201205060,0
^_DE,D,20180314,000000,1115.15,1115.15,1113.17,1113.17,166295664,0
^_DE,D,20180315,000000,1114.3,1117.13,1114.3,1117.13,168848006,0
^_DE,D,20180316,000000,1117.26,1117.26,1112.7,1112.7,368770201,0
^_DE,D,20180319,000000,1111.78,1111.78,1106.12,1106.12,164715685,0
^_DE,D,20180320,000000,1108.9,1112.8,1108.9,1112.8,145600677,0
^_DE,D,20180321,000000,1112.82,1112.82,1108.69,1108.69,169607018,0
^_DE,D,20180322,000000,1104.92,1104.92,1091.89,1091.89,211215234,0
^_DE,D,20180323,000000,1084.68,1084.73,1084.68,1084.73,229155197,0
^_DE,D,20180327,000000,1092.71,1092.71,1091.61,1091.61,157409037,0
^_DE,D,20180328,000000,1085.65,1085.65,1079.73,1079.73,175454068,0
^_DE,D,20180329,000000,1081.72,1085.39,1081.72,1085.39,169567839,0
^_DE,D,20180403,000000,1082.8,1082.8,1078.97,1078.97,157556585,0
^_DE,D,20180404,000000,1078.15,1078.15,1069.35,1069.35,181006799,0
^_DE,D,20180405,000000,1078.03,1083.34,1078.03,1083.34,165340090,0
^_DE,D,20180406,000000,1082.24,1082.54,1082.24,1082.54,133421096,0
^_DE,D,20180409,000000,1084.17,1084.17,1083.75,1083.75,130023585,0
^_DE,D,20180410,000000,1087.21,1087.53,1087.21,1087.53,172598108,0
^_DE,D,20180411,000000,1087.36,1087.36,1083.94,1083.94,199413604,0
^_DE,D,20180412,000000,1083.12,1088.74,1083.12,1088.74,162287477,0
^_DE,D,20180413,000000,1089.89,1091.18,1089.89,1091.18,146829402,0
^_DE,D,20180416,000000,1091.9,1091.94,1091.9,1091.94,120377463,0
^_DE,D,20180417,000000,1093.15,1098.85,1093.15,1098.85,156100419,0
^_DE,D,20180418,000000,1098.68,1101.76,1098.68,1101.76,157954698,0
^_DE,D,20180419,000000,1103.74,1103.74,1101.09,1101.09,126715773,0
^_DE,D,20180420,000000,1102.24,1102.24,1099.38,1099.38,204272353,0
^_DE,D,20180423,000000,1100.48,1100.48,1099.93,1099.93,131413690,0
^_DE,D,20180424,000000,1101.29,1101.29,1096.91,1096.91,167744544,0
^_DE,D,20180425,000000,1093.7,1093.7,1087.96,1087.96,183579016,0
^_DE,D,20180426,000000,1087.01,1090.99,1087.01,1090.99,213201650,0
^_DE,D,20180427,000000,1091.81,1091.81,1091.19,1091.19,169633293,0
^_DE,D,20180430,000000,1093.43,1093.43,1093.19,1093.19,154253371,0
^_DE,D,20180502,000000,1093.48,1099.1,1093.48,1099.1,183250075,0
^_DE,D,20180503,000000,1102.86,1102.86,1100.13,1100.13,156053158,0
^_DE,D,20180504,000000,1101.73,1102.82,1101.73,1102.82,164339545,0
^_DE,D,20180507,000000,1103.78,1110.89,1103.78,1110.89,106716289,0
^_DE,D,20180508,000000,1110.9,1110.9,1109.83,1109.83,157273729,0
^_DE,D,20180509,000000,1110.42,1110.45,1110.42,1110.45,168666526,0
^_DE,D,20180510,000000,1110.67,1110.7,1110.67,1110.7,120860134,0
^_DE,D,20180511,000000,1110.6,1110.6,1109.95,1109.95,161762188,0
^_DE,D,20180514,000000,1111.62,1111.62,1108.89,1108.89,134035230,0
^_DE,D,20180515,000000,1108.7,1109.26,1108.7,1109.26,188912527,0
^_DE,D,20180516,000000,1108.57,1109.08,1108.57,1109.08,170566811,0
^_DE,D,20180517,000000,1108.5,1112.12,1108.5,1112.12,147073760,0
^_DE,D,20180518,000000,1110.48,1110.48,1109.93,1109.93,204202949,0
^_DE,D,20180522,000000,1114.23,1114.23,1113.91,1113.91,172392366,0
^_DE,D,20180523,000000,1110.02,1110.02,1103.73,1103.73,166409000,0
^_DE,D,20180524,000000,1102.89,1102.89,1099.55,1099.55,205566428,0
^_DE,D,20180525,000000,1100.25,1100.68,1100.25,1100.68,156068416,0
^_DE,D,20180528,000000,1102.16,1102.16,1099.79,1099.79,126735464,0
^_DE,D,20180529,000000,1095.52,1095.52,1088.88,1088.88,240300270,0
^_DE,D,20180530,000000,1088.82,1093.48,1088.82,1093.48,195480543,0
^_DE,D,20180531,000000,1092.66,1092.66,1088.42,1088.42,279349372,0
^_DE,D,20180601,000000,1089.68,1090.25,1089.68,1090.25,184147176,0
^_DE,D,20180604,000000,1093.59,1093.59,1092.1,1092.1,142577947,0
^_DE,D,20180605,000000,1092.95,1094.57,1092.95,1094.57,164444139,0
^_DE,D,20180606,000000,1094.03,1094.92,1094.03,1094.92,173901288,0
^_DE,D,20180607,000000,1096.48,1096.48,1093.27,1093.27,241608619,0
^_DE,D,20180608,000000,1089.55,1089.55,1089.53,1089.53,183323809,0
^_DE,D,20180611,000000,1091.35,1091.9,1091.35,1091.9,178853452,0
^_DE,D,20180612,000000,1094.68,1094.68,1092.27,1092.27,188086941,0
^_DE,D,20180613,000000,1091.14,1094.01,1091.14,1094.01,166739414,0
^_DE,D,20180614,000000,1090.51,1095.17,1090.51,1095.17,204823629,0
^_DE,D,20180615,000000,1094.79,1094.79,1087.5,1087.5,366727560,0
^_DE,D,20180618,000000,1085.74,1085.74,1080.67,1080.67,144745976,0
^_DE,D,20180619,000000,1073.51,1073.51,1071.67,1071.67,154212506,0
^_DE,D,20180620,000000,1072.81,1073.2,1072.81,1073.2,135348932,0
^_DE,D,20180621,000000,1071.72,1071.72,1063.18,1063.18,160923375,0
^_DE,D,20180622,000000,1061.21,1061.21,1060.6,1060.6,137739391,0
^_DE,D,20180625,000000,1057.59,1057.59,1044.1,1044.1,148210068,0
^_DE,D,20180626,000000,1044.93,1044.93,1042.03,1042.03,144726757,0
^_DE,D,20180627,000000,1040.16,1041.61,1040.16,1041.61,188458435,0
^_DE,D,20180628,000000,1038.08,1038.08,1028.06,1028.06,165027432,0
^_DE,D,20180629,000000,1032.25,1035.9,1032.25,1035.9,214288867,0
^_DE,D,20180702,000000,1031.09,1031.71,1031.09,1031.71,191790477,0
^_DE,D,20180703,000000,1034.48,1035.01,1034.48,1035.01,269219811,0
^_DE,D,20180704,000000,1034.69,1034.69,1032.25,1032.25,171185498,0
^_DE,D,20180705,000000,1032.8,1036.59,1032.8,1036.59,193138891,0
^_DE,D,20180706,000000,1038.64,1039.12,1038.64,1039.12,210951157,0
^_DE,D,20180709,000000,1041.29,1041.29,1041.2,1041.2,141550585,0
^_DE,D,20180710,000000,1042.48,1043.63,1042.48,1043.63,168846811,0
^_DE,D,20180711,000000,1041.1,1041.1,1036.88,1036.88,225240978,0
^_DE,D,20180712,000000,1038.28,1039.03,1038.28,1039.03,219493971,0
^_DE,D,20180713,000000,1041.4,1041.62,1041.4,1041.62,233616375,0
^_DE,D,20180716,000000,1041.5,1042.48,1041.5,1042.48,228205737,0
^_DE,D,20180717,000000,1042.05,1045.85,1042.05,1045.85,183171287,0
^_DE,D,20180718,000000,1048.29,1051.34,1048.29,1051.34,164052363,0
^_DE,D,20180719,000000,1050.34,1050.34,1049.99,1049.99,277911790,0
^_DE,D,20180720,000000,1049.42,1049.42,1044.96,1044.96,238825525,0
^_DE,D,20180723,000000,1042.83,1044.03,1042.83,1044.03,167560538,0
^_DE,D,20180724,000000,1046.26,1048.21,1046.26,1048.21,264936425,0
^_DE,D,20180725,000000,1047.37,1047.37,1043.4,1043.4,203485347,0
^_DE,D,20180726,000000,1048.39,1048.39,1048.08,1048.08,211663826,0
^_DE,D,20180727,000000,1048.76,1052.09,1048.76,1052.09,154405920,0
^_DE,D,20180730,000000,1050.7,1050.7,1050.04,1050.04,126587547,0
^_DE,D,20180731,000000,1050.21,1050.49,1050.21,1050.49,171209371,0
^_DE,D,20180801,000000,1051.63,1051.63,1048.48,1048.48,157401999,0
^_DE,D,20180802,000000,1045.99,1045.99,1045.19,1045.19,164027544,0
^_DE,D,20180803,000000,1046.3,1047.46,1046.3,1047.46,125153723,0
^_DE,D,20180806,000000,1049.59,1049.59,1048.59,1048.59,106591174,0
^_DE,D,20180807,000000,1047.22,1047.98,1047.22,1047.98,140452135,0
^_DE,D,20180808,000000,1047.38,1049.66,1047.38,1049.66,142269947,0
^_DE,D,20180809,000000,1049.09,1049.79,1049.09,1049.79,145447532,0
^_DE,D,20180810,000000,1044.97,1044.97,1039.06,1039.06,198906219,0
^_DE,D,20180813,000000,1034.9,1034.9,1034.75,1034.75,136315273,0
^_DE,D,20180814,000000,1038.03,1038.03,1032.5,1032.5,134371820,0
^_DE,D,20180815,000000,1031.03,1031.03,1016.89,1016.89,166395957,0
^_DE,D,20180816,000000,1018.3,1020.24,1018.3,1020.24,146523365,0
^_DE,D,20180817,000000,1019.37,1019.37,1016.5,1016.5,200005489,0
^_DE,D,20180820,000000,1018.02,1018.42,1018.02,1018.42,119486022,0
^_DE,D,20180821,000000,1018.85,1022,1018.85,1022,120999077,0
^_DE,D,20180822,000000,1021.82,1022.2,1021.82,1022.2,124688933,0
^_DE,D,20180823,000000,1022.26,1023.97,1022.26,1023.97,108737271,0
^_DE,D,20180824,000000,1024.65,1027.04,1024.65,1027.04,113783670,0
^_DE,D,20180827,000000,1030.19,1033.43,1030.19,1033.43,97849469,0
^_DE,D,20180828,000000,1033.9,1033.9,1033.52,1033.52,120078879,0
^_DE,D,20180829,000000,1035.56,1036.7,1035.56,1036.7,215645952,0
^_DE,D,20180830,000000,1035.09,1035.09,1032.59,1032.59,161799662,0
^_DE,D,20180831,000000,1031.6,1031.6,1031.15,1031.15,201161986,0
^_DE,D,20180903,000000,1028.17,1028.17,1027.56,1027.56,103977219,0
^_DE,D,20180904,000000,1028.25,1028.25,1021.48,1021.48,141274558,0
^_DE,D,20180905,000000,1019.66,1019.66,1012.44,1012.44,164880105,0
^_DE,D,20180906,000000,1008.87,1008.87,1008.35,1008.35,160177615,0
^_DE,D,20180907,000000,1009.1,1009.1,1005.98,1005.98,152297287,0
^_DE,D,20180910,000000,1008.05,1010.13,1008.05,1010.13,127515083,0
^_DE,D,20180911,000000,1010.57,1010.57,1004.62,1004.62,138883375,0
^_DE,D,20180912,000000,1005.78,1005.78,1005.08,1005.08,151576076,0
^_DE,D,20180913,000000,1004.46,1004.91,1004.46,1004.91,137462120,0
^_DE,D,20180914,000000,1005.02,1008.26,1005.02,1008.26,123415202,0
^_DE,D,20180917,000000,1006.92,1007.64,1006.92,1007.64,124512512,0
^_DE,D,20180918,000000,1006.19,1008.77,1006.19,1008.77,155026488,0
^_DE,D,20180919,000000,1008.37,1008.39,1008.37,1008.39,161785476,0
^_DE,D,20180920,000000,1006.48,1008.45,1006.48,1008.45,214268935,0
^_DE,D,20180921,000000,1009.75,1009.75,1007.22,1007.22,527399380,0
^_DE,D,20180924,000000,1006.66,1006.66,1003.25,1003.25,126564352,0
^_DE,D,20180925,000000,1001.33,1002.54,1001.33,1002.54,139792363,0
^_DE,D,20180926,000000,1002.12,1002.12,1001.27,1001.27,127523800,0
^_DE,D,20180927,000000,999.41,999.41,999.32,999.32,143216471,0
^_DE,D,20180928,000000,995.69,995.69,993.45,993.45,184787091,0
^_DE,D,20181001,000000,992.67,997.59,992.67,997.59,126281350,0
^_DE,D,20181002,000000,995.21,995.21,994.89,994.89,138669660,0
^_DE,D,20181004,000000,992.29,992.29,989.41,989.41,162672655,0
^_DE,D,20181005,000000,990.89,990.89,980.01,980.01,154955283,0
^_DE,D,20181008,000000,979.51,979.51,967.99,967.99,138822459,0
^_DE,D,20181009,000000,966.1,966.1,963.4,963.4,134597220,0
^_DE,D,20181010,000000,961.7,961.7,944.66,944.66,184562018,0
^_DE,D,20181011,000000,931.3,931.3,931.28,931.28,244869536,0
^_DE,D,20181012,000000,936.19,936.19,934.97,934.97,172175840,0
^_DE,D,20181015,000000,935.82,935.82,935.08,935.08,121932736,0
^_DE,D,20181016,000000,935.67,948.73,935.67,948.73,149820702,0
^_DE,D,20181017,000000,950.22,950.22,946.48,946.48,149037768,0
^_DE,D,20181018,000000,944.79,944.79,943.96,943.96,165822928,0
^_DE,D,20181019,000000,943.42,943.42,937.03,937.03,192797146,0
^_DE,D,20181022,000000,939.22,939.22,935.16,935.16,116010371,0
^_DE,D,20181023,000000,927.08,927.08,916.64,916.64,181739493,0
^_DE,D,20181024,000000,918.37,918.37,909.68,909.68,179516961,0
^_DE,D,20181025,000000,905.02,910.75,905.02,910.75,183919718,0
^_DE,D,20181026,000000,906.72,906.72,902.96,902.96,183945499,0
^_DE,D,20181029,000000,903.03,910.81,903.03,910.81,155248079,0
^_DE,D,20181030,000000,911.2,911.75,911.2,911.75,162540753,0
^_DE,D,20181031,000000,916.34,922.2,916.34,922.2,212022171,0
^_DE,D,20181101,000000,923.73,929.11,923.73,929.11,160488886,0
^_DE,D,20181102,000000,933.74,936.89,933.74,936.89,175521311,0
^_DE,D,20181105,000000,936.31,936.31,934.37,934.37,112636161,0
^_DE,D,20181106,000000,934.07,934.07,932.22,932.22,154525276,0
^_DE,D,20181107,000000,931.42,936.89,931.42,936.89,140992923,0
^_DE,D,20181108,000000,939.79,939.79,931.35,931.35,164515316,0
^_DE,D,20181109,000000,928.87,928.87,928.42,928.42,196696051,0
^_DE,D,20181112,000000,927.37,927.37,916.25,916.25,159644357,0
^_DE,D,20181113,000000,916.08,917.37,916.08,917.37,162620000,0
^_DE,D,20181114,000000,915.26,915.26,914.14,914.14,188497756,0
^_DE,D,20181115,000000,912.99,912.99,906.83,906.83,168091960,0
^_DE,D,20181116,000000,904.05,904.05,901.48,901.48,175605558,0
^_DE,D,20181119,000000,899.44,899.44,896.11,896.11,148442045,0
^_DE,D,20181120,000000,891.96,891.96,886.01,886.01,196613503,0
^_DE,D,20181121,000000,885.31,892.29,885.31,892.29,150924364,0
^_DE,D,20181122,000000,893.48,893.48,891.99,891.99,113172845,0
^_DE,D,20181123,000000,889.22,893.15,889.22,893.15,106874557,0
^_DE,D,20181126,000000,894.58,901.44,894.58,901.44,154378603,0
^_DE,D,20181127,000000,900.22,900.22,897.75,897.75,128814428,0
^_DE,D,20181128,000000,897.91,898.71,897.91,898.71,123060862,0
^_DE,D,20181129,000000,899.13,899.13,897.77,897.77,141599627,0
^_DE,D,20181130,000000,897.82,897.82,893.3,893.3,208587612,0
^_DE,D,20181203,000000,902.61,902.61,900.23,900.23,162036965,0
^_DE,D,20181204,000000,897.15,897.15,892.13,892.13,137157676,0
^_DE,D,20181205,000000,885.48,885.48,885.19,885.19,126048616,0
^_DE,D,20181206,000000,879.35,879.35,865.89,865.89,226734933,0
^_DE,D,20181207,000000,867.12,867.12,864.18,864.18,159095384,0
^_DE,D,20181210,000000,860.88,860.88,848.44,848.44,195226986,0
^_DE,D,20181211,000000,850.89,854.07,850.89,854.07,171542538,0
^_DE,D,20181212,000000,855.59,864.26,855.59,864.26,191789596,0
^_DE,D,20181213,000000,862.73,862.73,862.21,862.21,153323428,0
^_DE,D,20181214,000000,856.76,856.76,855.75,855.75,152093683,0
^_DE,D,20181217,000000,855.12,855.12,846.99,846.99,153827634,0
^_DE,D,20181218,000000,841.66,841.66,841.45,841.45,174263373,0
^_DE,D,20181219,000000,837.5,840.3,837.5,840.3,156352172,0
^_DE,D,20181220,000000,833.27,833.27,828.96,828.96,191340110,0
^_DE,D,20181221,000000,825.23,828.88,825.23,828.88,326313332,0
^_DE,D,20181227,000000,828.14,828.14,818.98,818.98,168994841,0
^_DE,D,20181228,000000,819.12,828.04,819.12,828.04,91667542,0
^_DE,D,20190102,000000,829.28,835.57,829.28,835.57,129041547,0
^_DE,D,20190103,000000,834.41,834.41,830.6,830.6,140761188,0
^_DE,D,20190104,000000,831.83,846.64,831.83,846.64,155835204,0
^_DE,D,20190107,000000,852.29,855.6,852.29,855.6,123991393,0
^_DE,D,20190108,000000,857.39,862.63,857.39,862.63,153848708,0
^_DE,D,20190109,000000,865.54,871.17,865.54,871.17,157562642,0
^_DE,D,20190110,000000,869.12,870.73,869.12,870.73,130621237,0
^_DE,D,20190111,000000,872.42,872.42,869.29,869.29,131785937,0
^_DE,D,20190114,000000,868.61,868.61,866.37,866.37,112679865,0
^_DE,D,20190115,000000,869.29,869.29,868.69,868.69,148860506,0
^_DE,D,20190116,000000,869.86,871.68,869.86,871.68,163941743,0
^_DE,D,20190117,000000,869.56,870.6,869.56,870.6,161083147,0
^_DE,D,20190118,000000,875.82,882.74,875.82,882.74,188927512,0
^_DE,D,20190121,000000,885.15,885.31,885.15,885.31,109283958,0
^_DE,D,20190122,000000,884.83,884.83,881.68,881.68,122265767,0
^_DE,D,20190123,000000,880.57,885.3,880.57,885.3,145638684,0
^_DE,D,20190124,000000,885.33,891.2,885.33,891.2,179399066,0
^_DE,D,20190125,000000,894.7,900.45,894.7,900.45,163601776,0
^_DE,D,20190128,000000,901.24,901.24,899.21,899.21,124932157,0
^_DE,D,20190129,000000,899.08,899.08,899,899,122415066,0
^_DE,D,20190130,000000,899.64,899.64,899.33,899.33,121409077,0
^_DE,D,20190131,000000,900.9,900.9,898.94,898.94,192440908,0
^_DE,D,20190201,000000,900.68,900.68,898.3,898.3,158828330,0
^_DE,D,20190204,000000,900.19,900.19,898.83,898.83,119852050,0
^_DE,D,20190205,000000,901.16,903.08,901.16,903.08,145493894,0
^_DE,D,20190206,000000,903.78,904.15,903.78,904.15,123861168,0
^_DE,D,20190207,000000,902.72,902.72,889.7,889.7,179838580,0
^_DE,D,20190208,000000,888.19,888.19,878.97,878.97,171480657,0
^_DE,D,20190211,000000,882.28,883.19,882.28,883.19,120461179,0
^_DE,D,20190212,000000,885.7,888.56,885.7,888.56,121186755,0
^_DE,D,20190213,000000,891.29,891.29,890.68,890.68,120229212,0
^_DE,D,20190214,000000,893.63,893.63,891.18,891.18,144543967,0
^_DE,D,20190215,000000,890.57,896.58,890.57,896.58,178478267,0
^_DE,D,20190218,000000,898.09,900.53,898.09,900.53,100923657,0
^_DE,D,20190219,000000,900.73,902.66,900.73,902.66,119565838,0
^_DE,D,20190220,000000,904.41,906.2,904.41,906.2,130149268,0
^_DE,D,20190221,000000,908.47,908.47,903.8,903.8,133410247,0
^_DE,D,20190222,000000,903.63,904.38,903.63,904.38,115967737,0
^_DE,D,20190225,000000,906.88,906.88,906.02,906.02,128134539,0
^_DE,D,20190226,000000,904.75,904.75,904.66,904.66,148939511,0
^_DE,D,20190227,000000,904.46,904.46,900.77,900.77,172342643,0
^_DE,D,20190228,000000,899.51,901.97,899.51,901.97,181334441,0
^_DE,D,20190301,000000,905.01,909.59,905.01,909.59,146160522,0
^_DE,D,20190304,000000,912.65,912.65,912.3,912.3,114687742,0
^_DE,D,20190305,000000,912.59,912.59,910.88,910.88,131657052,0
^_DE,D,20190306,000000,911.36,911.36,910.05,910.05,124683526,0
^_DE,D,20190307,000000,908.63,908.63,903.01,903.01,173141225,0
^_DE,D,20190308,000000,900.13,900.13,897.13,897.13,139207986,0
^_DE,D,20190311,000000,899.8,902.24,899.8,902.24,126476954,0
^_DE,D,20190312,000000,905,905,904.08,904.08,155403360,0
^_DE,D,20190313,000000,903.39,905.2,903.39,905.2,133661084,0
^_DE,D,20190314,000000,905.99,905.99,905.81,905.81,153122101,0
^_DE,D,20190315,000000,906.58,909.32,906.58,909.32,314465061,0
^_DE,D,20190318,000000,909.93,909.93,909.44,909.44,97336894,0
^_DE,D,20190319,000000,911.03,915.44,911.03,915.44,157238387,0
^_DE,D,20190320,000000,913.44,913.44,908.49,908.49,159770519,0
^_DE,D,20190321,000000,908.32,908.32,908.21,908.21,158306026,0
^_DE,D,20190322,000000,909.49,909.49,900.54,900.54,179367196,0
^_DE,D,20190325,000000,896.69,896.69,895.84,895.84,127053881,0
^_DE,D,20190326,000000,896.71,899.39,896.71,899.39,140074297,0
^_DE,D,20190327,000000,900.01,900.01,899.22,899.22,167621544,0
^_DE,D,20190328,000000,898.65,898.65,897.86,897.86,156909360,0
^_DE,D,20190329,000000,900.74,902.77,900.74,902.77,156066868,0
^_DE,D,20190401,000000,906.48,910.76,906.48,910.76,161872351,0
^_DE,D,20190402,000000,912.3,915.86,912.3,915.86,135983427,0
^_DE,D,20190403,000000,919.39,926.39,919.39,926.39,159921040,0
^_DE,D,20190404,000000,926.01,927.4,926.01,927.4,137264236,0
^_DE,D,20190405,000000,927.42,929.36,927.42,929.36,141252381,0
^_DE,D,20190408,000000,928.63,928.63,927.62,927.62,111474408,0
^_DE,D,20190409,000000,927.37,927.37,922.88,922.88,113650786,0
^_DE,D,20190410,000000,922.47,922.47,922.42,922.42,120428189,0
^_DE,D,20190411,000000,923.89,925.58,923.89,925.58,128940689,0
^_DE,D,20190412,000000,926,930.15,926,930.15,148491333,0
^_DE,D,20190415,000000,931.91,934.66,931.91,934.66,111312754,0
^_DE,D,20190416,000000,936.31,941.89,936.31,941.89,137463805,0
^_DE,D,20190417,000000,943.92,946.57,943.92,946.57,156194750,0
^_DE,D,20190418,000000,946.18,947.17,946.18,947.17,160519829,0
^_DE,D,20190423,000000,948.63,948.76,948.63,948.76,121871465,0
^_DE,D,20190424,000000,947.53,947.53,946.61,946.61,170589292,0
^_DE,D,20190425,000000,947.08,947.08,944.62,944.62,156718533,0
^_DE,D,20190426,000000,944.03,944.03,943.61,943.61,145841550,0
^_DE,D,20190429,000000,946.79,947.66,946.79,947.66,118568497,0
^_DE,D,20190430,000000,947.69,950.61,947.69,950.61,154211374,0
^_DE,D,20190502,000000,951.2,951.2,949.37,949.37,155552557,0
^_DE,D,20190503,000000,948.99,951.4,948.99,951.4,127894562,0
^_DE,D,20190506,000000,940.74,940.74,940.27,940.27,131343658,0
^_DE,D,20190507,000000,940.52,940.52,934,934,175220050,0
^_DE,D,20190508,000000,932.71,934.07,932.71,934.07,191268060,0
^_DE,D,20190509,000000,931.38,931.38,922.56,922.56,225912379,0
^_DE,D,20190510,000000,926.3,928.33,926.3,928.33,266920263,0
^_DE,D,20190513,000000,929.78,929.78,917.59,917.59,189783927,0
^_DE,D,20190514,000000,918.96,921.5,918.96,921.5,184381392,0
^_DE,D,20190515,000000,924.18,924.18,921.79,921.79,192051479,0
^_DE,D,20190516,000000,921.86,928.84,921.86,928.84,167129406,0
^_DE,D,20190517,000000,927.09,927.09,926.53,926.53,154001054,0
^_DE,D,20190520,000000,926.89,926.89,918.11,918.11,155923707,0
^_DE,D,20190521,000000,919.51,920.58,919.51,920.58,143812245,0
^_DE,D,20190522,000000,920.92,922.21,920.92,922.21,138495969,0
^_DE,D,20190523,000000,919.29,919.29,912.65,912.65,187859059,0
^_DE,D,20190524,000000,915.08,915.48,915.08,915.48,132749581,0
^_DE,D,20190527,000000,919.26,919.26,918.19,918.19,74655855,0
^_DE,D,20190528,000000,918.52,919.67,918.52,919.67,239999565,0
^_DE,D,20190529,000000,917.75,917.75,909.6,909.6,147926468,0
^_DE,D,20190530,000000,912.33,912.33,912.12,912.12,80935058,0
^_DE,D,20190531,000000,906.8,906.8,902.88,902.88,153973183,0
^_DE,D,20190603,000000,900.31,900.31,899.62,899.62,150637194,0
^_DE,D,20190604,000000,899.25,906.34,899.25,906.34,163087121,0
^_DE,D,20190605,000000,909.51,909.51,908.09,908.09,129766074,0
^_DE,D,20190606,000000,908.65,908.65,904.19,904.19,138838640,0
^_DE,D,20190607,000000,906.63,906.68,906.63,906.68,131811530,0
^_DE,D,20190611,000000,910.42,915.59,910.42,915.59,149092257,0
^_DE,D,20190612,000000,914.77,914.98,914.77,914.98,131134080,0
^_DE,D,20190613,000000,915.39,915.65,915.39,915.65,122289713,0
^_DE,D,20190614,000000,913.93,913.93,909.51,909.51,118510830,0
^_DE,D,20190617,000000,909.65,909.65,907.5,907.5,126466343,0
^_DE,D,20190618,000000,906.85,913.58,906.85,913.58,214381678,0
^_DE,D,20190619,000000,913.59,914.34,913.59,914.34,165442432,0
^_DE,D,20190620,000000,916.83,917.99,916.83,917.99,159430080,0
^_DE,D,20190621,000000,917.3,917.3,916.11,916.11,304313772,0
^_DE,D,20190624,000000,916.08,916.08,913.37,913.37,141792665,0
^_DE,D,20190625,000000,911.89,912.24,911.89,912.24,122017225,0
^_DE,D,20190626,000000,908.87,909.58,908.87,909.58,138613055,0
^_DE,D,20190627,000000,910.34,913.53,910.34,913.53,132290023,0
^_DE,D,20190628,000000,915.13,920.37,915.13,920.37,144318851,0
^_DE,D,20190701,000000,925.96,925.96,924.57,924.57,141109164,0
^_DE,D,20190702,000000,925.79,925.79,923.59,923.59,108865263,0
^_DE,D,20190703,000000,924.38,928.01,924.38,928.01,116846687,0
^_DE,D,20190704,000000,930.05,931.23,930.05,931.23,92943993,0
^_DE,D,20190705,000000,932.2,932.2,929.11,929.11,121383428,0
^_DE,D,20190708,000000,928.35,928.35,924.9,924.9,136574448,0
^_DE,D,20190709,000000,922.53,922.53,918.13,918.13,154850328,0
^_DE,D,20190710,000000,917.48,917.48,916.66,916.66,127383096,0
^_DE,D,20190711,000000,915.75,915.75,910.32,910.32,130755948,0
^_DE,D,20190712,000000,909.77,910.39,909.77,910.39,154934311,0
^_DE,D,20190715,000000,911.65,911.65,911.59,911.59,115301901,0
^_DE,D,20190716,000000,911.44,911.9,911.44,911.9,114056819,0
^_DE,D,20190717,000000,912.27,912.27,906.69,906.69,117863793,0
^_DE,D,20190718,000000,902.28,902.28,897.75,897.75,121740157,0
^_DE,D,20190719,000000,897.47,899.56,897.47,899.56,128541636,0
^_DE,D,20190722,000000,898.45,900.86,898.45,900.86,102050588,0
^_DE,D,20190723,000000,902.42,906.82,902.42,906.82,145339161,0
^_DE,D,20190724,000000,907.18,910.52,907.18,910.52,146722051,0
^_DE,D,20190725,000000,911.77,911.77,908.93,908.93,185079112,0
^_DE,D,20190726,000000,908.49,911.19,908.49,911.19,109769932,0
^_DE,D,20190729,000000,910.45,910.45,908.77,908.77,103544795,0
^_DE,D,20190730,000000,907.47,907.47,897.24,897.24,166279825,0
^_DE,D,20190731,000000,896.75,899.97,896.75,899.97,143756239,0
^_DE,D,20190801,000000,898.5,901.01,898.5,901.01,138438574,0
^_DE,D,20190802,000000,894.27,894.27,890.28,890.28,210072561,0
^_DE,D,20190805,000000,886.26,886.26,879.07,879.07,170071125,0
^_DE,D,20190806,000000,877.86,877.86,875.86,875.86,144210294,0
^_DE,D,20190807,000000,877.39,877.39,874.77,874.77,173856277,0
^_DE,D,20190808,000000,878.77,882.15,878.77,882.15,157112668,0
^_DE,D,20190809,000000,881.76,881.76,875.48,875.48,162222007,0
^_DE,D,20190812,000000,877.97,877.97,870.53,870.53,126893240,0
^_DE,D,20190813,000000,867,867.66,867,867.66,193438562,0
^_DE,D,20190814,000000,868.83,868.83,856.72,856.72,172040827,0
^_DE,D,20190815,000000,855.24,855.24,844.23,844.23,193114861,0
^_DE,D,20190816,000000,846.21,853.36,846.21,853.36,186311363,0
^_DE,D,20190819,000000,858.4,862.21,858.4,862.21,131825446,0
^_DE,D,20190820,000000,863.04,863.04,859.63,859.63,124675308,0
^_DE,D,20190821,000000,861.3,868.21,861.3,868.21,126014479,0
^_DE,D,20190822,000000,867.45,870.05,867.45,870.05,133713908,0
^_DE,D,20190823,000000,872.16,872.16,866.51,866.51,138059145,0
^_DE,D,20190826,000000,862.38,862.81,862.38,862.81,91379154,0
^_DE,D,20190827,000000,864.13,868.73,864.13,868.73,124592391,0
^_DE,D,20190828,000000,867.66,867.66,866.47,866.47,102143510,0
^_DE,D,20190829,000000,866.53,872.91,866.53,872.91,116616743,0
^_DE,D,20190830,000000,874.78,878.72,874.78,878.72,128852847,0
^_DE,D,20190902,000000,878.79,878.79,875.68,875.68,83085261,0
^_DE,D,20190903,000000,874.13,874.13,871.91,871.91,104477398,0
^_DE,D,20190904,000000,874.18,876.99,874.18,876.99,101497584,0
^_DE,D,20190905,000000,880.75,883.57,880.75,883.57,142160019,0
^_DE,D,20190906,000000,883.74,886.45,883.74,886.45,128771360,0
^_DE,D,20190909,000000,888.13,891.78,888.13,891.78,116108187,0
^_DE,D,20190910,000000,890.88,892.57,890.88,892.57,164386388,0
^_DE,D,20190911,000000,894.75,895.53,894.75,895.53,145498763,0
^_DE,D,20190912,000000,897.2,897.2,897.01,897.01,175055415,0
^_DE,D,20190913,000000,897.47,901.04,897.47,901.04,142609701,0
^_DE,D,20190916,000000,898.31,900.07,898.31,900.07,129558282,0
^_DE,D,20190917,000000,899.54,899.54,897.52,897.52,130326562,0
^_DE,D,20190918,000000,898.22,899.27,898.22,899.27,106414540,0
^_DE,D,20190919,000000,898.75,901.34,898.75,901.34,126889022,0
^_DE,D,20190920,000000,901.72,901.72,899.42,899.42,264189983,0
^_DE,D,20190923,000000,897.94,897.94,891.79,891.79,147298996,0
^_DE,D,20190924,000000,892.96,892.96,891.36,891.36,111257153,0
^_DE,D,20190925,000000,887.05,887.05,884.7,884.7,130158238,0
^_DE,D,20190926,000000,884.55,885.01,884.55,885.01,125852153,0
^_DE,D,20190927,000000,885.2,886.95,885.2,886.95,129089052,0
^_DE,D,20190930,000000,886.9,890.36,886.9,890.36,117159108,0
^_DE,D,20191001,000000,893.04,893.04,886.03,886.03,141609170,0
^_DE,D,20191002,000000,883.35,883.35,873.88,873.88,153093308,0
^_DE,D,20191004,000000,875.54,878.17,875.54,878.17,145834047,0
^_DE,D,20191007,000000,878.07,880.09,878.07,880.09,106734061,0
^_DE,D,20191008,000000,878.67,878.67,874.78,874.78,140457385,0
^_DE,D,20191009,000000,875.34,879.29,875.34,879.29,109472100,0
^_DE,D,20191010,000000,879.39,882.54,879.39,882.54,155735449,0
^_DE,D,20191011,000000,884.59,892.31,884.59,892.31,165684525,0
^_DE,D,20191014,000000,890.72,893.8,890.72,893.8,100446176,0
^_DE,D,20191015,000000,894.43,897.18,894.43,897.18,151682323,0
^_DE,D,20191016,000000,894.78,896.91,894.78,896.91,158528678,0
^_DE,D,20191017,000000,893.64,895.83,893.64,895.83,156107944,0
^_DE,D,20191018,000000,894.64,894.64,892.54,892.54,135062330,0
^_DE,D,20191021,000000,893.77,899.44,893.77,899.44,134551825,0
^_DE,D,20191022,000000,899.86,899.86,897.1,897.1,121788152,0
^_DE,D,20191023,000000,895.27,896.67,895.27,896.67,124732687,0
^_DE,D,20191024,000000,898.65,898.65,896.54,896.54,141618152,0
^_DE,D,20191025,000000,895.43,895.48,895.43,895.48,115940793,0
^_DE,D,20191028,000000,895.79,898.05,895.79,898.05,127520374,0
^_DE,D,20191029,000000,895.33,895.66,895.33,895.66,133360561,0
^_DE,D,20191030,000000,894.61,895.94,894.61,895.94,158632327,0
^_DE,D,20191031,000000,896.51,896.51,894.29,894.29,164283136,0
^_DE,D,20191101,000000,895.54,900.36,895.54,900.36,112372899,0
^_DE,D,20191104,000000,903.2,909.13,903.2,909.13,161062940,0
^_DE,D,20191105,000000,908.63,913.46,908.63,913.46,148753745,0
^_DE,D,20191106,000000,914.05,916.51,914.05,916.51,151011329,0
^_DE,D,20191107,000000,917.62,922.41,917.62,922.41,202549384,0
^_DE,D,20191108,000000,920.98,922.03,920.98,922.03,170971339,0
^_DE,D,20191111,000000,922.75,925.05,922.75,925.05,131481952,0
^_DE,D,20191112,000000,925.72,925.72,924.5,924.5,149202125,0
^_DE,D,20191113,000000,923.93,923.93,922.47,922.47,151574336,0
^_DE,D,20191114,000000,921.37,921.37,920.98,920.98,148823098,0
^_DE,D,20191115,000000,922.99,922.99,922.01,922.01,136532200,0
^_DE,D,20191118,000000,924.21,924.21,921.15,921.15,127521141,0
^_DE,D,20191119,000000,922.91,922.95,922.91,922.95,126065031,0
^_DE,D,20191120,000000,920.14,920.14,918.74,918.74,136444391,0
^_DE,D,20191121,000000,915.2,915.46,915.2,915.46,141674890,0
^_DE,D,20191122,000000,915.7,920.8,915.7,920.8,136563977,0
^_DE,D,20191125,000000,923.27,924.06,923.27,924.06,109532644,0
^_DE,D,20191126,000000,924.87,925.56,924.87,925.56,173391235,0
^_DE,D,20191127,000000,927.1,930.23,927.1,930.23,120117866,0
^_DE,D,20191128,000000,929.54,930.15,929.54,930.15,89629702,0
^_DE,D,20191129,000000,929.14,932.15,929.14,932.15,145850728,0
^_DE,D,20191202,000000,933.49,933.49,923.95,923.95,174087355,0
^_DE,D,20191203,000000,924.01,924.01,918.67,918.67,151691603,0
^_DE,D,20191204,000000,912.65,922,912.65,922,126111041,0
^_DE,D,20191205,000000,922.25,922.25,921.8,921.8,107498521,0
^_DE,D,20191206,000000,923,926.99,923,926.99,113112083,0
^_DE,D,20191209,000000,926.52,926.52,926.18,926.18,107757218,0
^_DE,D,20191210,000000,924.9,927.55,924.9,927.55,145540580,0
^_DE,D,20191211,000000,922.62,925.71,922.62,925.71,130612695,0
^_DE,D,20191212,000000,924.77,929.41,924.77,929.41,155125509,0
^_DE,D,20191213,000000,934.91,934.91,933.99,933.99,179563996,0
^_DE,D,20191216,000000,935.43,940.11,935.43,940.11,128392775,0
^_DE,D,20191217,000000,939.48,939.48,936.99,936.99,139648343,0
^_DE,D,20191218,000000,933.59,933.59,931.05,931.05,126679564,0
^_DE,D,20191219,000000,931.2,934.04,931.2,934.04,139518376,0
^_DE,D,20191220,000000,931.95,932.98,931.95,932.98,270590451,0
^_DE,D,20191223,000000,930.56,931.46,930.56,931.46,98827265,0
^_DE,D,20191227,000000,930.34,932.87,930.34,932.87,87131014,0
^_DE,D,20191230,000000,930.98,930.98,929.09,929.09,65254468,0
^_DE,D,20200102,000000,932.1,944.56,932.1,944.56,138294977,0
^_DE,D,20200103,000000,941,941,937.7,937.7,129776490,0
^_DE,D,20200106,000000,934.62,934.62,931.26,931.26,122153731,0
^_DE,D,20200107,000000,933.25,939.08,933.25,939.08,129096527,0
^_DE,D,20200108,000000,935.91,942.54,935.91,942.54,140736185,0
^_DE,D,20200109,000000,945.34,945.67,945.34,945.67,145771628,0
^_DE,D,20200110,000000,948.51,948.51,948.19,948.19,124025724,0
^_DE,D,20200113,000000,949.3,949.3,946.18,946.18,116752564,0
^_DE,D,20200114,000000,946.59,946.59,945.4,945.4,132337923,0
^_DE,D,20200115,000000,946.48,946.83,946.48,946.83,132190042,0
^_DE,D,20200116,000000,948.54,948.54,948.47,948.47,127012178,0
^_DE,D,20200117,000000,949.24,950.79,949.24,950.79,148020544,0
^_DE,D,20200120,000000,951.26,955.38,951.26,955.38,99739798,0
^_DE,D,20200121,000000,951.7,952.99,951.7,952.99,115398417,0
^_DE,D,20200122,000000,953.48,953.48,951.58,951.58,132868815,0
^_DE,D,20200123,000000,949.22,949.22,945.73,945.73,152494745,0
^_DE,D,20200124,000000,948.13,950.41,948.13,950.41,142893067,0
^_DE,D,20200127,000000,942.79,942.79,932.65,932.65,174395346,0
^_DE,D,20200128,000000,934.62,936.72,934.62,936.72,153200659,0
^_DE,D,20200129,000000,937.04,939.27,937.04,939.27,124770891,0
^_DE,D,20200130,000000,935.18,935.18,931.96,931.96,153379730,0
^_DE,D,20200131,000000,934.32,934.32,928.81,928.81,177715252,0
^_DE,D,20200203,000000,929.54,930.58,929.54,930.58,164484493,0
^_DE,D,20200204,000000,932.26,940.01,932.26,940.01,228971583,0
^_DE,D,20200205,000000,940.17,943.41,940.17,943.41,287718779,0
^_DE,D,20200206,000000,946.81,948.2,946.81,948.2,224727800,0
^_DE,D,20200207,000000,946.44,946.44,944.77,944.77,188006666,0
^_DE,D,20200210,000000,944.52,946.53,944.52,946.53,123523807,0
^_DE,D,20200211,000000,950.4,957.33,950.4,957.33,176483413,0
^_DE,D,20200212,000000,958.31,965.63,958.31,965.63,174408382,0
^_DE,D,20200213,000000,972.15,972.15,972.02,972.02,198560616,0
^_DE,D,20200214,000000,972.65,973.54,972.65,973.54,160741132,0
^_DE,D,20200217,000000,975.96,975.96,975.01,975.01,126106878,0
^_DE,D,20200218,000000,970.66,970.66,968.56,968.56,154514944,0
^_DE,D,20200219,000000,971.05,973.12,971.05,973.12,176683398,0
^_DE,D,20200220,000000,971.48,971.48,969.38,969.38,174377270,0
^_DE,D,20200221,000000,966.42,966.42,964.37,964.37,189553320,0
^_DE,D,20200224,000000,937.66,937.66,919.57,919.57,278247851,0
^_DE,D,20200225,000000,920.9,920.9,908.17,908.17,232486496,0
^_DE,D,20200226,000000,893.97,900.95,893.97,900.95,287785962,0
^_DE,D,20200227,000000,889.67,889.67,875,875,319434235,0
^_DE,D,20200228,000000,844.37,844.53,844.37,844.53,460992470,0
^_DE,D,20200302,000000,856.23,856.23,849.55,849.55,333680301,0
^_DE,D,20200303,000000,863.5,867.13,863.5,867.13,346021407,0
^_DE,D,20200304,000000,869.53,869.53,867.49,867.49,274730619,0
^_DE,D,20200305,000000,872.22,872.22,853.45,853.45,274095227,0
^_DE,D,20200306,000000,841.15,841.15,832.19,832.19,322287107,0
^_DE,D,20200309,000000,793.6,793.6,780.13,780.13,479696751,0
^_DE,D,20200310,000000,787.81,787.81,779.28,779.28,427858449,0
^_DE,D,20200311,000000,784.13,784.13,769.45,769.45,343216418,0
^_DE,D,20200312,000000,734.8,734.8,688.11,688.11,610244456,0
^_DE,D,20200313,000000,698.48,698.48,690.82,690.82,507967866,0
^_DE,D,20200316,000000,664.51,664.51,651.33,651.33,508357135,0
^_DE,D,20200317,000000,661.06,661.06,645.01,645.01,364112065,0
^_DE,D,20200318,000000,635.63,635.63,619.91,619.91,347727760,0
^_DE,D,20200319,000000,617.06,625.55,617.06,625.55,334898505,0
^_DE,D,20200320,000000,647.82,647.82,640.78,640.78,489859522,0
^_DE,D,20200323,000000,628.41,629.62,628.41,629.62,333161825,0
^_DE,D,20200324,000000,655.86,673.72,655.86,673.72,328319763,0
^_DE,D,20200325,000000,695.7,695.7,690.94,690.94,334958320,0
^_DE,D,20200326,000000,686.59,699.25,686.59,699.25,256271888,0
^_DE,D,20200327,000000,698.21,698.21,682.55,682.55,230848093,0
^_DE,D,20200330,000000,684.78,686.84,684.78,686.84,215011969,0
^_DE,D,20200331,000000,693.84,696.14,693.84,696.14,251088926,0
^_DE,D,20200401,000000,691.98,691.98,684,684,212474064,0
^_DE,D,20200402,000000,685.95,685.95,684.63,684.63,216931147,0
^_DE,D,20200403,000000,685.26,685.26,681.58,681.58,180012914,0
^_DE,D,20200406,000000,697.22,706.19,697.22,706.19,200865501,0
^_DE,D,20200407,000000,722.69,722.69,722.65,722.65,245150726,0
^_DE,D,20200408,000000,721.38,725.99,721.38,725.99,175758388,0
^_DE,D,20200409,000000,733.72,740.57,733.72,740.57,222676564,0
^_DE,D,20200414,000000,750.68,754.51,750.68,754.51,187695186,0
^_DE,D,20200415,000000,758.25,758.25,731.97,731.97,271276861,0
^_DE,D,20200416,000000,740.53,740.53,737.29,737.29,198217148,0
^_DE,D,20200417,000000,751.78,754.25,751.78,754.25,231647161,0
^_DE,D,20200420,000000,759.21,759.21,755.35,755.35,188859390,0
^_DE,D,20200421,000000,750.72,750.72,739.98,739.98,194691117,0
^_DE,D,20200422,000000,743,745.52,743,745.52,156856472,0
^_DE,D,20200423,000000,748.27,752.87,748.27,752.87,161911809,0
^_DE,D,20200424,000000,748.67,748.67,745.6,745.6,177800345,0
^_DE,D,20200427,000000,754.94,755.08,754.94,755.08,187817912,0
^_DE,D,20200428,000000,757.51,761.36,757.51,761.36,234307692,0
^_DE,D,20200429,000000,762.64,779.15,762.64,779.15,226560073,0
^_DE,D,20200430,000000,783.04,783.04,769.56,769.56,250530292,0
^_DE,D,20200504,000000,761.8,761.8,754.71,754.71,224703272,0
^_DE,D,20200505,000000,762.87,771.13,762.87,771.13,172434445,0
^_DE,D,20200506,000000,773.58,773.58,769.31,769.31,161987577,0
^_DE,D,20200507,000000,772.37,776.16,772.37,776.16,173764307,0
^_DE,D,20200508,000000,780.36,784.19,780.36,784.19,146044307,0
^_DE,D,20200511,000000,789.28,789.28,781.69,781.69,159056724,0
^_DE,D,20200512,000000,781.31,781.31,779.49,779.49,169010722,0
^_DE,D,20200513,000000,776.09,776.09,769.05,769.05,191787756,0
^_DE,D,20200514,000000,763.1,763.1,755.93,755.93,232226179,0
^_DE,D,20200515,000000,762.25,762.25,761.83,761.83,195785879,0
^_DE,D,20200518,000000,769.33,780.68,769.33,780.68,200115363,0
^_DE,D,20200519,000000,785.93,786.66,785.93,786.66,214926868,0
^_DE,D,20200520,000000,786.01,793.12,786.01,793.12,181510400,0
^_DE,D,20200521,000000,790.97,790.97,789.46,789.46,121156439,0
^_DE,D,20200522,000000,785.99,792.23,785.99,792.23,145222199,0
^_DE,D,20200525,000000,797.66,804.67,797.66,804.67,119410260,0
^_DE,D,20200526,000000,809.81,814.89,809.81,814.89,204811386,0
^_DE,D,20200527,000000,818.03,820.47,818.03,820.47,274962309,0
^_DE,D,20200528,000000,825.67,828.61,825.67,828.61,205983254,0
^_DE,D,20200529,000000,824.75,824.75,822.05,822.05,314226290,0
^_DE,D,20200602,000000,836.36,840.04,836.36,840.04,227105155,0
^_DE,D,20200603,000000,844.99,855.56,844.99,855.56,252229889,0
^_DE,D,20200604,000000,853.54,855.05,853.54,855.05,225141981,0
^_DE,D,20200605,000000,861.71,869.85,861.71,869.85,277090972,0
^_DE,D,20200608,000000,868.89,872.54,868.89,872.54,246001017,0
^_DE,D,20200609,000000,873.62,873.62,862.44,862.44,256761950,0
^_DE,D,20200610,000000,865.58,865.58,859.17,859.17,196990466,0
^_DE,D,20200611,000000,849.95,849.95,835.01,835.01,210341269,0
^_DE,D,20200612,000000,828.87,835.07,828.87,835.07,192806580,0
^_DE,D,20200615,000000,827.69,832.78,827.69,832.78,163007520,0
^_DE,D,20200616,000000,846.85,848.11,846.85,848.11,194751041,0
^_DE,D,20200617,000000,849.25,850.24,849.25,850.24,162313047,0
^_DE,D,20200618,000000,849.07,849.07,839.08,839.08,240580904,0
^_DE,D,20200619,000000,840.33,840.33,837.41,837.41,374234589,0
^_DE,D,20200622,000000,831.52,831.52,830.16,830.16,158275921,0
^_DE,D,20200623,000000,833.8,840.13,833.8,840.13,186807107,0
^_DE,D,20200624,000000,840.14,840.14,826.28,826.28,169525347,0
^_DE,D,20200625,000000,824.99,824.99,823.81,823.81,210139693,0
^_DE,D,20200626,000000,826.11,826.11,815.99,815.99,184080422,0
^_DE,D,20200629,000000,813.78,823.53,813.78,823.53,186563898,0
^_DE,D,20200630,000000,825.44,827.71,825.44,827.71,194127936,0
^_DE,D,20200701,000000,827.85,828.25,827.85,828.25,151235795,0
^_DE,D,20200702,000000,829.21,837.83,829.21,837.83,184046740,0
^_DE,D,20200703,000000,840.14,840.49,840.14,840.49,107836308,0
^_DE,D,20200706,000000,848.71,851.5,848.71,851.5,201696964,0
^_DE,D,20200707,000000,849.12,849.12,846.32,846.32,172198873,0
^_DE,D,20200708,000000,844.13,844.13,843.52,843.52,142750923,0
^_DE,D,20200709,000000,845.81,845.81,838.96,838.96,147789294,0
^_DE,D,20200710,000000,836.5,842.35,836.5,842.35,130860117,0
^_DE,D,20200713,000000,848.54,849.81,848.54,849.81,131242175,0
^_DE,D,20200714,000000,843.49,843.49,842.81,842.81,135360379,0
^_DE,D,20200715,000000,848.83,850.5,848.83,850.5,149417428,0
^_DE,D,20200716,000000,848.74,848.74,848.57,848.57,132287561,0
^_DE,D,20200717,000000,849.52,851.53,849.52,851.53,128752231,0
^_DE,D,20200720,000000,852.03,854.66,852.03,854.66,107577614,0
^_DE,D,20200721,000000,858.32,860.14,858.32,860.14,155746496,0
^_DE,D,20200722,000000,859.61,861.4,859.61,861.4,116946808,0
^_DE,D,20200723,000000,862.33,862.33,860.57,860.57,113050979,0
^_DE,D,20200724,000000,853.95,853.95,847.16,847.16,115782740,0
^_DE,D,20200727,000000,849.64,849.64,846.15,846.15,135915563,0
^_DE,D,20200728,000000,846.55,846.55,843.48,843.48,105233974,0
