<TICKER>,<PER>,<DATE>,<TIME>,<OPEN>,<HIGH>,<LOW>,<CLOSE>,<VOL>,<OPENINT>
^_HK,D,20160216,000000,895.34,903.42,895.34,903.42,11675723556,0
^_HK,D,20160217,000000,904.86,904.86,901.94,901.94,10100189634,0
^_HK,D,20160218,000000,911.23,916.25,911.23,916.25,12128033709,0
^_HK,D,20160219,000000,915.37,919.22,915.37,919.22,9961596023,0
^_HK,D,20160222,000000,921.08,927.86,921.08,927.86,12418782117,0
^_HK,D,20160223,000000,929.43,929.43,928.45,928.45,10811525830,0
^_HK,D,20160224,000000,923.8,924.51,923.8,924.51,11037651149,0
^_HK,D,20160225,000000,921.96,921.96,911,911,12203251800,0
^_HK,D,20160226,000000,918.24,921.88,918.24,921.88,11224156485,0
^_HK,D,20160229,000000,918.51,918.51,911.44,911.44,13968879298,0
^_HK,D,20160301,000000,913.12,917.07,913.12,917.07,11820782143,0
^_HK,D,20160302,000000,924.96,936.16,924.96,936.16,17964784101,0
^_HK,D,20160303,000000,937.55,937.55,936.78,936.78,13151741378,0
^_HK,D,20160304,000000,939.87,948.12,939.87,948.12,16262621824,0
^_HK,D,20160307,000000,951.56,951.79,951.56,951.79,16778766904,0
^_HK,D,20160308,000000,949.43,949.43,949.12,949.12,13233478478,0
^_HK,D,20160309,000000,944.41,945.34,944.41,945.34,12009847685,0
^_HK,D,20160310,000000,945.85,945.85,939.77,939.77,11379144545,0
^_HK,D,20160311,000000,938.57,946.05,938.57,946.05,11486348804,0
^_HK,D,20160314,000000,950.2,952.7,950.2,952.7,11909147482,0
^_HK,D,20160315,000000,950.27,950.27,947.74,947.74,11089779318,0
^_HK,D,20160316,000000,946.52,946.52,942.56,942.56,10665804697,0
^_HK,D,20160317,000000,947.52,950.43,947.52,950.43,14510764568,0
^_HK,D,20160318,000000,950.59,957.88,950.59,957.88,22974901212,0
^_HK,D,20160321,000000,960.54,963.85,960.54,963.85,15694181561,0
^_HK,D,20160322,000000,964.86,964.86,963.26,963.26,11566828974,0
^_HK,D,20160323,000000,962.32,962.32,961.76,961.76,10504051596,0
^_HK,D,20160324,000000,955.85,956.11,955.85,956.11,11038798468,0
^_HK,D,20160329,000000,953.25,953.25,950.8,950.8,10602396363,0
^_HK,D,20160330,000000,953.79,959.34,953.79,959.34,11944981317,0
^_HK,D,20160331,000000,959.33,961.26,959.33,961.26,12349239515,0
^_HK,D,20160401,000000,959,959,954.52,954.52,12255897627,0
^_HK,D,20160405,000000,950.66,950.66,950.33,950.33,11719754025,0
^_HK,D,20160406,000000,947.85,952.26,947.85,952.26,10824532883,0
^_HK,D,20160407,000000,953.46,954.47,953.46,954.47,10607650304,0
^_HK,D,20160408,000000,947.53,953.44,947.53,953.44,16855812697,0
^_HK,D,20160411,000000,951.45,959.78,951.45,959.78,11048421541,0
^_HK,D,20160412,000000,957.59,963.18,957.59,963.18,12858819330,0
^_HK,D,20160413,000000,967.33,976.63,967.33,976.63,15716427049,0
^_HK,D,20160414,000000,981.51,981.51,981.37,981.37,13946124460,0
^_HK,D,20160415,000000,981.13,981.6,981.13,981.6,10581835801,0
^_HK,D,20160418,000000,975.51,976.95,975.51,976.95,10830033165,0
^_HK,D,20160419,000000,981.36,985.2,981.36,985.2,14922289576,0
^_HK,D,20160420,000000,985.25,985.25,979.49,979.49,15372836903,0
^_HK,D,20160421,000000,981.94,986.43,981.94,986.43,14686310302,0
^_HK,D,20160422,000000,981.41,985,981.41,985,13428105046,0
^_HK,D,20160425,000000,983.33,983.33,983.28,983.28,12082256589,0
^_HK,D,20160426,000000,982.64,982.64,979.11,979.11,12524771254,0
^_HK,D,20160427,000000,977.54,978.92,977.54,978.92,10697003038,0
^_HK,D,20160428,000000,980.67,980.67,979.38,979.38,12314439612,0
^_HK,D,20160429,000000,975.12,977.19,975.12,977.19,11430973861,0
^_HK,D,20160503,000000,975.93,975.93,972.25,972.25,11468133654,0
^_HK,D,20160504,000000,968.23,970.11,968.23,970.11,12554278874,0
^_HK,D,20160505,000000,966.11,970.97,966.11,970.97,12569190952,0
^_HK,D,20160506,000000,966.7,966.7,957.22,957.22,13336202681,0
^_HK,D,20160509,000000,959.17,959.17,952.46,952.46,9204273042,0
^_HK,D,20160510,000000,948.31,952.48,948.31,952.48,10023869718,0
^_HK,D,20160511,000000,954.55,954.55,952.27,952.27,8874623659,0
^_HK,D,20160512,000000,948.14,948.14,947.29,947.29,8620664914,0
^_HK,D,20160513,000000,943.71,943.71,939.26,939.26,10297015779,0
^_HK,D,20160516,000000,934.34,940.29,934.34,940.29,9098866278,0
^_HK,D,20160517,000000,942.27,945.61,942.27,945.61,9858515514,0
^_HK,D,20160518,000000,937.84,937.84,937.06,937.06,9305143542,0
^_HK,D,20160519,000000,935.08,935.08,934.93,934.93,7849552068,0
^_HK,D,20160520,000000,933.07,936.33,933.07,936.33,9245562455,0
^_HK,D,20160523,000000,936.09,936.09,933.36,933.36,14555616751,0
^_HK,D,20160524,000000,931.24,931.54,931.24,931.54,15875239285,0
^_HK,D,20160525,000000,936.55,937.6,936.55,937.6,11246003713,0
^_HK,D,20160526,000000,936.61,936.61,935.56,935.56,9883021643,0
^_HK,D,20160527,000000,934.87,938.2,934.87,938.2,9755836245,0
^_HK,D,20160530,000000,935.88,938.56,935.88,938.56,8721922301,0
^_HK,D,20160531,000000,938.05,945.84,938.05,945.84,17160445336,0
^_HK,D,20160601,000000,945.4,946.4,945.4,946.4,9828782561,0
^_HK,D,20160602,000000,945.3,947.7,945.3,947.7,9988574244,0
^_HK,D,20160603,000000,947.58,949.43,947.58,949.43,9593297598,0
^_HK,D,20160606,000000,947.17,947.87,947.17,947.87,8986873483,0
^_HK,D,20160607,000000,949.9,953.99,949.9,953.99,11346662844,0
^_HK,D,20160608,000000,952.36,952.36,951.22,951.22,10272182369,0
^_HK,D,20160610,000000,947.78,947.78,941.44,941.44,8817796669,0
^_HK,D,20160613,000000,929.99,929.99,924.74,924.74,10551457928,0
^_HK,D,20160614,000000,923.78,924.01,923.78,924.01,9035060954,0
^_HK,D,20160615,000000,920.19,927.28,920.19,927.28,8902087334,0
^_HK,D,20160616,000000,923.48,923.48,919.03,919.03,10494672643,0
^_HK,D,20160617,000000,921.77,923.54,921.77,923.54,10557984224,0
^_HK,D,20160620,000000,925.07,926.72,925.07,926.72,8329337707,0
^_HK,D,20160621,000000,927.29,929.61,927.29,929.61,11074398190,0
^_HK,D,20160622,000000,928.24,932.6,928.24,932.6,9812238991,0
^_HK,D,20160623,000000,932.31,932.35,932.31,932.35,8346825232,0
^_HK,D,20160624,000000,923.68,923.68,914.3,914.3,16275995119,0
^_HK,D,20160627,000000,908.32,916.68,908.32,916.68,9621856637,0
^_HK,D,20160628,000000,907.99,914.94,907.99,914.94,9770879448,0
^_HK,D,20160629,000000,917.36,920.32,917.36,920.32,10139651798,0
^_HK,D,20160630,000000,923.75,927.3,923.75,927.3,11793763502,0
^_HK,D,20160704,000000,927.88,933.27,927.88,933.27,11521360161,0
^_HK,D,20160705,000000,931.49,931.49,929.17,929.17,9117610364,0
^_HK,D,20160706,000000,924.38,925.41,924.38,925.41,10236990469,0
^_HK,D,20160707,000000,925.14,928.47,925.14,928.47,8158282146,0
^_HK,D,20160708,000000,926.01,926.56,926.01,926.56,8596335017,0
^_HK,D,20160711,000000,930.91,930.91,930.25,930.25,10302817596,0
^_HK,D,20160712,000000,930.96,934.81,930.96,934.81,10629807462,0
^_HK,D,20160713,000000,935.1,936.29,935.1,936.29,11579470631,0
^_HK,D,20160714,000000,935.4,938.46,935.4,938.46,10058916972,0
^_HK,D,20160715,000000,937.88,938.81,937.88,938.81,12086825434,0
^_HK,D,20160718,000000,937.89,939.37,937.89,939.37,9152464086,0
^_HK,D,20160719,000000,938.3,938.3,938.09,938.09,9145097891,0
^_HK,D,20160720,000000,937,942.07,937,942.07,10972708943,0
^_HK,D,20160721,000000,942.43,945.7,942.43,945.7,10920011825,0
^_HK,D,20160722,000000,942.88,944.73,942.88,944.73,9279323839,0
^_HK,D,20160725,000000,943.42,944.33,943.42,944.33,9587253025,0
^_HK,D,20160726,000000,941.72,946.77,941.72,946.77,11067520908,0
^_HK,D,20160727,000000,946.31,946.31,944.15,944.15,11859782752,0
^_HK,D,20160728,000000,942.07,942.07,939.42,939.42,12027517157,0
^_HK,D,20160729,000000,935.23,935.23,925.49,925.49,16594572346,0
^_HK,D,20160801,000000,927.07,927.92,927.07,927.92,12195604609,0
^_HK,D,20160803,000000,922.67,924.53,922.67,924.53,16738969811,0
^_HK,D,20160804,000000,925.65,929.15,925.65,929.15,17165012309,0
^_HK,D,20160805,000000,930.55,935.41,930.55,935.41,13169244480,0
^_HK,D,20160808,000000,937.37,942.95,937.37,942.95,11063759208,0
^_HK,D,20160809,000000,942.85,943.79,942.85,943.79,10906441529,0
^_HK,D,20160810,000000,943.11,943.11,942.21,942.21,13846915324,0
^_HK,D,20160811,000000,940.84,945.48,940.84,945.48,14188055715,0
^_HK,D,20160812,000000,946.9,949.33,946.9,949.33,11746724976,0
^_HK,D,20160815,000000,949.41,953.47,949.41,953.47,13769158772,0
^_HK,D,20160816,000000,954.24,954.24,953.55,953.55,13898451832,0
^_HK,D,20160817,000000,953.32,953.32,951.58,951.58,13881005626,0
^_HK,D,20160818,000000,952.21,954.92,952.21,954.92,12527844070,0
^_HK,D,20160819,000000,954.88,954.88,953.82,953.82,10891231647,0
^_HK,D,20160822,000000,952.13,952.13,951.33,951.33,10533964806,0
^_HK,D,20160823,000000,948.52,948.85,948.52,948.85,10939925778,0
^_HK,D,20160824,000000,949.11,949.11,947.41,947.41,11726770833,0
^_HK,D,20160825,000000,945.28,946.31,945.28,946.31,11944921070,0
^_HK,D,20160826,000000,946.96,951.82,946.96,951.82,10118137607,0
^_HK,D,20160829,000000,949.82,949.82,949.5,949.5,9678714158,0
^_HK,D,20160830,000000,949.88,952.65,949.88,952.65,10999323397,0
^_HK,D,20160831,000000,950.17,950.17,950.01,950.01,12583489211,0
^_HK,D,20160901,000000,948.94,953.17,948.94,953.17,14500903133,0
^_HK,D,20160902,000000,952.61,956.83,952.61,956.83,13504626371,0
^_HK,D,20160905,000000,959.88,965.42,959.88,965.42,13115967449,0
^_HK,D,20160906,000000,965.67,974.28,965.67,974.28,16475700342,0
^_HK,D,20160907,000000,974.2,976.04,974.2,976.04,15359633781,0
^_HK,D,20160908,000000,976.94,982.64,976.94,982.64,14505942269,0
^_HK,D,20160909,000000,982.14,986.55,982.14,986.55,20014441068,0
^_HK,D,20160912,000000,970.35,970.35,965.23,965.23,14755812304,0
^_HK,D,20160913,000000,970.96,970.96,965.8,965.8,12175969434,0
^_HK,D,20160914,000000,963.74,966.04,963.74,966.04,11078534859,0
^_HK,D,20160915,000000,966.08,972.95,966.08,972.95,12766754904,0
^_HK,D,20160919,000000,973.14,977.71,973.14,977.71,12542937213,0
^_HK,D,20160920,000000,976.25,978.78,976.25,978.78,11772655754,0
^_HK,D,20160921,000000,978.51,983.53,978.51,983.53,13479441175,0
^_HK,D,20160922,000000,987.44,987.44,985.6,985.6,16926200320,0
^_HK,D,20160923,000000,986.55,986.55,985.3,985.3,14017593157,0
^_HK,D,20160926,000000,981.85,981.85,975.02,975.02,14826645694,0
^_HK,D,20160927,000000,970.27,979.94,970.27,979.94,13373889656,0
^_HK,D,20160928,000000,978.32,980.66,978.32,980.66,16847862032,0
^_HK,D,20160929,000000,983.77,985.76,983.77,985.76,14665919723,0
^_HK,D,20160930,000000,979.9,979.9,978.34,978.34,16338981955,0
^_HK,D,20161003,000000,983.46,985.05,983.46,985.05,9852546255,0
^_HK,D,20161004,000000,984.65,989.37,984.65,989.37,14325460605,0
^_HK,D,20161005,000000,986.7,992.92,986.7,992.92,13268784555,0
^_HK,D,20161006,000000,993.44,1000.06,993.44,1000.06,18674087233,0
^_HK,D,20161007,000000,999.68,1000.76,999.68,1000.76,12670118876,0
^_HK,D,20161011,000000,1002.41,1002.41,996.08,996.08,16594633456,0
^_HK,D,20161012,000000,991.24,991.72,991.24,991.72,14376359668,0
^_HK,D,20161013,000000,990.78,990.78,986.26,986.26,13740288018,0
^_HK,D,20161014,000000,986.82,990.21,986.82,990.21,14270119031,0
^_HK,D,20161017,000000,988.05,988.05,985.46,985.46,11666882359,0
^_HK,D,20161018,000000,987.52,994.68,987.52,994.68,13873635460,0
^_HK,D,20161019,000000,993.77,994.1,993.77,994.1,12107345752,0
^_HK,D,20161020,000000,995.91,997.84,995.91,997.84,13506506615,0
^_HK,D,20161024,000000,997.23,1002.95,997.23,1002.95,14616976762,0
^_HK,D,20161025,000000,1002.53,1004.2,1002.53,1004.2,14069564983,0
^_HK,D,20161026,000000,1000.17,1000.17,998.86,998.86,11336933064,0
^_HK,D,20161027,000000,997.45,997.45,995.36,995.36,15429696050,0
^_HK,D,20161028,000000,992.56,992.56,988.83,988.83,12770894250,0
^_HK,D,20161031,000000,985.5,986.39,985.5,986.39,11983889925,0
^_HK,D,20161101,000000,986.63,991.35,986.63,991.35,12406712152,0
^_HK,D,20161102,000000,985.95,985.95,982.45,982.45,10628950984,0
^_HK,D,20161103,000000,980.65,982.74,980.65,982.74,11195872832,0
^_HK,D,20161104,000000,979.97,981.86,979.97,981.86,11341217779,0
^_HK,D,20161107,000000,979.39,984.18,979.39,984.18,10925464389,0
^_HK,D,20161108,000000,986.45,986.48,986.45,986.48,11468473174,0
^_HK,D,20161109,000000,983.48,983.48,973.87,973.87,17527272624,0
^_HK,D,20161110,000000,984.61,989.78,984.61,989.78,12766555462,0
^_HK,D,20161111,000000,984.73,986.72,984.73,986.72,15488538757,0
^_HK,D,20161114,000000,981.79,982.66,981.79,982.66,14817319452,0
^_HK,D,20161115,000000,982.34,984.96,982.34,984.96,13599507038,0
^_HK,D,20161116,000000,987.07,989.51,987.07,989.51,12968722459,0
^_HK,D,20161117,000000,987.85,989.27,987.85,989.27,12487917111,0
^_HK,D,20161118,000000,987.74,990.12,987.74,990.12,12902629731,0
^_HK,D,20161121,000000,988.91,990.46,988.91,990.46,12613866504,0
^_HK,D,20161122,000000,991.65,994.33,991.65,994.33,15860275888,0
^_HK,D,20161123,000000,993.36,994.51,993.36,994.51,13577749919,0
^_HK,D,20161124,000000,991.58,994.33,991.58,994.33,12840017584,0
^_HK,D,20161125,000000,993.29,996.79,993.29,996.79,11668311965,0
^_HK,D,20161128,000000,996.7,1000.1,996.7,1000.1,14108454199,0
^_HK,D,20161129,000000,997.48,998.68,997.48,998.68,14146974357,0
^_HK,D,20161130,000000,998.2,998.2,996.74,996.74,20465003239,0
^_HK,D,20161201,000000,997.27,997.27,995.6,995.6,15610739822,0
^_HK,D,20161202,000000,991.9,991.9,991.39,991.39,13612166551,0
^_HK,D,20161205,000000,991.13,991.13,988.14,988.14,12373695678,0
^_HK,D,20161206,000000,989.71,991.47,989.71,991.47,11634238475,0
^_HK,D,20161207,000000,991.49,992.7,991.49,992.7,13719122712,0
^_HK,D,20161208,000000,995.01,995.01,991.64,991.64,13602930186,0
^_HK,D,20161209,000000,988.47,988.47,987.25,987.25,12832392716,0
^_HK,D,20161212,000000,984.95,984.95,973.34,973.34,12937404164,0
^_HK,D,20161213,000000,971.94,977.15,971.94,977.15,9757352146,0
^_HK,D,20161214,000000,977.83,977.83,975.38,975.38,11186693138,0
^_HK,D,20161215,000000,969.17,969.17,965.84,965.84,11857396994,0
^_HK,D,20161216,000000,964.53,968.67,964.53,968.67,12610177280,0
^_HK,D,20161219,000000,964.54,964.54,960.8,960.8,11812648067,0
^_HK,D,20161220,000000,956.83,956.83,954.83,954.83,9553808389,0
^_HK,D,20161221,000000,954.36,958.02,954.36,958.02,8828861885,0
^_HK,D,20161222,000000,954.91,954.91,954.79,954.79,9089895479,0
^_HK,D,20161223,000000,951.02,952.7,951.02,952.7,10395780786,0
^_HK,D,20161228,000000,950.83,955.96,950.83,955.96,10654170074,0
^_HK,D,20161229,000000,951.7,957.54,951.7,957.54,9538977813,0
^_HK,D,20161230,000000,958.29,968.08,958.29,968.08,10803876608,0
^_HK,D,20170103,000000,966.1,966.89,966.1,966.89,8761020546,0
^_HK,D,20170104,000000,965.35,966.71,965.35,966.71,8340475816,0
^_HK,D,20170105,000000,967.93,972.51,967.93,972.51,11819576180,0
^_HK,D,20170106,000000,971.29,971.29,970.41,970.41,9456922386,0
^_HK,D,20170109,000000,970.09,970.09,968.64,968.64,9664184158,0
^_HK,D,20170110,000000,967.81,973.11,967.81,973.11,11239992828,0
^_HK,D,20170111,000000,973.48,974.84,973.48,974.84,11858365752,0
^_HK,D,20170112,000000,973.13,973.25,973.13,973.25,9865127057,0
^_HK,D,20170113,000000,972.16,973.58,972.16,973.58,11933170192,0
^_HK,D,20170116,000000,970.34,970.34,966.74,966.74,10261522297,0
^_HK,D,20170117,000000,965.96,969.05,965.96,969.05,11018043654,0
^_HK,D,20170118,000000,969.09,975.29,969.09,975.29,12059572538,0
^_HK,D,20170119,000000,973.68,976.3,973.68,976.3,11079861612,0
^_HK,D,20170120,000000,972.61,974.86,972.61,974.86,14921924403,0
^_HK,D,20170123,000000,972.84,975.79,972.84,975.79,15165819687,0
^_HK,D,20170124,000000,975.4,979.18,975.4,979.18,13855815335,0
^_HK,D,20170125,000000,979.47,981.1,979.47,981.1,11763955110,0
^_HK,D,20170126,000000,982.48,986.32,982.48,986.32,12732103660,0
^_HK,D,20170127,000000,984.33,987.42,984.33,987.42,4962582740,0
^_HK,D,20170201,000000,984.22,986.87,984.22,986.87,8648070915,0
^_HK,D,20170202,000000,985.68,985.81,985.68,985.81,10368209855,0
^_HK,D,20170203,000000,985.23,987.91,985.23,987.91,10539888894,0
^_HK,D,20170206,000000,987.03,990.89,987.03,990.89,12677766444,0
^_HK,D,20170207,000000,988.63,990.59,988.63,990.59,11701054259,0
^_HK,D,20170208,000000,990.36,996.52,990.36,996.52,16503100805,0
^_HK,D,20170209,000000,997.22,999.99,997.22,999.99,17468866308,0
^_HK,D,20170210,000000,1002.09,1002.09,1001.33,1001.33,18749192716,0
^_HK,D,20170213,000000,1001.71,1005.86,1001.71,1005.86,18222903246,0
^_HK,D,20170214,000000,1005.36,1008.42,1005.36,1008.42,23484398095,0
^_HK,D,20170215,000000,1009.09,1011.93,1009.09,1011.93,24045181031,0
^_HK,D,20170216,000000,1012.19,1014.13,1012.19,1014.13,22003186574,0
^_HK,D,20170217,000000,1012.23,1012.23,1009.91,1009.91,18830871110,0
^_HK,D,20170220,000000,1007.79,1012.65,1007.79,1012.65,18897103955,0
^_HK,D,20170221,000000,1010.88,1010.88,1007.71,1007.71,16664299300,0
^_HK,D,20170222,000000,1008.65,1014.99,1008.65,1014.99,18038975928,0
^_HK,D,20170223,000000,1011.97,1015.37,1011.97,1015.37,17002247028,0
^_HK,D,20170224,000000,1013.56,1013.56,1010.07,1010.07,16287691843,0
^_HK,D,20170227,000000,1007.87,1008.86,1007.87,1008.86,15596009139,0
^_HK,D,20170228,000000,1007.22,1007.7,1007.22,1007.7,16667405277,0
^_HK,D,20170301,000000,1007.45,1011.26,1007.45,1011.26,15334058020,0
^_HK,D,20170302,000000,1014.58,1014.58,1009.9,1009.9,16907542672,0
^_HK,D,20170303,000000,1006.45,1006.68,1006.45,1006.68,15335637636,0
^_HK,D,20170306,000000,1005.46,1008.93,1005.46,1008.93,12323712004,0
^_HK,D,20170307,000000,1008.2,1010.48,1008.2,1010.48,12493621401,0
^_HK,D,20170308,000000,1007.04,1012.42,1007.04,1012.42,12834036205,0
^_HK,D,20170309,000000,1008.3,1008.3,1002.82,1002.82,13379984334,0
^_HK,D,20170310,000000,1000.16,1001.11,1000.16,1001.11,11437742350,0
^_HK,D,20170313,000000,1001.25,1007.76,1001.25,1007.76,13931275169,0
^_HK,D,20170314,000000,1005.75,1006.86,1005.75,1006.86,14072722219,0
^_HK,D,20170315,000000,1002.3,1007.77,1002.3,1007.77,14988666034,0
^_HK,D,20170316,000000,1009.37,1015.95,1009.37,1015.95,17157043448,0
^_HK,D,20170317,000000,1015.99,1015.99,1014.87,1014.87,21135645618,0
^_HK,D,20170320,000000,1013.23,1018.23,1013.23,1018.23,15976431146,0
^_HK,D,20170321,000000,1017.31,1020.87,1017.31,1020.87,17070407577,0
^_HK,D,20170322,000000,1011.92,1014.25,1011.92,1014.25,16008567257,0
^_HK,D,20170323,000000,1014.47,1017.95,1014.47,1017.95,15266841435,0
^_HK,D,20170324,000000,1017.21,1017.21,1014.69,1014.69,16079669524,0
^_HK,D,20170327,000000,1010.36,1010.36,1001.25,1001.25,15983915490,0
^_HK,D,20170328,000000,1002.26,1004.31,1002.26,1004.31,11914738358,0
^_HK,D,20170329,000000,1003.84,1003.84,1002.68,1002.68,13731724966,0
^_HK,D,20170330,000000,1001.74,1001.74,998.33,998.33,12602591210,0
^_HK,D,20170331,000000,996.7,999.39,996.7,999.39,12950061012,0
^_HK,D,20170403,000000,998.69,1001.96,998.69,1001.96,11301515085,0
^_HK,D,20170405,000000,1001.93,1005.22,1001.93,1005.22,17745428091,0
^_HK,D,20170406,000000,1003.06,1003.78,1003.06,1003.78,15148557692,0
^_HK,D,20170407,000000,1000.71,1005.03,1000.71,1005.03,17442886531,0
^_HK,D,20170410,000000,1004.4,1004.4,1003.42,1003.42,14793764284,0
^_HK,D,20170411,000000,1001.98,1001.98,998.1,998.1,26217822807,0
^_HK,D,20170412,000000,995.54,999.41,995.54,999.41,17183577254,0
^_HK,D,20170413,000000,996.29,1000.32,996.29,1000.32,13254010042,0
^_HK,D,20170418,000000,997.14,997.14,986.94,986.94,14783872775,0
^_HK,D,20170419,000000,982.34,984.54,982.34,984.54,12404907879,0
^_HK,D,20170420,000000,982.71,986.98,982.71,986.98,12065543568,0
^_HK,D,20170421,000000,986.33,986.48,986.33,986.48,12218049194,0
^_HK,D,20170424,000000,985.06,985.06,983.09,983.09,11840681107,0
^_HK,D,20170425,000000,983.11,988.29,983.11,988.29,14520393600,0
^_HK,D,20170426,000000,988.16,989.33,988.16,989.33,17664559670,0
^_HK,D,20170427,000000,986.51,987.13,986.51,987.13,13166440785,0
^_HK,D,20170428,000000,986.02,988.86,986.02,988.86,11330746872,0
^_HK,D,20170502,000000,989.02,989.02,988.68,988.68,14078426691,0
^_HK,D,20170504,000000,986.76,986.76,984.59,984.59,15603835582,0
^_HK,D,20170505,000000,980.89,980.89,976.71,976.71,16360784285,0
^_HK,D,20170508,000000,977.13,977.13,976.34,976.34,12156847699,0
^_HK,D,20170509,000000,975.15,979.07,975.15,979.07,13819515901,0
^_HK,D,20170510,000000,978.25,978.76,978.25,978.76,13678237335,0
^_HK,D,20170511,000000,978.15,980.17,978.15,980.17,13904992402,0
^_HK,D,20170512,000000,977.61,977.93,977.61,977.93,13977551452,0
^_HK,D,20170515,000000,976.46,977.73,976.46,977.73,14274329201,0
^_HK,D,20170516,000000,976.55,979.85,976.55,979.85,14325878282,0
^_HK,D,20170517,000000,978.25,979.44,978.25,979.44,12878071148,0
^_HK,D,20170518,000000,970.82,971.67,970.82,971.67,13501465486,0
^_HK,D,20170519,000000,970.28,975.6,970.28,975.6,12690528478,0
^_HK,D,20170522,000000,974.69,976.47,974.69,976.47,14144371367,0
^_HK,D,20170523,000000,974.5,974.5,971.92,971.92,14637962056,0
^_HK,D,20170524,000000,970.32,973.94,970.32,973.94,14283345976,0
^_HK,D,20170525,000000,974.25,978.18,974.25,978.18,16297917091,0
^_HK,D,20170526,000000,977.3,977.55,977.3,977.55,12629550718,0
^_HK,D,20170529,000000,975.79,980.28,975.79,980.28,11041321188,0
^_HK,D,20170531,000000,977.8,977.8,976.05,976.05,18240379816,0
^_HK,D,20170601,000000,974.23,974.4,974.23,974.4,13904637037,0
^_HK,D,20170602,000000,974.62,977.31,974.62,977.31,12778704322,0
^_HK,D,20170605,000000,974.59,977,974.59,977,13050756668,0
^_HK,D,20170606,000000,974.62,976.79,974.62,976.79,12541299464,0
^_HK,D,20170607,000000,975.26,978.82,975.26,978.82,14793290152,0
^_HK,D,20170608,000000,976.79,982.73,976.79,982.73,12708582059,0
^_HK,D,20170609,000000,980.82,980.82,980.51,980.51,15043177180,0
^_HK,D,20170612,000000,976.44,976.44,973.67,973.67,13223824613,0
^_HK,D,20170613,000000,972.38,978.11,972.38,978.11,13271668673,0
^_HK,D,20170614,000000,976.88,978.27,976.88,978.27,18279150243,0
^_HK,D,20170615,000000,973.2,973.2,972.28,972.28,11761420170,0
^_HK,D,20170616,000000,970.55,971.9,970.55,971.9,15256695284,0
^_HK,D,20170619,000000,969.84,975.69,969.84,975.69,10745364047,0
^_HK,D,20170620,000000,974.37,975.71,974.37,975.71,10809704059,0
^_HK,D,20170621,000000,972.56,976.05,972.56,976.05,12741639466,0
^_HK,D,20170622,000000,974.52,975.62,974.52,975.62,12458740774,0
^_HK,D,20170623,000000,973.62,975.33,973.62,975.33,10980824661,0
^_HK,D,20170626,000000,973.65,977.51,973.65,977.51,10461011190,0
^_HK,D,20170627,000000,973.64,973.64,956.27,956.27,51597505052,0
^_HK,D,20170628,000000,950.35,950.35,942.97,942.97,28645913591,0
^_HK,D,20170629,000000,943.69,952.73,943.69,952.73,23192096105,0
^_HK,D,20170630,000000,946.53,952.44,946.53,952.44,22238640012,0
^_HK,D,20170703,000000,948.63,952.66,948.63,952.66,19374827966,0
^_HK,D,20170704,000000,949.22,949.22,942.47,942.47,15933556761,0
^_HK,D,20170705,000000,939.58,945.02,939.58,945.02,12465524099,0
^_HK,D,20170706,000000,941.64,946.77,941.64,946.77,12856405578,0
^_HK,D,20170707,000000,940.67,947.12,940.67,947.12,12009399273,0
^_HK,D,20170710,000000,945.58,948.44,945.58,948.44,12711724070,0
^_HK,D,20170711,000000,945.23,949.96,945.23,949.96,12853622948,0
^_HK,D,20170712,000000,947.37,949.54,947.37,949.54,13577139479,0
^_HK,D,20170713,000000,949.19,952.45,949.19,952.45,14335111995,0
^_HK,D,20170714,000000,950.68,954.87,950.68,954.87,13171266001,0
^_HK,D,20170717,000000,951.89,951.89,951.59,951.59,13477861324,0
^_HK,D,20170718,000000,948.05,951.37,948.05,951.37,12662733644,0
^_HK,D,20170719,000000,949,957.83,949,957.83,13396442186,0
^_HK,D,20170720,000000,955.18,957.33,955.18,957.33,12708848819,0
^_HK,D,20170721,000000,955.13,956.38,955.13,956.38,11139263424,0
^_HK,D,20170724,000000,953.59,957.55,953.59,957.55,10858510976,0
^_HK,D,20170725,000000,955.64,956.68,955.64,956.68,10964822241,0
^_HK,D,20170726,000000,954.52,955.75,954.52,955.75,12860008492,0
^_HK,D,20170727,000000,954.07,956.56,954.07,956.56,12209371064,0
^_HK,D,20170728,000000,953.09,954.4,953.09,954.4,12309547599,0
^_HK,D,20170731,000000,952.38,957.26,952.38,957.26,12283125865,0
^_HK,D,20170801,000000,954.54,956.69,954.54,956.69,12575786912,0
^_HK,D,20170802,000000,954.71,958.41,954.71,958.41,14304664600,0
^_HK,D,20170803,000000,954.12,957.46,954.12,957.46,11748375840,0
^_HK,D,20170804,000000,955.56,960.86,955.56,960.86,12009458825,0
^_HK,D,20170807,000000,958.55,963.33,958.55,963.33,12234445554,0
^_HK,D,20170808,000000,960.71,963.65,960.71,963.65,13829783201,0
^_HK,D,20170809,000000,959.46,960.85,959.46,960.85,12499006827,0
^_HK,D,20170810,000000,956.09,956.09,951.18,951.18,14569778131,0
^_HK,D,20170811,000000,942.15,942.15,936.66,936.66,16189486103,0
^_HK,D,20170814,000000,937.48,944.9,937.48,944.9,10254955003,0
^_HK,D,20170815,000000,949.49,949.49,948.94,948.94,12719456166,0
^_HK,D,20170816,000000,945.36,951.98,945.36,951.98,10578611545,0
^_HK,D,20170817,000000,950.72,952.56,950.72,952.56,13796189874,0
^_HK,D,20170818,000000,944.65,950.06,944.65,950.06,10830748063,0
^_HK,D,20170821,000000,947.05,950.99,947.05,950.99,11065810520,0
^_HK,D,20170822,000000,950.41,954.41,950.41,954.41,12311353513,0
^_HK,D,20170824,000000,952.72,954.79,952.72,954.79,13652595425,0
^_HK,D,20170825,000000,951.5,957.81,951.5,957.81,16062495203,0
^_HK,D,20170828,000000,953.98,957.01,953.98,957.01,17854270637,0
^_HK,D,20170829,000000,952.66,955.02,952.66,955.02,15708266032,0
^_HK,D,20170830,000000,953.36,958.76,953.36,958.76,15662260367,0
^_HK,D,20170831,000000,956.63,962.33,956.63,962.33,17664622691,0
^_HK,D,20170901,000000,959.85,967.24,959.85,967.24,23181937873,0
^_HK,D,20170904,000000,964.11,967.42,964.11,967.42,24183732839,0
^_HK,D,20170905,000000,966.44,972.35,966.44,972.35,20107994051,0
^_HK,D,20170906,000000,968.74,973.59,968.74,973.59,17886858342,0
^_HK,D,20170907,000000,973.02,975.6,973.02,975.6,19256565755,0
^_HK,D,20170908,000000,974.36,976.44,974.36,976.44,15764197932,0
^_HK,D,20170911,000000,975.14,979.71,975.14,979.71,16627133600,0
^_HK,D,20170912,000000,979.11,983.06,979.11,983.06,17576834915,0
^_HK,D,20170913,000000,980.13,985.13,980.13,985.13,17323608819,0
^_HK,D,20170914,000000,982.54,987.32,982.54,987.32,19393743035,0
^_HK,D,20170915,000000,981.98,986.59,981.98,986.59,21081936495,0
^_HK,D,20170918,000000,986.37,990.49,986.37,990.49,24483639456,0
^_HK,D,20170919,000000,988.62,989.85,988.62,989.85,19110909864,0
^_HK,D,20170920,000000,988.89,996.58,988.89,996.58,19590862449,0
^_HK,D,20170921,000000,994.68,996.75,994.68,996.75,20847879649,0
^_HK,D,20170922,000000,991.8,991.8,991.8,991.8,17317145303,0
^_HK,D,20170925,000000,987.42,987.42,974.5,974.5,18717237982,0
^_HK,D,20170926,000000,969.9,977.87,969.9,977.87,14609311405,0
^_HK,D,20170927,000000,976.53,985.21,976.53,985.21,15281369922,0
^_HK,D,20170928,000000,981.44,981.91,981.44,981.91,15837703132,0
^_HK,D,20170929,000000,981.63,988.45,981.63,988.45,17246352590,0
^_HK,D,20171003,000000,989.77,996.32,989.77,996.32,18060456878,0
^_HK,D,20171004,000000,995.52,999.23,995.52,999.23,13249790075,0
^_HK,D,20171006,000000,998.82,1003.21,998.82,1003.21,15320510968,0
^_HK,D,20171009,000000,1000.4,1002.73,1000.4,1002.73,18564225970,0
^_HK,D,20171010,000000,1000.35,1008.46,1000.35,1008.46,22034317507,0
^_HK,D,20171011,000000,1006.33,1006.33,1004.09,1004.09,26111213508,0
^_HK,D,20171012,000000,1003.85,1009.11,1003.85,1009.11,19254832027,0
^_HK,D,20171013,000000,1007.75,1012.9,1007.75,1012.9,18970529779,0
^_HK,D,20171016,000000,1013.87,1014.87,1013.87,1014.87,18240082456,0
^_HK,D,20171017,000000,1013.66,1015.03,1013.66,1015.03,18898523013,0
^_HK,D,20171018,000000,1013.44,1016.87,1013.44,1016.87,16796500465,0
^_HK,D,20171019,000000,1015.83,1015.83,1000.29,1000.29,17305105539,0
^_HK,D,20171020,000000,1000.6,1011.33,1000.6,1011.33,14939331419,0
^_HK,D,20171023,000000,1010.38,1011.31,1010.38,1011.31,15402225513,0
^_HK,D,20171025,000000,1011.51,1015.58,1011.51,1015.58,14775939020,0
^_HK,D,20171026,000000,1011.42,1013.62,1011.42,1013.62,15067518784,0
^_HK,D,20171027,000000,1012.92,1012.92,1010.88,1010.88,15738585505,0
^_HK,D,20171030,000000,1009.43,1009.43,1008.49,1008.49,14078633245,0
^_HK,D,20171031,000000,1005.53,1011.33,1005.53,1011.33,15256389063,0
^_HK,D,20171101,000000,1010.63,1013.82,1010.63,1013.82,14935661623,0
^_HK,D,20171102,000000,1012.83,1014,1012.83,1014,14491008651,0
^_HK,D,20171103,000000,1013.82,1014.87,1013.82,1014.87,13744950361,0
^_HK,D,20171106,000000,1012.03,1013.02,1012.03,1013.02,16442419343,0
^_HK,D,20171107,000000,1012,1015.74,1012,1015.74,15907453529,0
^_HK,D,20171108,000000,1013.28,1015.4,1013.28,1015.4,15556490931,0
^_HK,D,20171109,000000,1013.71,1017.99,1013.71,1017.99,15849783965,0
^_HK,D,20171110,000000,1013.77,1015.13,1013.77,1015.13,13399419509,0
^_HK,D,20171113,000000,1012.81,1013.36,1012.81,1013.36,16054650999,0
^_HK,D,20171114,000000,1010.94,1010.94,1010.71,1010.71,15520577230,0
^_HK,D,20171115,000000,1007.46,1007.46,1003.32,1003.32,14646000351,0
^_HK,D,20171116,000000,1000.96,1003.25,1000.96,1003.25,13971158578,0
^_HK,D,20171117,000000,1001.99,1001.99,1000.17,1000.17,14815379069,0
^_HK,D,20171120,000000,997.94,997.94,995.43,995.43,12924583753,0
^_HK,D,20171121,000000,993.55,993.55,992.2,992.2,15717903744,0
^_HK,D,20171122,000000,990.73,994.61,990.73,994.61,16833272626,0
^_HK,D,20171123,000000,992.13,992.13,991.36,991.36,14695047149,0
^_HK,D,20171124,000000,991.47,995.16,991.47,995.16,10795897046,0
^_HK,D,20171127,000000,992.32,992.32,988.75,988.75,11930338381,0
^_HK,D,20171128,000000,984.72,984.85,984.72,984.85,12193509795,0
^_HK,D,20171129,000000,983.37,985.55,983.37,985.55,11384568590,0
^_HK,D,20171130,000000,978.77,980.45,978.77,980.45,18031233253,0
^_HK,D,20171201,000000,978.68,979.34,978.68,979.34,13145561854,0
^_HK,D,20171204,000000,975.43,978.61,975.43,978.61,10310429838,0
^_HK,D,20171205,000000,973.57,973.57,972.1,972.1,9867110062,0
^_HK,D,20171207,000000,970.62,970.62,965.75,965.75,15918161948,0
^_HK,D,20171208,000000,965.63,973.17,965.63,973.17,11843362839,0
^_HK,D,20171211,000000,970.62,976.18,970.62,976.18,11462136654,0
^_HK,D,20171212,000000,974.24,974.24,973.24,973.24,11229517409,0
^_HK,D,20171213,000000,971.77,975.76,971.77,975.76,11260006949,0
^_HK,D,20171214,000000,973.6,978.09,973.6,978.09,11244416057,0
^_HK,D,20171215,000000,972.1,975.07,972.1,975.07,14159890886,0
^_HK,D,20171218,000000,973.15,974.8,973.15,974.8,21051714732,0
^_HK,D,20171220,000000,970.89,973.72,970.89,973.72,10562589539,0
^_HK,D,20171221,000000,970.88,979.3,970.88,979.3,12422398123,0
^_HK,D,20171222,000000,976.74,984.45,976.74,984.45,11246251804,0
^_HK,D,20171227,000000,982.43,987.22,982.43,987.22,11666502482,0
^_HK,D,20171228,000000,985.65,994.26,985.65,994.26,11573917172,0
^_HK,D,20171229,000000,992.82,1002.34,992.82,1002.34,12945529874,0
^_HK,D,20180102,000000,1001.37,1007.83,1001.37,1007.83,15170373097,0
^_HK,D,20180103,000000,1006.54,1012.62,1006.54,1012.62,15604711336,0
^_HK,D,20180104,000000,1012.65,1019.2,1012.65,1019.2,17535993643,0
^_HK,D,20180105,000000,1017.76,1021.63,1017.76,1021.63,16021788533,0
^_HK,D,20180108,000000,1021.37,1025.53,1021.37,1025.53,18316499340,0
^_HK,D,20180109,000000,1025.11,1025.87,1025.11,1025.87,14753800763,0
^_HK,D,20180110,000000,1024.1,1026.96,1024.1,1026.96,15344930130,0
^_HK,D,20180111,000000,1024.68,1026.64,1024.68,1026.64,16079155575,0
^_HK,D,20180112,000000,1026.41,1029.67,1026.41,1029.67,18560892931,0
^_HK,D,20180115,000000,1029.23,1029.23,1021.61,1021.61,17749794813,0
^_HK,D,20180116,000000,1020.59,1029.2,1020.59,1029.2,18316584581,0
^_HK,D,20180117,000000,1024.56,1026.81,1024.56,1026.81,18255684778,0
^_HK,D,20180118,000000,1026.35,1027.51,1026.35,1027.51,20751397448,0
^_HK,D,20180119,000000,1025.56,1030.96,1025.56,1030.96,18735130588,0
^_HK,D,20180122,000000,1030.16,1036.97,1030.16,1036.97,19651594487,0
^_HK,D,20180123,000000,1037.34,1040.11,1037.34,1040.11,20561277333,0
^_HK,D,20180124,000000,1036.75,1042.04,1036.75,1042.04,20683160319,0
^_HK,D,20180125,000000,1040.23,1040.23,1040.04,1040.04,20872811601,0
^_HK,D,20180126,000000,1039.23,1045.88,1039.23,1045.88,19029589699,0
^_HK,D,20180129,000000,1043.78,1043.78,1042.68,1042.68,18840876658,0
^_HK,D,20180130,000000,1039.21,1039.21,1037.09,1037.09,16463071397,0
^_HK,D,20180131,000000,1031.06,1036.69,1031.06,1036.69,17790846446,0
^_HK,D,20180201,000000,1036.1,1036.1,1031.57,1031.57,15987043553,0
^_HK,D,20180202,000000,1029.2,1033.98,1029.2,1033.98,14644855798,0
^_HK,D,20180205,000000,1012.35,1023.24,1012.35,1023.24,15711530696,0
^_HK,D,20180206,000000,994.76,994.76,978.3,978.3,25172990535,0
^_HK,D,20180207,000000,992.34,992.34,977.22,977.22,20729580488,0
^_HK,D,20180209,000000,951.95,951.95,949.28,949.28,21675834369,0
^_HK,D,20180212,000000,953.16,959.3,953.16,959.3,12852907033,0
^_HK,D,20180214,000000,959.45,968.04,959.45,968.04,9760596139,0
^_HK,D,20180215,000000,970.22,979.99,970.22,979.99,7038058140,0
^_HK,D,20180220,000000,978.32,985.04,978.32,985.04,9017681559,0
^_HK,D,20180221,000000,984.03,993.71,984.03,993.71,10380386335,0
^_HK,D,20180222,000000,988.88,990.7,988.88,990.7,14114655884,0
^_HK,D,20180223,000000,992.13,998.11,992.13,998.11,11349893484,0
^_HK,D,20180226,000000,1001.43,1001.43,1001.36,1001.36,20923138199,0
^_HK,D,20180227,000000,1022.72,1022.72,986.54,986.54,42234355488,0
^_HK,D,20180228,000000,972.54,972.54,965.52,965.52,52483918052,0
^_HK,D,20180301,000000,965.99,968.52,965.99,968.52,51472578743,0
^_HK,D,20180302,000000,960.02,964.04,960.02,964.04,44590281840,0
^_HK,D,20180305,000000,963.71,963.71,949,949,33935911858,0
^_HK,D,20180306,000000,952.19,954.59,952.19,954.59,35217743060,0
^_HK,D,20180307,000000,951.58,952.34,951.58,952.34,65064623375,0
^_HK,D,20180308,000000,949.5,949.5,941.97,941.97,71359411990,0
^_HK,D,20180309,000000,932.04,932.04,926.12,926.12,89386710321,0
^_HK,D,20180312,000000,923.78,925.04,923.78,925.04,63116391620,0
^_HK,D,20180313,000000,925.13,925.13,921.62,921.62,49880529791,0
^_HK,D,20180314,000000,906.76,917.83,906.76,917.83,61337674750,0
^_HK,D,20180315,000000,904.67,928.77,904.67,928.77,69116956856,0
^_HK,D,20180316,000000,921.85,921.85,915.93,915.93,62359360654,0
^_HK,D,20180319,000000,909.29,915.94,909.29,915.94,70878273450,0
^_HK,D,20180320,000000,897.71,913.65,897.71,913.65,87427881851,0
^_HK,D,20180321,000000,945.66,945.66,885.75,885.75,68639126477,0
^_HK,D,20180323,000000,852.15,856.53,852.15,856.53,37693594208,0
^_HK,D,20180327,000000,859.67,860.56,859.67,860.56,13829889912,0
^_HK,D,20180328,000000,855.63,855.63,851.9,851.9,12707366467,0
^_HK,D,20180329,000000,851.13,852.14,851.13,852.14,13009586896,0
^_HK,D,20180403,000000,847.26,850.49,847.26,850.49,10496182252,0
^_HK,D,20180404,000000,849.65,849.65,845.56,845.56,9679004591,0
^_HK,D,20180406,000000,846.74,847.65,846.74,847.65,8673272394,0
^_HK,D,20180409,000000,845.22,849.87,845.22,849.87,11012097132,0
^_HK,D,20180410,000000,848.16,853.17,848.16,853.17,14003463848,0
^_HK,D,20180411,000000,851.92,852.98,851.92,852.98,14220580862,0
^_HK,D,20180412,000000,851.07,851.07,849.42,849.42,11655737036,0
^_HK,D,20180413,000000,849.94,850.58,849.94,850.58,11040428015,0
^_HK,D,20180416,000000,846.71,846.71,842.25,842.25,11050478406,0
^_HK,D,20180417,000000,840.74,840.74,836.38,836.38,12061351644,0
^_HK,D,20180418,000000,837.52,837.52,833.18,833.18,12528326146,0
^_HK,D,20180419,000000,834.08,839.99,834.08,839.99,13521601547,0
^_HK,D,20180420,000000,836.99,836.99,833.83,833.83,10768826393,0
^_HK,D,20180423,000000,831.93,831.93,830.87,830.87,9658175711,0
^_HK,D,20180424,000000,829.72,836.42,829.72,836.42,11570398691,0
^_HK,D,20180425,000000,831.74,833.71,831.74,833.71,11285957003,0
^_HK,D,20180426,000000,831.72,831.72,826.6,826.6,13859309523,0
^_HK,D,20180427,000000,827.67,830.82,827.67,830.82,8555837554,0
^_HK,D,20180430,000000,833.02,839.51,833.02,839.51,9519835040,0
^_HK,D,20180502,000000,837.36,839.68,837.36,839.68,10681155691,0
^_HK,D,20180503,000000,835.75,839.24,835.75,839.24,11064730564,0
^_HK,D,20180504,000000,837.39,837.39,836.96,836.96,10569608805,0
^_HK,D,20180507,000000,836.03,838.37,836.03,838.37,10348244323,0
^_HK,D,20180508,000000,837.58,841.94,837.58,841.94,9872150318,0
^_HK,D,20180509,000000,840.98,843.85,840.98,843.85,9170139047,0
^_HK,D,20180510,000000,844.24,847.79,844.24,847.79,9351585341,0
^_HK,D,20180511,000000,847.38,848.49,847.38,848.49,11393997739,0
^_HK,D,20180514,000000,849.22,852.47,849.22,852.47,10698367973,0
^_HK,D,20180515,000000,851.41,851.53,851.41,851.53,13236921744,0
^_HK,D,20180516,000000,847.88,850.58,847.88,850.58,13992626276,0
^_HK,D,20180517,000000,849.66,850.09,849.66,850.09,15220879768,0
^_HK,D,20180518,000000,849.54,854.5,849.54,854.5,14170587021,0
^_HK,D,20180521,000000,854.99,856.16,854.99,856.16,20449858903,0
^_HK,D,20180523,000000,854.55,854.55,852.86,852.86,16351066339,0
^_HK,D,20180524,000000,852.44,855.19,852.44,855.19,17630129443,0
^_HK,D,20180525,000000,852.78,852.8,852.78,852.8,20692048305,0
^_HK,D,20180529,000000,850.25,850.25,845.98,845.98,14774040846,0
^_HK,D,20180530,000000,836.96,838.64,836.96,838.64,14541828949,0
^_HK,D,20180531,000000,841.17,846.35,841.17,846.35,27617752625,0
^_HK,D,20180601,000000,843.58,844.75,843.58,844.75,14475038239,0
^_HK,D,20180604,000000,844.32,848.34,844.32,848.34,13147829629,0
^_HK,D,20180605,000000,846.03,848.36,846.03,848.36,12694877216,0
^_HK,D,20180606,000000,847.39,850.3,847.39,850.3,10777722330,0
^_HK,D,20180607,000000,850.82,851.07,850.82,851.07,12593457249,0
^_HK,D,20180608,000000,849.29,849.29,847.48,847.48,10730990956,0
^_HK,D,20180611,000000,846.3,848.07,846.3,848.07,10108975230,0
^_HK,D,20180612,000000,845.83,848.64,845.83,848.64,11084479953,0
^_HK,D,20180613,000000,845.97,845.97,845.61,845.61,10927683341,0
^_HK,D,20180614,000000,842.13,842.13,840.45,840.45,13239137520,0
^_HK,D,20180615,000000,837.89,837.89,835.75,835.75,16996060642,0
^_HK,D,20180619,000000,825.73,825.73,810.35,810.35,17189565128,0
^_HK,D,20180620,000000,809.2,814.84,809.2,814.84,11383053513,0
^_HK,D,20180621,000000,813.74,813.74,808.93,808.93,10734970754,0
^_HK,D,20180622,000000,804.8,810.44,804.8,810.44,11815964588,0
^_HK,D,20180626,000000,802.74,802.74,801.78,801.78,15087859450,0
^_HK,D,20180627,000000,798.53,798.53,785.69,785.69,14282120457,0
^_HK,D,20180628,000000,781.86,782.57,781.86,782.57,14266978261,0
^_HK,D,20180703,000000,773.13,773.13,769.57,769.57,15294678675,0
^_HK,D,20180704,000000,766.5,766.5,761.04,761.04,10377915108,0
^_HK,D,20180705,000000,757,757,751.5,751.5,12358552821,0
^_HK,D,20180706,000000,749.98,750.42,749.98,750.42,12141842946,0
^_HK,D,20180709,000000,751.99,758.12,751.99,758.12,10541071656,0
^_HK,D,20180710,000000,757,757.1,757,757.1,10455353606,0
^_HK,D,20180711,000000,747.04,747.59,747.04,747.59,10606502134,0
^_HK,D,20180712,000000,745.25,755.03,745.25,755.03,10835960368,0
^_HK,D,20180713,000000,755.18,757.06,755.18,757.06,10893145451,0
^_HK,D,20180716,000000,755,755,754.52,754.52,11384517922,0
^_HK,D,20180717,000000,750.89,751.24,750.89,751.24,9081392483,0
^_HK,D,20180718,000000,751.02,753.29,751.02,753.29,9676896931,0
^_HK,D,20180719,000000,753.02,753.02,750.66,750.66,11136311038,0
^_HK,D,20180720,000000,746.59,750.9,746.59,750.9,12370347092,0
^_HK,D,20180724,000000,750.4,757.83,750.4,757.83,14067733120,0
^_HK,D,20180725,000000,758.98,761.87,758.98,761.87,11800159034,0
^_HK,D,20180726,000000,761.18,761.56,761.18,761.56,12492578035,0
^_HK,D,20180727,000000,759.38,762.41,759.38,762.41,9484075279,0
^_HK,D,20180730,000000,759.13,759.13,757.54,757.54,8808610670,0
^_HK,D,20180731,000000,754.83,754.83,754.11,754.11,9632041507,0
^_HK,D,20180801,000000,754.25,754.25,751.39,751.39,10118109163,0
^_HK,D,20180802,000000,746.12,746.12,739.36,739.36,11078184263,0
^_HK,D,20180806,000000,737.53,737.53,733.55,733.55,9226527709,0
^_HK,D,20180807,000000,733.57,739.96,733.57,739.96,9490921202,0
^_HK,D,20180809,000000,738.73,745.58,738.73,745.58,10876741665,0
^_HK,D,20180810,000000,744.02,744.67,744.02,744.67,10506033863,0
^_HK,D,20180813,000000,736.28,736.28,735.03,735.03,10502219057,0
^_HK,D,20180814,000000,731.04,731.04,728.66,728.66,11380980825,0
^_HK,D,20180815,000000,724.3,724.3,715.09,715.09,13348880693,0
^_HK,D,20180816,000000,707.11,710.81,707.11,710.81,11366548767,0
^_HK,D,20180817,000000,712.78,712.78,710.07,710.07,9424663966,0
^_HK,D,20180821,000000,709.89,718.49,709.89,718.49,11206074908,0
^_HK,D,20180822,000000,716.92,718.77,716.92,718.77,12244981034,0
^_HK,D,20180823,000000,717.29,718.53,717.29,718.53,8657447624,0
^_HK,D,20180824,000000,714.19,716.91,714.19,716.91,9151241101,0
^_HK,D,20180827,000000,717.92,722.06,717.92,722.06,10914991824,0
^_HK,D,20180828,000000,721.27,721.27,720.24,720.24,9477683994,0
^_HK,D,20180829,000000,718.34,720.29,718.34,720.29,9536248343,0
^_HK,D,20180830,000000,720.75,720.75,718.09,718.09,10147658925,0
^_HK,D,20180831,000000,712.48,714.91,712.48,714.91,11688202630,0
^_HK,D,20180903,000000,712.29,712.29,709.11,709.11,10144269996,0
^_HK,D,20180904,000000,706.19,713.2,706.19,713.2,10260392922,0
^_HK,D,20180905,000000,709.47,709.47,703.61,703.61,12460197548,0
^_HK,D,20180906,000000,699.48,699.48,696.43,696.43,12023425808,0
^_HK,D,20180907,000000,695.44,695.97,695.44,695.97,13088651054,0
^_HK,D,20180910,000000,690.8,690.8,685.25,685.25,10299813025,0
^_HK,D,20180911,000000,681.84,681.84,679.14,679.14,9472995400,0
^_HK,D,20180912,000000,676.94,676.94,675.14,675.14,10119082119,0
^_HK,D,20180913,000000,678.07,682.38,678.07,682.38,10976111366,0
^_HK,D,20180914,000000,682.22,684.56,682.22,684.56,9203830833,0
^_HK,D,20180917,000000,680.54,680.64,680.54,680.64,6087738771,0
^_HK,D,20180918,000000,677.38,683.31,677.38,683.31,10411808248,0
^_HK,D,20180919,000000,683.97,689.74,683.97,689.74,9947924013,0
^_HK,D,20180920,000000,690.24,690.65,690.24,690.65,7782257881,0
^_HK,D,20180921,000000,692.44,698.04,692.44,698.04,14303260604,0
^_HK,D,20180924,000000,694.75,694.75,692.93,692.93,6653973179,0
^_HK,D,20180926,000000,691.13,692.69,691.13,692.69,10291862893,0
^_HK,D,20180927,000000,690.89,690.89,690.56,690.56,7473242363,0
^_HK,D,20181002,000000,687.88,687.88,683.1,683.1,8862264619,0
^_HK,D,20181003,000000,681.67,684.52,681.67,684.52,6730323294,0
^_HK,D,20181004,000000,681.22,681.22,679.36,679.36,7700712706,0
^_HK,D,20181005,000000,674.52,675.33,674.52,675.33,7463491006,0
^_HK,D,20181008,000000,672.26,672.26,664.62,664.62,9763599406,0
^_HK,D,20181009,000000,660.99,662.3,660.99,662.3,8336068958,0
^_HK,D,20181010,000000,660.8,660.8,660.19,660.19,11144352283,0
^_HK,D,20181011,000000,641.16,641.16,633.12,633.12,14793509367,0
^_HK,D,20181016,000000,633.09,633.09,631.98,631.98,7678900778,0
^_HK,D,20181018,000000,632.02,632.02,629.9,629.9,8705095518,0
^_HK,D,20181019,000000,625.99,631.58,625.99,631.58,11164421032,0
^_HK,D,20181022,000000,632.79,640.1,632.79,640.1,10797593240,0
^_HK,D,20181023,000000,635.61,635.61,629.05,629.05,8970323787,0
^_HK,D,20181024,000000,626.85,626.86,626.85,626.86,9433145557,0
^_HK,D,20181025,000000,616.83,620.93,616.83,620.93,9335312784,0
^_HK,D,20181026,000000,620.28,620.28,618.58,618.58,8631524279,0
^_HK,D,20181029,000000,616.58,616.58,614.43,614.43,8108001880,0
^_HK,D,20181030,000000,611.29,612.2,611.29,612.2,9144651579,0
^_HK,D,20181031,000000,614.41,619.2,614.41,619.2,10119629546,0
^_HK,D,20181101,000000,621.51,624.74,621.51,624.74,10567669047,0
^_HK,D,20181102,000000,631.11,638.97,631.11,638.97,14435303189,0
^_HK,D,20181105,000000,633.69,633.86,633.69,633.86,8867390348,0
^_HK,D,20181106,000000,633.78,636.84,633.78,636.84,7839240821,0
^_HK,D,20181107,000000,635.98,638.44,635.98,638.44,9540682021,0
^_HK,D,20181108,000000,642.78,642.78,640.61,640.61,9957108106,0
^_HK,D,20181113,000000,634.59,642.41,634.59,642.41,8832201315,0
^_HK,D,20181114,000000,641.99,642.81,641.99,642.81,8563261643,0
^_HK,D,20181115,000000,643.52,644.83,643.52,644.83,17048391843,0
^_HK,D,20181116,000000,643.11,646.03,643.11,646.03,11180314936,0
^_HK,D,20181119,000000,644.73,648.61,644.73,648.61,9081101011,0
^_HK,D,20181120,000000,643,643.03,643,643.03,10706417659,0
^_HK,D,20181121,000000,638.66,645.31,638.66,645.31,9617785585,0
^_HK,D,20181122,000000,645.42,646.22,645.42,646.22,8467443064,0
^_HK,D,20181123,000000,644.72,644.72,643.07,643.07,7466360185,0
^_HK,D,20181126,000000,640.74,643.34,640.74,643.34,8131481150,0
^_HK,D,20181127,000000,641.78,642.43,641.78,642.43,8144269434,0
^_HK,D,20181128,000000,642.13,646.5,642.13,646.5,11018002272,0
^_HK,D,20181129,000000,646.94,646.94,644.22,644.22,10225577532,0
^_HK,D,20181130,000000,643.82,645.44,643.82,645.44,13909628530,0
^_HK,D,20181203,000000,650.37,651.43,650.37,651.43,13302375394,0
^_HK,D,20181204,000000,649.53,652.55,649.53,652.55,10716476461,0
^_HK,D,20181205,000000,645.45,647.93,645.45,647.93,9947062982,0
^_HK,D,20181206,000000,643.53,643.53,639.23,639.23,10321742364,0
^_HK,D,20181207,000000,638.11,638.11,637.12,637.12,11276705978,0
^_HK,D,20181210,000000,632.47,632.47,631.08,631.08,9590698847,0
^_HK,D,20181211,000000,629.77,632.62,629.77,632.62,9609222349,0
^_HK,D,20181212,000000,633.03,634.01,633.03,634.01,10071489109,0
^_HK,D,20181213,000000,635.04,638.46,635.04,638.46,10120136957,0
^_HK,D,20181214,000000,635.26,635.26,633.93,633.93,8806731602,0
^_HK,D,20181217,000000,631.11,632.23,631.11,632.23,8290869391,0
^_HK,D,20181218,000000,628.23,628.23,627.82,627.82,9483562853,0
^_HK,D,20181219,000000,626.26,626.87,626.26,626.87,9548040527,0
^_HK,D,20181220,000000,624.11,624.11,623.03,623.03,10557599680,0
^_HK,D,20181221,000000,618.7,619.48,618.7,619.48,10955678670,0
^_HK,D,20181224,000000,617.21,619.32,617.21,619.32,4257652442,0
^_HK,D,20181227,000000,618.18,618.18,616.59,616.59,7412467922,0
^_HK,D,20181228,000000,615.54,618.95,615.54,618.95,6609549609,0
^_HK,D,20181231,000000,619.16,625.57,619.16,625.57,4595144518,0
^_HK,D,20190102,000000,621.63,621.63,616.53,616.53,8124328039,0
^_HK,D,20190103,000000,614.1,614.1,612.79,612.79,7541266696,0
^_HK,D,20190104,000000,609.24,615.25,609.24,615.25,8122198454,0
^_HK,D,20190107,000000,616.82,618.31,616.82,618.31,7772783372,0
^_HK,D,20190108,000000,617.18,618.44,617.18,618.44,7891264479,0
^_HK,D,20190109,000000,619.2,621.51,619.2,621.51,11453342700,0
^_HK,D,20190110,000000,620.32,622.74,620.32,622.74,9855842615,0
^_HK,D,20190111,000000,622.25,624.38,622.25,624.38,8886214179,0
^_HK,D,20190114,000000,622.37,622.37,620.97,620.97,6884617131,0
^_HK,D,20190115,000000,620.68,624.62,620.68,624.62,9130291361,0
^_HK,D,20190116,000000,623.13,626.07,623.13,626.07,9628529493,0
^_HK,D,20190117,000000,624.59,624.59,622.53,622.53,12664892907,0
^_HK,D,20190118,000000,622.25,625.41,622.25,625.41,12831405776,0
^_HK,D,20190121,000000,625.02,626.98,625.02,626.98,9228083584,0
^_HK,D,20190122,000000,624.86,624.86,624.85,624.85,8012363806,0
^_HK,D,20190123,000000,622.33,625.71,622.33,625.71,9680468046,0
^_HK,D,20190124,000000,624.2,627.6,624.2,627.6,8958941038,0
^_HK,D,20190125,000000,627.16,630.68,627.16,630.68,10459879489,0
^_HK,D,20190128,000000,630.18,630.29,630.18,630.29,9097735207,0
^_HK,D,20190129,000000,627.36,630.83,627.36,630.83,9392812442,0
^_HK,D,20190130,000000,629.39,631.47,629.39,631.47,10958823363,0
^_HK,D,20190131,000000,632.46,636,632.46,636,12137851256,0
^_HK,D,20190201,000000,636.15,639.1,636.15,639.1,10301926710,0
^_HK,D,20190204,000000,639.14,643.09,639.14,643.09,4280815663,0
^_HK,D,20190208,000000,641.03,645.56,641.03,645.56,9246619568,0
^_HK,D,20190211,000000,643.41,646.84,643.41,646.84,9391547661,0
^_HK,D,20190212,000000,645.89,648.25,645.89,648.25,11160980470,0
^_HK,D,20190213,000000,648.34,653.52,648.34,653.52,12933530666,0
^_HK,D,20190214,000000,652.05,654.53,652.05,654.53,12900644785,0
^_HK,D,20190215,000000,651.06,651.06,648.7,648.7,11494004947,0
^_HK,D,20190218,000000,649.75,654.4,649.75,654.4,12136563038,0
^_HK,D,20190219,000000,653.54,653.54,653.37,653.37,10725968772,0
^_HK,D,20190220,000000,653.41,656.91,653.41,656.91,13207836762,0
^_HK,D,20190221,000000,656.92,660.45,656.92,660.45,13309892837,0
^_HK,D,20190222,000000,659.13,665.76,659.13,665.76,13861232206,0
^_HK,D,20190225,000000,665.83,670.11,665.83,670.11,20582359925,0
^_HK,D,20190226,000000,669.11,669.82,669.11,669.82,16637184004,0
^_HK,D,20190227,000000,669.2,669.2,667.51,667.51,15255359875,0
^_HK,D,20190228,000000,666.31,667.15,666.31,667.15,14724797257,0
^_HK,D,20190301,000000,666.28,672.18,666.28,672.18,12790651993,0
^_HK,D,20190304,000000,672.48,677.09,672.48,677.09,17070552863,0
^_HK,D,20190305,000000,673.92,678.4,673.92,678.4,13822422991,0
^_HK,D,20190306,000000,677.53,680.59,677.53,680.59,13906576179,0
^_HK,D,20190307,000000,679.16,679.16,678.18,678.18,12656921862,0
^_HK,D,20190308,000000,672.31,672.31,668.63,668.63,16789864587,0
^_HK,D,20190311,000000,667.73,673.48,667.73,673.48,14390542245,0
^_HK,D,20190312,000000,674.19,677.24,674.19,677.24,13201743287,0
^_HK,D,20190313,000000,675.82,676.94,675.82,676.94,12094081738,0
^_HK,D,20190314,000000,675.81,675.81,674.86,674.86,13606971685,0
^_HK,D,20190315,000000,673.51,676.89,673.51,676.89,17122247648,0
^_HK,D,20190318,000000,675.58,678.98,675.58,678.98,13823124848,0
^_HK,D,20190319,000000,678.01,679.07,678.01,679.07,11779673456,0
^_HK,D,20190320,000000,676.75,676.75,675.96,675.96,14878888876,0
^_HK,D,20190321,000000,674.03,674.03,673.91,673.91,11799411903,0
^_HK,D,20190322,000000,672.81,674.76,672.81,674.76,10709558775,0
^_HK,D,20190325,000000,666.87,668.13,666.87,668.13,13012219259,0
^_HK,D,20190326,000000,668.19,668.61,668.19,668.61,9941528974,0
^_HK,D,20190327,000000,667.85,671.26,667.85,671.26,13640466605,0
^_HK,D,20190328,000000,669.4,670.16,669.4,670.16,12524832265,0
^_HK,D,20190329,000000,669.61,673.09,669.61,673.09,15174999367,0
^_HK,D,20190401,000000,673.79,676.35,673.79,676.35,14725051746,0
^_HK,D,20190402,000000,676.09,678.74,676.09,678.74,13029024711,0
^_HK,D,20190403,000000,677.03,681.14,677.03,681.14,14729345239,0
^_HK,D,20190404,000000,680.42,682.11,680.42,682.11,12721650109,0
^_HK,D,20190408,000000,681.67,682.54,681.67,682.54,13874458849,0
^_HK,D,20190409,000000,680.88,684.22,680.88,684.22,16001709841,0
^_HK,D,20190410,000000,681.13,685.08,681.13,685.08,14621421806,0
^_HK,D,20190411,000000,683.94,683.94,680.98,680.98,14527564459,0
^_HK,D,20190412,000000,679.52,681.36,679.52,681.36,13756266512,0
^_HK,D,20190415,000000,682.05,682.05,679.86,679.86,12534971831,0
^_HK,D,20190416,000000,678.12,680.88,678.12,680.88,13739101218,0
^_HK,D,20190417,000000,680.72,681.47,680.72,681.47,11964532818,0
^_HK,D,20190418,000000,679.37,679.61,679.37,679.61,12481637924,0
^_HK,D,20190423,000000,676.15,676.15,676.04,676.04,13939099892,0
^_HK,D,20190424,000000,675.58,675.58,674.68,674.68,11871451205,0
^_HK,D,20190425,000000,672.6,672.6,668.4,668.4,12545639779,0
^_HK,D,20190426,000000,666.57,667.19,666.57,667.19,11307272813,0
^_HK,D,20190429,000000,665.99,666.88,665.99,666.88,8452776413,0
^_HK,D,20190430,000000,664.99,667.03,664.99,667.03,9076683769,0
^_HK,D,20190502,000000,664.55,667.1,664.55,667.1,7775786229,0
^_HK,D,20190503,000000,665.11,667.75,665.11,667.75,7219358171,0
^_HK,D,20190506,000000,654.93,654.93,649.31,649.31,14529189849,0
^_HK,D,20190507,000000,650.37,651.89,650.37,651.89,10291000488,0
^_HK,D,20190508,000000,644.82,645.37,644.82,645.37,9928658816,0
^_HK,D,20190509,000000,641.76,641.76,635.28,635.28,12339715040,0
^_HK,D,20190510,000000,637.79,640.78,637.79,640.78,11401888423,0
^_HK,D,20190514,000000,629.88,631.27,629.88,631.27,11576208619,0
^_HK,D,20190515,000000,632.19,634.7,632.19,634.7,9554843221,0
^_HK,D,20190516,000000,634.02,635.44,634.02,635.44,9050585227,0
^_HK,D,20190517,000000,634.05,634.05,629.31,629.31,10257437754,0
^_HK,D,20190520,000000,626.62,626.62,620.91,620.91,11382700159,0
^_HK,D,20190521,000000,618.99,621.65,618.99,621.65,10934938036,0
^_HK,D,20190522,000000,622.06,623.05,622.06,623.05,8813846544,0
^_HK,D,20190523,000000,618.79,618.79,615.21,615.21,10206795788,0
^_HK,D,20190524,000000,614.1,615.84,614.1,615.84,8688902996,0
^_HK,D,20190527,000000,613.33,614.36,613.33,614.36,10405786841,0
^_HK,D,20190528,000000,612.89,616.69,612.89,616.69,15235263714,0
^_HK,D,20190529,000000,614.91,615.63,614.91,615.63,10400853359,0
^_HK,D,20190530,000000,613.76,614.91,613.76,614.91,7965684065,0
^_HK,D,20190531,000000,613.62,614.47,613.62,614.47,10093842517,0
^_HK,D,20190603,000000,612.28,612.28,611.55,611.55,9349892786,0
^_HK,D,20190604,000000,609.85,609.85,607.64,607.64,8850197240,0
^_HK,D,20190605,000000,609.68,609.68,608.48,608.48,10356823837,0
^_HK,D,20190606,000000,606.7,607.12,606.7,607.12,8422173762,0
^_HK,D,20190610,000000,607.32,611.3,607.32,611.3,9577238928,0
^_HK,D,20190611,000000,611.16,615.02,611.16,615.02,10915192045,0
^_HK,D,20190612,000000,610.86,610.86,608.94,608.94,10040942436,0
^_HK,D,20190613,000000,606.36,608.78,606.36,608.78,8743561085,0
^_HK,D,20190614,000000,607.16,607.16,606.04,606.04,9672173597,0
^_HK,D,20190617,000000,604.59,605.99,604.59,605.99,8091791975,0
^_HK,D,20190618,000000,604.71,606.32,604.71,606.32,8997474042,0
^_HK,D,20190619,000000,609.46,611.31,609.46,611.31,10728418632,0
^_HK,D,20190620,000000,610.69,615.07,610.69,615.07,10854347219,0
^_HK,D,20190621,000000,614.61,614.61,614.47,614.47,13115688417,0
^_HK,D,20190624,000000,612.47,614.29,612.47,614.29,8649312213,0
^_HK,D,20190625,000000,612.5,612.5,610.61,610.61,9409317269,0
^_HK,D,20190626,000000,607.79,610.95,607.79,610.95,7836526275,0
^_HK,D,20190627,000000,610.48,613.96,610.48,613.96,9124125082,0
^_HK,D,20190628,000000,612.29,614.34,612.29,614.34,9744239877,0
^_HK,D,20190702,000000,616.59,617.62,616.59,617.62,12388460489,0
^_HK,D,20190703,000000,615.68,616.08,615.68,616.08,9656775773,0
^_HK,D,20190704,000000,614.65,614.97,614.65,614.97,9186405344,0
^_HK,D,20190705,000000,614.16,614.47,614.16,614.47,7806156591,0
^_HK,D,20190708,000000,610.09,610.09,607.06,607.06,9762437952,0
^_HK,D,20190709,000000,605.67,605.73,605.67,605.73,8048865181,0
^_HK,D,20190710,000000,605.29,607.39,605.29,607.39,8209284089,0
^_HK,D,20190711,000000,607.52,609.24,607.52,609.24,8769916740,0
^_HK,D,20190712,000000,607.61,608,607.61,608,11659618981,0
^_HK,D,20190715,000000,605.65,607.81,605.65,607.81,9158477625,0
^_HK,D,20190716,000000,606.68,608.4,606.68,608.4,9167314507,0
^_HK,D,20190717,000000,605.56,607.66,605.56,607.66,8069042572,0
^_HK,D,20190718,000000,605.26,606.74,605.26,606.74,12607493010,0
^_HK,D,20190719,000000,605.77,609.2,605.77,609.2,13746263634,0
^_HK,D,20190722,000000,606.65,606.65,604.84,604.84,10415418150,0
^_HK,D,20190723,000000,603.85,605.63,603.85,605.63,9136238613,0
^_HK,D,20190724,000000,604.66,606.25,604.66,606.25,10503526794,0
^_HK,D,20190725,000000,604.42,607.47,604.42,607.47,11644351004,0
^_HK,D,20190726,000000,605.4,605.78,605.4,605.78,11121125667,0
^_HK,D,20190729,000000,603.17,603.17,601.18,601.18,9012018606,0
^_HK,D,20190730,000000,600.24,601.98,600.24,601.98,8057094595,0
^_HK,D,20190731,000000,598.7,599.11,598.7,599.11,6700318698,0
^_HK,D,20190801,000000,595.58,596.19,595.58,596.19,10051479241,0
^_HK,D,20190802,000000,586.54,586.54,585.37,585.37,13856808196,0
^_HK,D,20190805,000000,577.11,577.11,570.94,570.94,12026084869,0
^_HK,D,20190806,000000,559.7,563.58,559.7,563.58,13793534761,0
^_HK,D,20190807,000000,564.39,566.31,564.39,566.31,9485507664,0
^_HK,D,20190808,000000,566.38,569.86,566.38,569.86,9381838634,0
^_HK,D,20190809,000000,569.34,569.34,567.86,567.86,8377635284,0
^_HK,D,20190812,000000,564.86,565.96,564.86,565.96,6912513947,0
^_HK,D,20190813,000000,559.31,559.31,556.38,556.38,9476785588,0
^_HK,D,20190814,000000,557.84,557.84,555.95,555.95,9468249109,0
^_HK,D,20190815,000000,549.75,555.17,549.75,555.17,9856360608,0
^_HK,D,20190816,000000,554.15,557.22,554.15,557.22,9866290218,0
^_HK,D,20190819,000000,558.2,563.74,558.2,563.74,10345574913,0
^_HK,D,20190820,000000,561.53,564.72,561.53,564.72,8671184637,0
^_HK,D,20190821,000000,561.97,565.39,561.97,565.39,9956705961,0
^_HK,D,20190822,000000,563.98,565.38,563.98,565.38,9411648974,0
^_HK,D,20190823,000000,562.89,564.79,562.89,564.79,8396591674,0
^_HK,D,20190826,000000,552.96,556.53,552.96,556.53,10138658169,0
^_HK,D,20190827,000000,555.72,555.74,555.72,555.74,9245567790,0
^_HK,D,20190828,000000,556.29,556.72,556.29,556.72,9267119800,0
^_HK,D,20190829,000000,554.8,555.55,554.8,555.55,8914898393,0
^_HK,D,20190830,000000,554,555.67,554,555.67,9215212397,0
^_HK,D,20190902,000000,552.45,554.28,552.45,554.28,7179104963,0
^_HK,D,20190903,000000,552.3,553.25,552.3,553.25,7383417039,0
^_HK,D,20190904,000000,552.53,559.01,552.53,559.01,11760507871,0
^_HK,D,20190905,000000,557.75,560.78,557.75,560.78,9991043160,0
^_HK,D,20190906,000000,560.34,563.02,560.34,563.02,10614294088,0
^_HK,D,20190909,000000,561.17,562.03,561.17,562.03,9373420832,0
^_HK,D,20190910,000000,560.33,562.33,560.33,562.33,9921221135,0
^_HK,D,20190911,000000,562.14,564.91,562.14,564.91,11085360042,0
^_HK,D,20190912,000000,564.79,566.97,564.79,566.97,10115688518,0
^_HK,D,20190913,000000,567.37,572.22,567.37,572.22,8135230348,0
^_HK,D,20190916,000000,569.9,570.38,569.9,570.38,10419141811,0
^_HK,D,20190917,000000,567.72,567.72,566.68,566.68,9284836694,0
^_HK,D,20190918,000000,565.98,568.76,565.98,568.76,8173979895,0
^_HK,D,20190919,000000,566.59,566.79,566.59,566.79,9502377447,0
^_HK,D,20190920,000000,566.46,567.97,566.46,567.97,13475127930,0
^_HK,D,20190923,000000,565.51,565.51,564.14,564.14,9829812501,0
^_HK,D,20190924,000000,562.62,563.04,562.62,563.04,13985961472,0
^_HK,D,20190925,000000,559.37,559.37,557.68,557.68,12320588048,0
^_HK,D,20190926,000000,557.04,557.91,557.04,557.91,10575701325,0
^_HK,D,20190927,000000,555.68,556.81,555.68,556.81,9273452287,0
^_HK,D,20190930,000000,553.9,556.08,553.9,556.08,9441933684,0
^_HK,D,20191002,000000,552.76,554.9,552.76,554.9,6776121391,0
^_HK,D,20191003,000000,551.07,554.45,551.07,554.45,6278685805,0
^_HK,D,20191004,000000,552.76,552.76,551.3,551.3,7505616673,0
^_HK,D,20191008,000000,548.61,550.07,548.61,550.07,8828651119,0
^_HK,D,20191009,000000,547.06,547.44,547.06,547.44,7740008719,0
^_HK,D,20191010,000000,545.17,547.59,545.17,547.59,9991394274,0
^_HK,D,20191011,000000,546.77,551.81,546.77,551.81,10987306338,0
^_HK,D,20191014,000000,551.49,553.51,551.49,553.51,8828675990,0
^_HK,D,20191015,000000,551.63,551.94,551.63,551.94,7952274714,0
^_HK,D,20191016,000000,550.81,551.81,550.81,551.81,9229424571,0
^_HK,D,20191017,000000,550.19,552.51,550.19,552.51,8338289041,0
^_HK,D,20191018,000000,550.8,551.21,550.8,551.21,9686342233,0
^_HK,D,20191021,000000,550.24,551.42,550.24,551.42,6929414721,0
^_HK,D,20191022,000000,550.19,550.63,550.19,550.63,8307391668,0
^_HK,D,20191023,000000,549.04,549.04,548.72,548.72,7143806923,0
^_HK,D,20191024,000000,548.19,550.75,548.19,550.75,7871045340,0
^_HK,D,20191025,000000,549.55,551.55,549.55,551.55,7218307208,0
^_HK,D,20191028,000000,551.52,552.6,551.52,552.6,9129429904,0
^_HK,D,20191029,000000,551.44,551.81,551.44,551.81,8710752554,0
^_HK,D,20191030,000000,550.36,551.22,550.36,551.22,8050885561,0
^_HK,D,20191031,000000,549.57,551.64,549.57,551.64,9086502691,0
^_HK,D,20191101,000000,549.75,553.08,549.75,553.08,8676857101,0
^_HK,D,20191104,000000,552.54,556.1,552.54,556.1,10506842626,0
^_HK,D,20191105,000000,555.21,557.59,555.21,557.59,9574605607,0
^_HK,D,20191106,000000,556.18,558.08,556.18,558.08,8977239062,0
^_HK,D,20191107,000000,556.72,560.01,556.72,560.01,9678893815,0
^_HK,D,20191108,000000,559.38,559.66,559.38,559.66,9029668916,0
^_HK,D,20191111,000000,555.51,555.51,550.93,550.93,8887344568,0
^_HK,D,20191112,000000,550.85,552.44,550.85,552.44,6979973584,0
^_HK,D,20191113,000000,548.2,548.2,546.47,546.47,8623466029,0
^_HK,D,20191114,000000,544,544,542.99,542.99,7576369197,0
^_HK,D,20191115,000000,541.83,541.83,540.87,540.87,7314771545,0
^_HK,D,20191118,000000,540.35,541.8,540.35,541.8,7383668067,0
^_HK,D,20191119,000000,539.75,544.82,539.75,544.82,8063947462,0
^_HK,D,20191120,000000,542.56,543.81,542.56,543.81,7655339177,0
^_HK,D,20191121,000000,539.04,539.04,537.84,537.84,10136879309,0
^_HK,D,20191122,000000,536.1,537.93,536.1,537.93,10854034703,0
^_HK,D,20191125,000000,536.57,539.4,536.57,539.4,10967215432,0
^_HK,D,20191126,000000,537.73,540.36,537.73,540.36,18541252798,0
^_HK,D,20191127,000000,538.6,538.93,538.6,538.93,12787627228,0
^_HK,D,20191128,000000,535.89,536.84,535.89,536.84,12206927700,0
^_HK,D,20191129,000000,533.47,533.47,533.16,533.16,10674146609,0
^_HK,D,20191202,000000,531.57,532.79,531.57,532.79,9688659107,0
^_HK,D,20191203,000000,529.92,532.98,529.92,532.98,10007624989,0
^_HK,D,20191204,000000,529.57,530.79,529.57,530.79,8968063513,0
^_HK,D,20191205,000000,530.45,532.16,530.45,532.16,8139077749,0
^_HK,D,20191206,000000,531.58,534.45,531.58,534.45,9574682378,0
^_HK,D,20191209,000000,533.49,534.73,533.49,534.73,8364407791,0
^_HK,D,20191210,000000,532.25,533.76,532.25,533.76,11154923652,0
^_HK,D,20191211,000000,532.01,535.61,532.01,535.61,9345998488,0
^_HK,D,20191212,000000,534.71,536.91,534.71,536.91,9991946518,0
^_HK,D,20191213,000000,538.16,540.17,538.16,540.17,12671773101,0
^_HK,D,20191216,000000,538.09,540.77,538.09,540.77,9889170053,0
^_HK,D,20191217,000000,539.83,543.86,539.83,543.86,11744540323,0
^_HK,D,20191218,000000,541.97,543.92,541.97,543.92,10673598492,0
^_HK,D,20191219,000000,541.79,542.88,541.79,542.88,8536228151,0
^_HK,D,20191220,000000,541.72,542.51,541.72,542.51,10962460117,0
^_HK,D,20191223,000000,540.58,542.71,540.58,542.71,7322639926,0
^_HK,D,20191224,000000,540.68,543.05,540.68,543.05,3887736200,0
^_HK,D,20191227,000000,541.78,544.95,541.78,544.95,9352395937,0
^_HK,D,20191230,000000,543.53,546.65,543.53,546.65,10632432907,0
^_HK,D,20191231,000000,545.09,548.34,545.09,548.34,6306063707,0
^_HK,D,20200102,000000,547.71,551.5,547.71,551.5,9182978206,0
^_HK,D,20200103,000000,550.5,550.5,550.38,550.38,10347186210,0
^_HK,D,20200106,000000,546.49,546.55,546.49,546.55,9306009742,0
^_HK,D,20200107,000000,545.76,547.49,545.76,547.49,8923881507,0
^_HK,D,20200108,000000,542.42,543.34,542.42,543.34,9491652725,0
^_HK,D,20200109,000000,543.63,547.17,543.63,547.17,9684385782,0
^_HK,D,20200110,000000,545.1,547.86,545.1,547.86,11805421006,0
^_HK,D,20200113,000000,545.83,549.83,545.83,549.83,10661990951,0
^_HK,D,20200114,000000,548.93,550.11,548.93,550.11,12503319550,0
^_HK,D,20200115,000000,548.07,550.34,548.07,550.34,10408308485,0
^_HK,D,20200116,000000,548.21,550.9,548.21,550.9,10686221680,0
^_HK,D,20200117,000000,550.31,553.01,550.31,553.01,11759778619,0
^_HK,D,20200120,000000,551.2,551.72,551.2,551.72,10829628375,0
^_HK,D,20200121,000000,547.58,547.58,542.19,542.19,12538671998,0
^_HK,D,20200122,000000,540.55,545.44,540.55,545.44,8505351060,0
^_HK,D,20200123,000000,541.97,541.97,537.08,537.08,10063044202,0
^_HK,D,20200124,000000,535.08,538.8,535.08,538.8,3740080488,0
^_HK,D,20200129,000000,524.78,524.78,523.84,523.84,10332199865,0
^_HK,D,20200130,000000,518.09,518.09,511.78,511.78,14391297362,0
^_HK,D,20200131,000000,511.74,512.42,511.74,512.42,13273793844,0
^_HK,D,20200203,000000,506.76,509.13,506.76,509.13,12633081323,0
^_HK,D,20200204,000000,510.22,514.48,510.22,514.48,12885481183,0
^_HK,D,20200205,000000,514.34,515.81,514.34,515.81,12877220908,0
^_HK,D,20200206,000000,516.97,521.88,516.97,521.88,12761497221,0
^_HK,D,20200207,000000,520.77,521.54,520.77,521.54,9433265058,0
^_HK,D,20200210,000000,517.97,519.85,517.97,519.85,9238659026,0
^_HK,D,20200211,000000,519.99,523.13,519.99,523.13,12161382167,0
^_HK,D,20200212,000000,522.29,525.66,522.29,525.66,12654884101,0
^_HK,D,20200213,000000,524.84,525.42,524.84,525.42,11447500566,0
^_HK,D,20200214,000000,524,525.69,524,525.69,10276089585,0
^_HK,D,20200217,000000,524.87,528.23,524.87,528.23,10833084388,0
^_HK,D,20200218,000000,525.48,525.48,525.33,525.33,10281489076,0
^_HK,D,20200219,000000,525.21,526.69,525.21,526.69,10353915360,0
^_HK,D,20200220,000000,525.72,526.92,525.72,526.92,10891508316,0
^_HK,D,20200221,000000,524.33,524.46,524.33,524.46,10528589727,0
^_HK,D,20200224,000000,520.4,520.4,518.58,518.58,12739116631,0
^_HK,D,20200225,000000,514.1,516.91,514.1,516.91,11477542535,0
^_HK,D,20200226,000000,512.27,515.46,512.27,515.46,12237721452,0
^_HK,D,20200227,000000,513.03,515.03,513.03,515.03,12214598397,0
^_HK,D,20200228,000000,506.87,506.87,504.68,504.68,16198072800,0
^_HK,D,20200302,000000,503.14,507.74,503.14,507.74,12654548489,0
^_HK,D,20200303,000000,508.62,508.62,508.31,508.31,11230293111,0
^_HK,D,20200304,000000,506.54,507.65,506.54,507.65,10767877689,0
^_HK,D,20200305,000000,507.96,511.25,507.96,511.25,12608025196,0
^_HK,D,20200306,000000,506.04,506.06,506.04,506.06,11504699953,0
^_HK,D,20200309,000000,495.32,495.32,488.89,488.89,16704124626,0
^_HK,D,20200310,000000,485.35,489.67,485.35,489.67,13727119237,0
^_HK,D,20200311,000000,489.87,489.87,488.91,488.91,12791115591,0
^_HK,D,20200312,000000,479.81,479.81,474.92,474.92,16938993598,0
^_HK,D,20200313,000000,455.42,465.09,455.42,465.09,22159214793,0
^_HK,D,20200316,000000,458.37,458.37,451.12,451.12,16070336093,0
^_HK,D,20200317,000000,444.57,446.37,444.57,446.37,15775232003,0
^_HK,D,20200318,000000,442.13,442.13,433.99,433.99,25722915095,0
^_HK,D,20200319,000000,426.11,426.11,419.31,419.31,23587731203,0
^_HK,D,20200320,000000,421.76,429.97,421.76,429.97,18491288329,0
^_HK,D,20200323,000000,418.53,418.53,418.03,418.03,14415524573,0
^_HK,D,20200324,000000,421.75,426.75,421.75,426.75,14079109372,0
^_HK,D,20200325,000000,432.08,436.43,432.08,436.43,15716004129,0
^_HK,D,20200326,000000,434.84,436.35,434.84,436.35,11863229056,0
^_HK,D,20200327,000000,438.14,438.63,438.14,438.63,11902527313,0
^_HK,D,20200330,000000,432.14,433.26,432.14,433.26,11327954522,0
^_HK,D,20200331,000000,434.3,437.82,434.3,437.82,12438941035,0
^_HK,D,20200401,000000,434.12,434.12,432.9,432.9,12595291490,0
^_HK,D,20200402,000000,429.14,433.88,429.14,433.88,9085617195,0
^_HK,D,20200403,000000,430.4,432.24,430.4,432.24,7868778760,0
^_HK,D,20200406,000000,431.72,434.1,431.72,434.1,8390807278,0
^_HK,D,20200407,000000,435.31,439.6,435.31,439.6,13176510590,0
^_HK,D,20200408,000000,436.79,439.47,436.79,439.47,10568159276,0
^_HK,D,20200409,000000,439.97,444.77,439.97,444.77,10853886734,0
^_HK,D,20200414,000000,443.03,445.96,443.03,445.96,12048453281,0
^_HK,D,20200415,000000,444.66,444.66,443.55,443.55,11383393470,0
^_HK,D,20200416,000000,440.32,441.93,440.32,441.93,10564935137,0
^_HK,D,20200417,000000,442.74,444.37,442.74,444.37,12028973923,0
^_HK,D,20200420,000000,442.79,444.9,442.79,444.9,8631212899,0
^_HK,D,20200421,000000,440.87,440.87,438.81,438.81,10896046898,0
^_HK,D,20200422,000000,434.58,439.04,434.58,439.04,9980480089,0
^_HK,D,20200423,000000,439.22,440.2,439.22,440.2,10200105648,0
^_HK,D,20200424,000000,437.52,438.42,437.52,438.42,8624167330,0
^_HK,D,20200427,000000,437.45,441.08,437.45,441.08,10156471034,0
^_HK,D,20200428,000000,440.2,443.2,440.2,443.2,9116607767,0
^_HK,D,20200429,000000,442.64,444.57,442.64,444.57,9634530108,0
^_HK,D,20200504,000000,438.16,438.16,435.72,435.72,10358720273,0
^_HK,D,20200505,000000,434.77,438.19,434.77,438.19,6849378178,0
^_HK,D,20200506,000000,438.01,440.61,438.01,440.61,10062804971,0
^_HK,D,20200507,000000,438.77,440.25,438.77,440.25,7763339847,0
^_HK,D,20200508,000000,440.1,444.33,440.1,444.33,9420057424,0
^_HK,D,20200511,000000,444.02,446.4,444.02,446.4,9269657273,0
^_HK,D,20200512,000000,444.47,445.58,444.47,445.58,11008342941,0
^_HK,D,20200513,000000,442.89,444.47,442.89,444.47,11467257834,0
^_HK,D,20200514,000000,441.54,442.02,441.54,442.02,11383622218,0
^_HK,D,20200515,000000,440.18,442.03,440.18,442.03,10063783247,0
^_HK,D,20200518,000000,439.41,441.46,439.41,441.46,11484844439,0
^_HK,D,20200519,000000,441.92,443.89,441.92,443.89,13699510878,0
^_HK,D,20200520,000000,442.23,443.99,442.23,443.99,11948414226,0
^_HK,D,20200521,000000,442.31,442.31,441.6,441.6,12407730992,0
^_HK,D,20200522,000000,433.99,433.99,427.58,427.58,18153355394,0
^_HK,D,20200525,000000,423.47,427.35,423.47,427.35,10692349188,0
^_HK,D,20200526,000000,425.99,431.1,425.99,431.1,10510347452,0
^_HK,D,20200527,000000,428.23,428.23,428.01,428.01,11197859021,0
^_HK,D,20200528,000000,423.72,424.04,423.72,424.04,11986575827,0
^_HK,D,20200529,000000,421.02,423.99,421.02,423.99,17214154990,0
^_HK,D,20200601,000000,423.42,429.04,423.42,429.04,12939435289,0
^_HK,D,20200602,000000,427.12,431.29,427.12,431.29,13610960821,0
^_HK,D,20200603,000000,430.57,433.18,430.57,433.18,13236086849,0
^_HK,D,20200604,000000,432.73,433.98,432.73,433.98,13264410080,0
^_HK,D,20200605,000000,431.99,438.91,431.99,438.91,14212928646,0
^_HK,D,20200608,000000,438.57,440.65,438.57,440.65,13209216820,0
^_HK,D,20200609,000000,440.18,444.5,440.18,444.5,13979901097,0
^_HK,D,20200610,000000,442.98,443.33,442.98,443.33,12842023132,0
^_HK,D,20200611,000000,441.1,441.1,439.5,439.5,13272342673,0
^_HK,D,20200612,000000,432.8,439.2,432.8,439.2,10448849597,0
^_HK,D,20200615,000000,437.24,437.24,435.74,435.74,11181037488,0
^_HK,D,20200616,000000,436.93,440.65,436.93,440.65,11471456413,0
^_HK,D,20200617,000000,439.46,442.2,439.46,442.2,10251673902,0
^_HK,D,20200618,000000,440.58,443.34,440.58,443.34,11027208034,0
^_HK,D,20200619,000000,441.76,445.92,441.76,445.92,14204411083,0
^_HK,D,20200622,000000,443.11,444.22,443.11,444.22,10378872865,0
^_HK,D,20200623,000000,442.65,444.8,442.65,444.8,8819788787,0
^_HK,D,20200624,000000,443.01,444.74,443.01,444.74,11164475064,0
^_HK,D,20200626,000000,441.91,444.84,441.91,444.84,9457684359,0
^_HK,D,20200629,000000,442.32,442.32,442.25,442.25,12775959194,0
^_HK,D,20200630,000000,442.2,444.56,442.2,444.56,12253596817,0
^_HK,D,20200702,000000,443.39,450.21,443.39,450.21,15744482065,0
^_HK,D,20200703,000000,448.87,453.27,448.87,453.27,16049087785,0
^_HK,D,20200706,000000,453.25,462.6,453.25,462.6,24226832120,0
^_HK,D,20200707,000000,461.94,461.94,459.5,459.5,21987000636,0
^_HK,D,20200708,000000,458.41,464.64,458.41,464.64,17579022273,0
^_HK,D,20200709,000000,463.8,468.5,463.8,468.5,27530063169,0
^_HK,D,20200710,000000,466.12,466.12,465.08,465.08,22414025160,0
^_HK,D,20200713,000000,464.7,470.45,464.7,470.45,21387841061,0
^_HK,D,20200714,000000,467.68,467.68,465.47,465.47,18524440339,0
^_HK,D,20200715,000000,466.23,466.23,464.43,464.43,17807970362,0
^_HK,D,20200716,000000,462.3,462.3,454.3,454.3,18248344705,0
^_HK,D,20200717,000000,453.25,458.08,453.25,458.08,13928561650,0
^_HK,D,20200720,000000,457.04,460.57,457.04,460.57,14157318303,0
^_HK,D,20200721,000000,461.02,463.74,461.02,463.74,14942414878,0
^_HK,D,20200722,000000,461.99,461.99,460.42,460.42,15497287541,0
^_HK,D,20200723,000000,459.7,462.63,459.7,462.63,13653475625,0
^_HK,D,20200724,000000,458.35,458.35,452.79,452.79,16111182608,0
^_HK,D,20200727,000000,451.81,451.81,450.62,450.62,11940509095,0
^_HK,D,20200728,000000,451.09,452.81,451.09,452.81,10558631059,0
^_HK,D,20200729,000000,450.15,455.18,450.15,455.18,10135765113,0
