<TICKER>,<PER>,<DATE>,<TIME>,<OPEN>,<HIGH>,<LOW>,<CLOSE>,<VOL>,<OPENINT>
^_HU,D,20160216,000000,804.97,807.01,804.97,807.01,4430016,0
^_HU,D,20160217,000000,800.87,804.1,800.87,804.1,3069116,0
^_HU,D,20160218,000000,803.67,808.74,803.67,808.74,4475509,0
^_HU,D,20160219,000000,806.74,812.59,806.74,812.59,3954113,0
^_HU,D,20160222,000000,807.43,814.46,807.43,814.46,4050480,0
^_HU,D,20160223,000000,814.73,817.42,814.73,817.42,11019783,0
^_HU,D,20160224,000000,816.98,825.13,816.98,825.13,6905370,0
^_HU,D,20160225,000000,831.4,831.4,827.85,827.85,11739986,0
^_HU,D,20160226,000000,827.15,827.15,825.82,825.82,5112353,0
^_HU,D,20160229,000000,823.2,827.48,823.2,827.48,5757013,0
^_HU,D,20160301,000000,828.16,835.14,828.16,835.14,7407868,0
^_HU,D,20160302,000000,822.72,831.17,822.72,831.17,5866534,0
^_HU,D,20160303,000000,822.14,827.44,822.14,827.44,3668841,0
^_HU,D,20160304,000000,828.4,832.89,828.4,832.89,12785420,0
^_HU,D,20160307,000000,832.76,834.24,832.76,834.24,4457341,0
^_HU,D,20160308,000000,833.52,839.76,833.52,839.76,8140514,0
^_HU,D,20160309,000000,833.1,839.64,833.1,839.64,4284929,0
^_HU,D,20160310,000000,839.85,840.09,839.85,840.09,4280863,0
^_HU,D,20160311,000000,835.48,842.44,835.48,842.44,4288467,0
^_HU,D,20160316,000000,837.75,841.93,837.75,841.93,5155106,0
^_HU,D,20160317,000000,839.38,846.56,839.38,846.56,4559046,0
^_HU,D,20160318,000000,846.09,846.09,845.2,845.2,8879042,0
^_HU,D,20160321,000000,842.46,844.07,842.46,844.07,4141592,0
^_HU,D,20160322,000000,845.63,852.74,845.63,852.74,5020346,0
^_HU,D,20160323,000000,851.56,854.53,851.56,854.53,3102545,0
^_HU,D,20160324,000000,850.49,852.45,850.49,852.45,3092993,0
^_HU,D,20160329,000000,847.78,855.01,847.78,855.01,2691204,0
^_HU,D,20160330,000000,852.06,856.47,852.06,856.47,4749142,0
^_HU,D,20160331,000000,854.46,858.68,854.46,858.68,4367702,0
^_HU,D,20160401,000000,853.6,856.12,853.6,856.12,4079239,0
^_HU,D,20160404,000000,850.42,855.14,850.42,855.14,1771417,0
^_HU,D,20160405,000000,856.24,856.24,856.23,856.23,2758524,0
^_HU,D,20160406,000000,850.59,852.75,850.59,852.75,3698434,0
^_HU,D,20160407,000000,849.93,851,849.93,851,3093283,0
^_HU,D,20160408,000000,848.01,851.69,848.01,851.69,2112451,0
^_HU,D,20160411,000000,847.36,847.47,847.36,847.47,3151374,0
^_HU,D,20160412,000000,843.41,847.52,843.41,847.52,3202585,0
^_HU,D,20160413,000000,849.78,857.41,849.78,857.41,2591734,0
^_HU,D,20160414,000000,852.39,858.04,852.39,858.04,3178293,0
^_HU,D,20160415,000000,853.57,859.43,853.57,859.43,2856075,0
^_HU,D,20160418,000000,858.68,860.37,858.68,860.37,2241551,0
^_HU,D,20160419,000000,858.4,862.75,858.4,862.75,2372299,0
^_HU,D,20160420,000000,866.59,869,866.59,869,2014188,0
^_HU,D,20160421,000000,868.23,871.28,868.23,871.28,2015548,0
^_HU,D,20160422,000000,872.59,872.59,869.36,869.36,1983849,0
^_HU,D,20160425,000000,870.06,871.25,870.06,871.25,1833970,0
^_HU,D,20160426,000000,867.9,869.39,867.9,869.39,2962085,0
^_HU,D,20160427,000000,868.06,869.51,868.06,869.51,2639440,0
^_HU,D,20160428,000000,868.97,873.22,868.97,873.22,2146669,0
^_HU,D,20160429,000000,873,875.41,873,875.41,2902524,0
^_HU,D,20160502,000000,874.36,874.36,873.33,873.33,2547465,0
^_HU,D,20160503,000000,870.73,870.73,869.97,869.97,2773631,0
^_HU,D,20160504,000000,867.67,869.64,867.67,869.64,4140180,0
^_HU,D,20160505,000000,865.85,869.1,865.85,869.1,3106033,0
^_HU,D,20160506,000000,866.63,872.62,866.63,872.62,2365393,0
^_HU,D,20160509,000000,866.55,869.2,866.55,869.2,1891688,0
^_HU,D,20160510,000000,868.3,874.91,868.3,874.91,2543486,0
^_HU,D,20160511,000000,872.69,878.06,872.69,878.06,3357789,0
^_HU,D,20160512,000000,877.95,881.16,877.95,881.16,2606706,0
^_HU,D,20160513,000000,880.73,880.73,879.85,879.85,2360218,0
^_HU,D,20160517,000000,876.58,877.21,876.58,877.21,3085970,0
^_HU,D,20160518,000000,874.37,877.47,874.37,877.47,3877523,0
^_HU,D,20160519,000000,872.54,874.27,872.54,874.27,3750190,0
^_HU,D,20160520,000000,873.7,876.35,873.7,876.35,2207283,0
^_HU,D,20160523,000000,869.99,870.45,869.99,870.45,2138295,0
^_HU,D,20160524,000000,867.99,869.97,867.99,869.97,2507029,0
^_HU,D,20160525,000000,870.2,871.79,870.2,871.79,1949072,0
^_HU,D,20160526,000000,868.1,870.73,868.1,870.73,1514458,0
^_HU,D,20160527,000000,868.9,875.08,868.9,875.08,2235183,0
^_HU,D,20160530,000000,873.28,873.28,872.92,872.92,1274538,0
^_HU,D,20160531,000000,872.64,874.27,872.64,874.27,3679341,0
^_HU,D,20160601,000000,871.07,872.54,871.07,872.54,2294033,0
^_HU,D,20160602,000000,869.78,873.27,869.78,873.27,1602545,0
^_HU,D,20160603,000000,873.68,873.81,873.68,873.81,1283730,0
^_HU,D,20160606,000000,868.7,870.61,868.7,870.61,945167,0
^_HU,D,20160607,000000,868.86,873.45,868.86,873.45,2200425,0
^_HU,D,20160608,000000,870.01,872.34,870.01,872.34,2162794,0
^_HU,D,20160609,000000,867.69,869.4,867.69,869.4,1962995,0
^_HU,D,20160610,000000,861.49,861.49,858.52,858.52,1859200,0
^_HU,D,20160613,000000,855.54,855.54,854.94,854.94,2945583,0
^_HU,D,20160614,000000,848.33,855.5,848.33,855.5,4642206,0
^_HU,D,20160615,000000,856.67,859.48,856.67,859.48,2591335,0
^_HU,D,20160616,000000,853.61,856.46,853.61,856.46,2063860,0
^_HU,D,20160617,000000,855.48,855.48,853.07,853.07,3162202,0
^_HU,D,20160620,000000,853.65,853.65,852.96,852.96,2099331,0
^_HU,D,20160621,000000,852.94,856.49,852.94,856.49,2420210,0
^_HU,D,20160622,000000,853.69,857.64,853.69,857.64,3793295,0
^_HU,D,20160623,000000,854.55,858.39,854.55,858.39,1498471,0
^_HU,D,20160624,000000,842.64,844.05,842.64,844.05,5350489,0
^_HU,D,20160627,000000,843.71,844.05,843.71,844.05,2930381,0
^_HU,D,20160628,000000,843.63,847.55,843.63,847.55,3431440,0
^_HU,D,20160629,000000,846.98,851.43,846.98,851.43,2785159,0
^_HU,D,20160630,000000,850.66,850.66,849.76,849.76,3913224,0
^_HU,D,20160701,000000,851.95,853.35,851.95,853.35,2300283,0
^_HU,D,20160704,000000,848.58,853.55,848.58,853.55,1259026,0
^_HU,D,20160705,000000,851.61,854.61,851.61,854.61,1525598,0
^_HU,D,20160706,000000,848.54,851.7,848.54,851.7,2479367,0
^_HU,D,20160707,000000,847.95,850.86,847.95,850.86,5222439,0
^_HU,D,20160708,000000,850.11,853,850.11,853,2373614,0
^_HU,D,20160711,000000,849.74,853.04,849.74,853.04,3136070,0
^_HU,D,20160712,000000,849.84,853.58,849.84,853.58,3084112,0
^_HU,D,20160713,000000,861,862.55,861,862.55,4583886,0
^_HU,D,20160714,000000,860.42,860.42,859.32,859.32,3153880,0
^_HU,D,20160715,000000,862.96,865.65,862.96,865.65,3164418,0
^_HU,D,20160718,000000,865.23,866.15,865.23,866.15,3463164,0
^_HU,D,20160719,000000,858.18,861.03,858.18,861.03,3220125,0
^_HU,D,20160720,000000,860.36,861.72,860.36,861.72,3276216,0
^_HU,D,20160721,000000,859.94,865.83,859.94,865.83,2960379,0
^_HU,D,20160722,000000,868.59,868.59,866.73,866.73,2220577,0
^_HU,D,20160725,000000,866.71,873.22,866.71,873.22,2210450,0
^_HU,D,20160726,000000,867.8,876.08,867.8,876.08,3557273,0
^_HU,D,20160727,000000,876.13,878.2,876.13,878.2,2798409,0
^_HU,D,20160728,000000,882.89,882.89,879.88,879.88,2111830,0
^_HU,D,20160729,000000,884.37,887.08,884.37,887.08,4145872,0
^_HU,D,20160801,000000,880.91,884.1,880.91,884.1,3019151,0
^_HU,D,20160802,000000,885.66,890.23,885.66,890.23,6034516,0
^_HU,D,20160803,000000,892.91,903.11,892.91,903.11,5908525,0
^_HU,D,20160804,000000,904.98,909.47,904.98,909.47,4210250,0
^_HU,D,20160805,000000,913.87,913.87,909.94,909.94,4484391,0
^_HU,D,20160808,000000,906.42,908.97,906.42,908.97,3129175,0
^_HU,D,20160809,000000,913.38,913.9,913.38,913.9,2908812,0
^_HU,D,20160810,000000,912.93,912.93,911.7,911.7,3811911,0
^_HU,D,20160811,000000,908.34,909.45,908.34,909.45,3153437,0
^_HU,D,20160812,000000,905.53,908.28,905.53,908.28,3123536,0
^_HU,D,20160815,000000,908.88,912.82,908.88,912.82,2532443,0
^_HU,D,20160816,000000,909.01,912.74,909.01,912.74,2601668,0
^_HU,D,20160817,000000,907.39,910.71,907.39,910.71,1919755,0
^_HU,D,20160818,000000,904.25,906.74,904.25,906.74,1735831,0
^_HU,D,20160819,000000,904.52,908.33,904.52,908.33,1412638,0
^_HU,D,20160822,000000,907.55,912.24,907.55,912.24,1139614,0
^_HU,D,20160823,000000,910.85,914.66,910.85,914.66,2411661,0
^_HU,D,20160824,000000,913.06,918.27,913.06,918.27,2878938,0
^_HU,D,20160825,000000,917.28,917.28,916.82,916.82,2294585,0
^_HU,D,20160826,000000,909.19,914.97,909.19,914.97,1120874,0
^_HU,D,20160829,000000,912.69,917.46,912.69,917.46,1490093,0
^_HU,D,20160830,000000,914.29,929.99,914.29,929.99,2028689,0
^_HU,D,20160831,000000,926.76,926.95,926.76,926.95,2631658,0
^_HU,D,20160901,000000,926.93,926.93,926.25,926.25,2473795,0
^_HU,D,20160902,000000,919.61,932.39,919.61,932.39,3750285,0
^_HU,D,20160905,000000,925.53,925.53,922.15,922.15,2136603,0
^_HU,D,20160906,000000,922.34,922.38,922.34,922.38,2339119,0
^_HU,D,20160907,000000,922.59,925.89,922.59,925.89,2641680,0
^_HU,D,20160908,000000,923.82,927.49,923.82,927.49,3155057,0
^_HU,D,20160909,000000,922.01,928.95,922.01,928.95,2372893,0
^_HU,D,20160912,000000,920.65,925.99,920.65,925.99,1757347,0
^_HU,D,20160913,000000,924.47,927.71,924.47,927.71,1848222,0
^_HU,D,20160914,000000,921.06,924.46,921.06,924.46,2325411,0
^_HU,D,20160915,000000,921.9,922.13,921.9,922.13,1589316,0
^_HU,D,20160916,000000,922.38,928.2,922.38,928.2,3565569,0
^_HU,D,20160919,000000,931.47,937.62,931.47,937.62,5011672,0
^_HU,D,20160920,000000,933.24,933.24,931.77,931.77,2766450,0
^_HU,D,20160921,000000,930.39,935.24,930.39,935.24,1908855,0
^_HU,D,20160922,000000,928.03,930.39,928.03,930.39,1888009,0
^_HU,D,20160923,000000,926.52,928,926.52,928,1480159,0
^_HU,D,20160926,000000,919.06,924.67,919.06,924.67,1900869,0
^_HU,D,20160927,000000,917.82,923.04,917.82,923.04,2371856,0
^_HU,D,20160928,000000,915.66,919.89,915.66,919.89,1880091,0
^_HU,D,20160929,000000,925.58,930.01,925.58,930.01,2097849,0
^_HU,D,20160930,000000,922.71,922.71,922.15,922.15,2406059,0
^_HU,D,20161003,000000,920.81,926.82,920.81,926.82,1548772,0
^_HU,D,20161004,000000,930.63,933.16,930.63,933.16,2812096,0
^_HU,D,20161005,000000,924.63,934.57,924.63,934.57,2046618,0
^_HU,D,20161006,000000,930.47,930.47,927.98,927.98,1970883,0
^_HU,D,20161007,000000,923.25,923.29,923.25,923.29,3338247,0
^_HU,D,20161010,000000,912.05,917.57,912.05,917.57,2583590,0
^_HU,D,20161011,000000,922.21,924.44,922.21,924.44,1737996,0
^_HU,D,20161012,000000,923.52,924.93,923.52,924.93,1563031,0
^_HU,D,20161013,000000,917.64,917.98,917.64,917.98,3068997,0
^_HU,D,20161014,000000,917.83,923.53,917.83,923.53,2618714,0
^_HU,D,20161017,000000,924.2,930.47,924.2,930.47,2080347,0
^_HU,D,20161018,000000,931.33,933.02,931.33,933.02,2360933,0
^_HU,D,20161019,000000,929.99,942.45,929.99,942.45,5804709,0
^_HU,D,20161020,000000,943.07,947.82,943.07,947.82,7076559,0
^_HU,D,20161021,000000,942.77,948.27,942.77,948.27,8742455,0
^_HU,D,20161024,000000,946.71,955.01,946.71,955.01,6864275,0
^_HU,D,20161025,000000,948.58,954.99,948.58,954.99,11436917,0
^_HU,D,20161026,000000,945.46,945.46,942.84,942.84,7124635,0
^_HU,D,20161027,000000,941.93,941.93,938.46,938.46,5661691,0
^_HU,D,20161028,000000,938.87,939.25,938.87,939.25,3183637,0
^_HU,D,20161102,000000,933.28,933.28,931.22,931.22,3691800,0
^_HU,D,20161103,000000,931.35,938.04,931.35,938.04,2377334,0
^_HU,D,20161104,000000,937.74,937.74,936.66,936.66,2563886,0
^_HU,D,20161107,000000,937.33,940.31,937.33,940.31,5172417,0
^_HU,D,20161108,000000,940.25,941.56,940.25,941.56,4926565,0
^_HU,D,20161109,000000,928.59,937.96,928.59,937.96,5588804,0
^_HU,D,20161110,000000,945.26,945.26,939.68,939.68,6813703,0
^_HU,D,20161111,000000,944.51,944.67,944.51,944.67,4175441,0
^_HU,D,20161114,000000,942.73,952.16,942.73,952.16,4560040,0
^_HU,D,20161115,000000,947.75,953.01,947.75,953.01,4567850,0
^_HU,D,20161116,000000,954.29,954.29,953.91,953.91,4017479,0
^_HU,D,20161117,000000,953.42,953.42,953.11,953.11,4545850,0
^_HU,D,20161118,000000,950.51,956.09,950.51,956.09,3015996,0
^_HU,D,20161121,000000,948.96,957.51,948.96,957.51,1866569,0
^_HU,D,20161122,000000,951.36,956.42,951.36,956.42,1850328,0
^_HU,D,20161123,000000,942.49,950.71,942.49,950.71,4141907,0
^_HU,D,20161124,000000,955.73,955.73,955.59,955.59,2096941,0
^_HU,D,20161125,000000,945.55,950.69,945.55,950.69,1767895,0
^_HU,D,20161128,000000,940.78,944.4,940.78,944.4,1763976,0
^_HU,D,20161129,000000,943.15,950.14,943.15,950.14,3033625,0
^_HU,D,20161130,000000,951.79,952.28,951.79,952.28,3559927,0
^_HU,D,20161201,000000,956.94,958.01,956.94,958.01,2048957,0
^_HU,D,20161202,000000,953.21,959.74,953.21,959.74,2790414,0
^_HU,D,20161205,000000,950.23,955.5,950.23,955.5,2442132,0
^_HU,D,20161206,000000,951.86,953.52,951.86,953.52,1890556,0
^_HU,D,20161207,000000,953.1,959.22,953.1,959.22,2840187,0
^_HU,D,20161208,000000,959.89,965.27,959.89,965.27,3344072,0
^_HU,D,20161209,000000,962.76,965.51,962.76,965.51,2488545,0
^_HU,D,20161212,000000,958.42,961.98,958.42,961.98,1497063,0
^_HU,D,20161213,000000,961.37,964.63,961.37,964.63,2845695,0
^_HU,D,20161214,000000,965.84,967.44,965.84,967.44,4086093,0
^_HU,D,20161215,000000,962.92,964.41,962.92,964.41,2739341,0
^_HU,D,20161216,000000,961.62,966.74,961.62,966.74,5079917,0
^_HU,D,20161219,000000,962.53,963.62,962.53,963.62,2399750,0
^_HU,D,20161220,000000,956.66,961.99,956.66,961.99,2201540,0
^_HU,D,20161221,000000,957.24,959.31,957.24,959.31,1960730,0
^_HU,D,20161222,000000,953.5,958.82,953.5,958.82,2874537,0
^_HU,D,20161223,000000,957.16,963.1,957.16,963.1,1737222,0
^_HU,D,20161227,000000,964.58,968.93,964.58,968.93,2342678,0
^_HU,D,20161228,000000,962.64,966.32,962.64,966.32,1353802,0
^_HU,D,20161229,000000,959.43,962.69,959.43,962.69,1325886,0
^_HU,D,20161230,000000,962.23,966.84,962.23,966.84,1769074,0
^_HU,D,20170102,000000,965.65,969.06,965.65,969.06,1825513,0
^_HU,D,20170103,000000,966.97,970.93,966.97,970.93,2269176,0
^_HU,D,20170104,000000,967.97,972.71,967.97,972.71,3919299,0
^_HU,D,20170105,000000,967.64,971.26,967.64,971.26,3674995,0
^_HU,D,20170106,000000,972.22,975.32,972.22,975.32,2518877,0
^_HU,D,20170109,000000,976.7,976.7,974.51,974.51,1674824,0
^_HU,D,20170110,000000,973.87,974.06,973.87,974.06,6787354,0
^_HU,D,20170111,000000,975.21,978.65,975.21,978.65,5039533,0
^_HU,D,20170112,000000,978.38,979.32,978.38,979.32,4384648,0
^_HU,D,20170113,000000,973.65,978.25,973.65,978.25,4880139,0
^_HU,D,20170116,000000,971.17,981.16,971.17,981.16,2514121,0
^_HU,D,20170117,000000,980.47,983.46,980.47,983.46,2293941,0
^_HU,D,20170118,000000,980.99,982.54,980.99,982.54,2493992,0
^_HU,D,20170119,000000,980.31,980.31,978.82,978.82,1865848,0
^_HU,D,20170120,000000,977.06,979.46,977.06,979.46,2561013,0
^_HU,D,20170123,000000,976.15,976.15,974.71,974.71,1662317,0
^_HU,D,20170124,000000,974.76,977.61,974.76,977.61,2598355,0
^_HU,D,20170125,000000,972.24,973.93,972.24,973.93,3556640,0
^_HU,D,20170126,000000,970.38,972.98,970.38,972.98,2524678,0
^_HU,D,20170127,000000,973.2,977.63,973.2,977.63,1815254,0
^_HU,D,20170130,000000,975.97,978.81,975.97,978.81,1981923,0
^_HU,D,20170131,000000,980.07,989.06,980.07,989.06,2928861,0
^_HU,D,20170201,000000,989.64,991.37,989.64,991.37,2127175,0
^_HU,D,20170202,000000,986.21,986.21,986.06,986.06,2173495,0
^_HU,D,20170203,000000,989.98,993.84,989.98,993.84,2544967,0
^_HU,D,20170206,000000,987.25,988.67,987.25,988.67,2715226,0
^_HU,D,20170207,000000,989.03,998.38,989.03,998.38,2524013,0
^_HU,D,20170208,000000,1003.3,1003.42,1003.3,1003.42,2019491,0
^_HU,D,20170209,000000,1000.72,1000.72,1000,1000,2144361,0
^_HU,D,20170210,000000,993.87,997.37,993.87,997.37,2412979,0
^_HU,D,20170213,000000,996.53,1003.62,996.53,1003.62,1950540,0
^_HU,D,20170214,000000,1005.14,1005.39,996.53,999.75,3012102,0
^_HU,D,20170215,000000,999.75,1007.57,999.01,1002.92,3323662,0
^_HU,D,20170216,000000,1002.71,1003.62,996.92,1001.52,2752731,0
^_HU,D,20170217,000000,1001.52,1002.49,997.92,1002.49,2723569,0
^_HU,D,20170220,000000,1001.76,1003.38,999.33,1003.21,1447598,0
^_HU,D,20170221,000000,1003.14,1005.27,1001.66,1004.68,2381241,0
^_HU,D,20170222,000000,1004.63,1005.26,1000.91,1003.45,2223687,0
^_HU,D,20170223,000000,1003.45,1003.45,993.74,995.82,10171877,0
^_HU,D,20170224,000000,995.75,998.24,981.52,988.3,11428401,0
^_HU,D,20170227,000000,988.76,993.42,981.56,991.68,3897544,0
^_HU,D,20170228,000000,991.49,1004.6,991.49,1003.88,5984742,0
^_HU,D,20170301,000000,1006.09,1015.1,1006.09,1013.45,6899561,0
^_HU,D,20170302,000000,1014.32,1023.77,1013.66,1023.77,4600383,0
^_HU,D,20170303,000000,1023.63,1041.59,1023.63,1035.45,6493794,0
^_HU,D,20170306,000000,1035.44,1055.26,1035.44,1049.51,7184098,0
^_HU,D,20170307,000000,1051.19,1097.88,1051.19,1095.93,8260384,0
^_HU,D,20170308,000000,1095.86,1110.39,1089.99,1099.67,10295650,0
^_HU,D,20170309,000000,1099.78,1099.78,1079.2,1079.2,3580686,0
^_HU,D,20170310,000000,1079.06,1079.12,1063.95,1067.34,2712292,0
^_HU,D,20170313,000000,1067.13,1083.41,1067.13,1082.21,1716922,0
^_HU,D,20170314,000000,1079.99,1079.99,1064.94,1068.46,5032265,0
^_HU,D,20170316,000000,1069.02,1069.65,1058.47,1059.53,6457038,0
^_HU,D,20170317,000000,1059.31,1059.31,1044.55,1049.29,9758012,0
^_HU,D,20170320,000000,1049.17,1051.18,1045.42,1048.49,3759000,0
^_HU,D,20170321,000000,1049.47,1051.68,1042.74,1045.93,5284767,0
^_HU,D,20170322,000000,1045.45,1046.1,1039.4,1045.89,4844165,0
^_HU,D,20170323,000000,1045.95,1049.89,1043.06,1048.21,4838199,0
^_HU,D,20170324,000000,1047.34,1051.94,1044.53,1051.72,2814554,0
^_HU,D,20170327,000000,1051.06,1056.98,1050.34,1050.34,1853926,0
^_HU,D,20170328,000000,1050.32,1062.19,1050.32,1062.19,2062180,0
^_HU,D,20170329,000000,1062.19,1067.45,1059.18,1061.22,3417669,0
^_HU,D,20170330,000000,1062.86,1067.61,1061.46,1066.62,3144947,0
^_HU,D,20170331,000000,1067.31,1067.31,1060.37,1063.99,4189355,0
^_HU,D,20170403,000000,1064.13,1067.26,1058.55,1062.51,2574779,0
^_HU,D,20170404,000000,1061.86,1064.68,1057.19,1057.19,3472191,0
^_HU,D,20170405,000000,1056.61,1065.55,1056.61,1065.55,4139075,0
^_HU,D,20170406,000000,1063.92,1070.14,1057.2,1070.14,3265823,0
^_HU,D,20170407,000000,1070.42,1078.38,1070.42,1077.73,3722286,0
^_HU,D,20170410,000000,1077.84,1089.88,1077.84,1085.79,2920855,0
^_HU,D,20170411,000000,1087.33,1094.2,1087.33,1092.63,3878557,0
^_HU,D,20170412,000000,1092.96,1092.96,1079.85,1083.02,4275360,0
^_HU,D,20170413,000000,1084.71,1088.7,1084.71,1088.7,3067697,0
^_HU,D,20170418,000000,1088.92,1094.5,1084.25,1086.56,2737198,0
^_HU,D,20170419,000000,1086.71,1087.78,1083.48,1085.03,2334641,0
^_HU,D,20170420,000000,1085.04,1088.04,1081.09,1081.09,3251049,0
^_HU,D,20170421,000000,1080.93,1085.63,1079.13,1085.63,12279404,0
^_HU,D,20170424,000000,1086.26,1087.05,1077.27,1077.27,3667708,0
^_HU,D,20170425,000000,1077.88,1091.83,1075.31,1091.83,4461681,0
^_HU,D,20170426,000000,1093.71,1099.32,1081.15,1086.64,5796941,0
^_HU,D,20170427,000000,1085.9,1087.85,1080.3,1085.75,4367109,0
^_HU,D,20170428,000000,1085.77,1089.12,1082.21,1084.23,3330617,0
^_HU,D,20170502,000000,1084.26,1088.41,1079.54,1088.29,11851749,0
^_HU,D,20170503,000000,1088.49,1090.44,1075.39,1076.89,4983937,0
^_HU,D,20170504,000000,1077.47,1081.96,1075.27,1081.69,3186399,0
^_HU,D,20170505,000000,1081.97,1083.54,1076.96,1076.96,2540974,0
^_HU,D,20170508,000000,1077.08,1080.86,1076.34,1079.77,2439340,0
^_HU,D,20170509,000000,1079.82,1086.32,1079.82,1085.35,3403248,0
^_HU,D,20170510,000000,1083.58,1089.39,1078.27,1078.87,3729565,0
^_HU,D,20170511,000000,1078.64,1082.57,1077.6,1080.83,4132173,0
^_HU,D,20170512,000000,1081.34,1085.25,1079.05,1084.22,3863064,0
^_HU,D,20170515,000000,1084.34,1084.5,1077.32,1080.29,2465806,0
^_HU,D,20170516,000000,1080.4,1081.49,1077.51,1079.78,4451377,0
^_HU,D,20170517,000000,1077.5,1083.98,1074.82,1078.16,4913837,0
^_HU,D,20170518,000000,1079.4,1080.22,1071.44,1075.6,4819815,0
^_HU,D,20170519,000000,1075.6,1085.06,1073.42,1085.06,6764131,0
^_HU,D,20170522,000000,1086.75,1098.37,1086.75,1098.37,3955113,0
^_HU,D,20170523,000000,1100.53,1101.7,1093.94,1100.13,6383650,0
^_HU,D,20170524,000000,1100.13,1105.34,1094.97,1102.79,3737471,0
^_HU,D,20170525,000000,1103.04,1103.21,1096.5,1099.81,3141982,0
^_HU,D,20170526,000000,1100.16,1102.13,1096.07,1102.13,2668531,0
^_HU,D,20170529,000000,1102.66,1103.4,1096.1,1102.92,1672494,0
^_HU,D,20170530,000000,1103.13,1115.75,1102.42,1115.75,3634669,0
^_HU,D,20170531,000000,1115.64,1129.24,1115.64,1125.73,9374573,0
^_HU,D,20170601,000000,1125.87,1143.76,1125.87,1142.4,9191273,0
^_HU,D,20170602,000000,1142.52,1156.03,1142.52,1153.03,15284226,0
^_HU,D,20170606,000000,1152.79,1174.27,1152.79,1164.96,6045699,0
^_HU,D,20170607,000000,1166.63,1194.76,1166.63,1192.65,7300806,0
^_HU,D,20170608,000000,1192.62,1219.33,1192.62,1215.31,6533217,0
^_HU,D,20170609,000000,1217.41,1231.78,1189.46,1201.23,14826412,0
^_HU,D,20170612,000000,1200.21,1205.7,1175.59,1189.16,5459982,0
^_HU,D,20170613,000000,1192.92,1192.92,1171.86,1176.52,5676327,0
^_HU,D,20170614,000000,1174.84,1179.4,1170.83,1175.77,11933692,0
^_HU,D,20170615,000000,1178.35,1183.83,1173.81,1180.01,9718110,0
^_HU,D,20170616,000000,1180.78,1180.9,1171.86,1177.22,9692074,0
^_HU,D,20170619,000000,1177.1,1187.58,1176.71,1187.58,2976925,0
^_HU,D,20170620,000000,1187.28,1189.39,1183.8,1187.64,4692384,0
^_HU,D,20170621,000000,1187.33,1195.91,1182.51,1195.91,10625542,0
^_HU,D,20170622,000000,1195.79,1207.36,1195.21,1197.7,10283673,0
^_HU,D,20170623,000000,1197.93,1203.61,1196.2,1198,4423028,0
^_HU,D,20170626,000000,1198.66,1208.34,1195.72,1207.98,4240687,0
^_HU,D,20170627,000000,1207.78,1208.4,1198.98,1206.12,5937201,0
^_HU,D,20170628,000000,1206.83,1216.39,1202.56,1216.39,13045412,0
^_HU,D,20170629,000000,1218.13,1224.01,1212.07,1215.64,11043677,0
^_HU,D,20170630,000000,1216.23,1221.11,1211.21,1220.67,7369938,0
^_HU,D,20170703,000000,1222.54,1227.19,1220.75,1223.44,14881010,0
^_HU,D,20170704,000000,1228.49,1233.87,1223.78,1228.94,14563589,0
^_HU,D,20170705,000000,1228.89,1236.28,1220.61,1225.16,15999157,0
^_HU,D,20170706,000000,1225.35,1253.26,1224.71,1250.7,7983436,0
^_HU,D,20170707,000000,1250.7,1263.87,1250.7,1260.08,8810366,0
^_HU,D,20170710,000000,1260.08,1290.26,1260.08,1289.34,16601451,0
^_HU,D,20170711,000000,1289.4,1312.96,1289.4,1308.68,22368052,0
^_HU,D,20170712,000000,1308.59,1322.78,1292.6,1310.52,22070918,0
^_HU,D,20170713,000000,1312.45,1327.21,1312.45,1327.21,10046967,0
^_HU,D,20170714,000000,1327.84,1331.21,1309.44,1309.44,11644664,0
^_HU,D,20170717,000000,1310.56,1331.38,1307.22,1320.2,10062681,0
^_HU,D,20170718,000000,1323.88,1334.14,1322.21,1330.35,8190309,0
^_HU,D,20170719,000000,1330.69,1340.18,1316.03,1317.37,7468644,0
^_HU,D,20170720,000000,1317.7,1323.1,1300.46,1315.47,6658186,0
^_HU,D,20170721,000000,1313.58,1321.72,1308.19,1320.72,6032175,0
^_HU,D,20170724,000000,1320.08,1330.29,1318.73,1319.31,6578088,0
^_HU,D,20170725,000000,1315.37,1318.81,1280.77,1292.43,8805711,0
^_HU,D,20170726,000000,1293.44,1304.79,1276.03,1301.83,8281000,0
^_HU,D,20170727,000000,1302.14,1319.41,1300.98,1319.41,7596354,0
^_HU,D,20170728,000000,1318.27,1329.6,1310.56,1325.64,5548017,0
^_HU,D,20170731,000000,1326.04,1336.27,1320.48,1326.87,3476650,0
^_HU,D,20170801,000000,1327.51,1337.48,1325.19,1337.48,2591019,0
^_HU,D,20170802,000000,1337.97,1346.7,1336.45,1337.04,6631392,0
^_HU,D,20170803,000000,1336.37,1352.27,1335.69,1346.07,5460943,0
^_HU,D,20170804,000000,1345.6,1361.76,1345.6,1359.53,3171706,0
^_HU,D,20170807,000000,1359.01,1377.86,1357.73,1376.09,3223581,0
^_HU,D,20170808,000000,1376.03,1385.89,1372.54,1381.55,4823292,0
^_HU,D,20170809,000000,1381.91,1399.31,1375.33,1389.56,10223993,0
^_HU,D,20170810,000000,1388.86,1406.6,1388.22,1406.16,3719027,0
^_HU,D,20170811,000000,1405.84,1416.69,1403.08,1415.8,4278628,0
^_HU,D,20170814,000000,1416.16,1430.75,1414.52,1428.72,6884670,0
^_HU,D,20170815,000000,1429.9,1474.98,1429.22,1473.28,6333284,0
^_HU,D,20170816,000000,1472.56,1502.37,1472.56,1499.87,9816758,0
^_HU,D,20170817,000000,1500.39,1523.62,1490.96,1501.05,9925819,0
^_HU,D,20170818,000000,1502.14,1506.79,1483.02,1489.09,10457078,0
^_HU,D,20170821,000000,1492.8,1501.98,1486.8,1490.97,6952962,0
^_HU,D,20170822,000000,1494.42,1498.21,1483.11,1484.06,9895729,0
^_HU,D,20170823,000000,1486.42,1504.56,1477.45,1502.68,10576540,0
^_HU,D,20170824,000000,1511.12,1511.14,1486.27,1499.74,9819475,0
^_HU,D,20170825,000000,1496.58,1504.65,1488.71,1502.33,9232413,0
^_HU,D,20170828,000000,1500.83,1513.54,1500.2,1505.89,3767293,0
^_HU,D,20170829,000000,1506.22,1508.98,1484.16,1494.82,5709334,0
^_HU,D,20170830,000000,1495.9,1503.07,1495.06,1502.59,5485015,0
^_HU,D,20170831,000000,1502.52,1514.54,1501,1514.54,6851253,0
^_HU,D,20170901,000000,1516.12,1517.24,1509.81,1515.29,3871882,0
^_HU,D,20170904,000000,1514.57,1514.57,1504.58,1512.41,3637022,0
^_HU,D,20170905,000000,1512.48,1518.44,1499.96,1518.44,4478959,0
^_HU,D,20170906,000000,1520.27,1520.27,1501.85,1507.6,5057716,0
^_HU,D,20170907,000000,1507.75,1507.75,1487.21,1492.86,7550560,0
^_HU,D,20170908,000000,1493.05,1509.92,1492.21,1502.91,4721446,0
^_HU,D,20170911,000000,1502.52,1522.83,1496.86,1522.83,4217053,0
^_HU,D,20170912,000000,1523.55,1531.2,1518.7,1518.7,3990521,0
^_HU,D,20170913,000000,1518.19,1528.73,1515.49,1523.13,5925997,0
^_HU,D,20170914,000000,1526.57,1537.09,1521.94,1533.2,12038331,0
^_HU,D,20170915,000000,1535.88,1540.58,1523.49,1535.22,10222966,0
^_HU,D,20170918,000000,1534.12,1548.03,1534.12,1546.09,4589627,0
^_HU,D,20170919,000000,1546.07,1564.25,1546.07,1564.25,8489184,0
^_HU,D,20170920,000000,1563.68,1581.43,1560.17,1581.35,8495409,0
^_HU,D,20170921,000000,1581.88,1601.55,1580.55,1581.04,11405253,0
^_HU,D,20170922,000000,1581.04,1594.39,1572.58,1594.31,13778264,0
^_HU,D,20170925,000000,1594.12,1615.2,1594.12,1611.69,8469409,0
^_HU,D,20170926,000000,1533.9,1536.34,1514.97,1520.06,17842727,0
^_HU,D,20170927,000000,1519.33,1521.31,1508.75,1519.65,7307397,0
^_HU,D,20170928,000000,1519.77,1521.49,1514.26,1519.04,4930306,0
^_HU,D,20170929,000000,1521.08,1523.54,1517.47,1519.77,6661680,0
^_HU,D,20171002,000000,1515.21,1525.79,1506.95,1525.58,11546381,0
^_HU,D,20171003,000000,1528.34,1549.33,1527.81,1548.14,8873512,0
^_HU,D,20171004,000000,1550.35,1551.3,1529.44,1534.46,6930574,0
^_HU,D,20171005,000000,1532.52,1541,1529.48,1541,3640363,0
^_HU,D,20171006,000000,1541.12,1551.89,1539.94,1548.64,5862309,0
^_HU,D,20171009,000000,1548.92,1553.6,1540.54,1547.88,5667837,0
^_HU,D,20171010,000000,1547.99,1553.44,1543.18,1551.11,7433184,0
^_HU,D,20171011,000000,1551.02,1565.05,1550.9,1565.05,9725855,0
^_HU,D,20171012,000000,1565.21,1572.87,1553.04,1558.42,11445576,0
^_HU,D,20171013,000000,1558.02,1562.36,1554.11,1562.36,6648767,0
^_HU,D,20171016,000000,1563.89,1575.76,1561.02,1575.76,9955275,0
^_HU,D,20171017,000000,1575.17,1581.3,1571.93,1577.25,11342700,0
^_HU,D,20171018,000000,1577.39,1596.47,1576.95,1595.78,10891147,0
^_HU,D,20171019,000000,1599.28,1617.67,1598.41,1614.26,7850638,0
^_HU,D,20171020,000000,1615.57,1618.57,1603.39,1616.17,15118936,0
^_HU,D,20171024,000000,1622.06,1629.26,1613.29,1626.29,14178716,0
^_HU,D,20171025,000000,1626.27,1638.76,1624.02,1637.25,13785338,0
^_HU,D,20171026,000000,1636.78,1647.39,1626.2,1640.5,14595683,0
^_HU,D,20171027,000000,1640.27,1657.59,1640.27,1650.89,15033700,0
^_HU,D,20171030,000000,1652.35,1660.76,1645.77,1653.52,13261786,0
^_HU,D,20171031,000000,1656.64,1662.23,1649.84,1657.82,17370828,0
^_HU,D,20171102,000000,1659.22,1672.5,1647.91,1672.5,13657463,0
^_HU,D,20171103,000000,1672.28,1715.84,1672.28,1715.84,18783560,0
^_HU,D,20171106,000000,1716.48,1810.19,1716.48,1801.3,14664054,0
^_HU,D,20171107,000000,1801.22,1886.78,1795.9,1806.2,26155823,0
^_HU,D,20171108,000000,1806.28,1820.11,1781.95,1820.11,19841531,0
^_HU,D,20171109,000000,1867.74,1868.1,1848.18,1848.18,19277030,0
^_HU,D,20171110,000000,1843.61,1853.04,1797.01,1816.52,12822475,0
^_HU,D,20171113,000000,1834.93,1858.5,1832.63,1854.6,16452223,0
^_HU,D,20171114,000000,1858.23,1885.37,1855.04,1885.37,14444201,0
^_HU,D,20171115,000000,1887.36,1896.54,1857.57,1868.3,12850968,0
^_HU,D,20171116,000000,1876.86,1881.61,1851.93,1860.42,9289157,0
^_HU,D,20171117,000000,1868.4,1901.26,1864.44,1901.26,5073080,0
^_HU,D,20171120,000000,1902.21,1940.95,1902.21,1937.54,8810721,0
^_HU,D,20171121,000000,1940.11,1961.15,1940.11,1961.15,8024602,0
^_HU,D,20171122,000000,1959.6,1972.5,1938.45,1955.53,19812407,0
^_HU,D,20171123,000000,1956.59,1969.75,1934.74,1969.75,9048109,0
^_HU,D,20171124,000000,1969.88,1989.45,1961.07,1989.23,9805097,0
^_HU,D,20171127,000000,1989.96,1992.82,1963.35,1966.3,9915188,0
^_HU,D,20171128,000000,1973.95,1977.74,1961.02,1962.62,10496214,0
^_HU,D,20171129,000000,1964.14,1966.82,1952.18,1958.95,5978550,0
^_HU,D,20171130,000000,1959.81,1964.26,1951.56,1961.4,5690147,0
^_HU,D,20171201,000000,1966.14,1972.58,1950.94,1954.14,5815547,0
^_HU,D,20171204,000000,1954.14,1975.31,1954.14,1960.4,9920983,0
^_HU,D,20171205,000000,1961.4,1961.86,1914.61,1961.86,8195994,0
^_HU,D,20171206,000000,1961.18,1965.03,1945.63,1958.97,10070996,0
^_HU,D,20171207,000000,1960.01,1973.31,1953.8,1961.37,6397204,0
^_HU,D,20171208,000000,1963.11,1966.88,1954.95,1965.07,4149202,0
^_HU,D,20171211,000000,1963.36,1966.98,1951.45,1965.92,6374911,0
^_HU,D,20171212,000000,1969.64,1996.81,1952.66,1996.81,6137459,0
^_HU,D,20171213,000000,1999.1,2006.36,1976.22,1978.3,12236731,0
^_HU,D,20171214,000000,1979.92,1999.24,1971.35,1994.35,15531702,0
^_HU,D,20171215,000000,1996.94,2017.17,1995.77,2009.78,13012522,0
^_HU,D,20171218,000000,2004.52,2015.06,1989.19,2015.06,6094342,0
^_HU,D,20171219,000000,2014.6,2033.66,1999.61,2003.97,6348607,0
^_HU,D,20171220,000000,2006.83,2013.24,1982.57,2003.27,5530164,0
^_HU,D,20171221,000000,2003.96,2008.49,1983.18,1988.32,4035022,0
^_HU,D,20171222,000000,1988.34,1988.81,1976.67,1982.37,3751407,0
^_HU,D,20171227,000000,1980.28,1980.28,1956.17,1966.4,3819246,0
^_HU,D,20171228,000000,1965.99,1979.68,1959.28,1979.6,3783133,0
^_HU,D,20171229,000000,1981.54,1993.17,1977.28,1993.17,4175731,0
^_HU,D,20180102,000000,1992.15,2035.56,1992.15,2035.56,3332169,0
^_HU,D,20180103,000000,2035.81,2043.49,2024.06,2040.25,2967799,0
^_HU,D,20180104,000000,2040.83,2078.59,2039.4,2078.59,6538236,0
^_HU,D,20180105,000000,2077.71,2091.17,2072.45,2081.94,6455698,0
^_HU,D,20180108,000000,2082.38,2103.75,2082.38,2101.38,15049330,0
^_HU,D,20180109,000000,2101.38,2118.56,2101.38,2115.15,19840748,0
^_HU,D,20180110,000000,2116.09,2158.48,2116.09,2158.48,18840476,0
^_HU,D,20180111,000000,2155.06,2212.17,2153.23,2205.46,23988757,0
^_HU,D,20180112,000000,2205.96,2235.75,2169.46,2184.22,26016637,0
^_HU,D,20180115,000000,2185.79,2197.88,2149.97,2163.83,9332664,0
^_HU,D,20180116,000000,2169.06,2172.78,2120.17,2134.58,8834819,0
^_HU,D,20180117,000000,2119.26,2119.26,2068.2,2077.5,12815576,0
^_HU,D,20180118,000000,2076.77,2125.99,2066.33,2125.99,6761806,0
^_HU,D,20180119,000000,2127.02,2145.46,2117.88,2144.73,4582538,0
^_HU,D,20180122,000000,2147.23,2165.36,2146.2,2162.96,13035938,0
^_HU,D,20180123,000000,2164.57,2173.65,2157.07,2172.16,14694379,0
^_HU,D,20180124,000000,2171.3,2178.09,2158.06,2163,7260512,0
^_HU,D,20180125,000000,2164.3,2175.85,2131.15,2145.53,10916348,0
^_HU,D,20180126,000000,2146.14,2171.55,2144.06,2171.55,5924664,0
^_HU,D,20180129,000000,2160.71,2169.69,2149.85,2159,3763413,0
^_HU,D,20180130,000000,2158.27,2158.27,2108.5,2112.81,7276059,0
^_HU,D,20180131,000000,2103.38,2114.57,2044.45,2108.73,12475626,0
^_HU,D,20180201,000000,2109.74,2131.1,2109.74,2121.56,7267084,0
^_HU,D,20180202,000000,2120.67,2136.73,2113.5,2135.98,5236120,0
^_HU,D,20180205,000000,2134.87,2135.51,2108.43,2135.51,4430235,0
^_HU,D,20180206,000000,2128.55,2128.55,2065.33,2100.5,9254768,0
^_HU,D,20180207,000000,2102.37,2118.45,2102.37,2118.18,4639920,0
^_HU,D,20180208,000000,2121.57,2122.77,2100.35,2108.08,6383972,0
^_HU,D,20180209,000000,2106.81,2106.81,2062.17,2088.98,7976977,0
^_HU,D,20180212,000000,2089.32,2103.32,2082.49,2089.36,5897929,0
^_HU,D,20180213,000000,2089.47,2102.53,2080.03,2080.44,4087729,0
^_HU,D,20180214,000000,2081.06,2097.97,2081.06,2085.28,5680343,0
^_HU,D,20180215,000000,2092.81,2098.21,2058.52,2067.07,9874116,0
^_HU,D,20180216,000000,2072.69,2079.93,2061.4,2075.27,4742336,0
^_HU,D,20180219,000000,2079.24,2079.24,2064.84,2078.49,4327000,0
^_HU,D,20180220,000000,2076.89,2079.44,2059.75,2067.39,5168118,0
^_HU,D,20180221,000000,2067.67,2067.67,2055.49,2063.74,4513311,0
^_HU,D,20180222,000000,2064.05,2070.28,2057.44,2070.22,5045710,0
^_HU,D,20180223,000000,2070.25,2090.84,2070.25,2086.77,5819423,0
^_HU,D,20180226,000000,2085.13,2096.21,2083.16,2091.2,6585559,0
^_HU,D,20180227,000000,2091.99,2093.33,2084.79,2092.99,5243935,0
^_HU,D,20180228,000000,2094.42,2101.24,2079.93,2079.93,6927580,0
^_HU,D,20180301,000000,2081.07,2090.12,2068.54,2070.89,7215191,0
^_HU,D,20180302,000000,2072.68,2072.68,2051.79,2053.03,6572000,0
^_HU,D,20180305,000000,2051.5,2055.53,2027.28,2031.08,6286406,0
^_HU,D,20180306,000000,2029.2,2035.68,2018.93,2020.64,6604406,0
^_HU,D,20180307,000000,2015.88,2015.88,1962.05,2001.2,14302738,0
^_HU,D,20180308,000000,2002.69,2035.51,2000.01,2035.51,7489069,0
^_HU,D,20180309,000000,2035.25,2053.28,2030.74,2033.18,5728062,0
^_HU,D,20180312,000000,2035.71,2046.31,2034.94,2042.35,5946941,0
^_HU,D,20180313,000000,2045.51,2050.89,2022.18,2023.72,4466933,0
^_HU,D,20180314,000000,2020.9,2023.54,2000.27,2010.12,9249588,0
^_HU,D,20180319,000000,2010.06,2010.66,1977.67,1978.58,6487991,0
^_HU,D,20180320,000000,1979.07,1985.85,1971.51,1975.03,5233901,0
^_HU,D,20180321,000000,1979.83,1986.69,1966.84,1979.65,4504442,0
^_HU,D,20180322,000000,1979.47,1983.72,1951.38,1953.85,5570889,0
^_HU,D,20180323,000000,1946.42,1961.13,1941.83,1951.57,7681179,0
^_HU,D,20180326,000000,1953.16,1960.06,1948.38,1957.13,25415319,0
^_HU,D,20180327,000000,1961.55,1968.11,1948.08,1964.03,3438177,0
^_HU,D,20180328,000000,1961.43,1962.84,1930.54,1933.92,4191915,0
^_HU,D,20180329,000000,1935.85,1957.54,1935.85,1955.61,5555440,0
^_HU,D,20180403,000000,1955.93,1974.29,1954.98,1974.29,5899101,0
^_HU,D,20180404,000000,1975.09,1986.97,1950.94,1962.24,4309393,0
^_HU,D,20180405,000000,1962.66,1983.59,1959.93,1978.6,5124297,0
^_HU,D,20180406,000000,1979.55,1991.52,1979.55,1988.36,5408812,0
^_HU,D,20180409,000000,1992.04,2039.53,1992.04,2031.34,8384856,0
^_HU,D,20180410,000000,2034.82,2042.46,2006.81,2019,12839227,0
^_HU,D,20180411,000000,2019.03,2033.19,2017.03,2030.44,5448544,0
^_HU,D,20180412,000000,2030.47,2066.55,2030.47,2064.94,7316583,0
^_HU,D,20180413,000000,2065.97,2071.34,2061.37,2068.08,5004331,0
^_HU,D,20180416,000000,2070.55,2076.27,2064.59,2072.41,3338967,0
^_HU,D,20180417,000000,2072,2084.92,2071.69,2080.43,4848227,0
^_HU,D,20180418,000000,2081.04,2090.56,2074.24,2079.7,5011345,0
^_HU,D,20180419,000000,2080.1,2092.56,2078.25,2080.63,3791970,0
^_HU,D,20180420,000000,2083.05,2105.9,2082.52,2099.08,6505850,0
^_HU,D,20180423,000000,2097.55,2104.62,2082.95,2104.62,5517434,0
^_HU,D,20180424,000000,2107.57,2147.78,2107.57,2137.63,9268674,0
^_HU,D,20180425,000000,2138.9,2140.12,2124.22,2139.06,7117702,0
^_HU,D,20180426,000000,2139.29,2141.24,2120.41,2126.51,5317853,0
^_HU,D,20180427,000000,2127.77,2137.96,2124.04,2131.64,4804999,0
^_HU,D,20180502,000000,2122.47,2124.8,2108.03,2108.03,5326075,0
^_HU,D,20180503,000000,2105.45,2111.51,2096.3,2107.74,4986744,0
^_HU,D,20180504,000000,2111.42,2112.94,2104.4,2109.84,3400303,0
^_HU,D,20180507,000000,2113.61,2127.06,2108.7,2121.49,5053396,0
^_HU,D,20180508,000000,2118.5,2122.44,2090.44,2099.37,6504852,0
^_HU,D,20180509,000000,2101.31,2102.2,2088.36,2094.48,6348288,0
^_HU,D,20180510,000000,2095.49,2099.2,2088.98,2095.34,3883385,0
^_HU,D,20180511,000000,2097.8,2110.34,2097.8,2108.96,4503399,0
^_HU,D,20180514,000000,2114.91,2116.39,2105.74,2109.36,4365555,0
^_HU,D,20180515,000000,2108.02,2120.75,2100.7,2111.08,4636578,0
^_HU,D,20180516,000000,2112.37,2116.41,2104.03,2111.78,5188989,0
^_HU,D,20180517,000000,2111.51,2123.29,2109.54,2118.21,3978242,0
^_HU,D,20180518,000000,2118.35,2136.62,2118.35,2123.06,4043564,0
^_HU,D,20180522,000000,2123.71,2144.82,2123.71,2139.89,3753385,0
^_HU,D,20180523,000000,2139.16,2161.31,2131.68,2134.76,5927528,0
^_HU,D,20180524,000000,2138.27,2159.11,2134.98,2146.06,3261020,0
^_HU,D,20180525,000000,2146.06,2168.17,2146.06,2163.41,5558574,0
^_HU,D,20180528,000000,2166.47,2177.63,2159.73,2174.06,3450586,0
^_HU,D,20180529,000000,2174.29,2178.54,2148.42,2161.68,6861712,0
^_HU,D,20180530,000000,2163.78,2187.77,2163.78,2180.56,4257315,0
^_HU,D,20180531,000000,2186.14,2186.14,2151.4,2156.63,10907575,0
^_HU,D,20180601,000000,2156.63,2167.34,2137.74,2145.65,4059436,0
^_HU,D,20180604,000000,2147.16,2162.58,2140.64,2151.99,4434088,0
^_HU,D,20180605,000000,2156.06,2168.76,2145.42,2166.33,4232048,0
^_HU,D,20180606,000000,2168.7,2198.1,2168.7,2190.83,2953614,0
^_HU,D,20180607,000000,2193.78,2216.51,2193.78,2206.1,4241381,0
^_HU,D,20180608,000000,2204.64,2204.64,2185.76,2188.85,3419029,0
^_HU,D,20180611,000000,2190.12,2191.32,2174.26,2185.07,5231742,0
^_HU,D,20180612,000000,2185.71,2192.11,2179.79,2184.55,12317645,0
^_HU,D,20180613,000000,2184.55,2194.79,2183.08,2185.05,7271457,0
^_HU,D,20180614,000000,2185.74,2191.37,2175.58,2183.47,6583226,0
^_HU,D,20180615,000000,2182.69,2183.42,2162.55,2163.98,8450384,0
^_HU,D,20180618,000000,2163.53,2169.13,2151.92,2157.13,2871116,0
^_HU,D,20180619,000000,2155.45,2160.03,2146.5,2150.29,3694326,0
^_HU,D,20180620,000000,2148.95,2172.74,2142.86,2155.16,6890050,0
^_HU,D,20180621,000000,2157.17,2163.88,2142.27,2149.8,4254330,0
^_HU,D,20180622,000000,2149.61,2154.35,2139.96,2144,2545528,0
^_HU,D,20180625,000000,2144.68,2145.88,2130.27,2132.23,2061679,0
^_HU,D,20180626,000000,2133.67,2140.85,2128.96,2139.36,2386709,0
^_HU,D,20180627,000000,2139.4,2139.69,2115.03,2124.28,3087546,0
^_HU,D,20180628,000000,2125.34,2130.89,2117.68,2127.29,2629793,0
^_HU,D,20180629,000000,2128.09,2144.73,2127.63,2143.77,2814375,0
^_HU,D,20180702,000000,2143.69,2148.41,2130.84,2137.22,3171233,0
^_HU,D,20180703,000000,2136.86,2150.07,2133.17,2148.63,2711009,0
^_HU,D,20180704,000000,2149.59,2155.51,2141.96,2154.2,3802385,0
^_HU,D,20180705,000000,2152.89,2164.28,2149.5,2157.62,2989367,0
^_HU,D,20180706,000000,2156.9,2162.9,2143.99,2143.99,2710804,0
^_HU,D,20180709,000000,2147.26,2152.68,2141.25,2146.63,3421992,0
^_HU,D,20180710,000000,2148.17,2149.26,2141.87,2147.69,3499969,0
^_HU,D,20180711,000000,2144.69,2149.45,2140.65,2144.33,3196376,0
^_HU,D,20180712,000000,2144.81,2149.56,2117.63,2137.74,7058106,0
^_HU,D,20180713,000000,2138.05,2141.45,2131.92,2133.27,2233924,0
^_HU,D,20180716,000000,2138.82,2159.47,2133.74,2151.72,3190072,0
^_HU,D,20180717,000000,2153.21,2153.21,2115.86,2119.99,5498809,0
^_HU,D,20180718,000000,2118.64,2118.64,2096.19,2103.57,6603569,0
^_HU,D,20180719,000000,2103.67,2119.95,2093.59,2118.78,4383854,0
^_HU,D,20180720,000000,2118.86,2121.24,2093.08,2099.98,3889964,0
^_HU,D,20180723,000000,2100.02,2106.16,2086.46,2092.85,4434204,0
^_HU,D,20180724,000000,2093.47,2093.47,2068.83,2081.45,2401908,0
^_HU,D,20180725,000000,2081.64,2087.57,2072.75,2081.76,2730873,0
^_HU,D,20180726,000000,2082.55,2090.8,2077.61,2086.79,2683901,0
^_HU,D,20180727,000000,2087.15,2105.56,2086.62,2103.77,3486466,0
^_HU,D,20180730,000000,2102.03,2110.74,2091.38,2101.55,4599685,0
^_HU,D,20180731,000000,2101.22,2101.53,2082.3,2085.56,3147507,0
^_HU,D,20180801,000000,2085.53,2091.2,2078.07,2081.72,2056386,0
^_HU,D,20180802,000000,2084.88,2090.51,2075.5,2082.55,2764297,0
^_HU,D,20180803,000000,2081.5,2090.85,2074.21,2086,3206465,0
^_HU,D,20180806,000000,2086.46,2093.05,2077.63,2082.63,3150262,0
^_HU,D,20180807,000000,2082.77,2095.93,2079.28,2085.81,2932549,0
^_HU,D,20180808,000000,2085.82,2090.07,2074.11,2077.98,2918104,0
^_HU,D,20180809,000000,2078.99,2086.09,2071.88,2077.23,3056879,0
^_HU,D,20180810,000000,2078.23,2079.61,2056.7,2058.7,2560328,0
^_HU,D,20180813,000000,2058.44,2063.26,2038.8,2063.26,3472802,0
^_HU,D,20180814,000000,2064.39,2074.96,2060.33,2062.31,2655454,0
^_HU,D,20180815,000000,2061.04,2065.4,2044.64,2055.4,4151083,0
^_HU,D,20180816,000000,2056.39,2069.84,2051.09,2065.74,4335455,0
^_HU,D,20180817,000000,2064.98,2075.52,2057.68,2065.92,3036520,0
^_HU,D,20180821,000000,2065.95,2075.43,2061.98,2075.43,3761709,0
^_HU,D,20180822,000000,2075.14,2076.58,2060.69,2063.95,3583665,0
^_HU,D,20180823,000000,2064.31,2065.41,2057.52,2058.28,2531655,0
^_HU,D,20180824,000000,2058.28,2061.76,2045.51,2047.71,1374915,0
^_HU,D,20180827,000000,2047.71,2052.35,2035.18,2038.12,1816798,0
^_HU,D,20180828,000000,2039.33,2039.8,2024.35,2029.31,2645171,0
^_HU,D,20180829,000000,2028.31,2032.01,2017.99,2026.83,3565627,0
^_HU,D,20180830,000000,2027.21,2036.55,2022.23,2036.4,2339647,0
^_HU,D,20180831,000000,2039.99,2048.38,2027.58,2048.38,3328704,0
^_HU,D,20180903,000000,2050.54,2059.07,2046.52,2055.61,1940447,0
^_HU,D,20180904,000000,2056.97,2056.97,2028.07,2029.67,3682935,0
^_HU,D,20180905,000000,2030,2037.04,2025.37,2033.42,3270624,0
^_HU,D,20180906,000000,2033.42,2044.64,2033.42,2041.88,2927983,0
^_HU,D,20180907,000000,2041.59,2044.49,2036.67,2043.39,3122800,0
^_HU,D,20180910,000000,2043.72,2053.15,2042.11,2050.35,2577468,0
^_HU,D,20180911,000000,2050.17,2053.61,2031.84,2036.96,4184769,0
^_HU,D,20180912,000000,2036.76,2038.13,2002.54,2018.67,4015986,0
^_HU,D,20180913,000000,2017.86,2022.2,2003.68,2012.83,4573711,0
^_HU,D,20180914,000000,2014.06,2016.66,2005.63,2012.8,2865141,0
^_HU,D,20180917,000000,2014.58,2017.78,2010.16,2014.62,2964387,0
^_HU,D,20180918,000000,2014.97,2014.97,1976.84,2007.14,5709312,0
^_HU,D,20180919,000000,2011.43,2024.7,1999.06,2024.64,4072833,0
^_HU,D,20180920,000000,2025.37,2026.54,2012.54,2021.85,5544197,0
^_HU,D,20180921,000000,2020.03,2028.12,2013.24,2019.07,8877096,0
^_HU,D,20180924,000000,2018.32,2019.19,1998.35,2006.23,2986545,0
^_HU,D,20180925,000000,2006.47,2010.38,1995.46,2005.14,4427401,0
^_HU,D,20180926,000000,2004.92,2013.83,2004.13,2013.83,2672308,0
^_HU,D,20180927,000000,2013.99,2019.65,2005.89,2006.18,4475310,0
^_HU,D,20180928,000000,2005.88,2017.83,2005.88,2017.63,5799096,0
^_HU,D,20181001,000000,2019.83,2021.19,2004.69,2008.07,4349200,0
^_HU,D,20181002,000000,2007.13,2017.86,2002.17,2014.94,4343892,0
^_HU,D,20181003,000000,2014.93,2018.58,2008.05,2010.83,3185018,0
^_HU,D,20181004,000000,2013.1,2028.99,2012.66,2025.64,4686021,0
^_HU,D,20181005,000000,2028.78,2034.78,2016.32,2027.67,6095027,0
^_HU,D,20181008,000000,2027.7,2030.65,2010.63,2022.59,7681963,0
^_HU,D,20181009,000000,2024.48,2025.89,2016.24,2023.34,3162403,0
^_HU,D,20181010,000000,2019.66,2019.66,2012.16,2012.16,7128425,0
^_HU,D,20181011,000000,2012.16,2012.16,1976.26,1981.01,13471736,0
^_HU,D,20181012,000000,1981.07,2005.81,1980.69,1986.83,5052825,0
^_HU,D,20181015,000000,1986.38,1990.91,1976.28,1978.74,5603645,0
^_HU,D,20181016,000000,1977.93,2018.93,1972.19,2015.88,14463046,0
^_HU,D,20181017,000000,2015.88,2044.33,2015.88,2031.79,14420784,0
^_HU,D,20181018,000000,2032.37,2053.33,2031.56,2051.03,11126959,0
^_HU,D,20181019,000000,2052.81,2053.98,2043.17,2049.69,6455608,0
^_HU,D,20181024,000000,2046.33,2048.19,2027.45,2039.06,6343805,0
^_HU,D,20181025,000000,2034.05,2052.58,2026.4,2052.58,5819687,0
^_HU,D,20181026,000000,2053.18,2062.46,2046.47,2053.2,6288743,0
^_HU,D,20181029,000000,2053.91,2061.31,2051.89,2060.09,2766636,0
^_HU,D,20181030,000000,2058.34,2060.06,2050.94,2060.06,2613350,0
^_HU,D,20181031,000000,2060.67,2071.04,2058.17,2071.04,6032037,0
^_HU,D,20181105,000000,2072.92,2078.03,2061.07,2061.81,8230257,0
^_HU,D,20181106,000000,2061.17,2072.89,2051.87,2060.57,4667498,0
^_HU,D,20181107,000000,2062.03,2071.85,2054.47,2058.52,7006319,0
^_HU,D,20181108,000000,2060.84,2062.64,2028.08,2045.08,10642389,0
^_HU,D,20181109,000000,2045.24,2068.56,2040.86,2066.87,7073941,0
^_HU,D,20181112,000000,2062.74,2071.08,2049.19,2070.68,4902195,0
^_HU,D,20181113,000000,2069.97,2087.86,2069.84,2087.86,5310696,0
^_HU,D,20181114,000000,2088.02,2098.92,2077.16,2098.59,7653417,0
^_HU,D,20181115,000000,2099.4,2106.47,2084.06,2088.54,12646058,0
^_HU,D,20181116,000000,2090.61,2113.33,2086.68,2112.63,10521169,0
^_HU,D,20181119,000000,2114.47,2133.63,2114.47,2121.97,12759291,0
^_HU,D,20181120,000000,2122.81,2124.93,2111.83,2118.07,5455261,0
^_HU,D,20181121,000000,2118.55,2125.15,2110.35,2118.99,8326945,0
^_HU,D,20181122,000000,2120.29,2140.56,2115.52,2140.56,5311909,0
^_HU,D,20181123,000000,2140.56,2152.35,2136.78,2143.53,5409022,0
^_HU,D,20181126,000000,2143.04,2150.29,2128.48,2138.38,5561497,0
^_HU,D,20181127,000000,2138.11,2144.25,2131.8,2141.33,5600885,0
^_HU,D,20181128,000000,2141.62,2153.48,2139.86,2153.48,4305226,0
^_HU,D,20181129,000000,2153.48,2165.78,2149.31,2153.08,5208673,0
^_HU,D,20181130,000000,2152.58,2166.54,2146.33,2161.66,10044597,0
^_HU,D,20181203,000000,2164.64,2171.8,2147.7,2154.91,6328373,0
^_HU,D,20181204,000000,2153.83,2157.16,2127.28,2137.64,6117255,0
^_HU,D,20181205,000000,2135.98,2135.98,2114.53,2129.55,7067932,0
^_HU,D,20181206,000000,2129.19,2131.61,2111.54,2131.4,7672192,0
^_HU,D,20181207,000000,2132.33,2152.34,2129.09,2135.27,5291831,0
^_HU,D,20181210,000000,2133.52,2141.93,2122.95,2131.97,5645558,0
^_HU,D,20181211,000000,2135.96,2140.32,2127.04,2131.76,5334725,0
^_HU,D,20181212,000000,2132.91,2147.58,2130.3,2140.51,3833528,0
^_HU,D,20181213,000000,2142.55,2156.5,2132.39,2152.62,5201329,0
^_HU,D,20181214,000000,2149.92,2161.42,2141.28,2160.68,4243592,0
^_HU,D,20181217,000000,2160.88,2160.88,2142.96,2149.56,3537910,0
^_HU,D,20181218,000000,2148.41,2148.41,2122.29,2132.85,7477268,0
^_HU,D,20181219,000000,2132.4,2137.37,2116.7,2137.37,5734014,0
^_HU,D,20181220,000000,2138.18,2143.55,2121.03,2128.44,7170728,0
^_HU,D,20181221,000000,2127.56,2131.26,2108.11,2114.49,6875298,0
^_HU,D,20181227,000000,2113.37,2125.57,2105.77,2121.19,9579187,0
^_HU,D,20181228,000000,2121.09,2139.43,2119.05,2138.18,5664198,0
^_HU,D,20190102,000000,2133.3,2159.24,2130.57,2150.47,3816133,0
^_HU,D,20190103,000000,2150.47,2150.47,2141.83,2149.64,6706944,0
^_HU,D,20190104,000000,2149.64,2171.01,2141.8,2156.24,3973272,0
^_HU,D,20190107,000000,2158.45,2187.51,2158.35,2182.84,4170845,0
^_HU,D,20190108,000000,2181.91,2213.18,2181.91,2209.44,4001129,0
^_HU,D,20190109,000000,2213.8,2269.13,2210.13,2267.32,6095502,0
^_HU,D,20190110,000000,2268,2292.99,2262.26,2274.19,4781352,0
^_HU,D,20190111,000000,2273.91,2302.54,2273.91,2302.04,4293916,0
^_HU,D,20190114,000000,2301.11,2316.13,2291.55,2294.02,3715365,0
^_HU,D,20190115,000000,2294.13,2320.84,2293.7,2319.6,5606315,0
^_HU,D,20190116,000000,2320.11,2361.64,2316.19,2360.88,7194118,0
^_HU,D,20190117,000000,2361.38,2389.55,2361.38,2372.06,6161912,0
^_HU,D,20190118,000000,2372.8,2395.79,2372.8,2381.57,4771812,0
^_HU,D,20190121,000000,2381.68,2393.4,2369.24,2370.01,2952214,0
^_HU,D,20190122,000000,2367.12,2385.67,2359.71,2377.31,12316110,0
^_HU,D,20190123,000000,2377.79,2394.96,2345.25,2347.78,7625019,0
^_HU,D,20190124,000000,2351.54,2354.27,2322.6,2336.55,9693989,0
^_HU,D,20190125,000000,2336.43,2342.98,2306.73,2321.54,8566284,0
^_HU,D,20190128,000000,2321.14,2344.28,2321.14,2341.32,4163401,0
^_HU,D,20190129,000000,2342.74,2360.17,2342.74,2352.49,4772739,0
^_HU,D,20190130,000000,2352.57,2358.72,2341.9,2351.05,6382452,0
^_HU,D,20190131,000000,2353.94,2364.23,2349.93,2357.25,6680743,0
^_HU,D,20190201,000000,2358.59,2365.59,2349.15,2358.72,9646346,0
^_HU,D,20190204,000000,2357.28,2369.48,2345.94,2357.66,10636491,0
^_HU,D,20190205,000000,2358.03,2378.75,2349.54,2361.86,12745670,0
^_HU,D,20190206,000000,2361.86,2364.24,2345.3,2354.94,18862525,0
^_HU,D,20190207,000000,2355.15,2369.69,2342.74,2348.98,13984807,0
^_HU,D,20190208,000000,2348.98,2367.31,2336.05,2364.71,9739353,0
^_HU,D,20190211,000000,2366.52,2375.2,2314.25,2314.49,8797460,0
^_HU,D,20190212,000000,2315.31,2317.74,2296.4,2315.25,7671705,0
^_HU,D,20190213,000000,2316.35,2319.57,2270.34,2277.61,9001734,0
^_HU,D,20190214,000000,2280.99,2285.4,2265.78,2282.85,5649809,0
^_HU,D,20190215,000000,2284.39,2295.68,2278.72,2295.37,4127254,0
^_HU,D,20190218,000000,2295.49,2298.26,2259.37,2261.99,6528386,0
^_HU,D,20190219,000000,2263.49,2272.11,2246.16,2268.72,5895898,0
^_HU,D,20190220,000000,2268.72,2277.88,2250.89,2257.57,8718869,0
^_HU,D,20190221,000000,2260.5,2281.32,2245.39,2277.69,6760864,0
^_HU,D,20190222,000000,2276.71,2283.55,2253.36,2269.58,4070127,0
^_HU,D,20190225,000000,2268.8,2290.5,2266.57,2269.4,3351355,0
^_HU,D,20190226,000000,2269.11,2284.08,2266.39,2284.08,3742328,0
^_HU,D,20190227,000000,2283.16,2285.64,2272.31,2284.79,3997189,0
^_HU,D,20190228,000000,2285.84,2288.81,2278.75,2285.33,1049292,0
^_HU,D,20190301,000000,2275.16,2286.89,2265.81,2286.51,4682949,0
^_HU,D,20190304,000000,2286.81,2288.65,2259.84,2262.35,3663923,0
^_HU,D,20190305,000000,2261.99,2278.67,2260.72,2275.62,6941552,0
^_HU,D,20190306,000000,2276.21,2290.49,2276.21,2282.16,6754587,0
^_HU,D,20190307,000000,2279.38,2290.73,2254.59,2254.59,4296749,0
^_HU,D,20190308,000000,2254.47,2264.03,2245.56,2247.98,5337852,0
^_HU,D,20190311,000000,2249.91,2255.5,2237.61,2254.32,5578744,0
^_HU,D,20190312,000000,2256.54,2261.68,2251.08,2259.06,3567846,0
^_HU,D,20190313,000000,2258.8,2274.48,2242.35,2273.47,4112662,0
^_HU,D,20190314,000000,2274.75,2282.48,2265.48,2277.27,9813191,0
^_HU,D,20190318,000000,2280.72,2315.86,2273.62,2314.8,11795740,0
^_HU,D,20190319,000000,2316.02,2360.81,2316.02,2360.81,10963384,0
^_HU,D,20190320,000000,2360.93,2367.19,2327.45,2357.39,8395767,0
^_HU,D,20190321,000000,2357.19,2398.23,2349.35,2384.14,12162813,0
^_HU,D,20190322,000000,2384.85,2391.63,2368.45,2390.39,10274310,0
^_HU,D,20190325,000000,2390.39,2399.78,2368.31,2373.68,4269580,0
^_HU,D,20190326,000000,2371.08,2388.2,2367.03,2385.19,4947117,0
^_HU,D,20190327,000000,2384.13,2429.56,2384.13,2429.56,8449885,0
^_HU,D,20190328,000000,2431.27,2456.98,2431.27,2446.91,6821847,0
^_HU,D,20190329,000000,2447.57,2470.84,2440.33,2455.13,11824583,0
^_HU,D,20190401,000000,2461.64,2481.34,2452.04,2477.23,7137405,0
^_HU,D,20190402,000000,2478.62,2488.99,2464.96,2470.1,2668600,0
^_HU,D,20190403,000000,2470.46,2486.09,2457.91,2459.47,4490947,0
^_HU,D,20190404,000000,2461.54,2468.94,2425.54,2432.83,4336219,0
^_HU,D,20190405,000000,2433.34,2469.32,2433.34,2468.74,6600398,0
^_HU,D,20190408,000000,2473.21,2485.11,2465.01,2480.66,8267239,0
^_HU,D,20190409,000000,2481.37,2481.94,2445.24,2464.36,5314497,0
^_HU,D,20190410,000000,2465.54,2473.83,2451.86,2472.9,6785530,0
^_HU,D,20190411,000000,2472.82,2482.11,2463.22,2477.24,3680142,0
^_HU,D,20190412,000000,2477.25,2480.32,2462.06,2469.01,3115050,0
^_HU,D,20190415,000000,2469.01,2479.07,2448.53,2453.08,3619259,0
^_HU,D,20190416,000000,2452.49,2466.09,2443.79,2454.02,4301430,0
^_HU,D,20190417,000000,2454.79,2464.09,2440.56,2464.09,4714066,0
^_HU,D,20190418,000000,2462.88,2482.78,2462.62,2481.67,3831216,0
^_HU,D,20190423,000000,2481.67,2487.33,2473.24,2477.25,9857756,0
^_HU,D,20190424,000000,2477.25,2490.19,2475.08,2479.77,5125227,0
^_HU,D,20190425,000000,2479.26,2483.44,2457.72,2465.82,5311471,0
^_HU,D,20190426,000000,2465.25,2473.76,2456.92,2473.76,3298786,0
^_HU,D,20190429,000000,2476.97,2478.82,2457.04,2467.69,6533909,0
^_HU,D,20190430,000000,2466.07,2471.49,2452.3,2455.44,4030782,0
^_HU,D,20190502,000000,2455.49,2481.41,2455.25,2481.41,6409261,0
^_HU,D,20190503,000000,2480.34,2512.11,2477.86,2512.11,6344385,0
^_HU,D,20190506,000000,2510.43,2563.03,2501.35,2563.03,12195494,0
^_HU,D,20190507,000000,2563.29,2565.83,2522.99,2530.56,9819103,0
^_HU,D,20190508,000000,2527.86,2542.16,2503.95,2539.83,7859565,0
^_HU,D,20190509,000000,2543.95,2551.82,2530.04,2538.52,6268247,0
^_HU,D,20190510,000000,2537.16,2546.41,2525.54,2527.37,5494615,0
^_HU,D,20190513,000000,2525.93,2530.04,2513.82,2519.15,5903891,0
^_HU,D,20190514,000000,2521.39,2523.17,2508.1,2521.06,6631287,0
^_HU,D,20190515,000000,2518.94,2523.74,2492.25,2500.16,9490394,0
^_HU,D,20190516,000000,2504.93,2524.88,2504.93,2523.7,5380804,0
^_HU,D,20190517,000000,2522.15,2525.15,2502.24,2512.72,5258240,0
^_HU,D,20190520,000000,2513.17,2522.55,2501.14,2512.18,4188086,0
^_HU,D,20190521,000000,2513.95,2525.08,2502.58,2511.41,6850964,0
^_HU,D,20190522,000000,2511.41,2525.42,2502.72,2525.42,5073843,0
^_HU,D,20190523,000000,2524.43,2524.88,2486.73,2491.5,6152389,0
^_HU,D,20190524,000000,2496.86,2511.89,2492.33,2502.77,3289585,0
^_HU,D,20190527,000000,2502.5,2511.12,2497.59,2509.08,2534983,0
^_HU,D,20190528,000000,2509.41,2517.79,2504.67,2513.85,8916654,0
^_HU,D,20190529,000000,2514.48,2521.69,2509.83,2514.92,4783352,0
^_HU,D,20190530,000000,2515.05,2516.82,2491.36,2497.53,7072031,0
^_HU,D,20190531,000000,2497.32,2497.32,2476.29,2489.43,6510316,0
^_HU,D,20190603,000000,2488.26,2497.19,2480.79,2494.7,5013723,0
^_HU,D,20190604,000000,2494.46,2495.27,2483.22,2492.53,3496978,0
^_HU,D,20190605,000000,2493.03,2498.76,2475.59,2485.88,3233735,0
^_HU,D,20190606,000000,2486.18,2489.13,2476.93,2484.74,2314644,0
^_HU,D,20190607,000000,2485.13,2491.76,2471.94,2477.04,2355228,0
^_HU,D,20190611,000000,2477.04,2479.33,2464.35,2470.51,6372897,0
^_HU,D,20190612,000000,2470.51,2470.51,2432.91,2440.87,8961058,0
^_HU,D,20190613,000000,2440.31,2446.74,2425.49,2435.51,3611053,0
^_HU,D,20190614,000000,2436.55,2449.3,2419.02,2438.6,3951927,0
^_HU,D,20190617,000000,2438.74,2440.87,2419.39,2430.97,4665563,0
^_HU,D,20190618,000000,2432.17,2436.09,2409.78,2436.09,5676272,0
^_HU,D,20190619,000000,2435.46,2454.75,2426.13,2454.75,5108391,0
^_HU,D,20190620,000000,2454.62,2478.68,2454.62,2478.68,6456568,0
^_HU,D,20190621,000000,2479,2504.19,2479,2500.53,6972179,0
^_HU,D,20190624,000000,2501.54,2527.88,2487.01,2527.88,4206083,0
^_HU,D,20190625,000000,2528.14,2550.12,2524.98,2542.15,3967481,0
^_HU,D,20190626,000000,2542.77,2555.15,2538.52,2541.78,5110094,0
^_HU,D,20190627,000000,2541.78,2551.36,2537.57,2545.22,4104676,0
^_HU,D,20190628,000000,2543.84,2547.55,2525.77,2527.98,3096664,0
^_HU,D,20190701,000000,2529.25,2550.95,2524.75,2543.9,3952931,0
^_HU,D,20190702,000000,2545.65,2561.5,2544.63,2561.5,5397011,0
^_HU,D,20190703,000000,2560.36,2572.53,2550.25,2563.69,4433281,0
^_HU,D,20190704,000000,2563.58,2576.15,2560.46,2570.92,6218259,0
^_HU,D,20190705,000000,2570.46,2580.68,2566.14,2580.68,3392767,0
^_HU,D,20190708,000000,2580.66,2584.79,2567.52,2569.84,3366374,0
^_HU,D,20190709,000000,2569.89,2582.25,2550.04,2559.18,8794153,0
^_HU,D,20190710,000000,2560.13,2580.91,2552.14,2580.91,9597160,0
^_HU,D,20190711,000000,2580.66,2586.65,2571.18,2574.52,12224496,0
^_HU,D,20190712,000000,2576.29,2585.05,2569.89,2577.98,7163152,0
^_HU,D,20190715,000000,2579.63,2599.15,2570.95,2596.13,6416703,0
^_HU,D,20190716,000000,2595.24,2621.19,2593,2618.16,11567005,0
^_HU,D,20190717,000000,2616.86,2624.64,2612.73,2619.13,10782372,0
^_HU,D,20190718,000000,2620.34,2622.73,2602.67,2610,11744587,0
^_HU,D,20190719,000000,2610.33,2614.43,2583.93,2606.11,6516908,0
^_HU,D,20190722,000000,2606.98,2615.23,2597.38,2599.5,7446063,0
^_HU,D,20190723,000000,2601.53,2606.73,2590.8,2601.53,11994648,0
^_HU,D,20190724,000000,2601.83,2608.88,2596.41,2602.58,5480012,0
^_HU,D,20190725,000000,2603.46,2614.85,2597.23,2605.84,6246394,0
^_HU,D,20190726,000000,2606.6,2640.52,2604.47,2640.52,9923699,0
^_HU,D,20190729,000000,2639.05,2651.34,2625.01,2649.26,12475459,0
^_HU,D,20190730,000000,2649.7,2667.09,2629.48,2636,17441764,0
^_HU,D,20190731,000000,2637.59,2657.81,2633.99,2654.8,14715491,0
^_HU,D,20190801,000000,2656.12,2676.42,2651.53,2672.42,8461875,0
^_HU,D,20190802,000000,2670.02,2689.52,2669.41,2679.67,8389379,0
^_HU,D,20190805,000000,2678.89,2689.58,2678.08,2682.74,7366134,0
^_HU,D,20190806,000000,2681.88,2698.02,2673.19,2696.02,4536765,0
^_HU,D,20190807,000000,2695.98,2707.52,2664.04,2670.89,7116180,0
^_HU,D,20190808,000000,2671.04,2693.17,2659.58,2693.17,3893043,0
^_HU,D,20190809,000000,2692.26,2708.52,2680.27,2690.59,3770704,0
^_HU,D,20190812,000000,2687.46,2688.99,2662.43,2684.2,3201240,0
^_HU,D,20190813,000000,2684.36,2701.22,2684.33,2699.62,3667340,0
^_HU,D,20190814,000000,2701.62,2707.34,2678.6,2693.22,5555907,0
^_HU,D,20190815,000000,2692.45,2711.27,2690.35,2709.59,7351501,0
^_HU,D,20190816,000000,2709.78,2718.26,2697.53,2713.33,4350935,0
^_HU,D,20190821,000000,2716.43,2719.2,2699.83,2711.51,6193554,0
^_HU,D,20190822,000000,2712.05,2712.05,2698.92,2704.81,5094290,0
^_HU,D,20190823,000000,2705.18,2708.43,2696.46,2708.43,3661950,0
^_HU,D,20190826,000000,2708.26,2715.35,2699.55,2707.47,4481920,0
^_HU,D,20190827,000000,2708.41,2712.93,2682.74,2695.88,7118516,0
^_HU,D,20190828,000000,2697.11,2697.11,2653.36,2666.8,7367204,0
^_HU,D,20190829,000000,2664.42,2689.44,2660.02,2678.95,5670984,0
^_HU,D,20190830,000000,2680.39,2691.61,2655.86,2676.5,3894428,0
^_HU,D,20190902,000000,2676.99,2691.14,2676.15,2691.14,2109228,0
^_HU,D,20190903,000000,2691.16,2696.63,2670.17,2682.52,2233389,0
^_HU,D,20190904,000000,2682.73,2704.59,2682.73,2704.59,4166397,0
^_HU,D,20190905,000000,2704.86,2715.08,2700.02,2709.22,4655408,0
^_HU,D,20190906,000000,2706.22,2718.94,2702.72,2711.64,4092813,0
^_HU,D,20190909,000000,2711.42,2717.1,2700.15,2711.14,2806146,0
^_HU,D,20190910,000000,2711.24,2717.14,2694.56,2716.78,3734883,0
^_HU,D,20190911,000000,2714.87,2742.89,2709.06,2740.05,4201953,0
^_HU,D,20190912,000000,2738.7,2747.48,2727.27,2734.74,3663404,0
^_HU,D,20190913,000000,2734.63,2736.32,2710.71,2716.98,5875273,0
^_HU,D,20190916,000000,2719.79,2735.68,2718.62,2730.08,4569480,0
^_HU,D,20190917,000000,2729.9,2732.67,2718.71,2730.09,3183047,0
^_HU,D,20190918,000000,2730.15,2739.89,2725.52,2727.41,2199420,0
^_HU,D,20190919,000000,2727.27,2728.93,2717.18,2728.36,3403811,0
^_HU,D,20190920,000000,2729.18,2740.79,2722.71,2730.88,6416819,0
^_HU,D,20190923,000000,2729.98,2732.53,2712.98,2720.59,2306664,0
^_HU,D,20190924,000000,2719.45,2722.9,2706.24,2713.88,2680044,0
^_HU,D,20190925,000000,2715.04,2720.24,2698.72,2711.44,4395307,0
^_HU,D,20190926,000000,2710.17,2724.09,2706.04,2710.58,2812068,0
^_HU,D,20190927,000000,2710.15,2718.58,2703.96,2716.93,2769329,0
^_HU,D,20190930,000000,2718.7,2718.7,2690.61,2704.06,4738199,0
^_HU,D,20191001,000000,2703.19,2713.52,2689.28,2704.05,3468755,0
^_HU,D,20191002,000000,2705.15,2706.68,2694.33,2695.06,4468600,0
^_HU,D,20191003,000000,2695.06,2697.57,2675.73,2686.18,2848090,0
^_HU,D,20191004,000000,2685.03,2688.16,2673.45,2688.16,2689507,0
^_HU,D,20191007,000000,2687.39,2698.57,2683.77,2687.34,2022418,0
^_HU,D,20191008,000000,2686.73,2689.88,2657.07,2668.8,3411887,0
^_HU,D,20191009,000000,2668.46,2668.46,2606.79,2616.48,8370400,0
^_HU,D,20191010,000000,2616.34,2637.27,2609.51,2631.2,3913203,0
^_HU,D,20191011,000000,2632.15,2652.76,2627.75,2650.69,3746406,0
^_HU,D,20191014,000000,2648.05,2648.05,2618.94,2636.09,3020760,0
^_HU,D,20191015,000000,2636.16,2639.9,2628.44,2635.71,3603947,0
^_HU,D,20191016,000000,2635.37,2638.21,2606.37,2622.61,7438551,0
^_HU,D,20191017,000000,2622.61,2627.71,2602.47,2609.39,4299436,0
^_HU,D,20191018,000000,2609.68,2625.23,2596.18,2625.23,4257994,0
^_HU,D,20191021,000000,2625.23,2633.58,2614.6,2633.58,2680581,0
^_HU,D,20191022,000000,2634.58,2644.71,2632.53,2637.79,4440515,0
^_HU,D,20191024,000000,2638.23,2638.23,2612.26,2615.77,4826592,0
^_HU,D,20191025,000000,2614.97,2625.95,2606.62,2625.71,4795155,0
^_HU,D,20191028,000000,2626.29,2630.79,2613.19,2616.34,3943839,0
^_HU,D,20191029,000000,2616.6,2623.07,2609.49,2619.44,5857458,0
^_HU,D,20191030,000000,2618.09,2632.97,2614.96,2632.97,6494182,0
^_HU,D,20191031,000000,2632.1,2632.26,2610.67,2614.07,4968541,0
^_HU,D,20191104,000000,2615.31,2616.88,2593.73,2611.41,7028413,0
^_HU,D,20191105,000000,2611.57,2628.14,2602.71,2611.65,6871220,0
^_HU,D,20191106,000000,2612.35,2622.1,2601.1,2620.76,6161249,0
^_HU,D,20191107,000000,2622.2,2643.58,2616.21,2630.73,10628016,0
^_HU,D,20191108,000000,2630.82,2637.46,2617.11,2632.27,7682286,0
^_HU,D,20191111,000000,2630.6,2636.65,2619.24,2626.2,8995974,0
^_HU,D,20191112,000000,2628.64,2632.03,2616.79,2631.68,9004013,0
^_HU,D,20191113,000000,2631.77,2646.48,2626.43,2634.75,8792424,0
^_HU,D,20191114,000000,2635.86,2638.18,2613.36,2630.66,11143072,0
^_HU,D,20191115,000000,2631.51,2653.64,2624.92,2638.09,12335884,0
^_HU,D,20191118,000000,2638.44,2645.14,2626.53,2633.21,12218860,0
^_HU,D,20191119,000000,2633.64,2652.43,2627.99,2652.43,17341879,0
^_HU,D,20191120,000000,2655.16,2706.05,2651.97,2706.05,25524907,0
^_HU,D,20191121,000000,2707.91,2732.92,2693.77,2703.04,31973571,0
^_HU,D,20191122,000000,2699.54,2726.81,2699.07,2721.06,7682140,0
^_HU,D,20191125,000000,2721.15,2732.87,2688.07,2715.84,10222153,0
^_HU,D,20191126,000000,2715.4,2729.18,2707.08,2717.75,9916662,0
^_HU,D,20191127,000000,2717.09,2744.23,2709.31,2711.19,13365401,0
^_HU,D,20191128,000000,2715.47,2741.8,2713.34,2740.13,16226766,0
^_HU,D,20191129,000000,2742.11,2746.46,2728.05,2741,7697498,0
^_HU,D,20191202,000000,2742.69,2785.14,2742.69,2762.45,4336163,0
^_HU,D,20191203,000000,2763.65,2778.16,2739.83,2758.53,6297276,0
^_HU,D,20191204,000000,2759.69,2788.6,2753.49,2785.65,12962316,0
^_HU,D,20191205,000000,2786.69,2793.61,2761.69,2783.04,11866956,0
^_HU,D,20191206,000000,2783.4,2807.9,2778.35,2799.14,5159487,0
^_HU,D,20191209,000000,2795.31,2801.22,2781.16,2787.65,8933938,0
^_HU,D,20191210,000000,2788.73,2790.98,2770.89,2778.16,7081008,0
^_HU,D,20191211,000000,2775.8,2775.8,2738.1,2741.91,8100295,0
^_HU,D,20191212,000000,2743.28,2748.53,2711.82,2736.18,9393809,0
^_HU,D,20191213,000000,2737.59,2744.78,2720.99,2744.34,8970923,0
^_HU,D,20191216,000000,2745.08,2748.13,2715.24,2718.76,6790894,0
^_HU,D,20191217,000000,2719.39,2724.71,2692.54,2713.26,7573260,0
^_HU,D,20191218,000000,2713.05,2713.05,2675.24,2676.84,6335434,0
^_HU,D,20191219,000000,2676.71,2694.49,2671.88,2684.76,7706431,0
^_HU,D,20191220,000000,2685.25,2691.46,2666.37,2677.58,8878113,0
^_HU,D,20191223,000000,2678.96,2703.2,2671.06,2702.09,4553531,0
^_HU,D,20191230,000000,2704.1,2711.04,2700.06,2702.56,5675899,0
^_HU,D,20200102,000000,2703.47,2730.67,2703.47,2728.23,5007723,0
^_HU,D,20200103,000000,2728.38,2736.77,2721.3,2731.31,4068837,0
^_HU,D,20200106,000000,2731.55,2737.72,2705.59,2712.06,4961018,0
^_HU,D,20200107,000000,2713.11,2726.66,2712.41,2719.83,6783440,0
^_HU,D,20200108,000000,2719.74,2732.01,2708.19,2732.01,4714112,0
^_HU,D,20200109,000000,2732.65,2747.73,2730.06,2742.79,3206201,0
^_HU,D,20200110,000000,2734.68,2743.91,2732.56,2739.09,4768007,0
^_HU,D,20200113,000000,2740.76,2745.05,2706.78,2717.73,3516821,0
^_HU,D,20200114,000000,2717.55,2720.13,2701.05,2704.38,4406019,0
^_HU,D,20200115,000000,2705.38,2711.99,2689.84,2698.88,5059684,0
^_HU,D,20200116,000000,2699.87,2701.01,2677.06,2694.06,5738175,0
^_HU,D,20200117,000000,2694.29,2698.39,2671.26,2690.51,4895041,0
^_HU,D,20200120,000000,2688.65,2696.29,2680.68,2693.89,5301760,0
^_HU,D,20200121,000000,2694.43,2700.43,2685.62,2699.11,6622548,0
^_HU,D,20200122,000000,2698.62,2710.21,2691.89,2702.75,6550728,0
^_HU,D,20200123,000000,2705.04,2706.6,2690.11,2699.3,4623793,0
^_HU,D,20200124,000000,2699.58,2709.47,2696.94,2702.9,2873935,0
^_HU,D,20200127,000000,2702.54,2702.54,2660.05,2669.53,3171725,0
^_HU,D,20200128,000000,2669.45,2670.25,2632.71,2643.41,4346013,0
^_HU,D,20200129,000000,2641.6,2649.13,2627.35,2637.27,3788386,0
^_HU,D,20200130,000000,2632.8,2637.39,2607.34,2618.66,4467975,0
^_HU,D,20200131,000000,2618.73,2627.84,2605.67,2610.09,6071211,0
^_HU,D,20200203,000000,2612.29,2616.73,2601.29,2604.39,3961656,0
^_HU,D,20200204,000000,2604.8,2611.21,2598.94,2609.09,5448049,0
^_HU,D,20200205,000000,2607.43,2615.29,2592.77,2598.72,4732167,0
^_HU,D,20200206,000000,2601.28,2605.49,2586.13,2591.23,5003638,0
^_HU,D,20200207,000000,2590.87,2603.01,2587.33,2600.62,5191375,0
^_HU,D,20200210,000000,2600.39,2609.09,2592.05,2608.5,5022481,0
^_HU,D,20200211,000000,2609.08,2621.42,2604.42,2621.42,4489297,0
^_HU,D,20200212,000000,2623.84,2634.99,2619.63,2624.1,5033941,0
^_HU,D,20200213,000000,2625.87,2630.06,2608.68,2624.33,4141841,0
^_HU,D,20200214,000000,2624.6,2626.93,2611.49,2613.6,4306352,0
^_HU,D,20200217,000000,2613.5,2638.28,2608.75,2632.66,3196192,0
^_HU,D,20200218,000000,2633.38,2652.88,2633.34,2639.57,5324584,0
^_HU,D,20200219,000000,2641.33,2649.09,2627.59,2637.15,5481048,0
^_HU,D,20200220,000000,2637.58,2639.82,2617.86,2623.01,3570414,0
^_HU,D,20200221,000000,2620.98,2631.67,2611.4,2629.69,3475548,0
^_HU,D,20200224,000000,2627.51,2627.51,2555.47,2562.94,6836133,0
^_HU,D,20200225,000000,2562.33,2566.02,2456.48,2471.2,12823035,0
^_HU,D,20200226,000000,2471.67,2491.87,2407.7,2480.51,14324643,0
^_HU,D,20200227,000000,2479.5,2479.77,2445.07,2450.23,5834262,0
^_HU,D,20200228,000000,2436.72,2436.72,2375.55,2393.08,15464849,0
^_HU,D,20200302,000000,2400.21,2445.56,2400.21,2416.21,7052829,0
^_HU,D,20200303,000000,2418.61,2472.41,2418.61,2472.41,8689624,0
^_HU,D,20200304,000000,2467.55,2474.21,2459.64,2471.51,5030000,0
^_HU,D,20200305,000000,2470.94,2479.43,2433.41,2437.25,6552138,0
^_HU,D,20200306,000000,2428.83,2428.83,2390.22,2406.75,5642657,0
^_HU,D,20200309,000000,2401.28,2401.28,2259.24,2282.86,12585307,0
^_HU,D,20200310,000000,2282.45,2314.25,2264.71,2264.71,9238500,0
^_HU,D,20200311,000000,2263.17,2267.62,2067.78,2099.85,17433803,0
^_HU,D,20200312,000000,2088.58,2088.58,1916.58,1964.76,18591166,0
^_HU,D,20200313,000000,1961.85,2022.43,1952.34,2022.17,15309464,0
^_HU,D,20200316,000000,2017.54,2017.54,1753.37,1835.26,21107123,0
^_HU,D,20200317,000000,1837.93,1853.54,1812.64,1846.24,13576951,0
^_HU,D,20200318,000000,1842.52,1842.52,1707.76,1725.37,14870501,0
^_HU,D,20200319,000000,1723.97,1747.09,1717.41,1745.34,10235318,0
^_HU,D,20200320,000000,1746.08,1821.52,1746.08,1781.92,19213845,0
^_HU,D,20200323,000000,1778.56,1794.97,1751.1,1782.1,11187671,0
^_HU,D,20200324,000000,1782.22,1857.51,1782.22,1856.9,16555002,0
^_HU,D,20200325,000000,1858.2,1922.46,1858.2,1892.44,20419430,0
^_HU,D,20200326,000000,1891.27,1919.1,1872.89,1919.1,15176404,0
^_HU,D,20200327,000000,1919.97,1959.65,1890.74,1903.77,17902992,0
^_HU,D,20200330,000000,1905.58,1934.37,1887.7,1934.03,14564626,0
^_HU,D,20200331,000000,1940.92,2027.24,1940.92,2026.07,34317503,0
^_HU,D,20200401,000000,2022.33,2038.61,2001.39,2027.28,34592636,0
^_HU,D,20200402,000000,2028.83,2081.19,2028.83,2071.23,17224512,0
^_HU,D,20200403,000000,2071.98,2110.38,2071.98,2110.38,9626211,0
^_HU,D,20200406,000000,2118.55,2145.84,2118.55,2139.31,14925513,0
^_HU,D,20200407,000000,2140.09,2202.67,2140.09,2181.51,23117331,0
^_HU,D,20200408,000000,2184.14,2193.99,2121.18,2127.31,18973389,0
^_HU,D,20200409,000000,2132.34,2159.96,2116.83,2147.94,11611106,0
^_HU,D,20200414,000000,2148.58,2160.8,2148.58,2154.52,1681137,0
^_HU,D,20200415,000000,2156.48,2163.83,2087.3,2113.7,10252761,0
^_HU,D,20200416,000000,2112.38,2127.91,2093.55,2101.57,8918512,0
^_HU,D,20200417,000000,2104.7,2119.34,2096.25,2117.41,8445492,0
^_HU,D,20200420,000000,2119.2,2119.2,2096.78,2110.8,6857239,0
^_HU,D,20200421,000000,2109.54,2109.54,2051.29,2069.07,9493941,0
^_HU,D,20200422,000000,2065.8,2082.99,2050.76,2077.38,11679831,0
^_HU,D,20200423,000000,2078.84,2105.08,2074.13,2105.08,10701225,0
^_HU,D,20200424,000000,2107.65,2112.69,2097.78,2110.4,6303555,0
^_HU,D,20200427,000000,2115.02,2143.53,2115.02,2127.12,9540317,0
^_HU,D,20200428,000000,2129.99,2142.94,2125.74,2137.22,8585118,0
^_HU,D,20200429,000000,2139.36,2163.12,2139.36,2162.18,6707750,0
^_HU,D,20200430,000000,2166.37,2190.9,2159.88,2162.13,10927571,0
^_HU,D,20200504,000000,2156.78,2156.78,2135.34,2140.03,5619280,0
^_HU,D,20200505,000000,2143.17,2155.94,2143.17,2146.48,4024789,0
^_HU,D,20200506,000000,2146.35,2153.58,2136.12,2149.15,4415573,0
^_HU,D,20200507,000000,2149.62,2161.93,2142.85,2157.1,3361365,0
^_HU,D,20200508,000000,2161.47,2175.03,2151.69,2154.24,4397734,0
^_HU,D,20200511,000000,2157.08,2176.04,2154.89,2157.53,3978797,0
^_HU,D,20200512,000000,2157.11,2167.46,2155.44,2159.72,5278502,0
^_HU,D,20200513,000000,2158.76,2178.49,2153.92,2169.09,7340771,0
^_HU,D,20200514,000000,2169.45,2170.25,2126.54,2137.23,7115327,0
^_HU,D,20200515,000000,2140.42,2171.55,2137.85,2158.68,3916961,0
^_HU,D,20200518,000000,2164.24,2193.01,2164.24,2182.01,8450569,0
^_HU,D,20200519,000000,2185.41,2209.46,2185.41,2209.46,7873174,0
^_HU,D,20200520,000000,2209.98,2217.61,2191.21,2207.91,8563520,0
^_HU,D,20200521,000000,2209.5,2220.82,2203.6,2220.6,13651247,0
^_HU,D,20200522,000000,2220.73,2226.29,2213.01,2223.57,8083303,0
^_HU,D,20200525,000000,2225.57,2228.68,2201.72,2221.01,4863744,0
^_HU,D,20200526,000000,2224.1,2253.52,2224.1,2251.83,8176747,0
^_HU,D,20200527,000000,2251.52,2268.94,2251.52,2267.71,12469508,0
^_HU,D,20200528,000000,2268.11,2275.15,2227.58,2234.48,11972365,0
^_HU,D,20200529,000000,2230.36,2234.79,2219.17,2231.36,11073184,0
^_HU,D,20200602,000000,2231.52,2242.59,2231.52,2240.69,6905861,0
^_HU,D,20200603,000000,2240.78,2253.91,2235.9,2253.91,7836868,0
^_HU,D,20200604,000000,2252.48,2255.54,2229.8,2249.98,7194807,0
^_HU,D,20200605,000000,2247.77,2254.22,2244.4,2252.42,8606984,0
^_HU,D,20200608,000000,2252.52,2256.86,2237.07,2246.79,6287445,0
^_HU,D,20200609,000000,2248.08,2256,2232.32,2240.32,6553399,0
^_HU,D,20200610,000000,2240.82,2248.53,2220,2228.46,5730419,0
^_HU,D,20200611,000000,2227.85,2227.85,2190.18,2190.76,6051031,0
^_HU,D,20200612,000000,2185.28,2200.89,2156.22,2180.42,6534817,0
^_HU,D,20200615,000000,2172.16,2179.61,2112.79,2148.26,6654430,0
^_HU,D,20200616,000000,2148.26,2190.47,2142.4,2189.29,6305316,0
^_HU,D,20200617,000000,2189.6,2221.29,2186.85,2211.29,4108869,0
^_HU,D,20200618,000000,2208.64,2218.65,2189.27,2210.82,7181097,0
^_HU,D,20200619,000000,2211.8,2218.87,2200.14,2210.89,15876349,0
^_HU,D,20200622,000000,2208.82,2210.13,2192.4,2201.85,6401094,0
^_HU,D,20200623,000000,2202.07,2214.74,2202.06,2210.44,7733408,0
^_HU,D,20200624,000000,2211.17,2212.91,2173.64,2174.58,6748733,0
^_HU,D,20200625,000000,2175.04,2175.04,2144.43,2170.05,3593335,0
^_HU,D,20200626,000000,2170.6,2174.57,2138.97,2153.2,3416133,0
^_HU,D,20200629,000000,2154.62,2154.62,2118.31,2134.71,4859311,0
^_HU,D,20200630,000000,2134.45,2154.98,2134.45,2147.49,4911289,0
^_HU,D,20200701,000000,2147.63,2149.06,2128.31,2131.44,2581793,0
^_HU,D,20200702,000000,2131.79,2147.75,2125.49,2138.98,3967730,0
^_HU,D,20200703,000000,2138.98,2145.17,2131.26,2144,2832164,0
^_HU,D,20200706,000000,2149.23,2158.76,2139.78,2152.44,3801553,0
^_HU,D,20200707,000000,2152.68,2153.64,2136.58,2142.42,3461635,0
^_HU,D,20200708,000000,2142.64,2150.43,2130.95,2140.42,3391289,0
^_HU,D,20200709,000000,2140.4,2142.87,2128.08,2136.83,2210985,0
^_HU,D,20200710,000000,2138.05,2138.05,2116.27,2129.77,2727109,0
^_HU,D,20200713,000000,2129.82,2138.82,2124.69,2131.84,4940073,0
^_HU,D,20200714,000000,2131.65,2135.36,2118.91,2124.29,5158124,0
^_HU,D,20200715,000000,2125.71,2144.84,2116.12,2144.84,9392697,0
^_HU,D,20200716,000000,2142.9,2159.98,2142.38,2151.58,13382030,0
^_HU,D,20200717,000000,2152.3,2154.06,2133.71,2142.72,7596319,0
^_HU,D,20200720,000000,2142.19,2150.41,2127.72,2138.61,8057272,0
^_HU,D,20200721,000000,2140.49,2151,2131.44,2149.48,6921253,0
^_HU,D,20200722,000000,2151.41,2154.12,2121.82,2135.13,6944473,0
^_HU,D,20200723,000000,2134.84,2146.1,2128.67,2146.1,8045535,0
^_HU,D,20200724,000000,2143.95,2143.99,2123.5,2132.36,4878399,0
^_HU,D,20200727,000000,2132.29,2144.52,2129.02,2144.23,4384864,0
^_HU,D,20200728,000000,2145.24,2147.48,2133.53,2147.03,3210721,0
^_HU,D,20200729,000000,2147.85,2153.01,2140.85,2143.61,3187181,0
