<TICKER>,<PER>,<DATE>,<TIME>,<OPEN>,<HIGH>,<LOW>,<CLOSE>,<VOL>,<OPENINT>
^_JP,D,20160216,000000,782.87,790.45,782.87,790.45,3246089421,0
^_JP,D,20160217,000000,790.39,790.39,788.09,788.09,2918951974,0
^_JP,D,20160218,000000,802.73,805.37,802.73,805.37,2706505785,0
^_JP,D,20160219,000000,800.43,800.43,800.08,800.08,2380290026,0
^_JP,D,20160222,000000,799.03,808.35,799.03,808.35,2130151641,0
^_JP,D,20160223,000000,813.88,813.88,803.48,803.48,2424134302,0
^_JP,D,20160224,000000,798.19,802.12,798.19,802.12,2343174951,0
^_JP,D,20160225,000000,806.29,813.73,806.29,813.73,2570315338,0
^_JP,D,20160226,000000,819.28,819.28,815.47,815.47,2359480090,0
^_JP,D,20160229,000000,822.87,822.87,814.12,814.12,2581092039,0
^_JP,D,20160301,000000,813.69,815.66,813.69,815.66,2324815842,0
^_JP,D,20160302,000000,827.97,831.08,827.97,831.08,2638162613,0
^_JP,D,20160303,000000,830.91,839.23,830.91,839.23,2835278299,0
^_JP,D,20160304,000000,839.34,848.55,839.34,848.55,2835719014,0
^_JP,D,20160307,000000,853.3,853.3,851.36,851.36,2468280424,0
^_JP,D,20160308,000000,850.75,850.75,845.07,845.07,2729862750,0
^_JP,D,20160309,000000,839.79,839.79,838.45,838.45,2498332578,0
^_JP,D,20160310,000000,843.7,849.49,843.7,849.49,2341489108,0
^_JP,D,20160311,000000,844.33,854.73,844.33,854.73,3006544011,0
^_JP,D,20160314,000000,863.18,866.42,863.18,866.42,2245607655,0
^_JP,D,20160315,000000,867.2,867.5,867.2,867.5,2336000010,0
^_JP,D,20160316,000000,865.73,865.86,865.73,865.86,2050963646,0
^_JP,D,20160317,000000,870.22,870.22,863.95,863.95,2454270125,0
^_JP,D,20160318,000000,862.93,862.93,859.86,859.86,2512439655,0
^_JP,D,20160322,000000,866.89,870.94,866.89,870.94,2229351306,0
^_JP,D,20160323,000000,873.07,873.07,870.97,870.97,1813270034,0
^_JP,D,20160324,000000,870.11,870.11,869.13,869.13,2166479260,0
^_JP,D,20160325,000000,871.71,871.71,870.32,870.32,1992098776,0
^_JP,D,20160328,000000,874.21,874.7,874.21,874.7,1967830702,0
^_JP,D,20160329,000000,871.12,878.71,871.12,878.71,1896180017,0
^_JP,D,20160330,000000,878.6,878.6,874.93,874.93,2101339175,0
^_JP,D,20160331,000000,877.57,877.57,872.02,872.02,2377495321,0
^_JP,D,20160401,000000,872.79,872.79,848.66,848.66,2707265254,0
^_JP,D,20160404,000000,847.69,850.48,847.69,850.48,2203720276,0
^_JP,D,20160405,000000,847.06,847.06,826.05,826.05,2406149360,0
^_JP,D,20160406,000000,821.39,823.23,821.39,823.23,2281535766,0
^_JP,D,20160407,000000,822.9,826.03,822.9,826.03,2193622134,0
^_JP,D,20160408,000000,816.43,833.23,816.43,833.23,2736243615,0
^_JP,D,20160411,000000,835.04,836.06,835.04,836.06,2029826396,0
^_JP,D,20160412,000000,837.04,841.92,837.04,841.92,2284269392,0
^_JP,D,20160413,000000,848.01,853.72,848.01,853.72,2444207236,0
^_JP,D,20160414,000000,862.06,867.77,862.06,867.77,2626437525,0
^_JP,D,20160415,000000,864.27,866.75,864.27,866.75,2134442818,0
^_JP,D,20160418,000000,854.62,856.28,854.62,856.28,2306864148,0
^_JP,D,20160419,000000,868.14,871.73,868.14,871.73,2273889119,0
^_JP,D,20160420,000000,876.67,876.67,872.66,872.66,2334375943,0
^_JP,D,20160421,000000,881.11,884.78,881.11,884.78,2437792167,0
^_JP,D,20160422,000000,882.32,887.88,882.32,887.88,3240657164,0
^_JP,D,20160425,000000,892.84,892.84,888,888,2546582031,0
^_JP,D,20160426,000000,885.94,885.94,876.74,876.74,2413972160,0
^_JP,D,20160427,000000,877.99,878.47,877.99,878.47,2233855792,0
^_JP,D,20160428,000000,882.27,882.27,865.68,865.68,3188937821,0
^_JP,D,20160502,000000,846.8,850.77,846.8,850.77,2554957242,0
^_JP,D,20160506,000000,854.99,855.04,854.99,855.04,2214509261,0
^_JP,D,20160509,000000,860.01,863.22,860.01,863.22,1926782552,0
^_JP,D,20160510,000000,866.03,872.91,866.03,872.91,2481670382,0
^_JP,D,20160511,000000,877.6,877.6,874.51,874.51,2243579601,0
^_JP,D,20160512,000000,870.86,873.69,870.86,873.69,2155700771,0
^_JP,D,20160513,000000,873.97,873.97,866.12,866.12,2583390688,0
^_JP,D,20160516,000000,865.76,865.76,858.71,858.71,2117229495,0
^_JP,D,20160517,000000,860.51,864.71,860.51,864.71,1895568027,0
^_JP,D,20160518,000000,864.67,864.67,859.13,859.13,2441554508,0
^_JP,D,20160519,000000,862.64,862.64,862.46,862.46,2014138477,0
^_JP,D,20160520,000000,861.63,867.86,861.63,867.86,1941679705,0
^_JP,D,20160523,000000,868.57,870.84,868.57,870.84,1835773030,0
^_JP,D,20160524,000000,870.39,870.39,867.73,867.73,1674546742,0
^_JP,D,20160525,000000,874.64,874.64,871.82,871.82,1782622752,0
^_JP,D,20160526,000000,875.67,875.67,870.92,870.92,1812952105,0
^_JP,D,20160527,000000,871.38,871.46,871.38,871.46,1867912399,0
^_JP,D,20160530,000000,874.86,880.58,874.86,880.58,1694456642,0
^_JP,D,20160531,000000,881.59,885.81,881.59,885.81,2535978108,0
^_JP,D,20160601,000000,883.45,883.45,881.37,881.37,2074219097,0
^_JP,D,20160602,000000,878.45,878.45,869.68,869.68,2093607314,0
^_JP,D,20160603,000000,869.73,873.66,869.73,873.66,1756538738,0
^_JP,D,20160606,000000,865.22,870.87,865.22,870.87,1945382044,0
^_JP,D,20160607,000000,873.18,874.34,873.18,874.34,1748493867,0
^_JP,D,20160608,000000,875.82,877.53,875.82,877.53,1770395287,0
^_JP,D,20160609,000000,876.57,876.57,875.56,875.56,1828578902,0
^_JP,D,20160610,000000,877.81,877.81,874.59,874.59,2222422824,0
^_JP,D,20160613,000000,866.04,866.04,852.23,852.23,1959925332,0
^_JP,D,20160614,000000,847.68,847.68,831.87,831.87,2142446824,0
^_JP,D,20160615,000000,828.5,834.97,828.5,834.97,1919194686,0
^_JP,D,20160616,000000,834.19,834.19,809.34,809.34,2307735418,0
^_JP,D,20160617,000000,817.25,817.25,814.76,814.76,2384028964,0
^_JP,D,20160620,000000,823.46,830.86,823.46,830.86,1917187356,0
^_JP,D,20160621,000000,828.95,835.95,828.95,835.95,1801776823,0
^_JP,D,20160622,000000,834.55,834.55,828.44,828.44,1693966028,0
^_JP,D,20160623,000000,827.07,831.83,827.07,831.83,1704354570,0
^_JP,D,20160624,000000,838.66,838.66,782,782,3685800602,0
^_JP,D,20160627,000000,789.55,798.55,789.55,798.55,2325710193,0
^_JP,D,20160628,000000,790.96,802.29,790.96,802.29,2535520624,0
^_JP,D,20160629,000000,811.13,814.9,811.13,814.9,2190324458,0
^_JP,D,20160630,000000,823.26,823.26,817.6,817.6,2206346657,0
^_JP,D,20160701,000000,823.42,826.09,823.42,826.09,1840838688,0
^_JP,D,20160704,000000,826.98,832.31,826.98,832.31,1716178341,0
^_JP,D,20160705,000000,832.03,832.03,829.47,829.47,1674762153,0
^_JP,D,20160706,000000,820.74,820.74,819.1,819.1,2281450029,0
^_JP,D,20160707,000000,818.84,818.84,813.82,813.82,1903761067,0
^_JP,D,20160708,000000,815.11,815.11,804.18,804.18,1937448672,0
^_JP,D,20160711,000000,816.25,824.54,816.25,824.54,2053487019,0
^_JP,D,20160712,000000,834.45,837.23,834.45,837.23,2625861097,0
^_JP,D,20160713,000000,847.4,847.4,841.6,841.6,2786251184,0
^_JP,D,20160714,000000,841.8,844.72,841.8,844.72,2129633304,0
^_JP,D,20160715,000000,847.39,847.39,841.21,841.21,2551561663,0
^_JP,D,20160719,000000,844.17,846.47,844.17,846.47,2098148759,0
^_JP,D,20160720,000000,845.26,847.74,845.26,847.74,1920946683,0
^_JP,D,20160721,000000,852.66,852.66,852.49,852.49,2092873980,0
^_JP,D,20160722,000000,846.85,849.34,846.85,849.34,1699453071,0
^_JP,D,20160725,000000,853.08,853.08,852.16,852.16,1802353686,0
^_JP,D,20160726,000000,850.08,850.08,843.82,843.82,2009719749,0
^_JP,D,20160727,000000,847.28,848.72,847.28,848.72,2388369264,0
^_JP,D,20160728,000000,846.53,846.53,842.91,842.91,2009122824,0
^_JP,D,20160729,000000,841.55,847.87,841.55,847.87,3219393753,0
^_JP,D,20160801,000000,842.77,844.7,842.77,844.7,2511371934,0
^_JP,D,20160802,000000,842.17,842.17,840.47,840.47,2107991516,0
^_JP,D,20160803,000000,832.77,832.77,826.61,826.61,2345248711,0
^_JP,D,20160804,000000,828.96,829.53,828.96,829.53,2466231629,0
^_JP,D,20160805,000000,830.42,830.42,825.98,825.98,2079827249,0
^_JP,D,20160808,000000,831.51,831.51,830.51,830.51,2224423165,0
^_JP,D,20160809,000000,830.53,835.41,830.53,835.41,1973256314,0
^_JP,D,20160810,000000,834.14,835.07,834.14,835.07,1876138271,0
^_JP,D,20160812,000000,838.15,839.7,838.15,839.7,1973229056,0
^_JP,D,20160815,000000,839.18,839.18,838.2,838.2,1441216378,0
^_JP,D,20160816,000000,839.37,839.37,831.2,831.2,1829930838,0
^_JP,D,20160817,000000,829.5,831.16,829.5,831.16,1953681492,0
^_JP,D,20160818,000000,827.69,827.69,823.64,823.64,2082052093,0
^_JP,D,20160819,000000,824.81,825,824.81,825,1867034086,0
^_JP,D,20160822,000000,826.83,829.87,826.83,829.87,1557115161,0
^_JP,D,20160823,000000,828.94,828.94,828,828,1760600873,0
^_JP,D,20160824,000000,829.91,831.41,829.91,831.41,1513388196,0
^_JP,D,20160825,000000,832.82,832.82,831.46,831.46,1528333488,0
^_JP,D,20160826,000000,830.96,830.96,825.88,825.88,1686959401,0
^_JP,D,20160829,000000,833.2,833.2,833.05,833.05,1830728281,0
^_JP,D,20160830,000000,832.64,833.25,832.64,833.25,1731712208,0
^_JP,D,20160831,000000,836.2,838.69,836.2,838.69,2227830877,0
^_JP,D,20160901,000000,839.61,841.96,839.61,841.96,1967059709,0
^_JP,D,20160902,000000,841.17,841.46,841.17,841.46,1746431682,0
^_JP,D,20160905,000000,846.72,846.72,845.17,845.17,1886123540,0
^_JP,D,20160906,000000,845.91,851.38,845.91,851.38,1711180558,0
^_JP,D,20160907,000000,847.83,854.27,847.83,854.27,2018283995,0
^_JP,D,20160908,000000,854.91,854.91,854.86,854.86,1799123421,0
^_JP,D,20160909,000000,854.7,855.96,854.7,855.96,1886365968,0
^_JP,D,20160912,000000,848.29,848.29,847.76,847.76,1757996345,0
^_JP,D,20160913,000000,850.92,850.92,849.52,849.52,1570971358,0
^_JP,D,20160914,000000,846.16,846.16,844.24,844.24,1813155390,0
^_JP,D,20160915,000000,841.65,841.65,838.75,838.75,1806108399,0
^_JP,D,20160916,000000,840.62,843.67,840.62,843.67,1952462398,0
^_JP,D,20160920,000000,842.23,844.45,842.23,844.45,1871569337,0
^_JP,D,20160921,000000,844.65,855.62,844.65,855.62,2644462943,0
^_JP,D,20160923,000000,857.16,862.17,857.16,862.17,2076474256,0
^_JP,D,20160926,000000,863.63,863.63,860.44,860.44,1688963160,0
^_JP,D,20160927,000000,856.45,866.22,856.45,866.22,2325075050,0
^_JP,D,20160928,000000,864.66,866.48,864.66,866.48,1944404850,0
^_JP,D,20160929,000000,869.42,872.09,869.42,872.09,2029933049,0
^_JP,D,20160930,000000,865.8,865.8,865.07,865.07,2076392913,0
^_JP,D,20161003,000000,869.84,869.84,869.54,869.54,1692268397,0
^_JP,D,20161004,000000,871.31,873.91,871.31,873.91,1758177084,0
^_JP,D,20161005,000000,875.46,878.01,875.46,878.01,1929306500,0
^_JP,D,20161006,000000,881.3,881.3,879.97,879.97,1912610443,0
^_JP,D,20161007,000000,879.42,879.42,878.39,878.39,1688807744,0
^_JP,D,20161011,000000,880.37,881.39,880.37,881.39,1884903136,0
^_JP,D,20161012,000000,876.98,876.98,875.73,875.73,1966831527,0
^_JP,D,20161013,000000,878.02,878.02,877.46,877.46,1904229600,0
^_JP,D,20161014,000000,875.8,878.67,875.8,878.67,1815496445,0
^_JP,D,20161017,000000,880.05,882.37,880.05,882.37,1719321488,0
^_JP,D,20161018,000000,882.57,886.54,882.57,886.54,1764135761,0
^_JP,D,20161019,000000,887.66,891.28,887.66,891.28,1824563749,0
^_JP,D,20161020,000000,892.6,896.21,892.6,896.21,2102657913,0
^_JP,D,20161021,000000,897.32,897.32,894.51,894.51,2057975214,0
^_JP,D,20161024,000000,896.51,897.5,896.51,897.5,1651098494,0
^_JP,D,20161025,000000,899.48,899.48,898.09,898.09,1973954242,0
^_JP,D,20161026,000000,898,901.44,898,901.44,1836901993,0
^_JP,D,20161027,000000,901.96,901.96,901.85,901.85,1896410754,0
^_JP,D,20161028,000000,905.01,906.75,905.01,906.75,2823331446,0
^_JP,D,20161031,000000,906.45,907.17,906.45,907.17,2467146188,0
^_JP,D,20161101,000000,907.1,907.1,907.06,907.06,2153388934,0
^_JP,D,20161102,000000,900.67,900.67,893.06,893.06,2350531211,0
^_JP,D,20161104,000000,886.42,886.42,884.59,884.59,2280394046,0
^_JP,D,20161107,000000,890.1,891.32,890.1,891.32,1959758250,0
^_JP,D,20161108,000000,893.44,893.44,889.21,889.21,1845768581,0
^_JP,D,20161109,000000,891.27,891.27,855.51,855.51,4159314053,0
^_JP,D,20161110,000000,887.19,889.19,887.19,889.19,3434993107,0
^_JP,D,20161111,000000,894.13,894.13,886.02,886.02,3620076857,0
^_JP,D,20161114,000000,890.11,897.26,890.11,897.26,2764091856,0
^_JP,D,20161115,000000,898.66,898.66,896.89,896.89,2715851932,0
^_JP,D,20161116,000000,901.52,906.31,901.52,906.31,2982378080,0
^_JP,D,20161117,000000,904.19,910.02,904.19,910.02,2598464519,0
^_JP,D,20161118,000000,915.57,916.24,915.57,916.24,2794652945,0
^_JP,D,20161121,000000,920.24,923.49,920.24,923.49,2374375592,0
^_JP,D,20161122,000000,923.82,926.39,923.82,926.39,2210041007,0
^_JP,D,20161124,000000,931.61,931.61,930.57,930.57,2675394899,0
^_JP,D,20161125,000000,932.44,932.44,928.57,928.57,2796618517,0
^_JP,D,20161128,000000,928.61,935.09,928.61,935.09,2438429881,0
^_JP,D,20161129,000000,933.47,936.18,933.47,936.18,2243593126,0
^_JP,D,20161130,000000,937.96,939.42,937.96,939.42,2993461555,0
^_JP,D,20161201,000000,945.94,945.94,942.42,942.42,3138824584,0
^_JP,D,20161202,000000,941.91,941.91,939.26,939.26,3170641342,0
^_JP,D,20161205,000000,937.4,937.68,937.4,937.68,2357673536,0
^_JP,D,20161206,000000,943,943,942.24,942.24,2840099565,0
^_JP,D,20161207,000000,945.24,949.03,945.24,949.03,2860785547,0
^_JP,D,20161208,000000,954.41,954.41,952.76,952.76,3260107909,0
^_JP,D,20161209,000000,951.1,955.59,951.1,955.59,3534599484,0
^_JP,D,20161212,000000,960.64,960.64,959.36,959.36,3283669898,0
^_JP,D,20161213,000000,957.68,964.84,957.68,964.84,2610206694,0
^_JP,D,20161214,000000,966.26,966.26,964.26,964.26,2450188921,0
^_JP,D,20161215,000000,965.97,965.97,965.84,965.84,2714507256,0
^_JP,D,20161216,000000,969.86,969.86,968.18,968.18,2736841833,0
^_JP,D,20161219,000000,967.2,967.87,967.2,967.87,2107655717,0
^_JP,D,20161220,000000,967.48,971.4,967.48,971.4,2304802511,0
^_JP,D,20161221,000000,972.85,972.85,966.73,966.73,2549032266,0
^_JP,D,20161222,000000,965.85,965.85,964.72,964.72,2215334801,0
^_JP,D,20161226,000000,966.01,966.01,965.52,965.52,1751037079,0
^_JP,D,20161227,000000,965.37,965.8,965.37,965.8,2143207807,0
^_JP,D,20161228,000000,965.97,973.14,965.97,973.14,1707768763,0
^_JP,D,20161229,000000,970.21,970.21,965.87,965.87,2585426488,0
^_JP,D,20161230,000000,963.27,969.51,963.27,969.51,1914737118,0
^_JP,D,20170104,000000,975.35,986.21,975.35,986.21,2737911117,0
^_JP,D,20170105,000000,988.95,991.6,988.95,991.6,2494771396,0
^_JP,D,20170106,000000,988.21,993.76,988.21,993.76,2368539118,0
^_JP,D,20170110,000000,996.12,996.12,995.59,995.59,2301457167,0
^_JP,D,20170111,000000,997.46,997.46,996.18,996.18,2360431935,0
^_JP,D,20170112,000000,995.42,995.42,989.07,989.07,2348295044,0
^_JP,D,20170113,000000,986.25,992.57,986.25,992.57,1950891767,0
^_JP,D,20170116,000000,992.45,992.45,986.67,986.67,1881683633,0
^_JP,D,20170117,000000,985.68,985.68,976.84,976.84,2097867782,0
^_JP,D,20170118,000000,973.78,977.62,973.78,977.62,2278363667,0
^_JP,D,20170119,000000,982.74,982.74,982.56,982.56,2681855669,0
^_JP,D,20170120,000000,981.97,984.6,981.97,984.6,2113860153,0
^_JP,D,20170123,000000,983.04,983.04,982.92,982.92,2073838538,0
^_JP,D,20170124,000000,982.13,983.2,982.13,983.2,2169455110,0
^_JP,D,20170125,000000,991.68,992.94,991.68,992.94,2241198749,0
^_JP,D,20170126,000000,999.12,1000.47,999.12,1000.47,2651611725,0
^_JP,D,20170127,000000,1003.21,1003.21,1001.62,1001.62,2261786881,0
^_JP,D,20170130,000000,1002.17,1004.61,1002.17,1004.61,1871576546,0
^_JP,D,20170131,000000,998.33,998.5,998.33,998.5,2305457641,0
^_JP,D,20170201,000000,995.32,1000.71,995.32,1000.71,2322258913,0
^_JP,D,20170202,000000,1003.39,1003.39,994,994,2472097113,0
^_JP,D,20170203,000000,995.32,995.32,994.81,994.81,2375940735,0
^_JP,D,20170206,000000,1000.57,1000.57,999.06,999.06,2125811814,0
^_JP,D,20170207,000000,996.84,996.84,996.13,996.13,1965362485,0
^_JP,D,20170208,000000,997.21,1001.26,997.21,1001.26,1968463998,0
^_JP,D,20170209,000000,1000.46,1000.46,1000,1000,2245148891,0
^_JP,D,20170210,000000,1006.67,1009.68,1006.67,1009.68,2618516078,0
^_JP,D,20170213,000000,1014.7,1015.79,1014.7,1015.79,2232047294,0
^_JP,D,20170214,000000,1019.02,1019.02,1014.43,1014.43,2453106172,0
^_JP,D,20170215,000000,1019.55,1019.55,1018.87,1018.87,2410847551,0
^_JP,D,20170216,000000,1020.13,1020.13,1018.6,1018.6,2344137031,0
^_JP,D,20170217,000000,1017.47,1019.55,1017.47,1019.55,2348926922,0
^_JP,D,20170220,000000,1020.34,1023.41,1020.34,1023.41,1794761492,0
^_JP,D,20170221,000000,1024.62,1027.82,1024.62,1027.82,1847279456,0
^_JP,D,20170222,000000,1030.28,1030.28,1029.74,1029.74,2472824343,0
^_JP,D,20170223,000000,1031,1031.73,1031,1031.73,2238837888,0
^_JP,D,20170224,000000,1029.38,1031.35,1029.38,1031.35,2353957911,0
^_JP,D,20170227,000000,1030.06,1030.06,1026.78,1026.78,2085596964,0
^_JP,D,20170228,000000,1030.44,1030.44,1030.08,1030.08,2332734442,0
^_JP,D,20170301,000000,1032.02,1035.47,1032.02,1035.47,2356563463,0
^_JP,D,20170302,000000,1042.85,1042.85,1041.13,1041.13,2556269562,0
^_JP,D,20170303,000000,1040.5,1040.5,1040.18,1040.18,1990901369,0
^_JP,D,20170306,000000,1041.11,1042.88,1041.11,1042.88,1696098215,0
^_JP,D,20170307,000000,1043.18,1043.18,1042.62,1042.62,1945315172,0
^_JP,D,20170308,000000,1043.18,1043.18,1042.48,1042.48,1998392110,0
^_JP,D,20170309,000000,1045,1045.68,1045,1045.68,1900940775,0
^_JP,D,20170310,000000,1051.61,1051.61,1050.82,1050.82,2557358825,0
^_JP,D,20170313,000000,1051.31,1051.31,1048.02,1048.02,1815668711,0
^_JP,D,20170314,000000,1048.25,1048.85,1048.25,1048.85,2084409458,0
^_JP,D,20170315,000000,1046.98,1046.98,1040.03,1040.03,2031268366,0
^_JP,D,20170316,000000,1037.28,1045.2,1037.28,1045.2,2080688554,0
^_JP,D,20170317,000000,1043.83,1043.83,1042.91,1042.91,2339063638,0
^_JP,D,20170321,000000,1042.08,1045.48,1042.08,1045.48,1877938435,0
^_JP,D,20170322,000000,1034.05,1034.05,1030.8,1030.8,2314243764,0
^_JP,D,20170323,000000,1031.32,1031.32,1030.51,1030.51,1984536147,0
^_JP,D,20170324,000000,1031.85,1037.2,1031.85,1037.2,2119411422,0
^_JP,D,20170327,000000,1034.93,1034.93,1028.54,1028.54,2024894087,0
^_JP,D,20170328,000000,1033.24,1038.12,1033.24,1038.12,2146551392,0
^_JP,D,20170329,000000,1033.97,1038.23,1033.97,1038.23,2016896446,0
^_JP,D,20170330,000000,1037.51,1037.51,1031.68,1031.68,2127320641,0
^_JP,D,20170331,000000,1036.05,1036.05,1025.71,1025.71,2507716178,0
^_JP,D,20170403,000000,1028.17,1028.17,1024.24,1024.24,2401557845,0
^_JP,D,20170404,000000,1022.96,1022.96,1006.13,1006.13,2729553194,0
^_JP,D,20170405,000000,1006.68,1006.68,1004.2,1004.2,2186215690,0
^_JP,D,20170406,000000,999.83,999.83,982.51,982.51,2392434159,0
^_JP,D,20170407,000000,986.39,987.86,986.39,987.86,2741070435,0
^_JP,D,20170410,000000,992.43,994.06,992.43,994.06,2044221266,0
^_JP,D,20170411,000000,991.15,991.15,987.27,987.27,2081839468,0
^_JP,D,20170412,000000,979.33,979.33,969.87,969.87,2360866257,0
^_JP,D,20170413,000000,960,967.53,960,967.53,2238236804,0
^_JP,D,20170414,000000,964.55,964.55,960.35,960.35,2117809290,0
^_JP,D,20170417,000000,957.9,968.97,957.9,968.97,1721069814,0
^_JP,D,20170418,000000,978.31,978.63,978.31,978.63,1841942939,0
^_JP,D,20170419,000000,976.12,982.73,976.12,982.73,2297297353,0
^_JP,D,20170420,000000,985.05,985.97,985.05,985.97,2187566810,0
^_JP,D,20170421,000000,991.69,991.86,991.69,991.86,2144037966,0
^_JP,D,20170424,000000,998.97,998.97,993.7,993.7,2135135424,0
^_JP,D,20170425,000000,996.07,1002.86,996.07,1002.86,2219969586,0
^_JP,D,20170426,000000,1009.99,1014.21,1009.99,1014.21,2311964292,0
^_JP,D,20170427,000000,1014.73,1019.28,1014.73,1019.28,2222882318,0
^_JP,D,20170428,000000,1020.67,1020.67,1017.19,1017.19,2262896498,0
^_JP,D,20170501,000000,1018.51,1022.81,1018.51,1022.81,1981513404,0
^_JP,D,20170502,000000,1025.2,1028.97,1025.2,1028.97,2106586033,0
^_JP,D,20170508,000000,1039.54,1046.46,1039.54,1046.46,2700963765,0
^_JP,D,20170509,000000,1047.64,1048.91,1047.64,1048.91,2326296829,0
^_JP,D,20170510,000000,1050.38,1051.5,1050.38,1051.5,2475248293,0
^_JP,D,20170511,000000,1052.82,1052.82,1051.74,1051.74,2557607423,0
^_JP,D,20170512,000000,1049.61,1049.61,1047.88,1047.88,2522962566,0
^_JP,D,20170515,000000,1044.33,1046.4,1044.33,1046.4,2450888832,0
^_JP,D,20170516,000000,1049.05,1049.05,1048.64,1048.64,2450112653,0
^_JP,D,20170517,000000,1046.75,1046.91,1046.75,1046.91,2222012878,0
^_JP,D,20170518,000000,1031.75,1037.84,1031.75,1037.84,2421591853,0
^_JP,D,20170519,000000,1040.8,1042.36,1040.8,1042.36,2121042187,0
^_JP,D,20170522,000000,1047.08,1050.34,1047.08,1050.34,1768847218,0
^_JP,D,20170523,000000,1052.31,1052.47,1052.31,1052.47,1829066679,0
^_JP,D,20170524,000000,1058.41,1060.94,1058.41,1060.94,2015452455,0
^_JP,D,20170525,000000,1062.25,1062.25,1061.29,1061.29,1988906113,0
^_JP,D,20170526,000000,1062.07,1062.07,1056.77,1056.77,1867661034,0
^_JP,D,20170529,000000,1058.38,1058.38,1057.79,1057.79,1635643440,0
^_JP,D,20170530,000000,1058.72,1060.5,1058.72,1060.5,1624790261,0
^_JP,D,20170531,000000,1060.44,1060.51,1060.44,1060.51,2344691906,0
^_JP,D,20170601,000000,1063.23,1069.62,1063.23,1069.62,2104083462,0
^_JP,D,20170602,000000,1074.05,1076.17,1074.05,1076.17,2669080810,0
^_JP,D,20170605,000000,1075.94,1079.12,1075.94,1079.12,1961551457,0
^_JP,D,20170606,000000,1079.63,1079.63,1069.07,1069.07,2054762404,0
^_JP,D,20170607,000000,1068.37,1073.85,1068.37,1073.85,2045592041,0
^_JP,D,20170608,000000,1076.65,1076.65,1072.96,1072.96,2354903784,0
^_JP,D,20170609,000000,1074.01,1075.47,1074.01,1075.47,2651688798,0
^_JP,D,20170612,000000,1075.05,1075.05,1074.84,1074.84,2242982579,0
^_JP,D,20170613,000000,1074.46,1077.92,1074.46,1077.92,2031016291,0
^_JP,D,20170614,000000,1082.02,1082.02,1077.63,1077.63,2156631810,0
^_JP,D,20170615,000000,1077.24,1077.24,1075.15,1075.15,2305147329,0
^_JP,D,20170616,000000,1078.54,1078.54,1078.32,1078.32,2641773469,0
^_JP,D,20170619,000000,1080.91,1087.13,1080.91,1087.13,1888589099,0
^_JP,D,20170620,000000,1092.89,1093.42,1092.89,1093.42,2335729344,0
^_JP,D,20170621,000000,1092.15,1092.56,1092.15,1092.56,2125875478,0
^_JP,D,20170622,000000,1094.51,1095.36,1094.51,1095.36,2044796333,0
^_JP,D,20170623,000000,1097.63,1097.63,1091.07,1091.07,2173834343,0
^_JP,D,20170626,000000,1093.25,1097.35,1093.25,1097.35,1899988776,0
^_JP,D,20170627,000000,1100.75,1101.83,1100.75,1101.83,2136423747,0
^_JP,D,20170628,000000,1099.74,1099.74,1092.1,1092.1,2503884773,0
^_JP,D,20170629,000000,1097.38,1100.44,1097.38,1100.44,2428001577,0
^_JP,D,20170630,000000,1093.59,1097.44,1093.59,1097.44,2388906129,0
^_JP,D,20170703,000000,1100.77,1104.18,1100.77,1104.18,2066254646,0
^_JP,D,20170704,000000,1109.96,1109.96,1095.52,1095.52,2511479077,0
^_JP,D,20170705,000000,1095.9,1101.61,1095.9,1101.61,2370020332,0
^_JP,D,20170706,000000,1102.98,1102.98,1101.99,1101.99,2326312851,0
^_JP,D,20170707,000000,1097.68,1099.84,1097.68,1099.84,2111151333,0
^_JP,D,20170710,000000,1106.68,1108.09,1106.68,1108.09,1966373490,0
^_JP,D,20170711,000000,1109.63,1115.17,1109.63,1115.17,1975687679,0
^_JP,D,20170712,000000,1115.81,1115.81,1114.45,1114.45,2078938295,0
^_JP,D,20170713,000000,1117.96,1117.96,1113.8,1113.8,2217241987,0
^_JP,D,20170714,000000,1115.17,1115.51,1115.17,1115.51,2215585357,0
^_JP,D,20170718,000000,1115.82,1115.82,1113.72,1113.72,2129727865,0
^_JP,D,20170719,000000,1113.28,1116.67,1113.28,1116.67,2003650468,0
^_JP,D,20170720,000000,1119.37,1123.08,1119.37,1123.08,2038055983,0
^_JP,D,20170721,000000,1123.23,1125.92,1123.23,1125.92,1953843075,0
^_JP,D,20170724,000000,1125.11,1129.41,1125.11,1129.41,1989133864,0
^_JP,D,20170725,000000,1131.11,1131.11,1129.86,1129.86,1874830445,0
^_JP,D,20170726,000000,1133.85,1133.85,1131.65,1131.65,2242462983,0
^_JP,D,20170727,000000,1132.52,1132.88,1132.52,1132.88,2480572626,0
^_JP,D,20170728,000000,1132.98,1132.98,1126.11,1126.11,2569105522,0
^_JP,D,20170731,000000,1124.63,1124.63,1121.34,1121.34,2880930906,0
^_JP,D,20170801,000000,1121.47,1121.47,1112.24,1112.24,2545640831,0
^_JP,D,20170802,000000,1114.14,1120.19,1114.14,1120.19,2216349887,0
^_JP,D,20170803,000000,1119.98,1119.98,1117.52,1117.52,2095109525,0
^_JP,D,20170804,000000,1115.28,1119.59,1115.28,1119.59,1919479179,0
^_JP,D,20170807,000000,1124.2,1124.78,1124.2,1124.78,1981522776,0
^_JP,D,20170808,000000,1125.72,1125.72,1125.36,1125.36,2045984835,0
^_JP,D,20170809,000000,1123.2,1123.2,1113.96,1113.96,2510182813,0
^_JP,D,20170810,000000,1112.08,1112.08,1108.43,1108.43,2397326720,0
^_JP,D,20170814,000000,1095.12,1096.2,1095.12,1096.2,2417564292,0
^_JP,D,20170815,000000,1101.87,1104.17,1101.87,1104.17,2021711049,0
^_JP,D,20170816,000000,1105.15,1110.34,1105.15,1110.34,1763422879,0
^_JP,D,20170817,000000,1112.17,1115.89,1112.17,1115.89,1772028366,0
^_JP,D,20170818,000000,1106.44,1107.11,1106.44,1107.11,2097766770,0
^_JP,D,20170821,000000,1109.52,1109.52,1107.06,1107.06,1852301777,0
^_JP,D,20170822,000000,1106.96,1109.88,1106.96,1109.88,1718529427,0
^_JP,D,20170823,000000,1117.26,1117.26,1113.68,1113.68,1807342171,0
^_JP,D,20170824,000000,1113.34,1115.62,1113.34,1115.62,1799068427,0
^_JP,D,20170825,000000,1118.86,1119.27,1118.86,1119.27,1721529749,0
^_JP,D,20170828,000000,1122.74,1124.89,1122.74,1124.89,1708307276,0
^_JP,D,20170829,000000,1118.86,1125.54,1118.86,1125.54,1737154885,0
^_JP,D,20170830,000000,1130.48,1130.48,1130.34,1130.34,2047690526,0
^_JP,D,20170831,000000,1134.12,1136.47,1134.12,1136.47,2188103954,0
^_JP,D,20170901,000000,1139.99,1140.05,1139.99,1140.05,1995998022,0
^_JP,D,20170904,000000,1136.49,1136.49,1123.31,1123.31,1964111968,0
^_JP,D,20170905,000000,1123.62,1123.62,1099.83,1099.83,2241401092,0
^_JP,D,20170906,000000,1089.05,1103.55,1089.05,1103.55,2172687915,0
^_JP,D,20170907,000000,1108.67,1108.67,1107.74,1107.74,1873594479,0
^_JP,D,20170908,000000,1104.91,1104.91,1104.46,1104.46,2148655776,0
^_JP,D,20170911,000000,1112.78,1117.73,1112.78,1117.73,1822977972,0
^_JP,D,20170912,000000,1126.03,1129.38,1126.03,1129.38,2189278380,0
^_JP,D,20170913,000000,1133.66,1135.58,1133.66,1135.58,2057415505,0
^_JP,D,20170914,000000,1137.2,1137.2,1130.49,1130.49,2133815562,0
^_JP,D,20170915,000000,1129.02,1139.48,1129.02,1139.48,2365577035,0
^_JP,D,20170919,000000,1149.05,1153.54,1149.05,1153.54,2495960003,0
^_JP,D,20170920,000000,1154.52,1154.52,1152.73,1152.73,2147307905,0
^_JP,D,20170921,000000,1156.51,1156.51,1154.7,1154.7,2366152693,0
^_JP,D,20170922,000000,1155.04,1155.04,1147.62,1147.62,2046584768,0
^_JP,D,20170925,000000,1153.34,1156.49,1153.34,1156.49,1863311082,0
^_JP,D,20170926,000000,1155.72,1157.09,1155.72,1157.09,2101278337,0
^_JP,D,20170927,000000,1157.4,1163.18,1157.4,1163.18,1560652479,0
^_JP,D,20170928,000000,1167.85,1171.51,1167.85,1171.51,2000273596,0
^_JP,D,20170929,000000,1171.28,1172.81,1171.28,1172.81,2096255229,0
^_JP,D,20171002,000000,1177.56,1178.9,1177.56,1178.9,1784468344,0
^_JP,D,20171003,000000,1183.64,1183.64,1182.69,1182.69,1922551298,0
^_JP,D,20171004,000000,1184.18,1184.18,1180.13,1180.13,2031857437,0
^_JP,D,20171005,000000,1180.25,1180.25,1174.41,1174.41,1709716156,0
^_JP,D,20171006,000000,1175.4,1175.4,1175.23,1175.23,1811476550,0
^_JP,D,20171010,000000,1176.9,1183.25,1176.9,1183.25,1802229759,0
^_JP,D,20171011,000000,1184.48,1184.48,1181.91,1181.91,1923716820,0
^_JP,D,20171012,000000,1185.18,1186.66,1185.18,1186.66,1960924283,0
^_JP,D,20171013,000000,1185.98,1188.03,1185.98,1188.03,2243312173,0
^_JP,D,20171016,000000,1190.59,1190.59,1189.83,1189.83,2207468852,0
^_JP,D,20171017,000000,1192.36,1192.36,1190.43,1190.43,2003342559,0
^_JP,D,20171018,000000,1191.29,1191.29,1186.89,1186.89,1731584212,0
^_JP,D,20171019,000000,1188.22,1188.22,1186.41,1186.41,1875049680,0
^_JP,D,20171020,000000,1183.63,1184.73,1183.63,1184.73,1846941414,0
^_JP,D,20171023,000000,1193.01,1196.02,1193.01,1196.02,1908435870,0
^_JP,D,20171024,000000,1196.23,1203.14,1196.23,1203.14,1905118096,0
^_JP,D,20171025,000000,1206.64,1206.64,1198.88,1198.88,2364796719,0
^_JP,D,20171026,000000,1199.19,1202.95,1199.19,1202.95,1889144817,0
^_JP,D,20171027,000000,1204.7,1210.57,1204.7,1210.57,2285892606,0
^_JP,D,20171030,000000,1214.68,1216.87,1214.68,1216.87,2715954840,0
^_JP,D,20171031,000000,1215.54,1219.68,1215.54,1219.68,2192501749,0
^_JP,D,20171101,000000,1223.68,1224.02,1223.68,1224.02,2414539126,0
^_JP,D,20171102,000000,1225.65,1225.65,1221.81,1221.81,2221322031,0
^_JP,D,20171106,000000,1224.27,1224.27,1218.59,1218.59,2293550787,0
^_JP,D,20171107,000000,1216.77,1222.41,1216.77,1222.41,2203462433,0
^_JP,D,20171108,000000,1221.1,1226.09,1221.1,1226.09,2242951569,0
^_JP,D,20171109,000000,1228.94,1228.94,1221.14,1221.14,3160081538,0
^_JP,D,20171110,000000,1210.14,1219.46,1210.14,1219.46,2284956383,0
^_JP,D,20171113,000000,1219.65,1219.65,1213.53,1213.53,2077086838,0
^_JP,D,20171114,000000,1212.14,1212.14,1206.27,1206.27,2145266979,0
^_JP,D,20171115,000000,1201.14,1201.14,1178,1178,2606358299,0
^_JP,D,20171116,000000,1174.89,1190.75,1174.89,1190.75,2098926335,0
^_JP,D,20171117,000000,1199.47,1199.47,1195.45,1195.45,2285416883,0
^_JP,D,20171120,000000,1195.92,1204.36,1195.92,1204.36,1983672952,0
^_JP,D,20171121,000000,1209.63,1213.31,1209.63,1213.31,2077128314,0
^_JP,D,20171122,000000,1218.59,1218.9,1218.59,1218.9,2109432726,0
^_JP,D,20171124,000000,1218.63,1225.51,1218.63,1225.51,1758709761,0
^_JP,D,20171127,000000,1232.22,1232.22,1229.99,1229.99,1854877768,0
^_JP,D,20171128,000000,1229.19,1229.19,1224.8,1224.8,1967482429,0
^_JP,D,20171129,000000,1230.23,1231.43,1230.23,1231.43,2152786574,0
^_JP,D,20171130,000000,1232.41,1232.86,1232.41,1232.86,2884140162,0
^_JP,D,20171201,000000,1236.99,1236.99,1233.97,1233.97,2016212161,0
^_JP,D,20171204,000000,1237.53,1237.53,1229.59,1229.59,1827742447,0
^_JP,D,20171205,000000,1226.04,1227.03,1226.04,1227.03,1822665283,0
^_JP,D,20171206,000000,1225.08,1225.08,1215.26,1215.26,2240625291,0
^_JP,D,20171207,000000,1219.86,1230.36,1219.86,1230.36,2123323375,0
^_JP,D,20171208,000000,1228.38,1237.06,1228.38,1237.06,2518280408,0
^_JP,D,20171211,000000,1241.83,1244.71,1241.83,1244.71,1868129825,0
^_JP,D,20171212,000000,1246.6,1246.6,1245.59,1245.59,2110629044,0
^_JP,D,20171213,000000,1247.43,1247.43,1243.4,1243.4,2371332066,0
^_JP,D,20171214,000000,1244.12,1249.28,1244.12,1249.28,2210935931,0
^_JP,D,20171215,000000,1248.37,1248.37,1244.97,1244.97,2349950617,0
^_JP,D,20171218,000000,1251.64,1251.64,1249.94,1249.94,2061553814,0
^_JP,D,20171219,000000,1251.99,1251.99,1247.72,1247.72,1998210612,0
^_JP,D,20171220,000000,1248.02,1249.01,1248.02,1249.01,2239052085,0
^_JP,D,20171221,000000,1249.09,1253.32,1249.09,1253.32,1965981432,0
^_JP,D,20171222,000000,1254.14,1255.58,1254.14,1255.58,2029327339,0
^_JP,D,20171225,000000,1257.39,1257.39,1252.18,1252.18,1588019320,0
^_JP,D,20171226,000000,1252.65,1252.65,1250.91,1250.91,1632300349,0
^_JP,D,20171227,000000,1249.48,1262.58,1249.48,1262.58,1311416182,0
^_JP,D,20171228,000000,1264.91,1264.91,1258.98,1258.98,1318547041,0
^_JP,D,20171229,000000,1261.52,1262.31,1261.52,1262.31,1190235643,0
^_JP,D,20180104,000000,1273.79,1279.95,1273.79,1279.95,2050356868,0
^_JP,D,20180105,000000,1283.84,1286.96,1283.84,1286.96,2189890640,0
^_JP,D,20180109,000000,1294.04,1296.61,1294.04,1296.61,2176793734,0
^_JP,D,20180110,000000,1298.23,1301.53,1298.23,1301.53,2103744853,0
^_JP,D,20180111,000000,1298.36,1302.79,1298.36,1302.79,2120592142,0
^_JP,D,20180112,000000,1303.37,1303.41,1303.37,1303.41,2226704508,0
^_JP,D,20180115,000000,1310.53,1311.1,1310.53,1311.1,2104933579,0
^_JP,D,20180116,000000,1312.84,1312.84,1312.15,1312.15,2133269535,0
^_JP,D,20180117,000000,1307.52,1307.52,1304.7,1304.7,2144165821,0
^_JP,D,20180118,000000,1312.94,1312.94,1297.82,1297.82,2330005108,0
^_JP,D,20180119,000000,1300.28,1304.76,1300.28,1304.76,1819909324,0
^_JP,D,20180122,000000,1308.68,1313.49,1308.68,1313.49,1844186042,0
^_JP,D,20180123,000000,1319.73,1325.19,1319.73,1325.19,1867972885,0
^_JP,D,20180124,000000,1326.03,1327.5,1326.03,1327.5,1990871314,0
^_JP,D,20180125,000000,1324.89,1324.89,1323.34,1323.34,1985180022,0
^_JP,D,20180126,000000,1327.4,1327.4,1326.86,1326.86,2004589135,0
^_JP,D,20180129,000000,1332,1332,1328.61,1328.61,1766093483,0
^_JP,D,20180130,000000,1328.5,1328.5,1313.62,1313.62,2113362346,0
^_JP,D,20180131,000000,1306.55,1306.55,1305.11,1305.11,2196525639,0
^_JP,D,20180201,000000,1311.88,1323.5,1311.88,1323.5,2185888203,0
^_JP,D,20180202,000000,1322.67,1322.67,1319.92,1319.92,2039408018,0
^_JP,D,20180205,000000,1292.8,1292.8,1289.78,1289.78,2278274199,0
^_JP,D,20180207,000000,1336.64,1336.64,1297.57,1297.57,2814650814,0
^_JP,D,20180208,000000,1305.88,1315.52,1305.88,1315.52,2195124162,0
^_JP,D,20180209,000000,1265.38,1291.28,1265.38,1291.28,2548352619,0
^_JP,D,20180213,000000,1309.67,1309.67,1281.86,1281.86,2392418297,0
^_JP,D,20180214,000000,1281.68,1281.68,1260.03,1260.03,2280241537,0
^_JP,D,20180215,000000,1268.36,1274.02,1268.36,1274.02,1908255816,0
^_JP,D,20180216,000000,1282.21,1291.82,1282.21,1291.82,1754729647,0
^_JP,D,20180219,000000,1305,1324.79,1305,1324.79,1606199304,0
^_JP,D,20180220,000000,1325.3,1328.52,1325.3,1328.52,1521522255,0
^_JP,D,20180221,000000,1329.78,1334.88,1329.78,1334.88,1731507166,0
^_JP,D,20180222,000000,1331.25,1331.25,1328.19,1328.19,1634246598,0
^_JP,D,20180223,000000,1333.36,1338.93,1333.36,1338.93,1490676651,0
^_JP,D,20180226,000000,1344.53,1344.53,1341.94,1341.94,1587817603,0
^_JP,D,20180227,000000,1350.81,1350.81,1344.35,1344.35,1679116533,0
^_JP,D,20180228,000000,1340.83,1344.86,1340.83,1344.86,1860597184,0
^_JP,D,20180301,000000,1339.3,1339.3,1330.27,1330.27,1840411526,0
^_JP,D,20180302,000000,1307.82,1313.19,1307.82,1313.19,1922885270,0
^_JP,D,20180305,000000,1309.4,1309.4,1286.95,1286.95,1879082348,0
^_JP,D,20180307,000000,1283.46,1283.46,1280.65,1280.65,1890979540,0
^_JP,D,20180308,000000,1288.41,1288.41,1285.55,1285.55,1649934122,0
^_JP,D,20180309,000000,1296.47,1296.47,1289.04,1289.04,2052309571,0
^_JP,D,20180312,000000,1303.14,1303.14,1301.37,1301.37,1624244693,0
^_JP,D,20180313,000000,1297.92,1312.81,1297.92,1312.81,1570007413,0
^_JP,D,20180314,000000,1307.57,1314.23,1307.57,1314.23,1520651068,0
^_JP,D,20180315,000000,1312.98,1313.73,1312.98,1313.73,1545358301,0
^_JP,D,20180316,000000,1316.8,1316.8,1309.32,1309.32,1824649688,0
^_JP,D,20180319,000000,1305.86,1305.86,1290.93,1290.93,1558495360,0
^_JP,D,20180320,000000,1280.03,1289.05,1280.03,1289.05,1493560957,0
^_JP,D,20180322,000000,1290.21,1295.44,1290.21,1295.44,1653928219,0
^_JP,D,20180323,000000,1265.82,1265.82,1251.83,1251.83,2263940874,0
^_JP,D,20180326,000000,1241.39,1251.42,1241.39,1251.42,1886871290,0
^_JP,D,20180327,000000,1265.5,1275.89,1265.5,1275.89,1909597723,0
^_JP,D,20180328,000000,1245.36,1257.44,1245.36,1257.44,1707023600,0
^_JP,D,20180329,000000,1266.91,1266.91,1265.46,1265.46,1620262218,0
^_JP,D,20180330,000000,1274.64,1276.94,1274.64,1276.94,1419322377,0
^_JP,D,20180402,000000,1280.2,1280.2,1275.2,1275.2,1237945539,0
^_JP,D,20180403,000000,1263.23,1271.87,1263.23,1271.87,1584770615,0
^_JP,D,20180404,000000,1278.06,1278.06,1275.78,1275.78,1792041282,0
^_JP,D,20180405,000000,1282.14,1282.14,1280.71,1280.71,1772544699,0
^_JP,D,20180406,000000,1281.65,1281.65,1273.94,1273.94,1735160138,0
^_JP,D,20180409,000000,1270.7,1275.79,1270.7,1275.79,1598590505,0
^_JP,D,20180410,000000,1274.87,1277.14,1274.87,1277.14,1709976701,0
^_JP,D,20180411,000000,1279.82,1279.82,1268.9,1268.9,1795302846,0
^_JP,D,20180412,000000,1268.26,1268.26,1266.68,1266.68,1539732171,0
^_JP,D,20180413,000000,1271.54,1272.9,1271.54,1272.9,1737677047,0
^_JP,D,20180416,000000,1274.5,1274.5,1265.65,1265.65,1582773350,0
^_JP,D,20180417,000000,1264.7,1264.7,1256.94,1256.94,1642460233,0
^_JP,D,20180418,000000,1260.03,1271.31,1260.03,1271.31,1708452258,0
^_JP,D,20180419,000000,1274.74,1274.74,1273.19,1273.19,1830180574,0
^_JP,D,20180420,000000,1272.37,1277.15,1272.37,1277.15,1632599769,0
^_JP,D,20180423,000000,1278.35,1278.35,1278.11,1278.11,1585819360,0
^_JP,D,20180424,000000,1282.86,1285.84,1282.86,1285.84,1768162732,0
^_JP,D,20180425,000000,1280.25,1285.53,1280.25,1285.53,1700606718,0
^_JP,D,20180426,000000,1289.29,1289.29,1286.37,1286.37,1770782223,0
^_JP,D,20180427,000000,1289.08,1289.08,1284.27,1284.27,2117043372,0
^_JP,D,20180501,000000,1283.2,1283.2,1280.84,1280.84,1984876116,0
^_JP,D,20180502,000000,1282.81,1286.53,1282.81,1286.53,1652704812,0
^_JP,D,20180507,000000,1289.47,1291.04,1289.47,1291.04,1710720548,0
^_JP,D,20180508,000000,1292.06,1298.71,1292.06,1298.71,1892713337,0
^_JP,D,20180509,000000,1299.18,1299.18,1295.84,1295.84,1973944922,0
^_JP,D,20180510,000000,1297.4,1297.4,1294.76,1294.76,1775821419,0
^_JP,D,20180511,000000,1294.78,1298.99,1294.78,1298.99,1890177483,0
^_JP,D,20180514,000000,1298.56,1301.44,1298.56,1301.44,1771767708,0
^_JP,D,20180515,000000,1302.1,1302.1,1297.72,1297.72,2034662430,0
^_JP,D,20180516,000000,1294.34,1294.34,1291.76,1291.76,1921903082,0
^_JP,D,20180517,000000,1294.4,1297.83,1294.4,1297.83,1743752572,0
^_JP,D,20180521,000000,1300.29,1305.12,1300.29,1305.12,1602818896,0
^_JP,D,20180522,000000,1307.38,1307.38,1304.94,1304.94,1562616173,0
^_JP,D,20180523,000000,1303.66,1303.66,1301.14,1301.14,1848488842,0
^_JP,D,20180524,000000,1301.04,1301.04,1291.65,1291.65,1874579792,0
^_JP,D,20180525,000000,1289.01,1289.01,1285.98,1285.98,1600241174,0
^_JP,D,20180528,000000,1288.25,1288.25,1285.27,1285.27,1342985035,0
^_JP,D,20180529,000000,1288.64,1288.64,1277.9,1277.9,1607514884,0
^_JP,D,20180530,000000,1262.78,1265.41,1262.78,1265.41,1868812663,0
^_JP,D,20180531,000000,1273.53,1273.53,1271.24,1271.24,2563148077,0
^_JP,D,20180601,000000,1269.07,1272.52,1269.07,1272.52,1872660695,0
^_JP,D,20180604,000000,1280.52,1282.82,1280.52,1282.82,1762669064,0
^_JP,D,20180605,000000,1284.54,1284.54,1276.88,1276.88,1843970584,0
^_JP,D,20180606,000000,1275.07,1275.24,1275.07,1275.24,1702931091,0
^_JP,D,20180607,000000,1279.34,1287,1279.34,1287,1795979485,0
^_JP,D,20180608,000000,1283.74,1288.42,1283.74,1288.42,1937978985,0
^_JP,D,20180611,000000,1289.86,1291.86,1289.86,1291.86,1491984152,0
^_JP,D,20180612,000000,1295.6,1296.12,1295.6,1296.12,1622618505,0
^_JP,D,20180613,000000,1297,1300.15,1297,1300.15,1701497334,0
^_JP,D,20180614,000000,1297.49,1297.49,1294.8,1294.8,1873416428,0
^_JP,D,20180615,000000,1298.97,1298.97,1292.68,1292.68,2036901125,0
^_JP,D,20180618,000000,1292.91,1292.91,1281.8,1281.8,1646881576,0
^_JP,D,20180619,000000,1279.04,1279.04,1262.37,1262.37,1905384858,0
^_JP,D,20180620,000000,1261.6,1266.62,1261.6,1266.62,2042649210,0
^_JP,D,20180621,000000,1266.87,1266.87,1266.64,1266.64,1790281585,0
^_JP,D,20180622,000000,1259.8,1264.44,1259.8,1264.44,1940527128,0
^_JP,D,20180625,000000,1266.69,1266.69,1245.35,1245.35,1579216608,0
^_JP,D,20180626,000000,1235.02,1244.26,1235.02,1244.26,1634983297,0
^_JP,D,20180627,000000,1246.01,1249.42,1246.01,1249.42,1586490222,0
^_JP,D,20180703,000000,1251.89,1251.89,1238.09,1238.09,1718771712,0
^_JP,D,20180704,000000,1232.4,1232.4,1231.83,1231.83,1516945720,0
^_JP,D,20180705,000000,1228.62,1228.62,1206.42,1206.42,1690629516,0
^_JP,D,20180706,000000,1211.59,1224.88,1211.59,1224.88,1640043776,0
^_JP,D,20180709,000000,1229.75,1241.13,1229.75,1241.13,1451268487,0
^_JP,D,20180710,000000,1248.78,1248.78,1241.91,1241.91,1761496840,0
^_JP,D,20180711,000000,1237.7,1237.7,1232.51,1232.51,1559060614,0
^_JP,D,20180712,000000,1234.66,1236.8,1234.66,1236.8,1383777798,0
^_JP,D,20180713,000000,1241.57,1243.88,1241.57,1243.88,1479367043,0
^_JP,D,20180717,000000,1246.08,1248.34,1246.08,1248.34,1598525593,0
^_JP,D,20180718,000000,1254.4,1256.88,1254.4,1256.88,1366711731,0
^_JP,D,20180719,000000,1259.26,1259.26,1256.84,1256.84,1420377350,0
^_JP,D,20180720,000000,1255.61,1255.61,1253.63,1253.63,1469225065,0
^_JP,D,20180723,000000,1251.06,1252.57,1251.06,1252.57,1594416867,0
^_JP,D,20180724,000000,1258.33,1261.52,1258.33,1261.52,1461182428,0
^_JP,D,20180725,000000,1266.78,1268.67,1266.78,1268.67,1360677254,0
^_JP,D,20180726,000000,1274.66,1276.75,1274.66,1276.75,1455166023,0
^_JP,D,20180730,000000,1275.93,1275.93,1271.42,1271.42,1654760375,0
^_JP,D,20180731,000000,1268.13,1268.13,1263.69,1263.69,2166300434,0
^_JP,D,20180801,000000,1266.72,1266.72,1266.35,1266.35,1972611205,0
^_JP,D,20180802,000000,1266.41,1266.41,1260.06,1260.06,1863187626,0
^_JP,D,20180803,000000,1260.1,1260.1,1248.01,1248.01,1611269102,0
^_JP,D,20180806,000000,1246.75,1246.75,1238.57,1238.57,1562581017,0
^_JP,D,20180807,000000,1237.14,1240.51,1237.14,1240.51,1523989316,0
^_JP,D,20180808,000000,1240.4,1245.31,1240.4,1245.31,1672602911,0
^_JP,D,20180809,000000,1244.21,1244.21,1243.35,1243.35,1537536162,0
^_JP,D,20180810,000000,1242.33,1242.33,1233.51,1233.51,1720987389,0
^_JP,D,20180813,000000,1224.22,1224.22,1205.85,1205.85,1814974798,0
^_JP,D,20180814,000000,1209.44,1219.74,1209.44,1219.74,1439088740,0
^_JP,D,20180815,000000,1220.02,1220.02,1208.78,1208.78,1508498160,0
^_JP,D,20180816,000000,1199.73,1199.73,1196.23,1196.23,1806180446,0
^_JP,D,20180817,000000,1200.66,1204.03,1200.66,1204.03,1364758608,0
^_JP,D,20180820,000000,1204.22,1204.22,1196.61,1196.61,1220415070,0
^_JP,D,20180821,000000,1193.04,1193.04,1189.56,1189.56,1308226372,0
^_JP,D,20180822,000000,1189.91,1201.17,1189.91,1201.17,1353205743,0
^_JP,D,20180823,000000,1203.4,1209.26,1203.4,1209.26,1288346809,0
^_JP,D,20180824,000000,1214.52,1218.39,1214.52,1218.39,1231746443,0
^_JP,D,20180827,000000,1224.72,1234.26,1224.72,1234.26,1309549030,0
^_JP,D,20180828,000000,1241.11,1241.11,1233.59,1233.59,1489822305,0
^_JP,D,20180829,000000,1233.94,1241.11,1233.94,1241.11,1374901598,0
^_JP,D,20180830,000000,1247.32,1247.32,1246.53,1246.53,1652779600,0
^_JP,D,20180831,000000,1240.48,1244.7,1240.48,1244.7,1530033111,0
^_JP,D,20180903,000000,1245.48,1245.48,1232.78,1232.78,1302130070,0
^_JP,D,20180904,000000,1233.77,1233.77,1233.47,1233.47,1342143988,0
^_JP,D,20180905,000000,1232.65,1232.65,1227.8,1227.8,1500164196,0
^_JP,D,20180906,000000,1224.03,1224.03,1217.3,1217.3,1493743640,0
^_JP,D,20180907,000000,1211.28,1212.58,1211.28,1212.58,1559038052,0
^_JP,D,20180910,000000,1211.93,1216.01,1211.93,1216.01,1359886854,0
^_JP,D,20180911,000000,1218.11,1218.11,1215.5,1215.5,1678594444,0
^_JP,D,20180912,000000,1217.01,1217.01,1206.41,1206.41,1777232485,0
^_JP,D,20180913,000000,1206.52,1211.57,1206.52,1211.57,1622487270,0
^_JP,D,20180914,000000,1216.02,1222.48,1216.02,1222.48,2013567391,0
^_JP,D,20180918,000000,1222.82,1235.36,1222.82,1235.36,1867303500,0
^_JP,D,20180919,000000,1244.53,1248.54,1244.53,1248.54,1898110778,0
^_JP,D,20180920,000000,1252.3,1252.3,1249.82,1249.82,1958089298,0
^_JP,D,20180921,000000,1255.09,1260.5,1255.09,1260.5,2410712115,0
^_JP,D,20180925,000000,1263.86,1274.26,1263.86,1274.26,2102416812,0
^_JP,D,20180926,000000,1273.4,1283.24,1273.4,1283.24,1738716301,0
^_JP,D,20180927,000000,1282.46,1282.46,1271.97,1271.97,1668644226,0
^_JP,D,20180928,000000,1279.73,1279.73,1278.83,1278.83,1805750773,0
^_JP,D,20181001,000000,1280.26,1282.21,1280.26,1282.21,1450360206,0
^_JP,D,20181002,000000,1287.96,1287.96,1279.06,1279.06,1787625342,0
^_JP,D,20181003,000000,1278.22,1278.22,1268.42,1268.42,1721573473,0
^_JP,D,20181004,000000,1274,1274,1269.39,1269.39,1874452682,0
^_JP,D,20181005,000000,1262.34,1262.34,1259.14,1259.14,1834047340,0
^_JP,D,20181009,000000,1252.59,1252.59,1240.64,1240.64,1936383563,0
^_JP,D,20181010,000000,1245.08,1245.08,1243,1243,1811581427,0
^_JP,D,20181011,000000,1200.98,1202.16,1200.98,1202.16,2397182821,0
^_JP,D,20181012,000000,1196.82,1213.35,1196.82,1213.35,2033365164,0
^_JP,D,20181015,000000,1214.42,1214.42,1199.89,1199.89,1728105341,0
^_JP,D,20181016,000000,1198.61,1201.78,1198.61,1201.78,1606539956,0
^_JP,D,20181017,000000,1214.71,1220.87,1214.71,1220.87,1668706176,0
^_JP,D,20181018,000000,1223.22,1223.22,1216.86,1216.86,1570593973,0
^_JP,D,20181019,000000,1206.74,1212.54,1206.74,1212.54,1526890738,0
^_JP,D,20181022,000000,1209.75,1215.91,1209.75,1215.91,1394877826,0
^_JP,D,20181023,000000,1211.17,1211.17,1192.8,1192.8,1662572007,0
^_JP,D,20181024,000000,1197.35,1197.35,1192.96,1192.96,1732835182,0
^_JP,D,20181025,000000,1166.97,1166.97,1149.39,1149.39,1993226392,0
^_JP,D,20181026,000000,1160.86,1160.86,1131.83,1131.83,2013898893,0
^_JP,D,20181029,000000,1131.53,1131.53,1110.53,1110.53,1692441689,0
^_JP,D,20181030,000000,1103.22,1134.35,1103.22,1134.35,2473963242,0
^_JP,D,20181031,000000,1144.48,1157.89,1144.48,1157.89,2035717922,0
^_JP,D,20181101,000000,1154.97,1154.97,1154.86,1154.86,2014590416,0
^_JP,D,20181102,000000,1158.68,1170.33,1158.68,1170.33,2066824497,0
^_JP,D,20181105,000000,1164.51,1167.28,1164.51,1167.28,1710817934,0
^_JP,D,20181106,000000,1170.12,1170.12,1169.22,1169.22,1591509880,0
^_JP,D,20181107,000000,1172.18,1172.18,1170.99,1170.99,1887281680,0
^_JP,D,20181108,000000,1184.98,1185.55,1184.98,1185.55,1801315130,0
^_JP,D,20181109,000000,1184.18,1184.18,1183.91,1183.91,1724036439,0
^_JP,D,20181112,000000,1179.65,1179.65,1176.45,1176.45,1492290314,0
^_JP,D,20181113,000000,1155.94,1158.93,1155.94,1158.93,1869615091,0
^_JP,D,20181114,000000,1159.22,1159.22,1149.24,1149.24,1757367368,0
^_JP,D,20181115,000000,1142.19,1146.85,1142.19,1146.85,1841310515,0
^_JP,D,20181116,000000,1147.38,1147.38,1135.51,1135.51,1709578372,0
^_JP,D,20181119,000000,1134.84,1143.97,1134.84,1143.97,1510904429,0
^_JP,D,20181120,000000,1135.99,1135.99,1134.92,1134.92,1653754041,0
^_JP,D,20181121,000000,1120.99,1130.64,1120.99,1130.64,1609243300,0
^_JP,D,20181122,000000,1134.57,1138.21,1134.57,1138.21,1393395278,0
^_JP,D,20181126,000000,1140.11,1144.29,1140.11,1144.29,1574671670,0
^_JP,D,20181127,000000,1150.52,1151.41,1150.52,1151.41,1555660586,0
^_JP,D,20181128,000000,1153.9,1160.11,1153.9,1160.11,1635055742,0
^_JP,D,20181129,000000,1168.51,1168.51,1165.2,1165.2,1500499483,0
^_JP,D,20181130,000000,1166.13,1169.02,1166.13,1169.02,2050341990,0
^_JP,D,20181203,000000,1177.22,1179.86,1177.22,1179.86,1572950861,0
^_JP,D,20181204,000000,1179.84,1179.84,1161.1,1161.1,1836061834,0
^_JP,D,20181205,000000,1146.85,1154.73,1146.85,1154.73,1696393703,0
^_JP,D,20181206,000000,1151.41,1151.41,1136.4,1136.4,1744119432,0
^_JP,D,20181207,000000,1139.94,1139.94,1136.63,1136.63,1598633510,0
^_JP,D,20181210,000000,1126.17,1126.17,1110.69,1110.69,1638528589,0
^_JP,D,20181211,000000,1113.61,1113.61,1091.97,1091.97,1708521665,0
^_JP,D,20181212,000000,1097.83,1109.67,1097.83,1109.67,1683539083,0
^_JP,D,20181213,000000,1113.61,1118.73,1113.61,1118.73,1568164068,0
^_JP,D,20181214,000000,1118.32,1118.32,1103.45,1103.45,2112384275,0
^_JP,D,20181217,000000,1100.14,1100.14,1089.56,1089.56,1578730280,0
^_JP,D,20181218,000000,1074.87,1074.87,1059.91,1059.91,1876586089,0
^_JP,D,20181219,000000,1058.82,1058.82,1057.94,1057.94,1945438684,0
^_JP,D,20181220,000000,1048.22,1048.22,1018.39,1018.39,2090092756,0
^_JP,D,20181221,000000,1009.38,1009.38,989.52,989.52,2367375480,0
^_JP,D,20181226,000000,1008.47,1012.7,1008.47,1012.7,1600667111,0
^_JP,D,20181227,000000,1057.42,1070.22,1057.42,1070.22,1775085104,0
^_JP,D,20181228,000000,1063.69,1066.29,1063.69,1066.29,1364721955,0
^_JP,D,20190104,000000,1045.28,1059.04,1045.28,1059.04,1732487956,0
^_JP,D,20190107,000000,1086.54,1090.27,1086.54,1090.27,1642216563,0
^_JP,D,20190108,000000,1095.07,1100.87,1095.07,1100.87,1768941838,0
^_JP,D,20190109,000000,1106.8,1106.8,1102.07,1102.07,1518601780,0
^_JP,D,20190110,000000,1097.92,1097.92,1094.09,1094.09,1511723543,0
^_JP,D,20190111,000000,1098.56,1098.56,1097.78,1097.78,1507607879,0
^_JP,D,20190115,000000,1094.11,1110.31,1094.11,1110.31,1551838460,0
^_JP,D,20190116,000000,1113.26,1113.26,1109.12,1109.12,1416520351,0
^_JP,D,20190117,000000,1115.02,1117.87,1115.02,1117.87,1369960148,0
^_JP,D,20190118,000000,1121.3,1126.53,1121.3,1126.53,1364258802,0
^_JP,D,20190121,000000,1136.4,1136.4,1128.33,1128.33,1332841513,0
^_JP,D,20190122,000000,1130.93,1130.93,1122.63,1122.63,1198265680,0
^_JP,D,20190123,000000,1114.19,1118.21,1114.19,1118.21,1320587748,0
^_JP,D,20190124,000000,1118.85,1126.06,1118.85,1126.06,1330758326,0
^_JP,D,20190125,000000,1129.44,1134.31,1129.44,1134.31,1519795809,0
^_JP,D,20190128,000000,1138.28,1138.28,1130.62,1130.62,1278456763,0
^_JP,D,20190129,000000,1125.78,1130.12,1125.78,1130.12,1382070240,0
^_JP,D,20190130,000000,1129.47,1129.47,1112.16,1112.16,1655181086,0
^_JP,D,20190131,000000,1121.47,1124.26,1121.47,1124.26,1532591851,0
^_JP,D,20190201,000000,1124.4,1124.4,1122.36,1122.36,1606696014,0
^_JP,D,20190204,000000,1129.14,1140.85,1129.14,1140.85,1515912932,0
^_JP,D,20190205,000000,1143.99,1145.26,1143.99,1145.26,1432322450,0
^_JP,D,20190206,000000,1148.86,1148.86,1146.91,1146.91,1421209579,0
^_JP,D,20190207,000000,1146.24,1146.24,1137.9,1137.9,1444349966,0
^_JP,D,20190208,000000,1126.96,1126.96,1119.13,1119.13,1645470060,0
^_JP,D,20190212,000000,1122.75,1135.1,1122.75,1135.1,1660322932,0
^_JP,D,20190213,000000,1140.49,1142.98,1140.49,1142.98,1624486564,0
^_JP,D,20190214,000000,1143.45,1143.45,1142.26,1142.26,1616122583,0
^_JP,D,20190215,000000,1135.77,1135.77,1134.26,1134.26,1552743594,0
^_JP,D,20190218,000000,1147.07,1151.45,1147.07,1151.45,1406225791,0
^_JP,D,20190219,000000,1151.86,1154.87,1151.86,1154.87,1278966611,0
^_JP,D,20190220,000000,1157.47,1158.71,1157.47,1158.71,1371931888,0
^_JP,D,20190221,000000,1160.33,1160.33,1160.16,1160.16,1498746022,0
^_JP,D,20190222,000000,1157.56,1159.13,1157.56,1159.13,1287314767,0
^_JP,D,20190225,000000,1165.63,1168.96,1165.63,1168.96,1344629645,0
^_JP,D,20190226,000000,1170.97,1170.97,1165.89,1165.89,1414375700,0
^_JP,D,20190227,000000,1168.43,1172.13,1168.43,1172.13,1494035347,0
^_JP,D,20190228,000000,1170.3,1166.05,1170.3,1166.05,1586532071,0
^_JP,D,20190301,000000,1167.17,1170.34,1167.17,1170.34,1391495695,0
^_JP,D,20190304,000000,1177.64,1179.6,1177.64,1179.6,1382037145,0
^_JP,D,20190305,000000,1174.82,1175.58,1174.82,1175.58,1348146042,0
^_JP,D,20190306,000000,1174.92,1174.92,1173.72,1173.72,1238590884,0
^_JP,D,20190307,000000,1168.77,1168.77,1162.83,1162.83,1468099670,0
^_JP,D,20190308,000000,1149.9,1149.9,1136.31,1136.31,1917547964,0
^_JP,D,20190311,000000,1138.19,1140.41,1138.19,1140.41,1259015641,0
^_JP,D,20190312,000000,1149.43,1155.55,1149.43,1155.55,1479460972,0
^_JP,D,20190313,000000,1153.03,1153.03,1149.13,1149.13,1465298452,0
^_JP,D,20190314,000000,1155.12,1155.12,1146.77,1146.77,1405499435,0
^_JP,D,20190315,000000,1149.05,1150.67,1149.05,1150.67,1759257412,0
^_JP,D,20190318,000000,1156.4,1162.68,1156.4,1162.68,1286030373,0
^_JP,D,20190319,000000,1163.21,1163.21,1158.85,1158.85,1351261672,0
^_JP,D,20190320,000000,1159.48,1163.33,1159.48,1163.33,1426855593,0
^_JP,D,20190322,000000,1165.09,1167.72,1165.09,1167.72,1619124237,0
^_JP,D,20190325,000000,1151.52,1151.52,1145.98,1145.98,1548357850,0
^_JP,D,20190326,000000,1153.41,1167.31,1153.41,1167.31,1951329779,0
^_JP,D,20190327,000000,1158.81,1165.96,1158.81,1165.96,1534984725,0
^_JP,D,20190328,000000,1160.03,1160.03,1151.44,1151.44,1437765823,0
^_JP,D,20190329,000000,1157.1,1157.1,1154.41,1154.41,1382229898,0
^_JP,D,20190401,000000,1164.29,1166.26,1164.29,1166.26,1634790287,0
^_JP,D,20190402,000000,1173.04,1173.04,1159.48,1159.48,1600364493,0
^_JP,D,20190403,000000,1158.31,1166.7,1158.31,1166.7,1516041205,0
^_JP,D,20190404,000000,1166.96,1166.96,1166.12,1166.12,1421843866,0
^_JP,D,20190405,000000,1167.59,1171.57,1167.59,1171.57,1397858524,0
^_JP,D,20190408,000000,1175.45,1175.45,1170.38,1170.38,1331492972,0
^_JP,D,20190409,000000,1170.07,1170.07,1166.55,1166.55,1342481115,0
^_JP,D,20190410,000000,1158.64,1162.65,1158.64,1162.65,1324164004,0
^_JP,D,20190411,000000,1161.94,1161.94,1160.08,1160.08,1310805754,0
^_JP,D,20190412,000000,1162.16,1162.16,1156.98,1156.98,1309574758,0
^_JP,D,20190415,000000,1165.8,1171.57,1165.8,1171.57,1408770701,0
^_JP,D,20190416,000000,1170.43,1170.43,1169.22,1169.22,1272594705,0
^_JP,D,20190417,000000,1170.43,1173.04,1170.43,1173.04,1493878111,0
^_JP,D,20190418,000000,1174.21,1174.21,1158.18,1158.18,1429117569,0
^_JP,D,20190419,000000,1162.74,1162.74,1162.09,1162.09,1162739060,0
^_JP,D,20190422,000000,1162.38,1162.38,1159.85,1159.85,1103097222,0
^_JP,D,20190423,000000,1160.24,1160.49,1160.24,1160.49,1248728090,0
^_JP,D,20190424,000000,1163.01,1163.01,1156.96,1156.96,1395523520,0
^_JP,D,20190425,000000,1159.54,1162.86,1159.54,1162.86,1398592569,0
^_JP,D,20190426,000000,1158.26,1160.04,1158.26,1160.04,1484616791,0
^_JP,D,20190507,000000,1159.77,1159.77,1155.68,1155.68,1745128222,0
^_JP,D,20190508,000000,1146.48,1146.48,1141.95,1141.95,1710153881,0
^_JP,D,20190509,000000,1138.8,1138.8,1124.4,1124.4,1889399859,0
^_JP,D,20190510,000000,1123.43,1124.44,1123.43,1124.44,1921212449,0
^_JP,D,20190513,000000,1122.7,1122.7,1112.65,1112.65,1611358125,0
^_JP,D,20190514,000000,1088.51,1105.41,1088.51,1105.41,1947237204,0
^_JP,D,20190515,000000,1111.43,1111.71,1111.43,1111.71,1737957515,0
^_JP,D,20190516,000000,1111.59,1111.59,1104.34,1104.34,1662354901,0
^_JP,D,20190517,000000,1112.07,1116.85,1112.07,1116.85,1516511072,0
^_JP,D,20190520,000000,1120.17,1120.17,1112.98,1112.98,1346850427,0
^_JP,D,20190521,000000,1108.84,1108.84,1108.14,1108.14,1449927113,0
^_JP,D,20190522,000000,1113.71,1113.71,1111.07,1111.07,1501494093,0
^_JP,D,20190523,000000,1109.53,1109.53,1105.24,1105.24,1387826405,0
^_JP,D,20190524,000000,1098.05,1106.86,1098.05,1106.86,1431376717,0
^_JP,D,20190527,000000,1111.66,1112.48,1111.66,1112.48,1087661881,0
^_JP,D,20190528,000000,1113.25,1114.08,1113.25,1114.08,1927685807,0
^_JP,D,20190529,000000,1106.48,1107.24,1106.48,1107.24,1524178732,0
^_JP,D,20190530,000000,1102.58,1104.45,1102.58,1104.45,1274837558,0
^_JP,D,20190531,000000,1101.63,1101.63,1093.75,1093.75,1646958114,0
^_JP,D,20190603,000000,1082.54,1082.54,1072.96,1072.96,1419436898,0
^_JP,D,20190604,000000,1075.83,1081.3,1075.83,1081.3,1387382216,0
^_JP,D,20190605,000000,1095.01,1101.01,1095.01,1101.01,1421745581,0
^_JP,D,20190606,000000,1100.83,1100.83,1096.23,1096.23,1227045943,0
^_JP,D,20190607,000000,1099.33,1104.25,1099.33,1104.25,1147991791,0
^_JP,D,20190610,000000,1113.01,1115.62,1113.01,1115.62,1318234658,0
^_JP,D,20190611,000000,1116.44,1120.77,1116.44,1120.77,1187298533,0
^_JP,D,20190612,000000,1120.85,1120.85,1118.5,1118.5,1258959408,0
^_JP,D,20190613,000000,1115.48,1115.48,1109.74,1109.74,1351096012,0
^_JP,D,20190614,000000,1112.96,1116.37,1112.96,1116.37,1233663512,0
^_JP,D,20190617,000000,1116.61,1116.61,1112.45,1112.45,1140257548,0
^_JP,D,20190618,000000,1113.06,1113.06,1099.27,1099.27,1243263159,0
^_JP,D,20190619,000000,1109.11,1113.9,1109.11,1113.9,1347654099,0
^_JP,D,20190620,000000,1116.95,1119.77,1116.95,1119.77,1197970869,0
^_JP,D,20190621,000000,1121.67,1121.67,1114.14,1114.14,1732810547,0
^_JP,D,20190624,000000,1115.56,1115.56,1114.44,1114.44,1042603965,0
^_JP,D,20190625,000000,1116.52,1116.52,1111.84,1111.84,1260654392,0
^_JP,D,20190626,000000,1109.47,1109.47,1107.71,1107.71,1208599586,0
^_JP,D,20190627,000000,1110.58,1118.17,1110.58,1118.17,1431217381,0
^_JP,D,20190628,000000,1118.21,1118.21,1117.88,1117.88,1356781510,0
^_JP,D,20190701,000000,1132.02,1137.93,1132.02,1137.93,1410395699,0
^_JP,D,20190702,000000,1138.77,1144.1,1138.77,1144.1,1267855389,0
^_JP,D,20190703,000000,1142.9,1143.6,1142.9,1143.6,1241306572,0
^_JP,D,20190704,000000,1147.79,1151.82,1147.79,1151.82,1075427623,0
^_JP,D,20190705,000000,1153.52,1155.71,1153.52,1155.71,1194175227,0
^_JP,D,20190708,000000,1156.3,1156.3,1149.39,1149.39,1329604582,0
^_JP,D,20190709,000000,1150.33,1150.33,1144.92,1144.92,1269488582,0
^_JP,D,20190710,000000,1142.83,1144.96,1142.83,1144.96,1413517551,0
^_JP,D,20190711,000000,1147.52,1151.85,1147.52,1151.85,1258210709,0
^_JP,D,20190712,000000,1153.74,1153.74,1144.84,1144.84,1250664558,0
^_JP,D,20190716,000000,1143.71,1143.71,1139.76,1139.76,1212878757,0
^_JP,D,20190717,000000,1138.02,1138.02,1136.26,1136.26,1279076449,0
^_JP,D,20190718,000000,1132.31,1132.31,1114.66,1114.66,1499461553,0
^_JP,D,20190719,000000,1118.02,1130.79,1118.02,1130.79,1254182741,0
^_JP,D,20190722,000000,1131.28,1131.28,1129.45,1129.45,1089097380,0
^_JP,D,20190723,000000,1131.23,1137.08,1131.23,1137.08,1102781337,0
^_JP,D,20190724,000000,1140.47,1140.47,1139.42,1139.42,1228113185,0
^_JP,D,20190725,000000,1142.98,1144.79,1142.98,1144.79,1147524397,0
^_JP,D,20190726,000000,1142,1142,1140.67,1140.67,1156655473,0
^_JP,D,20190729,000000,1142.25,1142.25,1140.22,1140.22,1128755132,0
^_JP,D,20190730,000000,1141.39,1143.97,1141.39,1143.97,1337359319,0
^_JP,D,20190731,000000,1139.45,1139.9,1139.45,1139.9,1543207832,0
^_JP,D,20190801,000000,1134.33,1138.37,1134.33,1138.37,1499944790,0
^_JP,D,20190802,000000,1125.09,1125.09,1116,1116,1790065833,0
^_JP,D,20190805,000000,1109.91,1109.91,1093.71,1093.71,1768107915,0
^_JP,D,20190806,000000,1065.09,1089.5,1065.09,1089.5,1821857761,0
^_JP,D,20190807,000000,1090.03,1090.69,1090.03,1090.69,1502354916,0
^_JP,D,20190808,000000,1091.08,1092.78,1091.08,1092.78,1400831093,0
^_JP,D,20190809,000000,1097.64,1097.64,1093.36,1093.36,1409835191,0
^_JP,D,20190813,000000,1081.55,1081.55,1080.83,1080.83,1473534413,0
^_JP,D,20190814,000000,1088.96,1088.96,1087.97,1087.97,1267123490,0
^_JP,D,20190815,000000,1066.86,1074.26,1066.86,1074.26,1380100127,0
^_JP,D,20190816,000000,1073.06,1074.65,1073.06,1074.65,1205784480,0
^_JP,D,20190819,000000,1081.07,1081.07,1080.37,1080.37,1099832867,0
^_JP,D,20190820,000000,1083.29,1090.21,1083.29,1090.21,1138742511,0
^_JP,D,20190821,000000,1083.95,1084.93,1083.95,1084.93,1103136819,0
^_JP,D,20190822,000000,1088.51,1088.51,1081,1081,1222699716,0
^_JP,D,20190823,000000,1082.26,1082.26,1081.37,1081.37,1101185893,0
^_JP,D,20190826,000000,1064.07,1064.29,1064.07,1064.29,1340739683,0
^_JP,D,20190827,000000,1071.81,1071.81,1068.68,1068.68,1239623882,0
^_JP,D,20190828,000000,1069.03,1069.03,1064.43,1064.43,1146308521,0
^_JP,D,20190829,000000,1060.55,1060.55,1055.83,1055.83,1177530127,0
^_JP,D,20190830,000000,1062.77,1072.21,1062.77,1072.21,1424296226,0
^_JP,D,20190902,000000,1070.34,1070.34,1068.43,1068.43,986500845,0
^_JP,D,20190903,000000,1067.86,1073.7,1067.86,1073.7,1010577280,0
^_JP,D,20190904,000000,1070.55,1070.55,1069.14,1069.14,1070036882,0
^_JP,D,20190905,000000,1074.9,1083.86,1074.9,1083.86,1541675100,0
^_JP,D,20190906,000000,1087.09,1087.09,1083.26,1083.26,1333782472,0
^_JP,D,20190909,000000,1085.25,1090.87,1085.25,1090.87,1133197741,0
^_JP,D,20190910,000000,1093.54,1094.09,1093.54,1094.09,1589621290,0
^_JP,D,20190911,000000,1096.6,1107.3,1096.6,1107.3,1849168632,0
^_JP,D,20190912,000000,1112.39,1112.39,1109.41,1109.41,1742642049,0
^_JP,D,20190913,000000,1112.79,1113.6,1112.79,1113.6,1969390121,0
^_JP,D,20190917,000000,1113.03,1116.56,1113.03,1116.56,1486582277,0
^_JP,D,20190918,000000,1117.61,1117.61,1111.01,1111.01,1435052850,0
^_JP,D,20190919,000000,1114.19,1120.29,1114.19,1120.29,1523220287,0
^_JP,D,20190920,000000,1123.28,1123.61,1123.28,1123.61,1665940452,0
^_JP,D,20190924,000000,1125.17,1130.12,1125.17,1130.12,1351741465,0
^_JP,D,20190925,000000,1129.02,1129.74,1129.02,1129.74,1281104611,0
^_JP,D,20190926,000000,1136.35,1136.35,1133.81,1133.81,1602566163,0
^_JP,D,20190927,000000,1127.02,1127.02,1120.46,1120.46,1507350963,0
^_JP,D,20190930,000000,1117.29,1117.29,1113.35,1113.35,1405210001,0
^_JP,D,20191001,000000,1116.58,1122.7,1116.58,1122.7,1338777208,0
^_JP,D,20191002,000000,1116.86,1122.81,1116.86,1122.81,1316512280,0
^_JP,D,20191003,000000,1108.93,1108.93,1107.99,1107.99,1368794229,0
^_JP,D,20191004,000000,1108.32,1112.08,1108.32,1112.08,1257671536,0
^_JP,D,20191007,000000,1115.74,1115.74,1113.86,1113.86,1093765341,0
^_JP,D,20191008,000000,1117.33,1123.11,1117.33,1123.11,1320261476,0
^_JP,D,20191009,000000,1117.19,1123.09,1117.19,1123.09,1257957728,0
^_JP,D,20191010,000000,1123.6,1123.6,1117.23,1117.23,1291888831,0
^_JP,D,20191011,000000,1120.65,1120.65,1117.56,1117.56,1425019510,0
^_JP,D,20191015,000000,1128.7,1130.6,1128.7,1130.6,1468685945,0
^_JP,D,20191016,000000,1138.45,1138.45,1133.83,1133.83,1639054823,0
^_JP,D,20191017,000000,1133.57,1133.57,1131.78,1131.78,1313784303,0
^_JP,D,20191018,000000,1134.72,1134.72,1134.05,1134.05,1290725457,0
^_JP,D,20191021,000000,1136.18,1139.96,1136.18,1139.96,1090469784,0
^_JP,D,20191023,000000,1144.33,1147.39,1144.33,1147.39,1421261945,0
^_JP,D,20191024,000000,1151.16,1151.16,1150.24,1150.24,1397908651,0
^_JP,D,20191025,000000,1153.2,1153.34,1153.2,1153.34,1303359475,0
^_JP,D,20191028,000000,1157.72,1157.72,1156.36,1156.36,1212183349,0
^_JP,D,20191029,000000,1161.1,1162.79,1161.1,1162.79,1550629006,0
^_JP,D,20191030,000000,1163.17,1166.51,1163.17,1166.51,2031967325,0
^_JP,D,20191031,000000,1168.73,1168.73,1166.76,1166.76,1698828174,0
^_JP,D,20191101,000000,1161.03,1164.45,1161.03,1164.45,1456486137,0
^_JP,D,20191105,000000,1174.76,1177.14,1174.76,1177.14,1904298418,0
^_JP,D,20191106,000000,1179.5,1179.5,1176.67,1176.67,1643779795,0
^_JP,D,20191107,000000,1177.03,1177.35,1177.03,1177.35,1526052137,0
^_JP,D,20191108,000000,1183.57,1183.57,1177.22,1177.22,1928560730,0
^_JP,D,20191111,000000,1181.09,1183.11,1181.09,1183.11,1515252043,0
^_JP,D,20191112,000000,1184.48,1187.98,1184.48,1187.98,1619985212,0
^_JP,D,20191113,000000,1187.4,1187.4,1181.16,1181.16,1548733605,0
^_JP,D,20191114,000000,1181.03,1181.03,1171.1,1171.1,1651667094,0
^_JP,D,20191115,000000,1170.58,1179.44,1170.58,1179.44,1645732856,0
^_JP,D,20191118,000000,1182.38,1184.93,1182.38,1184.93,1524661324,0
^_JP,D,20191119,000000,1185.8,1185.8,1185.79,1185.79,1495868266,0
^_JP,D,20191120,000000,1183.64,1183.64,1182.38,1182.38,1601473882,0
^_JP,D,20191121,000000,1181.22,1181.87,1181.22,1181.87,1594697395,0
^_JP,D,20191122,000000,1182.9,1185.65,1182.9,1185.65,1354990111,0
^_JP,D,20191125,000000,1193.22,1194.58,1193.22,1194.58,1248544895,0
^_JP,D,20191126,000000,1199.99,1199.99,1195.61,1195.61,1885659436,0
^_JP,D,20191127,000000,1199.14,1201.89,1199.14,1201.89,1336684143,0
^_JP,D,20191128,000000,1203.02,1203.02,1198.62,1198.62,1153942385,0
^_JP,D,20191129,000000,1200.54,1200.54,1199.43,1199.43,1255405745,0
^_JP,D,20191202,000000,1203.02,1206.01,1203.02,1206.01,1173094404,0
^_JP,D,20191203,000000,1198.08,1203.8,1198.08,1203.8,1296492674,0
^_JP,D,20191204,000000,1198.65,1204.99,1198.65,1204.99,1312853299,0
^_JP,D,20191205,000000,1210,1210,1207.17,1207.17,1645629321,0
^_JP,D,20191206,000000,1208.73,1213.23,1208.73,1213.23,1272591623,0
^_JP,D,20191209,000000,1221.23,1221.23,1218.61,1218.61,1357090028,0
^_JP,D,20191210,000000,1219.43,1220.85,1219.43,1220.85,1274960277,0
^_JP,D,20191211,000000,1222.21,1222.21,1217.56,1217.56,1391672490,0
^_JP,D,20191212,000000,1220.72,1220.72,1213.33,1213.33,1439219827,0
^_JP,D,20191213,000000,1224.92,1224.92,1218.89,1218.89,2196553146,0
^_JP,D,20191216,000000,1219.74,1219.74,1219.23,1219.23,1415137183,0
^_JP,D,20191217,000000,1223,1226.81,1223,1226.81,1568958141,0
^_JP,D,20191218,000000,1227.59,1227.59,1220.4,1220.4,1584518289,0
^_JP,D,20191219,000000,1219.96,1221.12,1219.96,1221.12,1431695882,0
^_JP,D,20191220,000000,1222.75,1223.9,1222.75,1223.9,1602699174,0
^_JP,D,20191223,000000,1226.82,1226.82,1219.02,1219.02,1235037926,0
^_JP,D,20191224,000000,1220.33,1220.64,1220.33,1220.64,1119659758,0
^_JP,D,20191225,000000,1222.3,1222.3,1216.94,1216.94,1041407673,0
^_JP,D,20191226,000000,1217.35,1224.49,1217.35,1224.49,1072131113,0
^_JP,D,20191227,000000,1229.13,1233.82,1229.13,1233.82,1051026446,0
^_JP,D,20191230,000000,1233.43,1233.43,1231.34,1231.34,2858585570,0
^_JP,D,20200106,000000,1219.7,1219.7,1218.34,1218.34,1428498823,0
^_JP,D,20200107,000000,1223.84,1235.76,1223.84,1235.76,1386731563,0
^_JP,D,20200108,000000,1228.51,1228.51,1217.89,1217.89,1778194482,0
^_JP,D,20200109,000000,1231.18,1235.93,1231.18,1235.93,1409151563,0
^_JP,D,20200110,000000,1239.46,1239.46,1238.16,1238.16,1344063019,0
^_JP,D,20200114,000000,1241.9,1241.9,1237.99,1237.99,1707679645,0
^_JP,D,20200115,000000,1237.84,1238.36,1237.84,1238.36,1362981086,0
^_JP,D,20200116,000000,1240.4,1240.4,1235.92,1235.92,1281986512,0
^_JP,D,20200117,000000,1240.1,1240.1,1238.07,1238.07,1372914213,0
^_JP,D,20200120,000000,1241.95,1245.04,1241.95,1245.04,1230004476,0
^_JP,D,20200121,000000,1246.89,1246.89,1246.45,1246.45,3699998901,0
^_JP,D,20200122,000000,1246.6,1251.1,1246.6,1251.1,1270475819,0
^_JP,D,20200123,000000,1248.42,1248.42,1243.56,1243.56,1401454781,0
^_JP,D,20200124,000000,1245.46,1245.46,1236.08,1236.08,1268581730,0
^_JP,D,20200127,000000,1218.87,1218.87,1215.19,1215.19,1452743297,0
^_JP,D,20200128,000000,1205.21,1213.17,1205.21,1213.17,1459257969,0
^_JP,D,20200129,000000,1216.73,1216.73,1210.47,1210.47,1310995169,0
^_JP,D,20200130,000000,1207.03,1207.03,1185.69,1185.69,1834704545,0
^_JP,D,20200131,000000,1190.04,1194.46,1190.04,1194.46,1652858109,0
^_JP,D,20200203,000000,1168.93,1183.76,1168.93,1183.76,2208267730,0
^_JP,D,20200204,000000,1183.77,1195.19,1183.77,1195.19,1549940678,0
^_JP,D,20200205,000000,1204.79,1204.79,1203.81,1203.81,1595164789,0
^_JP,D,20200206,000000,1214.04,1217.28,1214.04,1217.28,1929147973,0
^_JP,D,20200207,000000,1218.69,1218.69,1211.47,1211.47,1490300299,0
^_JP,D,20200210,000000,1206.44,1206.48,1206.44,1206.48,1363664039,0
^_JP,D,20200212,000000,1209.43,1209.43,1206.33,1206.33,1623661740,0
^_JP,D,20200213,000000,1207.08,1207.08,1203.6,1203.6,1479053917,0
^_JP,D,20200214,000000,1198.33,1198.33,1193.22,1193.22,1630279801,0
^_JP,D,20200217,000000,1183.41,1183.41,1174.61,1174.61,1635430455,0
^_JP,D,20200218,000000,1171.66,1171.66,1156.58,1156.58,1431313695,0
^_JP,D,20200219,000000,1159.64,1165.83,1159.64,1165.83,7970383506,0
^_JP,D,20200220,000000,1173.51,1173.51,1162.38,1162.38,1426745633,0
^_JP,D,20200221,000000,1159.95,1161.74,1159.95,1161.74,1350036193,0
^_JP,D,20200225,000000,1113.28,1117.74,1113.28,1117.74,2197515553,0
^_JP,D,20200226,000000,1106.67,1106.67,1106.17,1106.17,1990301017,0
^_JP,D,20200227,000000,1102.65,1102.65,1070.73,1070.73,4397351243,0
^_JP,D,20200228,000000,1031.42,1031.42,1007.97,1007.97,3909490124,0
^_JP,D,20200302,000000,1001.95,1043.99,1001.95,1043.99,2450856802,0
^_JP,D,20200303,000000,1069.99,1069.99,1027.48,1027.48,2259564994,0
^_JP,D,20200304,000000,1013.75,1027.9,1013.75,1027.9,1738340724,0
^_JP,D,20200305,000000,1041.68,1041.68,1029.96,1029.96,1636118879,0
^_JP,D,20200306,000000,1016.42,1016.42,993.85,993.85,2046618997,0
^_JP,D,20200310,000000,957.22,1006.86,957.22,1006.86,3322045377,0
^_JP,D,20200311,000000,1009.98,1009.98,985.16,985.16,2391785554,0
^_JP,D,20200312,000000,963.49,963.49,939.55,939.55,2982123681,0
^_JP,D,20200313,000000,868.76,874.83,868.76,874.83,5326856043,0
^_JP,D,20200316,000000,893.46,893.46,877.2,877.2,4676772503,0
^_JP,D,20200317,000000,851.07,907.41,851.07,907.41,3506367661,0
^_JP,D,20200318,000000,920.96,920.96,904.11,904.11,3147872268,0
^_JP,D,20200319,000000,917.48,917.48,893.52,893.52,4966471520,0
^_JP,D,20200323,000000,893.73,910.29,893.73,910.29,3192272208,0
^_JP,D,20200324,000000,931.3,948.02,931.3,948.02,2754599483,0
^_JP,D,20200325,000000,993.44,1000.26,993.44,1000.26,2608255916,0
^_JP,D,20200326,000000,985.73,985.73,984.63,984.63,2311207031,0
^_JP,D,20200327,000000,1006.93,1013.07,1006.93,1013.07,2706018822,0
^_JP,D,20200330,000000,974.07,981.72,974.07,981.72,2253093443,0
^_JP,D,20200331,000000,987.44,987.44,975.65,975.65,2144025514,0
^_JP,D,20200401,000000,968.35,968.35,945.58,945.58,2011898057,0
^_JP,D,20200402,000000,935.73,935.73,926.46,926.46,1935428158,0
^_JP,D,20200403,000000,928.03,928.03,907.42,907.42,2117834429,0
^_JP,D,20200406,000000,903.73,935.28,903.73,935.28,2005526503,0
^_JP,D,20200407,000000,955.36,961.93,955.36,961.93,2492668525,0
^_JP,D,20200408,000000,963.7,980.74,963.7,980.74,2004327052,0
^_JP,D,20200409,000000,987.32,990.85,987.32,990.85,1708961808,0
^_JP,D,20200410,000000,996.3,998.84,996.3,998.84,1628836629,0
^_JP,D,20200413,000000,997.93,997.93,990.8,990.8,1341901783,0
^_JP,D,20200414,000000,993.98,1008.07,993.98,1008.07,1672896636,0
^_JP,D,20200415,000000,1011.09,1011.09,1003.31,1003.31,1954699809,0
^_JP,D,20200416,000000,998.63,1015.11,998.63,1015.11,1623224430,0
^_JP,D,20200417,000000,1024.42,1024.42,1021.41,1021.41,1742549324,0
^_JP,D,20200420,000000,1023.33,1031.2,1023.33,1031.2,1432062018,0
^_JP,D,20200421,000000,1025.44,1025.44,1011.29,1011.29,2735197313,0
^_JP,D,20200422,000000,1001.2,1001.2,995.9,995.9,1561333891,0
^_JP,D,20200423,000000,1003.76,1017.06,1003.76,1017.06,1429617442,0
^_JP,D,20200424,000000,1018.52,1018.52,1014.91,1014.91,1932178371,0
^_JP,D,20200427,000000,1025.25,1032.64,1025.25,1032.64,1535603915,0
^_JP,D,20200428,000000,1036.07,1040.87,1036.07,1040.87,1543863586,0
^_JP,D,20200430,000000,1058.15,1058.15,1054.51,1054.51,2190134722,0
^_JP,D,20200501,000000,1049.03,1049.03,1038.79,1038.79,1782794057,0
^_JP,D,20200507,000000,1039.59,1048.34,1039.59,1048.34,1810167229,0
^_JP,D,20200508,000000,1058.86,1064.74,1058.86,1064.74,1908356630,0
^_JP,D,20200511,000000,1074.39,1089.84,1074.39,1089.84,1828549812,0
^_JP,D,20200512,000000,1092.04,1092.04,1090.71,1090.71,1750081462,0
^_JP,D,20200513,000000,1081.98,1090.95,1081.98,1090.95,1953718323,0
^_JP,D,20200514,000000,1087.85,1087.85,1065.47,1065.47,1766835336,0
^_JP,D,20200515,000000,1074.39,1074.39,1070.63,1070.63,1737443003,0
^_JP,D,20200518,000000,1073.46,1076.66,1073.46,1076.66,1705816414,0
^_JP,D,20200519,000000,1093.31,1093.31,1090.34,1090.34,4159814759,0
^_JP,D,20200520,000000,1091.08,1102.4,1091.08,1102.4,1608489578,0
^_JP,D,20200521,000000,1107.96,1107.96,1107.29,1107.29,1772595928,0
^_JP,D,20200522,000000,1109.34,1109.34,1104.77,1104.77,1903521544,0
^_JP,D,20200525,000000,1118.42,1127.76,1118.42,1127.76,1736215417,0
^_JP,D,20200526,000000,1137.19,1139.88,1137.19,1139.88,2263290450,0
^_JP,D,20200527,000000,1143.63,1151.34,1143.63,1151.34,2286102696,0
^_JP,D,20200528,000000,1159,1159,1157.62,1157.62,2637580385,0
^_JP,D,20200529,000000,1153.76,1154.54,1153.76,1154.54,2888502496,0
^_JP,D,20200601,000000,1158.88,1159.7,1158.88,1159.7,1744781298,0
^_JP,D,20200602,000000,1166.75,1173.29,1166.75,1173.29,1864972709,0
^_JP,D,20200603,000000,1183.33,1183.33,1173.87,1173.87,2110517346,0
^_JP,D,20200604,000000,1182.06,1182.06,1172.07,1172.07,2147383787,0
^_JP,D,20200605,000000,1172.37,1178.86,1172.37,1178.86,38919591173,0
^_JP,D,20200608,000000,1191.19,1195.12,1191.19,1195.12,2551293899,0
^_JP,D,20200609,000000,1198.43,1198.43,1195.17,1195.17,2338082941,0
^_JP,D,20200610,000000,1191.9,1198.23,1191.9,1198.23,2152381747,0
^_JP,D,20200611,000000,1192.98,1192.98,1169.22,1169.22,2395665541,0
^_JP,D,20200612,000000,1128.75,1150.62,1128.75,1150.62,41966485007,0
^_JP,D,20200615,000000,1153.7,1153.7,1122.85,1122.85,1984757130,0
^_JP,D,20200616,000000,1145.63,1164.19,1145.63,1164.19,2148463604,0
^_JP,D,20200617,000000,1166.59,1167.36,1166.59,1167.36,1867001579,0
^_JP,D,20200618,000000,1167.82,1168.78,1167.82,1168.78,1599327149,0
^_JP,D,20200619,000000,1173.01,1175.61,1173.01,1175.61,2079239913,0
^_JP,D,20200622,000000,1175.48,1178.37,1175.48,1178.37,1511653426,0
^_JP,D,20200623,000000,1186.09,1186.09,1183.46,1183.46,3219689322,0
^_JP,D,20200624,000000,1185.34,1185.34,1180,1180,2036642257,0
^_JP,D,20200625,000000,1173.66,1173.66,1168.96,1168.96,1881629354,0
^_JP,D,20200626,000000,1177.88,1177.88,1173.03,1173.03,1704907157,0
^_JP,D,20200629,000000,1163.9,1163.9,1155.03,1155.03,1824091635,0
^_JP,D,20200630,000000,1169.74,1169.74,1157.58,1157.58,2014904421,0
^_JP,D,20200701,000000,1161.67,1161.67,1142.01,1142.01,1773223096,0
^_JP,D,20200702,000000,1146.28,1146.28,1124.37,1124.37,2087959774,0
^_JP,D,20200703,000000,1126.95,1132.25,1126.95,1132.25,1523041876,0
^_JP,D,20200706,000000,1135.94,1153.26,1135.94,1153.26,1639037831,0
^_JP,D,20200707,000000,1157.08,1157.08,1154.32,1154.32,1739137708,0
^_JP,D,20200708,000000,1153.09,1153.09,1149.98,1149.98,1801144538,0
^_JP,D,20200709,000000,1151.72,1151.72,1140.26,1140.26,1810440076,0
^_JP,D,20200710,000000,1137.9,1137.9,1120.35,1120.35,1830320992,0
^_JP,D,20200713,000000,1132.83,1144.46,1132.83,1144.46,1662844985,0
^_JP,D,20200714,000000,1142.37,1142.37,1139.2,1139.2,1586443089,0
^_JP,D,20200715,000000,1147.11,1153.26,1147.11,1153.26,1685162626,0
^_JP,D,20200716,000000,1155.98,1155.98,1146.43,1146.43,1921040029,0
^_JP,D,20200717,000000,1148.04,1148.04,1139.13,1139.13,1427609984,0
^_JP,D,20200720,000000,1142.71,1142.71,1142.65,1142.65,3047375379,0
^_JP,D,20200721,000000,1144.44,1151.3,1144.44,1151.3,1513368115,0
^_JP,D,20200722,000000,1151.19,1151.19,1146.18,1146.18,1445596330,0
^_JP,D,20200727,000000,1142.65,1149.99,1142.65,1149.99,1499685956,0
^_JP,D,20200728,000000,1151.21,1151.21,1143.02,1143.02,1549647570,0
