<TICKER>,<PER>,<DATE>,<TIME>,<OPEN>,<HIGH>,<LOW>,<CLOSE>,<VOL>,<OPENINT>
^_PLWS,D,20160216,000000,858.39,858.39,858.08,858.08,45547022,0
^_PLWS,D,20160217,000000,856.85,864.93,856.85,864.93,78630092,0
^_PLWS,D,20160218,000000,865.44,867.38,865.44,867.38,63422509,0
^_PLWS,D,20160219,000000,868.13,868.85,868.13,868.85,45704296,0
^_PLWS,D,20160222,000000,874.14,877.99,874.14,877.99,42955704,0
^_PLWS,D,20160223,000000,876.43,879.29,876.43,879.29,38675899,0
^_PLWS,D,20160224,000000,879.57,879.57,875.76,875.76,39089761,0
^_PLWS,D,20160225,000000,876.76,877.74,876.76,877.74,38367878,0
^_PLWS,D,20160226,000000,879.65,883.04,879.65,883.04,49881713,0
^_PLWS,D,20160229,000000,883.77,884.73,883.77,884.73,47064504,0
^_PLWS,D,20160301,000000,883.11,883.11,881.48,881.48,46572969,0
^_PLWS,D,20160302,000000,885.82,886.56,885.82,886.56,46816233,0
^_PLWS,D,20160303,000000,887.69,892.35,887.69,892.35,53523441,0
^_PLWS,D,20160304,000000,891.45,893.23,891.45,893.23,57075445,0
^_PLWS,D,20160307,000000,893.9,896.24,893.9,896.24,51061424,0
^_PLWS,D,20160308,000000,892.54,892.76,892.54,892.76,46151209,0
^_PLWS,D,20160309,000000,891.69,892.45,891.69,892.45,41582178,0
^_PLWS,D,20160310,000000,890.56,893.6,890.56,893.6,57293767,0
^_PLWS,D,20160311,000000,893.2,896.72,893.2,896.72,64399810,0
^_PLWS,D,20160314,000000,898.06,898.43,898.06,898.43,55454325,0
^_PLWS,D,20160315,000000,898.08,898.08,897.79,897.79,60576630,0
^_PLWS,D,20160316,000000,895.99,896.03,895.99,896.03,74442103,0
^_PLWS,D,20160317,000000,896.44,901.9,896.44,901.9,79431933,0
^_PLWS,D,20160318,000000,902.72,909.17,902.72,909.17,103250085,0
^_PLWS,D,20160321,000000,907.59,909.72,907.59,909.72,51709946,0
^_PLWS,D,20160322,000000,907.38,907.38,907.06,907.06,60022540,0
^_PLWS,D,20160323,000000,906.95,908.54,906.95,908.54,55261168,0
^_PLWS,D,20160324,000000,907.03,910.94,907.03,910.94,40718521,0
^_PLWS,D,20160329,000000,910.02,914.69,910.02,914.69,50804538,0
^_PLWS,D,20160330,000000,914.41,921.86,914.41,921.86,61689031,0
^_PLWS,D,20160331,000000,923.88,925.86,923.88,925.86,72726743,0
^_PLWS,D,20160401,000000,928.1,928.66,928.1,928.66,44240412,0
^_PLWS,D,20160404,000000,929.28,932.91,929.28,932.91,35118583,0
^_PLWS,D,20160405,000000,931.26,931.26,925.92,925.92,49433338,0
^_PLWS,D,20160406,000000,926.86,926.91,926.86,926.91,42719585,0
^_PLWS,D,20160407,000000,929.48,929.6,929.48,929.6,45427477,0
^_PLWS,D,20160408,000000,932.27,932.93,932.27,932.93,36352286,0
^_PLWS,D,20160411,000000,932.47,933.3,932.47,933.3,32334276,0
^_PLWS,D,20160412,000000,933.24,933.24,931.46,931.46,31135073,0
^_PLWS,D,20160413,000000,933.68,937.8,933.68,937.8,46457589,0
^_PLWS,D,20160414,000000,937.74,940.68,937.74,940.68,43231813,0
^_PLWS,D,20160415,000000,940.81,943.96,940.81,943.96,38564796,0
^_PLWS,D,20160418,000000,944.2,947.17,944.2,947.17,42160274,0
^_PLWS,D,20160419,000000,947.57,952.18,947.57,952.18,50158108,0
^_PLWS,D,20160420,000000,953.04,954.54,953.04,954.54,59810859,0
^_PLWS,D,20160421,000000,956.46,956.46,955.38,955.38,64720122,0
^_PLWS,D,20160422,000000,956.49,959.3,956.49,959.3,52465844,0
^_PLWS,D,20160425,000000,956.68,956.68,956.27,956.27,47434885,0
^_PLWS,D,20160426,000000,955.78,955.78,955.57,955.57,54231753,0
^_PLWS,D,20160427,000000,955.27,955.27,954.33,954.33,47053743,0
^_PLWS,D,20160428,000000,955.07,955.95,955.07,955.95,50645337,0
^_PLWS,D,20160429,000000,957.86,959.14,957.86,959.14,44912254,0
^_PLWS,D,20160502,000000,959.59,961.96,959.59,961.96,23464203,0
^_PLWS,D,20160504,000000,961.29,961.29,958.07,958.07,47584480,0
^_PLWS,D,20160505,000000,957.64,957.64,954.29,954.29,35400956,0
^_PLWS,D,20160506,000000,953.32,954.46,953.32,954.46,49642615,0
^_PLWS,D,20160509,000000,954.86,955.83,954.86,955.83,41609197,0
^_PLWS,D,20160510,000000,955.64,955.64,953.06,953.06,41117832,0
^_PLWS,D,20160511,000000,952.41,953.48,952.41,953.48,42573763,0
^_PLWS,D,20160512,000000,953.77,953.77,952.26,952.26,39623430,0
^_PLWS,D,20160513,000000,953.45,953.45,953.03,953.03,29581952,0
^_PLWS,D,20160516,000000,954.1,955.24,954.1,955.24,35938763,0
^_PLWS,D,20160517,000000,953.93,953.93,952.24,952.24,54732174,0
^_PLWS,D,20160518,000000,952.06,952.06,947.69,947.69,43868335,0
^_PLWS,D,20160519,000000,946.72,946.72,939.42,939.42,42451929,0
^_PLWS,D,20160520,000000,940.02,940.4,940.02,940.4,35670962,0
^_PLWS,D,20160523,000000,940.11,940.37,940.11,940.37,31469645,0
^_PLWS,D,20160524,000000,939.61,941.9,939.61,941.9,40097027,0
^_PLWS,D,20160525,000000,942.35,946.01,942.35,946.01,44867086,0
^_PLWS,D,20160527,000000,948.22,948.58,948.22,948.58,33912167,0
^_PLWS,D,20160530,000000,947.36,947.36,947.28,947.28,21651200,0
^_PLWS,D,20160531,000000,945.54,945.54,941.41,941.41,67972903,0
^_PLWS,D,20160601,000000,939.86,939.86,927.22,927.22,55827115,0
^_PLWS,D,20160602,000000,925.49,927.82,925.49,927.82,43909720,0
^_PLWS,D,20160603,000000,928.35,931.84,928.35,931.84,49492177,0
^_PLWS,D,20160606,000000,931.15,932.22,931.15,932.22,24843483,0
^_PLWS,D,20160607,000000,931.47,935.32,931.47,935.32,40384427,0
^_PLWS,D,20160608,000000,935.61,935.79,935.61,935.79,42586753,0
^_PLWS,D,20160609,000000,935.13,935.13,933.05,933.05,36485607,0
^_PLWS,D,20160610,000000,933.47,933.47,930.54,930.54,31624199,0
^_PLWS,D,20160613,000000,927.71,927.71,922.95,922.95,29335297,0
^_PLWS,D,20160614,000000,919.77,919.77,914.7,914.7,37660531,0
^_PLWS,D,20160615,000000,913.72,913.72,911.58,911.58,39470837,0
^_PLWS,D,20160616,000000,907.87,907.87,898.58,898.58,63527126,0
^_PLWS,D,20160617,000000,899.46,904.78,899.46,904.78,60354252,0
^_PLWS,D,20160620,000000,906.23,910.62,906.23,910.62,33762619,0
^_PLWS,D,20160621,000000,910.23,915.3,910.23,915.3,42937138,0
^_PLWS,D,20160622,000000,915.69,916.04,915.69,916.04,43634200,0
^_PLWS,D,20160623,000000,916.74,920.62,916.74,920.62,40666044,0
^_PLWS,D,20160624,000000,874.96,897.49,874.96,897.49,69788107,0
^_PLWS,D,20160627,000000,898.22,898.22,897.85,897.85,40119390,0
^_PLWS,D,20160628,000000,900.45,903.83,900.45,903.83,71914526,0
^_PLWS,D,20160629,000000,908.5,910.24,908.5,910.24,50733730,0
^_PLWS,D,20160630,000000,911.94,913.29,911.94,913.29,54104744,0
^_PLWS,D,20160701,000000,915.71,915.71,913.42,913.42,33528180,0
^_PLWS,D,20160704,000000,909.74,909.74,908.57,908.57,37406192,0
^_PLWS,D,20160705,000000,909.63,909.63,908.39,908.39,29375268,0
^_PLWS,D,20160706,000000,907.61,907.61,905.01,905.01,46278058,0
^_PLWS,D,20160707,000000,905.34,906.39,905.34,906.39,45459296,0
^_PLWS,D,20160708,000000,904.72,905.9,904.72,905.9,33244821,0
^_PLWS,D,20160711,000000,908.42,912.21,908.42,912.21,39217659,0
^_PLWS,D,20160712,000000,913.61,913.61,913.47,913.47,46590684,0
^_PLWS,D,20160713,000000,914.21,914.21,912.3,912.3,51993327,0
^_PLWS,D,20160714,000000,911.94,913.21,911.94,913.21,42741060,0
^_PLWS,D,20160715,000000,913.33,916.5,913.33,916.5,44488328,0
^_PLWS,D,20160718,000000,916.7,919.05,916.7,919.05,35559309,0
^_PLWS,D,20160719,000000,919.55,919.55,918.52,918.52,33834804,0
^_PLWS,D,20160720,000000,917.67,920.44,917.67,920.44,35990728,0
^_PLWS,D,20160721,000000,919.96,920.73,919.96,920.73,35081978,0
^_PLWS,D,20160722,000000,920.37,922.03,920.37,922.03,33200891,0
^_PLWS,D,20160725,000000,921.73,924.26,921.73,924.26,33117188,0
^_PLWS,D,20160726,000000,923.67,927.02,923.67,927.02,38414014,0
^_PLWS,D,20160727,000000,926.62,929.97,926.62,929.97,45895887,0
^_PLWS,D,20160728,000000,931,931,930.77,930.77,40171024,0
^_PLWS,D,20160729,000000,930.78,930.78,927.91,927.91,49932023,0
^_PLWS,D,20160801,000000,929.09,929.09,925.44,925.44,32111882,0
^_PLWS,D,20160802,000000,926.25,926.98,926.25,926.98,99862667,0
^_PLWS,D,20160803,000000,925.77,925.77,924.57,924.57,46209910,0
^_PLWS,D,20160804,000000,924.73,926.84,924.73,926.84,45368425,0
^_PLWS,D,20160805,000000,926.93,929.35,926.93,929.35,31464266,0
^_PLWS,D,20160808,000000,929.7,932.94,929.7,932.94,29840447,0
^_PLWS,D,20160809,000000,934.85,936.13,934.85,936.13,40372923,0
^_PLWS,D,20160810,000000,935.24,936.69,935.24,936.69,40106933,0
^_PLWS,D,20160811,000000,938.51,939.97,938.51,939.97,42533024,0
^_PLWS,D,20160812,000000,939.5,939.66,939.5,939.66,36970785,0
^_PLWS,D,20160816,000000,937.88,938.56,937.88,938.56,38587018,0
^_PLWS,D,20160817,000000,939.2,939.2,937.17,937.17,37693568,0
^_PLWS,D,20160818,000000,937.63,938.73,937.63,938.73,36699098,0
^_PLWS,D,20160819,000000,938.69,938.69,935.44,935.44,36589731,0
^_PLWS,D,20160822,000000,933.07,933.07,932.95,932.95,35574682,0
^_PLWS,D,20160823,000000,928.7,931.67,928.7,931.67,45519911,0
^_PLWS,D,20160824,000000,932.79,934.13,932.79,934.13,44628190,0
^_PLWS,D,20160825,000000,935.22,935.22,935.19,935.19,47751549,0
^_PLWS,D,20160826,000000,932.07,933.3,932.07,933.3,37394629,0
^_PLWS,D,20160829,000000,934.82,934.82,933.48,933.48,26857697,0
^_PLWS,D,20160830,000000,933.3,935.17,933.3,935.17,46621225,0
^_PLWS,D,20160831,000000,933.8,934.98,933.8,934.98,51612647,0
^_PLWS,D,20160901,000000,933.94,933.94,929.54,929.54,55869961,0
^_PLWS,D,20160902,000000,930.03,931.42,930.03,931.42,43113824,0
^_PLWS,D,20160905,000000,931.78,935.72,931.78,935.72,47272833,0
^_PLWS,D,20160906,000000,935.78,935.78,934.03,934.03,50545131,0
^_PLWS,D,20160907,000000,933.52,937.77,933.52,937.77,51784007,0
^_PLWS,D,20160908,000000,937.89,937.89,936.4,936.4,46734864,0
^_PLWS,D,20160909,000000,935.63,935.63,932.33,932.33,40230445,0
^_PLWS,D,20160912,000000,926.8,926.8,924.94,924.94,42024058,0
^_PLWS,D,20160913,000000,926.62,929.07,926.62,929.07,48349544,0
^_PLWS,D,20160914,000000,929.14,929.99,929.14,929.99,31708175,0
^_PLWS,D,20160915,000000,930.93,930.93,929.53,929.53,33255571,0
^_PLWS,D,20160916,000000,929.64,929.7,929.64,929.7,62479527,0
^_PLWS,D,20160919,000000,930.39,930.8,930.39,930.8,33782997,0
^_PLWS,D,20160920,000000,930.18,932.48,930.18,932.48,37296596,0
^_PLWS,D,20160921,000000,932,932,931.05,931.05,50710641,0
^_PLWS,D,20160922,000000,933.6,934.6,933.6,934.6,90101640,0
^_PLWS,D,20160923,000000,935.49,935.49,933.06,933.06,48397579,0
^_PLWS,D,20160926,000000,932.28,932.28,931.75,931.75,40347616,0
^_PLWS,D,20160927,000000,930.08,932.11,930.08,932.11,49657341,0
^_PLWS,D,20160928,000000,932.29,934.55,932.29,934.55,47348621,0
^_PLWS,D,20160929,000000,932.99,936.08,932.99,936.08,48175308,0
^_PLWS,D,20160930,000000,937.23,939.71,937.23,939.71,57032054,0
^_PLWS,D,20161003,000000,939.28,941.96,939.28,941.96,34332660,0
^_PLWS,D,20161004,000000,941.6,942.1,941.6,942.1,54679103,0
^_PLWS,D,20161005,000000,942.37,942.37,940.65,940.65,53408023,0
^_PLWS,D,20161006,000000,940.35,941.44,940.35,941.44,43954913,0
^_PLWS,D,20161007,000000,942.49,942.88,942.49,942.88,41687356,0
^_PLWS,D,20161010,000000,943.2,943.2,943.02,943.02,28954624,0
^_PLWS,D,20161011,000000,944.02,944.02,941.67,941.67,46571413,0
^_PLWS,D,20161012,000000,940.32,942.03,940.32,942.03,45938032,0
^_PLWS,D,20161013,000000,942.24,942.24,941.87,941.87,59304323,0
^_PLWS,D,20161014,000000,942.1,944.03,942.1,944.03,41497862,0
^_PLWS,D,20161017,000000,944.71,944.71,942.57,942.57,42736482,0
^_PLWS,D,20161018,000000,941.97,941.97,939.17,939.17,52640984,0
^_PLWS,D,20161019,000000,937.83,938.89,937.83,938.89,64885321,0
^_PLWS,D,20161020,000000,940.77,940.77,940,940,43027910,0
^_PLWS,D,20161021,000000,939.9,942,939.9,942,44737406,0
^_PLWS,D,20161024,000000,940.61,941.65,940.61,941.65,40349514,0
^_PLWS,D,20161025,000000,940.98,940.98,940.21,940.21,50738840,0
^_PLWS,D,20161026,000000,941.01,941.09,941.01,941.09,41915586,0
^_PLWS,D,20161027,000000,942.41,943.89,942.41,943.89,52580851,0
^_PLWS,D,20161028,000000,944.73,946.25,944.73,946.25,43565108,0
^_PLWS,D,20161031,000000,947.52,950.74,947.52,950.74,40362739,0
^_PLWS,D,20161102,000000,948.61,948.61,939.59,939.59,62394893,0
^_PLWS,D,20161103,000000,938.78,938.78,938.32,938.32,56676606,0
^_PLWS,D,20161104,000000,938,938,936.66,936.66,33490097,0
^_PLWS,D,20161107,000000,937.4,937.4,936.29,936.29,44279062,0
^_PLWS,D,20161108,000000,934.85,934.85,932.16,932.16,40288451,0
^_PLWS,D,20161109,000000,921.89,931.7,921.89,931.7,50323880,0
^_PLWS,D,20161110,000000,933.65,933.65,932.78,932.78,66712675,0
^_PLWS,D,20161114,000000,933.1,933.1,927.3,927.3,57822452,0
^_PLWS,D,20161115,000000,926.58,926.58,924.34,924.34,55435360,0
^_PLWS,D,20161116,000000,924.58,924.58,922.71,922.71,56041601,0
^_PLWS,D,20161117,000000,923.76,923.76,922.16,922.16,40051620,0
^_PLWS,D,20161118,000000,919.75,919.75,917.71,917.71,38721079,0
^_PLWS,D,20161121,000000,918.48,918.95,918.48,918.95,53206883,0
^_PLWS,D,20161122,000000,917.83,919.53,917.83,919.53,43988254,0
^_PLWS,D,20161123,000000,920.12,922.47,920.12,922.47,50762174,0
^_PLWS,D,20161124,000000,921.88,921.88,921.43,921.43,37334543,0
^_PLWS,D,20161125,000000,920.92,920.92,918.71,918.71,51709756,0
^_PLWS,D,20161128,000000,919.74,919.74,917.57,917.57,41675161,0
^_PLWS,D,20161129,000000,918,918,916.53,916.53,48019770,0
^_PLWS,D,20161130,000000,916.23,918.44,916.23,918.44,117547412,0
^_PLWS,D,20161201,000000,918.61,918.61,916.08,916.08,46769644,0
^_PLWS,D,20161202,000000,915.2,915.2,914.97,914.97,44128396,0
^_PLWS,D,20161205,000000,915.27,916.64,915.27,916.64,40175806,0
^_PLWS,D,20161206,000000,918.01,918.76,918.01,918.76,56703243,0
^_PLWS,D,20161207,000000,918.33,919.55,918.33,919.55,81058743,0
^_PLWS,D,20161208,000000,922.7,924.81,922.7,924.81,83972331,0
^_PLWS,D,20161209,000000,925.82,925.82,924.39,924.39,61218788,0
^_PLWS,D,20161212,000000,924.1,926,924.1,926,46600796,0
^_PLWS,D,20161213,000000,925.15,931.57,925.15,931.57,71110871,0
^_PLWS,D,20161214,000000,933.08,933.08,931.68,931.68,69308826,0
^_PLWS,D,20161215,000000,932.18,932.18,930.32,930.32,45859465,0
^_PLWS,D,20161216,000000,930.3,934.2,930.3,934.2,81643420,0
^_PLWS,D,20161219,000000,931.83,931.83,930.64,930.64,47680013,0
^_PLWS,D,20161220,000000,930.46,930.46,929.85,929.85,59137846,0
^_PLWS,D,20161221,000000,929.81,929.81,927.64,927.64,48802135,0
^_PLWS,D,20161222,000000,924.97,924.97,921.76,921.76,44047350,0
^_PLWS,D,20161223,000000,921.76,925.63,921.76,925.63,27762190,0
^_PLWS,D,20161227,000000,924.45,924.45,923.74,923.74,25621957,0
^_PLWS,D,20161228,000000,922.63,922.74,922.63,922.74,40724781,0
^_PLWS,D,20161229,000000,925.87,933.54,925.87,933.54,31448958,0
^_PLWS,D,20161230,000000,934.37,936.27,934.37,936.27,36561073,0
^_PLWS,D,20170102,000000,941.53,944.42,941.53,944.42,21457853,0
^_PLWS,D,20170103,000000,945.6,950.24,945.6,950.24,53711984,0
^_PLWS,D,20170104,000000,951.95,952.25,951.95,952.25,53766187,0
^_PLWS,D,20170105,000000,952.45,953.17,952.45,953.17,52143582,0
^_PLWS,D,20170109,000000,955.49,957.01,955.49,957.01,49221020,0
^_PLWS,D,20170110,000000,958.37,958.37,957.61,957.61,60618335,0
^_PLWS,D,20170111,000000,958.28,958.28,957.39,957.39,64012710,0
^_PLWS,D,20170112,000000,958.57,959.81,958.57,959.81,67596876,0
^_PLWS,D,20170113,000000,960.07,960.07,959.78,959.78,52455327,0
^_PLWS,D,20170116,000000,960.16,962.59,960.16,962.59,44910821,0
^_PLWS,D,20170117,000000,963.69,964.79,963.69,964.79,45998666,0
^_PLWS,D,20170118,000000,965.37,966.31,965.37,966.31,64003122,0
^_PLWS,D,20170119,000000,967.6,967.6,967.23,967.23,48634051,0
^_PLWS,D,20170120,000000,969.11,970.7,969.11,970.7,49308065,0
^_PLWS,D,20170123,000000,968.94,968.94,968.34,968.34,39623058,0
^_PLWS,D,20170124,000000,968.87,971.85,968.87,971.85,53904434,0
^_PLWS,D,20170125,000000,974.28,980.89,974.28,980.89,70411786,0
^_PLWS,D,20170126,000000,982.65,982.65,980.54,980.54,99558721,0
^_PLWS,D,20170127,000000,980.35,984.55,980.35,984.55,60476925,0
^_PLWS,D,20170130,000000,986.16,986.16,985.52,985.52,47969191,0
^_PLWS,D,20170131,000000,984.44,987.01,984.44,987.01,54177218,0
^_PLWS,D,20170201,000000,988.55,991.3,988.55,991.3,52200790,0
^_PLWS,D,20170202,000000,992.4,992.4,991.84,991.84,43746787,0
^_PLWS,D,20170203,000000,992.41,992.41,990.09,990.09,43981169,0
^_PLWS,D,20170206,000000,992.16,992.58,992.16,992.58,50436855,0
^_PLWS,D,20170207,000000,993.97,993.97,992.74,992.74,40915487,0
^_PLWS,D,20170208,000000,993.84,994.57,993.84,994.57,57889798,0
^_PLWS,D,20170209,000000,995.39,1000,995.39,1000,74152650,0
^_PLWS,D,20170210,000000,1001.26,1004.03,1001.26,1004.03,104740645,0
^_PLWS,D,20170213,000000,1006.36,1009.42,1006.36,1009.42,89534406,0
^_PLWS,D,20170214,000000,1010.04,1011.79,1006,1011.79,97687385,0
^_PLWS,D,20170215,000000,1013.24,1014.97,1006.87,1009.23,79249693,0
^_PLWS,D,20170216,000000,1010.46,1011.82,1007.78,1011.63,89410799,0
^_PLWS,D,20170217,000000,1012.43,1013.48,1007.74,1009.43,61417437,0
^_PLWS,D,20170220,000000,1011.21,1013.84,1011.08,1013.76,51527300,0
^_PLWS,D,20170221,000000,1014.9,1015.36,1010.44,1013.88,66972276,0
^_PLWS,D,20170222,000000,1015.17,1017.61,1014.19,1017.53,65054473,0
^_PLWS,D,20170223,000000,1019.38,1020.05,1015.36,1020.05,75516478,0
^_PLWS,D,20170224,000000,1021.84,1022.93,1014.36,1018.31,74263292,0
^_PLWS,D,20170227,000000,1018.72,1020.64,1016.54,1020.17,59793561,0
^_PLWS,D,20170228,000000,1021.17,1021.58,1016.32,1021,70444175,0
^_PLWS,D,20170301,000000,1021.43,1029,1021.43,1029,92831360,0
^_PLWS,D,20170302,000000,1031.49,1033.4,1030.35,1032.52,96662776,0
^_PLWS,D,20170303,000000,1033.03,1036.32,1030.36,1036.32,100188043,0
^_PLWS,D,20170306,000000,1037.69,1038.05,1034.91,1037.76,95283168,0
^_PLWS,D,20170307,000000,1038.74,1039.22,1030.8,1033.3,116615557,0
^_PLWS,D,20170308,000000,1032.53,1032.69,1024.81,1027.16,93482970,0
^_PLWS,D,20170309,000000,1027.17,1028.31,1015.72,1019.98,83262259,0
^_PLWS,D,20170310,000000,1021.81,1023.68,1020.56,1023.12,67987601,0
^_PLWS,D,20170313,000000,1024.91,1029.22,1024.53,1029.22,75505264,0
^_PLWS,D,20170314,000000,1031.15,1031.27,1024.76,1027.81,77351902,0
^_PLWS,D,20170315,000000,1029.17,1029.92,1025.36,1027.95,81147004,0
^_PLWS,D,20170316,000000,1030.94,1032.41,1030.57,1032.1,80481370,0
^_PLWS,D,20170317,000000,1032.89,1033.59,1030.56,1033.3,95835821,0
^_PLWS,D,20170320,000000,1034.83,1035.25,1027.62,1030.53,56403092,0
^_PLWS,D,20170321,000000,1030.21,1030.47,1019.56,1021.91,84186647,0
^_PLWS,D,20170322,000000,1018.93,1018.93,1010.76,1015.38,79703354,0
^_PLWS,D,20170323,000000,1016.3,1018.15,1014.29,1017.66,79502982,0
^_PLWS,D,20170324,000000,1019.01,1019.98,1015.59,1019.98,50596172,0
^_PLWS,D,20170327,000000,1018.83,1019.35,1014.46,1017.4,41968794,0
^_PLWS,D,20170328,000000,1018.47,1020.79,1016.18,1020.79,56728979,0
^_PLWS,D,20170329,000000,1022.88,1023.79,1017.09,1019.15,73885880,0
^_PLWS,D,20170330,000000,1020.23,1021.64,1009.69,1014.89,62901907,0
^_PLWS,D,20170331,000000,1016.02,1016.41,1011.76,1014.39,57089567,0
^_PLWS,D,20170403,000000,1014.07,1015.66,1012.41,1013.68,46866220,0
^_PLWS,D,20170404,000000,1013.59,1014.39,1011.34,1014.39,49200310,0
^_PLWS,D,20170405,000000,1015.56,1017.7,1014.07,1017.7,57898765,0
^_PLWS,D,20170406,000000,1015.83,1016.15,1012.12,1015.55,54514027,0
^_PLWS,D,20170407,000000,1015.99,1017.46,1014.76,1017.46,44182034,0
^_PLWS,D,20170410,000000,1017.58,1018.48,1014.07,1016.64,45998073,0
^_PLWS,D,20170411,000000,1016.88,1017.3,1008.3,1010,51651359,0
^_PLWS,D,20170412,000000,1010.49,1011.16,1006.07,1007.76,50363972,0
^_PLWS,D,20170413,000000,1008.62,1008.65,1005.16,1008.54,50099127,0
^_PLWS,D,20170418,000000,1008.96,1010.57,1003.54,1006.68,53906419,0
^_PLWS,D,20170419,000000,1006.76,1006.85,1003.83,1006.28,69743248,0
^_PLWS,D,20170420,000000,1007.29,1007.6,1003.36,1006.04,60991781,0
^_PLWS,D,20170421,000000,1005.89,1007.31,1000.1,1003.08,74699256,0
^_PLWS,D,20170424,000000,1004.4,1005.62,1000.85,1005.16,52147581,0
^_PLWS,D,20170425,000000,1006.18,1006.56,1000.81,1004.15,80180100,0
^_PLWS,D,20170426,000000,1004.58,1004.58,997.28,1001,87702484,0
^_PLWS,D,20170427,000000,1000.6,1002.5,998.36,1002.5,81625049,0
^_PLWS,D,20170428,000000,1002.42,1003.68,998.67,1003.12,84561782,0
^_PLWS,D,20170502,000000,1003.97,1005.9,1002.99,1005.9,42614606,0
^_PLWS,D,20170504,000000,1005.94,1006.98,1001.02,1004.25,77839403,0
^_PLWS,D,20170505,000000,1004.35,1004.74,999.91,1004.14,48605989,0
^_PLWS,D,20170508,000000,1004.91,1005.42,1002.36,1004.44,72192605,0
^_PLWS,D,20170509,000000,1004.74,1005.04,1000.1,1002.05,101783219,0
^_PLWS,D,20170510,000000,1002.83,1003.87,999.12,1002.37,68150904,0
^_PLWS,D,20170511,000000,1003.12,1003.74,999.77,1001.63,90171761,0
^_PLWS,D,20170512,000000,1001.58,1002.3,999.16,1002.3,54384461,0
^_PLWS,D,20170515,000000,1002.21,1002.51,998.98,1002.19,44336985,0
^_PLWS,D,20170516,000000,1001.84,1002.67,994.97,997.08,59453211,0
^_PLWS,D,20170517,000000,995.68,995.76,985.76,987.59,69227862,0
^_PLWS,D,20170518,000000,986.25,987.83,976.3,982.04,59107322,0
^_PLWS,D,20170519,000000,982.39,985.14,981.42,985.14,60063368,0
^_PLWS,D,20170522,000000,987.61,988.45,982.38,984.79,51129886,0
^_PLWS,D,20170523,000000,985.01,985.28,980.66,983.27,44420262,0
^_PLWS,D,20170524,000000,983.8,985.03,981.12,985.03,52072879,0
^_PLWS,D,20170525,000000,986.21,987.57,983.42,986,57854634,0
^_PLWS,D,20170526,000000,986.46,986.46,981.57,983.74,34445352,0
^_PLWS,D,20170529,000000,983.92,984.47,977.73,981.88,25219582,0
^_PLWS,D,20170530,000000,982.57,982.6,977.07,980.83,41327648,0
^_PLWS,D,20170531,000000,980.67,981.45,974.84,977.93,86664183,0
^_PLWS,D,20170601,000000,978.77,979.68,975.28,978.1,49496436,0
^_PLWS,D,20170602,000000,979.16,981.8,979.16,981.8,43642771,0
^_PLWS,D,20170605,000000,982.46,983.09,978.94,980.76,34909203,0
^_PLWS,D,20170606,000000,980.01,981.03,976.29,981.03,44115913,0
^_PLWS,D,20170607,000000,981.18,982.18,977.89,978.37,59243445,0
^_PLWS,D,20170608,000000,979.54,980.53,975.48,980.36,49961304,0
^_PLWS,D,20170609,000000,980.72,981.46,978.3,980.71,39031664,0
^_PLWS,D,20170612,000000,980.41,981.24,972.94,974.74,35591474,0
^_PLWS,D,20170613,000000,973.72,975.94,971.73,973.84,29920123,0
^_PLWS,D,20170614,000000,974.99,975.17,970.9,972.4,44026510,0
^_PLWS,D,20170616,000000,972.77,975.42,972.59,975.41,50634219,0
^_PLWS,D,20170619,000000,976.43,976.99,971.42,973.1,43184847,0
^_PLWS,D,20170620,000000,972.57,973.39,969.63,971.97,32893438,0
^_PLWS,D,20170621,000000,972.47,972.8,967.23,970.67,44735440,0
^_PLWS,D,20170622,000000,970.89,971.7,968.28,971.21,34142532,0
^_PLWS,D,20170623,000000,971.77,973.44,970.74,972.38,35610688,0
^_PLWS,D,20170626,000000,974.09,974.56,970.95,973.32,35844310,0
^_PLWS,D,20170627,000000,974.07,974.27,971.25,974.06,50307251,0
^_PLWS,D,20170628,000000,973.87,974.07,971.68,973.47,39491140,0
^_PLWS,D,20170629,000000,974.96,975.65,971.71,974.04,32067000,0
^_PLWS,D,20170630,000000,974.21,974.95,971.92,974.55,40665822,0
^_PLWS,D,20170703,000000,975.68,976.23,972.39,973.84,26381751,0
^_PLWS,D,20170704,000000,973.71,974.63,970.13,972.01,26637978,0
^_PLWS,D,20170705,000000,972.07,972.9,967.29,969.02,33936687,0
^_PLWS,D,20170706,000000,969.28,970.19,966.47,968.97,26537436,0
^_PLWS,D,20170707,000000,969.24,970.18,965.56,967.02,23606459,0
^_PLWS,D,20170710,000000,967.81,967.81,964.29,965.17,22655614,0
^_PLWS,D,20170711,000000,965.71,966.35,959.22,960.99,31408388,0
^_PLWS,D,20170712,000000,962.41,963.56,959.78,962.13,48651580,0
^_PLWS,D,20170713,000000,961.68,962.25,959.48,962.15,52476068,0
^_PLWS,D,20170714,000000,962.41,963.74,959.83,962.14,37268407,0
^_PLWS,D,20170717,000000,962.57,963.61,960.42,963.34,36824372,0
^_PLWS,D,20170718,000000,963.91,965.34,961.16,962.93,37692557,0
^_PLWS,D,20170719,000000,963.45,964.16,960.98,963.05,42344357,0
^_PLWS,D,20170720,000000,964.15,965.41,962.58,964.37,50006073,0
^_PLWS,D,20170721,000000,965.26,965.76,960.73,963.15,39993538,0
^_PLWS,D,20170724,000000,963.03,963.56,957.17,959.28,30823352,0
^_PLWS,D,20170725,000000,960.3,960.69,954.75,957.31,46661958,0
^_PLWS,D,20170726,000000,957.83,958.3,954.42,957.47,36823081,0
^_PLWS,D,20170727,000000,958.39,958.39,952.4,955.05,65839126,0
^_PLWS,D,20170728,000000,955.02,958.12,954.08,958.11,62159809,0
^_PLWS,D,20170731,000000,959.26,960.25,956.1,958.38,51400645,0
^_PLWS,D,20170801,000000,958.9,960.2,957.84,959.41,43517219,0
^_PLWS,D,20170802,000000,960.76,961.45,957.02,958.41,57806398,0
^_PLWS,D,20170803,000000,959.3,959.48,954.59,956.4,55263129,0
^_PLWS,D,20170804,000000,957.21,958.83,956.83,958.68,53362375,0
^_PLWS,D,20170807,000000,959.74,960.76,958.43,960.56,38002096,0
^_PLWS,D,20170808,000000,961.03,962.14,950.83,952.44,123794948,0
^_PLWS,D,20170809,000000,952.83,952.83,946.88,949.31,80208855,0
^_PLWS,D,20170810,000000,949.47,950.09,945.7,947.01,67227735,0
^_PLWS,D,20170811,000000,945.2,945.57,942.7,944.42,79515311,0
^_PLWS,D,20170814,000000,945.31,947.47,942.61,944.86,73443668,0
^_PLWS,D,20170816,000000,945.19,946.93,940.25,943.23,76944057,0
^_PLWS,D,20170817,000000,943.47,944.46,939.99,941.19,68846990,0
^_PLWS,D,20170818,000000,940.92,940.99,936.22,938.27,68277352,0
^_PLWS,D,20170821,000000,938.01,941.3,937.5,941.3,80664070,0
^_PLWS,D,20170822,000000,941.82,943.49,939.88,943.49,85008607,0
^_PLWS,D,20170823,000000,944.62,945.06,940.69,943.23,91744486,0
^_PLWS,D,20170824,000000,944.75,945.4,941.08,944.16,112442612,0
^_PLWS,D,20170825,000000,945.08,945.2,941.33,943.8,58522380,0
^_PLWS,D,20170828,000000,944.81,945.19,941.47,943.72,61994667,0
^_PLWS,D,20170829,000000,943.26,943.62,935.71,939.16,63348810,0
^_PLWS,D,20170830,000000,940.07,941.87,938.62,941.87,60993007,0
^_PLWS,D,20170831,000000,942.56,943.26,938.31,941.45,67385851,0
^_PLWS,D,20170901,000000,941.01,944.16,938.96,944.16,52466505,0
^_PLWS,D,20170904,000000,943.36,944.75,939.23,940.67,39441952,0
^_PLWS,D,20170905,000000,941.07,942.44,937.82,939.35,46128547,0
^_PLWS,D,20170906,000000,939.77,940.57,935.85,937.8,43035965,0
^_PLWS,D,20170907,000000,938.22,938.96,931.36,933.09,63576785,0
^_PLWS,D,20170908,000000,932.13,932.31,928.95,930.5,64703605,0
^_PLWS,D,20170911,000000,930.89,932.19,928.63,930.42,45850509,0
^_PLWS,D,20170912,000000,931.17,931.5,926.52,928.07,46628900,0
^_PLWS,D,20170913,000000,928.28,928.62,921.96,924.16,50227399,0
^_PLWS,D,20170914,000000,924.18,924.76,922.24,924.17,47709750,0
^_PLWS,D,20170915,000000,924.06,924.92,918.89,921.51,90683299,0
^_PLWS,D,20170918,000000,923.02,924.43,920.54,921.73,55762520,0
^_PLWS,D,20170919,000000,922.88,923.86,920.28,922.28,58229298,0
^_PLWS,D,20170920,000000,923.07,923.62,916.66,918.72,54799310,0
^_PLWS,D,20170921,000000,919.24,919.66,915.36,915.98,48604292,0
^_PLWS,D,20170922,000000,916.13,917.81,913.19,917.81,47326183,0
^_PLWS,D,20170925,000000,918.51,919.59,916.28,918.45,40901917,0
^_PLWS,D,20170926,000000,919.06,919.62,916.47,918.51,40267286,0
^_PLWS,D,20170927,000000,919.38,920.74,916.63,918.84,36215745,0
^_PLWS,D,20170928,000000,920.41,920.58,914.69,917.21,50557254,0
^_PLWS,D,20170929,000000,917.64,920.91,916.25,920.91,53315860,0
^_PLWS,D,20171002,000000,921.72,923.6,914.73,915.55,49210218,0
^_PLWS,D,20171003,000000,916.17,917.09,911.5,913.72,49743136,0
^_PLWS,D,20171004,000000,914.38,915.53,910.06,910.99,48977589,0
^_PLWS,D,20171005,000000,910.75,911.39,907.93,910.07,38618095,0
^_PLWS,D,20171006,000000,909.92,911.11,908.29,909.54,49209260,0
^_PLWS,D,20171009,000000,910.22,911.67,906.82,908.68,32073502,0
^_PLWS,D,20171010,000000,910.05,910.82,905.85,906.89,52209780,0
^_PLWS,D,20171011,000000,907.89,911.76,907.15,911.76,78071210,0
^_PLWS,D,20171012,000000,913.34,914.07,909.96,911.02,63139445,0
^_PLWS,D,20171013,000000,911.75,912.42,908.5,910.73,36597554,0
^_PLWS,D,20171016,000000,911.43,912.03,907.66,908.79,36934122,0
^_PLWS,D,20171017,000000,909.84,910.13,902.52,903.6,43687201,0
^_PLWS,D,20171018,000000,903.5,904.53,898.24,899.44,47983745,0
^_PLWS,D,20171019,000000,899.28,899.9,892.39,894.33,44961225,0
^_PLWS,D,20171020,000000,894.13,895.2,888.96,890.19,48895558,0
^_PLWS,D,20171023,000000,890.31,891.32,884.42,885.59,36778265,0
^_PLWS,D,20171024,000000,886.06,886.63,877.28,878.51,52583249,0
^_PLWS,D,20171025,000000,877.55,880.04,877.55,880.04,50042298,0
^_PLWS,D,20171026,000000,880.72,881.21,877.91,879.78,58860921,0
^_PLWS,D,20171027,000000,881.2,883.64,881.07,883.64,101098451,0
^_PLWS,D,20171030,000000,883.56,886.78,883.52,886.78,50651755,0
^_PLWS,D,20171031,000000,887.54,887.65,884.96,887.43,48096022,0
^_PLWS,D,20171102,000000,887.71,888.32,884.05,885.49,42670301,0
^_PLWS,D,20171103,000000,885.96,887.25,884.13,886.03,39122198,0
^_PLWS,D,20171106,000000,887.21,888.4,881.57,882.88,40893958,0
^_PLWS,D,20171107,000000,883.49,884.71,881.61,883.88,59206493,0
^_PLWS,D,20171108,000000,884.14,885.26,878.13,880.08,49880923,0
^_PLWS,D,20171109,000000,879.74,879.74,874.17,877.47,45798938,0
^_PLWS,D,20171110,000000,874.03,875.12,868.72,870.43,49612493,0
^_PLWS,D,20171113,000000,869.59,871.87,864.63,867.3,62346760,0
^_PLWS,D,20171114,000000,867.82,869.06,861.37,864.88,47531806,0
^_PLWS,D,20171115,000000,866.18,866.24,858.07,859.78,41777549,0
^_PLWS,D,20171116,000000,860.92,862.15,859.19,861.85,47323289,0
^_PLWS,D,20171117,000000,862.57,865.27,861.25,865.27,36828711,0
^_PLWS,D,20171120,000000,865.03,867.27,865.01,866.78,32896826,0
^_PLWS,D,20171121,000000,867.17,867.36,862.5,865.23,46772360,0
^_PLWS,D,20171122,000000,865.81,865.81,862.5,864.64,59856874,0
^_PLWS,D,20171123,000000,864.95,865.57,863.6,865.26,37178211,0
^_PLWS,D,20171124,000000,865.64,866.92,863.47,866.59,40555862,0
^_PLWS,D,20171127,000000,866.42,868.44,865.52,868.23,56641982,0
^_PLWS,D,20171128,000000,868.84,869.35,862.35,865.69,46988490,0
^_PLWS,D,20171129,000000,865.68,866.61,858.94,861.4,57073467,0
^_PLWS,D,20171130,000000,860.91,861.45,856.81,858.05,101852377,0
^_PLWS,D,20171201,000000,858.55,860.1,854.52,857.84,53425360,0
^_PLWS,D,20171204,000000,858.31,859.25,853.85,856.67,41203388,0
^_PLWS,D,20171205,000000,856.78,858.54,853.54,855.47,41936496,0
^_PLWS,D,20171206,000000,854.88,855.54,851.9,853.5,54294260,0
^_PLWS,D,20171207,000000,853.9,854.97,851.19,854.44,51038379,0
^_PLWS,D,20171208,000000,855.29,857.05,854.17,856.83,66886711,0
^_PLWS,D,20171211,000000,857.2,858.73,853.65,855.76,36998794,0
^_PLWS,D,20171212,000000,855.16,855.53,851.19,854.24,47988654,0
^_PLWS,D,20171213,000000,854.62,855.17,852.08,854.91,42789010,0
^_PLWS,D,20171214,000000,854.86,856.15,852.64,855.53,50737865,0
^_PLWS,D,20171215,000000,855.65,856.12,852.46,855.6,72726957,0
^_PLWS,D,20171218,000000,855.04,856.4,849.58,852.63,45769323,0
^_PLWS,D,20171219,000000,852.81,853.72,847.39,849.12,48519329,0
^_PLWS,D,20171220,000000,848.96,849.87,842.98,844.61,50748721,0
^_PLWS,D,20171221,000000,844.32,844.87,838.33,840.79,48745218,0
^_PLWS,D,20171222,000000,840.74,843.78,838,843.78,52011265,0
^_PLWS,D,20171227,000000,843.77,844.79,836.39,838.53,77902556,0
^_PLWS,D,20171228,000000,839.78,849.29,839.67,849.29,52747430,0
^_PLWS,D,20171229,000000,848.88,855.98,848.88,855.98,43673056,0
^_PLWS,D,20180103,000000,858.47,864.6,858.47,864.59,39388901,0
^_PLWS,D,20180104,000000,867.06,876.46,867.06,876.46,63777973,0
^_PLWS,D,20180105,000000,878.6,882.07,878.47,882.07,54391153,0
^_PLWS,D,20180108,000000,883.54,888.2,883.52,887.96,44315274,0
^_PLWS,D,20180109,000000,888.48,889.97,887.22,888.36,51491856,0
^_PLWS,D,20180110,000000,889.13,890.11,886.97,889.11,41570407,0
^_PLWS,D,20180111,000000,890.15,891.05,887.52,890.91,48718700,0
^_PLWS,D,20180112,000000,892.06,893.55,888.3,890.02,36555529,0
^_PLWS,D,20180115,000000,891.1,892.38,889.06,891.07,30058048,0
^_PLWS,D,20180116,000000,891.62,893.17,889.76,893.17,53542215,0
^_PLWS,D,20180117,000000,892.82,893.46,890.3,892.85,40015822,0
^_PLWS,D,20180118,000000,893.44,894.28,892.08,894.23,38943652,0
^_PLWS,D,20180119,000000,895.04,896.84,895.04,896.84,34610859,0
^_PLWS,D,20180122,000000,897.75,898.41,895.64,898.04,36757009,0
^_PLWS,D,20180123,000000,899.29,900.15,892.88,894.88,53067859,0
^_PLWS,D,20180124,000000,896,896.19,891.43,894.26,36612690,0
^_PLWS,D,20180125,000000,894.7,895,890.12,891.99,37998687,0
^_PLWS,D,20180126,000000,892.78,895.01,891.48,895.01,39696106,0
^_PLWS,D,20180129,000000,896.66,897.11,893.1,894.99,47821427,0
^_PLWS,D,20180130,000000,894.95,895.14,889.18,892.2,43531352,0
^_PLWS,D,20180131,000000,892.05,893.12,889.28,891.14,40897774,0
^_PLWS,D,20180201,000000,892.07,893.33,886.31,888.82,41064195,0
^_PLWS,D,20180202,000000,888.5,889.25,884.27,886.81,31564199,0
^_PLWS,D,20180205,000000,884.25,885.56,877.41,880.54,33839384,0
^_PLWS,D,20180206,000000,879.16,879.16,849.66,857.54,71600453,0
^_PLWS,D,20180207,000000,859.98,865.82,859.88,865.82,45365454,0
^_PLWS,D,20180208,000000,866.92,868.52,864.88,865.5,45328848,0
^_PLWS,D,20180209,000000,858.27,860.41,855.78,860.38,53338225,0
^_PLWS,D,20180212,000000,861.44,866.27,861.44,866.27,28908077,0
^_PLWS,D,20180213,000000,867.49,869.04,865.78,869.04,34041352,0
^_PLWS,D,20180214,000000,869.75,872.19,868.67,872.19,35681220,0
^_PLWS,D,20180215,000000,873.19,874.81,870.22,871.37,31815067,0
^_PLWS,D,20180216,000000,872.56,874.12,868.83,870.96,34701853,0
^_PLWS,D,20180219,000000,871.5,872.63,869.86,869.86,13513974,0
^_PLWS,D,20180220,000000,869.76,870.6,864.94,867.86,23695446,0
^_PLWS,D,20180221,000000,867.81,868.29,862.53,864.44,34642658,0
^_PLWS,D,20180222,000000,864.17,866.62,862.65,866.62,45010308,0
^_PLWS,D,20180223,000000,868.2,868.82,865.16,868.81,41005234,0
^_PLWS,D,20180226,000000,868.97,870.92,862.67,866.47,45411860,0
^_PLWS,D,20180227,000000,868.22,868.97,864.31,867.73,62791796,0
^_PLWS,D,20180228,000000,866.94,867.48,860.13,862.15,63628686,0
^_PLWS,D,20180301,000000,861.99,862.36,855.21,859.17,55727585,0
^_PLWS,D,20180302,000000,857.89,858.19,852.15,854.81,41280311,0
^_PLWS,D,20180305,000000,854.25,856.27,850.37,852.39,34643396,0
^_PLWS,D,20180306,000000,853.72,854.98,852.87,854.46,36280310,0
^_PLWS,D,20180307,000000,855,855.71,850.96,852.91,43061164,0
^_PLWS,D,20180308,000000,853.87,855.13,851.55,854.65,38389192,0
^_PLWS,D,20180309,000000,855.67,856.4,851.23,854.67,43171619,0
^_PLWS,D,20180312,000000,855.78,857.88,855.75,857.88,38131789,0
^_PLWS,D,20180313,000000,858.47,858.47,852.84,853.8,48580579,0
^_PLWS,D,20180314,000000,854.32,854.65,850.27,852.36,52772963,0
^_PLWS,D,20180315,000000,853.41,853.69,849.21,851.36,42735949,0
^_PLWS,D,20180316,000000,851.32,852.06,847.44,849.07,89357615,0
^_PLWS,D,20180319,000000,849.76,850.77,842.12,843.72,36577498,0
^_PLWS,D,20180320,000000,843.33,843.86,840.15,843.37,40975284,0
^_PLWS,D,20180321,000000,844.02,844.9,841.76,844.9,47573339,0
^_PLWS,D,20180322,000000,845.14,845.65,840.42,841.62,48055167,0
^_PLWS,D,20180323,000000,839.61,839.7,835.61,838.9,39540930,0
^_PLWS,D,20180326,000000,838.4,838.86,834.79,836.34,30281538,0
^_PLWS,D,20180327,000000,837.97,838.39,831.96,834.15,37118275,0
^_PLWS,D,20180328,000000,832.9,833.13,823.97,825.7,57562731,0
^_PLWS,D,20180329,000000,825.82,828.24,825.41,827.55,43181101,0
^_PLWS,D,20180403,000000,827.55,828.42,823.66,826.51,37027431,0
^_PLWS,D,20180404,000000,826.5,828.3,820.38,822.07,42271567,0
^_PLWS,D,20180405,000000,823.49,825.49,822.57,824.63,35028403,0
^_PLWS,D,20180406,000000,824.9,825.54,823.15,825.54,36803172,0
^_PLWS,D,20180409,000000,826.16,828.57,825.28,826.79,37431953,0
^_PLWS,D,20180410,000000,826.9,828.34,824.44,827.86,44769779,0
^_PLWS,D,20180411,000000,828.22,829.26,823.21,823.29,16335264,0
^_PLWS,D,20180412,000000,823.29,824.26,820.19,822.95,33818086,0
^_PLWS,D,20180413,000000,822.98,824.67,820.25,822.57,42045543,0
^_PLWS,D,20180416,000000,822.67,823.25,817.31,819.57,26842475,0
^_PLWS,D,20180417,000000,819.67,820.71,815.12,817.04,29440715,0
^_PLWS,D,20180418,000000,817.05,817.89,815.05,816.53,32932107,0
^_PLWS,D,20180419,000000,816.83,817.53,812.21,814.21,30877527,0
^_PLWS,D,20180420,000000,814.19,815.9,810.83,813.19,37322608,0
^_PLWS,D,20180423,000000,812.63,813.41,808.1,809.63,29530234,0
^_PLWS,D,20180424,000000,809.65,810.59,801.85,803.54,39928282,0
^_PLWS,D,20180425,000000,803.25,803.64,796,798.63,53087337,0
^_PLWS,D,20180426,000000,798.32,800.03,791.23,794.25,54281697,0
^_PLWS,D,20180427,000000,794.28,795.26,790.5,793.43,48045857,0
^_PLWS,D,20180430,000000,793.46,795.12,791.89,795.03,35259199,0
^_PLWS,D,20180502,000000,794.24,796.88,793.21,796.88,32395260,0
^_PLWS,D,20180504,000000,797.88,798.6,791.78,794.5,34753121,0
^_PLWS,D,20180507,000000,795.21,795.4,790.61,792.33,30872396,0
^_PLWS,D,20180508,000000,792.83,793.46,785.28,787.94,50554972,0
^_PLWS,D,20180509,000000,787.7,788.78,784.63,786.58,46939126,0
^_PLWS,D,20180510,000000,786.58,787.45,783.28,786,48530428,0
^_PLWS,D,20180511,000000,786.21,787.21,783.55,786.33,37012506,0
^_PLWS,D,20180514,000000,786.34,787.13,783.01,785.28,35427866,0
^_PLWS,D,20180515,000000,784.59,784.65,780.93,782.59,56704326,0
^_PLWS,D,20180516,000000,782.63,783.88,778.52,780.49,45507810,0
^_PLWS,D,20180517,000000,780.63,781.29,775.67,777.89,39752604,0
^_PLWS,D,20180518,000000,777.94,777.94,772.98,775.12,44321862,0
^_PLWS,D,20180521,000000,775.13,776.59,772.14,774.85,30066666,0
^_PLWS,D,20180522,000000,774.84,775.84,772.37,775.32,37193894,0
^_PLWS,D,20180523,000000,774.96,776.25,768.55,771.09,49313683,0
^_PLWS,D,20180524,000000,771.12,772.89,766.18,768.36,58974157,0
^_PLWS,D,20180525,000000,769.11,770,763.52,766.91,52512077,0
^_PLWS,D,20180528,000000,766.97,768.41,764.63,767.95,43703581,0
^_PLWS,D,20180529,000000,768.17,768.47,761.73,764.84,63154682,0
^_PLWS,D,20180530,000000,764.83,764.83,754.35,757.7,198049960,0
^_PLWS,D,20180601,000000,757.58,758.51,753.74,757.61,43819178,0
^_PLWS,D,20180604,000000,757.64,758.17,752.41,754.54,47824730,0
^_PLWS,D,20180605,000000,754.57,756.84,754.01,756.84,43252793,0
^_PLWS,D,20180606,000000,758.35,758.83,754.4,756.5,46569225,0
^_PLWS,D,20180607,000000,757.19,758.84,755.9,758.84,49363840,0
^_PLWS,D,20180608,000000,758.79,760.25,756.97,759.89,39401342,0
^_PLWS,D,20180611,000000,759.94,760.98,756.52,758.24,40250984,0
^_PLWS,D,20180612,000000,758.36,759.91,755.44,757.52,39894075,0
^_PLWS,D,20180613,000000,758.29,758.61,753.89,755.2,44473100,0
^_PLWS,D,20180614,000000,755.16,756.32,753.01,755.56,36464431,0
^_PLWS,D,20180615,000000,755.71,756.54,752.08,753.22,68235119,0
^_PLWS,D,20180618,000000,753.22,754.01,748.15,748.96,28686249,0
^_PLWS,D,20180619,000000,748.86,748.86,742.93,744.42,41752472,0
^_PLWS,D,20180620,000000,744.99,747.12,744.29,744.98,36653009,0
^_PLWS,D,20180621,000000,744.99,746.99,740.32,741.9,40660640,0
^_PLWS,D,20180622,000000,741.97,743.23,738.8,741.4,41511761,0
^_PLWS,D,20180625,000000,741.18,741.51,735.41,737.52,38607445,0
^_PLWS,D,20180626,000000,737.65,739.27,733.58,734.78,33599929,0
^_PLWS,D,20180627,000000,734.76,735.81,731.34,733.69,48165070,0
^_PLWS,D,20180628,000000,733.86,734.16,728.6,731.6,48463429,0
^_PLWS,D,20180629,000000,731.68,734.69,731.68,734.69,41288814,0
^_PLWS,D,20180702,000000,734.51,735.12,732.43,734.41,30327055,0
^_PLWS,D,20180703,000000,734.11,735.94,733.42,735.94,31941898,0
^_PLWS,D,20180704,000000,736.01,737.17,732.63,735.56,23475432,0
^_PLWS,D,20180705,000000,735.29,736.75,734.54,735.97,27305260,0
^_PLWS,D,20180706,000000,736.09,736.81,734.03,736.33,30483251,0
^_PLWS,D,20180709,000000,736.56,738.27,734.39,736.82,28442276,0
^_PLWS,D,20180710,000000,736.84,738.4,734.68,736.99,43399896,0
^_PLWS,D,20180711,000000,736.96,737.85,734.08,734.86,35202161,0
^_PLWS,D,20180712,000000,734.88,736.72,732.71,734.3,36791307,0
^_PLWS,D,20180713,000000,734.32,735.62,732.28,734.62,31448992,0
^_PLWS,D,20180716,000000,735.72,737.12,733.15,734.22,31092334,0
^_PLWS,D,20180717,000000,735.1,735.24,732.05,735.08,40632854,0
^_PLWS,D,20180718,000000,735.05,736.23,731.91,733.49,42238773,0
^_PLWS,D,20180719,000000,733.5,734.75,730.11,732.23,39931267,0
^_PLWS,D,20180720,000000,732.25,733.68,730.8,732.8,48111576,0
^_PLWS,D,20180723,000000,732.93,735.1,731.25,735.1,38580884,0
^_PLWS,D,20180724,000000,735.17,736.84,734.43,736.84,47091375,0
^_PLWS,D,20180725,000000,736.93,738.57,735.17,736.83,40431056,0
^_PLWS,D,20180726,000000,736.69,738.88,735.75,738.88,43295626,0
^_PLWS,D,20180727,000000,738.98,741.42,738.33,740.46,37714850,0
^_PLWS,D,20180730,000000,740.43,742.11,739.68,742.1,39791266,0
^_PLWS,D,20180731,000000,742.78,743.85,741.62,743.43,45565482,0
^_PLWS,D,20180801,000000,743.65,745.3,741.83,744.18,39228612,0
^_PLWS,D,20180802,000000,744.14,744.69,741.57,743.18,36445155,0
^_PLWS,D,20180803,000000,744.09,744.82,742.88,744.75,29908500,0
^_PLWS,D,20180806,000000,745.95,746.24,741.01,743.08,32256995,0
^_PLWS,D,20180807,000000,743.32,744.57,739.91,741.77,43559612,0
^_PLWS,D,20180808,000000,741.87,743.05,738.44,739.66,51697696,0
^_PLWS,D,20180809,000000,739.64,741.67,736.99,738.63,49132685,0
^_PLWS,D,20180810,000000,738.63,738.74,734.6,735.42,48030350,0
^_PLWS,D,20180813,000000,735.27,735.56,731.1,733.32,46117256,0
^_PLWS,D,20180814,000000,733.55,735.63,733.11,735.57,42855639,0
^_PLWS,D,20180816,000000,735.55,735.75,730.54,732.4,45629738,0
^_PLWS,D,20180817,000000,732.4,733.11,729.62,731.14,53565998,0
^_PLWS,D,20180820,000000,731.22,732.89,725.94,727.12,59372621,0
^_PLWS,D,20180821,000000,727.13,728.67,725.43,726.82,52867554,0
^_PLWS,D,20180822,000000,726.77,727.49,724.8,725.94,53539271,0
^_PLWS,D,20180823,000000,725.98,727.25,722.12,724.55,54661587,0
^_PLWS,D,20180824,000000,724.9,725.53,721.71,724.52,35573251,0
^_PLWS,D,20180827,000000,724.77,728.39,724.77,728.19,38604790,0
^_PLWS,D,20180828,000000,728.72,729.85,725.5,726.96,48734975,0
^_PLWS,D,20180829,000000,726.94,726.94,723.95,724.71,54430021,0
^_PLWS,D,20180830,000000,724.7,726.47,722.14,724.25,55852038,0
^_PLWS,D,20180831,000000,724.24,724.55,716.39,717.97,67283864,0
^_PLWS,D,20180903,000000,718.31,719.65,710.58,711.9,50970343,0
^_PLWS,D,20180904,000000,711.58,712.35,703.17,704.82,58960781,0
^_PLWS,D,20180905,000000,704.82,706.03,694.55,696.05,74629868,0
^_PLWS,D,20180906,000000,696.11,696.39,683.26,685.15,77105725,0
^_PLWS,D,20180907,000000,684.98,686.3,676.04,678.17,76697916,0
^_PLWS,D,20180910,000000,678.17,679.5,674.32,675.64,51377224,0
^_PLWS,D,20180911,000000,675.65,676.98,670.5,671.75,71465086,0
^_PLWS,D,20180912,000000,671.75,673.65,667.83,668.54,75389069,0
^_PLWS,D,20180913,000000,668.63,671.41,667.86,671.33,56746295,0
^_PLWS,D,20180914,000000,672.38,673.73,669.31,671.9,69455586,0
^_PLWS,D,20180917,000000,672.12,672.93,668.27,669.87,65201353,0
^_PLWS,D,20180918,000000,669.87,673.51,669.87,673.48,55013898,0
^_PLWS,D,20180919,000000,673.72,675.05,671.31,674.69,61783168,0
^_PLWS,D,20180920,000000,674.71,677.8,674.71,677.8,69535571,0
^_PLWS,D,20180921,000000,677.8,680.75,677.8,678.77,222461320,0
^_PLWS,D,20180924,000000,678.81,680.87,677.2,678.88,63866964,0
^_PLWS,D,20180925,000000,678.89,681.5,677.62,681.45,64633750,0
^_PLWS,D,20180926,000000,682.22,682.84,678.67,679.89,49126462,0
^_PLWS,D,20180927,000000,679.88,680.97,677.25,678.08,49712839,0
^_PLWS,D,20180928,000000,678.06,679.48,674.29,675.44,53336881,0
^_PLWS,D,20181001,000000,675.73,677.1,673.03,674.71,30847639,0
^_PLWS,D,20181002,000000,674.61,674.61,669.89,671.21,42365003,0
^_PLWS,D,20181003,000000,672.85,673.91,668.77,670.04,45418776,0
^_PLWS,D,20181004,000000,670.02,671.56,667.16,668.34,43454555,0
^_PLWS,D,20181005,000000,668.34,670.14,665.99,668.02,43170902,0
^_PLWS,D,20181008,000000,668.02,669.14,663.28,664.75,30231552,0
^_PLWS,D,20181009,000000,664.74,666.26,662.07,664.02,33069809,0
^_PLWS,D,20181010,000000,664.86,665.98,659.38,661,38013140,0
^_PLWS,D,20181011,000000,660.97,660.97,652.74,655.83,51564285,0
^_PLWS,D,20181012,000000,656.69,658.18,654.42,656,41213885,0
^_PLWS,D,20181015,000000,656.05,657.42,653.6,655.89,34957893,0
^_PLWS,D,20181016,000000,656.05,657.76,653.9,656,46165432,0
^_PLWS,D,20181017,000000,656.04,659.25,655.32,656.34,50908682,0
^_PLWS,D,20181018,000000,656.35,657.09,654.56,656.47,39296671,0
^_PLWS,D,20181019,000000,656.4,656.81,653.47,656.81,35395740,0
^_PLWS,D,20181022,000000,656.84,657.73,651.3,652.92,32853514,0
^_PLWS,D,20181023,000000,652.86,652.86,646.59,647.84,32142503,0
^_PLWS,D,20181024,000000,647.83,650.22,645.19,646.27,31389400,0
^_PLWS,D,20181025,000000,643.71,643.71,639.69,642.43,36049089,0
^_PLWS,D,20181026,000000,642.15,642.87,636.91,637.27,31130529,0
^_PLWS,D,20181029,000000,637.8,638.98,634.55,635.76,32821532,0
^_PLWS,D,20181030,000000,635.54,636.56,633.03,635.38,34147175,0
^_PLWS,D,20181031,000000,637.7,638.49,635.74,637.86,58075306,0
^_PLWS,D,20181102,000000,638.29,641.24,638.15,639.07,63567552,0
^_PLWS,D,20181105,000000,639.15,640.09,636.64,638.6,40662219,0
^_PLWS,D,20181106,000000,638.93,639.92,635.32,636.33,46242214,0
^_PLWS,D,20181107,000000,636.37,637.03,631.19,632.36,71878282,0
^_PLWS,D,20181108,000000,632.92,635.02,630.35,632.07,66675042,0
^_PLWS,D,20181109,000000,632.05,632.07,628.7,630.51,38843641,0
^_PLWS,D,20181113,000000,630.49,630.58,625.12,626.46,41352521,0
^_PLWS,D,20181114,000000,627.53,627.64,622.94,624.21,101506637,0
^_PLWS,D,20181115,000000,625.21,625.41,620.12,621.77,91154940,0
^_PLWS,D,20181116,000000,622.05,624.18,616.64,618.45,89382397,0
^_PLWS,D,20181119,000000,618.35,619.44,613.47,615.97,87654517,0
^_PLWS,D,20181120,000000,615.83,616.24,605.85,607.31,116078310,0
^_PLWS,D,20181121,000000,607.46,612.32,606.78,612.32,168336780,0
^_PLWS,D,20181122,000000,612.5,617.22,611.83,617.22,103480057,0
^_PLWS,D,20181123,000000,617.23,621.24,617.23,621.24,106175245,0
^_PLWS,D,20181126,000000,621.25,623.66,617.96,620.24,69759345,0
^_PLWS,D,20181127,000000,619.85,620.88,617.51,620.46,71247745,0
^_PLWS,D,20181128,000000,621.31,622.41,619.36,621.66,78849350,0
^_PLWS,D,20181129,000000,621.67,623.82,621.01,623.17,58779785,0
^_PLWS,D,20181130,000000,623.86,623.91,620.89,623.37,94286935,0
^_PLWS,D,20181203,000000,623.41,627.3,623.41,627.25,56915532,0
^_PLWS,D,20181204,000000,627.4,628.01,623.8,626.46,71013293,0
^_PLWS,D,20181205,000000,625.72,625.72,621.98,624.59,76182034,0
^_PLWS,D,20181206,000000,624.55,624.55,618.55,619.73,61879903,0
^_PLWS,D,20181207,000000,619.74,621.79,619.22,621.45,61815631,0
^_PLWS,D,20181210,000000,621.41,622.7,618.01,618.82,51046350,0
^_PLWS,D,20181211,000000,618.84,621.45,618.19,619.36,62202794,0
^_PLWS,D,20181212,000000,620.39,621.36,617.81,620.98,80681614,0
^_PLWS,D,20181213,000000,622.46,623.5,619.22,621.27,75158936,0
^_PLWS,D,20181214,000000,621.79,622.25,618.53,620.42,91863234,0
^_PLWS,D,20181217,000000,619.5,619.85,612.95,615.07,55652220,0
^_PLWS,D,20181218,000000,615.06,615.06,610.08,611.79,90844975,0
^_PLWS,D,20181219,000000,611.78,612.75,608.55,610.5,89313605,0
^_PLWS,D,20181220,000000,608.62,608.94,604.16,605.91,73316857,0
^_PLWS,D,20181221,000000,605.89,606.15,601.18,602.34,116250474,0
^_PLWS,D,20181227,000000,602.67,607.34,602.67,606.64,43183802,0
^_PLWS,D,20181228,000000,608.13,609.71,607.04,608.33,41993793,0
^_PLWS,D,20190102,000000,608.7,614.66,608.7,614.66,32433229,0
^_PLWS,D,20190103,000000,615.38,615.91,612.24,613.2,37256060,0
^_PLWS,D,20190104,000000,613.2,616.8,613.2,616.62,41159126,0
^_PLWS,D,20190107,000000,617.07,620.63,617.07,620.63,45311220,0
^_PLWS,D,20190108,000000,620.63,622.59,620.38,620.96,42070472,0
^_PLWS,D,20190109,000000,620.97,624.05,620.97,624.05,53520261,0
^_PLWS,D,20190110,000000,623.96,625.4,620.97,622.11,46473639,0
^_PLWS,D,20190111,000000,623.38,624.27,621.74,623.69,59474836,0
^_PLWS,D,20190114,000000,623.7,624.81,621.88,623.47,42733604,0
^_PLWS,D,20190115,000000,623.61,624.31,620.67,622.79,40936276,0
^_PLWS,D,20190116,000000,622.8,626.83,622.8,626.83,53326986,0
^_PLWS,D,20190117,000000,627.38,628.87,626.82,627.76,47757959,0
^_PLWS,D,20190118,000000,627.78,629.89,626.37,627.7,59003449,0
^_PLWS,D,20190121,000000,628.51,628.73,624.96,626.54,31231021,0
^_PLWS,D,20190122,000000,626.52,627.34,623.74,624.56,46296093,0
^_PLWS,D,20190123,000000,624.55,626.13,624.49,626.13,55653324,0
^_PLWS,D,20190124,000000,626.98,627.96,625.08,626.17,44438884,0
^_PLWS,D,20190125,000000,627.41,628.71,626.14,628.49,51901573,0
^_PLWS,D,20190128,000000,629.4,629.96,628.12,629.93,50799921,0
^_PLWS,D,20190129,000000,629.95,631.8,629.25,631.8,78265649,0
^_PLWS,D,20190130,000000,632.01,632.65,629.71,631.82,60140146,0
^_PLWS,D,20190131,000000,631.86,633.91,631.26,633.91,55174609,0
^_PLWS,D,20190201,000000,634.49,637.23,633.21,637.23,50248880,0
^_PLWS,D,20190204,000000,637.22,640.3,637.22,640.3,63936965,0
^_PLWS,D,20190205,000000,640.35,642.42,639.32,642.42,69206784,0
^_PLWS,D,20190206,000000,642.44,643.84,642.11,643.84,59671724,0
^_PLWS,D,20190207,000000,644.04,644.26,640.23,642.38,66670822,0
^_PLWS,D,20190208,000000,642.35,645.24,641.26,645.24,86584178,0
^_PLWS,D,20190211,000000,645.23,647.95,645.23,646.84,95478387,0
^_PLWS,D,20190212,000000,646.87,648.37,644.88,647.13,85405218,0
^_PLWS,D,20190213,000000,647.28,648.77,644.98,647.01,56276297,0
^_PLWS,D,20190214,000000,647.71,648.43,643.47,645.19,58945926,0
^_PLWS,D,20190215,000000,645.18,646.03,643.37,645.58,45399417,0
^_PLWS,D,20190218,000000,645.59,647.57,644.01,645.41,48090286,0
^_PLWS,D,20190219,000000,645.4,646.4,642.64,643.56,65319004,0
^_PLWS,D,20190220,000000,644.69,646.28,643.71,645.7,78156980,0
^_PLWS,D,20190221,000000,646.44,647.35,644.65,645.83,55006113,0
^_PLWS,D,20190222,000000,646.02,648,646.02,647.69,47557488,0
^_PLWS,D,20190225,000000,647.8,649.48,647.68,649.48,47265476,0
^_PLWS,D,20190226,000000,649.45,651.23,649.08,651.23,57759816,0
^_PLWS,D,20190227,000000,651.29,652.93,649.62,649.98,74929504,0
^_PLWS,D,20190228,000000,650.77,652.07,650.69,651.35,24782701,0
^_PLWS,D,20190301,000000,653.28,654.22,651.95,654.02,43759569,0
^_PLWS,D,20190304,000000,654.01,657.2,654.01,656.29,51916976,0
^_PLWS,D,20190305,000000,656.27,658.57,656.27,658.2,37012680,0
^_PLWS,D,20190306,000000,658.81,659.44,657.77,659.3,42751189,0
^_PLWS,D,20190307,000000,659.45,659.66,657.07,658.21,40651953,0
^_PLWS,D,20190308,000000,658.19,658.34,656.31,657.85,36637761,0
^_PLWS,D,20190311,000000,657.85,659.75,657.85,659.38,42616512,0
^_PLWS,D,20190312,000000,659.5,661.84,659.5,660.86,43913815,0
^_PLWS,D,20190313,000000,661.14,662.36,660.15,662.14,53085177,0
^_PLWS,D,20190314,000000,662.14,663.55,661.28,662.51,43896861,0
^_PLWS,D,20190315,000000,663.75,666.39,663.18,666.26,100458307,0
^_PLWS,D,20190318,000000,666.29,667.69,665.59,666.74,52254765,0
^_PLWS,D,20190319,000000,666.8,667.69,661.76,664.63,57371965,0
^_PLWS,D,20190320,000000,664.8,666.56,663.42,664.5,35726867,0
^_PLWS,D,20190321,000000,664.5,666.71,664.44,666.46,44188720,0
^_PLWS,D,20190322,000000,666.9,667.2,663.09,663.87,32483291,0
^_PLWS,D,20190325,000000,663.85,663.85,659.36,661.2,32879796,0
^_PLWS,D,20190326,000000,661.69,662.3,659.94,661.06,25605524,0
^_PLWS,D,20190327,000000,661.79,662.59,658.65,659.72,33330978,0
^_PLWS,D,20190328,000000,660.7,660.86,657.49,658.59,30302026,0
^_PLWS,D,20190329,000000,658.6,658.8,656.13,658.32,48553882,0
^_PLWS,D,20190401,000000,658.35,662,658.35,662,33904222,0
^_PLWS,D,20190402,000000,662.6,663.53,661.28,663.51,35878222,0
^_PLWS,D,20190403,000000,663.6,665.87,663.6,665.86,39374422,0
^_PLWS,D,20190404,000000,665.82,666.43,662.84,664.37,40574761,0
^_PLWS,D,20190405,000000,664.37,666.09,661.95,663.4,58657305,0
^_PLWS,D,20190408,000000,663.67,665.13,661.95,662.96,29509610,0
^_PLWS,D,20190409,000000,663.9,664.85,661.52,662.71,39999640,0
^_PLWS,D,20190410,000000,662.71,664.09,662.49,663.91,38595696,0
^_PLWS,D,20190411,000000,664.91,665.41,663.25,664.45,29959781,0
^_PLWS,D,20190412,000000,664.8,665.99,662.62,664.13,30111366,0
^_PLWS,D,20190415,000000,663.98,664.39,661.38,662.22,28057219,0
^_PLWS,D,20190416,000000,662.24,662.52,658.28,659.67,36359260,0
^_PLWS,D,20190417,000000,660.11,661.22,657.65,658.59,49956844,0
^_PLWS,D,20190418,000000,658.6,659.83,656.83,657.81,32077977,0
^_PLWS,D,20190423,000000,657.83,658.8,654.49,655.05,27389146,0
^_PLWS,D,20190424,000000,655.19,656.68,652.63,654.32,39501267,0
^_PLWS,D,20190425,000000,654.34,655.39,651.63,652.81,35077035,0
^_PLWS,D,20190426,000000,652.81,653.36,650.26,653.12,39412588,0
^_PLWS,D,20190429,000000,653.1,653.4,649.53,650.53,34327617,0
^_PLWS,D,20190430,000000,651.61,651.84,645.23,647.57,59870119,0
^_PLWS,D,20190502,000000,647.62,647.91,643.88,645.3,44823572,0
^_PLWS,D,20190506,000000,645.15,645.15,639.6,641.45,54341969,0
^_PLWS,D,20190507,000000,641.47,642.89,635.09,635.98,50315517,0
^_PLWS,D,20190508,000000,635.75,636.51,631.16,632.37,47579466,0
^_PLWS,D,20190509,000000,632.36,633.28,629.27,630.43,41296840,0
^_PLWS,D,20190510,000000,630.66,633.18,630.53,631.53,39032504,0
^_PLWS,D,20190513,000000,631.73,632.68,628.15,629.33,41486711,0
^_PLWS,D,20190514,000000,629.99,630.97,627.06,628.16,48732192,0
^_PLWS,D,20190515,000000,628.22,630.21,626.31,628.67,49039569,0
^_PLWS,D,20190516,000000,628.68,628.92,624.4,625.49,38434440,0
^_PLWS,D,20190517,000000,625.48,626.88,622.95,624.64,32378293,0
^_PLWS,D,20190520,000000,624.62,625.33,620.33,621.8,32374830,0
^_PLWS,D,20190521,000000,622.24,622.24,618.36,620.07,34286807,0
^_PLWS,D,20190522,000000,620.66,621.19,615.04,619.03,35109744,0
^_PLWS,D,20190523,000000,619.08,619.49,610.15,610.86,34912848,0
^_PLWS,D,20190524,000000,611.15,611.78,609.94,611.42,32755825,0
^_PLWS,D,20190527,000000,611.64,612.64,610.42,612.03,17829096,0
^_PLWS,D,20190528,000000,612.03,613.45,610.45,612.06,71525961,0
^_PLWS,D,20190529,000000,611.98,613.21,608.34,609.5,45062092,0
^_PLWS,D,20190530,000000,609.46,611.41,609.01,610.56,49724256,0
^_PLWS,D,20190531,000000,610.61,611.13,606.39,609.01,41992178,0
^_PLWS,D,20190603,000000,609.13,609.89,605.69,606.76,33144547,0
^_PLWS,D,20190604,000000,607.18,607.49,604.86,605.96,38959181,0
^_PLWS,D,20190605,000000,606.01,607.66,605.44,606.85,43763432,0
^_PLWS,D,20190606,000000,606.91,608.83,606.91,608.56,62760059,0
^_PLWS,D,20190607,000000,608.55,610.57,608.23,610.57,43616281,0
^_PLWS,D,20190610,000000,611.08,611.7,609.83,611,35202317,0
^_PLWS,D,20190611,000000,611.02,612.04,609.59,611.06,52557565,0
^_PLWS,D,20190612,000000,611.1,612.19,608.86,610.34,49359662,0
^_PLWS,D,20190613,000000,610.34,611.69,609.63,611.69,40349491,0
^_PLWS,D,20190614,000000,611.67,612.61,610.49,612.01,34458860,0
^_PLWS,D,20190617,000000,612.02,613.17,609.32,610.31,49440510,0
^_PLWS,D,20190618,000000,610.32,611.44,609.89,611.34,55927155,0
^_PLWS,D,20190619,000000,612,613.05,611.02,612.42,36076335,0
^_PLWS,D,20190621,000000,612.44,613.45,611.4,612.58,75240958,0
^_PLWS,D,20190624,000000,612.65,614.38,610.79,612.7,32427082,0
^_PLWS,D,20190625,000000,612.67,613.3,611.08,612.25,43579724,0
^_PLWS,D,20190626,000000,612.27,613.1,610.49,612.54,55851721,0
^_PLWS,D,20190627,000000,612.53,615.45,612.53,615.45,32132749,0
^_PLWS,D,20190628,000000,615.45,617,614.82,617,32373321,0
^_PLWS,D,20190701,000000,617.19,619.7,616.26,617.02,35020368,0
^_PLWS,D,20190702,000000,617.04,618.41,614.88,616.23,34371829,0
^_PLWS,D,20190703,000000,616.22,617.88,616.22,617.88,34707619,0
^_PLWS,D,20190704,000000,617.91,619.87,617.91,619.87,35808431,0
^_PLWS,D,20190705,000000,619.87,621.07,618.74,619.72,42897598,0
^_PLWS,D,20190708,000000,619.71,620.44,618.28,619.17,37753628,0
^_PLWS,D,20190709,000000,619.35,620.45,616.19,617.19,38360103,0
^_PLWS,D,20190710,000000,617.19,618.37,616.75,617.55,58459336,0
^_PLWS,D,20190711,000000,617.59,619.09,616.53,617.88,37901002,0
^_PLWS,D,20190712,000000,617.98,619.7,617.93,619.67,36763839,0
^_PLWS,D,20190715,000000,619.68,620.95,616.6,617.27,30080718,0
^_PLWS,D,20190716,000000,617.27,619.02,615.05,616.07,41464337,0
^_PLWS,D,20190717,000000,616.23,616.32,613.26,614.09,53946955,0
^_PLWS,D,20190718,000000,614.05,614.18,610.91,612.73,37945400,0
^_PLWS,D,20190719,000000,612.83,614.49,612.65,613.97,38385273,0
^_PLWS,D,20190722,000000,613.96,615.29,613.83,614.97,26566575,0
^_PLWS,D,20190723,000000,615.03,615.9,613.64,614.36,27646794,0
^_PLWS,D,20190724,000000,614.36,615.15,613.5,615.1,32716594,0
^_PLWS,D,20190725,000000,615.17,616.64,614.78,615.19,34897340,0
^_PLWS,D,20190726,000000,615.2,616.4,613.03,614,29128259,0
^_PLWS,D,20190729,000000,613.94,614.8,612.29,613.04,29962332,0
^_PLWS,D,20190730,000000,613.03,613.42,609.42,611.12,34513125,0
^_PLWS,D,20190731,000000,611.59,612.02,609.4,611.3,45081894,0
^_PLWS,D,20190801,000000,611.22,611.75,606.77,607.82,36880571,0
^_PLWS,D,20190802,000000,607.8,607.83,604.93,605.92,27063497,0
^_PLWS,D,20190805,000000,605.91,605.91,600.1,600.98,37217797,0
^_PLWS,D,20190806,000000,600.91,601.9,598.13,599.15,41177307,0
^_PLWS,D,20190807,000000,599.16,600.75,594.75,595.8,39149047,0
^_PLWS,D,20190808,000000,595.85,598.76,595.85,598.76,30167348,0
^_PLWS,D,20190809,000000,598.78,599.74,596.11,597.21,34533919,0
^_PLWS,D,20190812,000000,597.5,597.77,591.93,593.68,24227726,0
^_PLWS,D,20190813,000000,593.67,596.71,593.67,596.71,35373019,0
^_PLWS,D,20190814,000000,596.83,597.6,592.58,593.54,36096008,0
^_PLWS,D,20190816,000000,593.57,594.12,590.3,591.3,38190478,0
^_PLWS,D,20190819,000000,592.23,593.4,590.62,592.53,36960273,0
^_PLWS,D,20190820,000000,592.92,593.47,590.36,591.68,32721110,0
^_PLWS,D,20190821,000000,591.61,591.61,590.39,591.56,28348945,0
^_PLWS,D,20190822,000000,591.57,592.18,589.59,590.47,38636211,0
^_PLWS,D,20190823,000000,590.75,591.81,589.06,590.8,33767196,0
^_PLWS,D,20190826,000000,590.6,590.6,588.34,589.43,25405935,0
^_PLWS,D,20190827,000000,589.46,590.94,588.36,589.92,58912221,0
^_PLWS,D,20190828,000000,589.93,590.91,585.65,586.5,40316320,0
^_PLWS,D,20190829,000000,587.13,588.31,584.97,588.17,29592753,0
^_PLWS,D,20190830,000000,588.27,591.73,588.27,591.73,39610596,0
^_PLWS,D,20190902,000000,591.85,593.2,590.61,592.41,18899120,0
^_PLWS,D,20190903,000000,592.61,593.49,589.56,591.32,27880360,0
^_PLWS,D,20190904,000000,591.3,594.1,590.47,591.5,44299039,0
^_PLWS,D,20190905,000000,591.62,593.45,590.71,592.71,43391382,0
^_PLWS,D,20190906,000000,592.74,593.44,591.07,591.94,35919372,0
^_PLWS,D,20190909,000000,592.34,593.89,592.1,593.89,62650464,0
^_PLWS,D,20190910,000000,593.93,595.5,591.64,592.48,51203400,0
^_PLWS,D,20190911,000000,592.7,594.21,591.41,592.65,45191771,0
^_PLWS,D,20190912,000000,592.67,594.72,591.11,593.18,39928820,0
^_PLWS,D,20190913,000000,593.18,594.65,592.6,593.68,30552650,0
^_PLWS,D,20190916,000000,593.48,593.5,590.68,593.39,43258524,0
^_PLWS,D,20190917,000000,593.44,594.69,591.46,593.34,57389517,0
^_PLWS,D,20190918,000000,593.42,595.19,593.42,594.96,71463282,0
^_PLWS,D,20190919,000000,594.96,596.62,592.87,594.53,78270304,0
^_PLWS,D,20190920,000000,594.51,596.17,592.13,593.58,99862321,0
^_PLWS,D,20190923,000000,593.56,594.37,589.55,591.1,55096336,0
^_PLWS,D,20190924,000000,591.12,593.31,588.96,589.87,55796179,0
^_PLWS,D,20190925,000000,589.85,591.12,587.6,589.29,44418391,0
^_PLWS,D,20190926,000000,588.96,590.36,588.96,590.36,43955636,0
^_PLWS,D,20190927,000000,590.44,591.89,588.67,590.71,43843859,0
^_PLWS,D,20190930,000000,590.79,591.34,582.64,584.24,61466923,0
^_PLWS,D,20191001,000000,584.26,584.94,581.84,582.38,37975421,0
^_PLWS,D,20191002,000000,582.21,583.55,577.1,578.03,33912683,0
^_PLWS,D,20191003,000000,578,578.77,576.6,578.12,50415384,0
^_PLWS,D,20191004,000000,579.33,580.34,576.74,579.59,36686207,0
^_PLWS,D,20191007,000000,579.89,580.91,577.82,579.16,26302472,0
^_PLWS,D,20191008,000000,579.57,581.36,579.42,581.17,34149293,0
^_PLWS,D,20191009,000000,581.21,582.65,580.27,581.24,34367320,0
^_PLWS,D,20191010,000000,581.6,582.71,580,580.6,34443260,0
^_PLWS,D,20191011,000000,580.64,582.13,580.64,581.99,32545256,0
^_PLWS,D,20191014,000000,581.95,582.41,581.19,582.25,18448682,0
^_PLWS,D,20191015,000000,582.35,583.18,580.6,581.81,35940740,0
^_PLWS,D,20191016,000000,581.89,584.63,581.89,584.56,35497441,0
^_PLWS,D,20191017,000000,584.59,586.56,584.08,586.54,31790695,0
^_PLWS,D,20191018,000000,586.61,587.18,582.72,583.8,34262887,0
^_PLWS,D,20191021,000000,583.82,585.07,582.47,585.07,29912308,0
^_PLWS,D,20191022,000000,586.02,586.58,584.47,585.3,38714110,0
^_PLWS,D,20191023,000000,585.25,585.69,582.98,584.23,27546115,0
^_PLWS,D,20191024,000000,584.23,585.54,583.69,585.25,29460269,0
^_PLWS,D,20191025,000000,585.31,586.27,581.75,583.64,31591447,0
^_PLWS,D,20191028,000000,583.62,584.74,581.84,582.84,28347811,0
^_PLWS,D,20191029,000000,583.01,583.86,580.56,581.03,38043626,0
^_PLWS,D,20191030,000000,581.04,582.42,581.04,582.33,28704177,0
^_PLWS,D,20191031,000000,582.44,583.4,580.72,582.01,38443978,0
^_PLWS,D,20191104,000000,582.04,584.52,581.46,584.29,44203020,0
^_PLWS,D,20191105,000000,584.41,586.07,582.89,584.76,43080534,0
^_PLWS,D,20191106,000000,585.4,585.9,583.9,585.23,35053196,0
^_PLWS,D,20191107,000000,585.23,586.91,585.23,586.11,39655615,0
^_PLWS,D,20191108,000000,586.72,587.67,585.5,587.1,49571243,0
^_PLWS,D,20191112,000000,587.09,588.73,586.47,587.83,41947694,0
^_PLWS,D,20191113,000000,587.86,588.99,586.87,587.67,51729355,0
^_PLWS,D,20191114,000000,587.65,588.55,586.04,587.33,43028716,0
^_PLWS,D,20191115,000000,587.32,589.01,586.13,587.93,27245790,0
^_PLWS,D,20191118,000000,587.93,589.93,587.93,589.75,33821200,0
^_PLWS,D,20191119,000000,589.82,591.08,588.1,589.02,38718955,0
^_PLWS,D,20191120,000000,589,590.17,586.79,588.48,36322059,0
^_PLWS,D,20191121,000000,588.41,588.43,585.23,586.34,33904265,0
^_PLWS,D,20191122,000000,587.17,587.64,583.88,584.84,37760416,0
^_PLWS,D,20191125,000000,584.95,585.91,583.52,584.56,31826454,0
^_PLWS,D,20191126,000000,584.64,585.36,583.59,585.23,84359019,0
^_PLWS,D,20191127,000000,585.23,586.5,584.08,585.04,32611786,0
^_PLWS,D,20191128,000000,585.12,586.21,584.63,586.1,25417907,0
^_PLWS,D,20191129,000000,586.14,587.88,586.14,587.88,26988376,0
^_PLWS,D,20191202,000000,588.39,589.56,585.69,587.69,43196813,0
^_PLWS,D,20191203,000000,587.68,588.18,582.75,584.1,31040453,0
^_PLWS,D,20191204,000000,584.1,585.45,583.53,585.45,37153124,0
^_PLWS,D,20191205,000000,585.35,585.93,583.62,584.4,31219441,0
^_PLWS,D,20191206,000000,584.35,585.31,581.5,583.55,59162945,0
^_PLWS,D,20191209,000000,583.55,584.73,582.17,584.33,27441720,0
^_PLWS,D,20191210,000000,584.4,584.79,580.55,582.04,28845828,0
^_PLWS,D,20191211,000000,582.05,583.5,579.57,581.4,42541610,0
^_PLWS,D,20191212,000000,581.41,583.92,581.41,583.56,40056656,0
^_PLWS,D,20191213,000000,583.56,584.84,582.31,584.26,42555804,0
^_PLWS,D,20191216,000000,584.38,585.36,582.59,584.13,34479374,0
^_PLWS,D,20191217,000000,583.84,584.24,581.26,582.62,48219382,0
^_PLWS,D,20191218,000000,582.71,584.13,580.16,582.57,64320541,0
^_PLWS,D,20191219,000000,582.57,583.43,580.43,582.2,36006620,0
^_PLWS,D,20191220,000000,582.22,582.38,579.58,582.3,78109992,0
^_PLWS,D,20191223,000000,582.3,583.2,581.03,583.05,33119434,0
^_PLWS,D,20191227,000000,583.3,586.81,583.3,586.81,26954722,0
^_PLWS,D,20191230,000000,586.63,589.31,586.63,589.31,20920033,0
^_PLWS,D,20200102,000000,589.33,598.88,589.33,598.88,37875806,0
^_PLWS,D,20200103,000000,598.69,600.98,597.57,600.98,34337553,0
^_PLWS,D,20200107,000000,600.98,604.27,600.98,604.27,35688118,0
^_PLWS,D,20200108,000000,604.28,606.19,600.57,601.43,41417617,0
^_PLWS,D,20200109,000000,601.48,605.84,601.48,605.84,40655521,0
^_PLWS,D,20200110,000000,606.2,608.09,605.3,606.87,34831554,0
^_PLWS,D,20200113,000000,606.83,610.1,606.83,610.1,43378538,0
^_PLWS,D,20200114,000000,610.09,611.86,609.44,611.38,52998692,0
^_PLWS,D,20200115,000000,611.39,612.9,610.14,611.54,56416888,0
^_PLWS,D,20200116,000000,611.65,614.33,611.65,614.25,47153093,0
^_PLWS,D,20200117,000000,614.17,615.42,611.55,613.09,36444454,0
^_PLWS,D,20200120,000000,613.1,615.51,613.06,615.51,29048385,0
^_PLWS,D,20200121,000000,615.49,616.21,612.23,613.16,34696020,0
^_PLWS,D,20200122,000000,613.15,614.81,612.37,614.34,51683233,0
^_PLWS,D,20200123,000000,614.27,615.85,614.19,615.23,41754061,0
^_PLWS,D,20200124,000000,615.21,619.68,615.21,619.68,34630003,0
^_PLWS,D,20200127,000000,619.65,619.74,612.16,613.34,40732101,0
^_PLWS,D,20200128,000000,613.35,615.79,612.54,615.78,29540508,0
^_PLWS,D,20200129,000000,615.78,618.41,614.96,616.03,42676277,0
^_PLWS,D,20200130,000000,615.89,615.89,611.91,613.44,40349857,0
^_PLWS,D,20200131,000000,613.32,613.96,611.28,611.91,57198256,0
^_PLWS,D,20200203,000000,611.85,613.25,609.73,612.38,40897352,0
^_PLWS,D,20200204,000000,612.38,614.98,612.38,614.56,48651449,0
^_PLWS,D,20200205,000000,614.58,618.17,614.58,618.17,40410204,0
^_PLWS,D,20200206,000000,618.21,619.93,617.22,617.93,35718902,0
^_PLWS,D,20200207,000000,617.91,619.83,617.28,618.48,30850809,0
^_PLWS,D,20200210,000000,618.5,619.44,617.82,618.64,27130460,0
^_PLWS,D,20200211,000000,619.11,621.02,618.2,619.78,34837162,0
^_PLWS,D,20200212,000000,619.78,621.61,619.78,620.64,34950253,0
^_PLWS,D,20200213,000000,620.67,621.31,618.6,619.7,35499859,0
^_PLWS,D,20200214,000000,619.71,620.76,618.86,620.76,33822521,0
^_PLWS,D,20200217,000000,620.84,623.53,620.84,623.53,35590537,0
^_PLWS,D,20200218,000000,623.61,624.47,623.14,624.44,26756362,0
^_PLWS,D,20200219,000000,624.43,625.62,622.25,623.27,39363803,0
^_PLWS,D,20200220,000000,623.29,624.49,621.52,621.89,33209843,0
^_PLWS,D,20200221,000000,621.86,622.03,619.95,620.48,28404063,0
^_PLWS,D,20200224,000000,620.29,620.29,600.76,601.54,44199936,0
^_PLWS,D,20200225,000000,601.52,602.93,592.1,596.16,52185833,0
^_PLWS,D,20200226,000000,596.16,596.16,587.66,594.57,56831399,0
^_PLWS,D,20200227,000000,594.54,594.54,575.67,576.98,71782316,0
^_PLWS,D,20200228,000000,576.86,576.86,550.89,561.75,132803820,0
^_PLWS,D,20200302,000000,561.82,568.53,561.82,566.2,68526429,0
^_PLWS,D,20200303,000000,566.44,579.08,566.44,577.91,61025393,0
^_PLWS,D,20200304,000000,577.9,577.9,575.17,576.44,51095269,0
^_PLWS,D,20200305,000000,576.52,580.44,573.09,573.63,43047678,0
^_PLWS,D,20200306,000000,572.84,572.84,563.83,566.3,56029094,0
^_PLWS,D,20200309,000000,566.16,566.16,528.8,530,75073292,0
^_PLWS,D,20200310,000000,530.34,535.97,528.55,529.97,60075209,0
^_PLWS,D,20200311,000000,531.05,531.76,505.23,506.47,79616810,0
^_PLWS,D,20200312,000000,506.45,506.45,462.35,462.35,96308339,0
^_PLWS,D,20200313,000000,463.04,477.18,462.88,468.23,110894286,0
^_PLWS,D,20200316,000000,468.15,468.15,449.89,459.91,94210139,0
^_PLWS,D,20200317,000000,461.02,475.39,461.02,475.39,113850652,0
^_PLWS,D,20200318,000000,475.48,478.18,468.79,471.36,109862572,0
^_PLWS,D,20200319,000000,472.12,478.61,471.98,478.61,75962126,0
^_PLWS,D,20200320,000000,481.03,489.75,479.53,480.05,155765157,0
^_PLWS,D,20200323,000000,479.93,479.93,469.82,470.74,65858937,0
^_PLWS,D,20200324,000000,473.27,477.28,471.8,474.4,63673336,0
^_PLWS,D,20200325,000000,474.48,480.7,472.16,473.79,76165519,0
^_PLWS,D,20200326,000000,473.77,478.67,473.77,478.67,58610399,0
^_PLWS,D,20200327,000000,478.66,481.53,476.51,478.06,50857696,0
^_PLWS,D,20200330,000000,478.13,480.11,470.57,476.34,63417950,0
^_PLWS,D,20200331,000000,477.64,481.01,477.53,480.81,107427387,0
^_PLWS,D,20200401,000000,480.76,481.28,479.21,480.74,66093172,0
^_PLWS,D,20200402,000000,480.73,482.71,480.13,482.01,79738533,0
^_PLWS,D,20200403,000000,482.93,487.17,482.88,487.17,91539594,0
^_PLWS,D,20200406,000000,487.2,501.81,487.2,501.81,109086254,0
^_PLWS,D,20200407,000000,501.88,511.49,501.88,506.17,119487265,0
^_PLWS,D,20200408,000000,506.18,507.74,502.99,503.81,97408893,0
^_PLWS,D,20200409,000000,503.84,510.85,503.84,510.85,81127903,0
^_PLWS,D,20200414,000000,510.88,525.83,510.88,525.82,89790985,0
^_PLWS,D,20200415,000000,527.52,529.55,521.4,522.03,95927127,0
^_PLWS,D,20200416,000000,522.03,525.68,522.03,525.5,80783253,0
^_PLWS,D,20200417,000000,527.85,531.88,527.85,531.88,69614031,0
^_PLWS,D,20200420,000000,535.17,538.26,534.48,538.2,61390528,0
^_PLWS,D,20200421,000000,538.15,538.69,522.92,525.66,71744850,0
^_PLWS,D,20200422,000000,525.62,532.78,524.81,532.78,58390438,0
^_PLWS,D,20200423,000000,534.44,535.42,531.91,535.38,58613425,0
^_PLWS,D,20200424,000000,535.36,535.96,533.21,535.78,52491297,0
^_PLWS,D,20200427,000000,537.63,540.62,536.62,538.52,63916648,0
^_PLWS,D,20200428,000000,539.58,541.74,539.52,540.62,75923859,0
^_PLWS,D,20200429,000000,540.66,544.49,540.38,544.43,76339748,0
^_PLWS,D,20200430,000000,547.26,548.39,543.39,547.05,75422650,0
^_PLWS,D,20200504,000000,547.02,547.07,543.55,547.07,46548510,0
^_PLWS,D,20200505,000000,547.94,550.3,546.79,548.78,52762748,0
^_PLWS,D,20200506,000000,548.92,548.92,544.01,544.63,59320358,0
^_PLWS,D,20200507,000000,544.72,549.67,544.72,549.15,57005040,0
^_PLWS,D,20200508,000000,549.22,552.24,549.22,552.24,42743700,0
^_PLWS,D,20200511,000000,552.25,555.7,552.1,554.17,42004154,0
^_PLWS,D,20200512,000000,555.45,557.89,553.8,557.89,59538328,0
^_PLWS,D,20200513,000000,557.72,559.14,556.82,559.14,55938457,0
^_PLWS,D,20200514,000000,559.08,559.43,547.87,551.47,55645860,0
^_PLWS,D,20200515,000000,553.24,556.06,553.24,556.05,36053563,0
^_PLWS,D,20200518,000000,556.7,562.74,556.7,562.69,56611674,0
^_PLWS,D,20200519,000000,562.73,566.19,562.73,566.19,50542064,0
^_PLWS,D,20200520,000000,566.19,571.68,566.19,571.52,63275056,0
^_PLWS,D,20200521,000000,571.51,574.57,571.51,574.57,53620143,0
^_PLWS,D,20200522,000000,574.66,576.01,572.52,576.01,58068171,0
^_PLWS,D,20200525,000000,577.38,581.46,577.29,581.46,41320583,0
^_PLWS,D,20200526,000000,581.49,588.65,581.49,588.65,109198485,0
^_PLWS,D,20200527,000000,588.67,593.11,588.67,589.56,117969762,0
^_PLWS,D,20200528,000000,589.57,594.84,589.57,592.02,105846401,0
^_PLWS,D,20200529,000000,592.31,594.07,592.03,594.07,179631075,0
^_PLWS,D,20200601,000000,594.1,602.19,594.1,602.08,72914104,0
^_PLWS,D,20200602,000000,603.77,607.3,603.77,607.21,83563114,0
^_PLWS,D,20200603,000000,608.02,614.7,608.02,614.7,104730085,0
^_PLWS,D,20200604,000000,616.37,618.37,615.37,618.37,94231712,0
^_PLWS,D,20200605,000000,618.83,624.83,618.83,624.83,107581121,0
^_PLWS,D,20200608,000000,625.34,627.67,622.44,627.08,91565177,0
^_PLWS,D,20200609,000000,628.64,630.07,622.39,626.66,97567652,0
^_PLWS,D,20200610,000000,627.74,628.89,625.72,628.8,136116086,0
^_PLWS,D,20200612,000000,618.12,621.91,611.2,621.83,124117041,0
^_PLWS,D,20200615,000000,620.17,620.4,615.07,617.14,103913818,0
^_PLWS,D,20200616,000000,619.9,627.25,619.9,627.12,87259501,0
^_PLWS,D,20200617,000000,629.13,629.74,626.49,627.2,77635914,0
^_PLWS,D,20200618,000000,627.19,631.03,627.19,631.03,101501067,0
^_PLWS,D,20200619,000000,632.35,635.88,632.35,635.85,120736310,0
^_PLWS,D,20200622,000000,635.87,642.1,635.87,642.09,88000760,0
^_PLWS,D,20200623,000000,643.05,647.36,643.05,647.36,103474549,0
^_PLWS,D,20200624,000000,648.67,650,644.28,645.27,99019822,0
^_PLWS,D,20200625,000000,645.26,645.26,641.4,644.35,66170007,0
^_PLWS,D,20200626,000000,644.37,646.46,639.33,639.61,57263873,0
^_PLWS,D,20200629,000000,639.61,641.55,636.94,638.42,77920271,0
^_PLWS,D,20200630,000000,639.03,640.24,634.98,635.53,82582048,0
^_PLWS,D,20200701,000000,635.52,637.96,633.27,637.63,64235307,0
^_PLWS,D,20200702,000000,638.38,644.13,638.38,644.13,63667237,0
^_PLWS,D,20200703,000000,644.21,646.48,644.21,646.48,40449384,0
^_PLWS,D,20200706,000000,646.49,651.26,646.49,651.17,54852908,0
^_PLWS,D,20200707,000000,651.99,652.3,649.79,650.47,56160011,0
^_PLWS,D,20200708,000000,650.9,652.71,649.03,652.71,55967702,0
^_PLWS,D,20200709,000000,652.71,654.99,652.71,654.08,53252883,0
^_PLWS,D,20200710,000000,654.08,654.93,650.84,654.88,44323156,0
^_PLWS,D,20200713,000000,654.9,658.44,654.9,657.53,58711900,0
^_PLWS,D,20200714,000000,657.47,657.68,652.8,653.89,67939607,0
^_PLWS,D,20200715,000000,655.05,658.4,654.99,658.4,70625699,0
^_PLWS,D,20200716,000000,659.55,661.18,656.83,661.18,64762554,0
^_PLWS,D,20200717,000000,661.56,662.91,658.96,662.8,62958761,0
^_PLWS,D,20200720,000000,662.79,670.45,662.79,670.44,97407934,0
^_PLWS,D,20200721,000000,670.52,678.5,670.52,676.56,129045957,0
^_PLWS,D,20200722,000000,678.32,679.75,677.01,679.49,75368721,0
^_PLWS,D,20200723,000000,680.46,687.14,680.46,683.91,72415197,0
^_PLWS,D,20200724,000000,683.49,687.06,679.63,687.06,56969234,0
^_PLWS,D,20200727,000000,687.9,694.39,687.9,694.39,70912841,0
^_PLWS,D,20200728,000000,694.67,698.9,694.67,697.05,90404354,0
^_PLWS,D,20200729,000000,697.58,698.94,689.88,690.99,91130515,0
