<TICKER>,<PER>,<DATE>,<TIME>,<OPEN>,<HIGH>,<LOW>,<CLOSE>,<VOL>,<OPENINT>
^_PLNC,D,20160216,000000,958.1,962.97,958.1,962.97,18189507,0
^_PLNC,D,20160217,000000,954.13,954.13,951.18,951.18,16555879,0
^_PLNC,D,20160218,000000,950.1,954.3,950.1,954.3,16596126,0
^_PLNC,D,20160219,000000,949.77,952.37,949.77,952.37,14876280,0
^_PLNC,D,20160222,000000,949.9,949.9,946.01,946.01,15017643,0
^_PLNC,D,20160223,000000,940.33,943.5,940.33,943.5,11470311,0
^_PLNC,D,20160224,000000,939.93,941.84,939.93,941.84,12668608,0
^_PLNC,D,20160225,000000,938.49,944.19,938.49,944.19,9734256,0
^_PLNC,D,20160226,000000,945.21,946.63,945.21,946.63,31262264,0
^_PLNC,D,20160229,000000,944.74,944.74,944.63,944.63,8321065,0
^_PLNC,D,20160301,000000,940.69,947.64,940.69,947.64,9349623,0
^_PLNC,D,20160302,000000,943.34,949.12,943.34,949.12,11284864,0
^_PLNC,D,20160303,000000,945.44,948.79,945.44,948.79,11786881,0
^_PLNC,D,20160304,000000,945.78,954.27,945.78,954.27,29843194,0
^_PLNC,D,20160307,000000,952.75,954.46,952.75,954.46,9491800,0
^_PLNC,D,20160308,000000,952.39,954.32,952.39,954.32,14254784,0
^_PLNC,D,20160309,000000,951.26,951.49,951.26,951.49,17780654,0
^_PLNC,D,20160310,000000,950.05,955,950.05,955,15595112,0
^_PLNC,D,20160311,000000,948.33,952.91,948.33,952.91,37004401,0
^_PLNC,D,20160314,000000,948.65,949.26,948.65,949.26,16454038,0
^_PLNC,D,20160315,000000,948.73,949.84,948.73,949.84,24771921,0
^_PLNC,D,20160316,000000,947.66,947.66,947.57,947.57,9558874,0
^_PLNC,D,20160317,000000,945.3,950.62,945.3,950.62,19689678,0
^_PLNC,D,20160318,000000,950.85,955.76,950.85,955.76,7888480,0
^_PLNC,D,20160321,000000,951.77,953.25,951.77,953.25,8792416,0
^_PLNC,D,20160322,000000,950.63,950.63,949.72,949.72,16728268,0
^_PLNC,D,20160323,000000,941.18,947.13,941.18,947.13,7908489,0
^_PLNC,D,20160324,000000,944.18,950.27,944.18,950.27,7537471,0
^_PLNC,D,20160329,000000,944.76,956.02,944.76,956.02,10701248,0
^_PLNC,D,20160330,000000,952.52,958.84,952.52,958.84,11386470,0
^_PLNC,D,20160331,000000,955.05,959.82,955.05,959.82,21028519,0
^_PLNC,D,20160401,000000,960.06,967.98,960.06,967.98,12165328,0
^_PLNC,D,20160404,000000,964.27,965.85,964.27,965.85,16634520,0
^_PLNC,D,20160405,000000,960.18,961.31,960.18,961.31,8934900,0
^_PLNC,D,20160406,000000,956.9,962.85,956.9,962.85,11924348,0
^_PLNC,D,20160407,000000,955.9,964.4,955.9,964.4,15471893,0
^_PLNC,D,20160408,000000,962.41,971.17,962.41,971.17,19152752,0
^_PLNC,D,20160411,000000,968.98,971.99,968.98,971.99,11580061,0
^_PLNC,D,20160412,000000,971.22,977.16,971.22,977.16,18294925,0
^_PLNC,D,20160413,000000,975.84,979.31,975.84,979.31,9914517,0
^_PLNC,D,20160414,000000,975.76,981.3,975.76,981.3,10380306,0
^_PLNC,D,20160415,000000,978.78,982.69,978.78,982.69,5773361,0
^_PLNC,D,20160418,000000,979.57,979.57,979.51,979.51,7125102,0
^_PLNC,D,20160419,000000,973.9,977.46,973.9,977.46,9966188,0
^_PLNC,D,20160420,000000,974.05,978.69,974.05,978.69,17060610,0
^_PLNC,D,20160421,000000,975.84,977.71,975.84,977.71,9380873,0
^_PLNC,D,20160422,000000,976.15,982.2,976.15,982.2,9380452,0
^_PLNC,D,20160425,000000,980.42,984.63,980.42,984.63,10851278,0
^_PLNC,D,20160426,000000,981.92,982.24,981.92,982.24,10437295,0
^_PLNC,D,20160427,000000,981.5,985.98,981.5,985.98,12592257,0
^_PLNC,D,20160428,000000,983.59,988.45,983.59,988.45,8724518,0
^_PLNC,D,20160429,000000,981.66,991.93,981.66,991.93,6819609,0
^_PLNC,D,20160502,000000,994.6,1000.95,994.6,1000.95,6984588,0
^_PLNC,D,20160504,000000,997.51,999.71,997.51,999.71,19237147,0
^_PLNC,D,20160505,000000,994.66,1002.28,994.66,1002.28,12176134,0
^_PLNC,D,20160506,000000,1002.5,1006.89,1002.5,1006.89,9335388,0
^_PLNC,D,20160509,000000,1004.27,1004.27,1001.65,1001.65,12545821,0
^_PLNC,D,20160510,000000,1000.97,1001.74,1000.97,1001.74,6607305,0
^_PLNC,D,20160511,000000,1004.07,1005.08,1004.07,1005.08,12923092,0
^_PLNC,D,20160512,000000,997.63,999.54,997.63,999.54,5630906,0
^_PLNC,D,20160513,000000,1000.63,1000.63,997.46,997.46,8588100,0
^_PLNC,D,20160516,000000,996.05,996.77,996.05,996.77,8799997,0
^_PLNC,D,20160517,000000,986.64,986.64,985.74,985.74,7970194,0
^_PLNC,D,20160518,000000,983.31,983.91,983.31,983.91,13640889,0
^_PLNC,D,20160519,000000,981.66,984.9,981.66,984.9,10988830,0
^_PLNC,D,20160520,000000,979.37,981.17,979.37,981.17,18836433,0
^_PLNC,D,20160523,000000,977.88,986.07,977.88,986.07,17420994,0
^_PLNC,D,20160524,000000,984.1,984.1,983.9,983.9,14605716,0
^_PLNC,D,20160525,000000,981.36,983.8,981.36,983.8,9642282,0
^_PLNC,D,20160527,000000,980.13,982.91,980.13,982.91,9751691,0
^_PLNC,D,20160530,000000,980.36,985.84,980.36,985.84,8843471,0
^_PLNC,D,20160531,000000,979.36,979.36,978.95,978.95,11229594,0
^_PLNC,D,20160601,000000,975.24,975.24,970.88,970.88,9426650,0
^_PLNC,D,20160602,000000,970.56,970.56,967.74,967.74,10185103,0
^_PLNC,D,20160603,000000,963.17,966.3,963.17,966.3,11217581,0
^_PLNC,D,20160606,000000,967.31,968.58,967.31,968.58,15607903,0
^_PLNC,D,20160607,000000,966.48,969.23,966.48,969.23,15707751,0
^_PLNC,D,20160608,000000,965.13,968.32,965.13,968.32,12606410,0
^_PLNC,D,20160609,000000,962.39,968.81,962.39,968.81,10810445,0
^_PLNC,D,20160610,000000,957.05,961.13,957.05,961.13,10243930,0
^_PLNC,D,20160613,000000,954.86,956.78,954.86,956.78,15542195,0
^_PLNC,D,20160614,000000,952.05,954.42,952.05,954.42,13897685,0
^_PLNC,D,20160615,000000,949.08,956.11,949.08,956.11,17313206,0
^_PLNC,D,20160616,000000,952.33,952.33,950.93,950.93,14392421,0
^_PLNC,D,20160617,000000,950.8,953.13,950.8,953.13,23094498,0
^_PLNC,D,20160620,000000,947.31,948.85,947.31,948.85,6975285,0
^_PLNC,D,20160621,000000,949.59,953.58,949.59,953.58,5225440,0
^_PLNC,D,20160622,000000,951.35,951.35,950.39,950.39,3232379,0
^_PLNC,D,20160623,000000,949.93,951.57,949.93,951.57,15899543,0
^_PLNC,D,20160624,000000,933.26,941.55,933.26,941.55,13710732,0
^_PLNC,D,20160627,000000,944.06,945.03,944.06,945.03,5386711,0
^_PLNC,D,20160628,000000,943.01,947.33,943.01,947.33,11893764,0
^_PLNC,D,20160629,000000,945.79,948.87,945.79,948.87,12587328,0
^_PLNC,D,20160630,000000,949.65,953.13,949.65,953.13,12724385,0
^_PLNC,D,20160701,000000,956.27,957.57,956.27,957.57,15569164,0
^_PLNC,D,20160704,000000,950.95,952.42,950.95,952.42,9519149,0
^_PLNC,D,20160705,000000,947.77,949.8,947.77,949.8,8221181,0
^_PLNC,D,20160706,000000,949.78,953.29,949.78,953.29,8948598,0
^_PLNC,D,20160707,000000,953.84,954.59,953.84,954.59,7822578,0
^_PLNC,D,20160708,000000,953.49,957.07,953.49,957.07,7129048,0
^_PLNC,D,20160711,000000,956.54,959.14,956.54,959.14,6460933,0
^_PLNC,D,20160712,000000,954.66,955.6,954.66,955.6,11211638,0
^_PLNC,D,20160713,000000,952.72,955.91,952.72,955.91,5282067,0
^_PLNC,D,20160714,000000,952.24,952.24,952.18,952.18,6536672,0
^_PLNC,D,20160715,000000,947.64,955.08,947.64,955.08,7193962,0
^_PLNC,D,20160718,000000,953.4,956.63,953.4,956.63,9314126,0
^_PLNC,D,20160719,000000,955.86,960.39,955.86,960.39,9052370,0
^_PLNC,D,20160720,000000,956.54,961.89,956.54,961.89,6326738,0
^_PLNC,D,20160721,000000,961.18,962.27,961.18,962.27,6161932,0
^_PLNC,D,20160722,000000,960.35,965.52,960.35,965.52,7879550,0
^_PLNC,D,20160725,000000,964.92,968.36,964.92,968.36,6509535,0
^_PLNC,D,20160726,000000,965.72,966.59,965.72,966.59,4394730,0
^_PLNC,D,20160727,000000,963.79,968.09,963.79,968.09,8254470,0
^_PLNC,D,20160728,000000,965.23,971.48,965.23,971.48,9454737,0
^_PLNC,D,20160729,000000,968.34,968.34,964.73,964.73,7922329,0
^_PLNC,D,20160801,000000,960.96,960.96,957.28,957.28,10154761,0
^_PLNC,D,20160802,000000,952.99,958.59,952.99,958.59,7102778,0
^_PLNC,D,20160803,000000,953.55,953.69,953.55,953.69,8337149,0
^_PLNC,D,20160804,000000,952.63,959.53,952.63,959.53,3776882,0
^_PLNC,D,20160805,000000,957.39,964.2,957.39,964.2,7987918,0
^_PLNC,D,20160808,000000,960.51,966.5,960.51,966.5,13252297,0
^_PLNC,D,20160809,000000,960.01,960.01,959.16,959.16,24573696,0
^_PLNC,D,20160810,000000,954.25,963.62,954.25,963.62,9326174,0
^_PLNC,D,20160811,000000,963.21,964.33,963.21,964.33,9518375,0
^_PLNC,D,20160812,000000,961.06,968.57,961.06,968.57,12545112,0
^_PLNC,D,20160816,000000,958.53,963.02,958.53,963.02,12478477,0
^_PLNC,D,20160817,000000,960.69,964.77,960.69,964.77,6685889,0
^_PLNC,D,20160818,000000,959.55,963.7,959.55,963.7,9283280,0
^_PLNC,D,20160819,000000,961.59,965.94,961.59,965.94,6247876,0
^_PLNC,D,20160822,000000,957.81,957.81,956.06,956.06,9032148,0
^_PLNC,D,20160823,000000,955.09,955.09,950.22,950.22,20872381,0
^_PLNC,D,20160824,000000,947.04,950.28,947.04,950.28,19680683,0
^_PLNC,D,20160825,000000,945.81,951.88,945.81,951.88,9924805,0
^_PLNC,D,20160826,000000,948.16,948.16,947.4,947.4,10953863,0
^_PLNC,D,20160829,000000,941.76,943.64,941.76,943.64,22297249,0
^_PLNC,D,20160830,000000,940.04,941.93,940.04,941.93,26828151,0
^_PLNC,D,20160831,000000,934.82,935.06,934.82,935.06,50431366,0
^_PLNC,D,20160901,000000,931.68,939.29,931.68,939.29,36378818,0
^_PLNC,D,20160902,000000,934.82,938.88,934.82,938.88,79346149,0
^_PLNC,D,20160905,000000,932.94,932.94,932.51,932.51,101479933,0
^_PLNC,D,20160906,000000,933.61,938.42,933.61,938.42,32611096,0
^_PLNC,D,20160907,000000,938.14,942.44,938.14,942.44,33377751,0
^_PLNC,D,20160908,000000,934.48,939.22,934.48,939.22,27202955,0
^_PLNC,D,20160909,000000,935.55,941.64,935.55,941.64,29646842,0
^_PLNC,D,20160912,000000,938.12,939.48,938.12,939.48,41580385,0
^_PLNC,D,20160913,000000,938.58,938.58,935.66,935.66,24432004,0
^_PLNC,D,20160914,000000,934.57,935.24,934.57,935.24,41424107,0
^_PLNC,D,20160915,000000,934.03,936.17,934.03,936.17,29156965,0
^_PLNC,D,20160916,000000,935.15,937.33,935.15,937.33,13225255,0
^_PLNC,D,20160919,000000,931.8,943.82,931.8,943.82,9654518,0
^_PLNC,D,20160920,000000,939.84,940.26,939.84,940.26,9951118,0
^_PLNC,D,20160921,000000,939.33,945.39,939.33,945.39,8197177,0
^_PLNC,D,20160922,000000,943.71,943.71,942.54,942.54,9660820,0
^_PLNC,D,20160923,000000,939.78,939.78,939,939,13628124,0
^_PLNC,D,20160926,000000,936.38,941.21,936.38,941.21,10722027,0
^_PLNC,D,20160927,000000,941.76,946.88,941.76,946.88,7658926,0
^_PLNC,D,20160928,000000,941.93,950.87,941.93,950.87,5905907,0
^_PLNC,D,20160929,000000,943.7,949.96,943.7,949.96,11274888,0
^_PLNC,D,20160930,000000,942.91,950.1,942.91,950.1,13902097,0
^_PLNC,D,20161003,000000,945.06,948.63,945.06,948.63,10713244,0
^_PLNC,D,20161004,000000,942.59,945.54,942.59,945.54,7917625,0
^_PLNC,D,20161005,000000,940.37,942.87,940.37,942.87,10382489,0
^_PLNC,D,20161006,000000,940.43,945.56,940.43,945.56,6549508,0
^_PLNC,D,20161007,000000,946.56,952.6,946.56,952.6,5930647,0
^_PLNC,D,20161010,000000,949.36,953.53,949.36,953.53,14060576,0
^_PLNC,D,20161011,000000,949.75,953.28,949.75,953.28,12662402,0
^_PLNC,D,20161012,000000,950.34,951.47,950.34,951.47,8507462,0
^_PLNC,D,20161013,000000,955.59,956.01,955.59,956.01,7780335,0
^_PLNC,D,20161014,000000,954.94,959.98,954.94,959.98,9289327,0
^_PLNC,D,20161017,000000,953.93,959.6,953.93,959.6,17263267,0
^_PLNC,D,20161018,000000,961.54,967.68,961.54,967.68,12462595,0
^_PLNC,D,20161019,000000,965.73,965.73,963.1,963.1,9721025,0
^_PLNC,D,20161020,000000,958.37,959.58,958.37,959.58,10811529,0
^_PLNC,D,20161021,000000,957.25,959.9,957.25,959.9,8910201,0
^_PLNC,D,20161024,000000,959.24,959.28,959.24,959.28,8987545,0
^_PLNC,D,20161025,000000,957.14,957.14,956.06,956.06,15201429,0
^_PLNC,D,20161026,000000,950.35,954.72,950.35,954.72,14851606,0
^_PLNC,D,20161027,000000,954.04,954.04,951.63,951.63,14343160,0
^_PLNC,D,20161028,000000,952.26,953.59,952.26,953.59,23104548,0
^_PLNC,D,20161031,000000,951.33,954.11,951.33,954.11,15836934,0
^_PLNC,D,20161102,000000,951.53,952.44,951.53,952.44,14183082,0
^_PLNC,D,20161103,000000,949.21,951.62,949.21,951.62,15994404,0
^_PLNC,D,20161104,000000,944.65,945.07,944.65,945.07,10461060,0
^_PLNC,D,20161107,000000,946.5,946.5,942.92,942.92,16532851,0
^_PLNC,D,20161108,000000,947.91,950.45,947.91,950.45,27423631,0
^_PLNC,D,20161109,000000,946.52,946.52,944.19,944.19,19870971,0
^_PLNC,D,20161110,000000,942.74,951.06,942.74,951.06,32264489,0
^_PLNC,D,20161114,000000,946.39,946.39,941.38,941.38,42427537,0
^_PLNC,D,20161115,000000,937.15,937.15,935.79,935.79,43926306,0
^_PLNC,D,20161116,000000,927.72,928.95,927.72,928.95,31971547,0
^_PLNC,D,20161117,000000,925.1,925.1,922.82,922.82,19675357,0
^_PLNC,D,20161118,000000,919.52,921.46,919.52,921.46,19730498,0
^_PLNC,D,20161121,000000,914.22,914.22,913.64,913.64,16462341,0
^_PLNC,D,20161122,000000,908.49,912.4,908.49,912.4,13005670,0
^_PLNC,D,20161123,000000,909.78,912.53,909.78,912.53,7802360,0
^_PLNC,D,20161124,000000,915.97,916.78,915.97,916.78,12868363,0
^_PLNC,D,20161125,000000,916.92,919.47,916.92,919.47,16393592,0
^_PLNC,D,20161128,000000,914.5,916.41,914.5,916.41,9449869,0
^_PLNC,D,20161129,000000,917.56,917.56,915.94,915.94,13493026,0
^_PLNC,D,20161130,000000,915.62,915.62,911.4,911.4,13436627,0
^_PLNC,D,20161201,000000,903.45,903.45,901.61,901.61,32250193,0
^_PLNC,D,20161202,000000,899.64,901.61,899.64,901.61,11732058,0
^_PLNC,D,20161205,000000,901.29,903.35,901.29,903.35,12488927,0
^_PLNC,D,20161206,000000,898.28,903.93,898.28,903.93,10596308,0
^_PLNC,D,20161207,000000,896.66,902.26,896.66,902.26,12794774,0
^_PLNC,D,20161208,000000,899.14,899.89,899.14,899.89,17120796,0
^_PLNC,D,20161209,000000,891.19,896.68,891.19,896.68,9042148,0
^_PLNC,D,20161212,000000,895.08,898.75,895.08,898.75,9147240,0
^_PLNC,D,20161213,000000,887.84,891.28,887.84,891.28,16229723,0
^_PLNC,D,20161214,000000,893.41,897.3,893.41,897.3,14026591,0
^_PLNC,D,20161215,000000,889.58,893.29,889.58,893.29,11517792,0
^_PLNC,D,20161216,000000,888.52,897.46,888.52,897.46,19765777,0
^_PLNC,D,20161219,000000,894.14,894.15,894.14,894.15,21772808,0
^_PLNC,D,20161220,000000,889.57,894.25,889.57,894.25,37544764,0
^_PLNC,D,20161221,000000,892.47,894.88,892.47,894.88,21237877,0
^_PLNC,D,20161222,000000,879.04,879.04,877.71,877.71,17488393,0
^_PLNC,D,20161223,000000,881.25,891.99,881.25,891.99,10528621,0
^_PLNC,D,20161227,000000,886.88,888.69,886.88,888.69,13510086,0
^_PLNC,D,20161228,000000,884.17,887.29,884.17,887.29,12337328,0
^_PLNC,D,20161229,000000,883.42,895.13,883.42,895.13,16684841,0
^_PLNC,D,20161230,000000,894.27,905.62,894.27,905.62,18092473,0
^_PLNC,D,20170102,000000,913.89,913.89,912.36,912.36,12998679,0
^_PLNC,D,20170103,000000,909.24,912.17,909.24,912.17,8363681,0
^_PLNC,D,20170104,000000,909.8,914.79,909.8,914.79,16520682,0
^_PLNC,D,20170105,000000,913.63,918.72,913.63,918.72,12628459,0
^_PLNC,D,20170109,000000,916.71,922.79,916.71,922.79,10435085,0
^_PLNC,D,20170110,000000,922.13,926.21,922.13,926.21,10795007,0
^_PLNC,D,20170111,000000,919.31,926.63,919.31,926.63,11135971,0
^_PLNC,D,20170112,000000,924.08,927.4,924.08,927.4,11944588,0
^_PLNC,D,20170113,000000,923.67,929.21,923.67,929.21,13612821,0
^_PLNC,D,20170116,000000,927.58,932.76,927.58,932.76,6570732,0
^_PLNC,D,20170117,000000,928.13,937.81,928.13,937.81,10553151,0
^_PLNC,D,20170118,000000,935.34,942.56,935.34,942.56,9621426,0
^_PLNC,D,20170119,000000,940.63,950.35,940.63,950.35,13484482,0
^_PLNC,D,20170120,000000,949.53,954.63,949.53,954.63,15704399,0
^_PLNC,D,20170123,000000,957.37,961.35,957.37,961.35,16953384,0
^_PLNC,D,20170124,000000,956.95,963.66,956.95,963.66,14594285,0
^_PLNC,D,20170125,000000,957.14,968.68,957.14,968.68,11688801,0
^_PLNC,D,20170126,000000,959.1,967.63,959.1,967.63,15553233,0
^_PLNC,D,20170127,000000,964.3,970.16,964.3,970.16,10218701,0
^_PLNC,D,20170130,000000,970.62,970.62,967.48,967.48,12027601,0
^_PLNC,D,20170131,000000,964.39,970.4,964.39,970.4,16195444,0
^_PLNC,D,20170201,000000,968.68,970.35,968.68,970.35,15950569,0
^_PLNC,D,20170202,000000,965.68,972.35,965.68,972.35,11663143,0
^_PLNC,D,20170203,000000,973.27,980.19,973.27,980.19,10612730,0
^_PLNC,D,20170206,000000,974.41,987.2,974.41,987.2,18097388,0
^_PLNC,D,20170207,000000,987.97,992.22,987.97,992.22,19544875,0
^_PLNC,D,20170208,000000,989.28,995.62,989.28,995.62,13289278,0
^_PLNC,D,20170209,000000,993.88,1000,993.88,1000,9059241,0
^_PLNC,D,20170210,000000,999,1012.07,999,1012.07,19424904,0
^_PLNC,D,20170213,000000,1007.22,1011.67,1007.22,1011.67,13726038,0
^_PLNC,D,20170214,000000,1011.9,1012.73,1003.97,1008.41,18805079,0
^_PLNC,D,20170215,000000,1005.76,1006.25,993.142,998.135,13384064,0
^_PLNC,D,20170216,000000,997.726,998.224,989.174,997.49,13252495,0
^_PLNC,D,20170217,000000,996.92,998.08,992.36,996.47,13222869,0
^_PLNC,D,20170220,000000,996.92,997.74,991.54,995.68,12432286,0
^_PLNC,D,20170221,000000,996.12,998.46,992.28,998.46,16561748,0
^_PLNC,D,20170222,000000,997.45,1003.07,995.74,1003.07,14800410,0
^_PLNC,D,20170223,000000,1004.49,1016,1004.49,1016,36294037,0
^_PLNC,D,20170224,000000,1018.96,1021.72,1013.86,1021.72,45108904,0
^_PLNC,D,20170227,000000,1022.42,1025.2,1018.97,1025.2,23191577,0
^_PLNC,D,20170228,000000,1025.92,1028.24,1020.27,1024.4,16375498,0
^_PLNC,D,20170301,000000,1024.46,1024.74,1017.64,1020.72,17411923,0
^_PLNC,D,20170302,000000,1021.25,1023.36,1014.26,1021.06,26968312,0
^_PLNC,D,20170303,000000,1021.54,1024.87,1016.14,1024.87,21060413,0
^_PLNC,D,20170306,000000,1025.92,1025.93,1019.52,1025.2,20408319,0
^_PLNC,D,20170307,000000,1023.36,1024.15,1017.99,1024.15,22529036,0
^_PLNC,D,20170308,000000,1024.04,1024.62,1014.68,1019.07,15675592,0
^_PLNC,D,20170309,000000,1021.76,1023.39,1011.56,1015.98,10929739,0
^_PLNC,D,20170310,000000,1015.79,1017.53,1008.11,1013.89,6737764,0
^_PLNC,D,20170313,000000,1013.73,1014.17,1008.17,1012.92,11119899,0
^_PLNC,D,20170314,000000,1012.46,1013.64,1006.41,1010.6,8470305,0
^_PLNC,D,20170315,000000,1010.55,1011.32,1003.42,1005.67,20645061,0
^_PLNC,D,20170316,000000,1006.78,1008.37,1002.52,1007.1,15895729,0
^_PLNC,D,20170317,000000,1005.08,1009.28,1002.43,1009.28,9296487,0
^_PLNC,D,20170320,000000,1007.82,1008.64,1000.78,1004.63,15042175,0
^_PLNC,D,20170321,000000,1003.49,1004.7,997.36,1003.99,9055997,0
^_PLNC,D,20170322,000000,1004.37,1005.12,997.23,999.15,10011454,0
^_PLNC,D,20170323,000000,999.04,1000.39,996.77,999.86,8405245,0
^_PLNC,D,20170324,000000,998.87,1001.85,996.05,999.59,10915069,0
^_PLNC,D,20170327,000000,1001.46,1010.01,1000.39,1010.01,12054669,0
^_PLNC,D,20170328,000000,1009.67,1014.98,1008.47,1011.96,13465388,0
^_PLNC,D,20170329,000000,1011.9,1015.69,1009.66,1015.42,14905657,0
^_PLNC,D,20170330,000000,1014.23,1015.93,1006.56,1011.65,17788368,0
^_PLNC,D,20170331,000000,1011.52,1015.6,1007.55,1015.31,7791700,0
^_PLNC,D,20170403,000000,1015.18,1015.64,1012.6,1015.34,15325794,0
^_PLNC,D,20170404,000000,1015.02,1016.62,1006.93,1011.96,9987384,0
^_PLNC,D,20170405,000000,1012.51,1013.15,1006.51,1008.59,7046731,0
^_PLNC,D,20170406,000000,1009.16,1009.65,1002.74,1009.65,10969082,0
^_PLNC,D,20170407,000000,1010.28,1010.97,1007.16,1008.15,9282902,0
^_PLNC,D,20170410,000000,1008.46,1008.96,1000.41,1004.15,8887596,0
^_PLNC,D,20170411,000000,1003.59,1003.59,996.42,1000.22,22140435,0
^_PLNC,D,20170412,000000,999.79,1001.18,993.27,995.92,19462069,0
^_PLNC,D,20170413,000000,996.12,999.17,993.1,997.3,10602942,0
^_PLNC,D,20170418,000000,997.36,998.94,993.11,993.99,12178896,0
^_PLNC,D,20170419,000000,993.6,995.33,985,990.38,10584332,0
^_PLNC,D,20170420,000000,990.93,992.47,987.32,991.95,11131418,0
^_PLNC,D,20170421,000000,991.43,992.32,981.53,984.09,10782270,0
^_PLNC,D,20170424,000000,983.22,983.24,974.99,980,18631118,0
^_PLNC,D,20170425,000000,981.13,982,973.81,978.01,12215562,0
^_PLNC,D,20170426,000000,977.31,978.82,969.4,974.81,9207665,0
^_PLNC,D,20170427,000000,973.02,976.03,968.96,976.03,9373860,0
^_PLNC,D,20170428,000000,975.35,976.52,966.43,973.01,18653430,0
^_PLNC,D,20170502,000000,972.93,973.63,967.74,972.78,9210141,0
^_PLNC,D,20170504,000000,970.63,973.19,965.18,970.91,12685674,0
^_PLNC,D,20170505,000000,968.7,974.15,965.8,972.6,8830532,0
^_PLNC,D,20170508,000000,972.36,973.64,968.22,973.64,6470714,0
^_PLNC,D,20170509,000000,973.44,974.14,965.39,969.16,17549997,0
^_PLNC,D,20170510,000000,969.8,970.29,963.63,966.57,9731504,0
^_PLNC,D,20170511,000000,965.92,973.35,965.92,969.4,10214883,0
^_PLNC,D,20170512,000000,969.99,974.4,969.85,973.8,13155215,0
^_PLNC,D,20170515,000000,973.23,973.23,963.83,969.67,10965282,0
^_PLNC,D,20170516,000000,966.85,969.17,959.79,962.96,12204063,0
^_PLNC,D,20170517,000000,962.29,962.71,954.35,959.5,10664147,0
^_PLNC,D,20170518,000000,958.82,960.25,954.25,958.43,29812697,0
^_PLNC,D,20170519,000000,958.6,958.64,953.82,955.59,9107400,0
^_PLNC,D,20170522,000000,955.16,956.17,950.83,954.72,7915196,0
^_PLNC,D,20170523,000000,953.65,953.66,946.67,949.62,20153304,0
^_PLNC,D,20170524,000000,948.55,950.28,940.23,943.86,6884021,0
^_PLNC,D,20170525,000000,942.48,943.55,937.18,943.55,9262088,0
^_PLNC,D,20170526,000000,943.38,944.17,938.67,941.31,6910440,0
^_PLNC,D,20170529,000000,941.25,941.65,934.94,939.22,5342162,0
^_PLNC,D,20170530,000000,937.75,938.86,931.04,935.67,9789786,0
^_PLNC,D,20170531,000000,934.79,937.19,928.1,932.02,8967939,0
^_PLNC,D,20170601,000000,929.19,933.63,928.52,932.8,7229364,0
^_PLNC,D,20170602,000000,931.01,935.86,929.75,935.32,6168042,0
^_PLNC,D,20170605,000000,935.19,938.32,931.8,937.82,5013349,0
^_PLNC,D,20170606,000000,937.19,937.19,930.52,932.39,7381984,0
^_PLNC,D,20170607,000000,932.35,936.89,931.38,934.06,7600384,0
^_PLNC,D,20170608,000000,933.26,934.39,928.6,933.83,9469183,0
^_PLNC,D,20170609,000000,933.81,938.94,932.17,938.94,8237863,0
^_PLNC,D,20170612,000000,938.54,939.65,931.78,935.07,12408003,0
^_PLNC,D,20170613,000000,935.39,935.8,928.75,930.79,7352895,0
^_PLNC,D,20170614,000000,930.18,932.43,927.97,931.03,7946669,0
^_PLNC,D,20170616,000000,932.69,935.25,932.03,935.21,5397761,0
^_PLNC,D,20170619,000000,935.52,935.54,930.99,933.18,10078197,0
^_PLNC,D,20170620,000000,932.81,933.32,922.95,927.54,8615691,0
^_PLNC,D,20170621,000000,927.92,927.96,920.35,925.03,7162532,0
^_PLNC,D,20170622,000000,925.39,930.85,924.86,929.9,7746210,0
^_PLNC,D,20170623,000000,929.27,931.04,926.56,930.3,7293994,0
^_PLNC,D,20170626,000000,930.6,930.71,918.23,922.29,14638402,0
^_PLNC,D,20170627,000000,921.66,923.9,918.13,923.9,6543986,0
^_PLNC,D,20170628,000000,924.48,925.84,921.24,925.84,9007797,0
^_PLNC,D,20170629,000000,924.84,927.53,922.42,927.53,8045639,0
^_PLNC,D,20170630,000000,927.65,927.96,920.68,925.5,5021294,0
^_PLNC,D,20170703,000000,924.94,926.7,921.36,924.13,5094880,0
^_PLNC,D,20170704,000000,923.94,924.45,919.36,922.35,5195795,0
^_PLNC,D,20170705,000000,922.93,925.73,919.76,925.73,4688664,0
^_PLNC,D,20170706,000000,925.92,925.92,922.42,925.37,5022171,0
^_PLNC,D,20170707,000000,923.78,925.16,919.75,925.16,3477023,0
^_PLNC,D,20170710,000000,924.53,924.84,917.67,923.09,5906516,0
^_PLNC,D,20170711,000000,923.75,924.46,920.65,924.29,4659199,0
^_PLNC,D,20170712,000000,923.73,924.69,917.73,921.59,6239797,0
^_PLNC,D,20170713,000000,921.16,921.49,916.22,918.68,6611651,0
^_PLNC,D,20170714,000000,917.03,921.63,916.83,921.31,4725854,0
^_PLNC,D,20170717,000000,920.8,922.93,919.29,922.64,6245490,0
^_PLNC,D,20170718,000000,922.48,925.9,920.17,925.69,9512929,0
^_PLNC,D,20170719,000000,924.84,925.29,918.46,921.05,13064155,0
^_PLNC,D,20170720,000000,921.62,921.98,917.84,920.8,7634876,0
^_PLNC,D,20170721,000000,920.65,920.91,909.35,913.56,5745745,0
^_PLNC,D,20170724,000000,914.47,915.62,912.38,915.62,7158666,0
^_PLNC,D,20170725,000000,914.77,915.18,911.54,914.12,5309867,0
^_PLNC,D,20170726,000000,913.59,914.3,910.29,911.7,12242994,0
^_PLNC,D,20170727,000000,913.33,916.81,911.01,916.81,13784035,0
^_PLNC,D,20170728,000000,916.51,921.75,916.31,920.54,6770216,0
^_PLNC,D,20170731,000000,921.26,922.29,915.01,920.65,7617579,0
^_PLNC,D,20170801,000000,921.45,923.12,915.54,919.3,4628182,0
^_PLNC,D,20170802,000000,919.24,919.77,911.88,917.68,10184497,0
^_PLNC,D,20170803,000000,917.23,920.84,916.37,919.89,6568763,0
^_PLNC,D,20170804,000000,919.82,921.8,917.44,920.32,8370609,0
^_PLNC,D,20170807,000000,921.17,922.45,919.63,921.17,4703217,0
^_PLNC,D,20170808,000000,921.79,924.47,915.26,916.39,4664129,0
^_PLNC,D,20170809,000000,915.25,916.44,909.52,913.43,4768257,0
^_PLNC,D,20170810,000000,913.04,914.47,909.7,912.91,4970087,0
^_PLNC,D,20170811,000000,913.14,914.17,906.13,910.61,6829839,0
^_PLNC,D,20170814,000000,910.06,910.89,906.89,910.89,7234831,0
^_PLNC,D,20170816,000000,910.6,910.6,901.69,905.47,8263920,0
^_PLNC,D,20170817,000000,905.68,906.29,898.43,899.01,6711483,0
^_PLNC,D,20170818,000000,898.51,899.61,894.87,898.23,5833707,0
^_PLNC,D,20170821,000000,898.21,901.29,893.19,896.85,10917979,0
^_PLNC,D,20170822,000000,897.11,897.55,890.47,892.02,9407503,0
^_PLNC,D,20170823,000000,891.45,893.83,886.84,890.95,14571995,0
^_PLNC,D,20170824,000000,890.33,890.79,885.63,890.22,9904280,0
^_PLNC,D,20170825,000000,889.9,892.53,886.35,892.53,9434630,0
^_PLNC,D,20170828,000000,891.65,892.27,886.33,892.27,8084325,0
^_PLNC,D,20170829,000000,892.69,893.42,888.45,890.22,6897106,0
^_PLNC,D,20170830,000000,890.21,892.66,889.09,891.38,6218775,0
^_PLNC,D,20170831,000000,892.63,892.86,887.04,890.07,8790156,0
^_PLNC,D,20170901,000000,890.02,893.21,888.07,892.96,12626919,0
^_PLNC,D,20170904,000000,892.35,893.28,887.02,889.25,11869432,0
^_PLNC,D,20170905,000000,889.37,890.96,885.61,888.18,6109021,0
^_PLNC,D,20170906,000000,887.62,888.53,882.64,886.05,9577361,0
^_PLNC,D,20170907,000000,886.58,887.4,882.39,886.26,8097262,0
^_PLNC,D,20170908,000000,885.64,889.07,884.8,889.07,6060233,0
^_PLNC,D,20170911,000000,887.11,887.82,881.71,884.22,12708483,0
^_PLNC,D,20170912,000000,884.04,884.58,875.61,879.59,6845385,0
^_PLNC,D,20170913,000000,878.6,878.75,873.1,875.06,11829646,0
^_PLNC,D,20170914,000000,875.37,877.56,873.97,875.5,7526643,0
^_PLNC,D,20170915,000000,876.28,880.4,874.46,880.4,7840287,0
^_PLNC,D,20170918,000000,880.13,880.36,878.03,879.35,8614771,0
^_PLNC,D,20170919,000000,880.04,880.33,875.1,876.95,6906347,0
^_PLNC,D,20170920,000000,877.06,878.82,873.38,875.76,9699409,0
^_PLNC,D,20170921,000000,877.12,881.09,875.16,881.06,12180628,0
^_PLNC,D,20170922,000000,880.52,883.68,878.83,883.68,10370945,0
^_PLNC,D,20170925,000000,883.6,888.87,883.54,888.52,11995361,0
^_PLNC,D,20170926,000000,888.29,888.29,880.32,883.57,7249432,0
^_PLNC,D,20170927,000000,883.68,888.65,882.95,888.65,8303940,0
^_PLNC,D,20170928,000000,887.88,891.54,883.09,885.18,11896063,0
^_PLNC,D,20170929,000000,886.25,888.94,883.76,888.94,9707402,0
^_PLNC,D,20171002,000000,889.53,890.93,886.13,888.36,7873651,0
^_PLNC,D,20171003,000000,888.36,888.7,879.99,882.33,12928440,0
^_PLNC,D,20171004,000000,882.19,883.64,877.18,879.29,11996479,0
^_PLNC,D,20171005,000000,880.1,880.5,874.65,879.18,11910756,0
^_PLNC,D,20171006,000000,879.24,881.42,878.57,881.42,7285960,0
^_PLNC,D,20171009,000000,881.55,883.14,877.18,880.32,11684858,0
^_PLNC,D,20171010,000000,879.52,881.15,876.1,879.45,10760641,0
^_PLNC,D,20171011,000000,878.63,880.3,872.98,876.42,8023393,0
^_PLNC,D,20171012,000000,876.74,876.94,869.51,871,9906369,0
^_PLNC,D,20171013,000000,871.69,873.54,869.38,871.36,17556757,0
^_PLNC,D,20171016,000000,871.88,873.42,867.45,869.23,7706710,0
^_PLNC,D,20171017,000000,869.43,873.64,868.44,873.64,8731095,0
^_PLNC,D,20171018,000000,873.39,876.37,872.59,874.46,7922887,0
^_PLNC,D,20171019,000000,875.54,876.64,870.84,872.52,8990038,0
^_PLNC,D,20171020,000000,871.22,873.92,869.48,872.04,9758369,0
^_PLNC,D,20171023,000000,871.31,871.79,862.9,866.47,11424025,0
^_PLNC,D,20171024,000000,865.56,866.35,859.99,861.62,8473258,0
^_PLNC,D,20171025,000000,862,862.24,856.35,859,7810404,0
^_PLNC,D,20171026,000000,858.94,861.46,857.35,859.78,7463511,0
^_PLNC,D,20171027,000000,859.54,860.98,854.3,859.45,10135820,0
^_PLNC,D,20171030,000000,858.46,859.98,853.83,859.98,5237558,0
^_PLNC,D,20171031,000000,859.94,862.82,856.91,862.38,8806678,0
^_PLNC,D,20171102,000000,862.21,862.34,856.98,862.34,5288504,0
^_PLNC,D,20171103,000000,862.85,864.81,859.62,863.94,7986992,0
^_PLNC,D,20171106,000000,863.91,864.37,854.21,855.82,11810256,0
^_PLNC,D,20171107,000000,855.58,856.12,845.75,847.34,10615809,0
^_PLNC,D,20171108,000000,848.77,849.79,844,848.16,7760575,0
^_PLNC,D,20171109,000000,847.8,847.8,844.17,846.12,10553902,0
^_PLNC,D,20171110,000000,846.78,850.17,843.49,849.79,7224236,0
^_PLNC,D,20171113,000000,849.08,851.35,843,844.17,5206567,0
^_PLNC,D,20171114,000000,845.41,846.78,840.08,843.85,9736459,0
^_PLNC,D,20171115,000000,842.72,843.56,833.11,835.59,7481414,0
^_PLNC,D,20171116,000000,836.66,837.32,830.02,833.99,4661723,0
^_PLNC,D,20171117,000000,833.35,833.98,826.4,830.47,10935963,0
^_PLNC,D,20171120,000000,829.09,830.13,825.7,827.62,12258515,0
^_PLNC,D,20171121,000000,827.07,828.99,823.4,825.81,17062978,0
^_PLNC,D,20171122,000000,825.93,826.27,817.38,821.72,7785865,0
^_PLNC,D,20171123,000000,820.54,822.51,815.54,818.23,4471593,0
^_PLNC,D,20171124,000000,817.71,820.66,813.56,820.52,5507210,0
^_PLNC,D,20171127,000000,819.77,821,809.54,815.06,12234800,0
^_PLNC,D,20171128,000000,814.42,815.93,806.66,808.71,9474000,0
^_PLNC,D,20171129,000000,808.15,808.62,805.24,807.94,9523710,0
^_PLNC,D,20171130,000000,806.48,808.52,803.87,808.52,11952532,0
^_PLNC,D,20171201,000000,808.81,810.75,804.21,806.76,4738621,0
^_PLNC,D,20171204,000000,807.79,808.4,798.83,801.52,8243002,0
^_PLNC,D,20171205,000000,799.97,801.55,796.32,800.95,8674439,0
^_PLNC,D,20171206,000000,798.51,798.75,791.74,794.18,8490059,0
^_PLNC,D,20171207,000000,794.62,796.85,789.5,792.22,8206112,0
^_PLNC,D,20171208,000000,792.5,793.9,787.32,789.16,9543814,0
^_PLNC,D,20171211,000000,789.66,791,783.44,788.06,15768350,0
^_PLNC,D,20171212,000000,787.41,787.88,781.83,783.9,10790987,0
^_PLNC,D,20171213,000000,784.34,785.4,779.64,780.24,6687460,0
^_PLNC,D,20171214,000000,780.33,782.24,774.04,776.9,15709994,0
^_PLNC,D,20171215,000000,776.03,779.3,774.88,779.3,14544162,0
^_PLNC,D,20171218,000000,778.55,780.03,772.24,773.7,9758146,0
^_PLNC,D,20171219,000000,773.36,773.73,769.78,771.27,8011379,0
^_PLNC,D,20171220,000000,770.1,771.11,767.46,768.86,28347451,0
^_PLNC,D,20171221,000000,769.07,769.42,764.75,766.09,11006782,0
^_PLNC,D,20171222,000000,766.68,767.17,764.69,767.17,15350204,0
^_PLNC,D,20171227,000000,765.78,768.07,756.33,760.33,39035801,0
^_PLNC,D,20171228,000000,760.52,767.22,760.11,766.75,6837411,0
^_PLNC,D,20171229,000000,765.34,770.72,765.34,770.49,38188110,0
^_PLNC,D,20180103,000000,776.69,780.24,776.42,779.94,18251826,0
^_PLNC,D,20180104,000000,779.9,784.64,779.48,784.37,8633024,0
^_PLNC,D,20180105,000000,784.08,784.52,780.87,780.87,3291081,0
^_PLNC,D,20180108,000000,781.5,783.21,777.6,779.9,11407774,0
^_PLNC,D,20180109,000000,779.02,785.15,778.76,781.79,3279643,0
^_PLNC,D,20180110,000000,782.61,783.4,779.55,780.86,2950739,0
^_PLNC,D,20180111,000000,781.86,784.27,780.15,784.27,6133995,0
^_PLNC,D,20180112,000000,785.58,790.78,783.37,790.78,4697607,0
^_PLNC,D,20180115,000000,789.94,791.94,789.09,791.31,5334697,0
^_PLNC,D,20180116,000000,791.42,796.73,790.61,796.73,11541320,0
^_PLNC,D,20180117,000000,796.38,797.16,785.22,787.73,12217377,0
^_PLNC,D,20180118,000000,787.95,788.49,781.83,785.63,11214298,0
^_PLNC,D,20180119,000000,785.75,789.97,785.15,789.43,8589890,0
^_PLNC,D,20180122,000000,788.4,790.19,784.74,786.36,9200290,0
^_PLNC,D,20180123,000000,786.04,787.61,782.84,785.78,9858878,0
^_PLNC,D,20180124,000000,785.94,787.46,783.95,786.96,8646552,0
^_PLNC,D,20180125,000000,787.23,787.87,780.61,783.33,7614651,0
^_PLNC,D,20180126,000000,782.76,783.75,778.35,781.08,9054596,0
^_PLNC,D,20180129,000000,780.5,784.34,780.27,784.34,8325136,0
^_PLNC,D,20180130,000000,783.87,784.67,778.46,780.82,20677513,0
^_PLNC,D,20180131,000000,780.89,783.16,778.17,780.44,9931188,0
^_PLNC,D,20180201,000000,781.89,785.6,780.66,782.5,11139983,0
^_PLNC,D,20180202,000000,782.6,787.43,781.21,787.43,12511244,0
^_PLNC,D,20180205,000000,786.72,788.21,784.42,786.58,12038178,0
^_PLNC,D,20180206,000000,782.73,782.91,767.42,771.79,10303219,0
^_PLNC,D,20180207,000000,771.82,773.6,766.62,771.21,9452257,0
^_PLNC,D,20180208,000000,770.85,777.88,768.23,777.13,12188071,0
^_PLNC,D,20180209,000000,775.5,778.82,772.73,778.82,13857529,0
^_PLNC,D,20180212,000000,777.72,781.54,776.68,781.54,17023575,0
^_PLNC,D,20180213,000000,782.59,784.79,780.86,784.79,20389601,0
^_PLNC,D,20180214,000000,783.71,785.79,781.38,785.72,13097857,0
^_PLNC,D,20180215,000000,785.59,787.22,778.13,779.79,25948065,0
^_PLNC,D,20180216,000000,778.94,781.65,777.54,779.42,25067395,0
^_PLNC,D,20180219,000000,779.61,780.84,773.94,774.38,11176651,0
^_PLNC,D,20180220,000000,774.38,780.82,772.97,780.36,8384105,0
^_PLNC,D,20180221,000000,780.34,780.34,770.32,771.31,4849777,0
^_PLNC,D,20180222,000000,773.41,775.71,769.48,775.71,5761208,0
^_PLNC,D,20180223,000000,775.71,778.66,773.12,778.53,6279825,0
^_PLNC,D,20180226,000000,778.61,778.93,761.71,763.71,10385649,0
^_PLNC,D,20180227,000000,763.86,766.11,762.55,766.11,7119791,0
^_PLNC,D,20180228,000000,766.07,766.65,761.7,764.15,6795129,0
^_PLNC,D,20180301,000000,764.44,765.43,760.67,764.93,6917736,0
^_PLNC,D,20180302,000000,764.93,766.02,762.75,765.62,8237284,0
^_PLNC,D,20180305,000000,766.89,768.38,765.11,767.88,5587563,0
^_PLNC,D,20180306,000000,767.93,770.56,766.9,770.52,5150142,0
^_PLNC,D,20180307,000000,772.17,773.04,763.36,764.67,5251541,0
^_PLNC,D,20180308,000000,765.49,766.94,761.84,766.94,4959306,0
^_PLNC,D,20180309,000000,767.2,769.11,765.13,768.58,6264860,0
^_PLNC,D,20180312,000000,769.2,769.45,761.02,762.71,8114773,0
^_PLNC,D,20180313,000000,762.66,763.15,760.23,760.73,6274907,0
^_PLNC,D,20180314,000000,760.57,763.92,757.86,763.56,7338809,0
^_PLNC,D,20180315,000000,763.56,764.67,759.87,763.97,5424861,0
^_PLNC,D,20180316,000000,763.93,766.18,761.51,765.24,6459308,0
^_PLNC,D,20180319,000000,765.33,765.84,760.24,765.06,8012465,0
^_PLNC,D,20180320,000000,765.09,766.29,760.18,761.08,5022743,0
^_PLNC,D,20180321,000000,761.08,762.08,755.51,757.71,8273882,0
^_PLNC,D,20180322,000000,756.99,758.53,754.83,758.4,5878720,0
^_PLNC,D,20180323,000000,758.76,762.44,757.79,761.39,7356385,0
^_PLNC,D,20180326,000000,761.45,764.69,760.5,762.62,6768878,0
^_PLNC,D,20180327,000000,763.14,763.93,758.7,760.83,5793406,0
^_PLNC,D,20180328,000000,760.95,761.53,751.75,753.54,5507567,0
^_PLNC,D,20180329,000000,753.54,755.61,751.43,755.12,8760173,0
^_PLNC,D,20180403,000000,754.11,755.54,746.76,753.5,6678967,0
^_PLNC,D,20180404,000000,754.82,756.68,746.39,749.65,12252103,0
^_PLNC,D,20180405,000000,750.89,750.96,741.43,745.64,18850086,0
^_PLNC,D,20180406,000000,745.28,745.85,740.99,744.33,28341691,0
^_PLNC,D,20180409,000000,744.58,746.38,742.99,746.38,14416009,0
^_PLNC,D,20180410,000000,747.32,749.19,744.57,746.03,5771803,0
^_PLNC,D,20180411,000000,746.02,746.66,741.27,741.68,5226957,0
^_PLNC,D,20180412,000000,741.67,742.11,738.25,741.63,11146468,0
^_PLNC,D,20180413,000000,741.8,743.07,736.72,739.51,7879828,0
^_PLNC,D,20180416,000000,739.45,739.45,732.17,734.67,6111109,0
^_PLNC,D,20180417,000000,734.88,735.71,731,734.71,5177368,0
^_PLNC,D,20180418,000000,736.15,736.73,728.75,730.14,12765843,0
^_PLNC,D,20180419,000000,730.94,731.52,725.28,726.61,10231050,0
^_PLNC,D,20180420,000000,726.72,727.42,719.87,723.22,5461347,0
^_PLNC,D,20180423,000000,722.98,723.47,718.04,720.12,4301497,0
^_PLNC,D,20180424,000000,719.85,720.85,710.98,711.97,12898469,0
^_PLNC,D,20180425,000000,712.48,712.6,703.66,704.08,4473711,0
^_PLNC,D,20180426,000000,705.68,705.94,697.06,699.38,4962136,0
^_PLNC,D,20180427,000000,699.41,701.97,696.19,701.97,4081117,0
^_PLNC,D,20180430,000000,702.36,702.73,698.33,702.73,2561735,0
^_PLNC,D,20180502,000000,703.09,703.09,699.41,701.92,5724038,0
^_PLNC,D,20180504,000000,702.04,702.91,700.5,702.56,4034239,0
^_PLNC,D,20180507,000000,702.95,704.41,698.7,703.99,3604423,0
^_PLNC,D,20180508,000000,703.47,704.7,697.63,698.94,3753404,0
^_PLNC,D,20180509,000000,699.66,700.18,692.93,695.95,4767457,0
^_PLNC,D,20180510,000000,695.83,697.07,694.28,697.07,3189978,0
^_PLNC,D,20180511,000000,697.13,698.95,694.29,695.83,7846870,0
^_PLNC,D,20180514,000000,696.54,696.73,690.53,693.14,6162764,0
^_PLNC,D,20180515,000000,692.99,693.32,686.88,693.16,8350678,0
^_PLNC,D,20180516,000000,692.76,693.54,689.91,692.86,6329881,0
^_PLNC,D,20180517,000000,692.42,695.81,691.65,694.97,7644580,0
^_PLNC,D,20180518,000000,695.33,696.05,690.28,693.33,5397931,0
^_PLNC,D,20180521,000000,693.39,693.59,683.73,686.36,6888143,0
^_PLNC,D,20180522,000000,685.65,687.29,680.37,683.66,4778141,0
^_PLNC,D,20180523,000000,682.92,683.56,677.96,678.28,3732674,0
^_PLNC,D,20180524,000000,678.03,678.68,669.95,674.15,8561734,0
^_PLNC,D,20180525,000000,673.96,675.15,668.83,674.51,8103391,0
^_PLNC,D,20180528,000000,674.49,675.35,669.52,670.96,5763055,0
^_PLNC,D,20180529,000000,670.73,670.86,661.2,664.55,6377650,0
^_PLNC,D,20180530,000000,664.27,664.62,658.79,662.05,4332730,0
^_PLNC,D,20180601,000000,661.5,661.73,657.1,660.17,4102776,0
^_PLNC,D,20180604,000000,659.76,660.47,655.41,656.87,5056184,0
^_PLNC,D,20180605,000000,656.7,660.76,654.86,660.76,3180596,0
^_PLNC,D,20180606,000000,660.54,662.64,659.54,662.64,4182041,0
^_PLNC,D,20180607,000000,662.75,664.32,660.17,662.02,1897772,0
^_PLNC,D,20180608,000000,662.19,667.12,660.53,667.12,6077569,0
^_PLNC,D,20180611,000000,667.13,667.44,662.13,666.19,7230341,0
^_PLNC,D,20180612,000000,666.24,667.63,664.92,667.44,9149286,0
^_PLNC,D,20180613,000000,668.23,669.24,664.66,667.23,7599815,0
^_PLNC,D,20180614,000000,667.62,669.28,665.57,669.28,6508352,0
^_PLNC,D,20180615,000000,669.46,671.45,667.47,668.77,5782263,0
^_PLNC,D,20180618,000000,669.29,669.8,664.49,665.85,5418923,0
^_PLNC,D,20180619,000000,665.96,666.23,662.46,664.53,9384898,0
^_PLNC,D,20180620,000000,664.59,664.59,660.81,663.58,9237826,0
^_PLNC,D,20180621,000000,663.48,663.71,660.37,661.04,4831568,0
^_PLNC,D,20180622,000000,661.39,663.47,660.34,663.47,4192211,0
^_PLNC,D,20180625,000000,663.73,665.23,659.66,661.94,3390989,0
^_PLNC,D,20180626,000000,661.45,662.55,657,658.97,4610210,0
^_PLNC,D,20180627,000000,659.43,660,655.77,658.43,6115940,0
^_PLNC,D,20180628,000000,659.31,660.13,655.11,658.84,4252143,0
^_PLNC,D,20180629,000000,658.32,660,656.46,658.51,4208564,0
^_PLNC,D,20180702,000000,658.83,659.69,656.28,657.05,4246956,0
^_PLNC,D,20180703,000000,656.54,658.79,653.99,656.31,3224420,0
^_PLNC,D,20180704,000000,656.46,658.86,654.38,658.38,9846120,0
^_PLNC,D,20180705,000000,659.15,659.8,656.37,659.44,13715976,0
^_PLNC,D,20180706,000000,659.87,660.46,655.34,657.22,4948352,0
^_PLNC,D,20180709,000000,657.21,658.2,652.83,654.75,9423626,0
^_PLNC,D,20180710,000000,654.76,656.32,652.2,656.13,7013305,0
^_PLNC,D,20180711,000000,656.28,657.47,653.78,657.19,7935555,0
^_PLNC,D,20180712,000000,657.33,659.1,655.77,658.8,14891579,0
^_PLNC,D,20180713,000000,659.16,660.06,653.23,656.51,20854617,0
^_PLNC,D,20180716,000000,658.07,658.29,652.99,657.31,8035856,0
^_PLNC,D,20180717,000000,658.55,658.63,653.95,658.28,8440701,0
^_PLNC,D,20180718,000000,658.31,658.31,651.62,652.8,10932466,0
^_PLNC,D,20180719,000000,652.88,654.16,650.29,652.15,7301189,0
^_PLNC,D,20180720,000000,652.61,654.01,649.61,652.19,3302762,0
^_PLNC,D,20180723,000000,651.84,652.69,649.21,649.33,4270682,0
^_PLNC,D,20180724,000000,649.37,649.93,641.68,644.39,6653247,0
^_PLNC,D,20180725,000000,643.93,647.22,643.93,646.69,7168046,0
^_PLNC,D,20180726,000000,646.57,647.27,644.81,647.27,3934036,0
^_PLNC,D,20180727,000000,647.23,647.95,645.82,647.75,4973318,0
^_PLNC,D,20180730,000000,648.47,649.61,643.41,644.95,5252596,0
^_PLNC,D,20180731,000000,646.25,649.02,643.77,649.02,6591204,0
^_PLNC,D,20180801,000000,649.25,650.35,645.63,647.44,3956636,0
^_PLNC,D,20180802,000000,648.26,650.2,647.33,650.2,4313238,0
^_PLNC,D,20180803,000000,651.3,653.13,649.83,652.69,8260661,0
^_PLNC,D,20180806,000000,652.94,653.72,645.59,647.22,4435688,0
^_PLNC,D,20180807,000000,647.23,650.21,647.01,650.21,4045356,0
^_PLNC,D,20180808,000000,650.85,651.09,645.58,649.8,5172347,0
^_PLNC,D,20180809,000000,650.94,651.24,644.46,650.26,5443519,0
^_PLNC,D,20180810,000000,650.11,652.38,648.43,652.38,4748856,0
^_PLNC,D,20180813,000000,652.01,653.44,649.55,651.5,7606896,0
^_PLNC,D,20180814,000000,652.04,652.67,646.38,647.67,11624023,0
^_PLNC,D,20180816,000000,647.37,647.85,641.85,644.28,7256591,0
^_PLNC,D,20180817,000000,644.46,644.47,639.38,644.17,4081504,0
^_PLNC,D,20180820,000000,643.43,643.63,635.56,637.08,3149607,0
^_PLNC,D,20180821,000000,637.04,638.76,635.71,637.97,3667112,0
^_PLNC,D,20180822,000000,636.8,636.98,632.4,635.75,6276856,0
^_PLNC,D,20180823,000000,636.01,636.95,629.14,635.43,5885574,0
^_PLNC,D,20180824,000000,636.23,636.88,632.16,636.65,6456711,0
^_PLNC,D,20180827,000000,636.99,638.43,633.89,635.58,4991206,0
^_PLNC,D,20180828,000000,636.47,636.79,631.3,632.85,3639397,0
^_PLNC,D,20180829,000000,633,636.88,630.63,636.88,3846322,0
^_PLNC,D,20180830,000000,637.21,637.32,633.68,635.94,2210007,0
^_PLNC,D,20180831,000000,636.09,636.76,631.59,633.09,3283785,0
^_PLNC,D,20180903,000000,634.05,634.68,628.42,629.15,3121481,0
^_PLNC,D,20180904,000000,629.25,629.35,625.37,626.64,4018158,0
^_PLNC,D,20180905,000000,627.04,627.56,620.32,622.9,3543402,0
^_PLNC,D,20180906,000000,622.13,623.27,614.1,617.52,3876116,0
^_PLNC,D,20180907,000000,617.27,617.76,610.87,614.24,3715992,0
^_PLNC,D,20180910,000000,613.22,613.85,608.49,610.9,3758153,0
^_PLNC,D,20180911,000000,610.9,611.52,607.7,610.73,2597941,0
^_PLNC,D,20180912,000000,611.04,611.19,606.76,609.56,2335840,0
^_PLNC,D,20180913,000000,609.65,611.96,608.69,611.96,2869518,0
^_PLNC,D,20180914,000000,611.65,614.01,609.99,611.93,3040093,0
^_PLNC,D,20180917,000000,612.08,612.26,608.68,612.1,2066583,0
^_PLNC,D,20180918,000000,611.82,613.79,611.39,613.79,3094332,0
^_PLNC,D,20180919,000000,613.69,614.52,609.44,613,2355290,0
^_PLNC,D,20180920,000000,613.77,614.53,611.17,613.22,4050475,0
^_PLNC,D,20180921,000000,612.92,613.41,610.02,612.6,2200536,0
^_PLNC,D,20180924,000000,612.91,614.16,606.82,609.11,2965352,0
^_PLNC,D,20180925,000000,608.67,608.78,604.88,607.27,2795525,0
^_PLNC,D,20180926,000000,607.4,609.7,604.95,606.14,5865839,0
^_PLNC,D,20180927,000000,605.6,606.67,602.86,604.73,6705058,0
^_PLNC,D,20180928,000000,604.54,606.8,603.92,605.81,3395589,0
^_PLNC,D,20181001,000000,605.6,606.28,601.72,603.32,2980635,0
^_PLNC,D,20181002,000000,603.03,604.13,600.69,602.7,12867625,0
^_PLNC,D,20181003,000000,602.32,602.53,599.93,602.53,2772448,0
^_PLNC,D,20181004,000000,602.74,603.8,600.01,601.83,2563904,0
^_PLNC,D,20181005,000000,601.66,603.07,600.08,601.27,3088149,0
^_PLNC,D,20181008,000000,602.03,602.36,596.78,599.39,4199529,0
^_PLNC,D,20181009,000000,599.53,600.69,595.53,599.29,2554767,0
^_PLNC,D,20181010,000000,599.29,600.77,596.35,597.82,2868950,0
^_PLNC,D,20181011,000000,596.87,596.98,591.56,593.87,2616174,0
^_PLNC,D,20181012,000000,594.74,598.32,594.55,597.7,5519657,0
^_PLNC,D,20181015,000000,597.35,599.37,596.91,597.68,3436060,0
^_PLNC,D,20181016,000000,598.21,598.25,594.41,596.16,3843927,0
^_PLNC,D,20181017,000000,596.36,597.89,593.71,594.51,4666163,0
^_PLNC,D,20181018,000000,594.95,596.99,593.32,596.79,4317352,0
^_PLNC,D,20181019,000000,597,597.7,594.95,596.14,4377585,0
^_PLNC,D,20181022,000000,595.8,596.91,592.76,594.6,4701035,0
^_PLNC,D,20181023,000000,594.32,594.43,586.81,589.24,4472977,0
^_PLNC,D,20181024,000000,589.21,589.82,586.58,587.47,3740249,0
^_PLNC,D,20181025,000000,587.19,588.1,583.15,585.46,2751170,0
^_PLNC,D,20181026,000000,586.36,586.91,583.63,585.3,2732004,0
^_PLNC,D,20181029,000000,585.51,585.71,583.69,584.66,8925807,0
^_PLNC,D,20181030,000000,584.73,585.37,579.49,581.19,6584814,0
^_PLNC,D,20181031,000000,580.94,584.15,580.21,584.15,4068807,0
^_PLNC,D,20181102,000000,583.7,585.29,582.08,584.88,1582373,0
^_PLNC,D,20181105,000000,585.1,585.85,580.59,582.7,5627778,0
^_PLNC,D,20181106,000000,581.33,582.15,578.47,580.66,2815407,0
^_PLNC,D,20181107,000000,581.21,581.64,578.07,580.23,3863111,0
^_PLNC,D,20181108,000000,580.43,580.82,576.45,578.27,2638336,0
^_PLNC,D,20181109,000000,578.14,578.58,573.12,574.37,3314227,0
^_PLNC,D,20181113,000000,573.33,573.77,570.58,571.62,1608422,0
^_PLNC,D,20181114,000000,570.97,571.38,567.27,569.26,2732609,0
^_PLNC,D,20181115,000000,567.2,567.2,558.91,560.41,6891800,0
^_PLNC,D,20181116,000000,560.4,560.7,554.11,557.87,4552507,0
^_PLNC,D,20181119,000000,557.93,557.93,552.34,554.09,7564265,0
^_PLNC,D,20181120,000000,554.42,554.96,550.83,553.17,2954474,0
^_PLNC,D,20181121,000000,552.04,552.32,546.91,549.49,4276015,0
^_PLNC,D,20181122,000000,549.37,550.96,544.88,550.84,3863801,0
^_PLNC,D,20181123,000000,550.84,556.51,550.84,556.51,3414360,0
^_PLNC,D,20181126,000000,556.85,557.26,550.38,553.58,5259437,0
^_PLNC,D,20181127,000000,553.78,556.09,552.33,556.09,5437413,0
^_PLNC,D,20181128,000000,556.22,556.25,553.23,555.49,2457758,0
^_PLNC,D,20181129,000000,554.29,555.78,550.57,553.29,4009794,0
^_PLNC,D,20181130,000000,553.35,555.01,551.42,555.01,4637510,0
^_PLNC,D,20181203,000000,555.64,557.46,553.63,555.71,4007411,0
^_PLNC,D,20181204,000000,555.9,556.28,553.12,555.3,2480411,0
^_PLNC,D,20181205,000000,555.22,555.24,551.69,553.26,3116438,0
^_PLNC,D,20181206,000000,552.96,552.96,548.1,549.24,4702906,0
^_PLNC,D,20181207,000000,549.65,549.83,545.96,548.88,4885644,0
^_PLNC,D,20181210,000000,548.58,548.83,544.72,548.34,3989949,0
^_PLNC,D,20181211,000000,548.16,548.92,543.46,544.62,5270885,0
^_PLNC,D,20181212,000000,543.87,544.63,540.06,541,4147371,0
^_PLNC,D,20181213,000000,541.9,541.94,538.8,541.41,7425223,0
^_PLNC,D,20181214,000000,541.28,545.33,540.32,545.33,5152170,0
^_PLNC,D,20181217,000000,545.19,545.47,541.1,542.58,3983289,0
^_PLNC,D,20181218,000000,541.42,542.84,536.59,538.27,7650388,0
^_PLNC,D,20181219,000000,538.27,538.77,535.49,538.47,6246433,0
^_PLNC,D,20181220,000000,538.5,538.5,533.85,535.93,4831739,0
^_PLNC,D,20181221,000000,535.43,536.41,532.12,536.41,5858494,0
^_PLNC,D,20181227,000000,537.15,539.89,536.76,539.89,2675506,0
^_PLNC,D,20181228,000000,539.8,540.76,536.62,538.96,4674633,0
^_PLNC,D,20190102,000000,539.03,543.24,538.89,543.07,5858862,0
^_PLNC,D,20190103,000000,543.1,545.55,542.89,545.55,3893396,0
^_PLNC,D,20190104,000000,545.07,546.76,543.86,546.76,3367968,0
^_PLNC,D,20190107,000000,546.26,549.42,546.25,548.96,4328685,0
^_PLNC,D,20190108,000000,549.39,550.56,548.24,548.75,3418276,0
^_PLNC,D,20190109,000000,549.73,551.07,546.76,548.79,4779335,0
^_PLNC,D,20190110,000000,549.02,552.61,546.79,552.57,16389313,0
^_PLNC,D,20190111,000000,553.55,556.09,551.67,555.91,16987304,0
^_PLNC,D,20190114,000000,556.2,557.67,555.85,557.43,13180133,0
^_PLNC,D,20190115,000000,557.9,557.92,554.52,557.2,11362304,0
^_PLNC,D,20190116,000000,557.59,558.46,556.69,557.19,22263781,0
^_PLNC,D,20190117,000000,557.49,557.9,554.46,557.9,9802975,0
^_PLNC,D,20190118,000000,557.91,562.28,557.79,562.28,9976994,0
^_PLNC,D,20190121,000000,562.27,563.4,558.66,561.51,6133219,0
^_PLNC,D,20190122,000000,561.84,562.42,557.89,559.33,11818317,0
^_PLNC,D,20190123,000000,559.32,560.01,555.65,560.01,6410049,0
^_PLNC,D,20190124,000000,559.97,565.04,559.97,565.04,5660646,0
^_PLNC,D,20190125,000000,565.47,568.95,565.35,568.95,12688381,0
^_PLNC,D,20190128,000000,567.54,570.47,566.16,570.27,18974506,0
^_PLNC,D,20190129,000000,569.93,571.81,568.95,570.8,10930168,0
^_PLNC,D,20190130,000000,570.38,571.4,568.11,570.13,10964364,0
^_PLNC,D,20190131,000000,570.34,572.09,569.51,572.03,8106355,0
^_PLNC,D,20190201,000000,572.44,574.32,572.23,573.65,5815726,0
^_PLNC,D,20190204,000000,574.06,576.34,573.43,575.76,4905724,0
^_PLNC,D,20190205,000000,576.07,577.04,573.26,575.38,6733035,0
^_PLNC,D,20190206,000000,574.21,576.04,573.78,575.6,4928371,0
^_PLNC,D,20190207,000000,575.34,578.7,573.99,578.7,6346344,0
^_PLNC,D,20190208,000000,578.48,579.14,575.96,579.08,5934203,0
^_PLNC,D,20190211,000000,579.39,580.45,577.47,580.45,13571791,0
^_PLNC,D,20190212,000000,581.12,581.46,577.2,581.36,8519872,0
^_PLNC,D,20190213,000000,581.55,585.73,580.23,585.73,7703707,0
^_PLNC,D,20190214,000000,585.64,586.65,582.43,584.39,10436941,0
^_PLNC,D,20190215,000000,586.03,589.13,585.35,588.91,10159354,0
^_PLNC,D,20190218,000000,589.59,590.97,586.92,588.26,8917495,0
^_PLNC,D,20190219,000000,589.02,589.02,584.37,586.76,11648807,0
^_PLNC,D,20190220,000000,586.3,588.13,584.75,588.13,7082841,0
^_PLNC,D,20190221,000000,588.77,592.38,588.09,592.38,14731053,0
^_PLNC,D,20190222,000000,592.53,594.2,590.45,593.83,10612507,0
^_PLNC,D,20190225,000000,593.8,594.54,590.83,593.26,9704472,0
^_PLNC,D,20190226,000000,593.05,595.12,590.83,593.87,7603527,0
^_PLNC,D,20190227,000000,593.77,596.78,592.73,595.59,9007017,0
^_PLNC,D,20190228,000000,595,596.44,593.29,593.5,4165249,0
^_PLNC,D,20190301,000000,594.31,597.03,593.55,596.86,6474281,0
^_PLNC,D,20190304,000000,597.52,599.85,595.14,597.42,6040709,0
^_PLNC,D,20190305,000000,597.83,599.53,597,599.53,6238918,0
^_PLNC,D,20190306,000000,600.11,600.52,598.08,600.52,6819212,0
^_PLNC,D,20190307,000000,600.37,603.14,598.57,603.14,8661259,0
^_PLNC,D,20190308,000000,603.35,607.13,601.43,607.13,5962053,0
^_PLNC,D,20190311,000000,607.53,608.64,604.62,604.62,3809663,0
^_PLNC,D,20190312,000000,604.66,605.29,602.81,605.29,4650148,0
^_PLNC,D,20190313,000000,605.15,606.47,603.01,606.03,7452891,0
^_PLNC,D,20190314,000000,605.59,605.87,600.14,601.17,4921057,0
^_PLNC,D,20190315,000000,601.42,605.44,601.13,605.44,4800420,0
^_PLNC,D,20190318,000000,605.76,606.68,602.9,606.68,3927691,0
^_PLNC,D,20190319,000000,606.54,607.13,593.12,596.6,4358623,0
^_PLNC,D,20190320,000000,596.12,596.12,592.27,595.1,3976058,0
^_PLNC,D,20190321,000000,595.82,597.08,593.54,595.28,3768279,0
^_PLNC,D,20190322,000000,595.7,595.91,588.56,590.48,5137069,0
^_PLNC,D,20190325,000000,590.79,591.99,585.7,587.99,4667743,0
^_PLNC,D,20190326,000000,587.84,587.84,584.77,587.09,5072072,0
^_PLNC,D,20190327,000000,587.08,588.12,585.09,585.55,3772290,0
^_PLNC,D,20190328,000000,586.27,587.82,585.31,587.82,3290016,0
^_PLNC,D,20190329,000000,587.15,587.61,582.06,585.68,4386954,0
^_PLNC,D,20190401,000000,587.24,589.56,586.62,589.32,4625797,0
^_PLNC,D,20190402,000000,589.78,590.59,586.48,590.59,4600160,0
^_PLNC,D,20190403,000000,591.36,591.72,585.48,587.32,3275611,0
^_PLNC,D,20190404,000000,587.29,589.18,586.39,589.18,5037173,0
^_PLNC,D,20190405,000000,588.85,589.37,587.67,588.79,6461373,0
^_PLNC,D,20190408,000000,588.8,589.2,584.67,586.41,9298719,0
^_PLNC,D,20190409,000000,586.17,586.37,582.25,584.96,8699709,0
^_PLNC,D,20190410,000000,585.22,585.84,582.13,584.06,5275460,0
^_PLNC,D,20190411,000000,584.29,584.77,582.5,583.65,6687248,0
^_PLNC,D,20190412,000000,583.65,584.83,582.87,583.83,5209225,0
^_PLNC,D,20190415,000000,583.54,584.91,582.25,584.91,5585919,0
^_PLNC,D,20190416,000000,584.96,585.92,583.51,584.57,4674023,0
^_PLNC,D,20190417,000000,583.95,587.26,583.92,586.01,3509572,0
^_PLNC,D,20190418,000000,586.86,588.49,585.73,587.09,2974307,0
^_PLNC,D,20190423,000000,587.41,587.57,583.53,583.79,8080242,0
^_PLNC,D,20190424,000000,584.3,585.24,582.63,584.1,8494084,0
^_PLNC,D,20190425,000000,584.64,585.13,580.42,582.63,4631314,0
^_PLNC,D,20190426,000000,582.92,582.92,577.74,579.95,8715410,0
^_PLNC,D,20190429,000000,580.02,580.27,575.6,577.02,3907764,0
^_PLNC,D,20190430,000000,576.78,577.27,574.42,576.09,3115161,0
^_PLNC,D,20190502,000000,575.53,576.32,573,576.32,1933085,0
^_PLNC,D,20190506,000000,576.32,576.86,569.17,571.61,3148612,0
^_PLNC,D,20190507,000000,571.69,571.82,566.52,567.44,4433358,0
^_PLNC,D,20190508,000000,567.03,568.22,563.34,566.69,5118487,0
^_PLNC,D,20190509,000000,567.67,567.98,563.65,565.75,6231722,0
^_PLNC,D,20190510,000000,565.37,566.17,564,565.18,4556499,0
^_PLNC,D,20190513,000000,565.18,565.49,562.37,564.02,4370280,0
^_PLNC,D,20190514,000000,564.02,568.22,563.78,568.22,5110654,0
^_PLNC,D,20190515,000000,568.4,568.62,562.14,563.97,4349884,0
^_PLNC,D,20190516,000000,564.24,565.63,560.44,562.8,4008144,0
^_PLNC,D,20190517,000000,563.45,563.81,557.99,561.02,4359499,0
^_PLNC,D,20190520,000000,561,561.88,556.15,558.13,5309524,0
^_PLNC,D,20190521,000000,556.74,556.74,552.08,554,3783186,0
^_PLNC,D,20190522,000000,554.28,554.56,549.91,550.28,4993482,0
^_PLNC,D,20190523,000000,549.89,550.28,547.79,548.81,2859981,0
^_PLNC,D,20190524,000000,549.06,549.84,548.17,548.52,5123234,0
^_PLNC,D,20190527,000000,548.36,548.9,544.49,545.34,3158271,0
^_PLNC,D,20190528,000000,545.42,545.99,543.93,545.15,2351901,0
^_PLNC,D,20190529,000000,545.51,546.48,542.71,544.67,7698955,0
^_PLNC,D,20190530,000000,544.69,545.83,541.68,543.51,2555602,0
^_PLNC,D,20190531,000000,543.66,547.05,543.05,547.05,2735777,0
^_PLNC,D,20190603,000000,546.33,547.16,540.67,541.44,3143209,0
^_PLNC,D,20190604,000000,541.63,542.32,537.63,540.02,2987108,0
^_PLNC,D,20190605,000000,539.87,540.13,537.12,539.38,2454214,0
^_PLNC,D,20190606,000000,538.91,540.72,536.57,538.03,1929469,0
^_PLNC,D,20190607,000000,538.16,538.54,535.91,538.29,2442001,0
^_PLNC,D,20190610,000000,539.01,539.05,534.23,534.99,2720839,0
^_PLNC,D,20190611,000000,535.76,536.48,534.47,536.39,2392273,0
^_PLNC,D,20190612,000000,536.58,537.92,535.48,536.53,3275726,0
^_PLNC,D,20190613,000000,536.55,537.19,535.79,536.94,2103739,0
^_PLNC,D,20190614,000000,536.39,537.74,533.59,534.22,2448556,0
^_PLNC,D,20190617,000000,534.11,535.45,533.31,535.13,1974970,0
^_PLNC,D,20190618,000000,534.64,536.41,533.34,536.39,1956652,0
^_PLNC,D,20190619,000000,536.43,537.94,535.18,536.09,8577634,0
^_PLNC,D,20190621,000000,536.67,537.49,534.17,536.2,1491909,0
^_PLNC,D,20190624,000000,536.47,536.76,533.5,536.06,1310020,0
^_PLNC,D,20190625,000000,536.12,536.6,531.89,534.05,4046243,0
^_PLNC,D,20190626,000000,534.2,534.22,531.78,533.33,3309162,0
^_PLNC,D,20190627,000000,533.33,534.76,532.73,534.76,1629046,0
^_PLNC,D,20190628,000000,533.75,535.41,533.23,534.22,2842628,0
^_PLNC,D,20190701,000000,533.94,535.84,533.43,535.84,1545515,0
^_PLNC,D,20190702,000000,536.09,536.65,535,535.63,2498821,0
^_PLNC,D,20190703,000000,535.79,537.27,534.65,536.34,1998236,0
^_PLNC,D,20190704,000000,536.59,538.23,534.04,534.56,7013643,0
^_PLNC,D,20190705,000000,535.05,535.35,532.01,532.59,7826230,0
^_PLNC,D,20190708,000000,532.88,533.31,530.38,531.72,4140431,0
^_PLNC,D,20190709,000000,532.12,532.35,530.27,531.84,3264251,0
^_PLNC,D,20190710,000000,532.22,532.35,528.8,530.17,2511004,0
^_PLNC,D,20190711,000000,530.45,531.97,529.44,531.62,2429053,0
^_PLNC,D,20190712,000000,531.88,531.97,530.02,531.33,9477473,0
^_PLNC,D,20190715,000000,531.82,532.63,529.74,532.07,2289213,0
^_PLNC,D,20190716,000000,532.16,533.24,529.39,530.48,1606701,0
^_PLNC,D,20190717,000000,530.67,531.11,528.92,531.08,4053533,0
^_PLNC,D,20190718,000000,531.76,532.55,530.56,532.04,1119216,0
^_PLNC,D,20190719,000000,532.85,532.9,530.35,532.64,2256177,0
^_PLNC,D,20190722,000000,533.24,533.29,529.89,530.64,2243417,0
^_PLNC,D,20190723,000000,530.83,531.22,528.86,528.92,3386720,0
^_PLNC,D,20190724,000000,529.54,529.54,525.76,527.37,2097936,0
^_PLNC,D,20190725,000000,527.82,528.22,524.69,525.33,2296210,0
^_PLNC,D,20190726,000000,525.67,527.81,524.59,527.81,1910111,0
^_PLNC,D,20190729,000000,528.09,528.7,525.21,526.47,2184419,0
^_PLNC,D,20190730,000000,525.87,528.58,525.6,527.66,3233763,0
^_PLNC,D,20190731,000000,527.65,528.51,526.15,527.19,2250042,0
^_PLNC,D,20190801,000000,526.89,527.76,525.56,527.68,2083847,0
^_PLNC,D,20190802,000000,527.78,528.82,525.58,528.78,9173571,0
^_PLNC,D,20190805,000000,528.99,530.39,527.84,529.15,2013004,0
^_PLNC,D,20190806,000000,529.37,529.73,527.18,529.05,8668139,0
^_PLNC,D,20190807,000000,529.68,531.2,527.44,528.82,2533367,0
^_PLNC,D,20190808,000000,528.94,531.58,528.8,530.86,2293639,0
^_PLNC,D,20190809,000000,531.5,533.55,530.46,531.49,1937351,0
^_PLNC,D,20190812,000000,531.74,532.58,527.96,529.68,2278384,0
^_PLNC,D,20190813,000000,529.32,532.28,528.84,532.28,2538638,0
^_PLNC,D,20190814,000000,532.28,533.26,527.22,529.3,4357378,0
^_PLNC,D,20190816,000000,529.24,531.11,527.82,531.11,2834982,0
^_PLNC,D,20190819,000000,531.02,531.25,528.3,529.15,3368505,0
^_PLNC,D,20190820,000000,530.3,530.3,524.01,524.97,2703523,0
^_PLNC,D,20190821,000000,524.99,525.45,523.48,524.29,2160523,0
^_PLNC,D,20190822,000000,524.27,524.83,522.45,524.79,1984009,0
^_PLNC,D,20190823,000000,524.8,525.82,524.07,525.82,1942256,0
^_PLNC,D,20190826,000000,525.58,527.17,525.55,526.15,2607341,0
^_PLNC,D,20190827,000000,526.16,526.5,523.64,525.18,2606221,0
^_PLNC,D,20190828,000000,524.63,526.94,523.85,525.17,1848529,0
^_PLNC,D,20190829,000000,524.9,525.41,523.16,525.14,2172908,0
^_PLNC,D,20190830,000000,525.13,526.92,524.66,525.21,2088245,0
^_PLNC,D,20190902,000000,525.34,525.57,522.38,523.23,2262301,0
^_PLNC,D,20190903,000000,523.22,524.18,521.36,522.93,1915743,0
^_PLNC,D,20190904,000000,523.01,526.15,522.14,526.15,2385837,0
^_PLNC,D,20190905,000000,526.61,527.13,525.37,526.65,2521544,0
^_PLNC,D,20190906,000000,526.71,526.8,524.4,525.35,2241026,0
^_PLNC,D,20190909,000000,525.71,527.75,523.36,524.61,4222643,0
^_PLNC,D,20190910,000000,525.26,525.64,523.06,524.35,2557021,0
^_PLNC,D,20190911,000000,524.63,527.18,523.68,526.82,5827599,0
^_PLNC,D,20190912,000000,527.25,528.89,527.06,528.25,3621476,0
^_PLNC,D,20190913,000000,528.53,529.88,527.94,529.88,3137597,0
^_PLNC,D,20190916,000000,530.06,531.91,528.74,531.37,3503128,0
^_PLNC,D,20190917,000000,531.75,532.17,527.02,529.29,3927409,0
^_PLNC,D,20190918,000000,529.01,530.05,525.47,527.17,3356239,0
^_PLNC,D,20190919,000000,527.24,529.09,526.04,528.71,4183877,0
^_PLNC,D,20190920,000000,528.74,531.79,527.83,531.79,3845793,0
^_PLNC,D,20190923,000000,532.04,534.37,531.67,533.2,6619547,0
^_PLNC,D,20190924,000000,532.94,533.66,531.28,533.56,4359632,0
^_PLNC,D,20190925,000000,533.86,536.88,533.55,536.82,12796112,0
^_PLNC,D,20190926,000000,536.99,538.8,535.7,537.56,3117028,0
^_PLNC,D,20190927,000000,537.86,538.52,535.81,537.98,3785632,0
^_PLNC,D,20190930,000000,538.3,538.55,532.57,534.79,5175858,0
^_PLNC,D,20191001,000000,535.18,535.65,532.93,533.79,5020866,0
^_PLNC,D,20191002,000000,534.01,534.83,529.6,531.29,2864840,0
^_PLNC,D,20191003,000000,531.24,535.27,530.81,535.25,3648917,0
^_PLNC,D,20191004,000000,536.32,536.66,533.24,534.94,3164068,0
^_PLNC,D,20191007,000000,534.71,538.28,533.33,538.28,3183203,0
^_PLNC,D,20191008,000000,538.4,539.88,537.06,539.13,3317277,0
^_PLNC,D,20191009,000000,539.59,539.91,536.55,538.92,6012611,0
^_PLNC,D,20191010,000000,539.74,542.64,537.93,542.64,4713660,0
^_PLNC,D,20191011,000000,542.84,544.1,542.51,543.91,6704703,0
^_PLNC,D,20191014,000000,543.83,543.86,542.06,542.65,1604951,0
^_PLNC,D,20191015,000000,542.67,544.63,541.76,543.57,4906979,0
^_PLNC,D,20191016,000000,543.21,544.35,541.99,544.35,4157035,0
^_PLNC,D,20191017,000000,544.73,546.52,541.73,546.05,5553811,0
^_PLNC,D,20191018,000000,545.74,547.42,545.01,545.48,4417407,0
^_PLNC,D,20191021,000000,544.87,546.04,543.34,545.45,3483238,0
^_PLNC,D,20191022,000000,545.33,546.05,541.39,542.32,10500581,0
^_PLNC,D,20191023,000000,542.43,544.69,542.43,544,2579510,0
^_PLNC,D,20191024,000000,543.86,544.59,542.81,544.54,5403417,0
^_PLNC,D,20191025,000000,544.44,545.22,542.83,545.22,6517454,0
^_PLNC,D,20191028,000000,545.2,549.03,545.2,549.03,11059016,0
^_PLNC,D,20191029,000000,549.06,550.06,546.48,548.81,6795705,0
^_PLNC,D,20191030,000000,548.8,549.09,546.57,546.81,8057702,0
^_PLNC,D,20191031,000000,546.5,546.98,541.9,543.94,9047559,0
^_PLNC,D,20191104,000000,543.92,545.57,542.22,543.73,5300541,0
^_PLNC,D,20191105,000000,543.71,544.67,542.62,544.67,7357827,0
^_PLNC,D,20191106,000000,545.12,547.81,543.51,546.69,10382636,0
^_PLNC,D,20191107,000000,546.95,551.56,546.59,551.56,11138578,0
^_PLNC,D,20191108,000000,552.35,554.27,550.83,554.27,9521868,0
^_PLNC,D,20191112,000000,554.61,555.54,553.34,554.37,7934086,0
^_PLNC,D,20191113,000000,554.67,556.11,552.53,556.11,6621057,0
^_PLNC,D,20191114,000000,556.22,557.39,553.94,556.51,3922454,0
^_PLNC,D,20191115,000000,556.38,556.72,552.33,555.59,9287294,0
^_PLNC,D,20191118,000000,555.76,555.93,550.41,551.9,5608791,0
^_PLNC,D,20191119,000000,551.44,553.26,550.65,553.26,5228047,0
^_PLNC,D,20191120,000000,553.48,554.31,550.14,552.26,3288132,0
^_PLNC,D,20191121,000000,551.97,553.6,550.41,553.23,3917268,0
^_PLNC,D,20191122,000000,553.07,554.1,551.35,554.1,3601636,0
^_PLNC,D,20191125,000000,553.95,556.22,553.29,556.22,3996708,0
^_PLNC,D,20191126,000000,556.3,556.5,552.65,554.77,5287478,0
^_PLNC,D,20191127,000000,555.72,556.69,553.09,555.42,4171695,0
^_PLNC,D,20191128,000000,555.71,556.82,553.98,554.63,3585013,0
^_PLNC,D,20191129,000000,554.31,556.3,553.79,556.3,3405111,0
^_PLNC,D,20191202,000000,556.34,557.83,553.85,556.04,3386095,0
^_PLNC,D,20191203,000000,556.08,557.27,554.13,556.41,2705461,0
^_PLNC,D,20191204,000000,556.42,557.08,553.55,555.39,1946822,0
^_PLNC,D,20191205,000000,554.31,555.13,551.24,552.36,2755695,0
^_PLNC,D,20191206,000000,552.31,555.19,551.31,555.19,4342744,0
^_PLNC,D,20191209,000000,555.13,556.01,553.24,555.34,2996278,0
^_PLNC,D,20191210,000000,556.17,556.88,552.89,554.49,2510062,0
^_PLNC,D,20191211,000000,554.6,555.65,553.14,553.2,4196409,0
^_PLNC,D,20191212,000000,553.46,555.55,551.26,552.98,4096958,0
^_PLNC,D,20191213,000000,553.24,554.06,551.37,553.32,3265955,0
^_PLNC,D,20191216,000000,553.37,554.75,550.57,551.84,3416715,0
^_PLNC,D,20191217,000000,549.97,551.71,545.64,546.54,4927713,0
^_PLNC,D,20191218,000000,546.78,547.75,545.2,546.57,6559748,0
^_PLNC,D,20191219,000000,546.57,547.96,543.67,545.55,4836245,0
^_PLNC,D,20191220,000000,545.65,547.32,543.9,547.32,6200642,0
^_PLNC,D,20191223,000000,547.46,547.46,542.77,546.32,6182802,0
^_PLNC,D,20191227,000000,546.26,549.59,545.6,549.46,4261868,0
^_PLNC,D,20191230,000000,549.45,556.31,549.45,556.31,4631325,0
^_PLNC,D,20200102,000000,556.26,560.37,555.59,560.37,5668351,0
^_PLNC,D,20200103,000000,560.37,560.59,558.25,560.31,3460139,0
^_PLNC,D,20200107,000000,560.1,561.41,559.21,560.66,4191932,0
^_PLNC,D,20200108,000000,560.78,562.08,559.9,561.04,7056606,0
^_PLNC,D,20200109,000000,560.9,566.16,560.76,566.16,7174983,0
^_PLNC,D,20200110,000000,567.13,570.58,565.52,569.85,6250146,0
^_PLNC,D,20200113,000000,569.9,574.26,569.9,574.18,14275166,0
^_PLNC,D,20200114,000000,574.16,575.27,572.9,574.63,11715269,0
^_PLNC,D,20200115,000000,574.37,579.41,574.37,579.41,9529224,0
^_PLNC,D,20200116,000000,579.97,584.43,579.97,584.41,10826346,0
^_PLNC,D,20200117,000000,584.57,589.57,584,589.57,14241982,0
^_PLNC,D,20200120,000000,590,592.48,589.45,591.97,13663388,0
^_PLNC,D,20200121,000000,591.95,594.48,591.38,594.48,9362198,0
^_PLNC,D,20200122,000000,594.42,596.92,591.72,596.92,9869111,0
^_PLNC,D,20200123,000000,597.65,599.46,595.7,598.61,12785088,0
^_PLNC,D,20200124,000000,598.41,601.63,597.58,599.79,18508447,0
^_PLNC,D,20200127,000000,599.92,600.44,594.21,597.37,12890484,0
^_PLNC,D,20200128,000000,597.48,599.5,596.54,599.5,9248668,0
^_PLNC,D,20200129,000000,600.58,601.59,598.58,601.59,13348822,0
^_PLNC,D,20200130,000000,601.33,601.48,596.24,600.91,11714195,0
^_PLNC,D,20200131,000000,601.75,603.23,599.58,602.87,10587014,0
^_PLNC,D,20200203,000000,603.83,605.22,601.45,605.02,10356428,0
^_PLNC,D,20200204,000000,605.13,608.73,604.96,608.73,8053112,0
^_PLNC,D,20200205,000000,609.16,612.85,608.75,612.85,9113788,0
^_PLNC,D,20200206,000000,612.49,618.55,612.49,618.55,10999134,0
^_PLNC,D,20200207,000000,619.74,623.16,619.16,623.16,17053722,0
^_PLNC,D,20200210,000000,623,624.86,620.46,622.16,11877366,0
^_PLNC,D,20200211,000000,622.93,624.95,622.5,624.93,10552024,0
^_PLNC,D,20200212,000000,623.83,626.57,623.09,625.33,15256417,0
^_PLNC,D,20200213,000000,625.33,629.01,623.87,629.01,10840512,0
^_PLNC,D,20200214,000000,628.79,633.49,628.79,633.49,12939820,0
^_PLNC,D,20200217,000000,635.72,639.8,635.58,639.4,20983905,0
^_PLNC,D,20200218,000000,639.27,640.47,637.03,640.46,12389925,0
^_PLNC,D,20200219,000000,640.99,641.43,634.01,637.08,18681740,0
^_PLNC,D,20200220,000000,637.93,638.4,634.54,637.18,14766410,0
^_PLNC,D,20200221,000000,637.37,643.1,634.74,643.1,11452102,0
^_PLNC,D,20200224,000000,643.1,643.21,627.82,629.53,11820517,0
^_PLNC,D,20200225,000000,628.8,629.19,616.22,619.2,16208183,0
^_PLNC,D,20200226,000000,618.11,618.76,606.42,616.94,12236508,0
^_PLNC,D,20200227,000000,616.04,616.36,602.13,603.81,6693227,0
^_PLNC,D,20200228,000000,598.26,598.26,573.12,580.58,14145994,0
^_PLNC,D,20200302,000000,580.76,587.64,580.68,587.64,9113541,0
^_PLNC,D,20200303,000000,589.89,598.57,589.89,598.57,10937063,0
^_PLNC,D,20200304,000000,597.13,597.36,590.68,593.1,8193225,0
^_PLNC,D,20200305,000000,593.7,596.05,592,595.11,4748863,0
^_PLNC,D,20200306,000000,593.81,594.55,585.19,587.29,5782874,0
^_PLNC,D,20200309,000000,578.82,578.84,547.37,552.27,12651642,0
^_PLNC,D,20200310,000000,552.35,556.74,550.42,551.98,7541295,0
^_PLNC,D,20200311,000000,551.77,553.2,526.18,526.98,9025100,0
^_PLNC,D,20200312,000000,520.65,520.65,497.53,497.91,15256333,0
^_PLNC,D,20200313,000000,498.7,513.01,498.7,505.93,12825235,0
^_PLNC,D,20200316,000000,504.52,514.03,500.63,513.9,10105136,0
^_PLNC,D,20200317,000000,515.12,521.27,514.67,521.12,10912898,0
^_PLNC,D,20200318,000000,523.05,523.05,517.59,523.01,10119550,0
^_PLNC,D,20200319,000000,522.62,531.07,521.83,531.07,8531266,0
^_PLNC,D,20200320,000000,531.97,539.65,531.46,533.11,10806693,0
^_PLNC,D,20200323,000000,529.76,530.39,523.17,524.53,9802048,0
^_PLNC,D,20200324,000000,526.44,530.38,525.63,528.03,8441809,0
^_PLNC,D,20200325,000000,530,531.63,527.21,531.3,8262309,0
^_PLNC,D,20200326,000000,531.21,538.23,531.08,538.23,17224636,0
^_PLNC,D,20200327,000000,539.58,542.23,535.49,541.19,20181986,0
^_PLNC,D,20200330,000000,541.19,541.62,527.21,534.11,19222002,0
^_PLNC,D,20200331,000000,535.62,541.25,535.32,539.9,27196455,0
^_PLNC,D,20200401,000000,540.09,542.35,537.46,542.35,22159776,0
^_PLNC,D,20200402,000000,542.56,545.32,541.75,544.86,47359016,0
^_PLNC,D,20200403,000000,545.36,550,543.89,550,40906962,0
^_PLNC,D,20200406,000000,552.93,565.13,552.76,564.89,50516450,0
^_PLNC,D,20200407,000000,567.67,571.53,564.5,568.86,38319707,0
^_PLNC,D,20200408,000000,570.34,571.33,566.21,569.76,26855803,0
^_PLNC,D,20200409,000000,572.2,577.94,571.14,577.94,29708019,0
^_PLNC,D,20200414,000000,579.37,588.12,579.36,588.12,21533887,0
^_PLNC,D,20200415,000000,588.75,589.64,585.24,589.64,20789668,0
^_PLNC,D,20200416,000000,590.48,596.51,588.36,596.51,17412893,0
^_PLNC,D,20200417,000000,597.78,607.49,597.53,606.86,20008718,0
^_PLNC,D,20200420,000000,608.51,615.89,608.08,615.89,33718461,0
^_PLNC,D,20200421,000000,617.14,618.28,601.29,608.92,26130636,0
^_PLNC,D,20200422,000000,608.79,613.3,608.47,613.3,13666030,0
^_PLNC,D,20200423,000000,615.24,620.23,613.05,620.23,11697059,0
^_PLNC,D,20200424,000000,619.9,624.11,618.97,624.11,18058994,0
^_PLNC,D,20200427,000000,626.96,632.72,625.66,632.72,26043667,0
^_PLNC,D,20200428,000000,633.91,634.46,630.28,632.77,20183646,0
^_PLNC,D,20200429,000000,634.16,636.12,631.81,636.12,16376745,0
^_PLNC,D,20200430,000000,638.74,640.67,632.29,636.67,17337755,0
^_PLNC,D,20200504,000000,637.16,639.18,633.4,636.39,12057923,0
^_PLNC,D,20200505,000000,637.05,640.39,635.83,640.39,11565772,0
^_PLNC,D,20200506,000000,640.76,641.79,638.17,639.94,17875431,0
^_PLNC,D,20200507,000000,640.99,644.93,640.13,644.11,17383434,0
^_PLNC,D,20200508,000000,645.44,649.1,644.37,648.85,24247288,0
^_PLNC,D,20200511,000000,650.44,657.12,650.44,657.12,20816126,0
^_PLNC,D,20200512,000000,659.14,662.68,657.05,662.68,33713324,0
^_PLNC,D,20200513,000000,662.63,663.38,657.46,662.97,20440045,0
^_PLNC,D,20200514,000000,663.49,663.49,641.61,648.15,20947945,0
^_PLNC,D,20200515,000000,649.79,657.47,649.77,657.47,14161780,0
^_PLNC,D,20200518,000000,657.48,658.4,654.21,656.62,18187437,0
^_PLNC,D,20200519,000000,657.03,659.54,656.05,657.78,17216803,0
^_PLNC,D,20200520,000000,658.62,660.86,657.32,660.32,21971866,0
^_PLNC,D,20200521,000000,661.07,666.12,661.07,665.82,22037412,0
^_PLNC,D,20200522,000000,666.4,666.55,660.95,664.81,11894508,0
^_PLNC,D,20200525,000000,665.97,671.68,664.23,671.68,15287631,0
^_PLNC,D,20200526,000000,671.65,679.63,671.65,679.63,18004382,0
^_PLNC,D,20200527,000000,681.63,682,675.45,678.14,20045082,0
^_PLNC,D,20200528,000000,678.97,681.02,676.95,679.57,17597341,0
^_PLNC,D,20200529,000000,681.62,682.14,675.18,678.8,12981694,0
^_PLNC,D,20200601,000000,678.99,682.04,677.26,682.04,19879023,0
^_PLNC,D,20200602,000000,683.49,686.18,681.45,684.01,25353248,0
^_PLNC,D,20200603,000000,685.84,691.92,685.38,691.92,22133351,0
^_PLNC,D,20200604,000000,693.1,694.62,691.54,694.32,14881865,0
^_PLNC,D,20200605,000000,695.24,697.76,691.08,697.76,14294734,0
^_PLNC,D,20200608,000000,697.43,701.57,695.79,701.57,19230079,0
^_PLNC,D,20200609,000000,702.74,706.11,698.23,706.1,15420583,0
^_PLNC,D,20200610,000000,706.15,712.86,705.16,711.93,20972179,0
^_PLNC,D,20200612,000000,706.86,708.53,697.39,708.53,15375988,0
^_PLNC,D,20200615,000000,709.22,711.66,706.92,711.48,12310310,0
^_PLNC,D,20200616,000000,713.89,721.57,713.89,721.57,17825962,0
^_PLNC,D,20200617,000000,721.92,728.95,721.79,728.72,20901340,0
^_PLNC,D,20200618,000000,730.87,733.42,729.53,733.27,21148855,0
^_PLNC,D,20200619,000000,735.55,739.23,734.38,739.23,21791406,0
^_PLNC,D,20200622,000000,741.54,744.36,740.05,744.34,20590114,0
^_PLNC,D,20200623,000000,746.28,753.23,746.24,753.23,21762907,0
^_PLNC,D,20200624,000000,755.17,757.9,748.73,754.23,20950493,0
^_PLNC,D,20200625,000000,754.79,755.27,750.9,755.27,18164917,0
^_PLNC,D,20200626,000000,756.06,758.24,752.18,755.4,14085512,0
^_PLNC,D,20200629,000000,757.54,758.53,754.64,758.41,18184713,0
^_PLNC,D,20200630,000000,760.04,761.04,752.89,756.37,16820670,0
^_PLNC,D,20200701,000000,756.36,763.15,756.34,763.15,15456243,0
^_PLNC,D,20200702,000000,763.4,771.59,763.05,771.49,14107910,0
^_PLNC,D,20200703,000000,771.5,782.75,771.5,782.75,15460938,0
^_PLNC,D,20200706,000000,784.46,795.27,784.34,795.27,27933058,0
^_PLNC,D,20200707,000000,797.52,806.51,795.4,806.51,28910557,0
^_PLNC,D,20200708,000000,808.16,822.92,808.1,822.92,45342468,0
^_PLNC,D,20200709,000000,825.56,834.54,825.11,834.54,58906396,0
^_PLNC,D,20200710,000000,837.26,846.07,833.71,846.07,74392234,0
^_PLNC,D,20200713,000000,849.84,864.18,849.81,864.18,86593113,0
^_PLNC,D,20200714,000000,865.73,866.06,856.2,859.13,75385776,0
^_PLNC,D,20200715,000000,862.87,867.45,860.82,867.37,103759167,0
^_PLNC,D,20200716,000000,870.06,871.25,859.21,863.16,66022761,0
^_PLNC,D,20200717,000000,866.05,870.17,862.67,870.17,50821204,0
^_PLNC,D,20200720,000000,873.42,879.57,866.75,878.91,57518167,0
^_PLNC,D,20200721,000000,878.76,889.28,876.62,889.28,60463017,0
^_PLNC,D,20200722,000000,891.36,901.77,888.32,901.77,84573702,0
^_PLNC,D,20200723,000000,903.21,912.86,901.71,912.86,97850091,0
^_PLNC,D,20200724,000000,913.72,920.67,911.5,920.67,55504433,0
^_PLNC,D,20200727,000000,924.83,947.46,923.89,947.46,71610006,0
^_PLNC,D,20200728,000000,949.2,966.48,949.2,966.48,90754863,0
^_PLNC,D,20200729,000000,969.43,977.45,960.71,977.45,80102205,0
