<TICKER>,<PER>,<DATE>,<TIME>,<OPEN>,<HIGH>,<LOW>,<CLOSE>,<VOL>,<OPENINT>
^_UK,D,20160216,000000,882.22,882.22,879.59,879.59,3825407382,0
^_UK,D,20160217,000000,880.64,886.97,880.64,886.97,3456567087,0
^_UK,D,20160218,000000,888.85,890.68,888.85,890.68,2993069623,0
^_UK,D,20160219,000000,890.53,891.43,890.53,891.43,2379503226,0
^_UK,D,20160222,000000,892.65,894.99,892.65,894.99,2668438184,0
^_UK,D,20160223,000000,894.16,894.4,894.16,894.4,2822379213,0
^_UK,D,20160224,000000,893.31,893.31,891.93,891.93,3776101746,0
^_UK,D,20160225,000000,894,895.47,894,895.47,3318453522,0
^_UK,D,20160226,000000,896.56,899.07,896.56,899.07,3208560254,0
^_UK,D,20160229,000000,897.63,898.39,897.63,898.39,3558647881,0
^_UK,D,20160301,000000,901.18,902.96,901.18,902.96,3740452734,0
^_UK,D,20160302,000000,904.65,904.65,904.46,904.46,2903414133,0
^_UK,D,20160303,000000,902.96,905.01,902.96,905.01,2627503915,0
^_UK,D,20160304,000000,906.25,910.81,906.25,910.81,3154244854,0
^_UK,D,20160307,000000,909.41,911.15,909.41,911.15,3118165508,0
^_UK,D,20160308,000000,909.7,909.7,908.3,908.3,4258387786,0
^_UK,D,20160309,000000,908.39,908.39,907.62,907.62,3495695196,0
^_UK,D,20160310,000000,908.06,908.06,905.31,905.31,3640767895,0
^_UK,D,20160311,000000,907.15,910.47,907.15,910.47,2863426015,0
^_UK,D,20160314,000000,910.58,911.39,910.58,911.39,2649995527,0
^_UK,D,20160315,000000,911.26,911.26,910.43,910.43,2749256025,0
^_UK,D,20160316,000000,910.8,911.16,910.8,911.16,2907286065,0
^_UK,D,20160317,000000,913.57,913.8,913.57,913.8,3183322646,0
^_UK,D,20160318,000000,914.26,915.45,914.26,915.45,3946769662,0
^_UK,D,20160321,000000,914.8,914.8,914.5,914.5,2437110951,0
^_UK,D,20160322,000000,913.56,914.69,913.56,914.69,2896169090,0
^_UK,D,20160323,000000,914.8,915.06,914.8,915.06,2406279356,0
^_UK,D,20160324,000000,912.68,912.68,911.84,911.84,3185654437,0
^_UK,D,20160329,000000,912.73,912.73,912.53,912.53,3019255275,0
^_UK,D,20160330,000000,913.98,915.08,913.98,915.08,3494083058,0
^_UK,D,20160331,000000,914.86,914.86,914.52,914.52,3930266784,0
^_UK,D,20160401,000000,911.69,912.84,911.69,912.84,4191439415,0
^_UK,D,20160404,000000,913.06,913.06,912.87,912.87,3249678744,0
^_UK,D,20160405,000000,912.67,912.67,910.22,910.22,4325387447,0
^_UK,D,20160406,000000,911.54,915.41,911.54,915.41,5121308071,0
^_UK,D,20160407,000000,916.36,916.36,914.98,914.98,3968663896,0
^_UK,D,20160408,000000,916.28,919.42,916.28,919.42,3667109064,0
^_UK,D,20160411,000000,921.13,922,921.13,922,2787095153,0
^_UK,D,20160412,000000,922.54,924,922.54,924,2996811702,0
^_UK,D,20160413,000000,926.02,930,926.02,930,4264093229,0
^_UK,D,20160414,000000,930.98,930.98,930.61,930.61,3007768757,0
^_UK,D,20160415,000000,930.83,931.81,930.83,931.81,3766665872,0
^_UK,D,20160418,000000,930.87,931.65,930.87,931.65,2951580642,0
^_UK,D,20160419,000000,932.97,934.82,932.97,934.82,3207291542,0
^_UK,D,20160420,000000,934.86,935.85,934.86,935.85,3088521886,0
^_UK,D,20160421,000000,937.02,937.02,936.83,936.83,3408111660,0
^_UK,D,20160422,000000,936.51,936.51,935.34,935.34,3791734057,0
^_UK,D,20160425,000000,935.1,935.1,935,935,2750946826,0
^_UK,D,20160426,000000,935.2,935.2,933.86,933.86,2887376406,0
^_UK,D,20160427,000000,934.43,935.53,934.43,935.53,3418700933,0
^_UK,D,20160428,000000,935.28,935.72,935.28,935.72,3638069922,0
^_UK,D,20160429,000000,934.26,934.26,933.54,933.54,3581371951,0
^_UK,D,20160503,000000,933.41,933.41,930.86,930.86,3383684161,0
^_UK,D,20160504,000000,929.59,929.59,927.61,927.61,2838089344,0
^_UK,D,20160505,000000,927.41,927.41,926.29,926.29,3982379246,0
^_UK,D,20160506,000000,926.07,926.07,925.11,925.11,2620091713,0
^_UK,D,20160509,000000,925.04,925.47,925.04,925.47,2446820640,0
^_UK,D,20160510,000000,926.84,926.84,925.29,925.29,3735369931,0
^_UK,D,20160511,000000,924.91,926.56,924.91,926.56,3319735090,0
^_UK,D,20160512,000000,925.8,925.8,925.38,925.38,3779270622,0
^_UK,D,20160513,000000,925.29,925.89,925.29,925.89,3388799984,0
^_UK,D,20160516,000000,925.69,925.84,925.69,925.84,2543719360,0
^_UK,D,20160517,000000,927.13,927.13,926.91,926.91,3334943640,0
^_UK,D,20160518,000000,925.12,926.52,925.12,926.52,3270321601,0
^_UK,D,20160519,000000,924.54,924.54,923.17,923.17,3152565805,0
^_UK,D,20160520,000000,924.05,926.1,924.05,926.1,3044944172,0
^_UK,D,20160523,000000,925.66,926.25,925.66,926.25,2556307980,0
^_UK,D,20160524,000000,925.46,928.01,925.46,928.01,2732360469,0
^_UK,D,20160525,000000,928.26,929.15,928.26,929.15,3420834374,0
^_UK,D,20160526,000000,928.84,929.87,928.84,929.87,3676270402,0
^_UK,D,20160527,000000,930.07,931.07,930.07,931.07,2361823309,0
^_UK,D,20160531,000000,930.98,931.27,930.98,931.27,3496569602,0
^_UK,D,20160601,000000,929.21,929.21,928.53,928.53,2861288507,0
^_UK,D,20160602,000000,926.14,929,926.14,929,2803996475,0
^_UK,D,20160603,000000,929.58,930.6,929.58,930.6,2618559411,0
^_UK,D,20160606,000000,931.99,933.69,931.99,933.69,2766431003,0
^_UK,D,20160607,000000,934.06,934.68,934.06,934.68,2850210626,0
^_UK,D,20160608,000000,934.11,935.73,934.11,935.73,2860667248,0
^_UK,D,20160609,000000,934.04,934.04,933.43,933.43,3026618262,0
^_UK,D,20160610,000000,932.75,932.75,929.33,929.33,2745128723,0
^_UK,D,20160613,000000,925.81,925.81,921.81,921.81,4013374924,0
^_UK,D,20160614,000000,920.65,920.65,909.57,909.57,3438129183,0
^_UK,D,20160615,000000,911.7,911.7,907.64,907.64,2525616459,0
^_UK,D,20160616,000000,907.7,907.7,902.52,902.52,3108363566,0
^_UK,D,20160617,000000,904.45,907.29,904.45,907.29,4001922980,0
^_UK,D,20160620,000000,910.98,914.73,910.98,914.73,2815012462,0
^_UK,D,20160621,000000,914.61,914.61,912.4,912.4,2406502330,0
^_UK,D,20160622,000000,914.92,914.92,914.9,914.9,2833199905,0
^_UK,D,20160623,000000,916.7,919.77,916.7,919.77,2802111990,0
^_UK,D,20160624,000000,870.12,887.21,870.12,887.21,6577558368,0
^_UK,D,20160627,000000,884.07,884.07,862.16,862.16,4982625332,0
^_UK,D,20160628,000000,867.69,869.04,867.69,869.04,3605325025,0
^_UK,D,20160629,000000,872.46,879.26,872.46,879.26,3733415075,0
^_UK,D,20160630,000000,880.88,885.89,880.88,885.89,4062638623,0
^_UK,D,20160701,000000,886.7,890.5,886.7,890.5,3087191780,0
^_UK,D,20160704,000000,891.4,891.4,887.94,887.94,2657554755,0
^_UK,D,20160705,000000,887.2,887.2,880.19,880.19,2805239691,0
^_UK,D,20160706,000000,879.13,879.13,873.46,873.46,3740024755,0
^_UK,D,20160707,000000,874.96,878.26,874.96,878.26,2906880707,0
^_UK,D,20160708,000000,877.91,882.73,877.91,882.73,2847287836,0
^_UK,D,20160711,000000,885.76,893.44,885.76,893.44,3412539574,0
^_UK,D,20160712,000000,893.49,898.08,893.49,898.08,3299490158,0
^_UK,D,20160713,000000,898.92,899.79,898.92,899.79,3382512817,0
^_UK,D,20160714,000000,901.37,901.37,901.02,901.02,2790546591,0
^_UK,D,20160715,000000,900.39,901.71,900.39,901.71,2661590076,0
^_UK,D,20160718,000000,902.59,904.45,902.59,904.45,2984967700,0
^_UK,D,20160719,000000,904.62,905.97,904.62,905.97,2717363262,0
^_UK,D,20160720,000000,905.55,907.63,905.55,907.63,4007287733,0
^_UK,D,20160721,000000,908.17,909.89,908.17,909.89,2762708077,0
^_UK,D,20160722,000000,909.71,909.83,909.71,909.83,2816155680,0
^_UK,D,20160725,000000,909.22,912.5,909.22,912.5,2741391676,0
^_UK,D,20160726,000000,913.45,913.45,913.35,913.35,3733732421,0
^_UK,D,20160727,000000,913.74,916.36,913.74,916.36,2928729564,0
^_UK,D,20160728,000000,916.73,917.08,916.73,917.08,4128268506,0
^_UK,D,20160729,000000,916.88,918.02,916.88,918.02,3630162070,0
^_UK,D,20160801,000000,919.37,919.37,918.35,918.35,3045242001,0
^_UK,D,20160802,000000,917.07,917.07,915.99,915.99,3146669044,0
^_UK,D,20160803,000000,916.31,916.31,916.02,916.02,2609601406,0
^_UK,D,20160804,000000,915.99,919.28,915.99,919.28,3038314606,0
^_UK,D,20160805,000000,920.46,925.02,920.46,925.02,2428773108,0
^_UK,D,20160808,000000,925.88,927.29,925.88,927.29,2762755255,0
^_UK,D,20160809,000000,928.37,930.68,928.37,930.68,2927887262,0
^_UK,D,20160810,000000,930.37,932.63,930.37,932.63,2695659956,0
^_UK,D,20160811,000000,933.91,935.73,933.91,935.73,3188548423,0
^_UK,D,20160812,000000,936.64,938.2,936.64,938.2,3437515049,0
^_UK,D,20160815,000000,939.4,940.21,939.4,940.21,2343021198,0
^_UK,D,20160816,000000,940.09,940.09,939.63,939.63,2718559847,0
^_UK,D,20160817,000000,940.02,940.02,939.48,939.48,3138370493,0
^_UK,D,20160818,000000,940.12,942.75,940.12,942.75,2457641090,0
^_UK,D,20160819,000000,942.48,943.69,942.48,943.69,2482312823,0
^_UK,D,20160822,000000,943.41,944.1,943.41,944.1,2904227726,0
^_UK,D,20160823,000000,945.87,947.61,945.87,947.61,2893015411,0
^_UK,D,20160824,000000,948.11,949.43,948.11,949.43,2507103881,0
^_UK,D,20160825,000000,949.88,949.88,948.42,948.42,3569490398,0
^_UK,D,20160826,000000,948.36,950.2,948.36,950.2,3348435374,0
^_UK,D,20160830,000000,950.75,951.1,950.75,951.1,3136987379,0
^_UK,D,20160831,000000,950.29,950.29,949.4,949.4,4034290047,0
^_UK,D,20160901,000000,949.84,950.93,949.84,950.93,4180874949,0
^_UK,D,20160902,000000,952.13,952.48,952.13,952.48,4774137573,0
^_UK,D,20160905,000000,954.81,955.68,954.81,955.68,4058156318,0
^_UK,D,20160906,000000,956.73,956.92,956.73,956.92,3859761537,0
^_UK,D,20160907,000000,957.03,960.95,957.03,960.95,3763216059,0
^_UK,D,20160908,000000,962.22,964.65,962.22,964.65,3591014034,0
^_UK,D,20160909,000000,963.43,963.43,961.91,961.91,3742318864,0
^_UK,D,20160912,000000,958.66,958.66,956.15,956.15,3825992168,0
^_UK,D,20160913,000000,956.94,956.94,955.26,955.26,4204690311,0
^_UK,D,20160914,000000,955.86,955.86,953.37,953.37,2976488246,0
^_UK,D,20160915,000000,952.89,953.6,952.89,953.6,2841732119,0
^_UK,D,20160916,000000,953.82,956.82,953.82,956.82,4325050756,0
^_UK,D,20160919,000000,957.68,957.68,957.63,957.63,3070049113,0
^_UK,D,20160920,000000,957.51,957.66,957.51,957.66,3621338605,0
^_UK,D,20160921,000000,958.9,959.36,958.9,959.36,3747116616,0
^_UK,D,20160922,000000,961.44,962.01,961.44,962.01,5324226422,0
^_UK,D,20160923,000000,961.48,962.19,961.48,962.19,3937181989,0
^_UK,D,20160926,000000,960.83,960.83,958.52,958.52,3518364159,0
^_UK,D,20160927,000000,958.97,958.97,957.12,957.12,3922478567,0
^_UK,D,20160928,000000,957.09,957.81,957.09,957.81,3570957191,0
^_UK,D,20160929,000000,959.78,959.84,959.78,959.84,3275313080,0
^_UK,D,20160930,000000,956.16,957.4,956.16,957.4,4573211943,0
^_UK,D,20161003,000000,958.72,963.1,958.72,963.1,3544582042,0
^_UK,D,20161004,000000,963.78,964.08,963.78,964.08,4369297956,0
^_UK,D,20161005,000000,965.13,965.13,963.52,963.52,3474547289,0
^_UK,D,20161006,000000,964.28,964.28,963.33,963.33,3607908961,0
^_UK,D,20161007,000000,964.14,964.14,963.67,963.67,4844214412,0
^_UK,D,20161010,000000,964.35,964.84,964.35,964.84,5009763427,0
^_UK,D,20161011,000000,964.97,965.53,964.97,965.53,3978666514,0
^_UK,D,20161012,000000,965.33,965.33,962.81,962.81,3546015261,0
^_UK,D,20161013,000000,962.37,962.37,959.86,959.86,3889476853,0
^_UK,D,20161014,000000,960.35,962.02,960.35,962.02,4752623766,0
^_UK,D,20161017,000000,962,962,958.96,958.96,3726028177,0
^_UK,D,20161018,000000,960.06,960.61,960.06,960.61,3813701801,0
^_UK,D,20161019,000000,960.86,960.86,960.45,960.45,4223208504,0
^_UK,D,20161020,000000,961.11,962.19,961.11,962.19,3440820368,0
^_UK,D,20161021,000000,963.22,963.78,963.22,963.78,3174224320,0
^_UK,D,20161024,000000,965.26,965.26,964.39,964.39,4263649829,0
^_UK,D,20161025,000000,965.14,965.14,964.29,964.29,3967944461,0
^_UK,D,20161026,000000,963.83,963.83,961.13,961.13,4064959699,0
^_UK,D,20161027,000000,960,960.54,960,960.54,3491505935,0
^_UK,D,20161028,000000,959.56,961.04,959.56,961.04,5190031311,0
^_UK,D,20161031,000000,960.5,960.5,959.9,959.9,3657458942,0
^_UK,D,20161101,000000,959.92,959.92,958.98,958.98,3158788300,0
^_UK,D,20161102,000000,957.49,957.49,955.61,955.61,3277517435,0
^_UK,D,20161103,000000,954.45,954.45,953.15,953.15,3677057109,0
^_UK,D,20161104,000000,952.32,952.32,946.6,946.6,3004570969,0
^_UK,D,20161107,000000,948.69,948.69,947.21,947.21,3123748162,0
^_UK,D,20161108,000000,947.05,947.05,945.78,945.78,2864335384,0
^_UK,D,20161109,000000,931.58,939.92,931.58,939.92,4229036032,0
^_UK,D,20161110,000000,944.34,946.29,944.34,946.29,4343823914,0
^_UK,D,20161111,000000,945.97,945.97,944.71,944.71,4207395351,0
^_UK,D,20161114,000000,945.95,946.47,945.95,946.47,3485137321,0
^_UK,D,20161115,000000,949.98,951.54,949.98,951.54,3061279762,0
^_UK,D,20161116,000000,953.11,953.11,952.82,952.82,2993239447,0
^_UK,D,20161117,000000,953.59,954.9,953.59,954.9,4891349374,0
^_UK,D,20161118,000000,954.12,955.19,954.12,955.19,3904503639,0
^_UK,D,20161121,000000,955.27,955.27,952.62,952.62,2821414213,0
^_UK,D,20161122,000000,954.49,954.49,954.49,954.49,3375225730,0
^_UK,D,20161123,000000,955.5,955.5,953.93,953.93,2990587501,0
^_UK,D,20161124,000000,954.3,954.3,954.17,954.17,3131706817,0
^_UK,D,20161125,000000,954.24,954.48,954.24,954.48,2348019810,0
^_UK,D,20161128,000000,954.21,954.21,953.4,953.4,2601248275,0
^_UK,D,20161129,000000,953.46,953.46,952.56,952.56,2913716123,0
^_UK,D,20161130,000000,952.53,952.53,952.16,952.16,3815270621,0
^_UK,D,20161201,000000,951.49,951.49,949.86,949.86,3327373500,0
^_UK,D,20161202,000000,948.68,949.73,948.68,949.73,2666829935,0
^_UK,D,20161205,000000,949.12,951.03,949.12,951.03,2905023201,0
^_UK,D,20161206,000000,950.81,950.81,950.31,950.31,3378662571,0
^_UK,D,20161207,000000,951.29,953.25,951.29,953.25,4909291166,0
^_UK,D,20161208,000000,953.9,954.64,953.9,954.64,3584088222,0
^_UK,D,20161209,000000,955.62,956.56,955.62,956.56,2803784631,0
^_UK,D,20161212,000000,956.6,956.6,955.58,955.58,3423761529,0
^_UK,D,20161213,000000,955.6,955.6,954.84,954.84,3525900995,0
^_UK,D,20161214,000000,954.65,955.26,954.65,955.26,3932939943,0
^_UK,D,20161215,000000,954.6,954.6,953.59,953.59,3727329448,0
^_UK,D,20161216,000000,953.74,954.14,953.74,954.14,4447182101,0
^_UK,D,20161219,000000,954.42,954.42,952.7,952.7,3109627265,0
^_UK,D,20161220,000000,953.09,953.09,952.36,952.36,3025765472,0
^_UK,D,20161221,000000,953,953.29,953,953.29,2627425928,0
^_UK,D,20161222,000000,952.64,955.33,952.64,955.33,2584378697,0
^_UK,D,20161223,000000,954.87,956.11,954.87,956.11,1582594751,0
^_UK,D,20161228,000000,957.33,959.19,957.33,959.19,2781679128,0
^_UK,D,20161229,000000,958.84,960.97,958.84,960.97,2801232057,0
^_UK,D,20161230,000000,961.33,962.56,961.33,962.56,1403894599,0
^_UK,D,20170103,000000,963.67,964.23,963.67,964.23,2514789670,0
^_UK,D,20170104,000000,964.91,965.18,964.91,965.18,2189711596,0
^_UK,D,20170105,000000,965.92,967.41,965.92,967.41,2275053330,0
^_UK,D,20170106,000000,968.31,969.28,968.31,969.28,2032305834,0
^_UK,D,20170109,000000,970.31,970.6,970.31,970.6,2462638021,0
^_UK,D,20170110,000000,970.56,971.97,970.56,971.97,2976310461,0
^_UK,D,20170111,000000,972.07,972.22,972.07,972.22,2643718035,0
^_UK,D,20170112,000000,972.1,972.1,971.79,971.79,2845975195,0
^_UK,D,20170113,000000,972.58,973.42,972.58,973.42,3320398638,0
^_UK,D,20170116,000000,973.85,973.85,973.75,973.75,2542489825,0
^_UK,D,20170117,000000,973.55,973.55,973.07,973.07,2645049941,0
^_UK,D,20170118,000000,973.07,973.07,972.66,972.66,2391839024,0
^_UK,D,20170119,000000,973.42,973.42,971.95,971.95,2993577216,0
^_UK,D,20170120,000000,972.27,972.27,972.25,972.25,3263299319,0
^_UK,D,20170123,000000,971.9,971.96,971.9,971.96,3093090582,0
^_UK,D,20170124,000000,972.26,972.26,971.75,971.75,3089437886,0
^_UK,D,20170125,000000,972.78,972.78,972.16,972.16,2944468135,0
^_UK,D,20170126,000000,972.58,972.58,972.01,972.01,2740427224,0
^_UK,D,20170127,000000,972.06,972.43,972.06,972.43,2475119416,0
^_UK,D,20170130,000000,972.74,972.74,971.53,971.53,2621199897,0
^_UK,D,20170131,000000,971.74,972.02,971.74,972.02,3117962633,0
^_UK,D,20170201,000000,973.17,973.5,973.17,973.5,2508613469,0
^_UK,D,20170202,000000,973.88,973.97,973.88,973.97,2641380083,0
^_UK,D,20170203,000000,974.99,975.96,974.99,975.96,2081337418,0
^_UK,D,20170206,000000,976.82,976.82,976.44,976.44,1962650977,0
^_UK,D,20170207,000000,977.03,978.24,977.03,978.24,2415096684,0
^_UK,D,20170208,000000,978.71,978.71,978.42,978.42,2797155852,0
^_UK,D,20170209,000000,979.12,979.7,979.12,979.7,3156049422,0
^_UK,D,20170210,000000,980.33,981.26,980.33,981.26,2610291694,0
^_UK,D,20170213,000000,981.9,982.53,981.9,982.53,2569268948,0
^_UK,D,20170214,000000,982.87,983.1,982.87,983.1,2601137934,0
^_UK,D,20170215,000000,984.01,984.89,984.01,984.89,3609053747,0
^_UK,D,20170216,000000,985.17,985.17,983.61,983.61,3185587638,0
^_UK,D,20170217,000000,984.51,984.51,983.91,983.91,2486398765,0
^_UK,D,20170220,000000,984.38,984.58,984.38,984.58,2729666347,0
^_UK,D,20170221,000000,984.73,984.8,984.73,984.8,2719780071,0
^_UK,D,20170222,000000,985.1,985.1,983.86,983.86,2673612227,0
^_UK,D,20170223,000000,984.04,984.2,984.04,984.2,2712162216,0
^_UK,D,20170224,000000,984.02,984.02,983.16,983.16,2461266467,0
^_UK,D,20170227,000000,984.22,984.22,983.56,983.56,2903635112,0
^_UK,D,20170228,000000,983.64,983.64,983.25,983.25,2710359451,0
^_UK,D,20170301,000000,984.35,986.04,984.35,986.04,2728197111,0
^_UK,D,20170302,000000,986.32,986.32,986.07,986.07,2811833284,0
^_UK,D,20170303,000000,985.58,986.17,985.58,986.17,3066374573,0
^_UK,D,20170306,000000,986.47,986.5,986.47,986.5,2156389784,0
^_UK,D,20170307,000000,986.75,986.75,985.9,985.9,2187480497,0
^_UK,D,20170308,000000,986.04,986.04,985.78,985.78,2266529671,0
^_UK,D,20170309,000000,985.43,985.43,984.42,984.42,2451537345,0
^_UK,D,20170310,000000,984.86,985.25,984.86,985.25,3201181847,0
^_UK,D,20170313,000000,985.75,985.75,985.69,985.69,2665421776,0
^_UK,D,20170314,000000,986.07,986.07,984.39,984.39,2402368797,0
^_UK,D,20170315,000000,984.77,985.22,984.77,985.22,2081865278,0
^_UK,D,20170316,000000,986.52,986.52,986.37,986.37,2337516912,0
^_UK,D,20170317,000000,986.56,987.4,986.56,987.4,3197764247,0
^_UK,D,20170320,000000,987.64,987.64,987.6,987.6,1834885275,0
^_UK,D,20170321,000000,988,988,985.87,985.87,2066114351,0
^_UK,D,20170322,000000,984.78,984.78,983.33,983.33,2775861812,0
^_UK,D,20170323,000000,983.51,984.95,983.51,984.95,2572888010,0
^_UK,D,20170324,000000,985.11,985.11,985,985,2499449005,0
^_UK,D,20170327,000000,983.99,983.99,983.15,983.15,1972114450,0
^_UK,D,20170328,000000,983.5,984.33,983.5,984.33,2234694443,0
^_UK,D,20170329,000000,984.64,985.61,984.64,985.61,2093230913,0
^_UK,D,20170330,000000,985.97,986.44,985.97,986.44,2138912165,0
^_UK,D,20170331,000000,986.46,987.04,986.46,987.04,2480633850,0
^_UK,D,20170403,000000,987.37,987.37,986.82,986.82,1944807272,0
^_UK,D,20170404,000000,987.1,987.32,987.1,987.32,2077141556,0
^_UK,D,20170405,000000,987.97,987.97,987.85,987.85,2086427723,0
^_UK,D,20170406,000000,987.47,988.97,987.47,988.97,2522941493,0
^_UK,D,20170407,000000,988.96,990.28,988.96,990.28,2245077375,0
^_UK,D,20170410,000000,990.79,991.26,990.79,991.26,2085379608,0
^_UK,D,20170411,000000,991.4,992.25,991.4,992.25,2379438336,0
^_UK,D,20170412,000000,993.14,993.33,993.14,993.33,2236339469,0
^_UK,D,20170413,000000,993.74,994.41,993.74,994.41,2106719004,0
^_UK,D,20170418,000000,994.26,994.26,990.89,990.89,2465592908,0
^_UK,D,20170419,000000,990.4,991.25,990.4,991.25,2564321268,0
^_UK,D,20170420,000000,991.71,991.71,991.51,991.51,2137695242,0
^_UK,D,20170421,000000,991.56,992.25,991.56,992.25,2434427788,0
^_UK,D,20170424,000000,994.81,995.47,994.81,995.47,2588074026,0
^_UK,D,20170425,000000,996.23,996.23,995.88,995.88,2099389784,0
^_UK,D,20170426,000000,995.86,997.09,995.86,997.09,2070255157,0
^_UK,D,20170427,000000,996.65,996.65,996.49,996.49,2435438400,0
^_UK,D,20170428,000000,996.89,996.89,996.79,996.79,2446464944,0
^_UK,D,20170502,000000,995.74,998.27,995.74,998.27,2278675292,0
^_UK,D,20170503,000000,997.82,997.82,996.59,996.59,2089884455,0
^_UK,D,20170504,000000,997.13,997.13,996.25,996.25,2277040908,0
^_UK,D,20170505,000000,996.33,996.91,996.33,996.91,2201339408,0
^_UK,D,20170508,000000,997.45,997.45,997.37,997.37,2101265308,0
^_UK,D,20170509,000000,997.71,998.67,997.71,998.67,2252851295,0
^_UK,D,20170510,000000,999.12,1000.19,999.12,1000.19,2153095437,0
^_UK,D,20170511,000000,1000.09,1000.09,999.91,999.91,2276515349,0
^_UK,D,20170512,000000,1000.44,1000.73,1000.44,1000.73,2029961188,0
^_UK,D,20170515,000000,1001.49,1001.49,1001.09,1001.09,2105346858,0
^_UK,D,20170516,000000,1001.33,1001.77,1001.33,1001.77,2709988399,0
^_UK,D,20170517,000000,1001.85,1001.85,1001,1001,2310719800,0
^_UK,D,20170518,000000,1000.53,1000.53,998.72,998.72,2636531035,0
^_UK,D,20170519,000000,999.44,1000.39,999.44,1000.39,2450695921,0
^_UK,D,20170522,000000,1001.39,1001.77,1001.39,1001.77,2072261113,0
^_UK,D,20170523,000000,1002.07,1002.07,1002.04,1002.04,1914723266,0
^_UK,D,20170524,000000,1002.31,1002.64,1002.31,1002.64,2310774548,0
^_UK,D,20170525,000000,1003.29,1003.29,1002.92,1002.92,1943542259,0
^_UK,D,20170526,000000,1003.26,1003.92,1003.26,1003.92,2618570884,0
^_UK,D,20170530,000000,1003.91,1003.91,1003.36,1003.36,2208108616,0
^_UK,D,20170531,000000,1003.63,1003.63,1002.87,1002.87,3579606556,0
^_UK,D,20170601,000000,1003.15,1003.15,1002.77,1002.77,1998385609,0
^_UK,D,20170602,000000,1003.68,1003.68,1002.66,1002.66,2292773852,0
^_UK,D,20170605,000000,1003.1,1003.1,1000.55,1000.55,1871632784,0
^_UK,D,20170606,000000,1000.46,1000.46,997.2,997.2,2520910692,0
^_UK,D,20170607,000000,997.56,997.56,997.13,997.13,2563170041,0
^_UK,D,20170608,000000,997.79,998.38,997.79,998.38,2547671138,0
^_UK,D,20170609,000000,997.8,998.51,997.8,998.51,2735669555,0
^_UK,D,20170612,000000,998.25,998.25,997.15,997.15,2325757194,0
^_UK,D,20170613,000000,998.24,998.69,998.24,998.69,2373209303,0
^_UK,D,20170614,000000,999.35,999.69,999.35,999.69,2426769979,0
^_UK,D,20170615,000000,999.68,999.68,994.97,994.97,2472274718,0
^_UK,D,20170616,000000,995.96,998.19,995.96,998.19,4426842457,0
^_UK,D,20170619,000000,999.21,999.21,998.79,998.79,1109375215,0
^_UK,D,20170620,000000,999.28,999.28,997.54,997.54,1254298590,0
^_UK,D,20170621,000000,997.49,997.49,995.74,995.74,1589535715,0
^_UK,D,20170622,000000,996.15,996.15,995.01,995.01,1302705677,0
^_UK,D,20170623,000000,994.72,995.6,994.72,995.6,1753716946,0
^_UK,D,20170626,000000,996.11,996.11,995.68,995.68,2070773280,0
^_UK,D,20170627,000000,995.75,995.75,994.84,994.84,1119070433,0
^_UK,D,20170628,000000,993.95,993.95,993.52,993.52,1449988767,0
^_UK,D,20170629,000000,994.63,994.63,993.29,993.29,1334459681,0
^_UK,D,20170630,000000,992.89,993.45,992.89,993.45,1702765555,0
^_UK,D,20170703,000000,993.41,993.42,993.41,993.42,1674434385,0
^_UK,D,20170704,000000,993.29,993.29,992.3,992.3,1794986782,0
^_UK,D,20170705,000000,992.63,993.79,992.63,993.79,1603899962,0
^_UK,D,20170706,000000,993.6,993.6,992.73,992.73,1664046522,0
^_UK,D,20170707,000000,992.5,993.04,992.5,993.04,1508050866,0
^_UK,D,20170710,000000,993.29,993.29,992.08,992.08,2670495773,0
^_UK,D,20170711,000000,992.4,992.4,990.38,990.38,1839662514,0
^_UK,D,20170712,000000,991.98,992.32,991.98,992.32,1491684040,0
^_UK,D,20170713,000000,992.71,993.26,992.71,993.26,1583528481,0
^_UK,D,20170714,000000,993.24,993.24,993.01,993.01,1169222344,0
^_UK,D,20170717,000000,993.79,993.92,993.79,993.92,1146208027,0
^_UK,D,20170718,000000,994.06,994.43,994.06,994.43,1394378648,0
^_UK,D,20170719,000000,994.95,996.56,994.95,996.56,1528340279,0
^_UK,D,20170720,000000,997.27,997.61,997.27,997.61,1878570814,0
^_UK,D,20170721,000000,997.76,997.89,997.76,997.89,1869191357,0
^_UK,D,20170724,000000,997.13,997.27,997.13,997.27,3037577441,0
^_UK,D,20170725,000000,997.04,997.69,997.04,997.69,2841212472,0
^_UK,D,20170726,000000,998.45,998.45,998.12,998.12,3432043040,0
^_UK,D,20170727,000000,999.1,999.39,999.1,999.39,3263220350,0
^_UK,D,20170728,000000,999.15,999.15,998.14,998.14,2622249977,0
^_UK,D,20170731,000000,998.94,999.31,998.94,999.31,2469035857,0
^_UK,D,20170801,000000,999.93,999.93,999.65,999.65,2369427666,0
^_UK,D,20170802,000000,1000.42,1000.42,999.68,999.68,2189604078,0
^_UK,D,20170803,000000,999.94,1001.22,999.94,1001.22,2083921436,0
^_UK,D,20170804,000000,1001.08,1002.01,1001.08,1002.01,2183422178,0
^_UK,D,20170807,000000,1002.72,1002.72,1002.45,1002.45,1875866012,0
^_UK,D,20170808,000000,1002.7,1003.09,1002.7,1003.09,1991642615,0
^_UK,D,20170809,000000,1002.66,1002.66,1002.09,1002.09,2196279511,0
^_UK,D,20170810,000000,1001.77,1001.77,999.2,999.2,2020791537,0
^_UK,D,20170811,000000,998.07,998.07,996.95,996.95,1906193123,0
^_UK,D,20170814,000000,997.5,998.88,997.5,998.88,1533341246,0
^_UK,D,20170815,000000,999.47,999.47,999.42,999.42,1579873667,0
^_UK,D,20170816,000000,1000.07,1000.74,1000.07,1000.74,1590089340,0
^_UK,D,20170817,000000,1000.87,1000.87,999.85,999.85,1664041737,0
^_UK,D,20170818,000000,998.97,998.97,997.84,997.84,1855115578,0
^_UK,D,20170821,000000,997.9,998.62,997.9,998.62,1623681740,0
^_UK,D,20170822,000000,999.2,999.33,999.2,999.33,1816977558,0
^_UK,D,20170823,000000,999.62,999.62,999.53,999.53,1675608535,0
^_UK,D,20170824,000000,999.38,999.38,999.34,999.34,2036135448,0
^_UK,D,20170825,000000,999.45,999.46,999.45,999.46,1559522781,0
^_UK,D,20170829,000000,999.04,999.04,997.26,997.26,1879669131,0
^_UK,D,20170830,000000,998.03,998.37,998.03,998.37,2279506469,0
^_UK,D,20170831,000000,999.48,1001.74,999.48,1001.74,2322353229,0
^_UK,D,20170901,000000,1001.7,1002.07,1001.7,1002.07,2070901216,0
^_UK,D,20170904,000000,1001.69,1001.69,1000.6,1000.6,1728866957,0
^_UK,D,20170905,000000,1000.82,1000.82,1000.6,1000.6,1751775482,0
^_UK,D,20170906,000000,1000.72,1000.72,1000.67,1000.67,2926916472,0
^_UK,D,20170907,000000,1001.09,1001.91,1001.09,1001.91,2631818104,0
^_UK,D,20170908,000000,1001.44,1001.44,1001.17,1001.17,2035586804,0
^_UK,D,20170911,000000,1000.89,1001.18,1000.89,1001.18,1854105145,0
^_UK,D,20170912,000000,1001.83,1001.83,1000.47,1000.47,2366395254,0
^_UK,D,20170913,000000,1000.34,1000.34,999.81,999.81,2194406035,0
^_UK,D,20170914,000000,999.43,999.43,997.76,997.76,3240932301,0
^_UK,D,20170915,000000,997.71,997.71,996.23,996.23,3849508072,0
^_UK,D,20170918,000000,996.92,997.32,996.92,997.32,2567937931,0
^_UK,D,20170919,000000,997.48,997.65,997.48,997.65,2576559586,0
^_UK,D,20170920,000000,997.97,997.97,997.73,997.73,2323019716,0
^_UK,D,20170921,000000,997.86,997.86,996.54,996.54,3388640345,0
^_UK,D,20170922,000000,996.43,997.52,996.43,997.52,2789878676,0
^_UK,D,20170925,000000,997.51,998.57,997.51,998.57,3158027591,0
^_UK,D,20170926,000000,998.58,998.58,997.99,997.99,3726757297,0
^_UK,D,20170927,000000,998.69,998.69,998.67,998.67,2852394486,0
^_UK,D,20170928,000000,999.4,999.72,999.4,999.72,2585914851,0
^_UK,D,20170929,000000,1000.17,1001.92,1000.17,1001.92,1541467203,0
^_UK,D,20171002,000000,1002.38,1003.95,1002.38,1003.95,3343552791,0
^_UK,D,20171003,000000,1004.25,1004.55,1004.25,1004.55,2781641237,0
^_UK,D,20171004,000000,1004.87,1005.11,1004.87,1005.11,2812102023,0
^_UK,D,20171005,000000,1005.04,1006.79,1005.04,1006.79,2512884519,0
^_UK,D,20171006,000000,1007.21,1007.83,1007.21,1007.83,2123111388,0
^_UK,D,20171009,000000,1008.22,1008.22,1008.13,1008.13,2245338255,0
^_UK,D,20171010,000000,1008.54,1008.82,1008.54,1008.82,2838900290,0
^_UK,D,20171011,000000,1008.35,1008.62,1008.35,1008.62,4120729764,0
^_UK,D,20171012,000000,1009.15,1010.24,1009.15,1010.24,3014859823,0
^_UK,D,20171013,000000,1010.2,1010.52,1010.2,1010.52,2029649988,0
^_UK,D,20171016,000000,1010.77,1010.77,1010.62,1010.62,2568442092,0
^_UK,D,20171017,000000,1010.14,1010.14,1009.99,1009.99,3094545184,0
^_UK,D,20171018,000000,1010.61,1010.61,1010.51,1010.51,4079690301,0
^_UK,D,20171019,000000,1010.46,1010.46,1008.93,1008.93,3806533430,0
^_UK,D,20171020,000000,1009.64,1009.64,1009.36,1009.36,3722472580,0
^_UK,D,20171023,000000,1009.6,1009.6,1009.11,1009.11,2897153159,0
^_UK,D,20171024,000000,1009.07,1009.07,1009,1009,2493760037,0
^_UK,D,20171025,000000,1008.96,1008.96,1007.57,1007.57,2870045359,0
^_UK,D,20171026,000000,1008.1,1008.45,1008.1,1008.45,3382596931,0
^_UK,D,20171027,000000,1009.33,1009.81,1009.33,1009.81,2570760539,0
^_UK,D,20171030,000000,1009.39,1010.14,1009.39,1010.14,2598254802,0
^_UK,D,20171031,000000,1010.25,1010.44,1010.25,1010.44,2313516459,0
^_UK,D,20171101,000000,1011.42,1012.12,1011.42,1012.12,2948084206,0
^_UK,D,20171102,000000,1012.16,1013.09,1012.16,1013.09,2512449991,0
^_UK,D,20171103,000000,1013.61,1013.62,1013.61,1013.62,3280495635,0
^_UK,D,20171106,000000,1013.94,1013.94,1013.57,1013.57,2193918540,0
^_UK,D,20171107,000000,1014.33,1014.33,1012.3,1012.3,2780842783,0
^_UK,D,20171108,000000,1012.3,1012.3,1012.17,1012.17,1992838730,0
^_UK,D,20171109,000000,1012.14,1012.14,1009.33,1009.33,2375021091,0
^_UK,D,20171110,000000,1010.08,1010.08,1008.81,1008.81,2175305106,0
^_UK,D,20171113,000000,1009.41,1009.41,1006.01,1006.01,2102009371,0
^_UK,D,20171114,000000,1006.01,1006.01,1004.44,1004.44,2618977593,0
^_UK,D,20171115,000000,1003.74,1003.74,1001.39,1001.39,2410740732,0
^_UK,D,20171116,000000,1002.52,1003.04,1002.52,1003.04,2351192052,0
^_UK,D,20171117,000000,1003.2,1003.2,1002.43,1002.43,2249702141,0
^_UK,D,20171120,000000,1002.42,1002.79,1002.42,1002.79,1867446076,0
^_UK,D,20171121,000000,1003.13,1003.13,1003.05,1003.05,2112561919,0
^_UK,D,20171122,000000,1003.62,1004.35,1003.62,1004.35,2481359308,0
^_UK,D,20171123,000000,1003.71,1003.9,1003.71,1003.9,1648201865,0
^_UK,D,20171124,000000,1004.39,1004.39,1003.46,1003.46,1541577209,0
^_UK,D,20171127,000000,1003.38,1003.38,1002.02,1002.02,2010525869,0
^_UK,D,20171128,000000,1002.74,1003.36,1002.74,1003.36,2643586812,0
^_UK,D,20171129,000000,1003.38,1003.46,1003.38,1003.46,2656864362,0
^_UK,D,20171130,000000,1003.06,1003.06,1002.11,1002.11,3849127689,0
^_UK,D,20171201,000000,1002.02,1002.02,1000.93,1000.93,2489796240,0
^_UK,D,20171204,000000,1002.42,1002.42,1001.93,1001.93,2138988988,0
^_UK,D,20171205,000000,1002.85,1002.85,1001.25,1001.25,2258190961,0
^_UK,D,20171206,000000,999.95,999.95,999.41,999.41,2225926512,0
^_UK,D,20171207,000000,1000.3,1000.3,999.35,999.35,2226155048,0
^_UK,D,20171208,000000,999.41,1001.39,999.41,1001.39,2409440402,0
^_UK,D,20171211,000000,1001.99,1002.48,1001.99,1002.48,2252228381,0
^_UK,D,20171212,000000,1002.93,1003.52,1002.93,1003.52,2734928855,0
^_UK,D,20171213,000000,1003.18,1003.18,1002.95,1002.95,2984967179,0
^_UK,D,20171214,000000,1002.93,1002.93,1002.2,1002.2,2536334381,0
^_UK,D,20171215,000000,1002.29,1002.89,1002.29,1002.89,2966226466,0
^_UK,D,20171218,000000,1003.56,1005.15,1003.56,1005.15,1913029852,0
^_UK,D,20171219,000000,1005.52,1006.18,1005.52,1006.18,1896178304,0
^_UK,D,20171220,000000,1006.92,1006.92,1006.5,1006.5,1844507678,0
^_UK,D,20171221,000000,1006.64,1008.06,1006.64,1008.06,1837606231,0
^_UK,D,20171222,000000,1007.81,1009.08,1007.81,1009.08,1114147955,0
^_UK,D,20171227,000000,1009.3,1011.32,1009.3,1011.32,1631300651,0
^_UK,D,20171228,000000,1011.29,1012.76,1011.29,1012.76,1209325281,0
^_UK,D,20171229,000000,1012.81,1014.08,1012.81,1014.08,843967332,0
^_UK,D,20180102,000000,1013.77,1014.12,1013.77,1014.12,1766365973,0
^_UK,D,20180103,000000,1014.74,1016.05,1014.74,1016.05,1929942890,0
^_UK,D,20180104,000000,1017.03,1017.03,1017.01,1017.01,2207190892,0
^_UK,D,20180105,000000,1017.39,1018.59,1017.39,1018.59,2045000174,0
^_UK,D,20180108,000000,1019.09,1019.09,1018.63,1018.63,2116357053,0
^_UK,D,20180109,000000,1019.12,1019.12,1018.95,1018.95,2135095176,0
^_UK,D,20180110,000000,1019.18,1019.18,1017.92,1017.92,2592965923,0
^_UK,D,20180111,000000,1018.36,1018.36,1018.19,1018.19,2537301726,0
^_UK,D,20180112,000000,1018.96,1019.31,1018.96,1019.31,2750171422,0
^_UK,D,20180115,000000,1019.81,1019.81,1018.88,1018.88,3130961906,0
^_UK,D,20180116,000000,1019.29,1019.29,1018.59,1018.59,2593621483,0
^_UK,D,20180117,000000,1018.35,1018.35,1016.63,1016.63,2289925301,0
^_UK,D,20180118,000000,1016.94,1016.94,1015.75,1015.75,2622158820,0
^_UK,D,20180119,000000,1016.31,1016.31,1015.78,1015.78,2552849677,0
^_UK,D,20180122,000000,1016.57,1016.57,1015.6,1015.6,2638874309,0
^_UK,D,20180123,000000,1016.42,1016.42,1015.34,1015.34,2354100362,0
^_UK,D,20180124,000000,1015.51,1015.51,1013.34,1013.34,2131307345,0
^_UK,D,20180125,000000,1013.55,1013.55,1012.99,1012.99,2586882407,0
^_UK,D,20180126,000000,1012.93,1013.46,1012.93,1013.46,2600131510,0
^_UK,D,20180129,000000,1014.11,1014.11,1012.96,1012.96,2178476237,0
^_UK,D,20180130,000000,1011.99,1011.99,1008.64,1008.64,2408057822,0
^_UK,D,20180131,000000,1009.7,1009.7,1007.71,1007.71,2915187644,0
^_UK,D,20180201,000000,1007.87,1007.87,1006.53,1006.53,2862476120,0
^_UK,D,20180202,000000,1006.57,1006.57,1003.75,1003.75,2482925170,0
^_UK,D,20180205,000000,1001.37,1001.37,997.06,997.06,2555862684,0
^_UK,D,20180206,000000,988.12,988.51,988.12,988.51,3459430331,0
^_UK,D,20180207,000000,991.52,995.86,991.52,995.86,2792967288,0
^_UK,D,20180208,000000,995.3,995.3,992.01,992.01,2601441726,0
^_UK,D,20180209,000000,990.84,990.84,989.76,989.76,2307018993,0
^_UK,D,20180212,000000,992.73,992.73,992.65,992.65,1704291096,0
^_UK,D,20180213,000000,993.06,993.06,991.43,991.43,1618898808,0
^_UK,D,20180214,000000,992.8,993.25,992.8,993.25,1968018495,0
^_UK,D,20180215,000000,994.31,995.06,994.31,995.06,1792711893,0
^_UK,D,20180216,000000,996.85,998.06,996.85,998.06,1453862392,0
^_UK,D,20180219,000000,997.92,997.92,997.23,997.23,1234273643,0
^_UK,D,20180220,000000,997.91,997.91,997.21,997.21,2081186407,0
^_UK,D,20180221,000000,997.57,997.74,997.57,997.74,2379548588,0
^_UK,D,20180222,000000,996.42,997.04,996.42,997.04,2299920637,0
^_UK,D,20180223,000000,997.28,998.3,997.28,998.3,1724578177,0
^_UK,D,20180226,000000,999.31,999.31,998.94,998.94,1638389255,0
^_UK,D,20180227,000000,999.97,999.97,999.52,999.52,1758750004,0
^_UK,D,20180228,000000,999.01,999.01,996.95,996.95,1993034931,0
^_UK,D,20180301,000000,997.53,997.53,995.4,995.4,1919574306,0
^_UK,D,20180302,000000,994.09,994.09,992.54,992.54,1968873493,0
^_UK,D,20180305,000000,993.48,995.24,993.48,995.24,1823678763,0
^_UK,D,20180306,000000,997.27,997.27,996.86,996.86,1732404591,0
^_UK,D,20180307,000000,996.69,996.99,996.69,996.99,1805387765,0
^_UK,D,20180308,000000,997.03,999.15,997.03,999.15,1785741013,0
^_UK,D,20180309,000000,999.49,1000.38,999.49,1000.38,1557952941,0
^_UK,D,20180312,000000,1001.69,1001.69,1001.6,1001.6,1712554733,0
^_UK,D,20180313,000000,1001.13,1001.13,999.15,999.15,1892043500,0
^_UK,D,20180314,000000,999.27,999.27,998.32,998.32,1741583474,0
^_UK,D,20180315,000000,998.95,998.95,998.76,998.76,1836831733,0
^_UK,D,20180316,000000,999.07,999.07,998.41,998.41,3492176966,0
^_UK,D,20180319,000000,997.62,997.62,994.63,994.63,1940154429,0
^_UK,D,20180320,000000,995.67,995.67,994.38,994.38,1835340407,0
^_UK,D,20180321,000000,994.57,994.57,993.24,993.24,2112079764,0
^_UK,D,20180322,000000,992.61,992.61,989.55,989.55,2116855428,0
^_UK,D,20180323,000000,987.8,988.08,987.8,988.08,2091612292,0
^_UK,D,20180326,000000,988.5,988.5,986.26,986.26,1696188973,0
^_UK,D,20180327,000000,988.46,988.5,988.46,988.5,1626139242,0
^_UK,D,20180328,000000,987.26,987.69,987.26,987.69,1675919786,0
^_UK,D,20180329,000000,988.24,989.16,988.24,989.16,2093686213,0
^_UK,D,20180403,000000,987.88,988.95,987.88,988.95,1900404806,0
^_UK,D,20180404,000000,988.22,988.22,986.68,986.68,1822404590,0
^_UK,D,20180405,000000,989.13,991.24,989.13,991.24,1871182126,0
^_UK,D,20180406,000000,990.75,991.85,990.75,991.85,1770268195,0
^_UK,D,20180409,000000,992.5,992.5,991.37,991.37,1700832245,0
^_UK,D,20180410,000000,992.73,993.64,992.73,993.64,1770772234,0
^_UK,D,20180411,000000,993.96,994,993.96,994,1808725188,0
^_UK,D,20180412,000000,994.36,995.23,994.36,995.23,1733490266,0
^_UK,D,20180413,000000,995.5,995.87,995.5,995.87,1680693800,0
^_UK,D,20180416,000000,996.26,996.26,995.73,995.73,1780967646,0
^_UK,D,20180417,000000,995.72,996.25,995.72,996.25,1847107149,0
^_UK,D,20180418,000000,997.27,998.97,997.27,998.97,2130110493,0
^_UK,D,20180419,000000,999.45,1001.06,999.45,1001.06,1828296857,0
^_UK,D,20180420,000000,1001.25,1002.16,1001.25,1002.16,1795814447,0
^_UK,D,20180423,000000,1002.21,1002.81,1002.21,1002.81,2251681066,0
^_UK,D,20180424,000000,1003.41,1003.41,1002.56,1002.56,2012459351,0
^_UK,D,20180425,000000,1001.83,1001.83,1000.71,1000.71,2014404971,0
^_UK,D,20180426,000000,1001.25,1002.95,1001.25,1002.95,1821909987,0
^_UK,D,20180427,000000,1003.56,1005.14,1003.56,1005.14,1691652180,0
^_UK,D,20180430,000000,1005.31,1005.39,1005.31,1005.39,2067646396,0
^_UK,D,20180501,000000,1006.04,1006.11,1006.04,1006.11,1644195834,0
^_UK,D,20180502,000000,1007.04,1007.62,1007.04,1007.62,1970376088,0
^_UK,D,20180503,000000,1007.67,1007.67,1006.77,1006.77,1837723692,0
^_UK,D,20180504,000000,1007.63,1007.87,1007.63,1007.87,2148149962,0
^_UK,D,20180508,000000,1008.75,1009.44,1008.75,1009.44,1981079905,0
^_UK,D,20180509,000000,1009.51,1010.73,1009.51,1010.73,2028845765,0
^_UK,D,20180510,000000,1011.27,1011.63,1011.27,1011.63,2015324095,0
^_UK,D,20180511,000000,1012.16,1012.61,1012.16,1012.61,1794492052,0
^_UK,D,20180514,000000,1012.91,1013.02,1012.91,1013.02,1748886413,0
^_UK,D,20180515,000000,1013.08,1013.08,1012.73,1012.73,2176755974,0
^_UK,D,20180516,000000,1013.11,1013.47,1013.11,1013.47,2075001400,0
^_UK,D,20180517,000000,1013.22,1015.08,1013.22,1015.08,1922132923,0
^_UK,D,20180518,000000,1015.45,1015.45,1015.35,1015.35,2193369518,0
^_UK,D,20180521,000000,1016.13,1017.23,1016.13,1017.23,1657812168,0
^_UK,D,20180522,000000,1017.37,1017.58,1017.37,1017.58,1938913345,0
^_UK,D,20180523,000000,1017.14,1017.14,1015.37,1015.37,2171791703,0
^_UK,D,20180524,000000,1015.46,1015.46,1013.78,1013.78,2047985595,0
^_UK,D,20180525,000000,1014.96,1015.12,1014.96,1015.12,1884599761,0
^_UK,D,20180529,000000,1014.16,1014.16,1011.2,1011.2,2508605348,0
^_UK,D,20180530,000000,1011.49,1011.49,1011.09,1011.09,1996315922,0
^_UK,D,20180531,000000,1012.12,1012.12,1011.46,1011.46,3396628911,0
^_UK,D,20180601,000000,1012.59,1012.79,1012.59,1012.79,1768513180,0
^_UK,D,20180604,000000,1013.92,1014.41,1013.92,1014.41,1624659883,0
^_UK,D,20180605,000000,1014.27,1014.27,1013.55,1013.55,1936729196,0
^_UK,D,20180606,000000,1014.46,1015.2,1014.46,1015.2,1901914331,0
^_UK,D,20180607,000000,1015.33,1015.54,1015.33,1015.54,2181695784,0
^_UK,D,20180608,000000,1014.65,1014.93,1014.65,1014.93,2109869550,0
^_UK,D,20180611,000000,1015.5,1016.57,1015.5,1016.57,1937031665,0
^_UK,D,20180612,000000,1017.24,1017.24,1016.71,1016.71,1908133741,0
^_UK,D,20180613,000000,1016.47,1016.47,1016.23,1016.23,1977218445,0
^_UK,D,20180614,000000,1015.65,1017.44,1015.65,1017.44,2755649768,0
^_UK,D,20180615,000000,1017.27,1017.27,1014.43,1014.43,4240537978,0
^_UK,D,20180618,000000,1014.78,1014.78,1013.82,1013.82,1824076744,0
^_UK,D,20180619,000000,1012.15,1012.15,1011.51,1011.51,2230456172,0
^_UK,D,20180620,000000,1012.85,1012.85,1012.01,1012.01,2108271601,0
^_UK,D,20180621,000000,1013.09,1013.09,1009.66,1009.66,1786188015,0
^_UK,D,20180622,000000,1010.08,1012.28,1010.08,1012.28,1905962265,0
^_UK,D,20180625,000000,1011.56,1011.56,1008.63,1008.63,1698982419,0
^_UK,D,20180626,000000,1008.75,1008.75,1008.6,1008.6,1717895964,0
^_UK,D,20180627,000000,1009.24,1009.44,1009.24,1009.44,2505166729,0
^_UK,D,20180628,000000,1008.27,1008.27,1007.86,1007.86,2134437717,0
^_UK,D,20180629,000000,1009.69,1009.69,1009.16,1009.16,2563416175,0
^_UK,D,20180702,000000,1008.34,1008.34,1007.33,1007.33,2642887106,0
^_UK,D,20180703,000000,1007.77,1007.94,1007.77,1007.94,2536749980,0
^_UK,D,20180704,000000,1007.64,1008.37,1007.64,1008.37,1484410798,0
^_UK,D,20180705,000000,1008.23,1008.29,1008.23,1008.29,1653776023,0
^_UK,D,20180706,000000,1008.33,1008.33,1008.3,1008.3,1726352348,0
^_UK,D,20180709,000000,1009.15,1010.07,1009.15,1010.07,1810084930,0
^_UK,D,20180710,000000,1010.17,1010.43,1010.17,1010.43,1829164671,0
^_UK,D,20180711,000000,1009.13,1009.13,1007.57,1007.57,1893810556,0
^_UK,D,20180712,000000,1007.85,1009.37,1007.85,1009.37,1609260930,0
^_UK,D,20180713,000000,1010.5,1010.5,1010.12,1010.12,1500788189,0
^_UK,D,20180716,000000,1010.28,1010.28,1009.52,1009.52,1735226309,0
^_UK,D,20180717,000000,1009.31,1010.63,1009.31,1010.63,1984489037,0
^_UK,D,20180718,000000,1011.17,1011.39,1011.17,1011.39,1958016053,0
^_UK,D,20180719,000000,1010.35,1010.45,1010.35,1010.45,1914353300,0
^_UK,D,20180720,000000,1010.03,1010.41,1010.03,1010.41,1683522259,0
^_UK,D,20180723,000000,1009.38,1009.38,1008.55,1008.55,1400557288,0
^_UK,D,20180724,000000,1009.61,1009.91,1009.61,1009.91,670701899,0
^_UK,D,20180725,000000,1009.78,1009.78,1008.86,1008.86,1547400342,0
^_UK,D,20180726,000000,1009.24,1009.27,1009.24,1009.27,1674534575,0
^_UK,D,20180727,000000,1009.6,1010.47,1009.6,1010.47,1634015372,0
^_UK,D,20180730,000000,1009.54,1009.58,1009.54,1009.58,1623383993,0
^_UK,D,20180731,000000,1009.83,1009.96,1009.83,1009.96,2016741221,0
^_UK,D,20180801,000000,1009.48,1009.48,1009.41,1009.41,2319832043,0
^_UK,D,20180802,000000,1008.31,1008.31,1006.35,1006.35,2282649247,0
^_UK,D,20180803,000000,1007.57,1007.57,1007.53,1007.53,1909879082,0
^_UK,D,20180806,000000,1007.94,1007.94,1007.34,1007.34,1830093085,0
^_UK,D,20180807,000000,1007.89,1007.89,1007.72,1007.72,1763226849,0
^_UK,D,20180808,000000,1008.54,1008.86,1008.54,1008.86,1698086432,0
^_UK,D,20180809,000000,1009.73,1009.73,1009.23,1009.23,1434371587,0
^_UK,D,20180810,000000,1008.66,1008.66,1007.67,1007.67,1436131812,0
^_UK,D,20180813,000000,1006.35,1006.42,1006.35,1006.42,1470453256,0
^_UK,D,20180814,000000,1006.99,1006.99,1005.31,1005.31,1749710158,0
^_UK,D,20180815,000000,1005.51,1005.51,1001.78,1001.78,1899546040,0
^_UK,D,20180816,000000,1002.48,1002.86,1002.48,1002.86,1871806689,0
^_UK,D,20180817,000000,1003.35,1003.35,1003.27,1003.27,1472575654,0
^_UK,D,20180820,000000,1004.22,1004.6,1004.22,1004.6,1293848397,0
^_UK,D,20180821,000000,1004.36,1005.66,1004.36,1005.66,1449191823,0
^_UK,D,20180822,000000,1005.13,1005.92,1005.13,1005.92,1367485531,0
^_UK,D,20180823,000000,1005.96,1006.09,1005.96,1006.09,1360910245,0
^_UK,D,20180824,000000,1006.27,1006.77,1006.27,1006.77,1314388997,0
^_UK,D,20180828,000000,1008.03,1008.95,1008.03,1008.95,1540589169,0
^_UK,D,20180829,000000,1008.85,1008.85,1007.88,1007.88,1785622120,0
^_UK,D,20180830,000000,1007.29,1007.29,1007.27,1007.27,1512575181,0
^_UK,D,20180831,000000,1007.38,1007.38,1006.72,1006.72,1885200868,0
^_UK,D,20180903,000000,1007.62,1007.75,1007.62,1007.75,1163874534,0
^_UK,D,20180904,000000,1008.34,1008.34,1006.03,1006.03,1733250815,0
^_UK,D,20180905,000000,1005.56,1005.56,1003.82,1003.82,2048994232,0
^_UK,D,20180906,000000,1003.6,1003.6,1003.07,1003.07,2069875726,0
^_UK,D,20180907,000000,1002.42,1002.42,1002.26,1002.26,2050959566,0
^_UK,D,20180910,000000,1001.85,1001.85,1001.05,1001.05,1960339758,0
^_UK,D,20180911,000000,1001.14,1001.14,1000.55,1000.55,1625939712,0
^_UK,D,20180912,000000,1001.21,1002.07,1001.21,1002.07,1672152730,0
^_UK,D,20180913,000000,1002.63,1002.63,1001.28,1001.28,1563257605,0
^_UK,D,20180914,000000,1002.1,1002.28,1002.1,1002.28,1533011758,0
^_UK,D,20180917,000000,1002.15,1002.15,1001.98,1001.98,1551447580,0
^_UK,D,20180918,000000,1001.95,1002.19,1001.95,1002.19,1663537603,0
^_UK,D,20180919,000000,1002.64,1002.7,1002.64,1002.7,1772744789,0
^_UK,D,20180920,000000,1002.83,1003.1,1002.83,1003.1,2094799050,0
^_UK,D,20180921,000000,1003.83,1004.56,1003.83,1004.56,3445826478,0
^_UK,D,20180924,000000,1004.38,1004.38,1003.32,1003.32,1661131369,0
^_UK,D,20180925,000000,1003.51,1003.51,1003.04,1003.04,1888763792,0
^_UK,D,20180926,000000,1003.14,1003.14,1002.9,1002.9,1811925722,0
^_UK,D,20180927,000000,1002.31,1002.31,1001.98,1001.98,1704721378,0
^_UK,D,20180928,000000,1002.19,1002.19,1001.45,1001.45,1995242893,0
^_UK,D,20181001,000000,1002.49,1002.49,1001.69,1001.69,1873361102,0
^_UK,D,20181002,000000,1001.33,1001.33,1000.22,1000.22,1925749951,0
^_UK,D,20181003,000000,1000.82,1000.82,1000.48,1000.48,1870339234,0
^_UK,D,20181004,000000,999.44,999.44,996.7,996.7,1917389476,0
^_UK,D,20181005,000000,997.21,997.21,994.28,994.28,2007303296,0
^_UK,D,20181008,000000,993.93,993.93,989.45,989.45,1644176178,0
^_UK,D,20181009,000000,989.84,989.84,987.87,987.87,1732678200,0
^_UK,D,20181010,000000,987.56,987.56,982.22,982.22,2394161812,0
^_UK,D,20181011,000000,976.19,976.19,973.8,973.8,2894096040,0
^_UK,D,20181012,000000,976.42,978.03,976.42,978.03,2159238726,0
^_UK,D,20181015,000000,977.15,977.15,977.1,977.1,1698655838,0
^_UK,D,20181016,000000,977.95,980.84,977.95,980.84,1704147715,0
^_UK,D,20181017,000000,981.05,981.05,979.61,979.61,1632998908,0
^_UK,D,20181018,000000,979.41,979.41,979.12,979.12,1714454158,0
^_UK,D,20181019,000000,978.64,978.64,976.92,976.92,1882814791,0
^_UK,D,20181022,000000,977.22,977.22,976.57,976.57,1676899859,0
^_UK,D,20181023,000000,974.13,974.13,970.31,970.31,2231185741,0
^_UK,D,20181024,000000,971.55,971.55,970.77,970.77,1748549933,0
^_UK,D,20181025,000000,968.06,970.44,968.06,970.44,1974968646,0
^_UK,D,20181026,000000,968.51,968.51,966.69,966.69,1739668356,0
^_UK,D,20181029,000000,968.27,969.86,968.27,969.86,1743383998,0
^_UK,D,20181030,000000,969.91,969.91,969.83,969.83,1610972033,0
^_UK,D,20181031,000000,972.29,973.48,972.29,973.48,2253875814,0
^_UK,D,20181101,000000,974.02,976.69,974.02,976.69,2417374828,0
^_UK,D,20181102,000000,980.29,980.29,979.59,979.59,1959787159,0
^_UK,D,20181105,000000,979.33,979.33,978.07,978.07,1324837173,0
^_UK,D,20181106,000000,978.44,978.44,976.52,976.52,1482366524,0
^_UK,D,20181107,000000,978.14,978.86,978.14,978.86,1495704563,0
^_UK,D,20181108,000000,979.67,979.84,979.67,979.84,1470137732,0
^_UK,D,20181109,000000,978.5,978.5,976.97,976.97,1535048051,0
^_UK,D,20181112,000000,978.71,978.71,973.26,973.26,1764909638,0
^_UK,D,20181113,000000,972.99,973.47,972.99,973.47,2057565196,0
^_UK,D,20181114,000000,972.93,972.93,972.04,972.04,2048876789,0
^_UK,D,20181115,000000,973.25,973.25,967.72,967.72,4311812079,0
^_UK,D,20181116,000000,966.88,966.88,965.35,965.35,3315195681,0
^_UK,D,20181119,000000,963.69,963.69,960.97,960.97,3243942876,0
^_UK,D,20181120,000000,957.9,957.9,953.24,953.24,3544466280,0
^_UK,D,20181121,000000,954.49,956.8,954.49,956.8,3673612190,0
^_UK,D,20181122,000000,954.76,954.76,953.14,953.14,2743216249,0
^_UK,D,20181123,000000,953.63,953.98,953.63,953.98,3132421559,0
^_UK,D,20181126,000000,954.98,956.14,954.98,956.14,2847385003,0
^_UK,D,20181127,000000,954.8,954.8,954.11,954.11,3333750916,0
^_UK,D,20181128,000000,953.05,953.05,952.49,952.49,3348165651,0
^_UK,D,20181129,000000,952.17,952.17,951.96,951.96,2850806157,0
^_UK,D,20181130,000000,950.47,950.47,949.56,949.56,3526799533,0
^_UK,D,20181203,000000,953.01,953.01,951.23,951.23,3007494277,0
^_UK,D,20181204,000000,949.05,949.05,946.04,946.04,2884143797,0
^_UK,D,20181205,000000,942.34,942.34,941.26,941.26,2853509246,0
^_UK,D,20181206,000000,937.14,937.14,927.24,927.24,3408058017,0
^_UK,D,20181207,000000,928.66,928.75,928.66,928.75,2908637633,0
^_UK,D,20181210,000000,926.17,926.17,917.59,917.59,3291341144,0
^_UK,D,20181211,000000,917.54,917.58,917.54,917.58,2733416281,0
^_UK,D,20181212,000000,919.72,921.59,919.72,921.59,3306927439,0
^_UK,D,20181213,000000,921.18,921.18,919.76,919.76,2876266446,0
^_UK,D,20181214,000000,916.72,917.36,916.72,917.36,3014065938,0
^_UK,D,20181217,000000,915.8,915.8,910.52,910.52,2689267653,0
^_UK,D,20181218,000000,907.29,907.29,905.49,905.49,2974071923,0
^_UK,D,20181219,000000,904.11,904.18,904.11,904.18,3456058309,0
^_UK,D,20181220,000000,898.54,898.54,896.72,896.72,3251328121,0
^_UK,D,20181221,000000,895.21,895.49,895.21,895.49,4054478169,0
^_UK,D,20181224,000000,894.15,894.64,894.15,894.64,824878466,0
^_UK,D,20181227,000000,895.66,895.66,893.9,893.9,1557717073,0
^_UK,D,20181228,000000,895.79,898.7,895.79,898.7,1659297958,0
^_UK,D,20181231,000000,899.03,900.83,899.03,900.83,1032238937,0
^_UK,D,20190102,000000,900.03,904.22,900.03,904.22,2379036818,0
^_UK,D,20190103,000000,902.76,902.87,902.76,902.87,2553127665,0
^_UK,D,20190104,000000,903.44,908.85,903.44,908.85,2598086223,0
^_UK,D,20190107,000000,911.05,913.88,911.05,913.88,3233926750,0
^_UK,D,20190108,000000,913.4,919.06,913.4,919.06,2447524701,0
^_UK,D,20190109,000000,920.74,924.2,920.74,924.2,3018183901,0
^_UK,D,20190110,000000,924.46,926.97,924.46,926.97,2471118987,0
^_UK,D,20190111,000000,927.55,928.61,927.55,928.61,2479204099,0
^_UK,D,20190114,000000,926.1,926.1,925.11,925.11,3560575064,0
^_UK,D,20190115,000000,924.45,924.73,924.45,924.73,3060208451,0
^_UK,D,20190116,000000,923.41,925.31,923.41,925.31,3091960696,0
^_UK,D,20190117,000000,924.39,924.96,924.39,924.96,3075683916,0
^_UK,D,20190118,000000,925.57,929.88,925.57,929.88,3046160034,0
^_UK,D,20190121,000000,928.64,930.38,928.64,930.38,2313578178,0
^_UK,D,20190122,000000,929.68,929.68,928.93,928.93,2440207263,0
^_UK,D,20190123,000000,926.89,927.27,926.89,927.27,2488281707,0
^_UK,D,20190124,000000,926.05,926.36,926.05,926.36,2569118357,0
^_UK,D,20190125,000000,926.38,928.75,926.38,928.75,2758815062,0
^_UK,D,20190128,000000,927.55,927.55,926.5,926.5,2556998127,0
^_UK,D,20190129,000000,926.27,927.32,926.27,927.32,3071270181,0
^_UK,D,20190130,000000,926.53,929.37,926.53,929.37,4292295313,0
^_UK,D,20190131,000000,930.14,930.34,930.14,930.34,3545576688,0
^_UK,D,20190201,000000,931.15,932.83,931.15,932.83,2696580014,0
^_UK,D,20190204,000000,932.55,934.15,932.55,934.15,3025831709,0
^_UK,D,20190205,000000,934.93,937.65,934.93,937.65,2933759455,0
^_UK,D,20190206,000000,936.46,937.17,936.46,937.17,3511286255,0
^_UK,D,20190207,000000,935.12,935.12,933.11,933.11,2706947223,0
^_UK,D,20190208,000000,931.35,931.35,930.36,930.36,2723323020,0
^_UK,D,20190211,000000,929.57,931.85,929.57,931.85,1716115558,0
^_UK,D,20190212,000000,931.44,931.51,931.44,931.51,3433917911,0
^_UK,D,20190213,000000,930.87,933.25,930.87,933.25,2675254514,0
^_UK,D,20190214,000000,931.48,931.48,930.35,930.35,4145129310,0
^_UK,D,20190215,000000,930.18,930.18,929.81,929.81,3395077335,0
^_UK,D,20190218,000000,928.94,929.56,928.94,929.56,2208482330,0
^_UK,D,20190219,000000,928.71,928.84,928.71,928.84,2270173804,0
^_UK,D,20190220,000000,927.94,930.23,927.94,930.23,3332465375,0
^_UK,D,20190221,000000,930.36,930.36,929.6,929.6,3169213907,0
^_UK,D,20190222,000000,929.08,929.88,929.08,929.88,2820042867,0
^_UK,D,20190225,000000,929.64,930.45,929.64,930.45,2950590458,0
^_UK,D,20190226,000000,928.39,929.46,928.39,929.46,2590524774,0
^_UK,D,20190227,000000,926.99,927.28,926.99,927.28,2932530212,0
^_UK,D,20190228,000000,926.56,926.99,926.56,926.99,3289219442,0
^_UK,D,20190301,000000,927.88,928.1,927.88,928.1,3241960373,0
^_UK,D,20190304,000000,929.63,929.63,928.86,928.86,3816671739,0
^_UK,D,20190305,000000,928.54,928.54,928.52,928.52,2948199221,0
^_UK,D,20190306,000000,928.75,928.75,927.9,927.9,3896844656,0
^_UK,D,20190307,000000,926.98,926.98,924.61,924.61,3739837649,0
^_UK,D,20190308,000000,920.98,922.32,920.98,922.32,3145095017,0
^_UK,D,20190311,000000,923.41,923.41,921.8,921.8,4611471793,0
^_UK,D,20190312,000000,921.43,921.43,920.98,920.98,5223813820,0
^_UK,D,20190313,000000,919.25,920.14,919.25,920.14,5295679361,0
^_UK,D,20190314,000000,919.23,920.46,919.23,920.46,3745205181,0
^_UK,D,20190315,000000,920.75,922.76,920.75,922.76,4556192775,0
^_UK,D,20190318,000000,922.98,923.03,922.98,923.03,2806645318,0
^_UK,D,20190319,000000,922.22,922.25,922.22,922.25,3579886557,0
^_UK,D,20190320,000000,922.12,922.12,920.45,920.45,4248110132,0
^_UK,D,20190321,000000,920.44,920.44,920.4,920.4,2761967706,0
^_UK,D,20190322,000000,920.34,920.34,914.94,914.94,2972954245,0
^_UK,D,20190325,000000,913.57,913.57,910.11,910.11,2387207763,0
^_UK,D,20190326,000000,909.46,909.46,908.97,908.97,2512284835,0
^_UK,D,20190327,000000,910.35,910.35,908.44,908.44,2859611771,0
^_UK,D,20190328,000000,908.45,908.63,908.45,908.63,2179930134,0
^_UK,D,20190329,000000,909.69,909.69,908.08,908.08,3606558458,0
^_UK,D,20190401,000000,909.4,909.4,909.05,909.05,3371173653,0
^_UK,D,20190402,000000,909.62,909.91,909.62,909.91,3278547940,0
^_UK,D,20190403,000000,911.79,913.92,911.79,913.92,3203918178,0
^_UK,D,20190404,000000,911.09,911.32,911.09,911.32,3707263209,0
^_UK,D,20190405,000000,911.35,912.87,911.35,912.87,4023662573,0
^_UK,D,20190408,000000,912.89,916.06,912.89,916.06,5095134030,0
^_UK,D,20190409,000000,915.24,915.61,915.24,915.61,4202984106,0
^_UK,D,20190410,000000,915.76,915.76,915.36,915.36,3151364600,0
^_UK,D,20190411,000000,916.54,917.53,916.54,917.53,4682414450,0
^_UK,D,20190412,000000,918.82,919.99,918.82,919.99,5579870378,0
^_UK,D,20190415,000000,922.19,922.66,922.19,922.66,4235495853,0
^_UK,D,20190416,000000,922.63,923.86,922.63,923.86,5091734601,0
^_UK,D,20190417,000000,923.77,924.96,923.77,924.96,3520396693,0
^_UK,D,20190418,000000,924.88,925.8,924.88,925.8,3289263276,0
^_UK,D,20190423,000000,924.54,928.45,924.54,928.45,3415437961,0
^_UK,D,20190424,000000,928.34,929.93,928.34,929.93,4142120560,0
^_UK,D,20190425,000000,929.93,929.93,929.63,929.63,4730257791,0
^_UK,D,20190426,000000,930.05,931.14,930.05,931.14,3783450299,0
^_UK,D,20190429,000000,932.04,934.56,932.04,934.56,4407611579,0
^_UK,D,20190430,000000,934.9,934.9,933.66,933.66,4378337982,0
^_UK,D,20190501,000000,933.79,933.79,932.85,932.85,4174908213,0
^_UK,D,20190502,000000,931.4,931.4,930.51,930.51,3410368361,0
^_UK,D,20190503,000000,931.05,932.2,931.05,932.2,3453263013,0
^_UK,D,20190507,000000,929.72,929.72,929.57,929.57,4063548236,0
^_UK,D,20190508,000000,928.92,929.05,928.92,929.05,3240935057,0
^_UK,D,20190509,000000,928.01,928.01,924.87,924.87,3221132862,0
^_UK,D,20190510,000000,925.93,925.93,925.79,925.79,3453294611,0
^_UK,D,20190513,000000,925.05,925.05,921.78,921.78,3258192000,0
^_UK,D,20190514,000000,922.32,924.25,922.32,924.25,4693827565,0
^_UK,D,20190515,000000,924.45,925.4,924.45,925.4,3798270505,0
^_UK,D,20190516,000000,925.95,927.56,925.95,927.56,2943112027,0
^_UK,D,20190517,000000,926.67,926.67,925.22,925.22,3410489575,0
^_UK,D,20190520,000000,924.62,924.62,922.99,922.99,3427177136,0
^_UK,D,20190521,000000,924.25,924.3,924.25,924.3,3771756712,0
^_UK,D,20190522,000000,924.69,924.69,923.3,923.3,3348772501,0
^_UK,D,20190523,000000,921.91,921.91,917.83,917.83,3057263166,0
^_UK,D,20190524,000000,918.16,919.17,918.16,919.17,3315166310,0
^_UK,D,20190528,000000,916.31,918.71,916.31,918.71,5520174055,0
^_UK,D,20190529,000000,916.06,916.06,914.13,914.13,3353030426,0
^_UK,D,20190530,000000,914.84,916.62,914.84,916.62,4649093644,0
^_UK,D,20190531,000000,914.93,914.93,914.29,914.29,4679608305,0
^_UK,D,20190603,000000,913.36,913.47,913.36,913.47,3482423358,0
^_UK,D,20190604,000000,912.09,912.48,912.09,912.48,4492536834,0
^_UK,D,20190605,000000,912.08,912.08,911.68,911.68,5256895941,0
^_UK,D,20190606,000000,911.6,911.6,910.76,910.76,5079833544,0
^_UK,D,20190607,000000,910.53,913.67,910.53,913.67,3981255034,0
^_UK,D,20190610,000000,912.1,914.8,912.1,914.8,3649844191,0
^_UK,D,20190611,000000,914.93,914.93,914.05,914.05,4149220291,0
^_UK,D,20190612,000000,913.09,913.09,912.62,912.62,3821272372,0
^_UK,D,20190613,000000,912.59,912.64,912.59,912.64,4288000738,0
^_UK,D,20190614,000000,912,912,911.91,911.91,3706501228,0
^_UK,D,20190617,000000,910.2,911.11,910.2,911.11,4590899451,0
^_UK,D,20190618,000000,911.35,913.11,911.35,913.11,4453266797,0
^_UK,D,20190619,000000,912.94,912.94,910.86,910.86,3685916422,0
^_UK,D,20190620,000000,912.05,912.33,912.05,912.33,3449237293,0
^_UK,D,20190621,000000,910.93,911.31,910.93,911.31,6361408292,0
^_UK,D,20190624,000000,911.52,911.52,910.43,910.43,3268569796,0
^_UK,D,20190625,000000,909.7,909.7,909.02,909.02,3483814400,0
^_UK,D,20190626,000000,907.5,907.5,907.4,907.4,3268100413,0
^_UK,D,20190627,000000,906.01,907.48,906.01,907.48,3703511525,0
^_UK,D,20190628,000000,906.22,908.44,906.22,908.44,4315594640,0
^_UK,D,20190701,000000,910.72,910.72,910.64,910.64,4400329665,0
^_UK,D,20190702,000000,910.44,910.76,910.44,910.76,3394617094,0
^_UK,D,20190703,000000,910.89,912.2,910.89,912.2,3396313194,0
^_UK,D,20190704,000000,912.46,912.65,912.46,912.65,2733438417,0
^_UK,D,20190705,000000,912.32,912.32,911.26,911.26,3007428119,0
^_UK,D,20190708,000000,911.12,911.12,910.55,910.55,2722731994,0
^_UK,D,20190709,000000,909.22,909.22,907.68,907.68,3378984530,0
^_UK,D,20190710,000000,907.89,908.7,907.89,908.7,2720753933,0
^_UK,D,20190711,000000,908.74,908.83,908.74,908.83,2734830636,0
^_UK,D,20190712,000000,908.28,908.77,908.28,908.77,3187163839,0
^_UK,D,20190715,000000,908.9,909.18,908.9,909.18,3093558375,0
^_UK,D,20190716,000000,908.35,909.93,908.35,909.93,3265019852,0
^_UK,D,20190717,000000,909.75,909.75,908.44,908.44,3198726020,0
^_UK,D,20190718,000000,907.82,907.82,906.68,906.68,2762321953,0
^_UK,D,20190719,000000,906.85,907.57,906.85,907.57,2948590216,0
^_UK,D,20190722,000000,907.64,908.18,907.64,908.18,3275190394,0
^_UK,D,20190723,000000,909.01,909.41,909.01,909.41,3008602715,0
^_UK,D,20190724,000000,910.45,910.45,908.86,908.86,2948346742,0
^_UK,D,20190725,000000,910.09,910.09,909.37,909.37,3208505285,0
^_UK,D,20190726,000000,909.69,910.36,909.69,910.36,3149657877,0
^_UK,D,20190729,000000,910.77,911.95,910.77,911.95,3966481589,0
^_UK,D,20190730,000000,911.71,911.71,909.92,909.92,3200209633,0
^_UK,D,20190731,000000,909.72,909.72,907.23,907.23,3900851750,0
^_UK,D,20190801,000000,906.5,906.5,905.13,905.13,3556430238,0
^_UK,D,20190802,000000,901.84,901.84,897.72,897.72,3709329424,0
^_UK,D,20190805,000000,894.45,894.45,888.81,888.81,3537255919,0
^_UK,D,20190806,000000,887,887,885.91,885.91,4002659999,0
^_UK,D,20190807,000000,885.91,885.91,883.38,883.38,3479473727,0
^_UK,D,20190808,000000,884.07,885.63,884.07,885.63,3282760000,0
^_UK,D,20190809,000000,885.09,885.28,885.09,885.28,3669541678,0
^_UK,D,20190812,000000,885.17,885.17,882.51,882.51,3397039744,0
^_UK,D,20190813,000000,882.44,882.55,882.44,882.55,3571128550,0
^_UK,D,20190814,000000,882.11,882.11,876.56,876.56,3603770067,0
^_UK,D,20190815,000000,875.83,875.83,869.74,869.74,4655716086,0
^_UK,D,20190816,000000,869.7,870.7,869.7,870.7,3584102765,0
^_UK,D,20190819,000000,872.08,875.66,872.08,875.66,3736200776,0
^_UK,D,20190820,000000,874.5,874.98,874.5,874.98,3244136347,0
^_UK,D,20190821,000000,874.5,877.71,874.5,877.71,3162844456,0
^_UK,D,20190822,000000,877.14,878.74,877.14,878.74,4197493599,0
^_UK,D,20190823,000000,878.86,879.07,878.86,879.07,3928715207,0
^_UK,D,20190827,000000,875.49,878.34,875.49,878.34,3813311638,0
^_UK,D,20190828,000000,877.17,877.17,875.76,875.76,3112266703,0
^_UK,D,20190829,000000,875.72,876.78,875.72,876.78,3745677117,0
^_UK,D,20190830,000000,876.91,878.79,876.91,878.79,3445295255,0
^_UK,D,20190902,000000,879.24,880.65,879.24,880.65,2914386764,0
^_UK,D,20190903,000000,880.04,880.04,878.91,878.91,3602131195,0
^_UK,D,20190904,000000,879.86,880.45,879.86,880.45,3500637842,0
^_UK,D,20190905,000000,879.93,880.07,879.93,880.07,3314338004,0
^_UK,D,20190906,000000,880.09,881.73,880.09,881.73,3805212669,0
^_UK,D,20190909,000000,881.96,881.96,880.04,880.04,4007950989,0
^_UK,D,20190910,000000,879.88,879.95,879.88,879.95,4239437215,0
^_UK,D,20190911,000000,880.37,882.2,880.37,882.2,3874044322,0
^_UK,D,20190912,000000,883.12,883.29,883.12,883.29,3085303700,0
^_UK,D,20190913,000000,882.96,886.8,882.96,886.8,3326368891,0
^_UK,D,20190916,000000,887.39,887.39,886.24,886.24,2969025835,0
^_UK,D,20190917,000000,883.93,883.93,881.93,881.93,3206322556,0
^_UK,D,20190918,000000,882.8,882.8,880.9,880.9,3546566598,0
^_UK,D,20190919,000000,881.18,881.18,881.12,881.12,2793341654,0
^_UK,D,20190920,000000,881.3,883.14,881.3,883.14,5033833536,0
^_UK,D,20190923,000000,882.84,882.84,880.85,880.85,3551287933,0
^_UK,D,20190924,000000,879.72,879.72,878.74,878.74,3595491980,0
^_UK,D,20190925,000000,876.41,876.41,874.43,874.43,3393057496,0
^_UK,D,20190926,000000,873.67,873.67,873.27,873.27,4352630198,0
^_UK,D,20190927,000000,874.18,875.58,874.18,875.58,4943902481,0
^_UK,D,20190930,000000,873.9,873.9,871.52,871.52,5351661946,0
^_UK,D,20191001,000000,871.56,871.56,869.96,869.96,8581874992,0
^_UK,D,20191002,000000,868.52,868.52,862.2,862.2,8109272983,0
^_UK,D,20191003,000000,861.3,861.3,857.71,857.71,5383582035,0
^_UK,D,20191004,000000,858.48,859.83,858.48,859.83,4771060209,0
^_UK,D,20191007,000000,859.84,860.32,859.84,860.32,5032949768,0
^_UK,D,20191008,000000,860.75,860.75,857.33,857.33,6044522484,0
^_UK,D,20191009,000000,856.83,856.83,855.87,855.87,4801066699,0
^_UK,D,20191010,000000,856.55,857.15,856.55,857.15,4079420177,0
^_UK,D,20191011,000000,857,864.36,857,864.36,6364774271,0
^_UK,D,20191014,000000,862.16,864.35,862.16,864.35,9175281057,0
^_UK,D,20191015,000000,864.47,866.09,864.47,866.09,7835201345,0
^_UK,D,20191016,000000,866.29,866.71,866.29,866.71,5483432248,0
^_UK,D,20191017,000000,867.05,868.96,867.05,868.96,6029758362,0
^_UK,D,20191018,000000,868.44,869.68,868.44,869.68,5476373968,0
^_UK,D,20191021,000000,866.95,869.62,866.95,869.62,4680741162,0
^_UK,D,20191022,000000,869.44,869.44,868.53,868.53,5032952225,0
^_UK,D,20191023,000000,867.93,868.68,867.93,868.68,4355866219,0
^_UK,D,20191024,000000,869.07,869.07,868.89,868.89,4759636026,0
^_UK,D,20191025,000000,867.9,868.59,867.9,868.59,4846586086,0
^_UK,D,20191028,000000,868.68,869.46,868.68,869.46,4660772164,0
^_UK,D,20191029,000000,869.15,869.15,868.09,868.09,4305854743,0
^_UK,D,20191030,000000,867.24,867.24,867.04,867.04,5545384791,0
^_UK,D,20191031,000000,868.1,868.1,866.04,866.04,4553836621,0
^_UK,D,20191101,000000,868.34,868.34,868.33,868.33,3692592949,0
^_UK,D,20191104,000000,869.01,869.01,868.6,868.6,3867340940,0
^_UK,D,20191105,000000,868.57,868.57,868.15,868.15,4230299272,0
^_UK,D,20191106,000000,868.14,868.14,868.1,868.1,4917072662,0
^_UK,D,20191107,000000,868.3,869.87,868.3,869.87,4907205520,0
^_UK,D,20191108,000000,869.18,869.47,869.18,869.47,4962977183,0
^_UK,D,20191111,000000,868,868,867.65,867.65,5331164423,0
^_UK,D,20191112,000000,868.58,868.58,867.65,867.65,5305884772,0
^_UK,D,20191113,000000,866.4,866.4,864.64,864.64,4767525832,0
^_UK,D,20191114,000000,864.34,864.34,864.17,864.17,4235936536,0
^_UK,D,20191115,000000,864.96,866.96,864.96,866.96,4452607393,0
^_UK,D,20191118,000000,867.08,867.08,866.75,866.75,5131853212,0
^_UK,D,20191119,000000,867.63,867.63,866.58,866.58,4102178937,0
^_UK,D,20191120,000000,865.35,865.64,865.35,865.64,4286111306,0
^_UK,D,20191121,000000,864.81,865.26,864.81,865.26,4891407022,0
^_UK,D,20191122,000000,864.66,867.62,864.66,867.62,4131794042,0
^_UK,D,20191125,000000,868.82,868.82,867.64,867.64,4335808915,0
^_UK,D,20191126,000000,867.67,869.13,867.67,869.13,5115851232,0
^_UK,D,20191127,000000,869.88,870.87,869.88,870.87,5430727208,0
^_UK,D,20191128,000000,871.07,871.76,871.07,871.76,4405519105,0
^_UK,D,20191129,000000,869.82,869.82,868.9,868.9,4018979718,0
^_UK,D,20191202,000000,869.57,869.57,866.93,866.93,5269062122,0
^_UK,D,20191203,000000,866.13,866.13,861.68,861.68,5823323082,0
^_UK,D,20191204,000000,861.27,864.03,861.27,864.03,4387122484,0
^_UK,D,20191205,000000,866.27,866.27,866.25,866.25,4942248918,0
^_UK,D,20191206,000000,867.17,869.42,867.17,869.42,3774278019,0
^_UK,D,20191209,000000,868.45,868.45,866.22,866.22,4003703969,0
^_UK,D,20191210,000000,864.98,864.98,862.82,862.82,3423382148,0
^_UK,D,20191211,000000,860.63,861.51,860.63,861.51,3728500778,0
^_UK,D,20191212,000000,862,864.29,862,864.29,4682244720,0
^_UK,D,20191213,000000,871.31,875.75,871.31,875.75,6034299777,0
^_UK,D,20191216,000000,876.43,882.08,876.43,882.08,5379106455,0
^_UK,D,20191217,000000,881.31,881.31,880.58,880.58,4937940282,0
^_UK,D,20191218,000000,880.04,880.19,880.04,880.19,4563361433,0
^_UK,D,20191219,000000,880.44,881.29,880.44,881.29,4742102167,0
^_UK,D,20191220,000000,881.55,884.24,881.55,884.24,4928260934,0
^_UK,D,20191223,000000,885.22,887.93,885.22,887.93,3732666196,0
^_UK,D,20191224,000000,888.09,890.89,888.09,890.89,1215554804,0
^_UK,D,20191227,000000,891.44,894.72,891.44,894.72,1765980178,0
^_UK,D,20191230,000000,894.91,896.08,894.91,896.08,2213659694,0
^_UK,D,20191231,000000,895.97,897.28,895.97,897.28,1305757907,0
^_UK,D,20200102,000000,898.46,901.53,898.46,901.53,3729992844,0
^_UK,D,20200103,000000,900.11,900.52,900.11,900.52,3358548275,0
^_UK,D,20200106,000000,900.22,900.22,898.17,898.17,3190499341,0
^_UK,D,20200107,000000,899.13,900.64,899.13,900.64,3308987495,0
^_UK,D,20200108,000000,899.72,899.72,898.38,898.38,4236988977,0
^_UK,D,20200109,000000,899.55,899.55,899.09,899.09,4326165039,0
^_UK,D,20200110,000000,899.48,899.89,899.48,899.89,4672394048,0
^_UK,D,20200113,000000,901.59,902.23,901.59,902.23,3567292708,0
^_UK,D,20200114,000000,901.28,901.28,901.11,901.11,3762128060,0
^_UK,D,20200115,000000,901.67,901.67,900.55,900.55,3789345131,0
^_UK,D,20200116,000000,901.03,901.03,900.38,900.38,3457607791,0
^_UK,D,20200117,000000,900.95,904.03,900.95,904.03,4681761347,0
^_UK,D,20200120,000000,905.34,905.34,903.68,903.68,3888569821,0
^_UK,D,20200121,000000,902.69,902.69,901.48,901.48,3806845991,0
^_UK,D,20200122,000000,901.29,901.53,901.29,901.53,3667435607,0
^_UK,D,20200123,000000,900.09,900.09,897.24,897.24,3575765433,0
^_UK,D,20200124,000000,898.35,899.11,898.35,899.11,3543957950,0
^_UK,D,20200127,000000,896.11,896.11,889.76,889.76,3796094296,0
^_UK,D,20200128,000000,890.2,890.26,890.2,890.26,3791379686,0
^_UK,D,20200129,000000,889.95,889.95,889.47,889.47,4309983788,0
^_UK,D,20200130,000000,888.53,888.53,886.18,886.18,5199198125,0
^_UK,D,20200131,000000,887,887,883.31,883.31,5176412260,0
^_UK,D,20200203,000000,882.81,882.81,882.43,882.43,3812110699,0
^_UK,D,20200204,000000,883.66,884.3,883.66,884.3,4678205421,0
^_UK,D,20200205,000000,885.24,885.76,885.24,885.76,4120934978,0
^_UK,D,20200206,000000,887.45,887.76,887.45,887.76,4244153911,0
^_UK,D,20200207,000000,887.51,887.51,886.44,886.44,5044905205,0
^_UK,D,20200210,000000,885.85,885.85,884.52,884.52,4831586733,0
^_UK,D,20200211,000000,884.91,885.96,884.91,885.96,5558198422,0
^_UK,D,20200212,000000,886.53,888.27,886.53,888.27,5452694116,0
^_UK,D,20200213,000000,887.85,887.85,886.96,886.96,5838287937,0
^_UK,D,20200214,000000,887.35,887.35,887.22,887.22,5874614769,0
^_UK,D,20200217,000000,888.2,888.2,887.65,887.65,4429152443,0
^_UK,D,20200218,000000,886.07,886.07,885.78,885.78,5168954694,0
^_UK,D,20200219,000000,887.04,888.03,887.04,888.03,6146803075,0
^_UK,D,20200220,000000,888.31,889.45,888.31,889.45,4744931914,0
^_UK,D,20200221,000000,888.55,888.55,888.54,888.54,4478677153,0
^_UK,D,20200224,000000,883.59,883.59,871.55,871.55,4942497153,0
^_UK,D,20200225,000000,871.83,871.83,862.62,862.62,4286051943,0
^_UK,D,20200226,000000,859.06,859.06,850.34,850.34,4983967570,0
^_UK,D,20200227,000000,844.05,844.05,829.59,829.59,4667044991,0
^_UK,D,20200228,000000,814.61,814.61,804.81,804.81,6892733848,0
^_UK,D,20200302,000000,810.5,810.5,807.6,807.6,5364295979,0
^_UK,D,20200303,000000,812.04,816.49,812.04,816.49,5481389453,0
^_UK,D,20200304,000000,816.96,817.96,816.96,817.96,5541339577,0
^_UK,D,20200305,000000,818.55,818.55,808.9,808.9,4387232683,0
^_UK,D,20200306,000000,800.99,800.99,790.56,790.56,4902247445,0
^_UK,D,20200309,000000,763.96,763.96,749.75,749.75,5909769297,0
^_UK,D,20200310,000000,754.98,754.98,752.58,752.58,5166313717,0
^_UK,D,20200311,000000,754.55,754.55,745.76,745.76,4746716707,0
^_UK,D,20200312,000000,726.83,726.83,695.89,695.89,6363031783,0
^_UK,D,20200313,000000,702.07,702.07,696.74,696.74,6548190133,0
^_UK,D,20200316,000000,682.64,682.64,642.53,642.53,7081815058,0
^_UK,D,20200317,000000,643.92,643.92,615.45,615.45,5926081394,0
^_UK,D,20200318,000000,606.8,606.8,585.19,585.19,5446561032,0
^_UK,D,20200319,000000,583.99,583.99,579.56,579.56,6005411526,0
^_UK,D,20200320,000000,587.18,600.54,587.18,600.54,7547280092,0
^_UK,D,20200323,000000,587.97,587.97,580.92,580.92,4976996986,0
^_UK,D,20200324,000000,587.5,602.46,587.5,602.46,4664711415,0
^_UK,D,20200325,000000,607.48,620.43,607.48,620.43,5387945805,0
^_UK,D,20200326,000000,618.57,632.63,618.57,632.63,4502172517,0
^_UK,D,20200327,000000,629.15,629.15,622.78,622.78,4944437521,0
^_UK,D,20200330,000000,622.35,622.35,620.58,620.58,4546351644,0
^_UK,D,20200331,000000,623.61,630.14,623.61,630.14,6178726391,0
^_UK,D,20200401,000000,623.68,623.68,620.52,620.52,5000146546,0
^_UK,D,20200402,000000,620,620,619.77,619.77,5445593665,0
^_UK,D,20200403,000000,619.9,619.9,615.8,615.8,4720965718,0
^_UK,D,20200406,000000,620.72,630.62,620.72,630.62,6184642990,0
^_UK,D,20200407,000000,636.48,649.29,636.48,649.29,7716939483,0
^_UK,D,20200408,000000,647.28,656.57,647.28,656.57,5908643790,0
^_UK,D,20200409,000000,660.74,670.27,660.74,670.27,6094639832,0
^_UK,D,20200414,000000,672.49,675.94,672.49,675.94,6831186531,0
^_UK,D,20200415,000000,674.38,674.38,662.27,662.27,6022252898,0
^_UK,D,20200416,000000,663.83,664.97,663.83,664.97,4688267050,0
^_UK,D,20200417,000000,671.18,674.31,671.18,674.31,5510935220,0
^_UK,D,20200420,000000,676.61,676.61,675.93,675.93,4673913327,0
^_UK,D,20200421,000000,672.99,672.99,666.93,666.93,4966802440,0
^_UK,D,20200422,000000,667.76,671.06,667.76,671.06,5354467204,0
^_UK,D,20200423,000000,672.76,676.79,672.76,676.79,4503337231,0
^_UK,D,20200424,000000,674.15,676.88,674.15,676.88,4165231276,0
^_UK,D,20200427,000000,680.98,684.34,680.98,684.34,4257888779,0
^_UK,D,20200428,000000,686.3,692.96,686.3,692.96,6821476010,0
^_UK,D,20200429,000000,695.41,704.91,695.41,704.91,6260229692,0
^_UK,D,20200430,000000,707.13,707.13,702.32,702.32,7890175149,0
^_UK,D,20200501,000000,699.01,699.01,696.52,696.52,4791133677,0
^_UK,D,20200504,000000,694.33,695.09,694.33,695.09,5245940552,0
^_UK,D,20200505,000000,697.78,698.5,697.78,698.5,5058177910,0
^_UK,D,20200506,000000,699.87,699.87,698.4,698.4,5239932992,0
^_UK,D,20200507,000000,700.18,701.91,700.18,701.91,4838633145,0
^_UK,D,20200511,000000,703.91,704.92,703.91,704.92,6594717281,0
^_UK,D,20200512,000000,704.71,704.71,704.11,704.11,6302891867,0
^_UK,D,20200513,000000,702.65,702.65,698.06,698.06,6418019694,0
^_UK,D,20200514,000000,695.67,695.67,686.72,686.72,7227568265,0
^_UK,D,20200515,000000,689.63,691.89,689.63,691.89,5441629846,0
^_UK,D,20200518,000000,696.29,704.28,696.29,704.28,5448457796,0
^_UK,D,20200519,000000,706.86,706.89,706.86,706.89,4916855124,0
^_UK,D,20200520,000000,707.34,709.44,707.34,709.44,6857539258,0
^_UK,D,20200521,000000,709.2,710.8,709.2,710.8,5312245327,0
^_UK,D,20200522,000000,708.55,709.55,708.55,709.55,5299639521,0
^_UK,D,20200526,000000,713.99,719.58,713.99,719.58,5286202951,0
^_UK,D,20200527,000000,722.02,724.28,722.02,724.28,6642073526,0
^_UK,D,20200528,000000,726.9,730.31,726.9,730.31,5647763635,0
^_UK,D,20200529,000000,729.64,729.64,727.86,727.86,8824916840,0
^_UK,D,20200601,000000,731.62,734.49,731.62,734.49,6579550732,0
^_UK,D,20200602,000000,736.41,739.06,736.41,739.06,6909904421,0
^_UK,D,20200603,000000,742.62,747.63,742.62,747.63,7050327894,0
^_UK,D,20200604,000000,747.35,748.39,747.35,748.39,9910022933,0
^_UK,D,20200605,000000,752.45,759.11,752.45,759.11,11783689435,0
^_UK,D,20200608,000000,760.03,761.96,760.03,761.96,12437977492,0
^_UK,D,20200609,000000,762.65,762.65,756.58,756.58,7622576955,0
^_UK,D,20200610,000000,757.28,757.28,756.04,756.04,6526987221,0
^_UK,D,20200611,000000,751.43,751.43,741.04,741.04,6359591880,0
^_UK,D,20200612,000000,738.29,741.32,738.29,741.32,6818579472,0
^_UK,D,20200615,000000,737.36,737.79,737.36,737.79,4800260316,0
^_UK,D,20200616,000000,744.18,746.48,744.18,746.48,6352799913,0
^_UK,D,20200617,000000,747.44,749.1,747.44,749.1,5895155898,0
^_UK,D,20200618,000000,749.18,749.18,749.09,749.09,6653864373,0
^_UK,D,20200619,000000,751.49,753.88,751.49,753.88,8268343492,0
^_UK,D,20200622,000000,752.88,753.19,752.88,753.19,7418385960,0
^_UK,D,20200623,000000,754.84,755.05,754.84,755.05,8328504596,0
^_UK,D,20200624,000000,754.86,754.86,748.77,748.77,10034990968,0
^_UK,D,20200625,000000,747.69,747.69,746.11,746.11,5892808734,0
^_UK,D,20200626,000000,748.44,748.44,745.37,745.37,6005520901,0
^_UK,D,20200629,000000,744.54,744.54,744,744,7116866102,0
^_UK,D,20200630,000000,744.01,744.01,743.32,743.32,5853653484,0
^_UK,D,20200701,000000,744.23,744.23,743.93,743.93,6088727666,0
^_UK,D,20200702,000000,746.07,747.04,746.07,747.04,5918212791,0
^_UK,D,20200703,000000,748.64,748.64,747.24,747.24,4853530511,0
^_UK,D,20200706,000000,751.19,753.41,751.19,753.41,5440012806,0
^_UK,D,20200707,000000,753.14,753.14,751.39,751.39,4669975864,0
^_UK,D,20200708,000000,749.96,749.96,748.15,748.15,5622974175,0
^_UK,D,20200709,000000,750.09,750.09,745.96,745.96,7171819807,0
^_UK,D,20200710,000000,745.11,747.04,745.11,747.04,6911883861,0
^_UK,D,20200713,000000,749.58,749.58,749.46,749.46,5902982161,0
^_UK,D,20200714,000000,746.79,746.79,744.15,744.15,5071183595,0
^_UK,D,20200715,000000,746.41,747.99,746.41,747.99,4897181327,0
^_UK,D,20200716,000000,747.52,747.52,746.62,746.62,4622760548,0
^_UK,D,20200717,000000,747.07,748.64,747.07,748.64,4784112661,0
^_UK,D,20200720,000000,749.01,749.01,748.91,748.91,5264616913,0
^_UK,D,20200721,000000,750.59,752.73,750.59,752.73,5833562746,0
^_UK,D,20200722,000000,753.91,753.92,753.91,753.92,6661342608,0
^_UK,D,20200723,000000,754.13,754.54,754.13,754.54,6351594202,0
^_UK,D,20200724,000000,752.48,752.48,751.21,751.21,6522310148,0
^_UK,D,20200727,000000,751.59,751.59,750.76,750.76,7161392318,0
^_UK,D,20200728,000000,752.9,753.29,752.9,753.29,5661465914,0
^_UK,D,20200729,000000,752.91,754.15,752.91,754.15,7094287822,0
