<TICKER>,<PER>,<DATE>,<TIME>,<OPEN>,<HIGH>,<LOW>,<CLOSE>,<VOL>,<OPENINT>
^_US,D,20160216,000000,822.88,828.62,822.88,828.62,6101635432,0
^_US,D,20160217,000000,833.8,842.43,833.8,842.43,6721344572,0
^_US,D,20160218,000000,844.51,844.51,840.17,840.17,5844404185,0
^_US,D,20160219,000000,838.15,840.21,838.15,840.21,5519908177,0
^_US,D,20160222,000000,847.29,849.68,847.29,849.68,5355313281,0
^_US,D,20160223,000000,847.98,847.98,841.71,841.71,5183464697,0
^_US,D,20160224,000000,835.82,845.42,835.82,845.42,5693187326,0
^_US,D,20160225,000000,847.08,849.86,847.08,849.86,5249296419,0
^_US,D,20160226,000000,853.16,854.89,853.16,854.89,5578575807,0
^_US,D,20160229,000000,856.35,856.35,855.76,855.76,5907929179,0
^_US,D,20160301,000000,860.44,866.27,860.44,866.27,6308951665,0
^_US,D,20160302,000000,866.07,875.67,866.07,875.67,6017331180,0
^_US,D,20160303,000000,876.58,883.53,876.58,883.53,6390531143,0
^_US,D,20160304,000000,886.63,890.18,886.63,890.18,7485718814,0
^_US,D,20160307,000000,889,899.49,889,899.49,6333363567,0
^_US,D,20160308,000000,896.89,896.89,884.48,884.48,5877386811,0
^_US,D,20160309,000000,889.56,889.56,888.27,888.27,5241778037,0
^_US,D,20160310,000000,890.24,890.24,883.68,883.68,5861714240,0
^_US,D,20160311,000000,890.16,895.53,890.16,895.53,5326742661,0
^_US,D,20160314,000000,894.3,895.71,894.3,895.71,4695148146,0
^_US,D,20160315,000000,891.56,891.56,884.78,884.78,4847723241,0
^_US,D,20160316,000000,884.36,891.25,884.36,891.25,5408861912,0
^_US,D,20160317,000000,892.5,899.66,892.5,899.66,6039262552,0
^_US,D,20160318,000000,903.17,903.59,903.17,903.59,8729321906,0
^_US,D,20160321,000000,904.65,904.71,904.65,904.71,4610823589,0
^_US,D,20160322,000000,901.96,904.71,901.96,904.71,4559646230,0
^_US,D,20160323,000000,902.01,902.01,890.89,890.89,4829685457,0
^_US,D,20160324,000000,886.72,891.62,886.72,891.62,4546538357,0
^_US,D,20160328,000000,893.27,893.27,890.4,890.4,3710474524,0
^_US,D,20160329,000000,888.49,900.43,888.49,900.43,4939914635,0
^_US,D,20160330,000000,904.83,904.83,903.7,903.7,4786836541,0
^_US,D,20160331,000000,903.91,905.37,903.91,905.37,4984381953,0
^_US,D,20160401,000000,900.99,906.22,900.99,906.22,5015167775,0
^_US,D,20160404,000000,907.05,907.05,902.32,902.32,4566141482,0
^_US,D,20160405,000000,898.15,898.15,896.34,896.34,5156367753,0
^_US,D,20160406,000000,898.12,904.25,898.12,904.25,4923620124,0
^_US,D,20160407,000000,901.57,901.57,897.16,897.16,5077863492,0
^_US,D,20160408,000000,903.31,903.31,902.08,902.08,4464404589,0
^_US,D,20160411,000000,905.78,905.78,903.78,903.78,4694693712,0
^_US,D,20160412,000000,905.1,911.6,905.1,911.6,5439684839,0
^_US,D,20160413,000000,915.5,922.91,915.5,922.91,5567462813,0
^_US,D,20160414,000000,923.87,923.87,923.06,923.06,4824275170,0
^_US,D,20160415,000000,921.57,923.22,921.57,923.22,4742117715,0
^_US,D,20160418,000000,921.4,927.54,921.4,927.54,4510894937,0
^_US,D,20160419,000000,931.15,932.16,931.15,932.16,5246078900,0
^_US,D,20160420,000000,932.45,934.33,932.45,934.33,5462034189,0
^_US,D,20160421,000000,935.39,935.39,932.68,932.68,5461010942,0
^_US,D,20160422,000000,933.32,937.88,933.32,937.88,5396252888,0
^_US,D,20160425,000000,937.09,937.09,933.53,933.53,4539688204,0
^_US,D,20160426,000000,935.81,938.62,935.81,938.62,4988784847,0
^_US,D,20160427,000000,940.24,941.55,940.24,941.55,5536251309,0
^_US,D,20160428,000000,939.16,939.16,936.6,936.6,5817584337,0
^_US,D,20160429,000000,937.06,937.06,933.14,933.14,6403615422,0
^_US,D,20160502,000000,935.37,935.37,934.68,934.68,5227298269,0
^_US,D,20160503,000000,929.3,929.3,923.63,923.63,5601217812,0
^_US,D,20160504,000000,920.96,920.96,918.23,918.23,5549900108,0
^_US,D,20160505,000000,921.58,921.58,914.92,914.92,5470023205,0
^_US,D,20160506,000000,912.62,915.43,912.62,915.43,5237193873,0
^_US,D,20160509,000000,914.34,914.34,913.22,913.22,4973674910,0
^_US,D,20160510,000000,915.54,919.5,915.54,919.5,4911700666,0
^_US,D,20160511,000000,918.3,918.3,913.84,913.84,5211804850,0
^_US,D,20160512,000000,916.65,916.65,907.64,907.64,5195026149,0
^_US,D,20160513,000000,906.43,906.43,904.14,904.14,4837801843,0
^_US,D,20160516,000000,906.55,910.25,906.55,910.25,4739848501,0
^_US,D,20160517,000000,908.92,908.92,904.04,904.04,5428855446,0
^_US,D,20160518,000000,902.26,902.5,902.26,902.5,5426401490,0
^_US,D,20160519,000000,898.64,898.64,896.55,896.55,5115994931,0
^_US,D,20160520,000000,899.4,904.36,899.4,904.36,4943830168,0
^_US,D,20160523,000000,904.75,905.91,904.75,905.91,4277547134,0
^_US,D,20160524,000000,909.02,914.25,909.02,914.25,4964677705,0
^_US,D,20160525,000000,917.01,920.78,917.01,920.78,5178593443,0
^_US,D,20160526,000000,922.5,922.5,919.79,919.79,4438805518,0
^_US,D,20160527,000000,919.52,922.75,919.52,922.75,4188757859,0
^_US,D,20160531,000000,923.84,925.4,923.84,925.4,6036254967,0
^_US,D,20160601,000000,923.4,929.13,923.4,929.13,4825295054,0
^_US,D,20160602,000000,927.54,932.79,927.54,932.79,4749237516,0
^_US,D,20160603,000000,932.79,932.79,931.69,931.69,5012557329,0
^_US,D,20160606,000000,933.54,940.06,933.54,940.06,4774593007,0
^_US,D,20160607,000000,941.04,942.9,941.04,942.9,4864117361,0
^_US,D,20160608,000000,945.24,947.76,945.24,947.76,4865558714,0
^_US,D,20160609,000000,944.66,944.66,942.45,942.45,4558004486,0
^_US,D,20160610,000000,936.18,936.18,931.15,931.15,4863698000,0
^_US,D,20160613,000000,928.35,928.35,923.03,923.03,4787590960,0
^_US,D,20160614,000000,920.71,920.71,917.83,917.83,5172282428,0
^_US,D,20160615,000000,919.53,920.34,919.53,920.34,4879371808,0
^_US,D,20160616,000000,916.43,918.3,916.43,918.3,5016140084,0
^_US,D,20160617,000000,920.22,920.22,919.07,919.07,6784675003,0
^_US,D,20160620,000000,927.09,927.09,926.22,926.22,4861514749,0
^_US,D,20160621,000000,926.97,926.97,925.23,925.23,4560323078,0
^_US,D,20160622,000000,926.71,926.71,923.02,923.02,4408498906,0
^_US,D,20160623,000000,929.35,933.87,929.35,933.87,4624946144,0
^_US,D,20160624,000000,907.68,909.75,907.68,909.75,10254921226,0
^_US,D,20160627,000000,903.04,903.04,887.34,887.34,7475277545,0
^_US,D,20160628,000000,896.39,901.34,896.39,901.34,5967166559,0
^_US,D,20160629,000000,908.61,913.62,908.61,913.62,5748566225,0
^_US,D,20160630,000000,915.69,921.2,915.69,921.2,6186834245,0
^_US,D,20160701,000000,922.26,927.14,922.26,927.14,4772249546,0
^_US,D,20160705,000000,923.49,923.49,917.44,917.44,4963237826,0
^_US,D,20160706,000000,914.65,920.94,914.65,920.94,5360027942,0
^_US,D,20160707,000000,922.79,922.79,921.74,921.74,4930211140,0
^_US,D,20160708,000000,927.25,935.34,927.25,935.34,5098056932,0
^_US,D,20160711,000000,938.72,940.78,938.72,940.78,4569967111,0
^_US,D,20160712,000000,945.6,949.83,945.6,949.83,5602735752,0
^_US,D,20160713,000000,951.53,951.53,947.44,947.44,4793687172,0
^_US,D,20160714,000000,951.85,951.85,948.91,948.91,4761314588,0
^_US,D,20160715,000000,951.1,951.1,950.31,950.31,4392065551,0
^_US,D,20160718,000000,950.37,952.6,950.37,952.6,4260561351,0
^_US,D,20160719,000000,951.07,951.07,948.33,948.33,4343045066,0
^_US,D,20160720,000000,949.58,953.44,949.58,953.44,4767814304,0
^_US,D,20160721,000000,953.87,953.87,951.93,951.93,4923038437,0
^_US,D,20160722,000000,951.71,955.81,951.71,955.81,4385775004,0
^_US,D,20160725,000000,955.27,955.27,952.04,952.04,4528146044,0
^_US,D,20160726,000000,952.02,954.91,952.02,954.91,5173721997,0
^_US,D,20160727,000000,956.61,956.61,955.95,955.95,5656119050,0
^_US,D,20160728,000000,956.25,956.25,956.02,956.02,5315947313,0
^_US,D,20160729,000000,955.44,957.99,955.44,957.99,5673776338,0
^_US,D,20160801,000000,958.16,958.16,956.25,956.25,5017661076,0
^_US,D,20160802,000000,956.23,956.23,948.02,948.02,5596740600,0
^_US,D,20160803,000000,947.56,954.36,947.56,954.36,5344133647,0
^_US,D,20160804,000000,954.56,955.46,954.56,955.46,5273189041,0
^_US,D,20160805,000000,957.88,962.8,957.88,962.8,5286413357,0
^_US,D,20160808,000000,965.02,965.02,964.94,964.94,4678951059,0
^_US,D,20160809,000000,966.22,966.22,965.12,965.12,4699854490,0
^_US,D,20160810,000000,965.82,965.82,960.13,960.13,4646219803,0
^_US,D,20160811,000000,962.37,964.11,962.37,964.11,4725005090,0
^_US,D,20160812,000000,963.9,964.42,963.9,964.42,4296831095,0
^_US,D,20160815,000000,966.65,970.04,966.65,970.04,4386683960,0
^_US,D,20160816,000000,968.75,968.75,965.97,965.97,4564736889,0
^_US,D,20160817,000000,965.56,965.56,964.76,964.76,4839472735,0
^_US,D,20160818,000000,965.34,969.49,965.34,969.49,4658359664,0
^_US,D,20160819,000000,967.76,968.45,967.76,968.45,4428987494,0
^_US,D,20160822,000000,967.06,968.61,967.06,968.61,4038666720,0
^_US,D,20160823,000000,971.48,972.58,971.48,972.58,4332121102,0
^_US,D,20160824,000000,972.34,972.34,966,966,4534583356,0
^_US,D,20160825,000000,965.44,966.12,965.44,966.12,4178754260,0
^_US,D,20160826,000000,967.65,967.65,964.6,964.6,4589638546,0
^_US,D,20160829,000000,965.78,968.82,965.78,968.82,3821210413,0
^_US,D,20160830,000000,969.26,969.26,968.95,968.95,4157609809,0
^_US,D,20160831,000000,967.8,967.8,965.57,965.57,5082161005,0
^_US,D,20160901,000000,965.5,965.5,965.32,965.32,4611909046,0
^_US,D,20160902,000000,969.12,971.94,969.12,971.94,4232182309,0
^_US,D,20160906,000000,973.95,975.77,973.95,975.77,4811066638,0
^_US,D,20160907,000000,976.7,978.98,976.7,978.98,4803981761,0
^_US,D,20160908,000000,978.78,980.68,978.78,980.68,5184789756,0
^_US,D,20160909,000000,975.15,975.15,959.84,959.84,6054889398,0
^_US,D,20160912,000000,955.74,966.66,955.74,966.66,5618934425,0
^_US,D,20160913,000000,960.9,960.9,952.57,952.57,5764533753,0
^_US,D,20160914,000000,953.3,953.3,952.37,952.37,5171867320,0
^_US,D,20160915,000000,953.03,958.46,953.03,958.46,4917061121,0
^_US,D,20160916,000000,956.3,957.16,956.3,957.16,7613938253,0
^_US,D,20160919,000000,960.97,960.97,960.22,960.22,4590631964,0
^_US,D,20160920,000000,963.12,963.12,959.41,959.41,4468491199,0
^_US,D,20160921,000000,962.99,968.54,962.99,968.54,5408913169,0
^_US,D,20160922,000000,974.17,976.75,974.17,976.75,5119265991,0
^_US,D,20160923,000000,975.44,975.44,973.5,973.5,4776668699,0
^_US,D,20160926,000000,970.74,970.74,966.46,966.46,4550962339,0
^_US,D,20160927,000000,965.95,968.4,965.95,968.4,4786224404,0
^_US,D,20160928,000000,970,974.75,970,974.75,5260878946,0
^_US,D,20160929,000000,974.07,974.07,966.25,966.25,5690705217,0
^_US,D,20160930,000000,969.7,972.87,969.7,972.87,5709189284,0
^_US,D,20161003,000000,971.81,971.81,971.08,971.08,4384053673,0
^_US,D,20161004,000000,971.71,971.71,965.2,965.2,5113598451,0
^_US,D,20161005,000000,968.56,970.18,968.56,970.18,5330891351,0
^_US,D,20161006,000000,968.86,968.86,967.74,967.74,4808579879,0
^_US,D,20161007,000000,968.44,968.44,963.58,963.58,4995059562,0
^_US,D,20161010,000000,966.69,969.11,966.69,969.11,4044256417,0
^_US,D,20161011,000000,967.02,967.02,957.42,957.42,4960320111,0
^_US,D,20161012,000000,957.42,957.42,955.79,955.79,4348003269,0
^_US,D,20161013,000000,950.73,950.73,949.42,949.42,5015588966,0
^_US,D,20161014,000000,952.7,952.7,947.76,947.76,4581966193,0
^_US,D,20161017,000000,947.28,947.28,944.53,944.53,4095036137,0
^_US,D,20161018,000000,950.77,950.77,949.32,949.32,4469833757,0
^_US,D,20161019,000000,950.92,953.31,950.92,953.31,4753717024,0
^_US,D,20161020,000000,952.08,953.09,952.08,953.09,4888048291,0
^_US,D,20161021,000000,948.96,952.47,948.96,952.47,4919483619,0
^_US,D,20161024,000000,956,956,953.56,953.56,4762102485,0
^_US,D,20161025,000000,952.68,952.68,948.16,948.16,5223945398,0
^_US,D,20161026,000000,945.79,945.79,942.86,942.86,5385370592,0
^_US,D,20161027,000000,945.16,945.16,935.69,935.69,6001393663,0
^_US,D,20161028,000000,934.93,934.93,931.05,931.05,5769869846,0
^_US,D,20161031,000000,932.26,932.26,929.31,929.31,5557103921,0
^_US,D,20161101,000000,930.74,930.74,922.18,922.18,6236850768,0
^_US,D,20161102,000000,920.21,920.21,912.14,912.14,6398179269,0
^_US,D,20161103,000000,912.99,912.99,904.82,904.82,5940781590,0
^_US,D,20161104,000000,903.9,905.39,903.9,905.39,5810919465,0
^_US,D,20161107,000000,915.33,918.23,915.33,918.23,5516519891,0
^_US,D,20161108,000000,916.25,919.12,916.25,919.12,5541382322,0
^_US,D,20161109,000000,912.28,932.84,912.28,932.84,8808425647,0
^_US,D,20161110,000000,936.64,937.22,936.64,937.22,9088212592,0
^_US,D,20161111,000000,935.85,945.74,935.85,945.74,7140944706,0
^_US,D,20161114,000000,948.36,949.61,948.36,949.61,7655785683,0
^_US,D,20161115,000000,950.9,956.57,950.9,956.57,6636133148,0
^_US,D,20161116,000000,955.48,958.51,955.48,958.51,5766420754,0
^_US,D,20161117,000000,960.79,960.79,960.19,960.19,5788610284,0
^_US,D,20161118,000000,960.87,961.12,960.87,961.12,5264607714,0
^_US,D,20161121,000000,965.51,966.9,965.51,966.9,5281497491,0
^_US,D,20161122,000000,969.35,970.44,969.35,970.44,5725615217,0
^_US,D,20161123,000000,966.95,972.32,966.95,972.32,4891451461,0
^_US,D,20161125,000000,973.26,975.52,973.26,975.52,2294294006,0
^_US,D,20161128,000000,975.81,975.81,968.89,968.89,4985757451,0
^_US,D,20161129,000000,967.47,967.47,966.12,966.12,5348841304,0
^_US,D,20161130,000000,970.88,970.88,963.8,963.8,7397398549,0
^_US,D,20161201,000000,965.75,965.75,958.05,958.05,7109011752,0
^_US,D,20161202,000000,957.93,958.52,957.93,958.52,5506403033,0
^_US,D,20161205,000000,962.39,967.43,962.39,967.43,5602472100,0
^_US,D,20161206,000000,968.7,973.61,968.7,973.61,5733404488,0
^_US,D,20161207,000000,974.06,979.4,974.06,979.4,6483595010,0
^_US,D,20161208,000000,980.3,986.6,980.3,986.6,6206774189,0
^_US,D,20161209,000000,988,988.12,988,988.12,5783684089,0
^_US,D,20161212,000000,988.6,988.6,980.97,980.97,5911398662,0
^_US,D,20161213,000000,984.3,984.3,982.07,982.07,5805952827,0
^_US,D,20161214,000000,980.93,980.93,971.64,971.64,6263754012,0
^_US,D,20161215,000000,971.3,973.59,971.3,973.59,6100773740,0
^_US,D,20161216,000000,975.23,975.23,974.36,974.36,8570567271,0
^_US,D,20161219,000000,975.54,976,975.54,976,4877763441,0
^_US,D,20161220,000000,978.02,980.38,978.02,980.38,4932860371,0
^_US,D,20161221,000000,980.68,980.68,978.17,978.17,4269778877,0
^_US,D,20161222,000000,978.3,978.3,974.06,974.06,4369635249,0
^_US,D,20161223,000000,974.25,978.47,974.25,978.47,3135107415,0
^_US,D,20161227,000000,979.57,981.02,979.57,981.02,3178206874,0
^_US,D,20161228,000000,981.44,981.44,974.06,974.06,3674863465,0
^_US,D,20161229,000000,974.61,974.61,974.15,974.15,3607730937,0
^_US,D,20161230,000000,975.44,975.44,972.95,972.95,4221754388,0
^_US,D,20170103,000000,979.32,980.74,979.32,980.74,5560460521,0
^_US,D,20170104,000000,984.47,993.41,984.47,993.41,5566297782,0
^_US,D,20170105,000000,994.09,994.09,991.53,991.53,5502589841,0
^_US,D,20170106,000000,993.02,993.02,990.7,990.7,5030381448,0
^_US,D,20170109,000000,991.2,991.2,987.52,987.52,5180172583,0
^_US,D,20170110,000000,989.33,992.7,989.33,992.7,5423263297,0
^_US,D,20170111,000000,993.41,995.51,993.41,995.51,5539324863,0
^_US,D,20170112,000000,994.86,994.86,991.2,991.2,5224535607,0
^_US,D,20170113,000000,993.56,995.62,993.56,995.62,4630562716,0
^_US,D,20170117,000000,995.8,995.8,990.22,990.22,5332764972,0
^_US,D,20170118,000000,991.33,991.33,990.56,990.56,4968496936,0
^_US,D,20170119,000000,990.63,990.63,984.84,984.84,4902292895,0
^_US,D,20170120,000000,986.6,987.75,986.6,987.75,5152679917,0
^_US,D,20170123,000000,987.71,987.71,986.06,986.06,4780381702,0
^_US,D,20170124,000000,988.51,994.49,988.51,994.49,5641782532,0
^_US,D,20170125,000000,998.46,1001.29,998.46,1001.29,5773624126,0
^_US,D,20170126,000000,1001.66,1001.66,998.74,998.74,5422012619,0
^_US,D,20170127,000000,998.91,998.91,997.45,997.45,4804709499,0
^_US,D,20170130,000000,994.71,994.71,988.14,988.14,5319014993,0
^_US,D,20170131,000000,986.89,991.12,986.89,991.12,6103680059,0
^_US,D,20170201,000000,994.27,994.27,991.08,991.08,6110226564,0
^_US,D,20170202,000000,990.58,991.48,990.58,991.48,5834809433,0
^_US,D,20170203,000000,995.33,999.05,995.33,999.05,5447875843,0
^_US,D,20170206,000000,998.9,998.9,996.17,996.17,4861417015,0
^_US,D,20170207,000000,997.25,997.25,994,994,5437756827,0
^_US,D,20170208,000000,992.54,992.99,992.54,992.99,5548439460,0
^_US,D,20170209,000000,994.83,1000.4,994.83,1000.4,5591409400,0
^_US,D,20170210,000000,1003.58,1006.36,1003.58,1006.36,5365667799,0
^_US,D,20170213,000000,1009.74,1009.74,1008.53,1008.53,5186578744,0
^_US,D,20170214,000000,1008.51,1010.87,1006.54,1010.86,5013011467,0
^_US,D,20170215,000000,1010.86,1014.09,1008.9,1014.03,5291082443,0
^_US,D,20170216,000000,1014.03,1015.85,1010.19,1011.65,5151786853,0
^_US,D,20170217,000000,1011.65,1012.79,1009.47,1012.79,4951643812,0
^_US,D,20170221,000000,1012.78,1016.63,1012.78,1016.15,5033197957,0
^_US,D,20170222,000000,1016.13,1016.13,1010.55,1011.46,4893832256,0
^_US,D,20170223,000000,1011.7,1013.2,1005.25,1007.28,5425787980,0
^_US,D,20170224,000000,1006.87,1006.87,1002.27,1005.21,5041540782,0
^_US,D,20170227,000000,1005.21,1010.35,1004.34,1010.35,4862999047,0
^_US,D,20170228,000000,1010.42,1010.42,1001.16,1001.39,5790908289,0
^_US,D,20170301,000000,1001.39,1012.24,1001.39,1011.27,5888716718,0
^_US,D,20170302,000000,1011.03,1011.03,1003.08,1003.59,5369315978,0
^_US,D,20170303,000000,1003.57,1005.59,1001.1,1003.53,4935001970,0
^_US,D,20170306,000000,1003.41,1003.41,995.87,996.96,4604130113,0
^_US,D,20170307,000000,996.87,996.87,992.12,992.33,4798981368,0
^_US,D,20170308,000000,992.45,994.62,987.48,987.56,5199590880,0
^_US,D,20170309,000000,987.56,988.53,981.72,983.41,5149655208,0
^_US,D,20170310,000000,983.42,987.89,983.34,985.89,4991960050,0
^_US,D,20170313,000000,985.9,990.22,985.9,989.5,4451035107,0
^_US,D,20170314,000000,989.5,989.5,980.91,983.11,4500224864,0
^_US,D,20170315,000000,983.34,994.93,983.34,993.43,5333011447,0
^_US,D,20170316,000000,993.44,996.53,993.44,996.4,4689776552,0
^_US,D,20170317,000000,996.41,999.59,995.58,998.89,7057096227,0
^_US,D,20170320,000000,998.89,998.89,995.74,997.28,4357145677,0
^_US,D,20170321,000000,997.34,999.86,981.16,981.45,5884514694,0
^_US,D,20170322,000000,981.29,981.29,975.34,978.44,4967983661,0
^_US,D,20170323,000000,978.43,984.6,977.48,982.02,4541065113,0
^_US,D,20170324,000000,982.02,985.88,980.93,982.79,4376362851,0
^_US,D,20170327,000000,982.74,985.7,976.49,985.54,4489427614,0
^_US,D,20170328,000000,985.6,990.98,984.77,990.04,4686354607,0
^_US,D,20170329,000000,990.04,995.27,989.24,994.77,4395231453,0
^_US,D,20170330,000000,994.86,997.82,994.86,997.65,4411324768,0
^_US,D,20170331,000000,997.63,1001.22,996.62,1000.28,4709050258,0
^_US,D,20170403,000000,1000.34,1001.96,993.89,994.59,4710775421,0
^_US,D,20170404,000000,994.6,995.71,990.78,991.61,4622938076,0
^_US,D,20170405,000000,991.62,997.1,984.61,984.68,5442013238,0
^_US,D,20170406,000000,984.71,989.8,984.09,989.8,4165277756,0
^_US,D,20170407,000000,989.8,991.3,987.82,989.72,4252743305,0
^_US,D,20170410,000000,989.98,995.25,989.98,991.71,4024414796,0
^_US,D,20170411,000000,991.66,994.08,988.18,993.37,4510547510,0
^_US,D,20170412,000000,993.41,993.53,986.66,986.99,4464905529,0
^_US,D,20170413,000000,986.96,987.54,981.17,981.19,4409367393,0
^_US,D,20170417,000000,981.19,985.94,981.19,985.94,3846241766,0
^_US,D,20170418,000000,985.63,985.63,980.66,983.31,4493265123,0
^_US,D,20170419,000000,983.49,987.97,983.16,983.87,4782189269,0
^_US,D,20170420,000000,984.14,990.31,984.14,989.96,4939468640,0
^_US,D,20170421,000000,989.97,990.05,986.72,987.89,4781485503,0
^_US,D,20170424,000000,988.44,995.09,988.44,994.17,5009253474,0
^_US,D,20170425,000000,994.17,1000.95,994.17,1000,5388922218,0
^_US,D,20170426,000000,1000.07,1005.36,999.38,1003.33,5452998989,0
^_US,D,20170427,000000,1003.32,1004.11,999.74,1001.13,5493049312,0
^_US,D,20170428,000000,1001.16,1001.69,995.95,996.52,5215953896,0
^_US,D,20170501,000000,996.53,998.56,995,997.16,4558021373,0
^_US,D,20170502,000000,997.11,998.38,992.94,994.34,5467673943,0
^_US,D,20170503,000000,994.23,994.23,988.19,989.46,5551860921,0
^_US,D,20170504,000000,989.5,989.77,981.42,983.47,5909309363,0
^_US,D,20170505,000000,983.7,989.09,983.7,989.09,4560936061,0
^_US,D,20170508,000000,989.17,990,985.86,988.19,4818317284,0
^_US,D,20170509,000000,988.18,988.9,986.56,987.95,5115993527,0
^_US,D,20170510,000000,987.96,991.52,987.46,991.17,5223337443,0
^_US,D,20170511,000000,991.16,991.16,983.57,987.53,5165914791,0
^_US,D,20170512,000000,987.45,987.45,984.5,985.17,4718068478,0
^_US,D,20170515,000000,985.2,991.89,985.2,990.17,4797709057,0
^_US,D,20170516,000000,990.27,991.29,986.63,988.74,4943582201,0
^_US,D,20170517,000000,988.65,988.65,972.54,972.55,5899516854,0
^_US,D,20170518,000000,972.55,973.4,969.2,971.65,5495376709,0
^_US,D,20170519,000000,971.75,980.72,971.75,978.79,5201764970,0
^_US,D,20170522,000000,978.8,982.47,978.8,982.32,4409646597,0
^_US,D,20170523,000000,982.54,983.89,980.81,982.36,4469227982,0
^_US,D,20170524,000000,982.48,984.12,980.52,982.66,4649794759,0
^_US,D,20170525,000000,982.96,985.99,981.13,982.16,4854712127,0
^_US,D,20170526,000000,982.52,982.59,980.52,982.54,3993154057,0
^_US,D,20170530,000000,982.53,982.65,976.93,976.99,4394856121,0
^_US,D,20170531,000000,977.08,977.84,970.59,975.91,5950802209,0
^_US,D,20170601,000000,976.36,986.37,976.36,985.54,5161219826,0
^_US,D,20170602,000000,985.55,990.83,985.55,989.29,4808447845,0
^_US,D,20170605,000000,989.32,989.42,985.13,985.93,4226002163,0
^_US,D,20170606,000000,985.93,987.2,982.43,984.78,4781256813,0
^_US,D,20170607,000000,984.81,986.89,981.47,984.2,4950162346,0
^_US,D,20170608,000000,984.2,990.08,983.47,989.26,5301723860,0
^_US,D,20170609,000000,989.35,994.93,988.46,990.8,6479571779,0
^_US,D,20170612,000000,990.8,992.33,988.92,989.63,5908243149,0
^_US,D,20170613,000000,989.83,994.06,989.83,994.05,4864222618,0
^_US,D,20170614,000000,994.15,994.76,988.11,989.94,4984640757,0
^_US,D,20170615,000000,989.36,989.36,983.65,984.8,4698950541,0
^_US,D,20170616,000000,984.72,984.72,981.21,983.85,7349073179,0
^_US,D,20170619,000000,985.18,990.68,985.18,989.95,4664368315,0
^_US,D,20170620,000000,989.86,989.86,983.35,983.54,5453390713,0
^_US,D,20170621,000000,983.68,986.52,981.27,981.52,5246259124,0
^_US,D,20170622,000000,981.68,987.63,981.68,985.93,4974774262,0
^_US,D,20170623,000000,985.92,992,985.6,991.74,7391019542,0
^_US,D,20170626,000000,991.99,996.85,991.99,995.47,4872767698,0
^_US,D,20170627,000000,995.53,997.87,990.36,990.51,5181323862,0
^_US,D,20170628,000000,991.13,999.04,991.13,998.26,4976149696,0
^_US,D,20170629,000000,998.27,999.25,989.06,994.32,5505408444,0
^_US,D,20170630,000000,994.33,996.66,993.42,995.12,4741643833,0
^_US,D,20170703,000000,995.45,1001.07,995.45,1000.31,2659538869,0
^_US,D,20170705,000000,1000.3,1000.49,994.76,996.81,4679614620,0
^_US,D,20170706,000000,996.66,996.66,987.89,988.47,4804562089,0
^_US,D,20170707,000000,988.75,992.24,987.94,992.23,4199409682,0
^_US,D,20170710,000000,992.25,993.45,989.58,991.32,4236372734,0
^_US,D,20170711,000000,991.41,992.37,988.47,991.59,4386166469,0
^_US,D,20170712,000000,991.61,999.77,991.61,997.68,4536054837,0
^_US,D,20170713,000000,997.68,998.72,995.45,998.72,4377302899,0
^_US,D,20170714,000000,998.74,1004.13,998.59,1002.79,3907065151,0
^_US,D,20170717,000000,1002.79,1005.56,1002.79,1004.03,3875471523,0
^_US,D,20170718,000000,1003.94,1003.94,1000.65,1002.26,4217918145,0
^_US,D,20170719,000000,1002.26,1007.5,1002.26,1007.32,4400131799,0
^_US,D,20170720,000000,1007.36,1008.28,1006.13,1007.27,4458903770,0
^_US,D,20170721,000000,1007.31,1009.32,1004.22,1005.03,4337680357,0
^_US,D,20170724,000000,1005.01,1005.31,1002.92,1004.05,4247319213,0
^_US,D,20170725,000000,1004.09,1010.22,1004.09,1007.86,5267552875,0
^_US,D,20170726,000000,1008.08,1008.84,1006.31,1006.65,5031515234,0
^_US,D,20170727,000000,1006.78,1007.95,999.67,1002.01,5746603896,0
^_US,D,20170728,000000,1001.81,1001.81,999.4,1001.02,4661110452,0
^_US,D,20170731,000000,1001.3,1002.4,996.93,998.88,4779331902,0
^_US,D,20170801,000000,998.93,1001.18,997.14,998.49,4771549989,0
^_US,D,20170802,000000,998.45,998.45,990.68,991.65,5034483589,0
^_US,D,20170803,000000,991.67,992.24,986.83,987.17,5169237894,0
^_US,D,20170804,000000,987,989.35,986.48,989.03,4663359319,0
^_US,D,20170807,000000,988.98,989.63,987.19,988.42,4179726206,0
^_US,D,20170808,000000,988.42,991.39,983.99,984.93,4715047800,0
^_US,D,20170809,000000,984.65,984.65,977.38,978.27,4767315290,0
^_US,D,20170810,000000,978.15,978.15,963.93,964.02,5139342043,0
^_US,D,20170811,000000,963.98,964.4,961.53,963.7,4425199381,0
^_US,D,20170814,000000,964.42,972.48,964.42,972.47,4009415146,0
^_US,D,20170815,000000,972.39,972.58,966.46,966.62,4006202466,0
^_US,D,20170816,000000,966.82,970.03,966.63,967.22,4263661615,0
^_US,D,20170817,000000,967.21,968.15,957.64,957.83,4536166417,0
^_US,D,20170818,000000,957.83,959.98,954.69,958.54,4721563124,0
^_US,D,20170821,000000,958.6,958.68,955.6,956.68,3857107554,0
^_US,D,20170822,000000,956.68,962.03,956.68,961.55,3907451937,0
^_US,D,20170823,000000,961.55,962.39,958.61,961.75,3864676531,0
^_US,D,20170824,000000,961.75,964.64,961.75,964.22,3918097859,0
^_US,D,20170825,000000,964.24,968.27,964.24,967.52,3583426370,0
^_US,D,20170828,000000,968.09,969.57,966.43,967.42,3743857715,0
^_US,D,20170829,000000,967.43,969.05,963.66,968.88,3944033329,0
^_US,D,20170830,000000,968.86,972.3,967.66,971.78,3865851074,0
^_US,D,20170831,000000,971.87,979.4,971.87,977.55,4555452787,0
^_US,D,20170901,000000,977.91,982.72,977.91,982.66,3746650759,0
^_US,D,20170905,000000,982.84,983.17,974.7,977.07,4762388081,0
^_US,D,20170906,000000,977.44,981.35,977.44,980.05,4679615483,0
^_US,D,20170907,000000,980.04,981.5,978.77,980.63,4774696230,0
^_US,D,20170908,000000,980.53,980.53,978.5,979.19,4561859014,0
^_US,D,20170911,000000,979.2,986.8,979.2,986.72,4512909960,0
^_US,D,20170912,000000,986.8,991.21,986.8,990.76,4494923919,0
^_US,D,20170913,000000,990.62,993.74,990.15,993.16,4794558216,0
^_US,D,20170914,000000,993.16,993.99,991.23,992.78,4707699977,0
^_US,D,20170915,000000,992.98,994.94,991.53,994.29,6581043236,0
^_US,D,20170918,000000,994.45,998.84,994.45,997.08,4494820761,0
^_US,D,20170919,000000,997.29,997.95,995.91,996.89,4573319509,0
^_US,D,20170920,000000,996.72,1000.14,996.72,998.88,4976100594,0
^_US,D,20170921,000000,998.87,999.46,996.86,997.7,4191138686,0
^_US,D,20170922,000000,997.84,1000.97,997.19,1000.94,4046067291,0
^_US,D,20170925,000000,1000.81,1002.57,998.32,1000.33,4735158102,0
^_US,D,20170926,000000,1000.33,1003,1000.33,1001.79,4420887586,0
^_US,D,20170927,000000,1002.1,1010.18,1002.1,1009.14,4922648912,0
^_US,D,20170928,000000,1009.14,1010.71,1007.19,1010.7,4502210332,0
^_US,D,20170929,000000,1010.8,1013.53,1010.8,1012.85,4576460403,0
^_US,D,20171002,000000,1012.88,1018.95,1012.88,1018.95,4540193281,0
^_US,D,20171003,000000,1019.04,1021.93,1018.58,1021.02,4511412817,0
^_US,D,20171004,000000,1021.03,1023.98,1020.79,1021.33,4417453980,0
^_US,D,20171005,000000,1021.61,1025.59,1021.61,1024.84,4369804307,0
^_US,D,20171006,000000,1025.24,1025.24,1022.39,1023.64,4115402659,0
^_US,D,20171009,000000,1023.77,1024.59,1020.72,1021.11,3353136497,0
^_US,D,20171010,000000,1021.45,1025.45,1021.45,1023.99,4212771194,0
^_US,D,20171011,000000,1024.14,1025.07,1023.9,1024.63,4334019665,0
^_US,D,20171012,000000,1024.6,1024.63,1021.71,1022.08,4695112266,0
^_US,D,20171013,000000,1022.14,1024.23,1021.26,1021.69,4416265246,0
^_US,D,20171016,000000,1021.98,1024.34,1019.02,1019.49,4179539615,0
^_US,D,20171017,000000,1019.5,1020.11,1016.05,1016.62,4224880540,0
^_US,D,20171018,000000,1016.69,1018.53,1016.13,1016.92,4290956076,0
^_US,D,20171019,000000,1016.92,1016.92,1010.95,1015.1,4326522175,0
^_US,D,20171020,000000,1015.13,1018.38,1015.13,1017.76,4701050937,0
^_US,D,20171023,000000,1017.74,1018.39,1011.7,1011.71,4515379086,0
^_US,D,20171024,000000,1011.75,1014.48,1011.56,1011.56,4698803540,0
^_US,D,20171025,000000,1011.59,1011.59,1001.58,1005.44,5429362924,0
^_US,D,20171026,000000,1005.48,1006.97,1003.91,1004.48,5367790453,0
^_US,D,20171027,000000,1004.48,1007.88,1002.32,1007.88,5620951558,0
^_US,D,20171030,000000,1005.13,1005.13,1001.11,1002.94,5681751308,0
^_US,D,20171031,000000,1004.82,1007.19,1004.69,1006.8,5986491656,0
^_US,D,20171101,000000,1009.65,1009.65,1002.22,1004.03,5319346991,0
^_US,D,20171102,000000,1002.95,1005.56,1002.32,1003.96,5727203481,0
^_US,D,20171103,000000,1003.01,1004.23,1002.3,1004.15,5207513736,0
^_US,D,20171106,000000,1004.15,1007.7,1004.15,1007.16,5097778633,0
^_US,D,20171107,000000,1007.32,1007.47,999.5,1000.09,5338257364,0
^_US,D,20171108,000000,999.97,999.97,995.79,998.98,5407012028,0
^_US,D,20171109,000000,998.97,999.1,992.72,997.07,5439907378,0
^_US,D,20171110,000000,997.13,998.63,995.91,997.04,4870260222,0
^_US,D,20171113,000000,996.74,996.74,993.62,994.56,4789529782,0
^_US,D,20171114,000000,994.39,994.39,988.13,989.77,5089700054,0
^_US,D,20171115,000000,989.74,989.74,982.26,986.31,4807256296,0
^_US,D,20171116,000000,986.67,997.57,986.67,996.66,4703739098,0
^_US,D,20171117,000000,996.67,1001.53,995.74,1000.85,4679507546,0
^_US,D,20171120,000000,1001.11,1003.65,1000.9,1003.6,4290126391,0
^_US,D,20171121,000000,1004.13,1009.74,1004.13,1008.1,4669702095,0
^_US,D,20171122,000000,1008.27,1010.96,1008.27,1009.84,3920851386,0
^_US,D,20171124,000000,1010.03,1011.96,1010.03,1011.96,2032629767,0
^_US,D,20171127,000000,1012,1012.39,1007.74,1008.13,4258294366,0
^_US,D,20171128,000000,1008.19,1013.26,1007.34,1012.87,4850613524,0
^_US,D,20171129,000000,1013,1016.12,1012,1012.65,5784798848,0
^_US,D,20171130,000000,1012.84,1016.75,1012.84,1014.62,6387901322,0
^_US,D,20171201,000000,1014.63,1015.81,1002.22,1013.3,5428635348,0
^_US,D,20171204,000000,1014.23,1020.68,1010.94,1011.12,5707395814,0
^_US,D,20171205,000000,1011.06,1011.97,1005.62,1005.9,5010126775,0
^_US,D,20171206,000000,1005.63,1005.63,999.8,999.8,4581016628,0
^_US,D,20171207,000000,999.74,1005.47,999.34,1003.9,4596872382,0
^_US,D,20171208,000000,1003.93,1008.81,1003.93,1006.88,4380273240,0
^_US,D,20171211,000000,1007.01,1009.24,1006.62,1007.08,4319525121,0
^_US,D,20171212,000000,1007.04,1009.53,1005.25,1005.25,4850603241,0
^_US,D,20171213,000000,1005.18,1010.07,1005.18,1008,4857171922,0
^_US,D,20171214,000000,1008.04,1009.5,1002.43,1002.49,4785192404,0
^_US,D,20171215,000000,1002.69,1011.4,1002.69,1008.67,7582112613,0
^_US,D,20171218,000000,1008.67,1017.79,1008.67,1016.28,5206761040,0
^_US,D,20171219,000000,1016.23,1017.18,1012,1012.54,4805904039,0
^_US,D,20171220,000000,1012.54,1015.86,1012.54,1014.63,4569525765,0
^_US,D,20171221,000000,1014.69,1020.15,1014.69,1018.73,4584312251,0
^_US,D,20171222,000000,1018.58,1019,1016.72,1018.41,3519371637,0
^_US,D,20171226,000000,1018.41,1020.93,1018.41,1019.95,3020842159,0
^_US,D,20171227,000000,1019.97,1023.27,1019.97,1020.76,3131167429,0
^_US,D,20171228,000000,1020.81,1022.29,1019.94,1022.08,3136514870,0
^_US,D,20171229,000000,1022.08,1023.72,1019.21,1019.34,3622455546,0
^_US,D,20180102,000000,1019.39,1029.66,1019.39,1029.02,4716956236,0
^_US,D,20180103,000000,1029.03,1034.07,1029.03,1033.54,5123714193,0
^_US,D,20180104,000000,1034.14,1038.57,1034.14,1037.67,5253931972,0
^_US,D,20180105,000000,1038.14,1041.48,1038.14,1041.48,4785423749,0
^_US,D,20180108,000000,1041.46,1042.54,1038.1,1041.2,4756815420,0
^_US,D,20180109,000000,1041.2,1042.7,1039.38,1040.27,5123917068,0
^_US,D,20180110,000000,1040.17,1041.72,1037.55,1040.67,5096102028,0
^_US,D,20180111,000000,1040.89,1051.6,1040.89,1051.6,5142704190,0
^_US,D,20180112,000000,1051.57,1055.22,1051.57,1054.14,5040599701,0
^_US,D,20180116,000000,1054.48,1058.68,1045.03,1046.46,5920281332,0
^_US,D,20180117,000000,1046.71,1051.65,1046.71,1050.69,5388360822,0
^_US,D,20180118,000000,1050.69,1050.75,1046.6,1046.74,5029931080,0
^_US,D,20180119,000000,1046.77,1053.13,1046.62,1053.05,5103498701,0
^_US,D,20180122,000000,1053,1057.59,1053,1057.59,4952982751,0
^_US,D,20180123,000000,1057.57,1060.72,1056.24,1060.24,5038460695,0
^_US,D,20180124,000000,1060.71,1063.66,1055.89,1058.09,5576325949,0
^_US,D,20180125,000000,1058.1,1061.34,1056.05,1057.93,5131573625,0
^_US,D,20180126,000000,1057.92,1061.11,1057.92,1061.11,4898824915,0
^_US,D,20180129,000000,1061.11,1061.11,1052.54,1052.57,5014347177,0
^_US,D,20180130,000000,1052.21,1052.21,1041.51,1042.2,5292579897,0
^_US,D,20180131,000000,1042.21,1046.9,1037.86,1039.52,5786029447,0
^_US,D,20180201,000000,1039.5,1040.72,1036.45,1038.13,5451042131,0
^_US,D,20180202,000000,1038.13,1038.13,1019.46,1019.55,5823014332,0
^_US,D,20180205,000000,1019.53,1019.53,993.58,993.59,6873500842,0
^_US,D,20180206,000000,992.77,1001.24,980.6,999.57,7307496739,0
^_US,D,20180207,000000,999.57,1005.1,998.91,999.64,5790226283,0
^_US,D,20180208,000000,999.64,1000.96,978.32,978.36,6445735819,0
^_US,D,20180209,000000,978.37,984.18,960.67,978.95,7365966494,0
^_US,D,20180212,000000,978.96,990.98,978.89,987.85,5217496506,0
^_US,D,20180213,000000,987.77,990.94,984.91,990.13,4520542302,0
^_US,D,20180214,000000,990.13,1001.58,986.47,1001.03,5250008188,0
^_US,D,20180215,000000,1001.67,1006.68,998.69,1006.68,5049590173,0
^_US,D,20180216,000000,1006.39,1011.76,1005.03,1007.57,4872405464,0
^_US,D,20180220,000000,1007.57,1008.91,1001.09,1002.41,4664779999,0
^_US,D,20180221,000000,1002.43,1010.35,1001.27,1001.39,5006076124,0
^_US,D,20180222,000000,1001.39,1006.74,999.68,1000.07,4872796448,0
^_US,D,20180223,000000,1000.08,1008.23,1000.08,1008.23,4458762395,0
^_US,D,20180226,000000,1008.25,1013.7,1007.87,1012.87,4674537141,0
^_US,D,20180227,000000,1012.85,1013.8,1001.93,1001.93,5144330612,0
^_US,D,20180228,000000,1001.97,1004.24,992.77,992.77,5649261629,0
^_US,D,20180301,000000,992.79,995.7,985.05,989.22,5794324732,0
^_US,D,20180302,000000,989.21,998.42,983,998.08,5197362273,0
^_US,D,20180305,000000,997.74,1006.48,995.59,1004.97,4812493021,0
^_US,D,20180306,000000,1004.98,1010.93,1004.18,1009.71,4731532763,0
^_US,D,20180307,000000,1009.6,1014.28,1005.51,1012.44,4929374418,0
^_US,D,20180308,000000,1012.46,1015.07,1010.94,1013.63,4711751615,0
^_US,D,20180309,000000,1013.63,1022.5,1013.63,1022.5,5077595383,0
^_US,D,20180312,000000,1022.49,1026.1,1022.43,1025.41,4883731406,0
^_US,D,20180313,000000,1025.41,1028.4,1020.93,1021.55,5053062951,0
^_US,D,20180314,000000,1021.56,1024.06,1017.83,1018.55,4845871766,0
^_US,D,20180315,000000,1018.55,1019.84,1012.59,1013.69,4904345559,0
^_US,D,20180316,000000,1013.69,1018.94,1013.69,1018.55,6707827725,0
^_US,D,20180319,000000,1018.54,1018.54,1004.91,1009.96,4926847484,0
^_US,D,20180320,000000,1009.97,1011.33,1006.57,1007.55,4671741152,0
^_US,D,20180321,000000,1007.54,1014.97,1007.53,1012.31,4877294124,0
^_US,D,20180322,000000,1012.3,1012.3,997.6,997.65,5294964994,0
^_US,D,20180323,000000,997.66,1000.7,985.31,985.36,5420418763,0
^_US,D,20180326,000000,985.37,994.44,985.37,994.27,5053775035,0
^_US,D,20180327,000000,994.28,995.54,981.11,982.71,5200013645,0
^_US,D,20180328,000000,982.71,983.34,976.94,978.77,5416463169,0
^_US,D,20180329,000000,978.79,989.63,978.79,986.44,5226212963,0
^_US,D,20180402,000000,986.35,986.35,967.55,971.23,4990066078,0
^_US,D,20180403,000000,971.29,977.86,970.21,976.36,4950837378,0
^_US,D,20180404,000000,976.35,984.48,969.72,983.92,4561623763,0
^_US,D,20180405,000000,984.14,990.52,984.14,989.84,4622186049,0
^_US,D,20180406,000000,989.83,989.83,974.5,978.65,4780525370,0
^_US,D,20180409,000000,978.65,985.65,978.34,978.43,4393862700,0
^_US,D,20180410,000000,978.43,991.1,978.43,989.84,5121317953,0
^_US,D,20180411,000000,989.84,993.83,988.34,991.54,3420139131,0
^_US,D,20180412,000000,991.6,996.69,991.6,994.92,4438239618,0
^_US,D,20180413,000000,994.99,996.91,990.7,992.63,4135073804,0
^_US,D,20180416,000000,992.65,997.91,992.37,996.65,4235089296,0
^_US,D,20180417,000000,996.79,1004.37,996.79,1003.39,4456593951,0
^_US,D,20180418,000000,1003.47,1008.63,1003.47,1005.72,4662658749,0
^_US,D,20180419,000000,1005.72,1005.72,999.16,1000.61,4720229021,0
^_US,D,20180420,000000,1000.62,1000.62,995.06,996.33,4652547083,0
^_US,D,20180423,000000,996.32,996.82,991.5,993.33,4171959597,0
^_US,D,20180424,000000,993.51,997.12,984.62,988.32,5116429852,0
^_US,D,20180425,000000,988.34,988.34,983.7,986.34,4775649269,0
^_US,D,20180426,000000,986.35,991.83,986.35,990.09,5075400954,0
^_US,D,20180427,000000,990.1,991.68,987.64,990.04,4609913436,0
^_US,D,20180430,000000,990.04,992.28,985.57,985.57,4854249158,0
^_US,D,20180501,000000,985.56,986.46,978.96,986.45,4699128932,0
^_US,D,20180502,000000,986.46,992.42,985.81,988.16,5418411165,0
^_US,D,20180503,000000,988.16,988.16,979.62,983.67,5378424642,0
^_US,D,20180504,000000,983.52,992.72,981.23,990.98,4784741875,0
^_US,D,20180507,000000,991.24,998.1,991.24,995.28,4558933937,0
^_US,D,20180508,000000,995.32,995.87,993.08,995.86,5065015080,0
^_US,D,20180509,000000,995.86,1000.53,995.86,999.72,5437744921,0
^_US,D,20180510,000000,999.91,1005.42,999.91,1003.03,4949597167,0
^_US,D,20180511,000000,1002.99,1004.74,1001.35,1003.51,4411704561,0
^_US,D,20180514,000000,1003.52,1007.05,1003.39,1003.63,4424134768,0
^_US,D,20180515,000000,1003.63,1003.63,998.46,1001.64,4689196801,0
^_US,D,20180516,000000,1001.7,1007.53,1001.7,1005.75,4728292400,0
^_US,D,20180517,000000,1005.77,1010.04,1005.75,1008.68,4703250108,0
^_US,D,20180518,000000,1008.76,1009.27,1007.53,1008.51,4613974523,0
^_US,D,20180521,000000,1008.54,1012.81,1008.54,1011.47,4398099677,0
^_US,D,20180522,000000,1011.47,1013.45,1008.82,1008.91,4720428875,0
^_US,D,20180523,000000,1008.84,1009.03,1005.94,1008.28,4667193502,0
^_US,D,20180524,000000,1008.28,1008.28,1003.51,1006.89,4632866897,0
^_US,D,20180525,000000,1006.87,1006.87,1004.16,1005.76,4221496590,0
^_US,D,20180529,000000,1005.73,1005.73,998.55,1001.32,5030389536,0
^_US,D,20180530,000000,1001.75,1011.5,1001.75,1009.69,4939332252,0
^_US,D,20180531,000000,1009.75,1010.52,1005.18,1006.41,5725214369,0
^_US,D,20180601,000000,1006.53,1011.64,1006.53,1011.64,5137571635,0
^_US,D,20180604,000000,1011.64,1016.05,1011.64,1013.83,4861764213,0
^_US,D,20180605,000000,1013.91,1017.83,1013.91,1017.67,4889226585,0
^_US,D,20180606,000000,1017.68,1022.27,1017.68,1021.3,5150702204,0
^_US,D,20180607,000000,1021.63,1023.42,1017.95,1020.18,5248327793,0
^_US,D,20180608,000000,1020.2,1022.43,1019,1021.37,4531152814,0
^_US,D,20180611,000000,1021.37,1024.87,1021.37,1024.02,4603609285,0
^_US,D,20180612,000000,1024.1,1027.74,1024.1,1025.51,4809399071,0
^_US,D,20180613,000000,1025.68,1026.44,1022.29,1022.76,5215018141,0
^_US,D,20180614,000000,1022.74,1024.79,1021.76,1023.34,5070498107,0
^_US,D,20180615,000000,1023.12,1023.12,1018.88,1022.48,7302412525,0
^_US,D,20180618,000000,1022.21,1023.5,1018.86,1023.36,4714363237,0
^_US,D,20180619,000000,1023.15,1023.15,1015.51,1020.36,5151960186,0
^_US,D,20180620,000000,1020.42,1025.6,1020.42,1024.97,4950333745,0
^_US,D,20180621,000000,1024.97,1025.15,1016.44,1016.78,3966983954,0
^_US,D,20180622,000000,1016.8,1020.42,1016.43,1019.69,7791443932,0
^_US,D,20180625,000000,1019.66,1019.66,1005.46,1008.56,5323482720,0
^_US,D,20180626,000000,1008.71,1013.79,1006.71,1012.44,7556981087,0
^_US,D,20180627,000000,1012.13,1013.51,999.91,999.91,5436396633,0
^_US,D,20180628,000000,999.91,1001.02,995.21,999.4,5099385733,0
^_US,D,20180629,000000,999.83,1004.06,999.83,1000.58,5046022221,0
^_US,D,20180702,000000,1000.58,1000.87,994.76,1000.26,4308335981,0
^_US,D,20180703,000000,1000.28,1006.5,1000.28,1003.73,2798539332,0
^_US,D,20180705,000000,1003.84,1009.9,1003.73,1009.02,4152164055,0
^_US,D,20180706,000000,1009.07,1014.71,1007.6,1013.79,3783678310,0
^_US,D,20180709,000000,1013.8,1019.03,1013.8,1018.68,4356657293,0
^_US,D,20180710,000000,1018.85,1020.71,1014.3,1016.59,4196963089,0
^_US,D,20180711,000000,1016.58,1016.58,1009.05,1010.14,4181045824,0
^_US,D,20180712,000000,1010.47,1013.29,1008.74,1013.16,4191130711,0
^_US,D,20180713,000000,1013.15,1014.79,1011.2,1012.19,3900423704,0
^_US,D,20180716,000000,1012.19,1012.78,1005.18,1007.22,4058853244,0
^_US,D,20180717,000000,1007.21,1010.61,1005.84,1008.59,4220501869,0
^_US,D,20180718,000000,1008.59,1010.12,1005.99,1009.98,4339965512,0
^_US,D,20180719,000000,1010,1012.7,1007.85,1011.24,4530639037,0
^_US,D,20180720,000000,1011.28,1012.54,1010.32,1010.7,4421369536,0
^_US,D,20180723,000000,1010.71,1010.71,1007.92,1009.6,4045173141,0
^_US,D,20180724,000000,1009.61,1013.18,1003.61,1004.35,4779080403,0
^_US,D,20180725,000000,1004.4,1006.56,1003.49,1006.54,4836710499,0
^_US,D,20180726,000000,1006.55,1009.98,1005.86,1007.96,5231194303,0
^_US,D,20180727,000000,1008.11,1009.18,996.68,996.9,5040524447,0
^_US,D,20180730,000000,996.9,998.77,991.8,991.95,4799431887,0
^_US,D,20180731,000000,992.04,998.44,992.04,996.5,5372222514,0
^_US,D,20180801,000000,996.49,997.08,992.38,994.41,4989490161,0
^_US,D,20180802,000000,994.41,996.17,991.32,996.17,5015897085,0
^_US,D,20180803,000000,996.19,998.15,993.97,994.83,4530678171,0
^_US,D,20180806,000000,994.99,997.37,994.43,996.49,4569969464,0
^_US,D,20180807,000000,996.73,999.18,996.73,997.03,4780815131,0
^_US,D,20180808,000000,997.03,997.32,993.63,995.61,4565348776,0
^_US,D,20180809,000000,995.5,998.84,995.5,997.24,4562307457,0
^_US,D,20180810,000000,997.23,997.23,991.71,992.66,4717913948,0
^_US,D,20180813,000000,992.62,993.79,985.11,986.26,4435836296,0
^_US,D,20180814,000000,986.4,990.14,986.4,988.79,4316640288,0
^_US,D,20180815,000000,988.64,988.64,974.42,977.72,5271169762,0
^_US,D,20180816,000000,977.76,985,977.76,983.52,4610656423,0
^_US,D,20180817,000000,983.44,986.5,982.04,985.9,4282845721,0
^_US,D,20180820,000000,985.93,989.91,985.93,989.28,3859392632,0
^_US,D,20180821,000000,989.28,996.49,989.28,994.95,4232874703,0
^_US,D,20180822,000000,994.96,998.45,994.92,998.16,3851738835,0
^_US,D,20180823,000000,998.14,998.69,995.33,995.37,4055966415,0
^_US,D,20180824,000000,995.63,999.95,995.63,999.05,3937815884,0
^_US,D,20180827,000000,999.05,1004.53,999.05,1002.17,4596377181,0
^_US,D,20180828,000000,1002.17,1004.62,1001.73,1002.96,4054977716,0
^_US,D,20180829,000000,1002.96,1006.78,1002.78,1006.29,4131302109,0
^_US,D,20180830,000000,1006.08,1006.1,1002.17,1002.62,4229401871,0
^_US,D,20180831,000000,1002.61,1005.84,1002.09,1005.56,4050515461,0
^_US,D,20180904,000000,1005.53,1005.7,998.89,1001.72,4608965932,0
^_US,D,20180905,000000,1001.67,1001.67,994.98,997.3,5049128330,0
^_US,D,20180906,000000,997.3,998.15,991,991.76,4777682178,0
^_US,D,20180907,000000,991.66,992.89,988.42,989.15,4405357262,0
^_US,D,20180910,000000,989.17,992.36,988.56,989.03,4195586222,0
^_US,D,20180911,000000,989.07,990.37,986.59,989.47,4586210864,0
^_US,D,20180912,000000,989.47,990.39,986.79,989.73,5041419481,0
^_US,D,20180913,000000,989.86,992.47,988.84,988.99,4931333844,0
^_US,D,20180914,000000,989.02,992.37,988.52,988.61,4588761004,0
^_US,D,20180917,000000,988.61,989.95,983.69,983.72,4550017212,0
^_US,D,20180918,000000,983.72,988.17,983.72,987.34,4760179983,0
^_US,D,20180919,000000,987.39,990.66,987.38,987.38,4746489137,0
^_US,D,20180920,000000,987.4,994.71,987.4,994.67,5027868067,0
^_US,D,20180921,000000,994.72,996.53,992.65,993.1,7643384715,0
^_US,D,20180924,000000,993.11,993.31,988.31,990,5138157723,0
^_US,D,20180925,000000,989.79,991.23,988.85,988.95,5000604721,0
^_US,D,20180926,000000,989.08,990.04,984.59,984.68,4980552530,0
^_US,D,20180927,000000,984.73,986.69,984.44,984.44,4525602361,0
^_US,D,20180928,000000,984.41,986.39,983.27,984.3,5110147812,0
^_US,D,20181001,000000,984.3,988.72,980.13,980.85,4993248493,0
^_US,D,20181002,000000,980.88,981.22,974.88,975.41,5325801978,0
^_US,D,20181003,000000,975.17,981.51,975.17,979.35,6046331734,0
^_US,D,20181004,000000,979.39,979.39,968.13,969,5932113184,0
^_US,D,20181005,000000,969.1,970.4,958.56,962.76,5299359889,0
^_US,D,20181008,000000,962.85,962.85,955.39,959.6,4858732597,0
^_US,D,20181009,000000,959.6,961.17,955.78,955.79,5234843056,0
^_US,D,20181010,000000,955.78,955.79,935.41,935.41,6171487358,0
^_US,D,20181011,000000,935.39,936.45,923.88,923.89,5712547800,0
^_US,D,20181012,000000,924.26,933.47,922.3,927,5497946698,0
^_US,D,20181015,000000,927,930.89,924.63,927.79,4688170876,0
^_US,D,20181016,000000,927.76,941.09,927.76,940.69,5310277174,0
^_US,D,20181017,000000,940.62,940.62,932.68,937.67,4931372174,0
^_US,D,20181018,000000,937.8,937.8,925.67,926.97,5290216345,0
^_US,D,20181019,000000,926.97,931.39,920.49,921.68,5185720269,0
^_US,D,20181022,000000,921.58,924.59,916.37,917.14,4785108514,0
^_US,D,20181023,000000,917.06,917.06,901.18,909.97,6036175152,0
^_US,D,20181024,000000,909.96,910.74,887.98,888.07,6139140267,0
^_US,D,20181025,000000,888.2,898.82,888.2,896.56,6207927101,0
^_US,D,20181026,000000,896.06,896.06,881.49,888.67,6193841649,0
^_US,D,20181029,000000,895.48,896.04,877.9,882.55,7166329612,0
^_US,D,20181030,000000,886.08,889.91,883.36,889.74,7659973740,0
^_US,D,20181031,000000,896.4,898.02,893.81,895.54,7908368947,0
^_US,D,20181101,000000,901.99,910.61,901.99,910.57,6389390447,0
^_US,D,20181102,000000,912.83,913.14,907.89,910.77,6003386055,0
^_US,D,20181105,000000,911.09,914.13,909.18,912.17,4977667619,0
^_US,D,20181106,000000,912.16,915.23,911.91,914.32,5080715777,0
^_US,D,20181107,000000,914.34,921.47,914.34,921.45,5775242123,0
^_US,D,20181108,000000,921.21,921.5,917.8,919.19,5313427024,0
^_US,D,20181109,000000,918.68,918.68,905.06,907.99,5532130366,0
^_US,D,20181112,000000,907.98,908,894.42,894.44,5037054624,0
^_US,D,20181113,000000,894.49,899.73,890.74,891.23,5360653330,0
^_US,D,20181114,000000,891.23,896.47,882.03,884.6,5794282957,0
^_US,D,20181115,000000,884.6,889.75,880.29,889.09,5546055706,0
^_US,D,20181116,000000,889.1,890.08,884.67,888.95,5549267872,0
^_US,D,20181119,000000,889.04,889.04,876.6,877.73,5162397796,0
^_US,D,20181120,000000,877.21,877.21,863.01,864.32,5631048918,0
^_US,D,20181121,000000,864.42,875.48,864.42,872.72,4325026522,0
^_US,D,20181123,000000,872.71,874.71,868.58,872.06,2344284855,0
^_US,D,20181126,000000,872.07,878.61,872.07,874.84,4700180724,0
^_US,D,20181127,000000,874.88,874.88,868.7,868.87,4787882300,0
^_US,D,20181128,000000,868.95,881.17,867.71,880.98,5445012962,0
^_US,D,20181129,000000,880.98,882.59,877.15,879.78,4757707453,0
^_US,D,20181130,000000,879.82,882.35,878.23,881.5,5648507498,0
^_US,D,20181203,000000,881.71,891.14,881.71,888.09,5862063507,0
^_US,D,20181204,000000,888.09,888.1,865.66,865.67,5828130256,0
^_US,D,20181206,000000,865.37,865.37,849.62,859.68,6359389891,0
^_US,D,20181207,000000,859.71,864.46,848.75,850.23,5534161808,0
^_US,D,20181210,000000,850.27,850.28,838.48,843.28,5436899289,0
^_US,D,20181211,000000,843.34,850.52,839.3,840.79,5208692884,0
^_US,D,20181212,000000,841.16,851.45,841.16,845.75,5547227148,0
^_US,D,20181213,000000,845.87,847.48,836.46,837.35,5055850875,0
^_US,D,20181214,000000,837.34,837.34,826.48,827.51,5355694357,0
^_US,D,20181217,000000,827.48,827.48,808.7,810.36,6046280800,0
^_US,D,20181218,000000,810.39,815.97,804.17,805.16,6086614434,0
^_US,D,20181219,000000,805.16,810.82,794.47,795.21,6265301768,0
^_US,D,20181220,000000,795.23,795.24,775.64,780.01,7097536768,0
^_US,D,20181221,000000,780.02,781.63,763.12,763.96,8730876972,0
^_US,D,20181224,000000,763.95,763.95,753.5,753.5,3683656828,0
^_US,D,20181226,000000,753.51,774.27,753.51,773.54,5724663469,0
^_US,D,20181227,000000,773.44,773.89,760.18,773.45,5253523197,0
^_US,D,20181228,000000,773.48,785.54,773.48,780.74,5013584338,0
^_US,D,20181231,000000,780.86,786.07,779.33,785.84,4762889131,0
^_US,D,20190102,000000,785.84,798.27,779.32,798.26,5036910093,0
^_US,D,20190103,000000,798.25,798.35,789.71,792.43,5206797037,0
^_US,D,20190104,000000,792.44,813.76,792.44,813.6,5658252016,0
^_US,D,20190107,000000,813.61,827.36,813.61,825.63,5589149459,0
^_US,D,20190108,000000,825.72,832.94,825.72,832.94,5570970046,0
^_US,D,20190109,000000,833.07,840.4,833.07,839.65,5634986141,0
^_US,D,20190110,000000,839.62,841.54,834.9,841.3,5020661181,0
^_US,D,20190111,000000,841.03,842.18,838.63,842.14,4763194568,0
^_US,D,20190114,000000,842.14,842.14,837.1,837.49,4803920936,0
^_US,D,20190115,000000,837.54,841.44,837.54,841.19,4849916097,0
^_US,D,20190116,000000,841.18,846.14,841.18,844.01,5096367530,0
^_US,D,20190117,000000,843.98,849.26,842.99,847.76,4901384565,0
^_US,D,20190118,000000,847.77,855.54,847.77,853.9,5351721470,0
^_US,D,20190122,000000,853.82,853.82,841.44,843.12,5061588463,0
^_US,D,20190123,000000,843.12,847.12,839.12,841.77,4812081379,0
^_US,D,20190124,000000,841.81,845.53,841.81,845.34,5046896337,0
^_US,D,20190125,000000,845.49,853.98,845.49,853.46,5375633760,0
^_US,D,20190128,000000,853.5,853.5,847.42,850.33,5168227390,0
^_US,D,20190129,000000,850.35,852.22,849.63,850,4861212223,0
^_US,D,20190130,000000,850,857.65,849.9,856.63,5633408798,0
^_US,D,20190131,000000,856.69,862.3,856.69,862.12,6613768110,0
^_US,D,20190201,000000,862.12,865.03,862.12,864.83,5177460629,0
^_US,D,20190204,000000,864.85,870.28,864.77,870.28,4702197263,0
^_US,D,20190205,000000,870.29,873.56,870.29,872.42,5073732438,0
^_US,D,20190206,000000,872.46,873.32,870.39,871.45,4926302341,0
^_US,D,20190207,000000,871.42,871.42,860.18,863.7,5520564820,0
^_US,D,20190208,000000,863.7,863.7,858.83,862.74,4975213900,0
^_US,D,20190211,000000,862.72,866.11,862.72,865.53,4551649202,0
^_US,D,20190212,000000,865.82,872.62,865.82,872.52,5213034996,0
^_US,D,20190213,000000,872.53,876.18,872.53,875.53,4999563165,0
^_US,D,20190214,000000,875.53,878.08,872.61,875.64,5123726131,0
^_US,D,20190215,000000,875.66,883.65,875.66,882.92,5160479812,0
^_US,D,20190219,000000,882.94,886.97,882.73,885.86,4964322754,0
^_US,D,20190220,000000,886,888.6,886,887.42,5227679409,0
^_US,D,20190221,000000,887.44,887.79,883.74,885.22,5009791717,0
^_US,D,20190222,000000,885.26,891.22,885.26,891.22,5117015842,0
^_US,D,20190225,000000,891.46,896.6,891.46,892.9,5319203409,0
^_US,D,20190226,000000,892.89,892.93,890.5,890.59,5197491186,0
^_US,D,20190227,000000,890.6,890.62,887.43,889.85,5422723507,0
^_US,D,20190228,000000,889.85,889.85,885.9,886.74,5214521958,0
^_US,D,20190301,000000,886.73,891.05,886.73,891.05,5584253036,0
^_US,D,20190304,000000,891.13,893.81,884.13,888.38,5452530668,0
^_US,D,20190305,000000,888.38,888.82,886.59,886.66,4948408486,0
^_US,D,20190306,000000,886.67,887.02,876.27,876.35,5183426007,0
^_US,D,20190307,000000,876.37,876.47,870.7,871.38,5325440462,0
^_US,D,20190308,000000,871.25,871.25,866.31,869.26,4914367776,0
^_US,D,20190311,000000,869.27,878.66,869.27,878.66,4866692338,0
^_US,D,20190312,000000,878.92,881.45,878.92,880.2,4846074746,0
^_US,D,20190313,000000,880.21,884.78,880.21,883.43,5232812197,0
^_US,D,20190314,000000,883.4,883.47,881.13,881.46,4955032380,0
^_US,D,20190315,000000,881.46,885.42,881.46,883.76,7444830435,0
^_US,D,20190318,000000,884.29,888.98,884.29,888.25,4994679980,0
^_US,D,20190319,000000,888.42,891.06,886.39,887.16,5204973292,0
^_US,D,20190320,000000,887.13,889.34,881.4,884.95,5260326530,0
^_US,D,20190321,000000,884.97,890.34,883.44,889.1,5189816406,0
^_US,D,20190322,000000,889.04,889.04,871.32,871.47,5723944778,0
^_US,D,20190325,000000,871.49,873.01,866.39,870.66,4563254422,0
^_US,D,20190326,000000,870.7,877.17,870.7,875.22,4633402756,0
^_US,D,20190327,000000,875.17,876.22,867.65,872.8,4829346798,0
^_US,D,20190328,000000,872.82,875.99,871.61,874.64,4430350961,0
^_US,D,20190329,000000,874.64,879.17,874.64,877.06,4942841478,0
^_US,D,20190401,000000,877.37,883.61,877.37,883.53,4941003700,0
^_US,D,20190402,000000,883.59,883.59,880.15,882.58,4620531137,0
^_US,D,20190403,000000,882.6,886.81,882.6,883.76,5169084939,0
^_US,D,20190404,000000,883.74,886.04,883.53,885.99,4548250807,0
^_US,D,20190405,000000,886.12,891.14,886.12,891.07,4508766764,0
^_US,D,20190408,000000,891.09,891.78,889.47,891.08,4511718753,0
^_US,D,20190409,000000,891.08,891.46,885.49,885.76,4477775001,0
^_US,D,20190410,000000,885.75,890.8,885.75,890.36,4515784544,0
^_US,D,20190411,000000,890.36,891.52,888.89,889.44,4231818966,0
^_US,D,20190412,000000,889.45,893.63,889.45,891.04,4858903842,0
^_US,D,20190415,000000,891.13,892.04,887.18,888.27,4295091621,0
^_US,D,20190416,000000,888.3,890.13,887.75,888.21,4817874975,0
^_US,D,20190417,000000,888.2,890.17,882.34,883.44,5094323018,0
^_US,D,20190418,000000,883.56,884.58,880.4,882.61,4909787582,0
^_US,D,20190422,000000,882.62,883.04,880.67,882.22,4223995049,0
^_US,D,20190423,000000,882.41,889,882.41,888.66,4956287535,0
^_US,D,20190424,000000,888.67,889.52,887.2,887.53,4708354463,0
^_US,D,20190425,000000,887.53,887.53,881.51,883.15,4799995363,0
^_US,D,20190426,000000,883.1,887.06,882.44,887.06,4602980244,0
^_US,D,20190429,000000,887.16,890.73,887.16,889.4,4190261228,0
^_US,D,20190430,000000,889.46,889.65,883.82,887.03,5198241998,0
^_US,D,20190501,000000,887.04,888.15,881.58,881.7,4997573252,0
^_US,D,20190502,000000,881.7,882.98,876.71,880.68,5110074333,0
^_US,D,20190503,000000,880.71,890.41,880.71,890.4,4747947832,0
^_US,D,20190506,000000,889.89,890.46,881.35,889.19,4330345793,0
^_US,D,20190507,000000,889.09,889.09,876.06,878.94,4909244297,0
^_US,D,20190508,000000,878.93,881.64,877.82,877.83,4529059542,0
^_US,D,20190509,000000,877.5,877.5,867.59,873.41,5050693307,0
^_US,D,20190510,000000,873.67,875.2,867.18,874.71,4935370714,0
^_US,D,20190513,000000,874.23,874.23,855.67,856.66,5187213010,0
^_US,D,20190514,000000,856.67,864.51,856.67,863.28,4491131790,0
^_US,D,20190515,000000,863.26,865.66,859.52,865.09,4231912135,0
^_US,D,20190516,000000,865.21,870.05,865.21,866.81,4558399607,0
^_US,D,20190517,000000,866.78,866.78,858.87,858.96,4566005637,0
^_US,D,20190520,000000,858.94,858.94,853.01,853.95,4441099362,0
^_US,D,20190521,000000,853.96,860.37,853.96,859.94,4316964475,0
^_US,D,20190522,000000,859.89,859.89,853.92,854.88,4267794295,0
^_US,D,20190523,000000,854.77,854.77,840.81,843.44,5173522531,0
^_US,D,20190524,000000,843.52,847.86,843.52,846.3,3846507871,0
^_US,D,20190528,000000,846.42,848.75,842.24,842.31,5223254536,0
^_US,D,20190529,000000,842.29,842.29,833.69,835.75,4919488159,0
^_US,D,20190530,000000,835.76,838.82,832.86,834.63,4348161056,0
^_US,D,20190531,000000,834.58,834.58,825.99,826.62,5179695432,0
^_US,D,20190603,000000,826.65,829.95,824.85,827.06,5229292006,0
^_US,D,20190604,000000,827.08,838.52,827.08,838.46,5051304031,0
^_US,D,20190605,000000,838.63,841.39,834.13,835.55,4697634578,0
^_US,D,20190606,000000,835.55,836.19,830.35,832.54,4624449820,0
^_US,D,20190607,000000,832.75,838.04,832.47,836.99,4502901122,0
^_US,D,20190610,000000,837.01,843.79,837.01,840.73,4486699336,0
^_US,D,20190611,000000,841.35,845.51,837.8,839.21,4521891905,0
^_US,D,20190612,000000,839.08,839.08,836.76,837.91,4328537785,0
^_US,D,20190613,000000,838.04,842.97,838.04,842.96,4232478911,0
^_US,D,20190614,000000,842.97,843.1,837.93,837.95,4159914686,0
^_US,D,20190617,000000,837.95,841.19,837.95,839.79,4040270836,0
^_US,D,20190618,000000,839.85,848.69,839.85,846.19,4701032275,0
^_US,D,20190619,000000,846.2,848.52,845.48,848.26,4456258909,0
^_US,D,20190620,000000,848.7,855.05,848.7,852.06,5148621068,0
^_US,D,20190621,000000,852.06,852.06,847.94,849.27,6249548693,0
^_US,D,20190624,000000,849.36,850.69,844.36,844.36,4436895251,0
^_US,D,20190625,000000,844.4,844.82,839.79,839.79,4873471773,0
^_US,D,20190626,000000,839.83,843.07,839.83,839.95,4789772434,0
^_US,D,20190627,000000,839.98,846.65,839.98,846.59,4411949341,0
^_US,D,20190628,000000,846.59,854,846.59,853.66,6300798675,0
^_US,D,20190701,000000,853.68,861.03,853.68,855.98,4825020322,0
^_US,D,20190702,000000,856,856.99,851.75,853.73,4427643646,0
^_US,D,20190703,000000,853.78,857.5,853.78,857.5,3058460008,0
^_US,D,20190705,000000,857.5,858.57,853.82,858.54,3495541443,0
^_US,D,20190708,000000,858.53,858.67,854.15,855.07,4207719972,0
^_US,D,20190709,000000,855.05,855.05,852.98,854.87,4179924332,0
^_US,D,20190710,000000,855.29,859.02,854.54,856.52,4549206454,0
^_US,D,20190711,000000,856.52,857.64,853.15,854.35,4448995365,0
^_US,D,20190712,000000,854.36,858.56,854.36,856.68,4238360937,0
^_US,D,20190715,000000,856.79,858.45,855.08,855.56,4017365141,0
^_US,D,20190716,000000,855.56,857.25,854.12,854.2,4493510104,0
^_US,D,20190717,000000,854.21,854.4,849.53,849.53,4460545972,0
^_US,D,20190718,000000,849.52,849.52,846.76,849.05,4599291356,0
^_US,D,20190719,000000,849.05,850.77,846.58,846.65,4362428430,0
^_US,D,20190722,000000,846.67,848.78,844.66,844.89,4144887118,0
^_US,D,20190723,000000,844.89,846.25,843.91,846.14,4404202417,0
^_US,D,20190724,000000,846.14,852.7,845.62,852.5,4595511152,0
^_US,D,20190725,000000,852.5,853.03,845.46,845.49,4804862762,0
^_US,D,20190726,000000,845.49,851.14,845.48,850.03,4514136931,0
^_US,D,20190729,000000,850.49,851.11,846.49,847.78,4244678408,0
^_US,D,20190730,000000,847.78,852.08,844.64,851.89,4760801979,0
^_US,D,20190731,000000,851.89,855.05,845.77,847.03,6059065796,0
^_US,D,20190801,000000,847.01,851.01,838.35,838.35,6359055846,0
^_US,D,20190802,000000,838.35,838.44,829.41,832.46,4969817686,0
^_US,D,20190805,000000,832.51,832.51,810.51,813.62,5941032620,0
^_US,D,20190806,000000,813.68,819.8,813.15,816.72,5236170643,0
^_US,D,20190807,000000,816.72,816.76,808.93,815.77,5744282102,0
^_US,D,20190808,000000,816,825.6,816,824.69,5412470149,0
^_US,D,20190809,000000,824.64,824.64,817.96,818.95,4703700882,0
^_US,D,20190812,000000,818.97,818.97,810.92,811.71,4041281572,0
^_US,D,20190813,000000,811.7,819.9,810.24,816.07,4964253264,0
^_US,D,20190814,000000,816.06,816.06,798.04,798.22,5561126382,0
^_US,D,20190815,000000,798.23,799.26,792.8,794.13,5196101696,0
^_US,D,20190816,000000,794.14,804.84,794.14,804.36,4509440933,0
^_US,D,20190819,000000,804.41,812.37,804.41,810.89,4370750924,0
^_US,D,20190820,000000,810.88,810.89,808.29,808.38,4018628677,0
^_US,D,20190821,000000,808.42,813.71,808.42,813.13,3516916384,0
^_US,D,20190822,000000,813.14,815.16,810.46,811.07,3941019169,0
^_US,D,20190823,000000,811.09,811.09,796,796.41,4805938390,0
^_US,D,20190826,000000,796.63,801.12,796.63,800.87,3814882299,0
^_US,D,20190827,000000,800.93,803.7,793.7,793.79,4550864299,0
^_US,D,20190828,000000,793.79,800.78,792.67,799.45,3999230917,0
^_US,D,20190829,000000,800.33,807.09,800.33,806.19,4211645523,0
^_US,D,20190830,000000,806.23,809.17,804.48,806.43,3922725182,0
^_US,D,20190903,000000,806.4,806.4,798.85,800.15,4512539333,0
^_US,D,20190904,000000,800.26,806.31,800.26,806.05,4292869026,0
^_US,D,20190905,000000,806.06,815.39,806.06,814.02,5126517236,0
^_US,D,20190906,000000,814.02,817.07,813.26,814.52,4376411083,0
^_US,D,20190909,000000,814.69,819.75,814.69,818.94,5251099599,0
^_US,D,20190910,000000,818.94,825.76,817.5,825.67,5814232925,0
^_US,D,20190911,000000,825.69,834.75,825.37,834.69,5403980772,0
^_US,D,20190912,000000,834.7,835.72,831.57,834.32,5077681512,0
^_US,D,20190913,000000,834.34,837.46,834.34,835.06,4682767136,0
^_US,D,20190916,000000,835.15,839.59,835.15,838.45,5392712522,0
^_US,D,20190917,000000,838.46,838.46,833.71,835.38,4720375674,0
^_US,D,20190918,000000,835.39,835.48,828.85,831.92,4617774112,0
^_US,D,20190919,000000,831.99,835.11,830.36,830.54,4354941613,0
^_US,D,20190920,000000,830.56,832.72,828.75,830.94,7372753435,0
^_US,D,20190923,000000,830.93,831.18,828.67,830.02,4107665472,0
^_US,D,20190924,000000,830.03,831.19,819.36,820.41,5071924220,0
^_US,D,20190925,000000,820.41,823.39,817.89,822.04,4447497734,0
^_US,D,20190926,000000,822.04,822.16,815.93,816.72,4170317320,0
^_US,D,20190927,000000,816.71,818.93,811.03,812.32,4337545300,0
^_US,D,20190930,000000,812.38,813.18,810.64,811.78,4214268699,0
^_US,D,20191001,000000,811.8,815.56,801.52,801.56,4861046294,0
^_US,D,20191002,000000,801.57,801.57,791.54,793.06,5258087367,0
^_US,D,20191003,000000,793.07,795.91,788.23,795.91,4640442665,0
^_US,D,20191004,000000,795.91,800.69,795.44,800.64,4042625159,0
^_US,D,20191007,000000,800.62,802.19,798.27,798.89,3808101088,0
^_US,D,20191008,000000,798.89,798.89,790.56,790.56,4160815782,0
^_US,D,20191009,000000,790.71,794.2,790.71,792.36,3554144190,0
^_US,D,20191010,000000,792.37,795.67,792.34,792.97,4066576282,0
^_US,D,20191011,000000,792.98,804.78,792.98,801.26,4502100135,0
^_US,D,20191014,000000,801.26,801.26,797.63,799.67,3314843955,0
^_US,D,20191015,000000,799.67,807.05,799.67,805.27,4274190168,0
^_US,D,20191016,000000,805.25,806.76,804.52,805.63,4231798572,0
^_US,D,20191017,000000,805.63,809.67,805.63,808.77,4178558731,0
^_US,D,20191018,000000,808.77,809.17,804.09,806.65,4306347030,0
^_US,D,20191021,000000,806.61,811.91,806.61,810.45,4290416278,0
^_US,D,20191022,000000,810.48,812.68,809.44,809.56,4564658556,0
^_US,D,20191023,000000,809.55,812.04,808.04,811.92,4426579704,0
^_US,D,20191024,000000,811.89,813.65,808.97,810.36,4708927024,0
^_US,D,20191025,000000,810.39,813.88,809.89,812.87,4537105897,0
^_US,D,20191028,000000,815.82,816.56,815.2,815.29,5494712250,0
^_US,D,20191029,000000,814.8,816.01,814.19,814.19,5473545720,0
^_US,D,20191030,000000,810.8,812.87,810.15,812.87,5711095907,0
^_US,D,20191031,000000,808.29,809.31,807.05,809.18,6382258202,0
^_US,D,20191101,000000,816.15,818.41,816.15,818.31,5106858535,0
^_US,D,20191104,000000,818.32,823.42,818.32,822.68,5483700950,0
^_US,D,20191105,000000,822.7,825.41,822.29,822.83,5815304920,0
^_US,D,20191106,000000,822.83,822.96,817.79,817.96,5782000032,0
^_US,D,20191107,000000,817.98,821.9,816.43,817.08,5509696621,0
^_US,D,20191108,000000,817.05,817.13,814.95,816.93,4715199849,0
^_US,D,20191111,000000,816.93,816.93,813.9,815.11,3900606454,0
^_US,D,20191112,000000,815.12,816.67,812.75,813.23,4770982191,0
^_US,D,20191113,000000,813.23,813.23,808.83,809.53,4803620166,0
^_US,D,20191114,000000,809.47,809.47,807.18,807.42,4530387769,0
^_US,D,20191115,000000,807.54,810.3,807.54,809.79,4635987072,0
^_US,D,20191118,000000,809.89,810.29,805.9,806.4,4687558897,0
^_US,D,20191119,000000,806.29,808.26,805.54,806.91,4859086194,0
^_US,D,20191120,000000,806.9,808.92,803.42,804.95,5299764912,0
^_US,D,20191121,000000,805.12,806.18,803.07,803.68,4824844082,0
^_US,D,20191122,000000,803.84,805.94,803.4,805.51,4419310177,0
^_US,D,20191125,000000,805.54,814.06,805.54,813.85,4773240647,0
^_US,D,20191126,000000,813.96,815.72,813.5,813.85,5459677003,0
^_US,D,20191127,000000,814.16,816.58,813.68,816.5,4021961149,0
^_US,D,20191129,000000,816.51,816.7,814.56,815.3,2442374706,0
^_US,D,20191202,000000,815.3,816.62,809.82,810.1,4447411279,0
^_US,D,20191203,000000,809.6,809.6,804.04,807.53,4857073479,0
^_US,D,20191204,000000,807.56,812.6,807.56,811.7,4887288548,0
^_US,D,20191205,000000,811.7,813.22,810.39,810.4,4601135546,0
^_US,D,20191206,000000,810.43,817.03,810.43,816.5,4623722495,0
^_US,D,20191209,000000,816.58,818.65,816.47,816.47,4342426232,0
^_US,D,20191210,000000,816.6,818.06,815.77,816.94,4575559390,0
^_US,D,20191211,000000,816.93,818.43,816.24,818.29,4525075125,0
^_US,D,20191212,000000,818.29,823.65,818.11,822.78,5276256801,0
^_US,D,20191213,000000,822.78,824.82,820.07,821.74,4933158168,0
^_US,D,20191216,000000,821.76,827.04,821.76,824.38,5320573137,0
^_US,D,20191217,000000,824.38,825.8,824.18,825.55,5206922921,0
^_US,D,20191218,000000,825.58,827.3,825.32,826.82,5669175214,0
^_US,D,20191219,000000,826.82,829.61,826.82,829.53,5206215814,0
^_US,D,20191220,000000,829.55,831.69,829.51,830.8,7650759207,0
^_US,D,20191223,000000,830.78,833.29,830.06,833.05,4174859633,0
^_US,D,20191224,000000,833.1,835.78,833.1,835.76,2064633059,0
^_US,D,20191226,000000,835.77,838.36,835.77,838.36,3346617441,0
^_US,D,20191227,000000,838.36,839.49,835.56,836,3727190974,0
^_US,D,20191230,000000,836.01,836.78,833.34,834.34,4443999348,0
^_US,D,20191231,000000,834.34,838.53,833.35,838.12,4294470662,0
^_US,D,20200102,000000,838.14,842.43,838.14,842.43,5348024674,0
^_US,D,20200103,000000,842.47,842.47,837.82,840.6,5083705592,0
^_US,D,20200106,000000,840.8,843.92,838.02,843.88,5437094227,0
^_US,D,20200107,000000,843.91,844.72,842.29,843.98,4762289714,0
^_US,D,20200108,000000,843.99,846.03,843.26,844.24,5236675182,0
^_US,D,20200109,000000,844.25,847.4,844.25,845.89,5157994722,0
^_US,D,20200110,000000,845.88,847.02,844.1,844.54,4783948577,0
^_US,D,20200113,000000,844.54,847.88,843.66,847.88,5192866102,0
^_US,D,20200114,000000,847.97,852.33,846.52,850.18,5144588456,0
^_US,D,20200115,000000,850.18,854.85,850.18,853.24,5296374242,0
^_US,D,20200116,000000,853.28,860.88,853.28,860.88,5112370289,0
^_US,D,20200117,000000,860.92,863.13,859.67,859.98,5362363589,0
^_US,D,20200121,000000,859.98,860.1,856.48,856.93,5775403584,0
^_US,D,20200122,000000,856.98,859.13,855.65,855.87,5265590811,0
^_US,D,20200123,000000,855.87,855.87,850.29,854.75,5260693798,0
^_US,D,20200124,000000,854.83,856.17,844.21,846.49,5483868742,0
^_US,D,20200127,000000,846.5,846.51,835.32,836.12,5474475554,0
^_US,D,20200128,000000,836.12,841.58,836.12,841.01,4877150588,0
^_US,D,20200129,000000,841.18,843.07,837.91,838.02,5057639816,0
^_US,D,20200130,000000,838.02,838.02,830.31,834.76,5239909620,0
^_US,D,20200131,000000,834.81,834.81,823.49,824.24,5942578144,0
^_US,D,20200203,000000,824.25,830.21,824.25,827.84,5120287069,0
^_US,D,20200204,000000,828.06,836.57,828.06,835.32,5580360474,0
^_US,D,20200205,000000,835.41,844.02,835.41,843.79,5626108701,0
^_US,D,20200206,000000,843.79,846.32,843.15,843.16,5337967985,0
^_US,D,20200207,000000,843.13,843.13,835.98,836.54,5131163786,0
^_US,D,20200210,000000,836.71,837.31,835.77,837.3,4903409560,0
^_US,D,20200211,000000,837.3,842.66,837.3,841.55,5396799713,0
^_US,D,20200212,000000,841.55,845.73,841.55,845.04,5597185255,0
^_US,D,20200213,000000,845.04,845.14,842.02,843.6,4997314272,0
^_US,D,20200214,000000,843.58,844.56,841.64,842.97,4922247119,0
^_US,D,20200218,000000,842.96,843.93,840.58,842.6,5170900368,0
^_US,D,20200219,000000,842.85,847.17,842.85,846.01,5369518978,0
^_US,D,20200220,000000,846.11,848.9,843.11,847.88,5906203342,0
^_US,D,20200221,000000,848.02,848.02,841.66,842.61,5741220246,0
^_US,D,20200224,000000,842.29,842.29,820.67,822.73,6862801311,0
^_US,D,20200225,000000,822.74,825.32,801,801.68,7254680590,0
^_US,D,20200226,000000,801.69,806.98,794.41,794.89,7631321477,0
^_US,D,20200227,000000,794.86,794.86,771.55,772.57,9058807120,0
^_US,D,20200228,000000,772.3,772.3,753.53,762.83,10744550930,0
^_US,D,20200302,000000,762.96,777.32,760.45,777.3,8197682312,0
^_US,D,20200303,000000,777.29,784.8,764.33,767.94,7995554066,0
^_US,D,20200304,000000,767.95,782.24,767.95,782.24,7209338997,0
^_US,D,20200305,000000,782.21,782.24,759.51,762.84,7819979521,0
^_US,D,20200306,000000,762.7,762.7,740.68,746.53,8415506224,0
^_US,D,20200309,000000,746.52,746.52,725.25,725.25,9001971123,0
^_US,D,20200310,000000,725.26,743.43,719.46,738.12,9607167188,0
^_US,D,20200311,000000,738.11,738.11,697.23,701.41,9124787826,0
^_US,D,20200312,000000,701.38,701.38,641.74,641.9,7546830243,0
^_US,D,20200313,000000,641.92,670.84,641.03,670.84,10119076777,0
^_US,D,20200316,000000,670.17,670.17,600.43,600.43,12441744245,0
^_US,D,20200317,000000,600.43,617.9,591.86,613.55,10529069588,0
^_US,D,20200318,000000,612.95,612.95,531.04,541.11,11625908648,0
^_US,D,20200319,000000,541.11,577.64,531.94,575.28,11328462017,0
^_US,D,20200320,000000,575.58,596.68,567.89,568.7,12621714641,0
^_US,D,20200323,000000,568.7,568.91,541.37,550.72,10084947647,0
^_US,D,20200324,000000,551.28,589.53,551.28,589.5,10579294219,0
^_US,D,20200325,000000,589.96,624.97,589.96,612.83,11262399552,0
^_US,D,20200326,000000,612.85,643.38,612.85,642.76,10221740931,0
^_US,D,20200327,000000,642.49,642.49,621.94,625.2,9024792903,0
^_US,D,20200330,000000,625.21,627.47,618.91,627.13,8431420158,0
^_US,D,20200331,000000,627.13,632.78,621.43,626.26,9212157392,0
^_US,D,20200401,000000,626.24,626.24,590.88,593.53,8361866840,0
^_US,D,20200402,000000,593.55,604.82,589.38,596.25,8784582540,0
^_US,D,20200403,000000,596.25,596.89,578.24,583.53,8061396806,0
^_US,D,20200406,000000,584,613.99,584,613.58,8647742088,0
^_US,D,20200407,000000,613.58,635.95,613.58,621.08,9454990051,0
^_US,D,20200408,000000,621.08,644.24,621.08,643.49,8104942587,0
^_US,D,20200409,000000,643.61,669.12,643.61,664.97,10424531568,0
^_US,D,20200413,000000,664.97,667.95,652.4,660.23,7412827602,0
^_US,D,20200414,000000,660.27,676.42,660.27,671.95,8136768015,0
^_US,D,20200415,000000,672,672,651.23,655.71,7413347406,0
^_US,D,20200416,000000,655.8,658.87,646.55,650.45,8008800648,0
^_US,D,20200417,000000,650.49,669.89,650.49,669.6,9117729778,0
^_US,D,20200420,000000,669.54,671.09,660.24,662.51,8019411739,0
^_US,D,20200421,000000,662.5,662.5,647.08,650.99,7686095115,0
^_US,D,20200422,000000,651.01,660.43,651.01,658.65,7257580796,0
^_US,D,20200423,000000,659.21,669.85,659.21,663.99,8558412114,0
^_US,D,20200424,000000,664,670.13,662.07,669,8044904935,0
^_US,D,20200427,000000,669,686.99,669,685.77,7864131106,0
^_US,D,20200428,000000,685.78,697,685.78,693.96,8285748220,0
^_US,D,20200429,000000,693.97,719.9,693.97,718.4,16304971427,0
^_US,D,20200430,000000,718.38,718.38,704.67,705.86,9586478123,0
^_US,D,20200501,000000,705.44,705.44,683.51,687.84,7503592039,0
^_US,D,20200504,000000,687.82,688.99,679.46,688.99,7146531388,0
^_US,D,20200505,000000,689.04,701.1,689.04,690.47,7944189281,0
^_US,D,20200506,000000,690.48,694.54,684.78,684.99,7372720745,0
^_US,D,20200507,000000,685,696.54,685,693.49,7868111007,0
^_US,D,20200508,000000,693.53,709.42,693.53,708.99,7719780397,0
^_US,D,20200511,000000,708.99,710.55,701.67,706.36,7671930118,0
^_US,D,20200512,000000,706.59,710,694.63,694.63,8208482247,0
^_US,D,20200513,000000,694.5,694.77,670.41,676.06,9067744083,0
^_US,D,20200514,000000,676.06,677.01,656.9,677.01,8313283069,0
^_US,D,20200515,000000,676.92,682.49,672.12,681.94,8562473593,0
^_US,D,20200518,000000,681.95,709.57,681.95,708.7,9494595813,0
^_US,D,20200519,000000,708.76,712.54,703.8,704.19,8132653528,0
^_US,D,20200520,000000,704.21,718.77,704.21,717.88,8086307893,0
^_US,D,20200521,000000,717.91,719.92,713.28,717.89,7632258162,0
^_US,D,20200522,000000,717.89,720.23,714.1,720.23,6764910793,0
^_US,D,20200526,000000,720.54,737.85,720.54,734.79,9001881541,0
^_US,D,20200527,000000,734.88,748.16,731.39,748.16,9499610552,0
^_US,D,20200528,000000,748.16,751.97,741.48,741.85,8154127104,0
^_US,D,20200529,000000,741.82,741.91,733.2,740.63,9408800421,0
^_US,D,20200601,000000,740.73,751.86,740.73,748.93,7447409519,0
^_US,D,20200602,000000,748.93,756.43,748.93,755.7,7894302448,0
^_US,D,20200603,000000,755.75,772.03,755.75,771.01,9510083685,0
^_US,D,20200604,000000,771.02,777.13,768.97,776.45,11056565501,0
^_US,D,20200605,000000,776.48,801.47,776.48,798.36,13244047939,0
^_US,D,20200608,000000,798.8,822.74,798.8,822.74,12914135931,0
^_US,D,20200609,000000,822.65,822.65,808.01,814.94,10425669007,0
^_US,D,20200610,000000,814.98,816.17,799.59,802.81,10609165209,0
^_US,D,20200611,000000,802.27,802.27,753.89,754.65,9856139819,0
^_US,D,20200612,000000,755.37,778.1,755.37,768.42,8581520689,0
^_US,D,20200615,000000,768.41,779.74,752.65,778.23,7595499827,0
^_US,D,20200616,000000,778.74,797.49,778.74,791.76,7762233874,0
^_US,D,20200617,000000,791.76,794.77,786.27,786.78,7072933881,0
^_US,D,20200618,000000,786.85,790.48,783.22,786.49,7239847014,0
^_US,D,20200619,000000,786.48,794.57,782.42,785.22,11462430626,0
^_US,D,20200622,000000,785.21,786.56,780.8,786.55,7767348641,0
^_US,D,20200623,000000,786.56,793.83,786.56,789.15,9177443243,0
^_US,D,20200624,000000,789.14,789.14,764.24,770.09,8991273092,0
^_US,D,20200625,000000,770.08,776.5,765.77,776.49,7486812512,0
^_US,D,20200626,000000,776.5,776.5,759.56,761.47,11415020936,0
^_US,D,20200629,000000,761.49,774.54,761.49,772.53,7352134916,0
^_US,D,20200630,000000,772.53,779.61,771.9,778.79,7470668932,0
^_US,D,20200701,000000,778.79,783.2,775.28,776.78,7260955324,0
^_US,D,20200702,000000,776.79,787.2,776.79,779.19,7135745449,0
^_US,D,20200706,000000,779.5,790.69,779.5,786.83,7966346107,0
^_US,D,20200707,000000,786.82,786.82,776.59,776.8,7775566405,0
^_US,D,20200708,000000,776.97,782.55,774.04,780.65,7789725154,0
^_US,D,20200709,000000,781.25,782.16,767,771.41,7063832953,0
^_US,D,20200710,000000,771.43,780.06,770.27,780.06,6656549607,0
^_US,D,20200713,000000,780.07,786.74,770.57,770.68,8070503765,0
^_US,D,20200714,000000,770.65,775.89,765.39,775.89,6357837815,0
^_US,D,20200715,000000,775.9,794.42,775.9,793.04,7602819819,0
^_US,D,20200716,000000,793.03,793.03,787.72,792,7036037422,0
^_US,D,20200717,000000,792,797.13,792,796.19,7224843365,0
^_US,D,20200720,000000,796.23,798.29,794.7,796.79,7325060879,0
^_US,D,20200721,000000,796.8,807.21,796.8,805.43,8736267213,0
^_US,D,20200722,000000,805.43,806.57,803.5,805.73,7642274122,0
^_US,D,20200723,000000,805.77,809.69,799.47,802.56,7778323719,0
^_US,D,20200724,000000,802.56,802.58,795.53,796.41,6720991590,0
^_US,D,20200727,000000,796.41,801.44,796.41,801.29,7157325377,0
^_US,D,20200728,000000,801.29,801.71,797.87,798.03,6807768179,0
^_US,D,20200729,000000,798.04,806.91,798.03,806.52,7432794884,0
