<TICKER>,<PER>,<DATE>,<TIME>,<OPEN>,<HIGH>,<LOW>,<CLOSE>,<VOL>,<OPENINT>
^_USNS,D,20160216,000000,793.41,797.86,793.41,797.86,4311608034,0
^_USNS,D,20160217,000000,803.69,812.27,803.69,812.27,4795650276,0
^_USNS,D,20160218,000000,814.39,814.39,811.24,811.24,4225414900,0
^_USNS,D,20160219,000000,808.14,809.44,808.14,809.44,3932152707,0
^_USNS,D,20160222,000000,816.39,819.91,816.39,819.91,3852947048,0
^_USNS,D,20160223,000000,818.02,818.02,812.75,812.75,3705509493,0
^_USNS,D,20160224,000000,806.41,816.3,806.41,816.3,4092107403,0
^_USNS,D,20160225,000000,817.4,821.35,817.4,821.35,3865454577,0
^_USNS,D,20160226,000000,825.38,825.86,825.38,825.86,4065099286,0
^_USNS,D,20160229,000000,826.89,827.66,826.89,827.66,4327718335,0
^_USNS,D,20160301,000000,832.44,837.87,832.44,837.87,4577717567,0
^_USNS,D,20160302,000000,837.28,846.75,837.28,846.75,4416127856,0
^_USNS,D,20160303,000000,847,856.86,847,856.86,4816318267,0
^_USNS,D,20160304,000000,859.9,863.84,859.9,863.84,5751962268,0
^_USNS,D,20160307,000000,863.39,872.43,863.39,872.43,4709941524,0
^_USNS,D,20160308,000000,869.21,869.21,857.87,857.87,4347104456,0
^_USNS,D,20160309,000000,861.64,862.2,861.64,862.2,3834535823,0
^_USNS,D,20160310,000000,863.81,863.81,859.72,859.72,4192417871,0
^_USNS,D,20160311,000000,866.16,871.77,866.16,871.77,3855773149,0
^_USNS,D,20160314,000000,869.57,870.01,869.57,870.01,3270116104,0
^_USNS,D,20160315,000000,865.04,865.04,861.76,861.76,3407662361,0
^_USNS,D,20160316,000000,861.27,870.93,861.27,870.93,3865124854,0
^_USNS,D,20160317,000000,872.94,880.94,872.94,880.94,4329524371,0
^_USNS,D,20160318,000000,884.18,884.18,883.79,883.79,6092057195,0
^_USNS,D,20160321,000000,882.89,883.06,882.89,883.06,3181504433,0
^_USNS,D,20160322,000000,879.67,882.04,879.67,882.04,3145184023,0
^_USNS,D,20160323,000000,879.52,879.52,870.48,870.48,3398663879,0
^_USNS,D,20160324,000000,865.75,870.96,865.75,870.96,3224400388,0
^_USNS,D,20160328,000000,872.78,872.78,871.51,871.51,2623024753,0
^_USNS,D,20160329,000000,868.91,880.62,868.91,880.62,3499902139,0
^_USNS,D,20160330,000000,884.79,884.79,883.82,883.82,3390855257,0
^_USNS,D,20160331,000000,883.65,885.51,883.65,885.51,3578228899,0
^_USNS,D,20160401,000000,879.48,883.7,879.48,883.7,3516703113,0
^_USNS,D,20160404,000000,883.56,883.56,877.26,877.26,3176737233,0
^_USNS,D,20160405,000000,872.65,872.65,871.32,871.32,3767748474,0
^_USNS,D,20160406,000000,872.54,877.46,872.54,877.46,3496180947,0
^_USNS,D,20160407,000000,874.33,874.33,870.51,870.51,3572174860,0
^_USNS,D,20160408,000000,877.19,877.56,877.19,877.56,3170141073,0
^_USNS,D,20160411,000000,881.56,881.56,880.44,880.44,3371555867,0
^_USNS,D,20160412,000000,882.12,889.9,882.12,889.9,4011072233,0
^_USNS,D,20160413,000000,893.66,899.75,893.66,899.75,3971888788,0
^_USNS,D,20160414,000000,900.29,900.29,898.45,898.45,3500813050,0
^_USNS,D,20160415,000000,896.85,898.89,896.85,898.89,3400944557,0
^_USNS,D,20160418,000000,894.99,903.5,894.99,903.5,3153925903,0
^_USNS,D,20160419,000000,906.95,910.96,906.95,910.96,3726772759,0
^_USNS,D,20160420,000000,910.58,912.8,910.58,912.8,3972567853,0
^_USNS,D,20160421,000000,913.98,913.98,909.19,909.19,4012840423,0
^_USNS,D,20160422,000000,909.96,914.5,909.96,914.5,3656525039,0
^_USNS,D,20160425,000000,913.11,913.11,909.5,909.5,3204187710,0
^_USNS,D,20160426,000000,912.09,916.36,912.09,916.36,3429524524,0
^_USNS,D,20160427,000000,917.19,921.57,917.19,921.57,3932763777,0
^_USNS,D,20160428,000000,918.57,918.57,916.37,916.37,4086026960,0
^_USNS,D,20160429,000000,916.72,916.72,914.09,914.09,4527047024,0
^_USNS,D,20160502,000000,915.77,915.77,915.7,915.7,3694283560,0
^_USNS,D,20160503,000000,909.89,909.89,904.83,904.83,4048448864,0
^_USNS,D,20160504,000000,902.05,902.05,901.21,901.21,3934326084,0
^_USNS,D,20160505,000000,904.73,904.73,900.07,900.07,3878560254,0
^_USNS,D,20160506,000000,897.93,902.93,897.93,902.93,3674814329,0
^_USNS,D,20160509,000000,901.37,901.37,898.75,898.75,3617079842,0
^_USNS,D,20160510,000000,901.45,906.69,901.45,906.69,3472454040,0
^_USNS,D,20160511,000000,905.62,905.62,903.23,903.23,3671017095,0
^_USNS,D,20160512,000000,906.62,906.62,900.65,900.65,3615951135,0
^_USNS,D,20160513,000000,898.61,898.61,895.13,895.13,3445949913,0
^_USNS,D,20160516,000000,898.39,901.75,898.39,901.75,3360881332,0
^_USNS,D,20160517,000000,900.73,900.73,897.88,897.88,3907710147,0
^_USNS,D,20160518,000000,895.78,895.78,893.22,893.22,3963666233,0
^_USNS,D,20160519,000000,888.57,888.57,887.82,887.82,3713902147,0
^_USNS,D,20160520,000000,890.7,894.69,890.7,894.69,3393197054,0
^_USNS,D,20160523,000000,894.01,894.21,894.01,894.21,2949405804,0
^_USNS,D,20160524,000000,897.44,901.1,897.44,901.1,3509060273,0
^_USNS,D,20160525,000000,903.64,907.52,903.64,907.52,3743519022,0
^_USNS,D,20160526,000000,909.67,909.67,906.72,906.72,3106725170,0
^_USNS,D,20160527,000000,906.6,909.13,906.6,909.13,2962105038,0
^_USNS,D,20160531,000000,910.7,910.73,910.7,910.73,4316777613,0
^_USNS,D,20160601,000000,908.09,913.92,908.09,913.92,3392134472,0
^_USNS,D,20160602,000000,911.77,916.66,911.77,916.66,3310344969,0
^_USNS,D,20160603,000000,917.5,917.84,917.5,917.84,3510752073,0
^_USNS,D,20160606,000000,919.87,925.81,919.87,925.81,3336874856,0
^_USNS,D,20160607,000000,926.94,929.79,926.94,929.79,3445020233,0
^_USNS,D,20160608,000000,932.37,934.06,932.37,934.06,3484147459,0
^_USNS,D,20160609,000000,930.36,930.36,929.99,929.99,3203583894,0
^_USNS,D,20160610,000000,923.65,923.65,918.85,918.85,3399141396,0
^_USNS,D,20160613,000000,915.8,915.8,911.35,911.35,3292734671,0
^_USNS,D,20160614,000000,909.2,909.2,906.49,906.49,3663479767,0
^_USNS,D,20160615,000000,908.18,909.33,908.18,909.33,3435797057,0
^_USNS,D,20160616,000000,905.18,907.52,905.18,907.52,3518715970,0
^_USNS,D,20160617,000000,909.62,911.35,909.62,911.35,4763716574,0
^_USNS,D,20160620,000000,919.3,919.3,918.73,918.73,3376807754,0
^_USNS,D,20160621,000000,919.44,919.44,919.15,919.15,3140821589,0
^_USNS,D,20160622,000000,920.8,920.8,917.4,917.4,3089149342,0
^_USNS,D,20160623,000000,923.99,928.38,923.99,928.38,3208716048,0
^_USNS,D,20160624,000000,902.9,903.94,902.9,903.94,7430834489,0
^_USNS,D,20160627,000000,897.38,897.38,883.16,883.16,5326172017,0
^_USNS,D,20160628,000000,892.14,896.04,892.14,896.04,4297916411,0
^_USNS,D,20160629,000000,903.41,908.91,903.41,908.91,4108122561,0
^_USNS,D,20160630,000000,911.19,917.88,911.19,917.88,4433401644,0
^_USNS,D,20160701,000000,919.14,922.89,919.14,922.89,3373729315,0
^_USNS,D,20160705,000000,918.43,918.43,912.36,912.36,3578836468,0
^_USNS,D,20160706,000000,909.12,915.4,909.12,915.4,3844746487,0
^_USNS,D,20160707,000000,917.34,917.34,915.09,915.09,3537010576,0
^_USNS,D,20160708,000000,921.26,928.34,921.26,928.34,3539970244,0
^_USNS,D,20160711,000000,931.81,933.32,931.81,933.32,3185208502,0
^_USNS,D,20160712,000000,939.13,943.09,939.13,943.09,4015872604,0
^_USNS,D,20160713,000000,944.74,944.74,941.64,941.64,3428641042,0
^_USNS,D,20160714,000000,946.15,946.15,943.53,943.53,3371218507,0
^_USNS,D,20160715,000000,945.45,945.45,943.94,943.94,3047714029,0
^_USNS,D,20160718,000000,943.73,947.25,943.73,947.25,2943076020,0
^_USNS,D,20160719,000000,945.6,945.6,944.14,944.14,2905981507,0
^_USNS,D,20160720,000000,944.57,947.4,944.57,947.4,3165045275,0
^_USNS,D,20160721,000000,947.41,947.41,945.89,945.89,3383218691,0
^_USNS,D,20160722,000000,945.96,948.48,945.96,948.48,2976859996,0
^_USNS,D,20160725,000000,947.01,947.01,944.96,944.96,3016384085,0
^_USNS,D,20160726,000000,945.32,948.28,945.32,948.28,3413196835,0
^_USNS,D,20160727,000000,949.3,949.3,946.85,946.85,3943723219,0
^_USNS,D,20160728,000000,946.16,946.2,946.16,946.2,3613035204,0
^_USNS,D,20160729,000000,945.77,949.74,945.77,949.74,3999536264,0
^_USNS,D,20160801,000000,949.25,949.25,945.53,945.53,3443947137,0
^_USNS,D,20160802,000000,945.61,945.61,938.12,938.12,3813774720,0
^_USNS,D,20160803,000000,937.37,943.92,937.37,943.92,3757209835,0
^_USNS,D,20160804,000000,944.16,945.28,944.16,945.28,3680330241,0
^_USNS,D,20160805,000000,947.71,951.7,947.71,951.7,3611815317,0
^_USNS,D,20160808,000000,953.5,954.61,953.5,954.61,3293948834,0
^_USNS,D,20160809,000000,955.62,955.62,954.3,954.3,3245395168,0
^_USNS,D,20160810,000000,955.62,955.62,951.63,951.63,3212452098,0
^_USNS,D,20160811,000000,953.76,954.94,953.76,954.94,3383549669,0
^_USNS,D,20160812,000000,955.2,955.2,954.83,954.83,2960748208,0
^_USNS,D,20160815,000000,956.88,960.3,956.88,960.3,3025018118,0
^_USNS,D,20160816,000000,959.49,959.49,956.77,956.77,3132381881,0
^_USNS,D,20160817,000000,956.07,956.07,955.85,955.85,3335679299,0
^_USNS,D,20160818,000000,956.96,960.68,956.96,960.68,3252101590,0
^_USNS,D,20160819,000000,958.45,959.01,958.45,959.01,3031853676,0
^_USNS,D,20160822,000000,956.89,957.46,956.89,957.46,2727562649,0
^_USNS,D,20160823,000000,960.26,961.37,960.26,961.37,2980683031,0
^_USNS,D,20160824,000000,960.57,960.57,955.63,955.63,3093961981,0
^_USNS,D,20160825,000000,954.63,956.18,954.63,956.18,2875739454,0
^_USNS,D,20160826,000000,957.89,957.89,954.22,954.22,3217605874,0
^_USNS,D,20160829,000000,954.72,958.62,954.72,958.62,2578977383,0
^_USNS,D,20160830,000000,959.05,959.05,958.09,958.09,2889953153,0
^_USNS,D,20160831,000000,957.22,957.22,955.39,955.39,3661654904,0
^_USNS,D,20160901,000000,955.11,955.11,954.38,954.38,3274903140,0
^_USNS,D,20160902,000000,958.49,962,958.49,962,2952046410,0
^_USNS,D,20160906,000000,964.31,965.7,964.31,965.7,3276453487,0
^_USNS,D,20160907,000000,965.93,968.49,965.93,968.49,3212282591,0
^_USNS,D,20160908,000000,968.42,969.32,968.42,969.32,3646370524,0
^_USNS,D,20160909,000000,963.19,963.19,947.55,947.55,4130540485,0
^_USNS,D,20160912,000000,942.8,953.23,942.8,953.23,3937844650,0
^_USNS,D,20160913,000000,946.88,946.88,938.07,938.07,4058562131,0
^_USNS,D,20160914,000000,938.51,938.51,936.97,936.97,3585149366,0
^_USNS,D,20160915,000000,937.12,942.35,937.12,942.35,3313233296,0
^_USNS,D,20160916,000000,939.35,939.83,939.35,939.83,4910421344,0
^_USNS,D,20160919,000000,943.69,943.69,942.9,942.9,3058644039,0
^_USNS,D,20160920,000000,945.48,945.48,940.91,940.91,3039631044,0
^_USNS,D,20160921,000000,944.73,951.25,944.73,951.25,3572808922,0
^_USNS,D,20160922,000000,957.68,959.99,957.68,959.99,3408573661,0
^_USNS,D,20160923,000000,958.12,958.12,955.84,955.84,3219568632,0
^_USNS,D,20160926,000000,953.55,953.55,950.1,950.1,3087828177,0
^_USNS,D,20160927,000000,948.86,950.77,948.86,950.77,3286398844,0
^_USNS,D,20160928,000000,952.5,959.07,952.5,959.07,3713981306,0
^_USNS,D,20160929,000000,958.5,958.5,952.5,952.5,4053536928,0
^_USNS,D,20160930,000000,956.22,957.94,956.22,957.94,3940535013,0
^_USNS,D,20161003,000000,957.17,957.17,956.12,956.12,2998909889,0
^_USNS,D,20161004,000000,956.7,956.7,950.47,950.47,3636201102,0
^_USNS,D,20161005,000000,954.42,954.84,954.42,954.84,3779170247,0
^_USNS,D,20161006,000000,953.37,953.91,953.37,953.91,3378449206,0
^_USNS,D,20161007,000000,954.78,954.78,949.24,949.24,3561879208,0
^_USNS,D,20161010,000000,952.73,954.52,952.73,954.52,2869599540,0
^_USNS,D,20161011,000000,952.53,952.53,944.42,944.42,3368227259,0
^_USNS,D,20161012,000000,944.2,944.58,944.2,944.58,2945643998,0
^_USNS,D,20161013,000000,939.33,940.07,939.33,940.07,3499799897,0
^_USNS,D,20161014,000000,943.32,943.32,939.73,939.73,3185125620,0
^_USNS,D,20161017,000000,939.7,939.7,937.6,937.6,2817227692,0
^_USNS,D,20161018,000000,944.46,944.46,943.53,943.53,3161915928,0
^_USNS,D,20161019,000000,945.77,948.91,945.77,948.91,3351934161,0
^_USNS,D,20161020,000000,947.6,947.86,947.6,947.86,3329575243,0
^_USNS,D,20161021,000000,943.96,947.53,943.96,947.53,3433812703,0
^_USNS,D,20161024,000000,951,951,948.8,948.8,3320954019,0
^_USNS,D,20161025,000000,947.75,947.75,944.88,944.88,3722411214,0
^_USNS,D,20161026,000000,941.73,941.73,940.65,940.65,3757400048,0
^_USNS,D,20161027,000000,942.13,942.13,934.28,934.28,4200677623,0
^_USNS,D,20161028,000000,933.78,933.78,931.26,931.26,4004001155,0
^_USNS,D,20161031,000000,932.28,932.28,930.86,930.86,3886560724,0
^_USNS,D,20161101,000000,932.31,932.31,923.5,923.5,4408798429,0
^_USNS,D,20161102,000000,921.33,921.33,914.94,914.94,4281912467,0
^_USNS,D,20161103,000000,915.5,915.5,911.6,911.6,3886485375,0
^_USNS,D,20161104,000000,910.86,911.61,910.86,911.61,3834779862,0
^_USNS,D,20161107,000000,921.1,923.45,921.1,923.45,3730104104,0
^_USNS,D,20161108,000000,921.26,924.44,921.26,924.44,3912905599,0
^_USNS,D,20161109,000000,917.45,933.27,917.45,933.27,6260899546,0
^_USNS,D,20161110,000000,935.81,935.81,933.41,933.41,6402028430,0
^_USNS,D,20161111,000000,930.83,935.9,930.83,935.9,4990013062,0
^_USNS,D,20161114,000000,936.72,938.06,936.72,938.06,5357149534,0
^_USNS,D,20161115,000000,939.94,946.91,939.94,946.91,4541454539,0
^_USNS,D,20161116,000000,945.39,947.72,945.39,947.72,3842411170,0
^_USNS,D,20161117,000000,950.11,950.11,948.57,948.57,3798802079,0
^_USNS,D,20161118,000000,948.84,949,948.84,949,3538846062,0
^_USNS,D,20161121,000000,953.51,955.82,953.51,955.82,3585357044,0
^_USNS,D,20161122,000000,959.08,960.82,959.08,960.82,3945801305,0
^_USNS,D,20161123,000000,956.98,961.99,956.98,961.99,3401435033,0
^_USNS,D,20161125,000000,962.6,963.86,962.6,963.86,1576566132,0
^_USNS,D,20161128,000000,964.13,964.13,958.41,958.41,3482771031,0
^_USNS,D,20161129,000000,956.46,956.46,956.3,956.3,3672262211,0
^_USNS,D,20161130,000000,961.52,961.52,957.95,957.95,5528010156,0
^_USNS,D,20161201,000000,959.88,959.88,954.79,954.79,5038798606,0
^_USNS,D,20161202,000000,954.51,955.24,954.51,955.24,3752629420,0
^_USNS,D,20161205,000000,958.27,962.18,958.27,962.18,3880952222,0
^_USNS,D,20161206,000000,962.72,967.91,962.72,967.91,3849984591,0
^_USNS,D,20161207,000000,968.89,975.96,968.89,975.96,4492831926,0
^_USNS,D,20161208,000000,976.55,981.59,976.55,981.59,4196359088,0
^_USNS,D,20161209,000000,982.32,982.32,982.19,982.19,3879968285,0
^_USNS,D,20161212,000000,983.44,983.44,977.08,977.08,4033684411,0
^_USNS,D,20161213,000000,981.15,981.15,979.87,979.87,3853879335,0
^_USNS,D,20161214,000000,978.16,978.16,969.14,969.14,4407247694,0
^_USNS,D,20161215,000000,967.81,970.58,967.81,970.58,4169002859,0
^_USNS,D,20161216,000000,972.42,972.42,971.76,971.76,5909254836,0
^_USNS,D,20161219,000000,973.11,974.21,973.11,974.21,3251394646,0
^_USNS,D,20161220,000000,975.72,977.79,975.72,977.79,3306052826,0
^_USNS,D,20161221,000000,978.42,978.42,977.16,977.16,2857435973,0
^_USNS,D,20161222,000000,976.65,976.65,973.55,973.55,2857551113,0
^_USNS,D,20161223,000000,973.9,975.43,973.9,975.43,2017811273,0
^_USNS,D,20161227,000000,976.38,977.68,976.38,977.68,1990612560,0
^_USNS,D,20161228,000000,978.09,978.09,971.63,971.63,2393787315,0
^_USNS,D,20161229,000000,972.62,973.53,972.62,973.53,2344243108,0
^_USNS,D,20161230,000000,974.79,974.79,972.68,972.68,2672890528,0
^_USNS,D,20170103,000000,978.86,980.93,978.86,980.93,3740590217,0
^_USNS,D,20170104,000000,984.13,992.02,984.13,992.02,3758723611,0
^_USNS,D,20170105,000000,991.62,991.62,990.31,990.31,3781509399,0
^_USNS,D,20170106,000000,990.54,990.54,988.93,988.93,3351210844,0
^_USNS,D,20170109,000000,988.3,988.3,984.03,984.03,3229325878,0
^_USNS,D,20170110,000000,985.25,987.4,985.25,987.4,3652962591,0
^_USNS,D,20170111,000000,987.79,991.56,987.79,991.56,3637232113,0
^_USNS,D,20170112,000000,991.67,991.67,988.32,988.32,3477335235,0
^_USNS,D,20170113,000000,989.73,991.7,989.73,991.7,3091264586,0
^_USNS,D,20170117,000000,992.04,992.04,989.19,989.19,3591794021,0
^_USNS,D,20170118,000000,989.17,989.37,989.17,989.37,3326475007,0
^_USNS,D,20170119,000000,989.13,989.13,984.51,984.51,3167002433,0
^_USNS,D,20170120,000000,986.55,987.77,986.55,987.77,3519846933,0
^_USNS,D,20170123,000000,987.96,988.18,987.96,988.18,3169332926,0
^_USNS,D,20170124,000000,990.58,996.49,990.58,996.49,3830721442,0
^_USNS,D,20170125,000000,999.69,1002.26,999.69,1002.26,3865821400,0
^_USNS,D,20170126,000000,1002.55,1002.55,1000.44,1000.44,3630846227,0
^_USNS,D,20170127,000000,1000.63,1000.63,997.88,997.88,3151828000,0
^_USNS,D,20170130,000000,994.64,994.64,990.38,990.38,3607827419,0
^_USNS,D,20170131,000000,989.37,992.21,989.37,992.21,4107164646,0
^_USNS,D,20170201,000000,994.84,994.84,992.48,992.48,3939231742,0
^_USNS,D,20170202,000000,992.63,992.96,992.63,992.96,3826014348,0
^_USNS,D,20170203,000000,996.73,1000.11,996.73,1000.11,3615457213,0
^_USNS,D,20170206,000000,999.04,999.04,996.56,996.56,3126791589,0
^_USNS,D,20170207,000000,997.15,997.15,994.11,994.11,3474205160,0
^_USNS,D,20170208,000000,992.83,994.54,992.83,994.54,3627923352,0
^_USNS,D,20170209,000000,996.17,1000.02,996.17,1000.02,3699963124,0
^_USNS,D,20170210,000000,1002.85,1005.84,1002.85,1005.84,3495766771,0
^_USNS,D,20170213,000000,1008.12,1008.12,1007.4,1007.4,3365120421,0
^_USNS,D,20170214,000000,1007.39,1009.08,1004.85,1009.07,3181735947,0
^_USNS,D,20170215,000000,1009.06,1011.24,1006.77,1010.89,3393270595,0
^_USNS,D,20170216,000000,1010.88,1011.2,1006.54,1008.12,3374290193,0
^_USNS,D,20170217,000000,1008.1,1008.1,1004.65,1007.44,3204025574,0
^_USNS,D,20170221,000000,1007.51,1013.17,1007.51,1013.16,3231776634,0
^_USNS,D,20170222,000000,1013.03,1013.03,1009.02,1009.81,3146543637,0
^_USNS,D,20170223,000000,1010.01,1012.48,1005.94,1007.9,3654639054,0
^_USNS,D,20170224,000000,1007.89,1007.89,1002.56,1005.82,3503127554,0
^_USNS,D,20170227,000000,1005.83,1008.7,1004.41,1008.01,3161288678,0
^_USNS,D,20170228,000000,1007.92,1007.92,1001.48,1002.05,3752290464,0
^_USNS,D,20170301,000000,1002.41,1012.32,1002.41,1010.96,3930674240,0
^_USNS,D,20170302,000000,1010.7,1010.7,1002.86,1003.08,3497046815,0
^_USNS,D,20170303,000000,1003.07,1004.77,1000.78,1003.21,3211008542,0
^_USNS,D,20170306,000000,1003.07,1003.07,996.08,997.79,2954566059,0
^_USNS,D,20170307,000000,997.71,997.71,993.03,993.21,3123590790,0
^_USNS,D,20170308,000000,993.17,993.47,985.77,985.83,3510985586,0
^_USNS,D,20170309,000000,985.82,986.05,977.64,979.85,3412397419,0
^_USNS,D,20170310,000000,979.86,984.14,979.67,982.95,3140765551,0
^_USNS,D,20170313,000000,982.98,986.32,982.98,985.21,2819049871,0
^_USNS,D,20170314,000000,985.21,985.21,977.14,979.64,2931854056,0
^_USNS,D,20170315,000000,979.75,992.73,979.75,991.75,3536441774,0
^_USNS,D,20170316,000000,991.78,994.33,991.78,993.59,3068033553,0
^_USNS,D,20170317,000000,993.59,994.95,992.37,994.21,4376485950,0
^_USNS,D,20170320,000000,994.21,994.23,990.82,992.35,2744380883,0
^_USNS,D,20170321,000000,992.39,994.5,980.18,980.5,3901925014,0
^_USNS,D,20170322,000000,980.47,980.47,975.94,979,3286649059,0
^_USNS,D,20170323,000000,979.02,984.95,978.17,982.07,2950360673,0
^_USNS,D,20170324,000000,982.08,985.33,980.62,982.21,2721619213,0
^_USNS,D,20170327,000000,982.21,982.77,975.66,982.21,2962216290,0
^_USNS,D,20170328,000000,982.14,988.93,981.92,988.55,3045407522,0
^_USNS,D,20170329,000000,988.52,993.14,986.87,992.64,2822243581,0
^_USNS,D,20170330,000000,992.65,995.2,992.6,994.61,2832223136,0
^_USNS,D,20170331,000000,994.59,998.36,993.87,997.27,3006892168,0
^_USNS,D,20170403,000000,997.35,998.39,991.17,993.69,3040679025,0
^_USNS,D,20170404,000000,993.68,993.68,991.07,992.57,2936942615,0
^_USNS,D,20170405,000000,992.72,998.26,987.76,988.08,3448220685,0
^_USNS,D,20170406,000000,988.08,993.76,987.9,993.38,2625304710,0
^_USNS,D,20170407,000000,993.38,994.78,991.56,992.89,2740827001,0
^_USNS,D,20170410,000000,993.01,998,993.01,996.42,2507997575,0
^_USNS,D,20170411,000000,996.34,999.02,993.11,998.99,2856281911,0
^_USNS,D,20170412,000000,998.97,998.97,992.13,992.6,2912638998,0
^_USNS,D,20170413,000000,992.55,992.73,986.03,986.05,2901987231,0
^_USNS,D,20170417,000000,986.07,991.46,986.07,991.46,2558139289,0
^_USNS,D,20170418,000000,991.45,991.45,986.68,989.92,3006745777,0
^_USNS,D,20170419,000000,989.97,993.28,987.9,988.62,3155531332,0
^_USNS,D,20170420,000000,988.79,994.68,988.79,994.25,3349003045,0
^_USNS,D,20170421,000000,994.25,994.32,991.96,993.04,3209712509,0
^_USNS,D,20170424,000000,993.54,999.99,993.54,999.15,3341805717,0
^_USNS,D,20170425,000000,999.15,1004.77,999.15,1003.99,3631645805,0
^_USNS,D,20170426,000000,1004.06,1009.62,1003.36,1007.59,5449620197,0
^_USNS,D,20170427,000000,1007.6,1008.31,1003.79,1005.39,5488394177,0
^_USNS,D,20170428,000000,1005.42,1006.03,1000.03,1000.64,5205614066,0
^_USNS,D,20170501,000000,1000.65,1002.73,998.95,1001.18,4543102906,0
^_USNS,D,20170502,000000,1001.12,1002.4,996.88,998.35,5462204417,0
^_USNS,D,20170503,000000,998.17,998.17,993.37,994.62,3660907611,0
^_USNS,D,20170504,000000,994.59,994.59,985.77,987.67,4103602088,0
^_USNS,D,20170505,000000,987.79,994.81,987.79,994.78,2959990629,0
^_USNS,D,20170508,000000,994.79,995.5,991.43,994.12,3053789739,0
^_USNS,D,20170509,000000,994.12,994.69,991.69,992.82,3305974417,0
^_USNS,D,20170510,000000,992.83,997.54,992.83,997.07,3294426421,0
^_USNS,D,20170511,000000,997.04,997.04,990.06,993.92,3384625409,0
^_USNS,D,20170512,000000,993.86,993.86,990.46,991.01,3017727851,0
^_USNS,D,20170515,000000,991.02,997.71,991.02,995.68,3093252023,0
^_USNS,D,20170516,000000,995.75,996.88,992.75,994.34,3119876722,0
^_USNS,D,20170517,000000,994.26,994.26,981.35,981.37,3831780067,0
^_USNS,D,20170518,000000,981.37,981.37,975.98,978.64,3712759319,0
^_USNS,D,20170519,000000,978.64,988.77,978.64,986.64,3495396518,0
^_USNS,D,20170522,000000,986.74,990.54,986.74,989.94,2852303417,0
^_USNS,D,20170523,000000,990.07,992.15,989.27,990.69,2906555615,0
^_USNS,D,20170524,000000,990.7,992.38,988.83,991.17,3101760732,0
^_USNS,D,20170525,000000,991.36,994.92,989.4,990.25,3241156412,0
^_USNS,D,20170526,000000,990.27,990.75,988.6,990.69,2551212517,0
^_USNS,D,20170530,000000,990.67,990.67,985.85,985.85,2882738255,0
^_USNS,D,20170531,000000,985.9,986.34,980.14,984.84,4036726821,0
^_USNS,D,20170601,000000,984.83,993.69,984.83,993.64,3427014933,0
^_USNS,D,20170602,000000,993.65,996.83,992.45,994.87,3179569144,0
^_USNS,D,20170605,000000,994.87,994.87,991.37,992.34,2618246449,0
^_USNS,D,20170606,000000,992.34,993.93,988.85,991.18,3048149557,0
^_USNS,D,20170607,000000,991.2,993.1,987.25,990.38,3295863992,0
^_USNS,D,20170608,000000,990.38,994.19,989.18,993.2,3377798730,0
^_USNS,D,20170609,000000,993.26,999.2,993.26,997.09,3690744635,0
^_USNS,D,20170612,000000,997.09,999.9,996.53,997.38,3660163527,0
^_USNS,D,20170613,000000,997.38,1001.87,996.98,1001.86,3007524643,0
^_USNS,D,20170614,000000,1001.94,1002.7,996.05,997.62,3266688454,0
^_USNS,D,20170615,000000,997.15,997.15,991.1,992.39,3064040011,0
^_USNS,D,20170616,000000,992.33,993.43,989.82,993.42,4562660321,0
^_USNS,D,20170619,000000,994.33,998.28,994.33,997.44,2935864174,0
^_USNS,D,20170620,000000,997.38,997.38,989.54,990,3133827250,0
^_USNS,D,20170621,000000,989.96,991.13,984.1,984.66,3167395633,0
^_USNS,D,20170622,000000,984.73,988.88,984.73,987.37,3057001968,0
^_USNS,D,20170623,000000,987.38,992.57,986.96,992.38,4157404568,0
^_USNS,D,20170626,000000,992.51,997.44,992.51,996.19,2933602842,0
^_USNS,D,20170627,000000,996.27,998.95,992.94,993.01,3248213686,0
^_USNS,D,20170628,000000,993.33,1000.86,993.33,999.72,3163864398,0
^_USNS,D,20170629,000000,999.72,1000.42,991.28,995.37,3511919543,0
^_USNS,D,20170630,000000,995.37,999.35,995.37,997.62,3015433402,0
^_USNS,D,20170703,000000,997.94,1004.38,997.94,1003.39,1730048626,0
^_USNS,D,20170705,000000,1003.37,1003.37,996.39,998.55,3051031274,0
^_USNS,D,20170706,000000,998.4,998.4,990.1,990.69,3067323718,0
^_USNS,D,20170707,000000,990.8,993.95,989.22,993.78,2676728521,0
^_USNS,D,20170710,000000,993.68,996.36,992.27,994.48,2722380967,0
^_USNS,D,20170711,000000,994.49,995.74,991.5,995.42,2789340551,0
^_USNS,D,20170712,000000,995.42,1002.96,995.42,1000.74,2914938625,0
^_USNS,D,20170713,000000,1000.75,1002.47,999.91,1002.46,2787816754,0
^_USNS,D,20170714,000000,1002.48,1008.27,1002.48,1007.27,2479887869,0
^_USNS,D,20170717,000000,1007.26,1009.87,1006.99,1008.61,2496401219,0
^_USNS,D,20170718,000000,1008.62,1008.62,1005.56,1007.13,2652328209,0
^_USNS,D,20170719,000000,1007.13,1012.97,1007.13,1012.97,2753187518,0
^_USNS,D,20170720,000000,1012.96,1013.7,1011.02,1012.04,2868733558,0
^_USNS,D,20170721,000000,1012.1,1013.17,1008.65,1010.09,2770810095,0
^_USNS,D,20170724,000000,1010.1,1010.1,1007.49,1008.46,2697703583,0
^_USNS,D,20170725,000000,1008.49,1014.7,1008.49,1013.27,3515866785,0
^_USNS,D,20170726,000000,1013.35,1014.12,1011.64,1011.84,3248828633,0
^_USNS,D,20170727,000000,1011.91,1012.66,1007.5,1009.93,3605713169,0
^_USNS,D,20170728,000000,1009.88,1010.13,1007.53,1009.51,2975294479,0
^_USNS,D,20170731,000000,1009.62,1010.76,1006.49,1009.2,3111603714,0
^_USNS,D,20170801,000000,1009.2,1011.2,1009.2,1010.3,3122841917,0
^_USNS,D,20170802,000000,1010.2,1010.2,1004.95,1005.98,3160380224,0
^_USNS,D,20170803,000000,1005.98,1005.98,1001.27,1002.11,3296942523,0
^_USNS,D,20170804,000000,1002.15,1004.77,1002.15,1004.43,2945920339,0
^_USNS,D,20170807,000000,1004.48,1004.7,1002.29,1003.54,2641075980,0
^_USNS,D,20170808,000000,1003.55,1006.35,999.75,1000.75,3025566164,0
^_USNS,D,20170809,000000,1000.47,1000.47,995.06,996.22,2976039502,0
^_USNS,D,20170810,000000,996.06,996.06,983.18,983.2,3273424764,0
^_USNS,D,20170811,000000,982.73,984.31,977.73,983.76,2874211577,0
^_USNS,D,20170814,000000,984.2,991.88,984.2,990.31,2535386596,0
^_USNS,D,20170815,000000,990.3,990.3,985.39,985.83,2626947519,0
^_USNS,D,20170816,000000,985.99,988.71,985.99,986.54,2690852748,0
^_USNS,D,20170817,000000,986.53,987.42,977.48,977.58,2856618601,0
^_USNS,D,20170818,000000,977.57,979.94,974.33,978.1,3063877544,0
^_USNS,D,20170821,000000,978.12,978.17,976.03,977.11,2504319735,0
^_USNS,D,20170822,000000,977.31,983.19,977.31,982.69,2522596425,0
^_USNS,D,20170823,000000,982.47,984.58,980.11,983.41,2525936069,0
^_USNS,D,20170824,000000,983.56,985.73,983.56,984.15,2563814309,0
^_USNS,D,20170825,000000,984.37,988.89,984.37,987.69,2342827162,0
^_USNS,D,20170828,000000,987.9,989.4,985.46,986.97,2384910622,0
^_USNS,D,20170829,000000,986.96,987.12,982.66,986.69,2494510110,0
^_USNS,D,20170830,000000,986.68,989.16,985.1,988.86,2385856970,0
^_USNS,D,20170831,000000,988.91,995.14,988.91,994.48,2944462632,0
^_USNS,D,20170901,000000,994.64,999.38,994.64,999.17,2434357549,0
^_USNS,D,20170905,000000,999.17,999.58,990.89,993.09,3147370000,0
^_USNS,D,20170906,000000,993.1,997.05,993.1,995.89,2996480078,0
^_USNS,D,20170907,000000,995.87,997.1,994.36,995.61,3002560785,0
^_USNS,D,20170908,000000,995.5,995.5,992.5,993.27,2994254525,0
^_USNS,D,20170911,000000,993.28,1000.92,993.28,1000.23,2923242001,0
^_USNS,D,20170912,000000,1000.29,1005.08,1000.29,1004.23,2945000811,0
^_USNS,D,20170913,000000,1004.18,1006.2,1003.93,1005.98,3059448473,0
^_USNS,D,20170914,000000,1005.93,1006.2,1003.94,1005.78,3089121694,0
^_USNS,D,20170915,000000,1005.82,1007.84,1005.13,1007.84,4139888327,0
^_USNS,D,20170918,000000,1007.91,1011.36,1007.91,1009.85,2847347238,0
^_USNS,D,20170919,000000,1009.96,1010.71,1009.19,1010.5,2939271361,0
^_USNS,D,20170920,000000,1010.62,1014.04,1010.62,1012.69,3181604392,0
^_USNS,D,20170921,000000,1012.71,1012.78,1011.27,1011.38,2635987479,0
^_USNS,D,20170922,000000,1011.29,1014.07,1011.22,1014.05,2560415491,0
^_USNS,D,20170925,000000,1014.02,1016.11,1012.46,1014.78,2958368712,0
^_USNS,D,20170926,000000,1014.85,1017.67,1014.85,1016.41,2735059426,0
^_USNS,D,20170927,000000,1016.55,1020.9,1015.03,1020.19,3124666728,0
^_USNS,D,20170928,000000,1020.1,1021,1017.53,1020.97,2839998900,0
^_USNS,D,20170929,000000,1021.06,1022.85,1021.05,1022.69,2878286726,0
^_USNS,D,20171002,000000,1022.69,1026.72,1021.14,1026.71,2821217938,0
^_USNS,D,20171003,000000,1026.82,1028.75,1026.33,1028.7,2742938266,0
^_USNS,D,20171004,000000,1028.7,1029.91,1027.6,1028.25,2688167793,0
^_USNS,D,20171005,000000,1028.39,1031.39,1028.39,1030.28,2689664599,0
^_USNS,D,20171006,000000,1030.23,1030.23,1026.74,1027.33,2549148016,0
^_USNS,D,20171009,000000,1027.37,1028.12,1024.94,1025.39,1992424430,0
^_USNS,D,20171010,000000,1025.58,1029.34,1025.58,1027.68,2608120836,0
^_USNS,D,20171011,000000,1027.69,1028.26,1026.79,1027.91,2681918175,0
^_USNS,D,20171012,000000,1027.87,1027.87,1024.55,1026.66,2872165213,0
^_USNS,D,20171013,000000,1026.69,1029.56,1026.69,1028.04,2840994784,0
^_USNS,D,20171016,000000,1028.08,1030.41,1027.12,1027.53,2635306575,0
^_USNS,D,20171017,000000,1027.51,1027.72,1024.69,1025.43,2608235977,0
^_USNS,D,20171018,000000,1025.48,1027.24,1024.89,1026.05,2682139866,0
^_USNS,D,20171019,000000,1026.03,1026.03,1021.17,1024.99,2698388291,0
^_USNS,D,20171020,000000,1025.01,1028.28,1025.01,1028.28,3055791151,0
^_USNS,D,20171023,000000,1028.28,1028.86,1023.68,1023.89,2901457978,0
^_USNS,D,20171024,000000,1024.24,1027.02,1024.24,1024.98,3075704953,0
^_USNS,D,20171025,000000,1024.93,1024.93,1015.41,1018.94,3501709602,0
^_USNS,D,20171026,000000,1019.02,1020.88,1018.92,1019.09,3500926443,0
^_USNS,D,20171027,000000,1019.16,1021.5,1016.64,1021.5,3525628011,0
^_USNS,D,20171030,000000,1019.87,1019.87,1016.66,1017.74,3670234306,0
^_USNS,D,20171031,000000,1019.77,1021.74,1019.5,1021,3904013230,0
^_USNS,D,20171101,000000,1024.82,1024.82,1019.74,1021.49,3492141560,0
^_USNS,D,20171102,000000,1019.95,1022.11,1018.93,1020.35,3692142984,0
^_USNS,D,20171103,000000,1019.05,1019.94,1017.94,1019.92,3250431599,0
^_USNS,D,20171106,000000,1019.92,1024.18,1019.92,1023.84,3187996385,0
^_USNS,D,20171107,000000,1023.84,1024.63,1019.14,1020.17,3417001252,0
^_USNS,D,20171108,000000,1020.07,1020.14,1016.46,1019.76,3465646142,0
^_USNS,D,20171109,000000,1019.72,1019.72,1013.83,1017.34,3464760358,0
^_USNS,D,20171110,000000,1017.28,1018.24,1015.48,1015.84,3100191139,0
^_USNS,D,20171113,000000,1015.62,1015.62,1012.55,1013.61,3023205295,0
^_USNS,D,20171114,000000,1013.47,1013.47,1007.88,1008.61,3311067874,0
^_USNS,D,20171115,000000,1008.52,1008.52,1001.58,1005.09,3160673318,0
^_USNS,D,20171116,000000,1005.3,1013.3,1005.3,1012.36,2965236715,0
^_USNS,D,20171117,000000,1012.35,1017.32,1011.75,1016.57,2940572831,0
^_USNS,D,20171120,000000,1016.57,1018.45,1016.01,1018.45,2696421579,0
^_USNS,D,20171121,000000,1018.83,1023.53,1018.83,1022.99,2984349385,0
^_USNS,D,20171122,000000,1023.19,1025.81,1023.19,1024.11,2497842213,0
^_USNS,D,20171124,000000,1024.35,1025.8,1024.35,1025.29,1240571214,0
^_USNS,D,20171127,000000,1025.33,1025.37,1021.04,1021.27,2659997747,0
^_USNS,D,20171128,000000,1021.27,1027.28,1021.27,1026.83,3093436387,0
^_USNS,D,20171129,000000,1026.92,1030,1026.92,1028.06,3675895696,0
^_USNS,D,20171130,000000,1028.12,1032.35,1028.12,1030.4,4333475630,0
^_USNS,D,20171201,000000,1030.47,1031.93,1020.35,1030.26,3521996800,0
^_USNS,D,20171204,000000,1030.66,1037.12,1030.06,1030.16,3590077750,0
^_USNS,D,20171205,000000,1030.17,1030.17,1025.77,1025.81,3162062295,0
^_USNS,D,20171206,000000,1025.7,1025.7,1021.14,1021.23,2869385978,0
^_USNS,D,20171207,000000,1021.11,1025.18,1020.03,1023.78,2895737038,0
^_USNS,D,20171208,000000,1023.79,1028.69,1023.79,1027.03,2763912355,0
^_USNS,D,20171211,000000,1027.03,1029.65,1027.03,1028.58,2720031982,0
^_USNS,D,20171212,000000,1028.58,1030.52,1027.63,1027.63,3168985343,0
^_USNS,D,20171213,000000,1027.71,1031.07,1027.71,1029,3133040450,0
^_USNS,D,20171214,000000,1029.01,1029.43,1023.37,1023.61,3003008390,0
^_USNS,D,20171215,000000,1023.69,1030.49,1023.69,1028.34,4786784657,0
^_USNS,D,20171218,000000,1028.73,1037.43,1028.73,1036.29,3267305146,0
^_USNS,D,20171219,000000,1036.36,1037.28,1031.89,1032.25,3015852917,0
^_USNS,D,20171220,000000,1032.28,1034.74,1032.21,1033.7,2908405705,0
^_USNS,D,20171221,000000,1033.81,1038.34,1033.81,1037.08,2941609897,0
^_USNS,D,20171222,000000,1037.15,1037.64,1035.77,1037,2143308909,0
^_USNS,D,20171226,000000,1037,1039.5,1036.87,1038.61,1805099560,0
^_USNS,D,20171227,000000,1038.62,1040.65,1038.05,1038.64,1891622813,0
^_USNS,D,20171228,000000,1038.66,1040.06,1037.99,1039.97,1932476162,0
^_USNS,D,20171229,000000,1039.98,1042.15,1038.42,1038.43,2206552553,0
^_USNS,D,20180102,000000,1038.49,1045.67,1038.49,1045.45,3035919552,0
^_USNS,D,20180103,000000,1045.47,1049.33,1045.47,1049.06,3176136702,0
^_USNS,D,20180104,000000,1049.08,1053.23,1049.08,1052.07,3343875973,0
^_USNS,D,20180105,000000,1052.23,1055.31,1052.23,1055.07,2930487788,0
^_USNS,D,20180108,000000,1055.06,1056.78,1052.84,1056.46,2878634154,0
^_USNS,D,20180109,000000,1056.55,1057.89,1054.45,1056.82,3133428037,0
^_USNS,D,20180110,000000,1056.73,1057.34,1054.05,1055.62,3191114333,0
^_USNS,D,20180111,000000,1055.69,1065.22,1055.69,1065.19,3318634186,0
^_USNS,D,20180112,000000,1065.21,1068.16,1065.21,1068.05,3260134964,0
^_USNS,D,20180116,000000,1068.32,1072.12,1061.2,1061.9,3868077296,0
^_USNS,D,20180117,000000,1062.03,1067.49,1062.03,1065.99,3402744845,0
^_USNS,D,20180118,000000,1065.99,1065.99,1061.31,1061.48,3273050344,0
^_USNS,D,20180119,000000,1061.53,1066.16,1061.48,1065.99,3349337890,0
^_USNS,D,20180122,000000,1066.03,1070.57,1065.73,1070.57,3107178810,0
^_USNS,D,20180123,000000,1070.58,1074.24,1069.35,1073.85,3164336033,0
^_USNS,D,20180124,000000,1074.06,1077.21,1071.36,1073.72,3618036579,0
^_USNS,D,20180125,000000,1073.73,1076.18,1070.36,1072.37,3380246027,0
^_USNS,D,20180126,000000,1072.4,1074.82,1071.93,1074.82,3067759269,0
^_USNS,D,20180129,000000,1074.82,1074.82,1065.31,1065.35,3168275354,0
^_USNS,D,20180130,000000,1064.98,1064.98,1054.43,1055.49,3477088273,0
^_USNS,D,20180131,000000,1055.7,1060,1052.08,1055.19,3725149385,0
^_USNS,D,20180201,000000,1055.1,1056.07,1051.99,1053.66,3503013254,0
^_USNS,D,20180202,000000,1053.6,1053.6,1035.2,1035.27,3720389929,0
^_USNS,D,20180205,000000,1035.23,1035.23,1010.14,1010.44,4511185194,0
^_USNS,D,20180206,000000,1009.92,1018.33,997.75,1015.9,4946408684,0
^_USNS,D,20180207,000000,1016.06,1021.39,1014.49,1014.5,4005247320,0
^_USNS,D,20180208,000000,1014.5,1015.25,993.6,993.68,4446636743,0
^_USNS,D,20180209,000000,993.69,999.26,977.65,995.3,4910446842,0
^_USNS,D,20180212,000000,995.6,1007.47,995,1004.92,3513557367,0
^_USNS,D,20180213,000000,1004.85,1007.32,1002.1,1006.15,3025542171,0
^_USNS,D,20180214,000000,1005.9,1016.87,1002.52,1016.15,3456079400,0
^_USNS,D,20180215,000000,1016.47,1022.13,1014.34,1022.13,3260911826,0
^_USNS,D,20180216,000000,1021.99,1028.05,1020.85,1024.07,3250329375,0
^_USNS,D,20180220,000000,1024.07,1024.65,1017.68,1019.1,3126813262,0
^_USNS,D,20180221,000000,1019.13,1025.61,1016.36,1016.42,3364486639,0
^_USNS,D,20180222,000000,1016.43,1023.07,1016.08,1016.71,3255888358,0
^_USNS,D,20180223,000000,1016.71,1024.87,1016.71,1024.87,2859696684,0
^_USNS,D,20180226,000000,1024.87,1029.8,1024.04,1029.41,3056853022,0
^_USNS,D,20180227,000000,1029.41,1030.48,1018.85,1018.85,3308957807,0
^_USNS,D,20180228,000000,1018.85,1021.5,1009.47,1009.47,3628384939,0
^_USNS,D,20180301,000000,1009.47,1012.19,1001.08,1005.11,3870728758,0
^_USNS,D,20180302,000000,1005.1,1010.29,998.47,1009.72,3355712511,0
^_USNS,D,20180305,000000,1009.46,1017.38,1006.96,1016.1,3143832430,0
^_USNS,D,20180306,000000,1016.12,1021.57,1015.72,1021.22,2941511705,0
^_USNS,D,20180307,000000,1021.06,1022.19,1017.17,1021.6,3012758390,0
^_USNS,D,20180308,000000,1021.63,1023.59,1019.01,1022.25,2753247125,0
^_USNS,D,20180309,000000,1022.25,1030.49,1022.25,1030.49,3026658054,0
^_USNS,D,20180312,000000,1030.49,1033.97,1030.49,1032.66,2854331278,0
^_USNS,D,20180313,000000,1032.66,1035.71,1028.92,1029.81,2927784737,0
^_USNS,D,20180314,000000,1029.81,1032.05,1025.77,1026.32,3026259916,0
^_USNS,D,20180315,000000,1026.33,1027.45,1019.64,1021.15,3124446992,0
^_USNS,D,20180316,000000,1021.15,1026.87,1021.14,1025.8,4459069725,0
^_USNS,D,20180319,000000,1025.79,1025.79,1013.05,1017.37,2907187306,0
^_USNS,D,20180320,000000,1017.37,1018.87,1014.67,1015.8,2871863072,0
^_USNS,D,20180321,000000,1015.81,1022.53,1015.31,1019.88,3101732917,0
^_USNS,D,20180322,000000,1019.88,1019.88,1005.31,1005.38,3324343921,0
^_USNS,D,20180323,000000,1005.39,1008.53,994.1,994.11,3418636600,0
^_USNS,D,20180326,000000,994.12,1004.2,994.12,1004.01,3135813357,0
^_USNS,D,20180327,000000,1004.01,1006.74,993.98,995.92,3315337638,0
^_USNS,D,20180328,000000,995.92,997.89,993.33,995.12,3416371194,0
^_USNS,D,20180329,000000,995.13,1005.8,995.13,1003.41,3142133870,0
^_USNS,D,20180402,000000,1003.15,1003.15,985.78,989.81,3167183840,0
^_USNS,D,20180403,000000,990.24,997.43,989.24,996.85,3030004228,0
^_USNS,D,20180404,000000,996.83,1002.31,989.12,1001.83,2834957838,0
^_USNS,D,20180405,000000,1001.83,1010.21,1001.83,1009.56,2837997691,0
^_USNS,D,20180406,000000,1009.53,1009.53,994.94,999.09,2887371412,0
^_USNS,D,20180409,000000,999.19,1005.26,998.52,998.61,2649156867,0
^_USNS,D,20180410,000000,998.62,1010.39,998.62,1008.88,3200324301,0
^_USNS,D,20180411,000000,1008.84,1011.8,1006.94,1009.77,2185588212,0
^_USNS,D,20180412,000000,1009.8,1012.44,1009.77,1011.03,2718480585,0
^_USNS,D,20180413,000000,1011.07,1013.21,1007.59,1009.15,2647089267,0
^_USNS,D,20180416,000000,1009.3,1015.79,1009.3,1014.94,2696249964,0
^_USNS,D,20180417,000000,1015.01,1022.16,1015.01,1021.13,2808151259,0
^_USNS,D,20180418,000000,1021.2,1027.05,1021.2,1024.83,3033962217,0
^_USNS,D,20180419,000000,1024.83,1024.87,1018.44,1020.33,3040112321,0
^_USNS,D,20180420,000000,1020.32,1020.32,1014.2,1015.62,3058925752,0
^_USNS,D,20180423,000000,1015.59,1017.18,1012.16,1014.34,2704409073,0
^_USNS,D,20180424,000000,1014.33,1018,1006.4,1009.6,3337151032,0
^_USNS,D,20180425,000000,1009.57,1009.57,1004.92,1008.44,3104033709,0
^_USNS,D,20180426,000000,1008.48,1013.64,1008.48,1012.41,3276395287,0
^_USNS,D,20180427,000000,1012.41,1013.86,1010.67,1013.38,2891097715,0
^_USNS,D,20180430,000000,1013.44,1015.46,1009.34,1009.36,3267893040,0
^_USNS,D,20180501,000000,1009.36,1009.36,1002.03,1008.51,3112972496,0
^_USNS,D,20180502,000000,1008.53,1012.16,1007.62,1007.98,3593861735,0
^_USNS,D,20180503,000000,1007.98,1007.98,999.43,1003.82,3460996562,0
^_USNS,D,20180504,000000,1003.72,1012.22,1001.09,1010.68,3037069708,0
^_USNS,D,20180507,000000,1010.79,1016.8,1010.79,1014.11,2895374688,0
^_USNS,D,20180508,000000,1014.1,1014.4,1011.58,1014.38,3328690873,0
^_USNS,D,20180509,000000,1014.37,1019.29,1014.37,1018.84,3482495802,0
^_USNS,D,20180510,000000,1018.91,1024.74,1018.91,1024.13,3023244581,0
^_USNS,D,20180511,000000,1024.14,1025.86,1022.72,1024.03,2583147831,0
^_USNS,D,20180514,000000,1024.03,1026.84,1023.3,1023.58,2640045827,0
^_USNS,D,20180515,000000,1023.54,1023.54,1017.83,1019.91,2935365225,0
^_USNS,D,20180516,000000,1019.96,1025.41,1019.96,1024.22,2889164944,0
^_USNS,D,20180517,000000,1024.22,1028.15,1024.15,1026.15,3063859009,0
^_USNS,D,20180518,000000,1026.14,1026.29,1025,1025.71,2951189598,0
^_USNS,D,20180521,000000,1025.72,1031.06,1025.72,1030.78,2690544722,0
^_USNS,D,20180522,000000,1030.79,1032.88,1027.82,1028.03,3045017769,0
^_USNS,D,20180523,000000,1028.03,1028.03,1024.47,1027.15,2985630577,0
^_USNS,D,20180524,000000,1027.06,1027.06,1022.41,1025.67,2925602911,0
^_USNS,D,20180525,000000,1025.66,1025.66,1021.99,1023.22,2700763146,0
^_USNS,D,20180529,000000,1023.16,1023.16,1015.6,1017.69,3340424461,0
^_USNS,D,20180530,000000,1017.88,1027.81,1017.88,1026.81,3166614151,0
^_USNS,D,20180531,000000,1026.74,1026.84,1020.7,1021.94,3704579257,0
^_USNS,D,20180601,000000,1022.05,1026.61,1022.05,1026.41,3305666847,0
^_USNS,D,20180604,000000,1026.42,1030.11,1026.42,1029.34,3036239353,0
^_USNS,D,20180605,000000,1029.34,1031.7,1028.39,1031.22,3149069524,0
^_USNS,D,20180606,000000,1031.22,1035.21,1031.22,1035.18,3284737327,0
^_USNS,D,20180607,000000,1035.21,1037.17,1032.95,1035.01,3301260594,0
^_USNS,D,20180608,000000,1035.01,1036.67,1033.46,1036.4,2803754917,0
^_USNS,D,20180611,000000,1036.4,1039.92,1036.4,1038.91,2888041112,0
^_USNS,D,20180612,000000,1038.95,1041.14,1038.06,1039.17,3036724145,0
^_USNS,D,20180613,000000,1039.25,1039.88,1034.83,1035.16,3346016756,0
^_USNS,D,20180614,000000,1035.17,1036.94,1033.84,1035.01,3177076573,0
^_USNS,D,20180615,000000,1034.89,1034.89,1029.83,1033.19,4724373771,0
^_USNS,D,20180618,000000,1032.93,1034.22,1029.91,1034.2,2909452813,0
^_USNS,D,20180619,000000,1033.8,1033.8,1026.07,1031.29,3267560730,0
^_USNS,D,20180620,000000,1031.31,1035.11,1031.31,1034.64,2963472673,0
^_USNS,D,20180621,000000,1034.63,1034.64,1026.32,1026.76,2378798065,0
^_USNS,D,20180622,000000,1026.78,1031.72,1026.78,1030.29,4548559864,0
^_USNS,D,20180625,000000,1030.29,1030.29,1017.08,1020.43,3293955024,0
^_USNS,D,20180626,000000,1020.51,1024.59,1018.25,1023.48,4895663468,0
^_USNS,D,20180627,000000,1023.45,1026.11,1014.07,1014.07,3399847625,0
^_USNS,D,20180628,000000,1014.06,1015.54,1008.93,1013.12,3106143467,0
^_USNS,D,20180629,000000,1013.29,1018.22,1013.29,1013.35,3160380578,0
^_USNS,D,20180702,000000,1013.35,1013.35,1006.19,1010.92,2774806530,0
^_USNS,D,20180703,000000,1010.92,1017.77,1010.92,1015.12,1752234333,0
^_USNS,D,20180705,000000,1015.15,1020.63,1014.43,1019.14,2641860629,0
^_USNS,D,20180706,000000,1019.13,1025.03,1017.09,1023.45,2322518868,0
^_USNS,D,20180709,000000,1023.47,1028.95,1023.47,1028.82,2727476926,0
^_USNS,D,20180710,000000,1028.83,1030.4,1024.84,1028.54,2706754327,0
^_USNS,D,20180711,000000,1028.54,1028.54,1019.02,1020.94,2711292900,0
^_USNS,D,20180712,000000,1021.05,1023.94,1018.33,1023.34,2559097749,0
^_USNS,D,20180713,000000,1023.34,1025.31,1021.24,1023.07,2368317818,0
^_USNS,D,20180716,000000,1023.14,1023.22,1016.51,1019.37,2550224649,0
^_USNS,D,20180717,000000,1019.35,1022.63,1016.96,1020.16,2685931844,0
^_USNS,D,20180718,000000,1020.16,1021.77,1018.02,1021.72,2721161707,0
^_USNS,D,20180719,000000,1021.66,1023.79,1019.67,1022.79,2919639108,0
^_USNS,D,20180720,000000,1022.79,1023.09,1021.31,1021.82,2898974785,0
^_USNS,D,20180723,000000,1021.76,1021.81,1019.33,1020.93,2595213265,0
^_USNS,D,20180724,000000,1020.97,1024.79,1019.08,1019.97,3044743877,0
^_USNS,D,20180725,000000,1019.98,1023.62,1018.91,1023.57,3194152555,0
^_USNS,D,20180726,000000,1023.57,1027.39,1023.14,1025.88,3260600248,0
^_USNS,D,20180727,000000,1025.98,1027.72,1018.53,1019.21,3080085290,0
^_USNS,D,20180730,000000,1019.21,1021.17,1016.94,1017.12,2906221208,0
^_USNS,D,20180731,000000,1017.17,1022.75,1017.17,1021.45,3445160634,0
^_USNS,D,20180801,000000,1021.4,1021.4,1015.77,1017.87,3094105099,0
^_USNS,D,20180802,000000,1017.87,1019.31,1014.07,1019.28,3157784848,0
^_USNS,D,20180803,000000,1019.26,1021.48,1019.16,1020.56,2737069146,0
^_USNS,D,20180806,000000,1020.5,1022.53,1019.34,1021.73,2576386943,0
^_USNS,D,20180807,000000,1021.9,1025.23,1021.9,1022.67,2835477375,0
^_USNS,D,20180808,000000,1022.65,1022.82,1019.74,1021.58,2688423080,0
^_USNS,D,20180809,000000,1021.57,1024.08,1021.57,1021.84,2738127372,0
^_USNS,D,20180810,000000,1021.81,1021.81,1015.73,1016.55,2883433525,0
^_USNS,D,20180813,000000,1016.55,1016.55,1008.73,1010.02,2808999784,0
^_USNS,D,20180814,000000,1010.06,1014.44,1010.06,1013.88,2654654610,0
^_USNS,D,20180815,000000,1013.77,1013.77,1000.93,1004.21,3329649417,0
^_USNS,D,20180816,000000,1004.21,1011.21,1004.21,1009.39,2893027438,0
^_USNS,D,20180817,000000,1009.34,1013.63,1008.47,1013.16,2691890339,0
^_USNS,D,20180820,000000,1013.17,1017.89,1013.17,1017.29,2415656306,0
^_USNS,D,20180821,000000,1017.29,1023.33,1017.29,1022.03,2750188723,0
^_USNS,D,20180822,000000,1022.02,1023.28,1021.32,1022.92,2403830708,0
^_USNS,D,20180823,000000,1022.91,1022.91,1018.78,1019.08,2406487701,0
^_USNS,D,20180824,000000,1019.12,1022.76,1019.12,1022.63,2287335477,0
^_USNS,D,20180827,000000,1022.65,1028.21,1022.65,1026.33,2532088321,0
^_USNS,D,20180828,000000,1026.34,1028.15,1024.74,1025.66,2358115429,0
^_USNS,D,20180829,000000,1025.66,1028.62,1024.79,1027.86,2487674405,0
^_USNS,D,20180830,000000,1027.64,1027.64,1021.65,1022.13,2486850142,0
^_USNS,D,20180831,000000,1022.13,1023.09,1020.23,1022.95,2526606260,0
^_USNS,D,20180904,000000,1022.81,1022.81,1015.76,1017.54,2740838741,0
^_USNS,D,20180905,000000,1017.41,1017.41,1012.46,1014.92,2875216724,0
^_USNS,D,20180906,000000,1014.92,1016.67,1010.43,1011.22,2821484233,0
^_USNS,D,20180907,000000,1011.14,1011.14,1007.02,1008.2,2632458597,0
^_USNS,D,20180910,000000,1008.23,1011.92,1008.23,1009.02,2436066650,0
^_USNS,D,20180911,000000,1008.96,1010.21,1005.84,1009.5,2574233076,0
^_USNS,D,20180912,000000,1009.51,1011.46,1008.05,1010.78,2954972090,0
^_USNS,D,20180913,000000,1010.94,1013.46,1010.84,1011.26,2900885569,0
^_USNS,D,20180914,000000,1011.27,1013.2,1009.74,1011.81,2809162506,0
^_USNS,D,20180917,000000,1011.82,1012.3,1008.53,1008.75,2604398808,0
^_USNS,D,20180918,000000,1008.77,1012.33,1008.77,1011.41,2734297186,0
^_USNS,D,20180919,000000,1011.45,1014.53,1011.07,1011.17,2889094234,0
^_USNS,D,20180920,000000,1011.2,1016.62,1011.2,1016.59,3032198556,0
^_USNS,D,20180921,000000,1016.65,1018.49,1016,1016.23,4698193045,0
^_USNS,D,20180924,000000,1016.23,1016.23,1010.44,1011.32,2984782132,0
^_USNS,D,20180925,000000,1011.33,1012.78,1010.66,1010.7,2915080275,0
^_USNS,D,20180926,000000,1010.72,1011.63,1006.41,1006.51,2935008243,0
^_USNS,D,20180927,000000,1006.51,1008.68,1005.92,1006.44,2709310160,0
^_USNS,D,20180928,000000,1006.41,1008.51,1004.85,1006.9,2967347997,0
^_USNS,D,20181001,000000,1006.9,1009.93,1003.38,1004.28,2925844430,0
^_USNS,D,20181002,000000,1004.28,1005.39,1000.76,1000.85,3015624392,0
^_USNS,D,20181003,000000,1000.96,1005.61,1000.96,1002.76,3228312361,0
^_USNS,D,20181004,000000,1002.65,1002.65,991.29,992.68,3148441071,0
^_USNS,D,20181005,000000,992.64,993.63,984.79,987.97,3002942683,0
^_USNS,D,20181008,000000,987.94,988.37,983.86,987.64,2990279917,0
^_USNS,D,20181009,000000,987.63,988.81,985.07,985.15,3160811335,0
^_USNS,D,20181010,000000,985.12,985.12,966.21,966.21,3715303762,0
^_USNS,D,20181011,000000,965.88,966.04,953.14,953.15,3702506795,0
^_USNS,D,20181012,000000,953.39,960.73,950.04,955.06,3446666446,0
^_USNS,D,20181015,000000,955.06,959.17,953.12,955.82,2902759923,0
^_USNS,D,20181016,000000,955.88,968.6,955.88,968.35,3094922582,0
^_USNS,D,20181017,000000,968.33,968.33,960.21,964.4,2962184675,0
^_USNS,D,20181018,000000,964.29,964.29,952.12,953.08,3183063167,0
^_USNS,D,20181019,000000,953.09,957.67,949.81,950.92,3146217724,0
^_USNS,D,20181022,000000,951.18,953.24,947.81,948.19,2936122867,0
^_USNS,D,20181023,000000,948.11,948.11,932.33,940.94,3822756510,0
^_USNS,D,20181024,000000,940.94,941.34,921.79,921.92,3930487036,0
^_USNS,D,20181025,000000,921.96,931.9,921.96,929.53,4045831960,0
^_USNS,D,20181026,000000,929.3,929.3,914.75,921.75,4022872324,0
^_USNS,D,20181029,000000,928.78,929.5,912.52,916.88,4681623529,0
^_USNS,D,20181030,000000,920.79,925.55,918.63,925.35,5159894417,0
^_USNS,D,20181031,000000,931.71,933.58,929.92,930.07,5157039563,0
^_USNS,D,20181101,000000,935.9,942.34,935.9,942.06,4187033116,0
^_USNS,D,20181102,000000,944.45,944.45,937.74,941.22,3728662179,0
^_USNS,D,20181105,000000,941.25,945.11,940.77,944.34,3188400331,0
^_USNS,D,20181106,000000,944.31,946.53,943.61,945.91,3107225170,0
^_USNS,D,20181107,000000,945.91,955.06,945.91,954.98,3490320273,0
^_USNS,D,20181108,000000,954.76,954.76,949.2,950.57,3217605346,0
^_USNS,D,20181109,000000,950.38,950.38,939.06,942.28,3593262297,0
^_USNS,D,20181112,000000,942.28,942.28,931.36,931.57,3210604248,0
^_USNS,D,20181113,000000,931.57,936.3,928.31,929.02,3510493347,0
^_USNS,D,20181114,000000,929.03,934.76,923.04,926.22,3823705192,0
^_USNS,D,20181115,000000,926.11,929.82,920.63,929.3,3636330116,0
^_USNS,D,20181116,000000,929.28,930.2,925.68,929.47,3552951536,0
^_USNS,D,20181119,000000,929.47,929.59,919.72,920.72,3322731038,0
^_USNS,D,20181120,000000,920.43,920.43,904.58,905.87,3698825249,0
^_USNS,D,20181121,000000,905.95,917.38,905.95,914.17,2888230429,0
^_USNS,D,20181123,000000,914.13,914.13,909.41,910.95,1516981134,0
^_USNS,D,20181126,000000,910.95,918.32,910.95,914.91,3036010893,0
^_USNS,D,20181127,000000,914.9,914.9,910.5,911.69,3085474557,0
^_USNS,D,20181128,000000,911.72,922.83,909.64,922.78,3518914065,0
^_USNS,D,20181129,000000,922.78,924.24,918.39,921.26,3147214284,0
^_USNS,D,20181130,000000,921.24,921.48,918,920.98,3862363863,0
^_USNS,D,20181203,000000,921.12,930.4,921.12,928.8,3719466431,0
^_USNS,D,20181204,000000,928.81,928.81,907.39,907.58,3845531518,0
^_USNS,D,20181206,000000,907.39,907.39,889.3,902.05,4292763208,0
^_USNS,D,20181207,000000,902.09,906.69,892.09,893.6,3602669631,0
^_USNS,D,20181210,000000,893.6,893.61,880.66,886.39,3622243151,0
^_USNS,D,20181211,000000,886.4,894.26,883.25,885.21,3445210415,0
^_USNS,D,20181212,000000,885.43,895.82,885.43,889.82,3561554289,0
^_USNS,D,20181213,000000,889.85,891.34,883.33,884.35,3401223420,0
^_USNS,D,20181214,000000,884.33,884.33,873.78,874.88,3578038209,0
^_USNS,D,20181217,000000,874.86,874.86,857.5,859.24,4017294505,0
^_USNS,D,20181218,000000,859.26,864.92,855.28,856.45,3996457963,0
^_USNS,D,20181219,000000,856.48,863.23,846.51,847.71,4142806574,0
^_USNS,D,20181220,000000,847.72,847.72,829.58,834.68,4811543112,0
^_USNS,D,20181221,000000,834.68,838.58,822.08,822.73,6225000059,0
^_USNS,D,20181224,000000,822.54,822.54,810.74,810.74,2392923208,0
^_USNS,D,20181226,000000,810.74,832.66,809.61,832.6,3764339366,0
^_USNS,D,20181227,000000,832.5,832.5,817.55,832.36,3507628607,0
^_USNS,D,20181228,000000,832.38,841.74,831.87,836.47,3337003539,0
^_USNS,D,20181231,000000,836.5,840.41,834.21,840.28,3143992932,0
^_USNS,D,20190102,000000,840.27,848.77,832.39,848.33,3329216145,0
^_USNS,D,20190103,000000,848.2,848.2,839.25,842.79,3321925056,0
^_USNS,D,20190104,000000,842.81,863.85,842.81,863.61,3675212703,0
^_USNS,D,20190107,000000,863.63,876.48,863.63,874,3572253045,0
^_USNS,D,20190108,000000,874.06,881.79,874.06,881.78,3637005031,0
^_USNS,D,20190109,000000,881.78,889.37,881.78,888.44,3634079564,0
^_USNS,D,20190110,000000,888.28,890.3,883.47,890.3,3328025887,0
^_USNS,D,20190111,000000,890.19,890.93,887.06,890.78,3066889125,0
^_USNS,D,20190114,000000,890.8,890.8,885.86,886.69,3200070273,0
^_USNS,D,20190115,000000,886.7,890.08,886.7,890.08,3211521732,0
^_USNS,D,20190116,000000,890.08,894.3,890.08,893.32,3412266837,0
^_USNS,D,20190117,000000,893.32,898.48,891.34,897.18,3240379026,0
^_USNS,D,20190118,000000,897.28,905.13,897.28,904.39,3459596641,0
^_USNS,D,20190122,000000,904.26,904.26,891.48,893.29,3329294643,0
^_USNS,D,20190123,000000,893.29,896.89,889.38,892.47,2933669615,0
^_USNS,D,20190124,000000,892.49,896.67,892.32,896.41,3040677829,0
^_USNS,D,20190125,000000,896.74,904.61,896.74,903.98,3373381814,0
^_USNS,D,20190128,000000,903.91,903.91,897.41,901.16,3219496823,0
^_USNS,D,20190129,000000,901.16,903.14,900.99,901.88,3149864496,0
^_USNS,D,20190130,000000,901.88,910.56,901.82,909.44,3509591042,0
^_USNS,D,20190131,000000,909.44,914.71,909.38,914.37,4260893990,0
^_USNS,D,20190201,000000,914.38,915.87,913.7,915.69,3409757244,0
^_USNS,D,20190204,000000,915.69,920.08,914.44,920.08,3011791144,0
^_USNS,D,20190205,000000,920.09,922.9,920.07,922.61,3203711839,0
^_USNS,D,20190206,000000,922.61,922.61,919.59,920.17,3152426231,0
^_USNS,D,20190207,000000,920.17,920.17,908.69,912.62,3681863863,0
^_USNS,D,20190208,000000,912.57,912.57,907.29,911.69,3274171307,0
^_USNS,D,20190211,000000,911.68,914.66,911.49,914.49,2982738974,0
^_USNS,D,20190212,000000,914.62,922.07,914.62,921.37,3454082784,0
^_USNS,D,20190213,000000,921.37,925.39,921.37,924.54,3265264382,0
^_USNS,D,20190214,000000,924.53,926.78,921.49,924.76,3383238898,0
^_USNS,D,20190215,000000,924.78,931.62,924.78,931.47,3225612818,0
^_USNS,D,20190219,000000,931.46,936.05,930.54,935.09,3178506910,0
^_USNS,D,20190220,000000,935.12,938.57,935.12,937.65,3411707235,0
^_USNS,D,20190221,000000,937.64,937.64,933,934.46,3204839469,0
^_USNS,D,20190222,000000,934.47,940.09,934.47,939.8,3063760681,0
^_USNS,D,20190225,000000,940.28,943.87,940.28,940.43,3324691544,0
^_USNS,D,20190226,000000,940.42,941,938.95,939,3258020106,0
^_USNS,D,20190227,000000,938.99,938.99,935.68,938.06,3356006764,0
^_USNS,D,20190228,000000,938.08,938.08,934.84,935.64,3091891130,0
^_USNS,D,20190301,000000,935.67,940.16,935.27,938.41,3559107395,0
^_USNS,D,20190304,000000,938.44,940.48,931.58,935.87,3440700736,0
^_USNS,D,20190305,000000,935.87,936.14,933.55,934.68,3196922457,0
^_USNS,D,20190306,000000,934.69,934.72,926.44,926.58,3354868069,0
^_USNS,D,20190307,000000,926.58,926.58,919.83,920.42,3422011041,0
^_USNS,D,20190308,000000,920.33,920.33,914.73,917.48,3074761868,0
^_USNS,D,20190311,000000,917.5,926.42,917.5,926.42,3171525226,0
^_USNS,D,20190312,000000,926.51,929.01,926.51,928.02,3077945182,0
^_USNS,D,20190313,000000,928.02,932.25,928.02,931.14,3353476494,0
^_USNS,D,20190314,000000,931.14,931.14,928.15,928.53,3119615788,0
^_USNS,D,20190315,000000,928.53,932.27,928.53,930.26,4873102002,0
^_USNS,D,20190318,000000,930.35,934.47,930.35,934.32,3143449032,0
^_USNS,D,20190319,000000,934.45,937.02,931.73,932.52,3238895263,0
^_USNS,D,20190320,000000,932.52,935.27,926.74,930.94,3330458860,0
^_USNS,D,20190321,000000,930.93,937.05,929.49,936.28,3205893373,0
^_USNS,D,20190322,000000,936.13,936.13,919.82,919.89,3805171246,0
^_USNS,D,20190325,000000,919.89,922.44,915.96,920.09,2955358025,0
^_USNS,D,20190326,000000,920.09,926.86,920.09,924.73,2942177743,0
^_USNS,D,20190327,000000,924.7,926,919.36,923.17,3023833929,0
^_USNS,D,20190328,000000,923.12,925.71,921.15,925.41,2847253061,0
^_USNS,D,20190329,000000,925.41,929.91,925.41,927.65,3201545320,0
^_USNS,D,20190401,000000,927.87,936.04,927.87,935.96,3147093374,0
^_USNS,D,20190402,000000,935.95,936.06,932.1,934.3,2923344430,0
^_USNS,D,20190403,000000,934.34,938.49,934.34,935.81,3194003535,0
^_USNS,D,20190404,000000,935.81,939.18,935.8,939.18,2767773046,0
^_USNS,D,20190405,000000,939.27,944.15,939.27,944.11,2795448441,0
^_USNS,D,20190408,000000,944.11,944.83,942.7,944.77,2745369414,0
^_USNS,D,20190409,000000,944.77,944.77,938.52,938.8,2728981113,0
^_USNS,D,20190410,000000,938.87,944.36,938.87,944.05,2779881924,0
^_USNS,D,20190411,000000,944.05,945.3,942.87,943.83,2655780152,0
^_USNS,D,20190412,000000,943.83,948.18,943.83,946.97,3276716082,0
^_USNS,D,20190415,000000,947.01,947.75,944.6,945.39,2773277575,0
^_USNS,D,20190416,000000,945.4,947.03,944.82,945.5,3056505469,0
^_USNS,D,20190417,000000,945.5,947.68,941.79,942.75,3191559911,0
^_USNS,D,20190418,000000,942.79,943.82,940.53,942.67,3145301458,0
^_USNS,D,20190422,000000,942.64,942.74,940.49,941.95,2685020718,0
^_USNS,D,20190423,000000,941.99,947.84,941.74,947.3,3196728180,0
^_USNS,D,20190424,000000,947.28,948.03,945.36,945.91,3055251971,0
^_USNS,D,20190425,000000,945.91,945.91,938.91,940.72,3078364263,0
^_USNS,D,20190426,000000,940.71,944.42,940.06,944.36,2933197171,0
^_USNS,D,20190429,000000,944.4,947.56,944.4,946.11,2766150007,0
^_USNS,D,20190430,000000,946.13,946.62,941.59,945.71,3460050461,0
^_USNS,D,20190501,000000,945.71,946.75,940.88,940.93,3205618668,0
^_USNS,D,20190502,000000,940.93,941.55,935.85,939.13,3329166519,0
^_USNS,D,20190503,000000,939.14,948.15,939.14,948.04,3005300499,0
^_USNS,D,20190506,000000,948.04,948.04,939.18,945.68,2816692170,0
^_USNS,D,20190507,000000,945.58,945.58,932.02,934.84,3210608780,0
^_USNS,D,20190508,000000,934.84,936.62,933.25,933.27,2902606474,0
^_USNS,D,20190509,000000,933.08,933.08,923.33,929.55,3088227423,0
^_USNS,D,20190510,000000,929.55,932.24,922.91,931.56,3050776705,0
^_USNS,D,20190513,000000,931.26,931.26,913.22,914.34,3318613722,0
^_USNS,D,20190514,000000,914.34,922.71,914.34,921.24,2864264079,0
^_USNS,D,20190515,000000,921.23,924.1,917.31,923.42,2681319266,0
^_USNS,D,20190516,000000,923.42,929.38,923.42,926.48,2885814981,0
^_USNS,D,20190517,000000,926.47,926.47,919.19,919.35,2861372088,0
^_USNS,D,20190520,000000,919.34,919.34,913.91,914.7,2793877102,0
^_USNS,D,20190521,000000,914.75,922.07,914.75,921.85,2750150450,0
^_USNS,D,20190522,000000,921.85,921.85,916.05,916.55,2790163580,0
^_USNS,D,20190523,000000,916.4,916.4,903.45,905.97,3398691057,0
^_USNS,D,20190524,000000,906,910.15,906,908.91,2498393873,0
^_USNS,D,20190528,000000,908.91,911.05,904.47,904.51,3470988188,0
^_USNS,D,20190529,000000,904.46,904.46,895.88,898.43,3166768530,0
^_USNS,D,20190530,000000,898.43,901.57,895.65,897.27,2852997431,0
^_USNS,D,20190531,000000,897.15,897.15,889.2,889.92,3427556639,0
^_USNS,D,20190603,000000,889.92,894.78,889.92,893.39,3294990470,0
^_USNS,D,20190604,000000,893.4,905.49,893.4,905.48,3217319489,0
^_USNS,D,20190605,000000,905.56,907.73,900.85,903.88,3080437737,0
^_USNS,D,20190606,000000,903.88,904.53,899.69,903.53,2958536053,0
^_USNS,D,20190607,000000,903.59,909.79,903.59,908.55,2852354400,0
^_USNS,D,20190610,000000,908.57,914.23,908.57,911.14,2818440455,0
^_USNS,D,20190611,000000,911.26,915.92,910.23,911.29,2821671375,0
^_USNS,D,20190612,000000,911.24,911.24,908.26,908.59,2683706979,0
^_USNS,D,20190613,000000,908.65,913.41,908.65,913.4,2693736914,0
^_USNS,D,20190614,000000,913.45,913.45,908.85,909.13,2633859456,0
^_USNS,D,20190617,000000,909.12,911.56,908.97,910.27,2455971201,0
^_USNS,D,20190618,000000,910.27,919.64,910.27,916.83,2948853766,0
^_USNS,D,20190619,000000,916.85,919.54,916.1,918.97,2876111905,0
^_USNS,D,20190620,000000,919.26,926.23,919.26,924.79,3448964982,0
^_USNS,D,20190621,000000,924.78,924.78,921.04,921.74,4035654063,0
^_USNS,D,20190624,000000,921.74,922.65,917.78,917.79,2706656368,0
^_USNS,D,20190625,000000,917.79,918.02,913.59,913.59,3115303452,0
^_USNS,D,20190626,000000,913.59,916.4,913.59,914.03,3003494046,0
^_USNS,D,20190627,000000,914.03,919.5,914.03,919.49,2706249214,0
^_USNS,D,20190628,000000,919.49,925.77,919.49,925.59,4006349531,0
^_USNS,D,20190701,000000,925.6,932.88,925.6,927.86,3033769726,0
^_USNS,D,20190702,000000,927.87,928.56,925.01,926.93,2801539967,0
^_USNS,D,20190703,000000,926.93,931.29,926.93,931.29,1756474207,0
^_USNS,D,20190705,000000,931.27,932.2,926.19,932.14,2119930388,0
^_USNS,D,20190708,000000,932.12,932.36,928.67,929.21,2561896054,0
^_USNS,D,20190709,000000,929.16,929.16,925.69,928.22,2592990543,0
^_USNS,D,20190710,000000,928.33,931.89,928.33,930.61,2822309438,0
^_USNS,D,20190711,000000,930.62,931.94,927.66,929.42,2814532471,0
^_USNS,D,20190712,000000,929.42,933.45,929.42,932.62,2647660427,0
^_USNS,D,20190715,000000,932.62,933.76,930.29,931.06,2529549245,0
^_USNS,D,20190716,000000,931.04,933.18,929.8,930.62,2893591242,0
^_USNS,D,20190717,000000,930.63,930.67,925.99,926,2867963740,0
^_USNS,D,20190718,000000,925.98,925.98,922.7,925.4,2940180662,0
^_USNS,D,20190719,000000,925.4,927.23,923.66,923.71,2869898068,0
^_USNS,D,20190722,000000,923.73,925.98,922.52,922.99,2619689976,0
^_USNS,D,20190723,000000,922.99,926.9,922.99,926.89,2889375934,0
^_USNS,D,20190724,000000,926.89,932.84,926.39,932.6,3025614049,0
^_USNS,D,20190725,000000,932.62,932.63,925.86,926.16,3181324833,0
^_USNS,D,20190726,000000,926.15,930.29,926.15,929.52,2871221238,0
^_USNS,D,20190729,000000,929.52,930.1,926,927.36,2804049760,0
^_USNS,D,20190730,000000,927.36,930.2,923.21,930.15,3207325989,0
^_USNS,D,20190731,000000,930.22,933.2,923.96,926.53,4009726468,0
^_USNS,D,20190801,000000,926.53,928.11,915.66,916.63,4233128148,0
^_USNS,D,20190802,000000,916.63,916.64,908.36,911.69,3310028370,0
^_USNS,D,20190805,000000,911.68,911.68,889.27,892.83,3949166390,0
^_USNS,D,20190806,000000,892.84,897.86,891.86,897.08,3565161291,0
^_USNS,D,20190807,000000,897.07,897.07,888.14,895.82,3899074805,0
^_USNS,D,20190808,000000,895.82,905.59,895.82,905.51,3493573883,0
^_USNS,D,20190809,000000,905.53,905.53,898.14,899.32,2915552473,0
^_USNS,D,20190812,000000,899.25,899.25,889.01,889.83,2410224742,0
^_USNS,D,20190813,000000,889.83,898.78,888.17,894.8,3186667723,0
^_USNS,D,20190814,000000,894.79,894.79,876.13,876.36,3705621246,0
^_USNS,D,20190815,000000,876.36,877.39,872.16,874.41,3538754938,0
^_USNS,D,20190816,000000,874.42,885.58,874.42,885.17,3001610525,0
^_USNS,D,20190819,000000,885.2,892.52,885.2,891.21,2786931363,0
^_USNS,D,20190820,000000,891.2,891.2,888.37,888.42,2625178346,0
^_USNS,D,20190821,000000,888.43,893.65,888.43,893.23,2260223741,0
^_USNS,D,20190822,000000,893.27,895.64,890.8,892.15,2518618725,0
^_USNS,D,20190823,000000,892.14,892.14,876.8,877.56,3284804062,0
^_USNS,D,20190826,000000,877.59,882.32,877.59,881.21,2520570025,0
^_USNS,D,20190827,000000,881.26,884.26,875.82,876.21,3078606673,0
^_USNS,D,20190828,000000,876.2,882.84,874.78,881.72,2708441139,0
^_USNS,D,20190829,000000,881.98,889.75,881.98,889.03,2821589935,0
^_USNS,D,20190830,000000,889.05,892.67,888.07,889.94,2626133831,0
^_USNS,D,20190903,000000,889.9,889.9,881.83,883.8,2995435554,0
^_USNS,D,20190904,000000,883.81,892.09,883.81,891.97,2796861172,0
^_USNS,D,20190905,000000,891.97,901.72,891.97,900.17,3453825486,0
^_USNS,D,20190906,000000,900.18,903.41,899.56,901.47,2843972298,0
^_USNS,D,20190909,000000,901.5,907.52,901.5,907.52,3523902666,0
^_USNS,D,20190910,000000,907.52,913.3,906.47,913.24,3874338063,0
^_USNS,D,20190911,000000,913.24,921.1,912.08,921.1,3489889579,0
^_USNS,D,20190912,000000,921.11,922.07,917.28,920.5,3306605365,0
^_USNS,D,20190913,000000,920.51,924.64,919.98,920.06,3102045942,0
^_USNS,D,20190916,000000,920.1,924.26,920.08,923.07,3820843966,0
^_USNS,D,20190917,000000,923.06,923.06,918.56,921.36,3205952677,0
^_USNS,D,20190918,000000,921.35,921.35,914.88,918.57,3006790997,0
^_USNS,D,20190919,000000,918.57,921.49,917.43,917.78,2888385280,0
^_USNS,D,20190920,000000,917.82,920.53,916.24,917.34,4712609372,0
^_USNS,D,20190923,000000,917.34,919.03,914.88,918,2714307129,0
^_USNS,D,20190924,000000,918,918.73,909.44,910.25,3315404579,0
^_USNS,D,20190925,000000,910.24,913.99,908.16,913.39,2863555601,0
^_USNS,D,20190926,000000,913.39,913.43,908.48,910.05,2720547075,0
^_USNS,D,20190927,000000,910.05,911.93,905.15,907.13,2804964054,0
^_USNS,D,20190930,000000,907.14,909.19,906.5,907.98,2798085353,0
^_USNS,D,20191001,000000,907.98,911.24,898.39,898.68,3130997081,0
^_USNS,D,20191002,000000,898.64,898.64,887.22,889.38,3382163570,0
^_USNS,D,20191003,000000,889.4,892.23,883.77,892.22,3029192119,0
^_USNS,D,20191004,000000,892.22,897.62,891.91,897.62,2651749849,0
^_USNS,D,20191007,000000,897.6,899.06,894.83,895.72,2499620566,0
^_USNS,D,20191008,000000,895.71,895.71,887.2,887.2,2768607851,0
^_USNS,D,20191009,000000,887.22,891.54,887.22,889.92,2363454946,0
^_USNS,D,20191010,000000,889.92,893.36,889.88,891.85,2719882403,0
^_USNS,D,20191011,000000,891.86,904.56,891.86,901.03,2925439888,0
^_USNS,D,20191014,000000,901.03,901.03,896.87,899.24,2200237831,0
^_USNS,D,20191015,000000,899.29,905.19,899.23,903.09,2855459052,0
^_USNS,D,20191016,000000,903.09,904.22,901.89,902.61,2781172453,0
^_USNS,D,20191017,000000,902.62,906.99,902.62,906.04,2707011710,0
^_USNS,D,20191018,000000,906.04,906.38,902.06,904.26,2763762357,0
^_USNS,D,20191021,000000,904.28,909.14,904.28,908.06,2853744848,0
^_USNS,D,20191022,000000,908.06,911.65,907.32,909.53,3090384606,0
^_USNS,D,20191023,000000,909.52,912.35,908.14,912.35,2996768667,0
^_USNS,D,20191024,000000,912.35,913.97,909.12,911,3187205374,0
^_USNS,D,20191025,000000,911,913.82,910.02,913.11,2986611777,0
^_USNS,D,20191028,000000,915.36,915.97,914.58,914.58,3572327757,0
^_USNS,D,20191029,000000,914.71,915.92,914.53,914.66,3655864182,0
^_USNS,D,20191030,000000,910.74,913.46,910.12,913.46,3844542438,0
^_USNS,D,20191031,000000,907.87,908.92,906.84,908.87,4207519050,0
^_USNS,D,20191101,000000,915.07,917.28,914.93,917.28,3487929887,0
^_USNS,D,20191104,000000,917.3,922.72,917.3,922.14,3685085957,0
^_USNS,D,20191105,000000,922.16,925.08,921.11,921.69,3924394466,0
^_USNS,D,20191106,000000,921.69,921.74,917.86,918.23,3936786631,0
^_USNS,D,20191107,000000,918.24,922.71,917.91,918.38,3637119829,0
^_USNS,D,20191108,000000,918.37,918.37,915.34,917.74,3142846473,0
^_USNS,D,20191111,000000,917.74,917.74,914.14,915.77,2581235663,0
^_USNS,D,20191112,000000,915.77,917.63,914.13,914.44,3112932504,0
^_USNS,D,20191113,000000,914.44,914.44,910.83,911.5,3046114965,0
^_USNS,D,20191114,000000,911.5,912.36,910.06,910.59,2878800844,0
^_USNS,D,20191115,000000,910.59,914.37,910.59,914.16,2938105401,0
^_USNS,D,20191118,000000,914.17,914.17,910.64,911.01,2998397490,0
^_USNS,D,20191119,000000,911,911.77,908.37,909.33,3170211204,0
^_USNS,D,20191120,000000,909.32,909.5,904.34,906.28,3479536683,0
^_USNS,D,20191121,000000,906.28,906.93,903.66,904.57,3209335743,0
^_USNS,D,20191122,000000,904.57,906.94,904.45,906.67,2897774059,0
^_USNS,D,20191125,000000,906.71,914.33,906.71,913.98,3024959962,0
^_USNS,D,20191126,000000,914,915.07,913.16,913.91,3820222523,0
^_USNS,D,20191127,000000,913.91,916.41,913.88,916.4,2638831298,0
^_USNS,D,20191129,000000,916.39,916.39,913.8,913.8,1567118380,0
^_USNS,D,20191202,000000,913.79,914.45,907.5,907.71,2779044237,0
^_USNS,D,20191203,000000,907.32,907.32,900.22,903.53,3047441409,0
^_USNS,D,20191204,000000,903.54,909.51,903.54,908.13,3219568118,0
^_USNS,D,20191205,000000,908.15,909.95,907.28,907.95,2863778675,0
^_USNS,D,20191206,000000,907.97,915.15,907.97,914.6,3043812013,0
^_USNS,D,20191209,000000,914.6,916.02,914.15,914.26,2757037121,0
^_USNS,D,20191210,000000,914.26,915.51,913.4,914.27,2883317147,0
^_USNS,D,20191211,000000,914.27,916.05,913.99,916.05,2840604305,0
^_USNS,D,20191212,000000,916.05,921.87,915.55,921.09,3430011914,0
^_USNS,D,20191213,000000,921.09,922.97,918.33,920.23,3236161356,0
^_USNS,D,20191216,000000,920.25,926.06,920.25,924.16,3408628619,0
^_USNS,D,20191217,000000,924.16,926.26,924.16,926.16,3256597838,0
^_USNS,D,20191218,000000,926.17,929.01,926.17,928.7,3404220850,0
^_USNS,D,20191219,000000,928.7,931.15,928.68,931.13,3206512039,0
^_USNS,D,20191220,000000,931.15,933.71,931.15,932.88,5046906443,0
^_USNS,D,20191223,000000,932.87,934.5,932.43,934.43,2619883712,0
^_USNS,D,20191224,000000,934.43,935.97,934.43,935.76,1181650197,0
^_USNS,D,20191226,000000,935.77,938.17,935.77,937.77,1908703690,0
^_USNS,D,20191227,000000,937.77,938.91,935.27,935.91,2158983348,0
^_USNS,D,20191230,000000,935.92,936.17,933.54,933.81,2707530617,0
^_USNS,D,20191231,000000,933.8,936.71,932.75,936.65,2531799422,0
^_USNS,D,20200102,000000,936.68,940.43,936.07,939.27,3058951264,0
^_USNS,D,20200103,000000,939.26,939.26,935.43,937.73,2964759289,0
^_USNS,D,20200106,000000,937.72,939.42,935.22,939.15,3151434925,0
^_USNS,D,20200107,000000,939.15,939.15,936.84,937.84,2885488678,0
^_USNS,D,20200108,000000,937.84,939.27,936.64,937.42,3232646154,0
^_USNS,D,20200109,000000,937.42,938.96,937.1,938.12,3124409270,0
^_USNS,D,20200110,000000,938.11,938.64,935.54,936.11,2812593048,0
^_USNS,D,20200113,000000,936.1,940.1,935.12,940.1,3021906020,0
^_USNS,D,20200114,000000,940.09,943.4,938.97,941.74,3140840812,0
^_USNS,D,20200115,000000,941.74,944.68,941.35,943.13,3308958965,0
^_USNS,D,20200116,000000,943.14,948.61,943.14,948.61,3143578124,0
^_USNS,D,20200117,000000,948.62,950.43,948.01,948.74,3227369218,0
^_USNS,D,20200121,000000,948.75,948.75,943.61,943.83,3561071721,0
^_USNS,D,20200122,000000,943.86,945.95,942.89,943.29,3210181768,0
^_USNS,D,20200123,000000,943.29,943.29,936.7,941.93,3334556011,0
^_USNS,D,20200124,000000,941.94,942.86,932.02,934.46,3340757767,0
^_USNS,D,20200127,000000,934.45,934.45,922.88,923.2,3367082773,0
^_USNS,D,20200128,000000,923.2,929.1,923.2,928.31,3086577878,0
^_USNS,D,20200129,000000,928.39,930.93,926.86,926.86,3189381862,0
^_USNS,D,20200130,000000,926.81,926.81,919.38,924.9,3360252316,0
^_USNS,D,20200131,000000,924.87,924.87,912.22,913.3,3819432002,0
^_USNS,D,20200203,000000,913.33,919.4,913.33,916.68,3268308696,0
^_USNS,D,20200204,000000,916.84,926.15,916.84,924.53,3495818360,0
^_USNS,D,20200205,000000,924.59,933.77,924.59,933.72,3629908976,0
^_USNS,D,20200206,000000,933.72,935.48,931.87,932,3409192283,0
^_USNS,D,20200207,000000,931.95,931.95,925.28,925.74,3281956941,0
^_USNS,D,20200210,000000,925.7,926.84,924.18,926.82,3058990995,0
^_USNS,D,20200211,000000,926.82,933.12,926.82,931.44,3360420532,0
^_USNS,D,20200212,000000,931.45,936.15,931.45,935.61,3554784724,0
^_USNS,D,20200213,000000,935.61,935.61,932.19,933.86,3090429451,0
^_USNS,D,20200214,000000,933.81,934.83,931.87,933.57,3010972849,0
^_USNS,D,20200218,000000,933.57,933.57,929.61,931.65,3259415885,0
^_USNS,D,20200219,000000,931.66,935.35,931.66,934.02,3179012660,0
^_USNS,D,20200220,000000,934.02,936.83,931.23,935.22,3583142005,0
^_USNS,D,20200221,000000,935.21,935.23,928.58,929.27,3424216214,0
^_USNS,D,20200224,000000,929.26,929.26,906.57,907.69,4318232282,0
^_USNS,D,20200225,000000,907.7,910.01,884.96,885.45,4608443239,0
^_USNS,D,20200226,000000,885.46,891.43,878.22,878.23,4813035517,0
^_USNS,D,20200227,000000,878.2,878.2,851.94,854.17,5731907073,0
^_USNS,D,20200228,000000,853.99,853.99,830.71,841.96,6889500101,0
^_USNS,D,20200302,000000,841.99,858.17,837.93,858.13,5240834228,0
^_USNS,D,20200303,000000,858.13,866.82,844.25,848.42,5077241830,0
^_USNS,D,20200304,000000,848.48,864.57,848.48,864.57,4357442712,0
^_USNS,D,20200305,000000,864.57,864.57,838.97,842.41,4805626621,0
^_USNS,D,20200306,000000,842.33,842.33,817.01,825.02,5379579980,0
^_USNS,D,20200309,000000,824.97,824.97,780.04,780.04,5997552870,0
^_USNS,D,20200310,000000,780.05,799.11,774.83,797.82,6511287061,0
^_USNS,D,20200311,000000,797.81,797.81,753.35,758.01,6161592587,0
^_USNS,D,20200312,000000,757.93,757.93,678.89,679.03,7880617309,0
^_USNS,D,20200313,000000,679.05,715.35,679.05,715.35,6875508694,0
^_USNS,D,20200316,000000,714.78,714.78,638.45,638.52,7072431269,0
^_USNS,D,20200317,000000,638.51,652.64,626.52,644.98,6997059111,0
^_USNS,D,20200318,000000,644.63,644.63,546.28,561.67,7932468595,0
^_USNS,D,20200319,000000,561.66,600.06,547.75,596.64,7614238045,0
^_USNS,D,20200320,000000,596.79,621.73,589.85,590.42,8427929326,0
^_USNS,D,20200323,000000,590.42,590.42,556.67,565.74,6810502655,0
^_USNS,D,20200324,000000,566.02,608.48,566.02,607.69,7072009191,0
^_USNS,D,20200325,000000,607.77,652.18,607.77,637.81,7598656961,0
^_USNS,D,20200326,000000,637.82,674.02,637.82,671.51,7067844377,0
^_USNS,D,20200327,000000,671.32,671.32,647.17,652.08,5776078328,0
^_USNS,D,20200330,000000,652.08,652.69,641.75,652.23,5280422256,0
^_USNS,D,20200331,000000,652.23,658.07,646.98,650.18,5995480614,0
^_USNS,D,20200401,000000,650.16,650.16,613.72,616.65,5372870597,0
^_USNS,D,20200402,000000,616.64,630.18,613.21,620.7,5927253525,0
^_USNS,D,20200403,000000,620.7,620.77,600.74,606.36,5353597941,0
^_USNS,D,20200406,000000,606.56,639.84,606.56,639.37,5678679431,0
^_USNS,D,20200407,000000,639.39,667.54,639.39,651.17,6243202575,0
^_USNS,D,20200408,000000,651.17,677.05,651.17,675.88,5256198539,0
^_USNS,D,20200409,000000,675.89,706.91,675.89,700.72,7141854145,0
^_USNS,D,20200413,000000,700.73,703.04,683.79,690.91,4778169951,0
^_USNS,D,20200414,000000,690.95,707.15,690.95,701.89,5041618340,0
^_USNS,D,20200415,000000,701.8,701.8,678.12,682.92,4623340652,0
^_USNS,D,20200416,000000,682.92,684.56,672.71,675.89,4652515159,0
^_USNS,D,20200417,000000,675.96,695.78,675.96,695.37,5234463929,0
^_USNS,D,20200420,000000,695.35,695.35,682.75,684.85,4761375878,0
^_USNS,D,20200421,000000,684.84,684.84,669.32,672.9,4616656236,0
^_USNS,D,20200422,000000,672.9,682.86,672.9,680.81,4618727229,0
^_USNS,D,20200423,000000,681.26,693.68,681.26,687.34,5252435063,0
^_USNS,D,20200424,000000,687.34,692.1,683.59,690.28,4745589724,0
^_USNS,D,20200427,000000,690.28,706.7,690.28,705.39,4670314466,0
^_USNS,D,20200428,000000,705.42,718.88,705.42,715.79,5034021607,0
^_USNS,D,20200429,000000,715.79,742.71,715.79,741.4,10027264587,0
^_USNS,D,20200430,000000,741.37,741.37,727.76,729.49,5801437543,0
^_USNS,D,20200501,000000,729.3,729.3,707.81,710.86,4321919462,0
^_USNS,D,20200504,000000,710.85,710.85,700.95,709.73,4161402971,0
^_USNS,D,20200505,000000,709.75,721.77,709.75,710.4,4557693145,0
^_USNS,D,20200506,000000,710.4,714.31,702.69,702.75,4274954020,0
^_USNS,D,20200507,000000,702.76,714.87,702.76,710.76,4562810795,0
^_USNS,D,20200508,000000,710.77,726.39,710.77,726.39,4329500070,0
^_USNS,D,20200511,000000,726.38,726.38,716.07,720.28,4272036628,0
^_USNS,D,20200512,000000,720.29,723.87,708.08,708.08,4511514624,0
^_USNS,D,20200513,000000,708.09,708.09,685.5,688.94,5489939653,0
^_USNS,D,20200514,000000,688.95,691.33,669.42,691.33,4975036762,0
^_USNS,D,20200515,000000,691.32,695.55,686.75,694.53,4904836739,0
^_USNS,D,20200518,000000,694.56,724.18,694.56,723.03,5697480076,0
^_USNS,D,20200519,000000,723.06,725.98,716.94,717.93,4454474679,0
^_USNS,D,20200520,000000,717.95,731.23,717.95,729.85,4429475719,0
^_USNS,D,20200521,000000,729.9,732.58,726.12,730.94,4398915076,0
^_USNS,D,20200522,000000,730.94,731.32,725.32,731.24,3530501950,0
^_USNS,D,20200526,000000,731.43,752.14,731.43,749.52,5211568101,0
^_USNS,D,20200527,000000,749.59,763.65,749.19,763.65,5660298047,0
^_USNS,D,20200528,000000,763.65,767.5,756.68,757.73,4728086650,0
^_USNS,D,20200529,000000,757.73,757.73,748.52,754.67,5595633436,0
^_USNS,D,20200601,000000,754.77,765.95,754.77,763.7,4155443642,0
^_USNS,D,20200602,000000,763.7,772.76,763.7,771.69,4556468477,0
^_USNS,D,20200603,000000,771.72,789.64,771.72,788.67,5421812856,0
^_USNS,D,20200604,000000,788.67,794.36,784.45,793.74,5691402869,0
^_USNS,D,20200605,000000,793.75,822.36,793.75,818.69,7616897998,0
^_USNS,D,20200608,000000,818.82,841.32,818.82,841.32,7554066218,0
^_USNS,D,20200609,000000,841.19,841.19,822.51,826.01,5615398923,0
^_USNS,D,20200610,000000,825.83,825.83,807.39,811.32,5872373934,0
^_USNS,D,20200611,000000,811.1,811.1,763.66,764.32,5819587531,0
^_USNS,D,20200612,000000,764.62,786.7,764.62,777.74,5060743209,0
^_USNS,D,20200615,000000,777.74,785.81,760.18,783.61,4425111970,0
^_USNS,D,20200616,000000,783.72,803.18,783.72,795.52,4404404715,0
^_USNS,D,20200617,000000,795.52,797,789.09,789.43,3644206849,0
^_USNS,D,20200618,000000,789.43,791.91,784.69,787.47,3682386055,0
^_USNS,D,20200619,000000,787.47,794.07,781.56,783.14,6428966456,0
^_USNS,D,20200622,000000,783.13,784.3,778.35,784.26,3996090845,0
^_USNS,D,20200623,000000,784.27,790.77,784.27,786.51,4074118800,0
^_USNS,D,20200624,000000,786.5,786.5,761.96,766.83,4678603904,0
^_USNS,D,20200625,000000,766.83,771.75,762.47,771.71,3791603215,0
^_USNS,D,20200626,000000,771.71,771.71,757.36,759.39,6352232186,0
^_USNS,D,20200629,000000,759.39,771.97,759.39,771.09,3762229117,0
^_USNS,D,20200630,000000,771.07,776.62,768.48,775.68,3971657767,0
^_USNS,D,20200701,000000,775.68,781.38,773.49,774.84,3606444503,0
^_USNS,D,20200702,000000,774.85,786.57,774.85,778.59,3576311590,0
^_USNS,D,20200706,000000,778.8,790.56,778.8,785.92,4057310716,0
^_USNS,D,20200707,000000,785.92,785.92,775.38,775.55,4005782431,0
^_USNS,D,20200708,000000,775.59,780.21,772.83,778.56,4344484646,0
^_USNS,D,20200709,000000,778.61,779.12,765.39,768.62,3926471995,0
^_USNS,D,20200710,000000,768.63,778.34,768.02,778.33,3778384804,0
^_USNS,D,20200713,000000,778.34,785.02,772.27,772.32,4095507470,0
^_USNS,D,20200714,000000,772.2,778.16,769.27,778.15,3348062866,0
^_USNS,D,20200715,000000,778.16,794.7,778.16,793.49,3862758096,0
^_USNS,D,20200716,000000,793.48,794.23,788.83,792.09,3413214286,0
^_USNS,D,20200717,000000,792.09,795.88,791.33,793.53,3487122533,0
^_USNS,D,20200720,000000,793.53,794.58,790.1,791.4,3338089531,0
^_USNS,D,20200721,000000,791.4,802.85,791.4,801.18,3947071889,0
^_USNS,D,20200722,000000,801.18,803.61,799.21,803.51,3708760303,0
^_USNS,D,20200723,000000,803.51,806.78,799.31,801.99,3804395594,0
^_USNS,D,20200724,000000,801.99,801.99,797.02,797.6,3167789861,0
^_USNS,D,20200727,000000,797.61,801.87,796.9,801.86,3420884966,0
^_USNS,D,20200728,000000,801.86,804.33,800.92,801.1,3465797953,0
^_USNS,D,20200729,000000,801.1,811.63,801.1,811.62,3915926532,0
