<TICKER>,<PER>,<DATE>,<TIME>,<OPEN>,<HIGH>,<LOW>,<CLOSE>,<VOL>,<OPENINT>
^_USNM,D,20160216,000000,833.46,835.37,833.46,835.37,69634617,0
^_USNM,D,20160217,000000,838.96,848.24,838.96,848.24,68263582,0
^_USNM,D,20160218,000000,848.99,848.99,848.14,848.14,64118433,0
^_USNM,D,20160219,000000,849,849,845.8,845.8,65392448,0
^_USNM,D,20160222,000000,851.78,853.42,851.78,853.42,65156979,0
^_USNM,D,20160223,000000,854.91,854.91,850.22,850.22,74397841,0
^_USNM,D,20160224,000000,851.58,852.53,851.58,852.53,78829649,0
^_USNM,D,20160225,000000,853.87,860.12,853.87,860.12,58415827,0
^_USNM,D,20160226,000000,860.97,862.48,860.97,862.48,64261815,0
^_USNM,D,20160229,000000,864.11,864.11,863.88,863.88,74224951,0
^_USNM,D,20160301,000000,868.33,869.17,868.33,869.17,73271411,0
^_USNM,D,20160302,000000,869.13,881.45,869.13,881.45,59902907,0
^_USNM,D,20160303,000000,884.59,891.56,884.59,891.56,79992555,0
^_USNM,D,20160304,000000,900.39,903,900.39,903,104483298,0
^_USNM,D,20160307,000000,909.81,920.08,909.81,920.08,92563544,0
^_USNM,D,20160308,000000,925.3,925.3,909.89,909.89,87131200,0
^_USNM,D,20160309,000000,915.26,918.05,915.26,918.05,70294210,0
^_USNM,D,20160310,000000,920.09,920.09,913.89,913.89,69948278,0
^_USNM,D,20160311,000000,918.24,920.15,918.24,920.15,72142799,0
^_USNM,D,20160314,000000,921.57,921.57,920.22,920.22,65887280,0
^_USNM,D,20160315,000000,916.78,916.78,909.52,909.52,56460133,0
^_USNM,D,20160316,000000,910.31,919.54,910.31,919.54,67850440,0
^_USNM,D,20160317,000000,923.42,927.21,923.42,927.21,76163912,0
^_USNM,D,20160318,000000,930.61,930.61,924.73,924.73,135394102,0
^_USNM,D,20160321,000000,926.01,926.93,926.01,926.93,53164539,0
^_USNM,D,20160322,000000,930.08,930.08,925.58,925.58,59499587,0
^_USNM,D,20160323,000000,921.37,921.37,910.05,910.05,67740591,0
^_USNM,D,20160324,000000,907.41,910.15,907.41,910.15,51561351,0
^_USNM,D,20160328,000000,912.73,912.73,908.27,908.27,44296701,0
^_USNM,D,20160329,000000,907.71,913.15,907.71,913.15,57072872,0
^_USNM,D,20160330,000000,917.85,917.85,916.95,916.95,62222167,0
^_USNM,D,20160331,000000,920.14,920.14,913.91,913.91,66345102,0
^_USNM,D,20160401,000000,913.42,916.56,913.42,916.56,63814855,0
^_USNM,D,20160404,000000,917.69,917.69,917.55,917.55,60710871,0
^_USNM,D,20160405,000000,916.32,916.32,916.09,916.09,57526386,0
^_USNM,D,20160406,000000,919.42,921.77,919.42,921.77,70481455,0
^_USNM,D,20160407,000000,924.1,924.1,921.06,921.06,68091988,0
^_USNM,D,20160408,000000,926.92,929.79,926.92,929.79,63802733,0
^_USNM,D,20160411,000000,935.39,937.71,935.39,937.71,107795430,0
^_USNM,D,20160412,000000,940.87,950.13,940.87,950.13,82172027,0
^_USNM,D,20160413,000000,950.94,952.27,950.94,952.27,79836255,0
^_USNM,D,20160414,000000,953.56,953.56,950.77,950.77,62641351,0
^_USNM,D,20160415,000000,951.02,951.02,950.54,950.54,68784439,0
^_USNM,D,20160418,000000,949.64,955.57,949.64,955.57,86408324,0
^_USNM,D,20160419,000000,963.72,967.07,963.72,967.07,95754792,0
^_USNM,D,20160420,000000,969.43,969.43,968.81,968.81,93860224,0
^_USNM,D,20160421,000000,971.78,971.78,966.64,966.64,98968006,0
^_USNM,D,20160422,000000,969.23,969.23,966.62,966.62,76584227,0
^_USNM,D,20160425,000000,968.23,968.23,963.91,963.91,68213914,0
^_USNM,D,20160426,000000,967.59,971.51,967.59,971.51,71928514,0
^_USNM,D,20160427,000000,972.4,973.96,972.4,973.96,68821879,0
^_USNM,D,20160428,000000,976.16,977.85,976.16,977.85,84731622,0
^_USNM,D,20160429,000000,983.75,983.75,983.58,983.58,93479697,0
^_USNM,D,20160502,000000,988.75,988.75,983.45,983.45,84514090,0
^_USNM,D,20160503,000000,982.48,982.48,974.05,974.05,78110336,0
^_USNM,D,20160504,000000,972.57,972.57,968.91,968.91,103316039,0
^_USNM,D,20160505,000000,974.56,974.56,964.37,964.37,125541113,0
^_USNM,D,20160506,000000,962.84,964.09,962.84,964.09,91541021,0
^_USNM,D,20160509,000000,962.99,962.99,957.04,957.04,76608820,0
^_USNM,D,20160510,000000,957.51,960.35,957.51,960.35,60769225,0
^_USNM,D,20160511,000000,960.26,960.26,957.01,957.01,70867078,0
^_USNM,D,20160512,000000,962.17,962.17,949,949,83104865,0
^_USNM,D,20160513,000000,951.21,951.23,951.21,951.23,75777392,0
^_USNM,D,20160516,000000,953.24,953.24,952.52,952.52,93522035,0
^_USNM,D,20160517,000000,949.23,949.23,945.12,945.12,74422539,0
^_USNM,D,20160518,000000,943.44,943.44,937.16,937.16,76081907,0
^_USNM,D,20160519,000000,931.1,931.1,929.27,929.27,72068271,0
^_USNM,D,20160520,000000,931.96,931.96,930.89,930.89,61868209,0
^_USNM,D,20160523,000000,934.74,938.55,934.74,938.55,60902571,0
^_USNM,D,20160524,000000,938.81,938.81,937.46,937.46,78516212,0
^_USNM,D,20160525,000000,937.02,943.44,937.02,943.44,84310455,0
^_USNM,D,20160526,000000,945.21,945.21,942.49,942.49,66989062,0
^_USNM,D,20160527,000000,943.3,943.3,937.82,937.82,68496803,0
^_USNM,D,20160531,000000,938.06,940.7,938.06,940.7,99278497,0
^_USNM,D,20160601,000000,938.97,941.12,938.97,941.12,70817011,0
^_USNM,D,20160602,000000,939.78,939.78,939.77,939.77,72819721,0
^_USNM,D,20160603,000000,945.71,946.27,945.71,946.27,201378720,0
^_USNM,D,20160606,000000,953.69,959.57,953.69,959.57,121357231,0
^_USNM,D,20160607,000000,960.21,962.55,960.21,962.55,93749764,0
^_USNM,D,20160608,000000,969.01,971.59,969.01,971.59,124432325,0
^_USNM,D,20160609,000000,971.1,971.65,971.1,971.65,106202407,0
^_USNM,D,20160610,000000,967.81,967.81,961.87,961.87,118058957,0
^_USNM,D,20160613,000000,962.73,962.73,953.57,953.57,106803884,0
^_USNM,D,20160614,000000,953.65,953.65,947.86,947.86,87854371,0
^_USNM,D,20160615,000000,949.07,953.89,949.07,953.89,92050553,0
^_USNM,D,20160616,000000,951.11,951.11,945.15,945.15,128887666,0
^_USNM,D,20160617,000000,949.04,949.04,946.87,946.87,153211925,0
^_USNM,D,20160620,000000,951.51,954.09,951.51,954.09,97867519,0
^_USNM,D,20160621,000000,952.23,952.23,950.67,950.67,88821302,0
^_USNM,D,20160622,000000,950.56,950.56,947.86,947.86,76426311,0
^_USNM,D,20160623,000000,952.17,953.72,952.17,953.72,77838319,0
^_USNM,D,20160624,000000,937.94,941.5,937.94,941.5,278311681,0
^_USNM,D,20160627,000000,936.67,936.67,924.7,924.7,115158007,0
^_USNM,D,20160628,000000,933.93,940.36,933.93,940.36,91070462,0
^_USNM,D,20160629,000000,947.5,950.26,947.5,950.26,101768494,0
^_USNM,D,20160630,000000,949.27,949.35,949.27,949.35,109612841,0
^_USNM,D,20160701,000000,955.74,962.07,955.74,962.07,107225260,0
^_USNM,D,20160705,000000,962.07,962.33,962.07,962.33,126757936,0
^_USNM,D,20160706,000000,966.88,968.85,966.88,968.85,133341194,0
^_USNM,D,20160707,000000,970.55,970.55,964,964,110810252,0
^_USNM,D,20160708,000000,968.99,980.24,968.99,980.24,121717843,0
^_USNM,D,20160711,000000,981.73,983.69,981.73,983.69,109663505,0
^_USNM,D,20160712,000000,984.51,986.81,984.51,986.81,114824739,0
^_USNM,D,20160713,000000,988.92,988.92,985.44,985.44,91444280,0
^_USNM,D,20160714,000000,985.3,985.3,984.69,984.69,101160102,0
^_USNM,D,20160715,000000,985.35,986.26,985.35,986.26,84125267,0
^_USNM,D,20160718,000000,988.61,988.61,986.85,986.85,85323974,0
^_USNM,D,20160719,000000,987.17,987.17,982.37,982.37,76766397,0
^_USNM,D,20160720,000000,981.15,981.15,980.64,980.64,84484269,0
^_USNM,D,20160721,000000,982.07,982.07,981.05,981.05,78511536,0
^_USNM,D,20160722,000000,982.5,988.72,982.5,988.72,89599033,0
^_USNM,D,20160725,000000,988.2,988.2,977.15,977.15,88313070,0
^_USNM,D,20160726,000000,976.91,979.13,976.91,979.13,89415904,0
^_USNM,D,20160727,000000,981.95,984.61,981.95,984.61,88078535,0
^_USNM,D,20160728,000000,987.09,987.09,985.84,985.84,82975000,0
^_USNM,D,20160729,000000,986.67,987.3,986.67,987.3,96893891,0
^_USNM,D,20160801,000000,986.12,987.72,986.12,987.72,88537577,0
^_USNM,D,20160802,000000,990.95,990.95,980.66,980.66,110396441,0
^_USNM,D,20160803,000000,979.68,988.26,979.68,988.26,88852145,0
^_USNM,D,20160804,000000,988.06,990.5,988.06,990.5,86637496,0
^_USNM,D,20160805,000000,988.41,993.49,988.41,993.49,92919270,0
^_USNM,D,20160808,000000,998.01,998.66,998.01,998.66,92813549,0
^_USNM,D,20160809,000000,1000.98,1000.98,999.31,999.31,85812611,0
^_USNM,D,20160810,000000,1003.66,1003.66,997.78,997.78,89835949,0
^_USNM,D,20160811,000000,1002.05,1002.55,1002.05,1002.55,105527512,0
^_USNM,D,20160812,000000,1004.74,1004.74,1001.84,1001.84,112629915,0
^_USNM,D,20160815,000000,1004.76,1006.8,1004.76,1006.8,87255629,0
^_USNM,D,20160816,000000,1004.72,1004.72,1002.86,1002.86,84993900,0
^_USNM,D,20160817,000000,1002.84,1002.84,1001.31,1001.31,95143085,0
^_USNM,D,20160818,000000,1004,1007.33,1004,1007.33,80036517,0
^_USNM,D,20160819,000000,1005.09,1005.09,1003.61,1003.61,82611863,0
^_USNM,D,20160822,000000,1003.72,1003.72,1003.68,1003.68,80492906,0
^_USNM,D,20160823,000000,1003.62,1003.62,1002.79,1002.79,74291498,0
^_USNM,D,20160824,000000,1001.73,1001.73,990.64,990.64,94634066,0
^_USNM,D,20160825,000000,990.27,990.78,990.27,990.78,78775793,0
^_USNM,D,20160826,000000,994.41,994.41,989.03,989.03,89842589,0
^_USNM,D,20160829,000000,990.33,992.03,990.33,992.03,71305919,0
^_USNM,D,20160830,000000,993.15,993.15,986.55,986.55,80983256,0
^_USNM,D,20160831,000000,985.88,985.88,983.41,983.41,100819186,0
^_USNM,D,20160901,000000,983.25,985.24,983.25,985.24,96081422,0
^_USNM,D,20160902,000000,988.57,993.75,988.57,993.75,86497665,0
^_USNM,D,20160906,000000,1001.64,1009.11,1001.64,1009.11,136916612,0
^_USNM,D,20160907,000000,1008.51,1008.51,1005.69,1005.69,116403706,0
^_USNM,D,20160908,000000,1008.81,1014.82,1008.81,1014.82,98934312,0
^_USNM,D,20160909,000000,1010.86,1010.86,993.09,993.09,138592882,0
^_USNM,D,20160912,000000,993.25,1000.66,993.25,1000.66,120185554,0
^_USNM,D,20160913,000000,996.37,996.37,984.03,984.03,106570798,0
^_USNM,D,20160914,000000,986.26,986.42,986.26,986.42,94937778,0
^_USNM,D,20160915,000000,986.39,989.27,986.39,989.27,97427702,0
^_USNM,D,20160916,000000,988.75,989.77,988.75,989.77,242655997,0
^_USNM,D,20160919,000000,995.74,996.48,995.74,996.48,69891818,0
^_USNM,D,20160920,000000,998.75,998.75,994.52,994.52,70172400,0
^_USNM,D,20160921,000000,995.2,1000.53,995.2,1000.53,215191209,0
^_USNM,D,20160922,000000,1004.55,1004.55,1001.01,1001.01,137332312,0
^_USNM,D,20160923,000000,1001.32,1001.32,998.03,998.03,98567309,0
^_USNM,D,20160926,000000,998.64,998.64,993.84,993.84,89359992,0
^_USNM,D,20160927,000000,991.4,991.4,988.03,988.03,107068061,0
^_USNM,D,20160928,000000,989.93,993.23,989.93,993.23,99260951,0
^_USNM,D,20160929,000000,993.89,993.89,991.85,991.85,103315940,0
^_USNM,D,20160930,000000,997.58,997.58,996.89,996.89,117876096,0
^_USNM,D,20161003,000000,997,997,994.83,994.83,80767652,0
^_USNM,D,20161004,000000,992.86,992.86,979.37,979.37,113660351,0
^_USNM,D,20161005,000000,980.44,980.56,980.44,980.56,97236209,0
^_USNM,D,20161006,000000,979.06,979.06,974.39,974.39,88103159,0
^_USNM,D,20161007,000000,977.28,977.28,976.16,976.16,88147970,0
^_USNM,D,20161010,000000,977.9,978.43,977.9,978.43,62586210,0
^_USNM,D,20161011,000000,979.71,979.71,968.8,968.8,76951445,0
^_USNM,D,20161012,000000,970.07,970.07,969.93,969.93,84140715,0
^_USNM,D,20161013,000000,967.68,967.68,963.06,963.06,89210626,0
^_USNM,D,20161014,000000,964.86,964.86,958.02,958.02,71526656,0
^_USNM,D,20161017,000000,955.14,955.14,950.04,950.04,70377442,0
^_USNM,D,20161018,000000,954.4,955.85,954.4,955.85,77966946,0
^_USNM,D,20161019,000000,958.25,961.49,958.25,961.49,83687617,0
^_USNM,D,20161020,000000,962.51,962.51,960.25,960.25,76229562,0
^_USNM,D,20161021,000000,959.85,959.85,958.43,958.43,80675238,0
^_USNM,D,20161024,000000,960.38,960.38,953.89,953.89,74248238,0
^_USNM,D,20161025,000000,954.07,954.07,953.31,953.31,88158799,0
^_USNM,D,20161026,000000,951.86,951.86,944.56,944.56,78350122,0
^_USNM,D,20161027,000000,945.19,945.19,935.46,935.46,70252369,0
^_USNM,D,20161028,000000,935.75,935.75,933.08,933.08,87389506,0
^_USNM,D,20161031,000000,933.41,933.41,929.42,929.42,73642498,0
^_USNM,D,20161101,000000,932.39,932.39,928.92,928.92,105114824,0
^_USNM,D,20161102,000000,930.85,930.85,919.7,919.7,130272020,0
^_USNM,D,20161103,000000,918.49,918.49,909.98,909.98,88863362,0
^_USNM,D,20161104,000000,911.89,911.89,911.49,911.49,93401142,0
^_USNM,D,20161107,000000,915.94,921.94,915.94,921.94,83431725,0
^_USNM,D,20161108,000000,920.43,922.7,920.43,922.7,73814313,0
^_USNM,D,20161109,000000,919.29,934.58,919.29,934.58,117280808,0
^_USNM,D,20161110,000000,934.82,934.82,931.01,931.01,144069859,0
^_USNM,D,20161111,000000,932.41,933.15,932.41,933.15,132451042,0
^_USNM,D,20161114,000000,933.46,933.46,931.92,931.92,112641088,0
^_USNM,D,20161115,000000,934.25,939.84,934.25,939.84,110954360,0
^_USNM,D,20161116,000000,942.81,942.81,938.9,938.9,94393649,0
^_USNM,D,20161117,000000,937.13,937.43,937.13,937.43,110924866,0
^_USNM,D,20161118,000000,937.7,942.31,937.7,942.31,117934936,0
^_USNM,D,20161121,000000,948.34,952.79,948.34,952.79,146841685,0
^_USNM,D,20161122,000000,953.31,954.64,953.31,954.64,137003361,0
^_USNM,D,20161123,000000,950.61,950.7,950.61,950.7,110582315,0
^_USNM,D,20161125,000000,951.96,954.76,951.96,954.76,55291655,0
^_USNM,D,20161128,000000,956.75,956.75,946.92,946.92,95690636,0
^_USNM,D,20161129,000000,944.42,944.42,943.9,943.9,103831865,0
^_USNM,D,20161130,000000,948.09,948.09,944.63,944.63,139102978,0
^_USNM,D,20161201,000000,944.83,944.83,937.27,937.27,132241053,0
^_USNM,D,20161202,000000,935.37,935.37,933.74,933.74,116939330,0
^_USNM,D,20161205,000000,937.15,942.13,937.15,942.13,126488939,0
^_USNM,D,20161206,000000,943.87,947.2,943.87,947.2,134739592,0
^_USNM,D,20161207,000000,949.1,952.89,949.1,952.89,134167484,0
^_USNM,D,20161208,000000,955.86,959.15,955.86,959.15,163178775,0
^_USNM,D,20161209,000000,963.94,963.94,962.73,962.73,177778765,0
^_USNM,D,20161212,000000,967.11,967.11,959.21,959.21,155505349,0
^_USNM,D,20161213,000000,958.84,958.84,956.42,956.42,137128651,0
^_USNM,D,20161214,000000,958.73,958.73,945.15,945.15,149493745,0
^_USNM,D,20161215,000000,941.52,941.52,940.72,940.72,149359097,0
^_USNM,D,20161216,000000,941.91,944.48,941.91,944.48,225957367,0
^_USNM,D,20161219,000000,945.63,945.63,944.82,944.82,141968783,0
^_USNM,D,20161220,000000,944.17,949.08,944.17,949.08,116033446,0
^_USNM,D,20161221,000000,949.3,949.3,948.14,948.14,94178798,0
^_USNM,D,20161222,000000,948.94,948.94,947.54,947.54,116022170,0
^_USNM,D,20161223,000000,944.94,953.23,944.94,953.23,103027477,0
^_USNM,D,20161227,000000,955.09,955.09,953.98,953.98,110475856,0
^_USNM,D,20161228,000000,953.3,953.3,950,950,112195062,0
^_USNM,D,20161229,000000,952.17,954.51,952.17,954.51,124808631,0
^_USNM,D,20161230,000000,954.7,954.7,952.38,952.38,138863564,0
^_USNM,D,20170103,000000,958.42,962.5,958.42,962.5,141760921,0
^_USNM,D,20170104,000000,968.85,971.42,968.85,971.42,126734185,0
^_USNM,D,20170105,000000,977.05,977.05,976.87,976.87,141442329,0
^_USNM,D,20170106,000000,979.51,979.51,977.18,977.18,140181795,0
^_USNM,D,20170109,000000,982.54,982.54,977.57,977.57,230570657,0
^_USNM,D,20170110,000000,981.75,984.81,981.75,984.81,163159506,0
^_USNM,D,20170111,000000,989.08,989.08,986.65,986.65,156333653,0
^_USNM,D,20170112,000000,990.53,990.53,982.25,982.25,128975475,0
^_USNM,D,20170113,000000,985.7,988.73,985.7,988.73,114108851,0
^_USNM,D,20170117,000000,994.38,994.38,986.22,986.22,170266674,0
^_USNM,D,20170118,000000,987.05,987.05,981.91,981.91,131382849,0
^_USNM,D,20170119,000000,980.96,980.96,979.04,979.04,137887187,0
^_USNM,D,20170120,000000,980.45,984.21,980.45,984.21,116268659,0
^_USNM,D,20170123,000000,985.47,985.47,983.72,983.72,124132675,0
^_USNM,D,20170124,000000,986.9,991.32,986.9,991.32,177319926,0
^_USNM,D,20170125,000000,993.55,996.31,993.55,996.31,147578025,0
^_USNM,D,20170126,000000,995.5,995.5,991.76,991.76,121334605,0
^_USNM,D,20170127,000000,993.8,994.65,993.8,994.65,114093518,0
^_USNM,D,20170130,000000,994.33,994.33,984.67,984.67,143980006,0
^_USNM,D,20170131,000000,986.94,986.94,986.53,986.53,175017746,0
^_USNM,D,20170201,000000,988.34,988.34,983.55,983.55,128587688,0
^_USNM,D,20170202,000000,985.17,985.17,984.5,984.5,119895165,0
^_USNM,D,20170203,000000,989.32,994.21,989.32,994.21,126309954,0
^_USNM,D,20170206,000000,998.17,998.17,997.85,997.85,156050176,0
^_USNM,D,20170207,000000,1000.17,1000.17,1000.07,1000.07,197622618,0
^_USNM,D,20170208,000000,1002.69,1002.69,997.01,997.01,143883031,0
^_USNM,D,20170209,000000,998.65,1000.04,998.65,1000.04,128816821,0
^_USNM,D,20170210,000000,1002.32,1008.38,1002.32,1008.38,148831996,0
^_USNM,D,20170213,000000,1011.5,1011.5,1011.43,1011.43,161468027,0
^_USNM,D,20170214,000000,1012.4,1012.4,1004.55,1011.08,212697159,0
^_USNM,D,20170215,000000,1011.12,1011.12,1007.03,1010.39,116834688,0
^_USNM,D,20170216,000000,1010.49,1012.29,1007.01,1007.01,127481559,0
^_USNM,D,20170217,000000,1007.28,1008.76,1002.21,1005.73,136322291,0
^_USNM,D,20170221,000000,1007.72,1008.79,1003.27,1006.59,141006257,0
^_USNM,D,20170222,000000,1006.75,1006.75,994.49,996.58,125903270,0
^_USNM,D,20170223,000000,999.5,1001.78,994.47,995.71,173867754,0
^_USNM,D,20170224,000000,995.72,996.16,989.23,991.12,131074549,0
^_USNM,D,20170227,000000,991.63,996.92,990.68,995.2,135283236,0
^_USNM,D,20170228,000000,997.85,997.85,983.97,984.23,129775960,0
^_USNM,D,20170301,000000,984.28,994.7,984.28,990.72,131617266,0
^_USNM,D,20170302,000000,990.37,990.43,980.76,982.03,126095111,0
^_USNM,D,20170303,000000,982.02,984.32,977.51,982.41,123426062,0
^_USNM,D,20170306,000000,982.45,982.78,970.69,972.47,112149718,0
^_USNM,D,20170307,000000,971.97,973.53,964.39,965.48,123302128,0
^_USNM,D,20170308,000000,964.85,968.51,961.97,962.13,125257419,0
^_USNM,D,20170309,000000,961.27,961.92,952.02,952.83,117679524,0
^_USNM,D,20170310,000000,953.07,957.4,952.07,952.07,130753658,0
^_USNM,D,20170313,000000,951.71,959.43,951.18,958.11,140414640,0
^_USNM,D,20170314,000000,957.27,957.27,947.46,949.04,150111026,0
^_USNM,D,20170315,000000,951.77,963.24,951.7,960.58,166784504,0
^_USNM,D,20170316,000000,960.67,964.66,960.67,962.8,106175848,0
^_USNM,D,20170317,000000,963.05,966.94,962.37,965.16,184636191,0
^_USNM,D,20170320,000000,965.13,967.92,962.39,967.92,101364253,0
^_USNM,D,20170321,000000,968.21,970.84,955.79,956.05,123397013,0
^_USNM,D,20170322,000000,954.49,954.56,947.04,947.7,85275478,0
^_USNM,D,20170323,000000,947.71,950.7,947.11,950.67,96627588,0
^_USNM,D,20170324,000000,950.59,951.69,947.44,949.52,75851084,0
^_USNM,D,20170327,000000,948.78,955.19,948.78,955.15,94948819,0
^_USNM,D,20170328,000000,956.41,957.99,954.02,954.98,109316779,0
^_USNM,D,20170329,000000,954.9,961.57,953.75,960.81,83901922,0
^_USNM,D,20170330,000000,960.08,961.33,958.15,959.31,83309073,0
^_USNM,D,20170331,000000,959.99,965.9,959.25,964.71,87127934,0
^_USNM,D,20170403,000000,965.5,967.22,959.9,960.03,104232874,0
^_USNM,D,20170404,000000,960.09,964.54,958.77,958.77,118646339,0
^_USNM,D,20170405,000000,959.27,966.24,957.67,957.67,118667668,0
^_USNM,D,20170406,000000,958.21,958.7,953.78,958.37,75852646,0
^_USNM,D,20170407,000000,958.16,960.97,955.32,957.37,95568169,0
^_USNM,D,20170410,000000,960.1,966.75,958.78,964.57,119874490,0
^_USNM,D,20170411,000000,965.51,969.16,962.57,965.21,113231348,0
^_USNM,D,20170412,000000,966.06,967.8,961.88,963.54,131876582,0
^_USNM,D,20170413,000000,962.67,963.99,959.36,960.06,145472467,0
^_USNM,D,20170417,000000,960.15,963.21,957.15,959.05,113187387,0
^_USNM,D,20170418,000000,959.12,959.48,953.88,953.93,103499070,0
^_USNM,D,20170419,000000,953.38,955.17,946.92,948.48,126083298,0
^_USNM,D,20170420,000000,949.2,950.96,948.67,949.63,93404391,0
^_USNM,D,20170421,000000,949.89,950.68,945.56,946.36,87011199,0
^_USNM,D,20170424,000000,947.37,949.84,944.4,945.09,95989274,0
^_USNM,D,20170425,000000,945.78,954.52,945.78,953.4,145200155,0
^_USNM,D,20170426,000000,952.96,963.31,941.21,959.19,382189,0
^_USNM,D,20170427,000000,959.24,972.39,958.66,970.96,362550,0
^_USNM,D,20170428,000000,970.96,980.46,970.65,974.72,506983,0
^_USNM,D,20170501,000000,975.48,984.75,975.48,983.82,6333610,0
^_USNM,D,20170502,000000,984.02,987.03,981.99,983.86,322140,0
^_USNM,D,20170503,000000,984.71,984.71,976.02,977.4,59268697,0
^_USNM,D,20170504,000000,975.31,976.93,961.42,962.79,73878272,0
^_USNM,D,20170505,000000,966.84,971.46,966.57,971.46,93057056,0
^_USNM,D,20170508,000000,972.38,974.75,971.35,974.62,107869192,0
^_USNM,D,20170509,000000,973.99,974.6,970.3,973.34,100889343,0
^_USNM,D,20170510,000000,973.54,976.43,972.09,974.21,103583852,0
^_USNM,D,20170511,000000,974.22,977.59,973.01,975.91,106377722,0
^_USNM,D,20170512,000000,976.84,977.41,973.93,975.41,163025841,0
^_USNM,D,20170515,000000,975.68,979.99,974.4,979.45,110125117,0
^_USNM,D,20170516,000000,979.77,980.71,971.06,972.83,90230566,0
^_USNM,D,20170517,000000,972.93,972.93,959.63,959.79,110697797,0
^_USNM,D,20170518,000000,959.46,959.46,952.95,954.05,88709371,0
^_USNM,D,20170519,000000,955.97,961.24,955.32,961.24,95391116,0
^_USNM,D,20170522,000000,961.51,966.14,961.51,965.94,83038999,0
^_USNM,D,20170523,000000,966.73,967.52,959.78,961.19,98018792,0
^_USNM,D,20170524,000000,961.87,962.61,956.56,960.6,112905125,0
^_USNM,D,20170525,000000,960.79,963.22,956.31,958.46,89404970,0
^_USNM,D,20170526,000000,966.01,967.01,962.69,965.31,75168377,0
^_USNM,D,20170530,000000,965.23,965.85,955.1,955.52,69318307,0
^_USNM,D,20170531,000000,955.86,957.95,947.9,952.29,95738969,0
^_USNM,D,20170601,000000,953.17,959.58,951.65,953.46,96444420,0
^_USNM,D,20170602,000000,953.85,962.58,953.85,961.21,83018853,0
^_USNM,D,20170605,000000,961.79,970.94,961.79,966.73,102972487,0
^_USNM,D,20170606,000000,966.69,969.61,964.36,968.78,120574698,0
^_USNM,D,20170607,000000,968.05,971.16,962.79,966.6,95406692,0
^_USNM,D,20170608,000000,966.56,968.86,964.63,967.62,102497194,0
^_USNM,D,20170609,000000,968.09,969.38,964.21,966.68,90659558,0
^_USNM,D,20170612,000000,966.93,967.58,962.72,963.32,91055838,0
^_USNM,D,20170613,000000,963.64,970.14,963.13,970.14,94973956,0
^_USNM,D,20170614,000000,971.73,972.3,958.11,960.8,112323293,0
^_USNM,D,20170615,000000,959.32,960.38,954.56,956.87,89139278,0
^_USNM,D,20170616,000000,956.58,957.36,952.34,952.34,251117880,0
^_USNM,D,20170619,000000,954.11,957.86,953.76,956.8,84042329,0
^_USNM,D,20170620,000000,955.52,955.52,948.84,951.05,80464601,0
^_USNM,D,20170621,000000,951,954.4,947.53,947.73,79583780,0
^_USNM,D,20170622,000000,948.39,957.01,948.15,955.63,86012481,0
^_USNM,D,20170623,000000,955.7,959.98,953.94,959.35,171891485,0
^_USNM,D,20170626,000000,957.8,964.3,957.8,962.89,85335407,0
^_USNM,D,20170627,000000,963.61,966.13,956.6,957.15,88099325,0
^_USNM,D,20170628,000000,959.56,964.06,957.68,960.98,78391018,0
^_USNM,D,20170629,000000,961.62,961.97,953.7,956.83,91763362,0
^_USNM,D,20170630,000000,956.93,961.63,956.18,959.79,86710981,0
^_USNM,D,20170703,000000,960.07,962.37,959.41,961.76,42446570,0
^_USNM,D,20170705,000000,961.31,962.5,957.34,957.55,85803075,0
^_USNM,D,20170706,000000,957.74,958.35,951.86,952.65,99644166,0
^_USNM,D,20170707,000000,952.89,953.28,947.68,951.69,89258841,0
^_USNM,D,20170710,000000,952.26,959.42,951.26,959.23,122452593,0
^_USNM,D,20170711,000000,959.29,962.4,957.14,958.92,105065627,0
^_USNM,D,20170712,000000,960.19,965.84,960.19,964.05,90332428,0
^_USNM,D,20170713,000000,964.02,964.74,959.6,961.3,79140165,0
^_USNM,D,20170714,000000,961.56,965.22,961.56,965.15,68394154,0
^_USNM,D,20170717,000000,965.81,967.67,964.85,967.37,90231641,0
^_USNM,D,20170718,000000,965.71,966.52,958.69,960.04,96945772,0
^_USNM,D,20170719,000000,960.7,964.66,959.79,963.23,82238831,0
^_USNM,D,20170720,000000,963.27,966.02,961.91,963.56,69245868,0
^_USNM,D,20170721,000000,963.59,965.55,958.79,960.16,71367767,0
^_USNM,D,20170724,000000,959.71,960.53,952.77,952.77,92159055,0
^_USNM,D,20170725,000000,955.76,964.15,955.4,956.13,156123706,0
^_USNM,D,20170726,000000,959.55,963.22,956.89,962.99,96284749,0
^_USNM,D,20170727,000000,961.66,962.67,954.1,955.33,85525905,0
^_USNM,D,20170728,000000,952.87,958.32,952.87,958.32,101202845,0
^_USNM,D,20170731,000000,959.58,959.58,950.84,951.24,96004731,0
^_USNM,D,20170801,000000,952.12,954.8,947.9,949.2,106816606,0
^_USNM,D,20170802,000000,948.96,949.53,944.08,944.72,91050967,0
^_USNM,D,20170803,000000,944.87,946.46,938.56,940.35,82878689,0
^_USNM,D,20170804,000000,938.97,938.97,929.86,937.53,117141155,0
^_USNM,D,20170807,000000,936.16,937.18,932.31,934.59,98641784,0
^_USNM,D,20170808,000000,934.5,934.5,926.65,928.03,89656773,0
^_USNM,D,20170809,000000,930.54,932.33,922.97,922.98,96309077,0
^_USNM,D,20170810,000000,922.97,925.12,914.78,915.39,103963986,0
^_USNM,D,20170811,000000,916.87,917.26,912.28,913.95,76155184,0
^_USNM,D,20170814,000000,918.8,923.76,917.81,923.76,69853780,0
^_USNM,D,20170815,000000,921.47,921.98,912.8,912.81,62184683,0
^_USNM,D,20170816,000000,913.04,914.77,909.81,912.81,68324333,0
^_USNM,D,20170817,000000,912.72,917.04,907.99,908.97,76576893,0
^_USNM,D,20170818,000000,908.82,910,905.1,910,71221528,0
^_USNM,D,20170821,000000,909.78,909.84,904.31,905.53,64462345,0
^_USNM,D,20170822,000000,905.58,908.66,902.93,903.2,76778470,0
^_USNM,D,20170823,000000,903.4,905.08,901.48,904.37,77937925,0
^_USNM,D,20170824,000000,904.39,905.18,901.98,904.74,64180679,0
^_USNM,D,20170825,000000,905.16,907.56,903.62,905.47,64212249,0
^_USNM,D,20170828,000000,908.63,910.22,895.14,899.07,86214560,0
^_USNM,D,20170829,000000,899.89,909.11,899.89,904.34,88893955,0
^_USNM,D,20170830,000000,903.58,905.81,901.29,905.58,67677532,0
^_USNM,D,20170831,000000,905.92,916.5,905.92,909.61,74122124,0
^_USNM,D,20170901,000000,913.18,917.44,913.11,916.49,64482047,0
^_USNM,D,20170905,000000,921.09,921.98,914.62,915.25,103864076,0
^_USNM,D,20170906,000000,915.21,920.72,915.21,919.34,100855109,0
^_USNM,D,20170907,000000,919.31,922.68,918.28,922.68,100320063,0
^_USNM,D,20170908,000000,922.57,922.57,914.18,917.72,90567503,0
^_USNM,D,20170911,000000,917.93,922.27,917.93,920.28,89665976,0
^_USNM,D,20170912,000000,920,923.45,919.25,923.04,82963157,0
^_USNM,D,20170913,000000,922.45,924.33,921.56,924.14,99685126,0
^_USNM,D,20170914,000000,924.22,924.94,922.12,923.52,91373422,0
^_USNM,D,20170915,000000,925.57,925.57,922.23,922.69,128439537,0
^_USNM,D,20170918,000000,922.53,924.56,918.69,923.82,95767534,0
^_USNM,D,20170919,000000,925.15,925.25,921.02,922.75,82731430,0
^_USNM,D,20170920,000000,922.92,926.34,917.73,918.87,98614027,0
^_USNM,D,20170921,000000,919.08,919.59,915.81,916.66,74695569,0
^_USNM,D,20170922,000000,918.22,922.47,917.19,922.46,73755332,0
^_USNM,D,20170925,000000,921.08,921.94,918.27,918.28,103928754,0
^_USNM,D,20170926,000000,918.6,921.24,917.04,918.91,103614314,0
^_USNM,D,20170927,000000,922.03,923.93,917.56,922.64,86111313,0
^_USNM,D,20170928,000000,922.56,923.64,921.09,922.97,81151936,0
^_USNM,D,20170929,000000,923.14,923.66,919.14,920.93,87064429,0
^_USNM,D,20171002,000000,921.49,927.65,921.49,925.29,101408643,0
^_USNM,D,20171003,000000,925.36,926.23,922.09,922.1,97900920,0
^_USNM,D,20171004,000000,922.82,924.13,919.55,920.36,94082986,0
^_USNM,D,20171005,000000,920.43,922.21,920.17,921.73,120693721,0
^_USNM,D,20171006,000000,923.04,929.59,919.42,929.59,136430701,0
^_USNM,D,20171009,000000,930.73,931.86,925.23,927.72,94167522,0
^_USNM,D,20171010,000000,929.09,930.08,926.24,927.61,94034654,0
^_USNM,D,20171011,000000,928.75,928.78,924.4,925.5,101526884,0
^_USNM,D,20171012,000000,926.14,926.58,920.04,920.04,93015383,0
^_USNM,D,20171013,000000,920.86,922.83,917,918.06,86247542,0
^_USNM,D,20171016,000000,918.13,921.47,913.04,914.61,177143602,0
^_USNM,D,20171017,000000,914.75,920.77,913.49,915.55,214908951,0
^_USNM,D,20171018,000000,916.62,917.46,909.54,911.36,139372542,0
^_USNM,D,20171019,000000,911,911,903.71,907.18,98304157,0
^_USNM,D,20171020,000000,907.21,908.97,902.56,903.43,124095945,0
^_USNM,D,20171023,000000,903.19,903.41,894.64,894.97,96838164,0
^_USNM,D,20171024,000000,894.86,897.78,894.15,895.98,93168502,0
^_USNM,D,20171025,000000,896.57,898.38,889.92,891.32,112853423,0
^_USNM,D,20171026,000000,891.24,892.12,888.22,890.56,97312883,0
^_USNM,D,20171027,000000,890.69,894.76,889.41,894.76,111399439,0
^_USNM,D,20171030,000000,895.46,895.46,891.97,893.57,112319899,0
^_USNM,D,20171031,000000,891.77,895.17,890.43,895.16,119762923,0
^_USNM,D,20171101,000000,896.56,896.56,888.41,891.03,91368252,0
^_USNM,D,20171102,000000,887.9,892.63,887.69,892.63,115800110,0
^_USNM,D,20171103,000000,890.59,890.66,886.83,887.52,98066442,0
^_USNM,D,20171106,000000,887.54,894.2,887.23,894.11,100184343,0
^_USNM,D,20171107,000000,895.39,895.67,889.5,890.95,107414708,0
^_USNM,D,20171108,000000,891.9,892.42,887.42,888.18,165737310,0
^_USNM,D,20171109,000000,888.19,891.16,885.29,891.16,147149257,0
^_USNM,D,20171110,000000,891.75,895.03,887.04,887.04,125983523,0
^_USNM,D,20171113,000000,884.3,886.81,878.88,880.74,110116322,0
^_USNM,D,20171114,000000,878.62,878.62,867.11,870.36,125213294,0
^_USNM,D,20171115,000000,870.67,870.67,863.61,865.62,92478429,0
^_USNM,D,20171116,000000,867.07,874.71,866.53,873.79,86534548,0
^_USNM,D,20171117,000000,874.01,880.35,873.88,876.57,92208894,0
^_USNM,D,20171120,000000,877.91,877.91,875.33,876.63,85441314,0
^_USNM,D,20171121,000000,879.34,882.4,877.23,879.35,100808893,0
^_USNM,D,20171122,000000,879.69,883.75,879.16,881.23,91720256,0
^_USNM,D,20171124,000000,880.52,883.27,877.85,883.27,62483755,0
^_USNM,D,20171127,000000,884.01,887.39,880.53,880.72,167818707,0
^_USNM,D,20171128,000000,880.74,880.74,874.68,877.16,128601294,0
^_USNM,D,20171129,000000,877.19,879.31,872.61,876.27,123446878,0
^_USNM,D,20171130,000000,876.65,877.22,873.52,874.17,129190246,0
^_USNM,D,20171201,000000,875.26,880.2,871.74,875.83,132093184,0
^_USNM,D,20171204,000000,882.17,884.26,880,881.01,152682697,0
^_USNM,D,20171205,000000,880.07,880.15,873.44,875.69,164767521,0
^_USNM,D,20171206,000000,872.96,872.96,861.69,863.13,182507059,0
^_USNM,D,20171207,000000,862.68,864.88,861.02,864.67,159123649,0
^_USNM,D,20171208,000000,865.08,867.42,863.38,865.58,134231507,0
^_USNM,D,20171211,000000,865.29,867.09,863.2,864.98,133233681,0
^_USNM,D,20171212,000000,865.09,868.49,864.13,865.27,132281760,0
^_USNM,D,20171213,000000,863.71,868.52,863.49,866.36,155572625,0
^_USNM,D,20171214,000000,866.77,875.37,866.77,868.43,184460344,0
^_USNM,D,20171215,000000,869.53,871.26,866.94,867.25,183390846,0
^_USNM,D,20171218,000000,867.25,875.48,867.25,875.28,197078007,0
^_USNM,D,20171219,000000,875.09,877.35,873.32,875.17,168246477,0
^_USNM,D,20171220,000000,875.14,878.34,872.24,876.51,132829995,0
^_USNM,D,20171221,000000,875.84,880.96,873.15,880.53,130598390,0
^_USNM,D,20171222,000000,878.82,882.1,877.62,881.81,107611216,0
^_USNM,D,20171226,000000,881.62,891.57,881.62,888.81,142634970,0
^_USNM,D,20171227,000000,889.22,891.79,886.76,887.67,132383426,0
^_USNM,D,20171228,000000,887.85,889.99,887.13,889,124351318,0
^_USNM,D,20171229,000000,887.72,889.78,885.83,886.62,138905470,0
^_USNM,D,20180102,000000,887.49,899.43,887.49,896.02,145113133,0
^_USNM,D,20180103,000000,898.75,903.06,898.2,903.04,179222931,0
^_USNM,D,20180104,000000,903.15,908.59,903.15,906.6,151837459,0
^_USNM,D,20180105,000000,912.04,914.64,910.76,913.96,152385327,0
^_USNM,D,20180108,000000,914.39,917.2,910.28,916.38,193198177,0
^_USNM,D,20180109,000000,916.42,919.44,911.02,912.22,203494128,0
^_USNM,D,20180110,000000,909.56,911.98,908.16,909.66,171248406,0
^_USNM,D,20180111,000000,910.91,921.31,910.3,921.31,141412307,0
^_USNM,D,20180112,000000,921.82,922.06,918.69,921.95,118682610,0
^_USNM,D,20180116,000000,925.59,927.52,917.61,921.62,139978504,0
^_USNM,D,20180117,000000,922.07,923.14,915.54,916.79,135016868,0
^_USNM,D,20180118,000000,917.29,919.47,912.02,915.07,114595767,0
^_USNM,D,20180119,000000,908.97,918.66,908.37,917.54,121918947,0
^_USNM,D,20180122,000000,916.16,925.68,916.16,921.05,113704248,0
^_USNM,D,20180123,000000,920.41,923.29,918.87,923,124543108,0
^_USNM,D,20180124,000000,927.67,928.53,923.09,924.07,125235134,0
^_USNM,D,20180125,000000,926.35,927.4,919.47,920.77,125699615,0
^_USNM,D,20180126,000000,920.69,921.66,919.31,921.64,114711252,0
^_USNM,D,20180129,000000,921.6,921.6,909.92,910.07,137562411,0
^_USNM,D,20180130,000000,908.05,908.53,900.54,900.98,153609293,0
^_USNM,D,20180131,000000,903.47,903.92,897.31,897.31,138866859,0
^_USNM,D,20180201,000000,897.81,900.52,894.36,895.36,160096887,0
^_USNM,D,20180202,000000,895.21,895.21,877.01,877.87,171008702,0
^_USNM,D,20180205,000000,877.49,877.49,860.48,860.48,168365636,0
^_USNM,D,20180206,000000,855.26,862.19,851.39,861.62,126618412,0
^_USNM,D,20180207,000000,863.42,865.63,860.6,862.03,118741648,0
^_USNM,D,20180208,000000,862.01,863.81,850.11,850.11,94414434,0
^_USNM,D,20180209,000000,850.11,853.08,831.33,842.36,123437897,0
^_USNM,D,20180212,000000,845.42,855.86,845.42,852.39,113095130,0
^_USNM,D,20180213,000000,852.31,856.95,850.32,855.25,73857238,0
^_USNM,D,20180214,000000,855.8,865.77,854.98,864.46,115650225,0
^_USNM,D,20180215,000000,867.37,867.41,859.62,863.12,95574213,0
^_USNM,D,20180216,000000,861.97,865.41,860.24,861.17,88533393,0
^_USNM,D,20180220,000000,861.16,861.71,846.89,853.64,97923002,0
^_USNM,D,20180221,000000,853.66,857.57,850.7,851.34,89729851,0
^_USNM,D,20180222,000000,851.34,856.89,850.58,851.25,96261091,0
^_USNM,D,20180223,000000,851.34,856.76,851.34,856.76,91320953,0
^_USNM,D,20180226,000000,857.15,859.4,855.73,858.29,93252329,0
^_USNM,D,20180227,000000,858.28,858.28,849.18,849.54,138361970,0
^_USNM,D,20180228,000000,849.54,851.15,842.7,842.7,197398411,0
^_USNM,D,20180301,000000,842.73,845.87,839.99,842.87,123254081,0
^_USNM,D,20180302,000000,842.9,851.64,841.11,851.64,102438250,0
^_USNM,D,20180305,000000,849.75,853.41,847.78,851.9,101395919,0
^_USNM,D,20180306,000000,851.82,855.84,848.05,848.06,125935338,0
^_USNM,D,20180307,000000,847.88,856.42,847.25,849.32,131700150,0
^_USNM,D,20180308,000000,849.36,852.45,848.73,851.33,118359211,0
^_USNM,D,20180309,000000,851.65,855.64,850.86,854.98,114761494,0
^_USNM,D,20180312,000000,855.02,860.03,854.65,859.63,105709947,0
^_USNM,D,20180313,000000,859.69,860.94,854.16,854.33,101507479,0
^_USNM,D,20180314,000000,854.35,857.34,851.45,854.61,97523468,0
^_USNM,D,20180315,000000,854.63,855.38,850.72,852.3,123939337,0
^_USNM,D,20180316,000000,852.27,856.62,850.59,856.24,151302514,0
^_USNM,D,20180319,000000,856.22,856.62,848.89,850.14,167607050,0
^_USNM,D,20180320,000000,850.2,851.19,845.09,845.33,179343874,0
^_USNM,D,20180321,000000,845.09,854.58,844.94,854.57,159488008,0
^_USNM,D,20180322,000000,854.63,854.63,845.49,846.24,115782855,0
^_USNM,D,20180323,000000,846.4,850.11,840.4,842.4,121265947,0
^_USNM,D,20180326,000000,842.53,848.04,839.31,841.97,100804802,0
^_USNM,D,20180327,000000,842,842.89,832.32,833.06,104194371,0
^_USNM,D,20180328,000000,832.95,833.53,823.48,825.22,102630360,0
^_USNM,D,20180329,000000,825.69,833.52,825.57,831.65,95182072,0
^_USNM,D,20180402,000000,832.3,834.03,821.58,823.31,96599234,0
^_USNM,D,20180403,000000,825,826.7,821.67,823.77,92661646,0
^_USNM,D,20180404,000000,823.9,828.3,820.87,828,101921737,0
^_USNM,D,20180405,000000,828.06,834.67,828.06,834.65,92743047,0
^_USNM,D,20180406,000000,834.6,835.09,825.14,827.73,92173532,0
^_USNM,D,20180409,000000,827.93,832.7,827.01,829.56,78019015,0
^_USNM,D,20180410,000000,829.5,837.35,829.5,836.28,102167673,0
^_USNM,D,20180411,000000,836.29,841.53,836.09,840.85,88797553,0
^_USNM,D,20180412,000000,840.94,843.03,838.52,843.03,96708013,0
^_USNM,D,20180413,000000,843.47,845.56,842.13,844.61,102223715,0
^_USNM,D,20180416,000000,844.61,846.31,843.24,844.39,73559536,0
^_USNM,D,20180417,000000,845.32,850.08,844.36,849.39,86089246,0
^_USNM,D,20180418,000000,849.75,854.85,849.75,851.23,105049840,0
^_USNM,D,20180419,000000,851.25,853.37,849.51,850.4,89958914,0
^_USNM,D,20180420,000000,850.44,850.44,844.79,845.95,75544213,0
^_USNM,D,20180423,000000,846.01,848.01,839.29,840.27,78467246,0
^_USNM,D,20180424,000000,841.56,842.95,835.25,836.47,86131347,0
^_USNM,D,20180425,000000,836.4,837,830.98,832.42,90489526,0
^_USNM,D,20180426,000000,833.69,835.05,831.99,832.39,78367216,0
^_USNM,D,20180427,000000,832.42,835.16,831.36,833.69,60300261,0
^_USNM,D,20180430,000000,833.61,835.16,829.93,830.49,69808913,0
^_USNM,D,20180501,000000,830.35,831.12,825.82,830.85,66601749,0
^_USNM,D,20180502,000000,830.86,835.06,828.59,832.23,79314343,0
^_USNM,D,20180503,000000,832.42,833.2,825.73,826.94,64719341,0
^_USNM,D,20180504,000000,826.2,833.34,825.77,833.34,76142887,0
^_USNM,D,20180507,000000,834.59,837.17,833.69,835.07,79367693,0
^_USNM,D,20180508,000000,835.58,836.6,832.45,835.89,84443399,0
^_USNM,D,20180509,000000,837.23,838.4,833.52,837.17,106268576,0
^_USNM,D,20180510,000000,838.74,841.55,837.32,840.59,84598274,0
^_USNM,D,20180511,000000,840.73,842.27,838.73,841.25,84113291,0
^_USNM,D,20180514,000000,840.5,842.07,838.4,838.65,97150061,0
^_USNM,D,20180515,000000,838.2,839.05,831,833.75,89635749,0
^_USNM,D,20180516,000000,833.62,838.12,833.62,834.78,82976577,0
^_USNM,D,20180517,000000,835.21,840.74,834.78,840.21,81556284,0
^_USNM,D,20180518,000000,840.19,844.46,839.72,844.46,86800429,0
^_USNM,D,20180521,000000,844.93,848.77,843.05,844.62,94930332,0
^_USNM,D,20180522,000000,844.39,846.07,840.13,840.32,98483827,0
^_USNM,D,20180523,000000,840.24,840.68,837.65,838.97,77092433,0
^_USNM,D,20180524,000000,838.91,839.65,833.8,837.74,72107912,0
^_USNM,D,20180525,000000,837.52,838.17,832.83,836.89,77964720,0
^_USNM,D,20180529,000000,837.04,837.04,831.71,833.31,92354728,0
^_USNM,D,20180530,000000,837.37,842.16,835.93,835.93,106174399,0
^_USNM,D,20180531,000000,838.04,839.08,834.28,835.24,95515505,0
^_USNM,D,20180601,000000,836.01,839.98,833.3,839.98,94737470,0
^_USNM,D,20180604,000000,839.91,841.19,833.02,833.02,89069911,0
^_USNM,D,20180605,000000,833.75,839.71,833.53,839.6,96613167,0
^_USNM,D,20180606,000000,839.8,840.85,834.56,834.56,90298512,0
^_USNM,D,20180607,000000,837.81,838.76,835.21,836.76,83190527,0
^_USNM,D,20180608,000000,837.32,838.88,828.77,835.1,96171747,0
^_USNM,D,20180611,000000,834.99,842.44,834.99,841.52,108934594,0
^_USNM,D,20180612,000000,842.31,843.68,840.48,840.65,96385084,0
^_USNM,D,20180613,000000,842.18,843.17,838.08,839.74,101064046,0
^_USNM,D,20180614,000000,839.69,842.31,838.15,838.16,92598450,0
^_USNM,D,20180615,000000,837.73,838.09,832.86,836.52,135254258,0
^_USNM,D,20180618,000000,836.03,837.04,834.71,836.26,90111094,0
^_USNM,D,20180619,000000,835.4,835.4,829.51,829.52,79555869,0
^_USNM,D,20180620,000000,829.74,834.8,829.74,834.03,85306047,0
^_USNM,D,20180621,000000,834.01,834.01,828.33,829.11,66040943,0
^_USNM,D,20180622,000000,829.32,835.19,829.32,834.12,271255417,0
^_USNM,D,20180625,000000,833.69,834.03,824.25,825.1,100131676,0
^_USNM,D,20180626,000000,826.01,832.38,824.82,831.07,153625870,0
^_USNM,D,20180627,000000,830.6,835.13,827.27,832.23,165166972,0
^_USNM,D,20180628,000000,832.23,836.7,826.59,828.25,219650737,0
^_USNM,D,20180629,000000,830.44,831.64,827.09,830.26,152946060,0
^_USNM,D,20180702,000000,830.26,831.56,828.3,830.5,134814977,0
^_USNM,D,20180703,000000,830.56,836.2,830.56,832.14,94008086,0
^_USNM,D,20180705,000000,833.12,835.26,830.65,834.29,92503418,0
^_USNM,D,20180706,000000,833.99,839.1,832.09,839.1,73770354,0
^_USNM,D,20180709,000000,839.07,844.2,839.07,841.83,120152095,0
^_USNM,D,20180710,000000,842.54,845.6,839.07,839.07,101576507,0
^_USNM,D,20180711,000000,839.08,839.08,830.27,830.29,91370906,0
^_USNM,D,20180712,000000,833.17,834.09,830.26,832.63,77969799,0
^_USNM,D,20180713,000000,833.33,834.32,829.34,833.65,102787009,0
^_USNM,D,20180716,000000,833.59,834.88,823.31,823.98,91577859,0
^_USNM,D,20180717,000000,824.05,825.72,821.41,823.48,147866708,0
^_USNM,D,20180718,000000,823.4,827.57,822.27,826.9,105956970,0
^_USNM,D,20180719,000000,828.1,831.77,826.86,828.33,116057990,0
^_USNM,D,20180720,000000,828.99,831.97,828.67,831.13,85588266,0
^_USNM,D,20180723,000000,831.29,831.29,822.59,823.76,99034666,0
^_USNM,D,20180724,000000,823.56,825.02,816.35,816.35,118927702,0
^_USNM,D,20180725,000000,817.08,819.4,816.26,819.22,120793664,0
^_USNM,D,20180726,000000,819.26,820.64,817.57,820.49,138190743,0
^_USNM,D,20180727,000000,820.51,823.42,815.43,816.94,175338124,0
^_USNM,D,20180730,000000,816.84,821.5,813.23,814.64,150226642,0
^_USNM,D,20180731,000000,815.99,817.66,813.97,814.38,136370407,0
^_USNM,D,20180801,000000,814.38,817.41,813.52,814.33,114453503,0
^_USNM,D,20180802,000000,814.33,815.78,809.58,809.78,119196201,0
^_USNM,D,20180803,000000,810.2,812.21,807.33,807.33,102676633,0
^_USNM,D,20180806,000000,810.78,811.1,807.04,808.65,93108063,0
^_USNM,D,20180807,000000,810.7,811.74,803.11,803.64,109627524,0
^_USNM,D,20180808,000000,800.91,800.91,795.65,798.62,121870735,0
^_USNM,D,20180809,000000,797.19,799.08,793.77,798.11,110232978,0
^_USNM,D,20180810,000000,798.13,798.13,790.76,791.38,112421024,0
^_USNM,D,20180813,000000,791.37,800.27,782.94,783.6,113087910,0
^_USNM,D,20180814,000000,784.61,786.31,782.44,783.11,98966499,0
^_USNM,D,20180815,000000,782.8,782.8,768.63,769.32,122787852,0
^_USNM,D,20180816,000000,769.06,775.56,769.06,771.55,90724331,0
^_USNM,D,20180817,000000,772.31,775.2,772.31,773.55,89949041,0
^_USNM,D,20180820,000000,773.89,778.29,773.89,775.72,77912314,0
^_USNM,D,20180821,000000,775.87,780.49,775.87,778.3,86658213,0
^_USNM,D,20180822,000000,778.44,787.02,778.44,785.54,90030665,0
^_USNM,D,20180823,000000,785.25,785.26,782.16,783.08,82799545,0
^_USNM,D,20180824,000000,785.28,790.98,785.28,787.84,81184209,0
^_USNM,D,20180827,000000,787.82,795.14,787.82,792.14,115691528,0
^_USNM,D,20180828,000000,792.22,794.79,790.97,793.01,90334723,0
^_USNM,D,20180829,000000,793.18,799.09,793.18,796.84,107657761,0
^_USNM,D,20180830,000000,794.86,798.54,789.21,789.66,103301741,0
^_USNM,D,20180831,000000,789.68,797.98,789,790.16,80483469,0
^_USNM,D,20180904,000000,790.34,795.09,788.88,789.84,101236442,0
^_USNM,D,20180905,000000,785.64,785.91,779.78,779.83,99438310,0
^_USNM,D,20180906,000000,779.78,781.68,776.35,777.48,87507830,0
^_USNM,D,20180907,000000,777.39,778.23,774.56,775.12,94485680,0
^_USNM,D,20180910,000000,775.2,779.25,769.45,769.77,76943331,0
^_USNM,D,20180911,000000,769.8,778.52,769.44,773.82,111466533,0
^_USNM,D,20180912,000000,773.85,787.46,773.85,787,168554323,0
^_USNM,D,20180913,000000,789.07,791.53,784.55,785.1,119229651,0
^_USNM,D,20180914,000000,785.43,786.89,781.59,781.6,86213085,0
^_USNM,D,20180917,000000,781.6,785.15,779.11,779.12,90919252,0
^_USNM,D,20180918,000000,777.87,785.61,777.52,785.61,109109680,0
^_USNM,D,20180919,000000,785.96,787.65,784.22,784.23,124407782,0
^_USNM,D,20180920,000000,784.21,791.67,783.83,791.67,110718163,0
^_USNM,D,20180921,000000,790.85,794.74,787.61,790.75,266655348,0
^_USNM,D,20180924,000000,790.86,798.29,790.12,796.32,229034271,0
^_USNM,D,20180925,000000,792.27,799.1,786.43,786.44,237628271,0
^_USNM,D,20180926,000000,788.88,795.16,785.98,790.3,168901456,0
^_USNM,D,20180927,000000,790.31,793.45,787.29,791.6,184509915,0
^_USNM,D,20180928,000000,791.4,799.21,787.46,787.88,274932834,0
^_USNM,D,20181001,000000,792.5,804.89,792.5,796.3,254836357,0
^_USNM,D,20181002,000000,797.56,800.71,794.8,799.01,340542524,0
^_USNM,D,20181003,000000,792.84,803.64,792.84,802.32,229073611,0
^_USNM,D,20181004,000000,801.87,801.87,791.05,791.13,147502149,0
^_USNM,D,20181005,000000,792.77,793.35,784.36,786.62,153740623,0
^_USNM,D,20181008,000000,787.23,787.23,780.16,782.25,145084228,0
^_USNM,D,20181009,000000,782.25,782.44,778.83,778.84,123462118,0
^_USNM,D,20181010,000000,778.92,780.57,766.06,766.07,142502428,0
^_USNM,D,20181011,000000,764.72,766,762.08,762.61,129832008,0
^_USNM,D,20181012,000000,765.05,769.03,762.4,765.14,130444227,0
^_USNM,D,20181015,000000,765.07,766.63,762.75,763.99,124256042,0
^_USNM,D,20181016,000000,764,764,759.25,762.15,123360580,0
^_USNM,D,20181017,000000,762.08,762.08,756.87,757.37,96968146,0
^_USNM,D,20181018,000000,757.27,758.49,750.76,750.99,142661347,0
^_USNM,D,20181019,000000,751.64,757.15,749.56,749.56,120660978,0
^_USNM,D,20181022,000000,749.82,751.14,738.66,738.66,97791422,0
^_USNM,D,20181023,000000,738.49,738.49,730.67,731.86,127773193,0
^_USNM,D,20181024,000000,734.09,734.61,720.71,721.15,117893533,0
^_USNM,D,20181025,000000,721.17,724.46,720.74,720.76,125808642,0
^_USNM,D,20181026,000000,720.17,720.17,714.18,716.68,84092537,0
^_USNM,D,20181029,000000,717.83,718.65,708.2,708.91,106266114,0
^_USNM,D,20181030,000000,709.33,712.12,708.52,712.12,106580438,0
^_USNM,D,20181031,000000,713.15,716.57,712.28,716.57,108261890,0
^_USNM,D,20181101,000000,719.49,725.8,719.33,725.67,91518610,0
^_USNM,D,20181102,000000,727.93,728.49,723.72,724.72,89440054,0
^_USNM,D,20181105,000000,729.44,733.95,729.44,729.74,124210483,0
^_USNM,D,20181106,000000,733.04,733.17,729.16,732.19,93714211,0
^_USNM,D,20181107,000000,732.6,738.3,732.6,736.28,119437315,0
^_USNM,D,20181108,000000,734.22,734.84,732.12,733.2,96931163,0
^_USNM,D,20181109,000000,730.54,730.54,722.1,723.37,95785786,0
^_USNM,D,20181112,000000,723.4,723.4,707.97,707.99,85404020,0
^_USNM,D,20181113,000000,708.06,709.5,700.25,700.52,89328231,0
^_USNM,D,20181114,000000,700.06,702.39,689.83,691.6,93326839,0
^_USNM,D,20181115,000000,687.82,693.05,685.71,693.03,84720411,0
^_USNM,D,20181116,000000,693.31,697.88,692.74,694.56,97448787,0
^_USNM,D,20181119,000000,694.93,694.93,687.48,688.49,84533653,0
^_USNM,D,20181120,000000,686.34,686.34,676.65,676.84,81274752,0
^_USNM,D,20181121,000000,677.27,683.73,677.27,681.8,70496240,0
^_USNM,D,20181123,000000,682.13,684.99,682.13,684.97,53985517,0
^_USNM,D,20181126,000000,685.83,687.8,682.98,683.92,79912293,0
^_USNM,D,20181127,000000,684.58,684.85,679.22,680.1,84138764,0
^_USNM,D,20181128,000000,680.29,687.39,679.1,686.04,89608881,0
^_USNM,D,20181129,000000,687.41,690.11,687.01,688.17,75255785,0
^_USNM,D,20181130,000000,688.77,694.37,688.77,693.27,104821296,0
^_USNM,D,20181203,000000,695.9,701.37,694.05,695.68,99997210,0
^_USNM,D,20181204,000000,695.79,697.46,680.91,680.98,93845118,0
^_USNM,D,20181206,000000,680.42,680.42,672.04,676.13,87173225,0
^_USNM,D,20181207,000000,676.41,682.47,676.41,677.7,86250494,0
^_USNM,D,20181210,000000,678,679.16,667.05,668.13,91887370,0
^_USNM,D,20181211,000000,668.33,670.71,662.88,662.91,76607301,0
^_USNM,D,20181212,000000,664.83,668.47,662.94,663.05,100913922,0
^_USNM,D,20181213,000000,663.63,665.46,656.99,658.97,76927636,0
^_USNM,D,20181214,000000,658.92,658.92,651.45,651.46,86684772,0
^_USNM,D,20181217,000000,651.54,652.57,638.93,639.03,122320903,0
^_USNM,D,20181218,000000,639.33,642.4,634.93,635.36,106684841,0
^_USNM,D,20181219,000000,636.8,640.14,629.01,629.02,108376275,0
^_USNM,D,20181220,000000,628.76,630.02,617.65,618.47,128404559,0
^_USNM,D,20181221,000000,619.06,619.81,604.82,605.53,156301236,0
^_USNM,D,20181224,000000,606.63,606.63,599.63,599.63,67027892,0
^_USNM,D,20181226,000000,605.04,610,601.41,608.66,91819897,0
^_USNM,D,20181227,000000,608.13,609.16,603.3,605.94,84514775,0
^_USNM,D,20181228,000000,605.84,618.23,605.84,617.6,90476550,0
^_USNM,D,20181231,000000,619.15,623.43,618.91,621.82,112899836,0
^_USNM,D,20190102,000000,621.82,641.05,621.64,641.05,76204377,0
^_USNM,D,20190103,000000,641.16,643.07,637.73,642.29,70774720,0
^_USNM,D,20190104,000000,642.31,657.31,642.31,656.68,88518929,0
^_USNM,D,20190107,000000,656.48,664.43,655.1,663.47,103413778,0
^_USNM,D,20190108,000000,663.78,672.67,663.78,672.43,119521799,0
^_USNM,D,20190109,000000,672.79,676.66,672.13,676.53,109879268,0
^_USNM,D,20190110,000000,676.62,678.38,673.05,677.33,80065218,0
^_USNM,D,20190111,000000,678.15,678.15,674.65,676.28,77394531,0
^_USNM,D,20190114,000000,676.39,676.58,669.25,670.9,86408731,0
^_USNM,D,20190115,000000,670.87,673.73,669.86,671.08,92503728,0
^_USNM,D,20190116,000000,671.07,676.69,671.07,674.03,72317151,0
^_USNM,D,20190117,000000,677.29,679.53,673.54,675.18,74213679,0
^_USNM,D,20190118,000000,676.5,680.41,675.73,676.06,98218550,0
^_USNM,D,20190122,000000,675.81,676.1,668.9,669.28,93073192,0
^_USNM,D,20190123,000000,669.44,670.99,666.29,668.21,78695148,0
^_USNM,D,20190124,000000,668.46,673.97,667.16,673.95,65432863,0
^_USNM,D,20190125,000000,675.16,680.11,675.1,680.01,96213012,0
^_USNM,D,20190128,000000,681.23,681.69,677.86,680.63,79483236,0
^_USNM,D,20190129,000000,680.7,686.76,680.7,685.61,118871164,0
^_USNM,D,20190130,000000,690.15,690.43,687.51,688.23,95764949,0
^_USNM,D,20190131,000000,688.22,694.67,688.22,693.84,95540242,0
^_USNM,D,20190201,000000,693.88,696.17,693.19,696.03,83106834,0
^_USNM,D,20190204,000000,696.8,700.71,696.27,699.77,80173052,0
^_USNM,D,20190205,000000,699.75,702.94,699.75,700.91,86220269,0
^_USNM,D,20190206,000000,701.54,702.19,697.57,699.14,80650389,0
^_USNM,D,20190207,000000,700.88,700.88,693.71,694,80226201,0
^_USNM,D,20190208,000000,693.94,694.41,691.73,692.78,94881913,0
^_USNM,D,20190211,000000,692.64,696.14,692.64,692.73,74360332,0
^_USNM,D,20190212,000000,693.14,697.62,693.14,696.79,103836906,0
^_USNM,D,20190213,000000,696.98,701.01,696.92,700.59,88131380,0
^_USNM,D,20190214,000000,700.47,700.96,696.72,696.73,100898469,0
^_USNM,D,20190215,000000,697.03,707.38,697.03,703.95,105458712,0
^_USNM,D,20190219,000000,705.31,713.22,705.31,706.08,140686202,0
^_USNM,D,20190220,000000,708.42,711.67,707.02,707.55,140733571,0
^_USNM,D,20190221,000000,708.12,715.22,708.12,711.54,123542452,0
^_USNM,D,20190222,000000,712.15,719.31,712.15,719.18,103307029,0
^_USNM,D,20190225,000000,721.21,723.72,718.82,719.66,102957745,0
^_USNM,D,20190226,000000,719.75,724.41,719.75,720.64,143679268,0
^_USNM,D,20190227,000000,720.94,720.94,711.21,717.18,116099447,0
^_USNM,D,20190228,000000,717.04,717.37,713.85,714.86,90641546,0
^_USNM,D,20190301,000000,716.02,721.32,716.02,718.99,106181991,0
^_USNM,D,20190304,000000,719.55,721.75,712.31,716.25,105550060,0
^_USNM,D,20190305,000000,716.31,719.2,716.31,717.03,116532853,0
^_USNM,D,20190306,000000,718.24,718.92,709.44,709.44,114647216,0
^_USNM,D,20190307,000000,709.54,710.78,706.78,707.13,90486170,0
^_USNM,D,20190308,000000,706.58,708.66,704.37,705.18,95789641,0
^_USNM,D,20190311,000000,705.16,709.68,705.16,709.67,84329944,0
^_USNM,D,20190312,000000,711.63,713.41,710.46,712.98,92062816,0
^_USNM,D,20190313,000000,713.09,718.04,713.09,716.85,94266430,0
^_USNM,D,20190314,000000,716.53,717.65,714.65,715.79,97541895,0
^_USNM,D,20190315,000000,715.79,724.19,715.52,717.36,148671753,0
^_USNM,D,20190318,000000,718.2,719.53,716.7,718.65,96100619,0
^_USNM,D,20190319,000000,718.52,720.58,716.43,716.44,141552931,0
^_USNM,D,20190320,000000,716.51,720.26,715.23,718.07,105971798,0
^_USNM,D,20190321,000000,718.27,719.61,716.43,717.93,147020207,0
^_USNM,D,20190322,000000,718.22,718.65,709.26,713.67,108142992,0
^_USNM,D,20190325,000000,714.56,714.56,710.23,713.46,90582764,0
^_USNM,D,20190326,000000,712.54,716.85,706.66,710.87,87133459,0
^_USNM,D,20190327,000000,710.72,710.72,704.62,709.2,97381993,0
^_USNM,D,20190328,000000,709.6,711.41,706.24,706.88,92280606,0
^_USNM,D,20190329,000000,706.73,711.12,706.73,708.2,104661788,0
^_USNM,D,20190401,000000,710.88,711.09,707.82,710.29,94351983,0
^_USNM,D,20190402,000000,710.08,710.08,705.11,707.29,97076460,0
^_USNM,D,20190403,000000,707.45,707.96,703.6,704.57,92089389,0
^_USNM,D,20190404,000000,703.98,705.38,701.93,705,94721233,0
^_USNM,D,20190405,000000,705.31,709.86,704.53,709.28,88429273,0
^_USNM,D,20190408,000000,710.44,714.6,710.44,713.29,104204457,0
^_USNM,D,20190409,000000,713.32,721.99,713.32,718.45,150987480,0
^_USNM,D,20190410,000000,721.24,722.04,718.93,720.45,114117138,0
^_USNM,D,20190411,000000,720.1,720.1,715.61,716.17,80764545,0
^_USNM,D,20190412,000000,718.45,723.4,717.62,719.47,83028928,0
^_USNM,D,20190415,000000,720.7,721.54,715.88,717.04,78697930,0
^_USNM,D,20190416,000000,716.95,719.7,714.85,715.02,90906977,0
^_USNM,D,20190417,000000,714.92,716.66,710.35,710.35,112143657,0
^_USNM,D,20190418,000000,709.95,713.17,708.51,709.87,103518928,0
^_USNM,D,20190422,000000,709.75,713.61,709.75,711.4,115307812,0
^_USNM,D,20190423,000000,712.11,713.54,709.15,711.33,141356409,0
^_USNM,D,20190424,000000,712.49,712.49,709.7,710.23,99013391,0
^_USNM,D,20190425,000000,710.15,710.15,706.96,708.67,122895887,0
^_USNM,D,20190426,000000,709.36,711.7,708.02,711.52,126947138,0
^_USNM,D,20190429,000000,711.93,713.01,710.58,712.91,88471052,0
^_USNM,D,20190430,000000,713.66,717,709.87,711.22,131441995,0
^_USNM,D,20190501,000000,711.16,711.73,708.2,708.84,100197275,0
^_USNM,D,20190502,000000,708.85,708.85,702.24,705.63,106571640,0
^_USNM,D,20190503,000000,705.98,712.7,705.98,710.37,102324346,0
^_USNM,D,20190506,000000,710.37,712.78,706.99,709.94,77775370,0
^_USNM,D,20190507,000000,709.52,709.52,704.91,706.16,81600372,0
^_USNM,D,20190508,000000,706.17,710.07,706.06,708.28,87675207,0
^_USNM,D,20190509,000000,706.97,707.66,701.34,701.46,89569818,0
^_USNM,D,20190510,000000,707.66,708.6,702.78,704.02,98152155,0
^_USNM,D,20190513,000000,702.83,703.99,694.29,694.79,119480896,0
^_USNM,D,20190514,000000,695.13,698.84,694.38,695.19,101113460,0
^_USNM,D,20190515,000000,695.17,696.56,692.49,695.53,101035019,0
^_USNM,D,20190516,000000,695.69,698.1,693.56,694,92201576,0
^_USNM,D,20190517,000000,693.63,693.63,688.63,689.53,107186378,0
^_USNM,D,20190520,000000,689.49,691.04,685.34,686.43,78106839,0
^_USNM,D,20190521,000000,686.14,688.47,685.07,685.56,80179892,0
^_USNM,D,20190522,000000,684.99,684.99,677.8,677.99,74924645,0
^_USNM,D,20190523,000000,677.51,677.51,670.05,670.23,103880599,0
^_USNM,D,20190524,000000,671.94,674.23,669.52,671.71,69162943,0
^_USNM,D,20190528,000000,671.73,673.45,669.59,670.39,91305872,0
^_USNM,D,20190529,000000,670.14,670.14,665.25,666.85,91604885,0
^_USNM,D,20190530,000000,666.79,669.97,666.6,667.31,80872557,0
^_USNM,D,20190531,000000,666.53,666.53,661.71,662.82,97251393,0
^_USNM,D,20190603,000000,663.11,666.67,663.11,664.28,98565161,0
^_USNM,D,20190604,000000,664.77,666.97,664.71,666.3,93332152,0
^_USNM,D,20190605,000000,667.49,668.97,663.62,664.29,106459045,0
^_USNM,D,20190606,000000,664.37,664.37,658.61,659.55,82922139,0
^_USNM,D,20190607,000000,661.01,663.67,652.67,662.48,84719174,0
^_USNM,D,20190610,000000,662.82,668.57,662.82,664.47,127421045,0
^_USNM,D,20190611,000000,673.43,676.53,660.71,663.32,101299292,0
^_USNM,D,20190612,000000,660.6,664.86,660.23,661.12,87364805,0
^_USNM,D,20190613,000000,662.04,666.45,661.35,665.81,106554575,0
^_USNM,D,20190614,000000,666,669.24,665.17,665.97,128245357,0
^_USNM,D,20190617,000000,666.49,667.9,663.84,666.03,91850223,0
^_USNM,D,20190618,000000,665.82,667.22,661.95,662.42,102499982,0
^_USNM,D,20190619,000000,662.43,662.68,659.79,661.96,93367438,0
^_USNM,D,20190620,000000,666.39,673.54,666.39,670.08,129340544,0
^_USNM,D,20190621,000000,670.54,671.43,667.67,669.6,158132723,0
^_USNM,D,20190624,000000,671.14,682.96,671.14,676.21,182155573,0
^_USNM,D,20190625,000000,679.63,679.75,673.72,674.08,152974679,0
^_USNM,D,20190626,000000,674.23,675.06,670.36,671.56,149456919,0
^_USNM,D,20190627,000000,670.38,675.88,670.38,673.51,99150161,0
^_USNM,D,20190628,000000,673.51,683.5,673.51,682.12,175650388,0
^_USNM,D,20190701,000000,682.12,687.43,679.75,680.78,99395064,0
^_USNM,D,20190702,000000,681.02,681.87,675.66,677.21,97677881,0
^_USNM,D,20190703,000000,678.21,684.24,675.44,679.14,64195267,0
^_USNM,D,20190705,000000,678.81,678.95,675.34,678.38,79697543,0
^_USNM,D,20190708,000000,678.41,685.89,678.41,681.6,89124754,0
^_USNM,D,20190709,000000,682.01,684.21,680.23,682.96,138112853,0
^_USNM,D,20190710,000000,685.92,686.8,683.58,686.42,105257028,0
^_USNM,D,20190711,000000,686.86,687.41,683.12,683.14,86216863,0
^_USNM,D,20190712,000000,684.25,684.25,676.77,676.77,145073247,0
^_USNM,D,20190715,000000,678.03,681.05,677.55,678.97,97090443,0
^_USNM,D,20190716,000000,679.5,680.02,676.26,676.84,83533511,0
^_USNM,D,20190717,000000,676.93,679.46,673.86,673.86,111330406,0
^_USNM,D,20190718,000000,674.47,676.42,672.51,676.35,128393793,0
^_USNM,D,20190719,000000,676.32,677.38,673.61,675.36,96430644,0
^_USNM,D,20190722,000000,675.68,678.65,674.24,674.54,100147426,0
^_USNM,D,20190723,000000,675.13,675.74,670.83,672.55,92038337,0
^_USNM,D,20190724,000000,672.67,675.9,672.36,675.29,84998272,0
^_USNM,D,20190725,000000,675.09,675.38,668.41,668.63,78550182,0
^_USNM,D,20190726,000000,668.95,674.1,668.78,671.74,70948717,0
^_USNM,D,20190729,000000,671.71,674.11,671.33,672.93,91509277,0
^_USNM,D,20190730,000000,673.77,679.04,672.36,677.76,99117314,0
^_USNM,D,20190731,000000,677.72,680.11,672.7,672.7,118376036,0
^_USNM,D,20190801,000000,672.64,677.96,669.94,669.94,118865039,0
^_USNM,D,20190802,000000,673.26,673.26,667.46,668.84,96172820,0
^_USNM,D,20190805,000000,668.52,668.52,660.97,661.29,140649721,0
^_USNM,D,20190806,000000,669.19,670.6,660.3,660.3,105114638,0
^_USNM,D,20190807,000000,662.07,662.07,657.45,660.18,121910202,0
^_USNM,D,20190808,000000,659.62,663.91,657.72,660.26,172987884,0
^_USNM,D,20190809,000000,661.26,661.66,658.01,659.01,134699971,0
^_USNM,D,20190812,000000,659.01,661.53,655.85,658.93,94899706,0
^_USNM,D,20190813,000000,658.8,659.74,653.22,653.78,107548403,0
^_USNM,D,20190814,000000,654.5,654.5,641.7,643.91,98014299,0
^_USNM,D,20190815,000000,644.11,644.19,635.19,637.18,80541983,0
^_USNM,D,20190816,000000,637.44,641.87,637.44,640.5,84298278,0
^_USNM,D,20190819,000000,643.31,649.04,643.31,644.02,128081569,0
^_USNM,D,20190820,000000,643.79,646.43,642.1,642.29,103410804,0
^_USNM,D,20190821,000000,643.44,650,643.44,648.71,94716353,0
^_USNM,D,20190822,000000,648.83,650.71,646.86,648.16,76015530,0
^_USNM,D,20190823,000000,648.6,649.85,642.65,642.82,100363817,0
^_USNM,D,20190826,000000,644.35,646.33,642.26,643.49,109591474,0
^_USNM,D,20190827,000000,644.15,645.64,639.91,639.93,105118921,0
^_USNM,D,20190828,000000,641.89,644.89,641.12,644.77,91150393,0
^_USNM,D,20190829,000000,647.81,649.25,646.45,646.45,112873587,0
^_USNM,D,20190830,000000,646.44,649.61,644.19,649.61,73416190,0
^_USNM,D,20190903,000000,649.61,650.53,646.62,647.84,107900279,0
^_USNM,D,20190904,000000,647.91,650.9,646.76,646.76,82952502,0
^_USNM,D,20190905,000000,647.61,647.61,644.8,645.57,113429388,0
^_USNM,D,20190906,000000,645.72,648.84,644.43,647.43,86253711,0
^_USNM,D,20190909,000000,649.03,650.57,647.21,648.69,104298052,0
^_USNM,D,20190910,000000,648.8,659,648.8,657.61,108310588,0
^_USNM,D,20190911,000000,657.67,663.02,657.67,662.63,125349162,0
^_USNM,D,20190912,000000,662.72,665.15,657.31,657.57,105226826,0
^_USNM,D,20190913,000000,658.2,660.07,656.97,658.12,97464219,0
^_USNM,D,20190916,000000,659.48,671.53,659.48,670.11,148691586,0
^_USNM,D,20190917,000000,670.2,670.2,662.87,663.45,96312259,0
^_USNM,D,20190918,000000,664.05,665.83,658.06,658.79,99920403,0
^_USNM,D,20190919,000000,660.07,662.84,659.52,659.8,96927877,0
^_USNM,D,20190920,000000,659.9,662.61,658.55,662.6,189321833,0
^_USNM,D,20190923,000000,662.78,663.92,659.39,662.09,96793389,0
^_USNM,D,20190924,000000,662.16,669.2,660.19,661.59,99873144,0
^_USNM,D,20190925,000000,661.71,662.44,656.38,656.38,85025514,0
^_USNM,D,20190926,000000,656.71,657.16,652.59,655.23,68381941,0
^_USNM,D,20190927,000000,654.81,655.26,649.99,650,77788105,0
^_USNM,D,20190930,000000,649.9,650.38,646.35,646.44,92505345,0
^_USNM,D,20191001,000000,647.47,648.8,639.68,639.96,78508257,0
^_USNM,D,20191002,000000,639.98,639.98,634.95,634.95,76486541,0
^_USNM,D,20191003,000000,635.17,636.54,631.33,632.84,69070530,0
^_USNM,D,20191004,000000,632.86,636.63,632.8,636.31,70673659,0
^_USNM,D,20191007,000000,636.26,639.38,635.9,638.28,62607965,0
^_USNM,D,20191008,000000,638.43,641.12,637.85,641.07,70091985,0
^_USNM,D,20191009,000000,642.42,644.3,640.69,640.78,57520557,0
^_USNM,D,20191010,000000,641.16,641.99,638.62,638.62,78099904,0
^_USNM,D,20191011,000000,640.53,642.1,640.18,640.22,74517394,0
^_USNM,D,20191014,000000,640.38,643.36,639.4,641.18,71086319,0
^_USNM,D,20191015,000000,641.2,642.11,638.36,639.09,72431309,0
^_USNM,D,20191016,000000,638.75,640.71,638.27,639.97,62098024,0
^_USNM,D,20191017,000000,639.96,644.56,639.96,642.75,93874500,0
^_USNM,D,20191018,000000,643.29,644.56,641.57,644.22,73610739,0
^_USNM,D,20191021,000000,644.97,646.39,641.75,641.75,71080784,0
^_USNM,D,20191022,000000,641.94,642.78,639.58,640.63,67708492,0
^_USNM,D,20191023,000000,640.81,643.05,639.37,642.3,64510039,0
^_USNM,D,20191024,000000,641.96,643.51,641.17,641.72,85275598,0
^_USNM,D,20191025,000000,642.06,642.33,640.08,640.67,90910800,0
^_USNM,D,20191028,000000,641.1,641.19,638.48,638.49,95255343,0
^_USNM,D,20191029,000000,636,637.89,635.46,635.66,101436450,0
^_USNM,D,20191030,000000,634.3,635.25,633.1,635.01,87462784,0
^_USNM,D,20191031,000000,634.48,635.55,633.28,634.04,86897494,0
^_USNM,D,20191101,000000,636.18,639.59,634.87,638.28,71429454,0
^_USNM,D,20191104,000000,639.63,643.3,639.63,643.07,89665131,0
^_USNM,D,20191105,000000,642.61,644.28,640.16,641.44,78963058,0
^_USNM,D,20191106,000000,641.48,641.79,637.93,638.99,72747848,0
^_USNM,D,20191107,000000,639.04,642.52,637.22,637.36,87469373,0
^_USNM,D,20191108,000000,636.95,636.95,634.21,635.59,70232878,0
^_USNM,D,20191111,000000,635.59,637.05,634.15,635.08,65133695,0
^_USNM,D,20191112,000000,635.02,635.82,633.04,633.77,93251955,0
^_USNM,D,20191113,000000,633.71,634.46,629.12,629.17,75809168,0
^_USNM,D,20191114,000000,629.12,629.89,626.78,626.81,73384456,0
^_USNM,D,20191115,000000,627.15,627.44,620.24,620.79,71035113,0
^_USNM,D,20191118,000000,622.85,624.85,619.79,620.08,94728222,0
^_USNM,D,20191119,000000,618.06,620.76,616.76,616.95,75876085,0
^_USNM,D,20191120,000000,617.06,620.18,614.42,614.43,81860364,0
^_USNM,D,20191121,000000,614.56,619.24,614.56,616.15,69415565,0
^_USNM,D,20191122,000000,618.18,620.38,615.64,619.01,64490109,0
^_USNM,D,20191125,000000,619.09,621.41,618.91,620.63,77636713,0
^_USNM,D,20191126,000000,621.8,623.21,620.1,620.67,69560406,0
^_USNM,D,20191127,000000,621.12,622.16,619.84,621.34,63384042,0
^_USNM,D,20191129,000000,622.39,629.52,622.39,629.47,54318434,0
^_USNM,D,20191202,000000,629.37,632.39,627.45,628.58,87581485,0
^_USNM,D,20191203,000000,629.83,629.83,626.67,627.86,117273376,0
^_USNM,D,20191204,000000,628.1,631.66,628.1,630.1,135561140,0
^_USNM,D,20191205,000000,629.95,635.7,629.86,632.01,103969937,0
^_USNM,D,20191206,000000,632.22,636.16,630.83,634.93,87072771,0
^_USNM,D,20191209,000000,635.14,638.81,635.14,636.31,81559101,0
^_USNM,D,20191210,000000,636.27,639.68,636.23,637.86,102333398,0
^_USNM,D,20191211,000000,638.04,643.89,638.04,641.13,140289049,0
^_USNM,D,20191212,000000,641.07,647.08,637.85,638.76,80176386,0
^_USNM,D,20191213,000000,638.74,640.88,637.53,638.29,98275602,0
^_USNM,D,20191216,000000,638.39,641.5,637.64,638.03,102968534,0
^_USNM,D,20191217,000000,638,640.97,637.46,638.18,100507853,0
^_USNM,D,20191218,000000,638.33,640.97,637.73,640.45,89800916,0
^_USNM,D,20191219,000000,640.73,644.14,640.73,642.85,86390599,0
^_USNM,D,20191220,000000,642.72,648.81,639.18,641.37,104786136,0
^_USNM,D,20191223,000000,641.28,643.48,640.05,642.9,96852173,0
^_USNM,D,20191224,000000,644.27,648.95,644.27,648.92,61779100,0
^_USNM,D,20191226,000000,649.1,655.42,649.1,655.21,92775508,0
^_USNM,D,20191227,000000,655.53,655.53,650.5,652.09,96715700,0
^_USNM,D,20191230,000000,652.1,654.27,650.52,653.27,101655164,0
^_USNM,D,20191231,000000,653.42,659.49,653.19,657.03,96594591,0
^_USNM,D,20200102,000000,657.28,665.08,657.28,665.07,107239767,0
^_USNM,D,20200103,000000,666.89,671.16,666.89,666.97,135680242,0
^_USNM,D,20200106,000000,667.12,673.79,667.12,673.41,157719336,0
^_USNM,D,20200107,000000,673.8,675.68,672.31,674.13,159861442,0
^_USNM,D,20200108,000000,674.11,675.68,667.92,668.83,145297709,0
^_USNM,D,20200109,000000,668.94,669.15,665.3,666.41,107620503,0
^_USNM,D,20200110,000000,666.55,666.55,663.19,663.62,121591684,0
^_USNM,D,20200113,000000,664.09,664.4,658.64,660.26,129427995,0
^_USNM,D,20200114,000000,661.19,664.56,661.06,662.77,131643872,0
^_USNM,D,20200115,000000,663.01,666.9,663.01,665.91,98989729,0
^_USNM,D,20200116,000000,666.34,672.79,666.34,672.04,119951298,0
^_USNM,D,20200117,000000,672.64,676.61,672.62,675.75,98338629,0
^_USNM,D,20200121,000000,676.41,680.76,675.85,680.45,155061992,0
^_USNM,D,20200122,000000,680.6,680.9,675.73,676.85,118962974,0
^_USNM,D,20200123,000000,677.22,677.73,674.36,677.19,133206146,0
^_USNM,D,20200124,000000,678.15,680.52,674.18,674.79,157259378,0
^_USNM,D,20200127,000000,675.04,676,667.98,667.98,146529139,0
^_USNM,D,20200128,000000,667.98,672.75,667.98,671.47,123719777,0
^_USNM,D,20200129,000000,671.88,672.44,665.92,667.32,103263758,0
^_USNM,D,20200130,000000,667.58,667.95,662.35,663.85,140779946,0
^_USNM,D,20200131,000000,665.17,672.03,658.64,660.46,122696661,0
^_USNM,D,20200203,000000,659.95,662.27,659.54,661.22,133662929,0
^_USNM,D,20200204,000000,661.66,665.91,661.66,662.42,197142759,0
^_USNM,D,20200205,000000,662.61,669.68,662.61,669.64,108530708,0
^_USNM,D,20200206,000000,669.64,673.47,669.64,670.72,93680791,0
^_USNM,D,20200207,000000,670.74,670.74,662.15,663.18,95213139,0
^_USNM,D,20200210,000000,665.11,666.84,662.8,663.66,120545022,0
^_USNM,D,20200211,000000,663.64,665.59,663.01,663.39,113123977,0
^_USNM,D,20200212,000000,663.41,666.57,663.41,663.8,151498381,0
^_USNM,D,20200213,000000,665.49,665.68,660.16,663.73,134620642,0
^_USNM,D,20200214,000000,663.94,667.37,660.89,663.22,124485532,0
^_USNM,D,20200218,000000,663.22,666.64,663.22,666.04,141299884,0
^_USNM,D,20200219,000000,668.62,671.56,666.86,669.92,196716895,0
^_USNM,D,20200220,000000,671.98,674.38,670.59,674.37,211538665,0
^_USNM,D,20200221,000000,677.58,677.58,673.44,673.78,181624716,0
^_USNM,D,20200224,000000,673.63,673.63,662.44,664.75,201794934,0
^_USNM,D,20200225,000000,664.85,665.37,649.04,649.67,185590106,0
^_USNM,D,20200226,000000,649.75,652.63,642.26,643.24,186350161,0
^_USNM,D,20200227,000000,643.12,643.82,624.19,626.7,368844558,0
^_USNM,D,20200228,000000,624.57,624.57,607.4,614.95,433231798,0
^_USNM,D,20200302,000000,615.57,630.28,615.57,630.21,233567892,0
^_USNM,D,20200303,000000,630.35,637.67,629.1,630.52,231523529,0
^_USNM,D,20200304,000000,630.77,637.42,630.77,637.41,220463516,0
^_USNM,D,20200305,000000,639.88,639.88,628.78,630.68,216148677,0
^_USNM,D,20200306,000000,628.45,628.45,612.58,614.94,170089235,0
^_USNM,D,20200309,000000,614.83,614.83,565.94,566,262935827,0
^_USNM,D,20200310,000000,565.91,577.54,557.55,565.16,192915571,0
^_USNM,D,20200311,000000,565.25,565.25,536.58,537.23,177145721,0
^_USNM,D,20200312,000000,537.17,537.17,485.01,485.19,270418528,0
^_USNM,D,20200313,000000,485.24,501.45,480.03,489.7,192417307,0
^_USNM,D,20200316,000000,484.74,484.74,447.22,447.69,172402026,0
^_USNM,D,20200317,000000,447.68,458.49,446.53,458.49,154457755,0
^_USNM,D,20200318,000000,455.21,455.21,405.11,406.81,193654404,0
^_USNM,D,20200319,000000,404.95,429.62,400.66,427.7,206029363,0
^_USNM,D,20200320,000000,428.03,441.22,424.99,424.99,188497091,0
^_USNM,D,20200323,000000,424.91,424.91,408.68,412.86,146314345,0
^_USNM,D,20200324,000000,417.24,440.11,417.24,440.11,155834843,0
^_USNM,D,20200325,000000,443.66,462.98,440.4,458.39,164335028,0
^_USNM,D,20200326,000000,458.61,475.89,458.61,474.21,150792869,0
^_USNM,D,20200327,000000,473.24,473.24,464.09,465.74,163214093,0
^_USNM,D,20200330,000000,466.37,470.6,462.89,464.71,179523424,0
^_USNM,D,20200331,000000,464.72,471.73,463.1,466.2,144346263,0
^_USNM,D,20200401,000000,465.98,465.98,449.97,451.2,158250211,0
^_USNM,D,20200402,000000,451.61,460.14,451.61,453.25,147562171,0
^_USNM,D,20200403,000000,454.97,458.18,443.67,446.63,155311770,0
^_USNM,D,20200406,000000,450.13,459,450.13,456.91,126000510,0
^_USNM,D,20200407,000000,456.86,469.99,456.86,462.68,164582946,0
^_USNM,D,20200408,000000,462.8,476.44,462.8,475.39,154889806,0
^_USNM,D,20200409,000000,476.09,495.5,476.09,490.96,185565156,0
^_USNM,D,20200413,000000,491.18,499.85,491.18,499.46,168475341,0
^_USNM,D,20200414,000000,499.81,511.32,499.81,506.78,185076903,0
^_USNM,D,20200415,000000,506.04,506.04,495.43,501.35,205626926,0
^_USNM,D,20200416,000000,501.37,503.7,494.08,496.61,162243753,0
^_USNM,D,20200417,000000,496.49,507.4,496.49,506.4,355103218,0
^_USNM,D,20200420,000000,505.6,510.7,501.17,503.59,216167274,0
^_USNM,D,20200421,000000,503.57,503.57,494.75,496.49,154803775,0
^_USNM,D,20200422,000000,500.26,507.49,500.26,507.08,238890776,0
^_USNM,D,20200423,000000,511.5,517.63,510.61,512.83,269066508,0
^_USNM,D,20200424,000000,513.08,520.26,513.08,515.56,321301408,0
^_USNM,D,20200427,000000,515.5,520.97,515.5,520.96,204028851,0
^_USNM,D,20200428,000000,520.98,526.47,520.29,525.87,355530091,0
^_USNM,D,20200429,000000,526.05,542.24,526.05,541.89,521261360,0
^_USNM,D,20200430,000000,541.79,543.04,533.75,534.96,366013283,0
^_USNM,D,20200501,000000,533.64,533.64,524.37,527.18,167644672,0
^_USNM,D,20200504,000000,527.23,528.9,525.07,528.9,223269160,0
^_USNM,D,20200505,000000,529.83,534.49,528.54,529.54,212098576,0
^_USNM,D,20200506,000000,529.61,530.48,523.78,524.86,165140469,0
^_USNM,D,20200507,000000,525.13,533.53,525.13,531.79,311228773,0
^_USNM,D,20200508,000000,532.27,540.25,532.27,539.66,258185387,0
^_USNM,D,20200511,000000,539.87,544.47,539.5,539.51,252675109,0
^_USNM,D,20200512,000000,539.85,541.49,534.23,534.58,256924629,0
^_USNM,D,20200513,000000,534.71,537.32,519.88,523.98,214315955,0
^_USNM,D,20200514,000000,523.93,524.96,516.85,524.96,250319186,0
^_USNM,D,20200515,000000,523.21,529.62,522.29,529.49,206416371,0
^_USNM,D,20200518,000000,529.45,545.51,529.45,545.5,275164424,0
^_USNM,D,20200519,000000,546.09,548.35,543.12,544.28,216850107,0
^_USNM,D,20200520,000000,544.43,551.21,544.43,551.21,178370236,0
^_USNM,D,20200521,000000,551.23,553.56,547.49,548.97,191968348,0
^_USNM,D,20200522,000000,549.02,554.21,548.55,554.21,208319377,0
^_USNM,D,20200526,000000,555.8,561.07,554.59,555.39,179188782,0
^_USNM,D,20200527,000000,556.03,560.44,549.3,560.44,284737753,0
^_USNM,D,20200528,000000,560.41,564,557.87,558.24,202554433,0
^_USNM,D,20200529,000000,558.31,560.97,556.8,560.42,198676295,0
^_USNM,D,20200601,000000,561.67,570.68,561.65,570.41,197763264,0
^_USNM,D,20200602,000000,570.62,574.92,570.53,571.84,202821960,0
^_USNM,D,20200603,000000,572.03,575.75,570.46,575.18,242024184,0
^_USNM,D,20200604,000000,575.83,582.29,575.83,582.29,340317842,0
^_USNM,D,20200605,000000,583.1,595.17,583.1,595.17,337240313,0
^_USNM,D,20200608,000000,600.87,619.17,600.87,619.15,431931277,0
^_USNM,D,20200609,000000,619.53,621.08,615.09,620.73,523867958,0
^_USNM,D,20200610,000000,625.39,625.84,612.3,617.36,612136614,0
^_USNM,D,20200611,000000,614.42,614.42,579.66,581.07,260238446,0
^_USNM,D,20200612,000000,587.13,597.22,584.07,590.39,248980066,0
^_USNM,D,20200615,000000,590.23,598.7,579.8,598.7,212794546,0
^_USNM,D,20200616,000000,602.25,609.48,601.79,609.47,264017890,0
^_USNM,D,20200617,000000,609.56,613.51,606.72,607.43,279687225,0
^_USNM,D,20200618,000000,607.46,609.42,604.79,606.17,271887567,0
^_USNM,D,20200619,000000,609.41,614.64,606.37,606.96,352396408,0
^_USNM,D,20200622,000000,606.94,610.11,606,609.73,245822945,0
^_USNM,D,20200623,000000,610.03,616.91,610.03,613.39,411116789,0
^_USNM,D,20200624,000000,613.39,613.39,598.01,603.29,256303515,0
^_USNM,D,20200625,000000,603.21,607.3,597.87,607.3,377582974,0
^_USNM,D,20200626,000000,607.44,607.93,594.89,595.66,594396454,0
^_USNM,D,20200629,000000,595.86,601.7,595.86,599.02,351705922,0
^_USNM,D,20200630,000000,599.64,603.28,596.19,602.22,270795074,0
^_USNM,D,20200701,000000,602.2,603.6,594.88,600.54,235308212,0
^_USNM,D,20200702,000000,600.54,605.51,598.96,599.5,404918483,0
^_USNM,D,20200706,000000,602.07,605.24,602.07,604.95,354739476,0
^_USNM,D,20200707,000000,604.9,607.78,603.69,605.66,399959061,0
^_USNM,D,20200708,000000,606.46,611.21,606,609.68,276646964,0
^_USNM,D,20200709,000000,612.95,613.76,603.33,606.06,270794263,0
^_USNM,D,20200710,000000,605.95,609.14,604.99,609.13,255590623,0
^_USNM,D,20200713,000000,609.21,612.3,597.61,597.61,342588580,0
^_USNM,D,20200714,000000,597,598.53,592.89,598.19,178837349,0
^_USNM,D,20200715,000000,598.26,609.25,598.26,608.41,296610657,0
^_USNM,D,20200716,000000,608.37,611.64,605.81,611.27,282817682,0
^_USNM,D,20200717,000000,612.54,618.11,612.16,618.1,287248583,0
^_USNM,D,20200720,000000,618.14,626.25,618.14,626.01,636885111,0
^_USNM,D,20200721,000000,626.36,636.53,626.36,635.62,474778940,0
^_USNM,D,20200722,000000,636.16,645.14,636.16,643.8,637449716,0
^_USNM,D,20200723,000000,643.91,646.3,635.49,638.34,468696333,0
^_USNM,D,20200724,000000,638.36,638.36,633.84,637.56,365669000,0
^_USNM,D,20200727,000000,641.77,644.79,640.41,643.22,370861634,0
^_USNM,D,20200728,000000,643.28,643.28,640.12,641.1,283994761,0
^_USNM,D,20200729,000000,641.31,643.72,638.66,642.65,300414849,0
