<TICKER>,<PER>,<DATE>,<TIME>,<OPEN>,<HIGH>,<LOW>,<CLOSE>,<VOL>,<OPENINT>
^NOMUC,D,20180101,000000,2902.43,2902.43,2902.43,2902.43,76314,0
^NOMUC,D,20180102,000000,2891.36,2891.36,2891.36,2891.36,58605,0
^NOMUC,D,20180103,000000,2783.67,2783.67,2783.67,2783.67,68278,0
^NOMUC,D,20180104,000000,2816.5,2816.5,2816.5,2816.5,132720,0
^NOMUC,D,20180107,000000,2887.76,2887.76,2887.76,2887.76,94311,0
^NOMUC,D,20180108,000000,2816.39,2816.39,2816.39,2816.39,61491,0
^NOMUC,D,20180109,000000,2783.6,2783.6,2783.6,2783.6,74971,0
^NOMUC,D,20180110,000000,2802.22,2802.22,2802.22,2802.22,40177,0
^NOMUC,D,20180111,000000,2775.69,2775.69,2775.69,2775.69,96638,0
^NOMUC,D,20180114,000000,2793.69,2793.69,2793.69,2793.69,48073,0
^NOMUC,D,20180115,000000,2826.32,2826.32,2826.32,2826.32,67367,0
^NOMUC,D,20180116,000000,2822.39,2822.39,2822.39,2822.39,42037,0
^NOMUC,D,20180117,000000,2857.1,2857.1,2857.1,2857.1,135045,0
^NOMUC,D,20180118,000000,2849.28,2849.28,2849.28,2849.28,85887,0
^NOMUC,D,20180121,000000,2856.68,2856.68,2856.68,2856.68,92552,0
^NOMUC,D,20180122,000000,2837.91,2837.91,2837.91,2837.91,46230,0
^NOMUC,D,20180123,000000,2839.18,2839.18,2839.18,2839.18,40720,0
^NOMUC,D,20180124,000000,2867.05,2867.05,2867.05,2867.05,57406,0
^NOMUC,D,20180125,000000,2861.07,2861.07,2861.07,2861.07,32810,0
^NOMUC,D,20180128,000000,2830.47,2830.47,2830.47,2830.47,160013,0
^NOMUC,D,20180129,000000,2819.34,2819.34,2819.34,2819.34,171609,0
^NOMUC,D,20180130,000000,2814.1,2814.1,2814.1,2814.1,31880,0
^NOMUC,D,20180131,000000,2789.08,2789.08,2789.08,2789.08,53597,0
^NOMUC,D,20180201,000000,2819.37,2819.37,2819.37,2819.37,38112,0
^NOMUC,D,20180204,000000,2807.36,2807.36,2807.36,2807.36,64452,0
^NOMUC,D,20180205,000000,2871.55,2871.55,2871.55,2871.55,183240,0
^NOMUC,D,20180206,000000,2826.21,2826.21,2826.21,2826.21,117704,0
^NOMUC,D,20180207,000000,2793.36,2793.36,2793.36,2793.36,91348,0
^NOMUC,D,20180208,000000,2779.14,2779.14,2779.14,2779.14,79057,0
^NOMUC,D,20180211,000000,2762.26,2762.26,2762.26,2762.26,86091,0
^NOMUC,D,20180212,000000,2785.92,2785.92,2785.92,2785.92,154571,0
^NOMUC,D,20180213,000000,2810.74,2810.74,2810.74,2810.74,59309,0
^NOMUC,D,20180214,000000,2850.34,2850.34,2850.34,2850.34,206595,0
^NOMUC,D,20180215,000000,2886.48,2886.48,2886.48,2886.48,142228,0
^NOMUC,D,20180218,000000,2871.86,2871.86,2871.86,2871.86,130827,0
^NOMUC,D,20180219,000000,2839.34,2839.34,2839.34,2839.34,38057,0
^NOMUC,D,20180220,000000,2820.58,2820.58,2820.58,2820.58,63492,0
^NOMUC,D,20180221,000000,2849.53,2849.53,2849.53,2849.53,113619,0
^NOMUC,D,20180222,000000,2817.91,2817.91,2817.91,2817.91,68044,0
^NOMUC,D,20180225,000000,2856.45,2856.45,2856.45,2856.45,120082,0
^NOMUC,D,20180226,000000,2792.82,2792.82,2792.82,2792.82,51816,0
^NOMUC,D,20180227,000000,2804.67,2804.67,2804.67,2804.67,54779,0
^NOMUC,D,20180228,000000,2854.44,2854.44,2854.44,2854.44,316712,0
^NOMUC,D,20180301,000000,2874.03,2874.03,2874.03,2874.03,63496,0
^NOMUC,D,20180304,000000,2833.35,2833.35,2833.35,2833.35,35368,0
^NOMUC,D,20180305,000000,2808.95,2808.95,2808.95,2808.95,124618,0
^NOMUC,D,20180306,000000,2793.83,2793.83,2793.83,2793.83,76991,0
^NOMUC,D,20180307,000000,2786.37,2786.37,2786.37,2786.37,81921,0
^NOMUC,D,20180308,000000,2789.78,2789.78,2789.78,2789.78,149369,0
^NOMUC,D,20180311,000000,2780.93,2780.93,2780.93,2780.93,131198,0
^NOMUC,D,20180312,000000,2798.34,2798.34,2798.34,2798.34,140359,0
^NOMUC,D,20180313,000000,2776.53,2776.53,2776.53,2776.53,65606,0
^NOMUC,D,20180314,000000,2751.15,2751.15,2751.15,2751.15,141718,0
^NOMUC,D,20180315,000000,2758.79,2758.79,2758.79,2758.79,58269,0
^NOMUC,D,20180318,000000,2724.97,2724.97,2724.97,2724.97,195854,0
^NOMUC,D,20180319,000000,2731.98,2731.98,2731.98,2731.98,55357,0
^NOMUC,D,20180320,000000,2729.26,2729.26,2729.26,2729.26,53329,0
^NOMUC,D,20180321,000000,2712.21,2712.21,2712.21,2712.21,54440,0
^NOMUC,D,20180322,000000,2710.48,2710.48,2710.48,2710.48,65934,0
^NOMUC,D,20180325,000000,2716.36,2716.36,2716.36,2716.36,45224,0
^NOMUC,D,20180326,000000,2720.07,2720.07,2720.07,2720.07,114909,0
^NOMUC,D,20180327,000000,2699.94,2699.94,2699.94,2699.94,71835,0
^NOMUC,D,20180328,000000,2735.9,2735.9,2735.9,2735.9,78255,0
^NOMUC,D,20180329,000000,2665.66,2665.66,2665.66,2665.66,220703,0
^NOMUC,D,20180401,000000,2619.45,2619.45,2619.45,2619.45,190291,0
^NOMUC,D,20180402,000000,2643.91,2643.91,2643.91,2643.91,142127,0
^NOMUC,D,20180403,000000,2648.04,2648.04,2648.04,2648.04,107825,0
^NOMUC,D,20180404,000000,2673.12,2673.12,2673.12,2673.12,90378,0
^NOMUC,D,20180405,000000,2689.86,2689.86,2689.86,2689.86,50402,0
^NOMUC,D,20180408,000000,2688.22,2688.22,2688.22,2688.22,65619,0
^NOMUC,D,20180409,000000,2685.14,2685.14,2685.14,2685.14,22395,0
^NOMUC,D,20180410,000000,2759.56,2759.56,2759.56,2759.56,95957,0
^NOMUC,D,20180411,000000,2705.55,2705.55,2705.55,2705.55,673104,0
^NOMUC,D,20180412,000000,2722.13,2722.13,2722.13,2722.13,29854,0
^NOMUC,D,20180415,000000,2765.5,2765.5,2765.5,2765.5,47675,0
^NOMUC,D,20180416,000000,2921.06,2921.06,2921.06,2921.06,415345,0
^NOMUC,D,20180417,000000,2939.64,2939.64,2939.64,2939.64,155727,0
^NOMUC,D,20180418,000000,2959.51,2959.51,2959.51,2959.51,236583,0
^NOMUC,D,20180419,000000,2916.49,2916.49,2916.49,2916.49,64369,0
^NOMUC,D,20180422,000000,2918.79,2918.79,2918.79,2918.79,45403,0
^NOMUC,D,20180423,000000,2931.42,2931.42,2931.42,2931.42,51752,0
^NOMUC,D,20180424,000000,2926.23,2926.23,2926.23,2926.23,68989,0
^NOMUC,D,20180425,000000,2977.34,2977.34,2977.34,2977.34,32766,0
^NOMUC,D,20180426,000000,2992.3,2992.3,2992.3,2992.3,102885,0
^NOMUC,D,20180429,000000,2998.75,2998.75,2998.75,2998.75,81492,0
^NOMUC,D,20180430,000000,3003.52,3003.52,3003.52,3003.52,299790,0
^NOMUC,D,20180501,000000,3005.94,3005.94,3005.94,3005.94,79660,0
^NOMUC,D,20180502,000000,2933.04,2933.04,2933.04,2933.04,64612,0
^NOMUC,D,20180503,000000,2929.99,2929.99,2929.99,2929.99,234486,0
^NOMUC,D,20180506,000000,2907.34,2907.34,2907.34,2907.34,39231,0
^NOMUC,D,20180507,000000,2904.68,2904.68,2904.68,2904.68,53491,0
^NOMUC,D,20180508,000000,2873.58,2873.58,2873.58,2873.58,26234,0
^NOMUC,D,20180509,000000,2841.01,2841.01,2841.01,2841.01,75422,0
^NOMUC,D,20180510,000000,2838.2,2838.2,2838.2,2838.2,42182,0
^NOMUC,D,20180513,000000,2858.91,2858.91,2858.91,2858.91,28524,0
^NOMUC,D,20180514,000000,2861.16,2861.16,2861.16,2861.16,63290,0
^NOMUC,D,20180515,000000,2847.48,2847.48,2847.48,2847.48,30324,0
^NOMUC,D,20180516,000000,2843.73,2843.73,2843.73,2843.73,13964,0
^NOMUC,D,20180517,000000,2826.46,2826.46,2826.46,2826.46,23391,0
^NOMUC,D,20180520,000000,2864.25,2864.25,2864.25,2864.25,96272,0
^NOMUC,D,20180521,000000,2831.66,2831.66,2831.66,2831.66,73312,0
^NOMUC,D,20180522,000000,2847.1,2847.1,2847.1,2847.1,22658,0
^NOMUC,D,20180523,000000,2778.05,2778.05,2778.05,2778.05,243717,0
^NOMUC,D,20180524,000000,2777.31,2777.31,2777.31,2777.31,844941,0
^NOMUC,D,20180527,000000,2840.76,2840.76,2840.76,2840.76,38612,0
^NOMUC,D,20180528,000000,2773.76,2773.76,2773.76,2773.76,53804,0
^NOMUC,D,20180529,000000,2781.23,2781.23,2781.23,2781.23,133440,0
^NOMUC,D,20180530,000000,2781.38,2781.38,2781.38,2781.38,95443,0
^NOMUC,D,20180531,000000,2810.22,2810.22,2810.22,2810.22,66145,0
^NOMUC,D,20180603,000000,2845.43,2845.43,2845.43,2845.43,38067,0
^NOMUC,D,20180604,000000,2828.72,2828.72,2828.72,2828.72,451164,0
^NOMUC,D,20180605,000000,2788.56,2788.56,2788.56,2788.56,68084,0
^NOMUC,D,20180606,000000,2812.58,2812.58,2812.58,2812.58,455328,0
^NOMUC,D,20180607,000000,2822.63,2822.63,2822.63,2822.63,45538,0
^NOMUC,D,20180610,000000,2816.56,2816.56,2816.56,2816.56,24118,0
^NOMUC,D,20180611,000000,2819.56,2819.56,2819.56,2819.56,18943,0
^NOMUC,D,20180612,000000,2862.15,2862.15,2862.15,2862.15,59936,0
^NOMUC,D,20180620,000000,2861.24,2861.24,2861.24,2861.24,20171,0
^NOMUC,D,20180621,000000,2850.25,2850.25,2850.25,2850.25,23887,0
^NOMUC,D,20180624,000000,2882.6,2882.6,2882.6,2882.6,74349,0
^NOMUC,D,20180625,000000,2836.99,2836.99,2836.99,2836.99,299207,0
^NOMUC,D,20180626,000000,2837.39,2837.39,2837.39,2837.39,83654,0
^NOMUC,D,20180627,000000,2825.16,2825.16,2825.16,2825.16,124864,0
^NOMUC,D,20180628,000000,2772.13,2772.13,2772.13,2772.13,149464,0
^NOMUC,D,20180701,000000,2692.27,2692.27,2692.27,2692.27,74803,0
^NOMUC,D,20180702,000000,2655.28,2655.28,2655.28,2655.28,340844,0
^NOMUC,D,20180703,000000,2669.7,2669.7,2669.7,2669.7,111213,0
^NOMUC,D,20180704,000000,2688.45,2688.45,2688.45,2688.45,105850,0
^NOMUC,D,20180705,000000,2682.68,2682.68,2682.68,2682.68,675166,0
^NOMUC,D,20180708,000000,2584.24,2584.24,2584.24,2584.24,609962,0
^NOMUC,D,20180709,000000,2581.29,2581.29,2581.29,2581.29,191237,0
^NOMUC,D,20180710,000000,2607.62,2607.62,2607.62,2607.62,40548,0
^NOMUC,D,20180711,000000,2612.37,2612.37,2612.37,2612.37,323042,0
^NOMUC,D,20180712,000000,2615.24,2615.24,2615.24,2615.24,42819,0
^NOMUC,D,20180715,000000,2622.67,2622.67,2622.67,2622.67,31521,0
^NOMUC,D,20180716,000000,2618.15,2618.15,2618.15,2618.15,46331,0
^NOMUC,D,20180717,000000,2659.87,2659.87,2659.87,2659.87,50933,0
^NOMUC,D,20180718,000000,2611.65,2611.65,2611.65,2611.65,80212,0
^NOMUC,D,20180719,000000,2589.12,2589.12,2589.12,2589.12,79687,0
^NOMUC,D,20180722,000000,2603.49,2603.49,2603.49,2603.49,43562,0
^NOMUC,D,20180723,000000,2597.7,2597.7,2597.7,2597.7,85076,0
^NOMUC,D,20180724,000000,2563.18,2563.18,2563.18,2563.18,74310,0
^NOMUC,D,20180725,000000,2579.54,2579.54,2579.54,2579.54,105955,0
^NOMUC,D,20180726,000000,2556.76,2556.76,2556.76,2556.76,29745,0
^NOMUC,D,20180729,000000,2564.17,2564.17,2564.17,2564.17,11108,0
^NOMUC,D,20180730,000000,2570.41,2570.41,2570.41,2570.41,29831,0
^NOMUC,D,20180731,000000,2588.03,2588.03,2588.03,2588.03,75943,0
^NOMUC,D,20180801,000000,2608.55,2608.55,2608.55,2608.55,38658,0
^NOMUC,D,20180802,000000,2614.51,2614.51,2614.51,2614.51,62825,0
^NOMUC,D,20180805,000000,2612.75,2612.75,2612.75,2612.75,39507,0
^NOMUC,D,20180806,000000,2575.93,2575.93,2575.93,2575.93,74144,0
^NOMUC,D,20180807,000000,2552.94,2552.94,2552.94,2552.94,67744,0
^NOMUC,D,20180808,000000,2599.26,2599.26,2599.26,2599.26,158961,0
^NOMUC,D,20180809,000000,2580.71,2580.71,2580.71,2580.71,79349,0
^NOMUC,D,20180812,000000,2597.23,2597.23,2597.23,2597.23,83970,0
^NOMUC,D,20180813,000000,2528.04,2528.04,2528.04,2528.04,179249,0
^NOMUC,D,20180814,000000,2503.11,2503.11,2503.11,2503.11,155637,0
^NOMUC,D,20180815,000000,2520.64,2520.64,2520.64,2520.64,100016,0
^NOMUC,D,20180816,000000,2579.31,2579.31,2579.31,2579.31,145737,0
^NOMUC,D,20180826,000000,2557.29,2557.29,2557.29,2557.29,83537,0
^NOMUC,D,20180827,000000,2562.6,2562.6,2562.6,2562.6,58981,0
^NOMUC,D,20180828,000000,2594.34,2594.34,2594.34,2594.34,179922,0
^NOMUC,D,20180829,000000,2590.33,2590.33,2590.33,2590.33,27959,0
^NOMUC,D,20180830,000000,2606.34,2606.34,2606.34,2606.34,114193,0
^NOMUC,D,20180902,000000,2605.51,2605.51,2605.51,2605.51,239419,0
^NOMUC,D,20180903,000000,2584.57,2584.57,2584.57,2584.57,33800,0
^NOMUC,D,20180904,000000,2551.37,2551.37,2551.37,2551.37,38643,0
^NOMUC,D,20180905,000000,2492.48,2492.48,2492.48,2492.48,171571,0
^NOMUC,D,20180906,000000,2476.14,2476.14,2476.14,2476.14,41933,0
^NOMUC,D,20180909,000000,2467.98,2467.98,2467.98,2467.98,160882,0
^NOMUC,D,20180910,000000,2493.65,2493.65,2493.65,2493.65,26080,0
^NOMUC,D,20180911,000000,2499.03,2499.03,2499.03,2499.03,38558,0
^NOMUC,D,20180912,000000,2475.09,2475.09,2475.09,2475.09,288387,0
^NOMUC,D,20180913,000000,2495.76,2495.76,2495.76,2495.76,4355,0
^NOMUC,D,20180916,000000,2436.65,2436.65,2436.65,2436.65,67218,0
^NOMUC,D,20180917,000000,2436.42,2436.42,2436.42,2436.42,39047,0
^NOMUC,D,20180918,000000,2438.44,2438.44,2438.44,2438.44,50835,0
^NOMUC,D,20180919,000000,2478.06,2478.06,2478.06,2478.06,50833,0
^NOMUC,D,20180920,000000,2449.31,2449.31,2449.31,2449.31,112206,0
^NOMUC,D,20180925,000000,2448.2,2448.2,2448.2,2448.2,64231,0
^NOMUC,D,20180926,000000,2473.34,2473.34,2473.34,2473.34,62159,0
^NOMUC,D,20180927,000000,2460.55,2460.55,2460.55,2460.55,104722,0
^NOMUC,D,20180930,000000,2433.01,2433.01,2433.01,2433.01,59509,0
^NOMUC,D,20181001,000000,2445.53,2445.53,2445.53,2445.53,26792,0
^NOMUC,D,20181002,000000,2442.24,2442.24,2442.24,2442.24,88846,0
^NOMUC,D,20181003,000000,2446.1,2446.1,2446.1,2446.1,20089,0
^NOMUC,D,20181004,000000,2462.05,2462.05,2462.05,2462.05,41010,0
^NOMUC,D,20181007,000000,2368.83,2368.83,2368.83,2368.83,87296,0
^NOMUC,D,20181008,000000,2371.22,2371.22,2371.22,2371.22,133340,0
^NOMUC,D,20181009,000000,2391.12,2391.12,2391.12,2391.12,90238,0
^NOMUC,D,20181010,000000,2405.03,2405.03,2405.03,2405.03,20704,0
^NOMUC,D,20181011,000000,2348.81,2348.81,2348.81,2348.81,120561,0
^NOMUC,D,20181014,000000,2280.55,2280.55,2280.55,2280.55,111092,0
^NOMUC,D,20181015,000000,2276.22,2276.22,2276.22,2276.22,69266,0
^NOMUC,D,20181016,000000,2271.99,2271.99,2271.99,2271.99,65044,0
^NOMUC,D,20181017,000000,2275.6,2275.6,2275.6,2275.6,118379,0
^NOMUC,D,20181018,000000,2301.95,2301.95,2301.95,2301.95,76584,0
^NOMUC,D,20181021,000000,2272.21,2272.21,2272.21,2272.21,14979,0
^NOMUC,D,20181022,000000,2284.03,2284.03,2284.03,2284.03,64917,0
^NOMUC,D,20181023,000000,2264.03,2264.03,2264.03,2264.03,51885,0
^NOMUC,D,20181024,000000,2312.66,2312.66,2312.66,2312.66,45349,0
^NOMUC,D,20181025,000000,2327.17,2327.17,2327.17,2327.17,45202,0
^NOMUC,D,20181028,000000,2430.66,2430.66,2430.66,2430.66,81116,0
^NOMUC,D,20181029,000000,2434.76,2434.76,2434.76,2434.76,67643,0
^NOMUC,D,20181030,000000,2436.3,2436.3,2436.3,2436.3,22661,0
^NOMUC,D,20181031,000000,2416,2416,2416,2416,74329,0
^NOMUC,D,20181101,000000,2462.92,2462.92,2462.92,2462.92,272581,0
^NOMUC,D,20181104,000000,2469.84,2469.84,2469.84,2469.84,194330,0
^NOMUC,D,20181105,000000,2473.96,2473.96,2473.96,2473.96,52473,0
^NOMUC,D,20181106,000000,2465.94,2465.94,2465.94,2465.94,60979,0
^NOMUC,D,20181107,000000,2452.1,2452.1,2452.1,2452.1,16233,0
^NOMUC,D,20181108,000000,2449.01,2449.01,2449.01,2449.01,6346,0
^NOMUC,D,20181111,000000,2446.9,2446.9,2446.9,2446.9,43056,0
^NOMUC,D,20181112,000000,2430.93,2430.93,2430.93,2430.93,62918,0
^NOMUC,D,20181113,000000,2412.73,2412.73,2412.73,2412.73,151553,0
^NOMUC,D,20181114,000000,2404.37,2404.37,2404.37,2404.37,15482,0
^NOMUC,D,20181115,000000,2401.05,2401.05,2401.05,2401.05,12019,0
^NOMUC,D,20181118,000000,2389.1,2389.1,2389.1,2389.1,41321,0
^NOMUC,D,20181119,000000,2397.22,2397.22,2397.22,2397.22,17164,0
^NOMUC,D,20181120,000000,2385.7,2385.7,2385.7,2385.7,32717,0
^NOMUC,D,20181121,000000,2387.41,2387.41,2387.41,2387.41,43052,0
^NOMUC,D,20181122,000000,2429.74,2429.74,2429.74,2429.74,58589,0
^NOMUC,D,20181125,000000,2409.34,2409.34,2409.34,2409.34,28796,0
^NOMUC,D,20181126,000000,2387.19,2387.19,2387.19,2387.19,57173,0
^NOMUC,D,20181127,000000,2356.75,2356.75,2356.75,2356.75,118483,0
^NOMUC,D,20181128,000000,2381.95,2381.95,2381.95,2381.95,58546,0
^NOMUC,D,20181129,000000,2399.26,2399.26,2399.26,2399.26,69877,0
^NOMUC,D,20181202,000000,2444.55,2444.55,2444.55,2444.55,110031,0
^NOMUC,D,20181203,000000,2484.99,2484.99,2484.99,2484.99,355584,0
^NOMUC,D,20181204,000000,2481.24,2481.24,2481.24,2481.24,111426,0
^NOMUC,D,20181205,000000,2474,2474,2474,2474,78869,0
^NOMUC,D,20181206,000000,2473.94,2473.94,2473.94,2473.94,90438,0
^NOMUC,D,20181209,000000,2487.32,2487.32,2487.32,2487.32,63720,0
^NOMUC,D,20181210,000000,2500.12,2500.12,2500.12,2500.12,141053,0
^NOMUC,D,20181211,000000,2494.22,2494.22,2494.22,2494.22,130324,0
^NOMUC,D,20181212,000000,2543.12,2543.12,2543.12,2543.12,85755,0
^NOMUC,D,20181213,000000,2642.38,2642.38,2642.38,2642.38,361274,0
^NOMUC,D,20181216,000000,2692.53,2692.53,2692.53,2692.53,201332,0
^NOMUC,D,20181217,000000,2718.02,2718.02,2718.02,2718.02,275807,0
^NOMUC,D,20181218,000000,2691.48,2691.48,2691.48,2691.48,164155,0
^NOMUC,D,20181219,000000,2677.25,2677.25,2677.25,2677.25,108500,0
^NOMUC,D,20181220,000000,2609.85,2609.85,2609.85,2609.85,199035,0
^NOMUC,D,20181223,000000,2568.07,2568.07,2568.07,2568.07,49149,0
^NOMUC,D,20181224,000000,2571.12,2571.12,2571.12,2571.12,32221,0
^NOMUC,D,20181225,000000,2641.7,2641.7,2641.7,2641.7,55494,0
^NOMUC,D,20181226,000000,2586.73,2586.73,2586.73,2586.73,131274,0
^NOMUC,D,20181227,000000,2658.73,2658.73,2658.73,2658.73,60467,0
^NOMUC,D,20181230,000000,2696.54,2696.54,2696.54,2696.54,89954,0
^NOMUC,D,20181231,000000,2778.02,2778.02,2778.02,2778.02,132620,0
^NOMUC,D,20190101,000000,2785.04,2785.04,2785.04,2785.04,116215,0
^NOMUC,D,20190102,000000,2807.44,2807.44,2807.44,2807.44,148017,0
^NOMUC,D,20190103,000000,2802.26,2802.26,2802.26,2802.26,201698,0
^NOMUC,D,20190106,000000,2779.41,2779.41,2779.41,2779.41,67095,0
^NOMUC,D,20190107,000000,2763.95,2763.95,2763.95,2763.95,102255,0
^NOMUC,D,20190108,000000,2816.29,2816.29,2816.29,2816.29,79572,0
^NOMUC,D,20190109,000000,2831.08,2831.08,2831.08,2831.08,62216,0
^NOMUC,D,20190110,000000,2839.74,2839.74,2839.74,2839.74,47563,0
^NOMUC,D,20190113,000000,2876.64,2876.64,2876.64,2876.64,58517,0
^NOMUC,D,20190114,000000,2883.73,2883.73,2883.73,2883.73,452989,0
^NOMUC,D,20190115,000000,3012.63,3012.63,3012.63,3012.63,253291,0
^NOMUC,D,20190116,000000,2987.23,2987.23,2987.23,2987.23,168804,0
^NOMUC,D,20190117,000000,3021.83,3021.83,3021.83,3021.83,127224,0
^NOMUC,D,20190120,000000,3041.35,3041.35,3041.35,3041.35,45538,0
^NOMUC,D,20190121,000000,3063.16,3063.16,3063.16,3063.16,106349,0
^NOMUC,D,20190122,000000,3055.09,3055.09,3055.09,3055.09,45683,0
^NOMUC,D,20190123,000000,3008.02,3008.02,3008.02,3008.02,103652,0
^NOMUC,D,20190124,000000,3078.51,3078.51,3078.51,3078.51,117953,0
^NOMUC,D,20190127,000000,3019.75,3019.75,3019.75,3019.75,36663,0
^NOMUC,D,20190128,000000,3014.01,3014.01,3014.01,3014.01,43034,0
^NOMUC,D,20190129,000000,3100.68,3100.68,3100.68,3100.68,86703,0
^NOMUC,D,20190130,000000,3170.44,3170.44,3170.44,3170.44,41063,0
^NOMUC,D,20190131,000000,3253.89,3253.89,3253.89,3253.89,141641,0
^NOMUC,D,20190203,000000,3362.1,3362.1,3362.1,3362.1,120187,0
^NOMUC,D,20190204,000000,3347.43,3347.43,3347.43,3347.43,112880,0
^NOMUC,D,20190205,000000,3360.72,3360.72,3360.72,3360.72,77496,0
^NOMUC,D,20190206,000000,3376.88,3376.88,3376.88,3376.88,70730,0
^NOMUC,D,20190207,000000,3489.05,3489.05,3489.05,3489.05,196052,0
^NOMUC,D,20190210,000000,3656.06,3656.06,3656.06,3656.06,269496,0
^NOMUC,D,20190211,000000,3496.57,3496.57,3496.57,3496.57,784342,0
^NOMUC,D,20190212,000000,3447.16,3447.16,3447.16,3447.16,124885,0
^NOMUC,D,20190213,000000,3575.62,3575.62,3575.62,3575.62,524782,0
^NOMUC,D,20190214,000000,3567.63,3567.63,3567.63,3567.63,107680,0
^NOMUC,D,20190217,000000,3609.49,3609.49,3609.49,3609.49,187652,0
^NOMUC,D,20190218,000000,3605.03,3605.03,3605.03,3605.03,104980,0
^NOMUC,D,20190219,000000,3610.75,3610.75,3610.75,3610.75,63213,0
^NOMUC,D,20190220,000000,3622.79,3622.79,3622.79,3622.79,65446,0
^NOMUC,D,20190221,000000,3599.34,3599.34,3599.34,3599.34,57927,0
^NOMUC,D,20190224,000000,3626.19,3626.19,3626.19,3626.19,75875,0
^NOMUC,D,20190225,000000,3618.73,3618.73,3618.73,3618.73,109518,0
^NOMUC,D,20190226,000000,3640.22,3640.22,3640.22,3640.22,99437,0
^NOMUC,D,20190227,000000,3704.3,3704.3,3704.3,3704.3,95685,0
^NOMUC,D,20190228,000000,3696.42,3696.42,3696.42,3696.42,217023,0
^NOMUC,D,20190303,000000,3746.08,3746.08,3746.08,3746.08,151884,0
^NOMUC,D,20190304,000000,3738.6,3738.6,3738.6,3738.6,147841,0
^NOMUC,D,20190305,000000,3733,3733,3733,3733,42077,0
^NOMUC,D,20190306,000000,3798.63,3798.63,3798.63,3798.63,185980,0
^NOMUC,D,20190307,000000,3759.38,3759.38,3759.38,3759.38,58475,0
^NOMUC,D,20190310,000000,3759.85,3759.85,3759.85,3759.85,75265,0
^NOMUC,D,20190311,000000,3757.12,3757.12,3757.12,3757.12,80988,0
^NOMUC,D,20190312,000000,3716.27,3716.27,3716.27,3716.27,93858,0
^NOMUC,D,20190313,000000,3708.7,3708.7,3708.7,3708.7,87329,0
^NOMUC,D,20190314,000000,3703.12,3703.12,3703.12,3703.12,55162,0
^NOMUC,D,20190317,000000,3710.91,3710.91,3710.91,3710.91,60416,0
^NOMUC,D,20190318,000000,3704.24,3704.24,3704.24,3704.24,44188,0
^NOMUC,D,20190319,000000,3721.51,3721.51,3721.51,3721.51,67466,0
^NOMUC,D,20190320,000000,3679.63,3679.63,3679.63,3679.63,177160,0
^NOMUC,D,20190321,000000,3652.69,3652.69,3652.69,3652.69,94584,0
^NOMUC,D,20190324,000000,3614.51,3704.83,3585.74,3614.51,122564,0
^NOMUC,D,20190325,000000,3614.51,3619.69,3587.02,3604.92,62218,0
^NOMUC,D,20190326,000000,3604.92,3674.94,3600.48,3657.96,118484,0
^NOMUC,D,20190327,000000,3657.96,3657.96,3640.88,3650.18,72305,0
^NOMUC,D,20190328,000000,3650.18,3708.39,3644.09,3708.39,147416,0
^NOMUC,D,20190331,000000,3708.39,3708.39,3641.98,3694.42,124629,0
^NOMUC,D,20190401,000000,3694.42,3705.54,3691.63,3692.18,54174,0
^NOMUC,D,20190402,000000,3690.38,3690.38,3666.54,3678.84,75622,0
^NOMUC,D,20190403,000000,3676.55,3676.55,3610.58,3610.58,112083,0
^NOMUC,D,20190404,000000,3610.58,3620.26,3604.82,3604.82,57938,0
^NOMUC,D,20190407,000000,3604.82,3604.82,3561.38,3561.38,158968,0
^NOMUC,D,20190408,000000,3561.38,3585.49,3557.36,3559.41,122489,0
^NOMUC,D,20190409,000000,3559.41,3577.49,3559.41,3570.32,31965,0
^NOMUC,D,20190410,000000,3570.32,3605.27,3568.86,3568.86,49401,0
^NOMUC,D,20190411,000000,3572.06,3627.1,3572.06,3627.1,73043,0
^NOMUC,D,20190414,000000,3628.61,3647.2,3628.61,3642.28,105808,0
^NOMUC,D,20190415,000000,3642.28,3649.55,3626.33,3626.33,144408,0
^NOMUC,D,20190416,000000,3626.33,3643.32,3617.69,3620.95,143486,0
^NOMUC,D,20190417,000000,3620.95,3628.84,3614.93,3624.72,78784,0
^NOMUC,D,20190418,000000,3624.72,3639.31,3623.44,3636.69,44336,0
^NOMUC,D,20190421,000000,3636.69,3641.09,3555.19,3556.53,40774,0
^NOMUC,D,20190422,000000,3556.53,3556.53,3546.28,3546.37,17138,0
^NOMUC,D,20190423,000000,3546.37,3546.37,3541.25,3541.79,20445,0
^NOMUC,D,20190424,000000,3541.79,3552.88,3541.79,3551.24,100531,0
^NOMUC,D,20190425,000000,3551.24,3551.24,3551.24,3551.24,16738,0
^NOMUC,D,20190428,000000,3557.46,3578.02,3557.46,3564.41,117984,0
^NOMUC,D,20190429,000000,3564.41,3565.75,3563.07,3565.75,41777,0
^NOMUC,D,20190430,000000,3565.75,3587.88,3561.83,3587.88,103670,0
^NOMUC,D,20190501,000000,3587.88,3587.91,3552.71,3586.28,90162,0
^NOMUC,D,20190502,000000,3586.28,3586.28,3576.39,3577.04,45713,0
^NOMUC,D,20190505,000000,3577.04,3604.69,3569.47,3574.77,94470,0
^NOMUC,D,20190506,000000,3574.77,3575.48,3474.9,3478.47,68464,0
^NOMUC,D,20190507,000000,3478.47,3478.47,3430.09,3444.52,130934,0
^NOMUC,D,20190508,000000,3444.52,3474.15,3438.83,3474.15,47751,0
^NOMUC,D,20190509,000000,3479.18,3517.15,3479.18,3508.74,42814,0
^NOMUC,D,20190512,000000,3508.74,3513.14,3493.3,3493.3,49394,0
^NOMUC,D,20190513,000000,3493.3,3493.3,3394.29,3424.31,162755,0
^NOMUC,D,20190514,000000,3424.31,3433.83,3403.21,3403.21,97829,0
^NOMUC,D,20190515,000000,3403.21,3442.64,3401.16,3442.64,29633,0
^NOMUC,D,20190516,000000,3462.11,3489.57,3462.11,3489.57,146950,0
^NOMUC,D,20190519,000000,3489.57,3489.57,3398.15,3398.15,97531,0
^NOMUC,D,20190520,000000,3398.15,3424.25,3398.15,3418.2,109857,0
^NOMUC,D,20190521,000000,3417.22,3417.22,3352.4,3368.02,70851,0
^NOMUC,D,20190522,000000,3384.14,3411.99,3384.14,3391.15,53482,0
^NOMUC,D,20190523,000000,3391.15,3431.13,3374.69,3431.13,22269,0
^NOMUC,D,20190526,000000,3431.13,3467.33,3415,3464.47,27979,0
^NOMUC,D,20190527,000000,3464.47,3464.47,3410.72,3413.59,28051,0
^NOMUC,D,20190528,000000,3413.59,3455.86,3400.8,3455.86,42541,0
^NOMUC,D,20190529,000000,3455.86,3476.98,3425.18,3435.74,47866,0
^NOMUC,D,20190530,000000,3435.74,3483.24,3388.02,3474.69,165154,0
^NOMUC,D,20190609,000000,3474.69,3479.52,3438.78,3452.8,67527,0
^NOMUC,D,20190610,000000,3452.8,3487.21,3442.46,3462.95,73375,0
^NOMUC,D,20190611,000000,3462.95,3462.95,3408.12,3419.59,147426,0
^NOMUC,D,20190612,000000,3419.59,3554.82,3419.59,3548.31,221939,0
^NOMUC,D,20190613,000000,3548.31,3562.99,3525.62,3537.26,239579,0
^NOMUC,D,20190616,000000,3537.26,3572.25,3533,3571.27,120366,0
^NOMUC,D,20190617,000000,3571.27,3587.91,3541.59,3587.74,160792,0
^NOMUC,D,20190618,000000,3587.74,3599.61,3584.57,3587.51,289471,0
^NOMUC,D,20190619,000000,3587.51,3649.44,3576.2,3649.44,107773,0
^NOMUC,D,20190620,000000,3661.16,3732.57,3661.16,3732.57,125642,0
^NOMUC,D,20190623,000000,3732.57,3738.56,3713.8,3738.4,283579,0
^NOMUC,D,20190624,000000,3738.4,3785.1,3654.17,3654.17,380259,0
^NOMUC,D,20190625,000000,3654.17,3692.87,3650.07,3673.52,114800,0
^NOMUC,D,20190626,000000,3673.52,3682.39,3640.63,3641.12,193192,0
^NOMUC,D,20190627,000000,3641.12,3722.21,3641.12,3716.15,180030,0
^NOMUC,D,20190630,000000,3716.15,3854.23,3712.45,3808.22,545515,0
^NOMUC,D,20190701,000000,3808.22,3833.87,3777.79,3802.85,232299,0
^NOMUC,D,20190702,000000,3802.85,3842.62,3802.85,3813.52,282422,0
^NOMUC,D,20190703,000000,3813.52,3885.44,3812.43,3881.28,229208,0
^NOMUC,D,20190704,000000,3896.96,4069.97,3896.96,4023.45,396838,0
^NOMUC,D,20190707,000000,4023.45,4040.48,3816.79,3939.35,542616,0
^NOMUC,D,20190708,000000,3914.75,3914.75,3797.59,3797.59,181439,0
^NOMUC,D,20190709,000000,3797.59,3857.62,3759.47,3790.56,397341,0
^NOMUC,D,20190710,000000,3790.56,3889.94,3790.34,3874.14,387421,0
^NOMUC,D,20190711,000000,3874.14,3889.41,3783.89,3831.83,423083,0
^NOMUC,D,20190714,000000,3831.83,3867.39,3807.24,3817.15,250323,0
^NOMUC,D,20190715,000000,3828.63,3869.96,3828.63,3843.91,214304,0
^NOMUC,D,20190716,000000,3824.92,3824.92,3784.65,3784.65,108919,0
^NOMUC,D,20190717,000000,3784.65,3804.75,3783.56,3786.92,100215,0
^NOMUC,D,20190718,000000,3791.16,3835.19,3791.16,3828.14,103469,0
^NOMUC,D,20190721,000000,3828.14,3853.51,3747.8,3757.51,118479,0
^NOMUC,D,20190722,000000,3801.93,3848.91,3801.93,3822.76,193419,0
^NOMUC,D,20190723,000000,3822.76,3852.52,3804.27,3818.06,99188,0
^NOMUC,D,20190724,000000,3818.06,3847.73,3793.96,3796.9,130147,0
^NOMUC,D,20190725,000000,3793.34,3793.34,3766.34,3786.25,50888,0
^NOMUC,D,20190728,000000,3786.25,3786.25,3747.62,3764.49,43487,0
^NOMUC,D,20190729,000000,3764.49,3793.51,3760.79,3781.98,104287,0
^NOMUC,D,20190730,000000,3781.98,3809.17,3774.58,3802.72,35685,0
^NOMUC,D,20190731,000000,3802.72,3808.08,3762.23,3808.08,67993,0
^NOMUC,D,20190801,000000,3799.35,3799.35,3775.72,3775.72,106357,0
^NOMUC,D,20190804,000000,3775.72,3795.7,3766.62,3766.82,42666,0
^NOMUC,D,20190805,000000,3766.82,3776.62,3720.89,3763.59,95251,0
^NOMUC,D,20190806,000000,3763.59,3763.59,3707.75,3746.92,38925,0
^NOMUC,D,20190807,000000,3748.51,3789.87,3748.51,3779.79,39786,0
^NOMUC,D,20190808,000000,3797.11,3984.38,3797.11,3969.99,101880,0
^NOMUC,D,20190818,000000,3969.99,3983.63,3944.37,3978.43,43636,0
^NOMUC,D,20190819,000000,3978.43,3979.96,3831.22,3859.59,55029,0
^NOMUC,D,20190820,000000,3859.59,3911.29,3846.32,3876.97,39358,0
^NOMUC,D,20190821,000000,3876.97,3883.93,3852.17,3862.61,64272,0
^NOMUC,D,20190822,000000,3862.61,3865.16,3807.58,3813.25,111594,0
^NOMUC,D,20190825,000000,3813.25,3816.95,3739.09,3743,71338,0
^NOMUC,D,20190826,000000,3743,3832.66,3725.54,3825.53,34031,0
^NOMUC,D,20190827,000000,3825.53,3825.53,3825.53,3825.53,60287,0
^NOMUC,D,20190828,000000,3825.53,3844.3,3764.49,3829.52,34872,0
^NOMUC,D,20190829,000000,3829.52,3867.98,3829.52,3867.98,33178,0
^NOMUC,D,20190901,000000,3867.98,3867.98,3762.06,3762.06,39039,0
^NOMUC,D,20190902,000000,3767,3787.65,3767,3767,19641,0
^NOMUC,D,20190903,000000,3767,3768.55,3734.31,3734.31,42957,0
^NOMUC,D,20190904,000000,3734.31,3765.91,3699.36,3765.91,97534,0
^NOMUC,D,20190905,000000,3757.54,3757.54,3717.68,3740.31,92128,0
^NOMUC,D,20190908,000000,3740.31,3762.13,3722.28,3733.91,110789,0
^NOMUC,D,20190909,000000,3733.91,3770.98,3724.58,3770.98,82416,0
^NOMUC,D,20190910,000000,3770.98,3795.05,3695.97,3697.55,87018,0
^NOMUC,D,20190911,000000,3697.55,3708.21,3664.12,3693.9,106780,0
^NOMUC,D,20190912,000000,3693.9,3760.04,3687.78,3701.08,120009,0
^NOMUC,D,20190915,000000,3701.08,3701.38,3667.93,3667.93,211381,0
^NOMUC,D,20190916,000000,3667.93,3682.62,3657.98,3657.98,43954,0
^NOMUC,D,20190917,000000,3657.98,3657.98,3623.25,3623.25,40291,0
^NOMUC,D,20190918,000000,3623.25,3628.31,3596.78,3625.21,36276,0
^NOMUC,D,20190919,000000,3625.21,3628.64,3622.28,3622.28,62557,0
^NOMUC,D,20190922,000000,3635.05,3641.67,3635.05,3639.52,73057,0
^NOMUC,D,20190924,000000,3639.52,3668.12,3636.11,3651.46,72240,0
^NOMUC,D,20190925,000000,3651.46,3661.78,3640.77,3642.7,77281,0
^NOMUC,D,20190926,000000,3643.89,3715.13,3643.89,3704.24,53328,0
^NOMUC,D,20190929,000000,3704.24,3784.64,3704.24,3784.64,42165,0
^NOMUC,D,20190930,000000,3784.64,3789.32,3756.42,3777.44,94022,0
^NOMUC,D,20191001,000000,3777.44,3817.23,3773.48,3773.48,100875,0
^NOMUC,D,20191002,000000,3773.48,3783.89,3765.79,3775.34,43412,0
^NOMUC,D,20191003,000000,3775.34,3790.74,3775.34,3776.37,61980,0
^NOMUC,D,20191006,000000,3776.37,3840.2,3776.37,3831.98,71707,0
^NOMUC,D,20191007,000000,3920.68,4268.63,3920.68,3920.68,804675,0
^NOMUC,D,20191008,000000,3920.68,3958.1,3634.38,3755.15,419823,0
^NOMUC,D,20191009,000000,3755.15,3779,3514.87,3553.39,318526,0
^NOMUC,D,20191010,000000,3553.39,3568.3,3433.02,3523.71,43465,0
^NOMUC,D,20191013,000000,3523.71,3594.06,3482.73,3489.56,188027,0
^NOMUC,D,20191014,000000,3473.11,3473.11,3398.78,3430.72,34954,0
^NOMUC,D,20191015,000000,3430.72,3493.54,3410.74,3493.54,55386,0
^NOMUC,D,20191016,000000,3493.54,3620.54,3440.91,3620.54,182435,0
^NOMUC,D,20191017,000000,3620.54,3708.03,3593.14,3685.06,322654,0
^NOMUC,D,20191020,000000,3685.06,3702.87,3637.77,3664.37,274359,0
^NOMUC,D,20191021,000000,3664.37,3810.31,3642.86,3742.43,315428,0
^NOMUC,D,20191022,000000,3742.43,3984.31,3742.12,3968.25,581425,0
^NOMUC,D,20191023,000000,3968.25,4006.2,3912.07,3922.06,289652,0
^NOMUC,D,20191024,000000,3922.06,3980.61,3872.57,3948.56,441728,0
^NOMUC,D,20191027,000000,3948.56,3995.77,3942.06,3957.44,474391,0
^NOMUC,D,20191028,000000,3957.44,4026.14,3878.8,3892.74,469461,0
^NOMUC,D,20191029,000000,3959.59,4084.37,3959.59,3993.83,1361586,0
^NOMUC,D,20191030,000000,3993.83,4070.95,3988.32,4064.24,955049,0
^NOMUC,D,20191031,000000,4064.24,4185.55,4042.72,4185.55,765652,0
^NOMUC,D,20191103,000000,4185.55,4373.65,4165.68,4364.17,925541,0
^NOMUC,D,20191104,000000,4364.17,4525.71,4314.59,4492.58,1037709,0
^NOMUC,D,20191105,000000,4541.51,4685.44,4541.51,4683.35,1616922,0
^NOMUC,D,20191106,000000,4694.53,4800.34,4694.53,4771.15,1170946,0
^NOMUC,D,20191107,000000,4771.15,5310.69,4745.04,5261.5,2915620,0
^NOMUC,D,20191110,000000,5395.22,6170.88,5395.22,5947.34,3895885,0
^NOMUC,D,20191111,000000,6075.43,6876.7,6075.43,6848.02,3845636,0
^NOMUC,D,20191112,000000,6848.02,7623.43,6339.68,6911.78,5157346,0
^NOMUC,D,20191113,000000,6868.37,6868.37,5617.93,5703,3402420,0
^NOMUC,D,20191114,000000,5088.49,5088.49,4849.53,4956.91,2508708,0
^NOMUC,D,20191117,000000,4956.91,5041.03,4277.9,4717.55,6416907,0
^NOMUC,D,20191118,000000,4755.5,4859.42,4755.5,4810.24,832272,0
^NOMUC,D,20191119,000000,4810.24,5146.99,4778.39,5082.96,883890,0
^NOMUC,D,20191120,000000,5082.96,5466.91,5051.59,5466.91,1149695,0
^NOMUC,D,20191121,000000,5466.91,5678.1,5373.88,5569.53,1177131,0
^NOMUC,D,20191124,000000,5569.53,5586.11,5421.75,5431.54,837824,0
^NOMUC,D,20191125,000000,5495.25,5791.45,5495.25,5785.06,639078,0
^NOMUC,D,20191126,000000,5785.06,6175.04,5777.53,6175.04,926952,0
^NOMUC,D,20191127,000000,6175.04,6264.39,5630.67,5959.47,1208450,0
^NOMUC,D,20191128,000000,5998.83,6377.44,5998.83,6255.76,979934,0
^NOMUC,D,20191201,000000,6255.76,6369.68,5957.18,6241.86,338306,0
^NOMUC,D,20191202,000000,6241.86,6840.02,5813.88,6840.02,679001,0
^NOMUC,D,20191203,000000,6840.02,7207.8,6474.69,7203.81,651776,0
^NOMUC,D,20191204,000000,7203.81,7512.04,6310.47,6345.64,610264,0
^NOMUC,D,20191205,000000,6345.64,6578.77,6010.12,6578.77,311676,0
^NOMUC,D,20191208,000000,6578.77,6593.58,6086.77,6142.4,239179,0
^NOMUC,D,20191209,000000,6142.4,6471.65,5909.91,6456.01,385388,0
^NOMUC,D,20191210,000000,6456.01,6489.11,6163.79,6445.21,349645,0
^NOMUC,D,20191211,000000,6445.21,6505.5,6223.28,6313.57,155154,0
^NOMUC,D,20191212,000000,6313.57,6316.47,6073.39,6214.04,290036,0
^NOMUC,D,20191215,000000,6214.04,6795.42,6201.55,6765.5,228364,0
^NOMUC,D,20191216,000000,6765.5,7099.81,6623.9,6826.2,438700,0
^NOMUC,D,20191217,000000,6826.2,6994.47,6449.71,6560.34,434840,0
^NOMUC,D,20191218,000000,6560.34,6774.74,6417.44,6599.6,225367,0
^NOMUC,D,20191219,000000,6599.6,6878.48,6542.02,6805.05,256395,0
^NOMUC,D,20191222,000000,6805.05,6843.6,6535.93,6623.74,161090,0
^NOMUC,D,20191223,000000,6623.74,6632.43,6501.86,6501.86,229535,0
^NOMUC,D,20191224,000000,6501.86,6563.52,6463.92,6472.03,105800,0
^NOMUC,D,20191225,000000,6472.03,6706.39,6466.24,6682.94,710476,0
^NOMUC,D,20191226,000000,6682.94,7036.27,6583.16,6998.39,479903,0
^NOMUC,D,20191229,000000,6998.39,7079.7,6930.3,7014.66,148886,0
^NOMUC,D,20191230,000000,7014.66,7014.66,6739.59,6905.63,152377,0
^NOMUC,D,20191231,000000,6905.63,7205.85,6843.55,7179.16,174635,0
^NOMUC,D,20200101,000000,7179.16,7201.04,6912.1,6947.14,114307,0
^NOMUC,D,20200102,000000,6947.14,7090.51,6779.84,6880.48,65513,0
^NOMUC,D,20200105,000000,6880.48,6910.18,6656.22,6810.26,197649,0
^NOMUC,D,20200106,000000,6810.26,6831.59,6496.41,6552.3,175421,0
^NOMUC,D,20200107,000000,6552.3,6717.56,6509.22,6512.87,193126,0
^NOMUC,D,20200108,000000,6484.07,6484.07,6208.95,6359.89,130437,0
^NOMUC,D,20200109,000000,6430.19,6628.94,6430.19,6609.95,89163,0
^NOMUC,D,20200112,000000,6611.76,6972.07,6611.76,6972.07,429124,0
^NOMUC,D,20200113,000000,6972.07,7322.89,6933.32,7173.37,536805,0
^NOMUC,D,20200114,000000,7173.37,7191.73,6856.35,6930.64,396586,0
^NOMUC,D,20200115,000000,6930.64,7164.81,6846.91,7157.7,270523,0
^NOMUC,D,20200116,000000,7157.7,7392.52,7102.47,7391.07,454923,0
^NOMUC,D,20200119,000000,7391.07,7575.57,7336.26,7518.56,527473,0
^NOMUC,D,20200120,000000,7518.56,7530.51,7276.27,7356.76,332031,0
^NOMUC,D,20200121,000000,7356.76,7736.78,7296.87,7465.12,433280,0
^NOMUC,D,20200122,000000,7465.12,7557.85,7386.97,7464.25,233409,0
^NOMUC,D,20200123,000000,7455.35,7455.35,7346.92,7434.87,113173,0
^NOMUC,D,20200126,000000,7434.87,7586.37,7371.66,7457.9,202563,0
^NOMUC,D,20200127,000000,7457.9,7534.98,7334.25,7376.79,173441,0
^NOMUC,D,20200128,000000,7376.79,7384.38,7170.22,7254.28,249603,0
^NOMUC,D,20200129,000000,7254.28,7457.22,7209.26,7209.26,291304,0
^NOMUC,D,20200130,000000,7209.26,7331.99,7187.19,7331.99,125804,0
^NOMUC,D,20200202,000000,7315.4,7315.4,7193.26,7224.95,200001,0
^NOMUC,D,20200203,000000,7224.95,7471.09,7221.02,7437.14,257894,0
^NOMUC,D,20200204,000000,7437.14,7525.22,7368.13,7503.6,193749,0
^NOMUC,D,20200205,000000,7503.6,7618.53,7187.48,7230.01,519018,0
^NOMUC,D,20200206,000000,7230.01,7264.53,7079.25,7226.22,232896,0
^NOMUC,D,20200209,000000,7226.22,7275.3,7165.55,7275.3,104074,0
^NOMUC,D,20200210,000000,7275.3,7298.78,7128.17,7227.44,74025,0
^NOMUC,D,20200211,000000,7227.44,7883.8,7211.01,7865.7,411007,0
^NOMUC,D,20200212,000000,7865.7,8252.7,7785.22,7953.87,516726,0
^NOMUC,D,20200213,000000,7953.87,8166.81,7817.9,8166.81,498774,0
^NOMUC,D,20200216,000000,8166.81,8471.49,8022.49,8131.09,236779,0
^NOMUC,D,20200217,000000,8131.09,8636.98,7721.94,7748.65,781968,0
^NOMUC,D,20200218,000000,7748.65,7825.51,7506.81,7714.98,444221,0
^NOMUC,D,20200219,000000,7714.98,7759.83,7574.32,7675.11,198985,0
^NOMUC,D,20200220,000000,7675.11,7841.62,7644.56,7731.51,295135,0
^NOMUC,D,20200223,000000,7731.51,7879.12,7595.34,7813.64,482838,0
^NOMUC,D,20200224,000000,7809.2,7809.2,7568.84,7781.9,248416,0
^NOMUC,D,20200225,000000,7772.72,7772.72,7576.08,7623.14,188195,0
^NOMUC,D,20200226,000000,7623.14,7674.65,7548.49,7627.63,334797,0
^NOMUC,D,20200227,000000,7627.63,7627.63,7463.13,7546.71,153163,0
^NOMUC,D,20200301,000000,7474.19,7474.19,7066.13,7291.51,226570,0
^NOMUC,D,20200302,000000,7291.51,7456.87,7114.39,7142.75,284091,0
^NOMUC,D,20200303,000000,7142.75,7341.23,7142.75,7341.23,220609,0
^NOMUC,D,20200304,000000,7341.23,7789.36,7292.83,7762.74,335831,0
^NOMUC,D,20200305,000000,7762.74,7829.21,7541.77,7603.05,343787,0
^NOMUC,D,20200308,000000,7326.65,7326.65,6370.5,6657.07,553423,0
^NOMUC,D,20200309,000000,6258.34,6258.34,5826.18,6144.53,533044,0
^NOMUC,D,20200310,000000,6144.53,6449.71,5949.31,6178.07,631926,0
^NOMUC,D,20200311,000000,6178.07,6235.62,5693.7,5756.73,465457,0
^NOMUC,D,20200312,000000,5756.73,5835.69,5376.66,5583.14,521745,0
^NOMUC,D,20200315,000000,5583.14,5803.43,5137.95,5252.37,364096,0
^NOMUC,D,20200316,000000,5252.37,5370.44,4829.52,4917.01,299160,0
^NOMUC,D,20200317,000000,4923.83,5206.28,4923.83,5157.85,313763,0
^NOMUC,D,20200318,000000,5320.6,6089.82,5320.6,6043.77,586791,0
^NOMUC,D,20200319,000000,6043.77,6193.33,5905.64,5925.76,862185,0
^NOMUC,D,20200322,000000,5915.89,5915.89,5372.25,5593.98,343018,0
^NOMUC,D,20200323,000000,5593.98,5622.99,5198.11,5229.04,295695,0
^NOMUC,D,20200324,000000,5229.04,5812.26,5174.05,5803.12,323470,0
^NOMUC,D,20200325,000000,5803.12,5863.74,5219.32,5288.17,408765,0
^NOMUC,D,20200326,000000,5288.17,5525.23,5288.17,5511.02,198874,0
^NOMUC,D,20200329,000000,5511.02,5652.37,5452.54,5599.65,221915,0
^NOMUC,D,20200330,000000,5599.65,5600.21,5451.08,5516.83,187615,0
^NOMUC,D,20200331,000000,5516.83,5894.99,5421.93,5517.87,568324,0
^NOMUC,D,20200401,000000,5517.87,5626.02,5375.93,5626.02,209327,0
^NOMUC,D,20200402,000000,5626.02,5936.52,5588.36,5936.52,458372,0
^NOMUC,D,20200405,000000,5936.52,5997.69,5626.67,5670.14,263130,0
^NOMUC,D,20200406,000000,5670.14,5972.07,5652.69,5972.07,361047,0
^NOMUC,D,20200407,000000,5972.07,6294.58,5928.24,6279.89,461560,0
^NOMUC,D,20200408,000000,6279.89,6299.44,6143.14,6299.44,351704,0
^NOMUC,D,20200409,000000,6299.44,6329.65,6149.57,6286.71,364243,0
^NOMUC,D,20200412,000000,6286.71,6373.48,5969.43,6082.55,415469,0
^NOMUC,D,20200413,000000,6082.55,6211.71,6051.07,6097.69,307992,0
^NOMUC,D,20200414,000000,6097.69,6960.16,6097.69,6819.08,594801,0
^NOMUC,D,20200415,000000,6819.08,6833.18,6446.37,6546.29,738921,0
^NOMUC,D,20200416,000000,6546.29,6865.87,6289.99,6865.87,477566,0
^NOMUC,D,20200419,000000,6903.24,7586.28,6903.24,7541.87,912352,0
^NOMUC,D,20200420,000000,7510.4,7510.4,6987.02,7462.86,1043983,0
^NOMUC,D,20200421,000000,7462.86,7557.35,6873.45,7544.57,700224,0
^NOMUC,D,20200422,000000,7544.57,7872.32,7448.41,7793.52,422623,0
^NOMUC,D,20200423,000000,7793.52,7913.07,7570.83,7716.36,450775,0
^NOMUC,D,20200426,000000,7716.36,7956.43,7699.92,7873.66,308544,0
^NOMUC,D,20200427,000000,7861.67,7861.67,7137.67,7440.15,758021,0
^NOMUC,D,20200428,000000,7170.63,7170.63,6867.4,6885.79,1248440,0
^NOMUC,D,20200429,000000,6885.79,7392.92,6857.48,7357.56,431674,0
^NOMUC,D,20200430,000000,7357.56,7427.77,7134.32,7179.07,273416,0
^NOMUC,D,20200503,000000,6987.31,6987.31,6474.97,6631.05,523476,0
^NOMUC,D,20200504,000000,6631.05,6899.55,6574.13,6726.35,218729,0
^NOMUC,D,20200505,000000,6767.62,7241.77,6767.62,7106.81,129162,0
^NOMUC,D,20200506,000000,7106.81,7247.29,7100.04,7126.72,182678,0
^NOMUC,D,20200507,000000,7126.72,7169.42,6914.19,6972.87,134516,0
^NOMUC,D,20200510,000000,7042.03,7237.49,7042.03,7208.54,426748,0
^NOMUC,D,20200511,000000,7148.86,7148.86,6956.43,7121.72,332229,0
^NOMUC,D,20200512,000000,7117.91,7117.91,7037.13,7064.28,373378,0
^NOMUC,D,20200513,000000,7064.28,7068.16,6713.12,6723.99,393364,0
^NOMUC,D,20200514,000000,6723.99,7098.12,6645.46,7092.43,974608,0
^NOMUC,D,20200517,000000,7092.43,7235.53,7077.19,7185.78,486863,0
^NOMUC,D,20200518,000000,7185.78,7236.92,7106.43,7202.31,1006238,0
^NOMUC,D,20200519,000000,7175.37,7175.37,7096.69,7145.31,539924,0
^NOMUC,D,20200520,000000,7145.31,7209.33,7123.95,7190.07,424783,0
^NOMUC,D,20200521,000000,7190.07,7396.22,7170.46,7170.71,481816,0
^NOMUC,D,20200531,000000,7170.71,7307.13,7124.76,7124.76,325542,0
^NOMUC,D,20200601,000000,7124.76,7572.28,7106.81,7366.07,891945,0
^NOMUC,D,20200602,000000,7366.07,7478.83,7330,7377.99,608947,0
^NOMUC,D,20200603,000000,7377.99,7641.21,7343.29,7473.3,951990,0
^NOMUC,D,20200604,000000,7473.3,7923.36,7459.69,7810.76,625472,0
^NOMUC,D,20200607,000000,7810.76,8153.22,7578.43,7578.43,378843,0
^NOMUC,D,20200608,000000,8006.64,8277.28,8006.64,8231.46,615078,0
^NOMUC,D,20200609,000000,8231.46,8242.9,8169.27,8175.14,337840,0
^NOMUC,D,20200610,000000,8175.14,8176.12,7562.46,7694.58,431868,0
^NOMUC,D,20200611,000000,7694.58,8292.05,7612.25,8221.81,482228,0
^NOMUC,D,20200614,000000,8221.81,8695.05,8173.8,8666.28,469420,0
^NOMUC,D,20200615,000000,8666.28,9356.23,8615.96,9356.23,307855,0
^NOMUC,D,20200616,000000,9356.23,9364.54,9011.67,9174,516336,0
^NOMUC,D,20200617,000000,9174,9495.97,8891.99,9495.97,416232,0
^NOMUC,D,20200618,000000,9495.97,9531.02,8584.56,8659.33,507325,0
^NOMUC,D,20200621,000000,8659.33,8986.48,7904.32,8097.03,444929,0
^NOMUC,D,20200622,000000,8092.14,8092.14,7699.13,8027.97,202188,0
^NOMUC,D,20200623,000000,8011.95,8011.95,7684.09,7840.36,156025,0
^NOMUC,D,20200624,000000,7840.36,8229.17,7767.94,8036.58,324267,0
^NOMUC,D,20200625,000000,8036.58,8065.94,7857.8,7923.86,141998,0
^NOMUC,D,20200628,000000,7923.86,8421.55,7615.66,8225.29,420437,0
^NOMUC,D,20200629,000000,8161.12,8161.12,7610.29,7758.25,328458,0
^NOMUC,D,20200630,000000,7758.25,8078.11,7656.9,8017.57,177267,0
^NOMUC,D,20200701,000000,8017.57,8136.89,7828.22,7841.61,142480,0
^NOMUC,D,20200702,000000,7841.61,8206.01,7839.96,7926.51,342109,0
^NOMUC,D,20200705,000000,7926.51,8050.23,7804.7,8050.23,278339,0
^NOMUC,D,20200706,000000,8050.23,8155.32,7740.16,8147.46,257567,0
^NOMUC,D,20200707,000000,8147.46,8298.08,8092.56,8286.59,570847,0
^NOMUC,D,20200708,000000,8286.59,8605.53,8169.47,8359.12,431383,0
^NOMUC,D,20200709,000000,8359.12,8376.31,8274.69,8329.6,248966,0
^NOMUC,D,20200712,000000,8339.1,8349.32,8171.09,8270.36,227520,0
^NOMUC,D,20200713,000000,8270.36,8373.15,8268.66,8331.04,178683,0
^NOMUC,D,20200714,000000,8310.59,8343.83,7883.27,7883.27,154354,0
^NOMUC,D,20200715,000000,8271.18,8279.04,8170.44,8229.62,170572,0
^NOMUC,D,20200716,000000,8253.75,8261.1,8180.48,8180.48,264457,0
^NOMUC,D,20200719,000000,8190.64,8361.31,8190.64,8316.8,182735,0
^NOMUC,D,20200720,000000,8294.51,8308.88,7565.7,7669.36,229103,0
^NOMUC,D,20200721,000000,7758.9,8286.52,7694.35,8257.38,448020,0
^NOMUC,D,20200722,000000,8283.38,8293.38,8118.07,8269.17,358788,0
^NOMUC,D,20200723,000000,8269.17,8313.41,8145.47,8145.47,305066,0
^NOMUC,D,20200726,000000,8158.88,8214.87,8092.47,8123.85,113579,0
^NOMUC,D,20200727,000000,8120.52,8149.72,8071.55,8083.66,131569,0
^NOMUC,D,20200728,000000,8093.66,8123.15,7970.47,8095.75,198185,0
