<TICKER>,<PER>,<DATE>,<TIME>,<OPEN>,<HIGH>,<LOW>,<CLOSE>,<VOL>,<OPENINT>
ADA.V,D,20171230,000000,0.4955,0.6941,0.42,0.59,0,0
ADA.V,D,20171231,000000,0.59,0.74,0.59,0.71,0,0
ADA.V,D,20180101,000000,0.71,0.715,0.632,0.7022,0,0
ADA.V,D,20180102,000000,0.7022,0.8,0.675,0.762,0,0
ADA.V,D,20180103,000000,0.762,1.1,0.7601,1.1,0,0
ADA.V,D,20180104,000000,1.11,1.38,1.04,1.13,0,0
ADA.V,D,20180105,000000,1.15,1.3,0.9,1.01,0,0
ADA.V,D,20180106,000000,1.01,1.08,0.908,1.04,0,0
ADA.V,D,20180107,000000,1.03,1.05,0.979,1.01,0,0
ADA.V,D,20180108,000000,1.01,1.02,0.7359,0.9,0,0
ADA.V,D,20180109,000000,0.9,0.954,0.772,0.81,0,0
ADA.V,D,20180110,000000,0.81,0.8293,0.6559,0.7765,0,0
ADA.V,D,20180111,000000,0.78,0.783,0.51,0.68,0,0
ADA.V,D,20180112,000000,0.679,0.93,0.631,0.895,0,0
ADA.V,D,20180113,000000,0.8983,0.959,0.8329,0.879,0,0
ADA.V,D,20180114,000000,0.879,0.89,0.72,0.8,0,0
ADA.V,D,20180115,000000,0.8,0.8666,0.75,0.77,0,0
ADA.V,D,20180116,000000,0.7724,0.7952,0.45,0.61,0,0
ADA.V,D,20180117,000000,0.6,0.6839,0.434,0.6242,0,0
ADA.V,D,20180118,000000,0.625,0.6996,0.6,0.65,0,0
ADA.V,D,20180119,000000,0.65,0.6964,0.589,0.6441,0,0
ADA.V,D,20180120,000000,0.6479,0.7263,0.64,0.7048,0,0
ADA.V,D,20180121,000000,0.7049,0.7049,0.5765,0.61,0,0
ADA.V,D,20180122,000000,0.6165,0.64,0.51,0.5675,0,0
ADA.V,D,20180123,000000,0.5699,0.59,0.5166,0.5601,0,0
ADA.V,D,20180124,000000,0.5619,0.65,0.537,0.628,0,0
ADA.V,D,20180125,000000,0.63,0.685,0.6185,0.635,0,0
ADA.V,D,20180126,000000,0.635,0.655,0.5611,0.611,0,0
ADA.V,D,20180127,000000,0.611,0.642,0.595,0.6256,0,0
ADA.V,D,20180128,000000,0.6256,0.67,0.6131,0.6456,0,0
ADA.V,D,20180129,000000,0.6456,0.6466,0.5881,0.5904,0,0
ADA.V,D,20180130,000000,0.5904,0.603,0.5,0.525,0,0
ADA.V,D,20180131,000000,0.525,0.525,0.463,0.503,0,0
ADA.V,D,20180201,000000,0.503,0.5217,0.389,0.4119,0,0
ADA.V,D,20180202,000000,0.4119,0.4217,0.2958,0.3896,0,0
ADA.V,D,20180203,000000,0.3896,0.514,0.3453,0.457,0,0
ADA.V,D,20180204,000000,0.457,0.4838,0.364,0.4,0,0
ADA.V,D,20180205,000000,0.4,0.4038,0.2929,0.312,0,0
ADA.V,D,20180206,000000,0.3118,0.36,0.2615,0.34,0,0
ADA.V,D,20180207,000000,0.34,0.38,0.3218,0.345,0,0
ADA.V,D,20180208,000000,0.345,0.361,0.3235,0.344,0,0
ADA.V,D,20180209,000000,0.344,0.386,0.32,0.375,0,0
ADA.V,D,20180210,000000,0.375,0.438,0.3583,0.3865,0,0
ADA.V,D,20180211,000000,0.3865,0.3865,0.3418,0.362,0,0
ADA.V,D,20180212,000000,0.362,0.3799,0.348,0.37,0,0
ADA.V,D,20180213,000000,0.37,0.3779,0.342,0.355,0,0
ADA.V,D,20180214,000000,0.355,0.388,0.3521,0.387,0,0
ADA.V,D,20180215,000000,0.387,0.404,0.37,0.393,0,0
ADA.V,D,20180216,000000,0.393,0.395,0.3704,0.3921,0,0
ADA.V,D,20180217,000000,0.3921,0.4185,0.3855,0.41,0,0
ADA.V,D,20180218,000000,0.41,0.4116,0.36,0.3686,0,0
ADA.V,D,20180219,000000,0.3686,0.3865,0.36,0.374,0,0
ADA.V,D,20180220,000000,0.374,0.3869,0.35,0.35,0,0
ADA.V,D,20180221,000000,0.35,0.355,0.325,0.333,0,0
ADA.V,D,20180222,000000,0.333,0.3471,0.304,0.3127,0,0
ADA.V,D,20180223,000000,0.3127,0.3339,0.3,0.32,0,0
ADA.V,D,20180224,000000,0.32,0.3296,0.289,0.2995,0,0
ADA.V,D,20180225,000000,0.2995,0.336,0.2948,0.327,0,0
ADA.V,D,20180226,000000,0.327,0.331,0.3033,0.33,0,0
ADA.V,D,20180227,000000,0.33,0.3349,0.3176,0.3306,0,0
ADA.V,D,20180228,000000,0.3306,0.3322,0.306,0.3083,0,0
ADA.V,D,20180301,000000,0.3083,0.3102,0.2824,0.304,0,0
ADA.V,D,20180302,000000,0.304,0.3062,0.2842,0.2928,0,0
ADA.V,D,20180303,000000,0.2928,0.3054,0.288,0.2912,0,0
ADA.V,D,20180304,000000,0.2912,0.303,0.283,0.303,0,0
ADA.V,D,20180305,000000,0.303,0.3187,0.289,0.2977,0,0
ADA.V,D,20180306,000000,0.2977,0.299,0.2764,0.278,0,0
ADA.V,D,20180307,000000,0.278,0.2825,0.2255,0.2465,0,0
ADA.V,D,20180308,000000,0.2465,0.2478,0.212,0.2131,0,0
ADA.V,D,20180309,000000,0.2131,0.218,0.184,0.21,0,0
ADA.V,D,20180310,000000,0.21,0.2222,0.1975,0.2028,0,0
ADA.V,D,20180311,000000,0.2028,0.2228,0.1896,0.2205,0,0
ADA.V,D,20180312,000000,0.2205,0.2325,0.209,0.2198,0,0
ADA.V,D,20180313,000000,0.2198,0.225,0.21,0.2147,0,0
ADA.V,D,20180314,000000,0.2147,0.2295,0.1877,0.192,0,0
ADA.V,D,20180315,000000,0.192,0.197,0.1672,0.1822,0,0
ADA.V,D,20180316,000000,0.1822,0.1844,0.171,0.1805,0,0
ADA.V,D,20180317,000000,0.1805,0.1808,0.15,0.154,0,0
ADA.V,D,20180318,000000,0.154,0.1628,0.1238,0.153,0,0
ADA.V,D,20180319,000000,0.153,0.189,0.153,0.189,0,0
ADA.V,D,20180320,000000,0.189,0.2068,0.1747,0.2021,0,0
ADA.V,D,20180321,000000,0.203,0.224,0.1969,0.2075,0,0
ADA.V,D,20180322,000000,0.2075,0.2169,0.1856,0.1965,0,0
ADA.V,D,20180323,000000,0.1965,0.2022,0.1802,0.1807,0,0
ADA.V,D,20180324,000000,0.1807,0.202,0.1798,0.1882,0,0
ADA.V,D,20180325,000000,0.1882,0.1898,0.18,0.1874,0,0
ADA.V,D,20180326,000000,0.1874,0.1888,0.156,0.1578,0,0
ADA.V,D,20180327,000000,0.1578,0.1691,0.1474,0.1569,0,0
ADA.V,D,20180328,000000,0.1569,0.1622,0.1519,0.1573,0,0
ADA.V,D,20180329,000000,0.1573,0.1604,0.1403,0.1441,0,0
ADA.V,D,20180330,000000,0.1441,0.1491,0.1321,0.1438,0,0
ADA.V,D,20180331,000000,0.1438,0.1583,0.1384,0.1519,0,0
ADA.V,D,20180401,000000,0.1519,0.1571,0.138,0.1484,0,0
ADA.V,D,20180402,000000,0.1484,0.1557,0.1452,0.15,0,0
ADA.V,D,20180403,000000,0.15,0.1709,0.15,0.1663,0,0
ADA.V,D,20180404,000000,0.1663,0.1765,0.1492,0.1521,0,0
ADA.V,D,20180405,000000,0.1521,0.1555,0.14,0.1464,0,0
ADA.V,D,20180406,000000,0.1464,0.1489,0.14,0.1437,0,0
ADA.V,D,20180407,000000,0.1437,0.1508,0.1411,0.1488,0,0
ADA.V,D,20180408,000000,0.1488,0.1587,0.1455,0.1545,0,0
ADA.V,D,20180409,000000,0.1545,0.1658,0.1449,0.1491,0,0
ADA.V,D,20180410,000000,0.1491,0.1578,0.1462,0.1565,0,0
ADA.V,D,20180411,000000,0.1565,0.1677,0.1524,0.1642,0,0
ADA.V,D,20180412,000000,0.1642,0.2181,0.1633,0.2108,0,0
ADA.V,D,20180413,000000,0.211,0.2243,0.1999,0.2012,0,0
ADA.V,D,20180414,000000,0.2012,0.2142,0.1957,0.2082,0,0
ADA.V,D,20180415,000000,0.2082,0.2293,0.203,0.2241,0,0
ADA.V,D,20180416,000000,0.2241,0.2541,0.212,0.2426,0,0
ADA.V,D,20180417,000000,0.2426,0.2747,0.2426,0.2518,0,0
ADA.V,D,20180418,000000,0.2518,0.2627,0.2416,0.2625,0,0
ADA.V,D,20180419,000000,0.2625,0.2755,0.2594,0.2699,0,0
ADA.V,D,20180420,000000,0.2699,0.2988,0.2668,0.2975,0,0
ADA.V,D,20180421,000000,0.2975,0.3071,0.2691,0.2839,0,0
ADA.V,D,20180422,000000,0.2839,0.2964,0.2767,0.2902,0,0
ADA.V,D,20180423,000000,0.2902,0.291,0.28,0.2858,0,0
ADA.V,D,20180424,000000,0.2858,0.3202,0.2837,0.317,0,0
ADA.V,D,20180425,000000,0.3159,0.3173,0.2612,0.2852,0,0
ADA.V,D,20180426,000000,0.2852,0.2887,0.2566,0.2853,0,0
ADA.V,D,20180427,000000,0.2853,0.306,0.2841,0.2897,0,0
ADA.V,D,20180428,000000,0.2897,0.3633,0.282,0.3458,0,0
ADA.V,D,20180429,000000,0.3458,0.3882,0.3434,0.3634,0,0
ADA.V,D,20180430,000000,0.3634,0.3672,0.335,0.3362,0,0
ADA.V,D,20180501,000000,0.3362,0.3604,0.319,0.3593,0,0
ADA.V,D,20180502,000000,0.3593,0.3751,0.3467,0.3685,0,0
ADA.V,D,20180503,000000,0.3685,0.3882,0.3652,0.3712,0,0
ADA.V,D,20180504,000000,0.3712,0.3716,0.3462,0.362,0,0
ADA.V,D,20180505,000000,0.362,0.375,0.3572,0.363,0,0
ADA.V,D,20180506,000000,0.363,0.3673,0.3366,0.3421,0,0
ADA.V,D,20180507,000000,0.3421,0.3494,0.3157,0.3345,0,0
ADA.V,D,20180508,000000,0.3345,0.3448,0.3165,0.3257,0,0
ADA.V,D,20180509,000000,0.3257,0.3274,0.2982,0.3165,0,0
ADA.V,D,20180510,000000,0.3165,0.3235,0.3021,0.3046,0,0
ADA.V,D,20180511,000000,0.3046,0.3046,0.2492,0.2526,0,0
ADA.V,D,20180512,000000,0.2526,0.278,0.2331,0.2618,0,0
ADA.V,D,20180513,000000,0.2618,0.2844,0.257,0.278,0,0
ADA.V,D,20180514,000000,0.278,0.2811,0.2511,0.2696,0,0
ADA.V,D,20180515,000000,0.2696,0.2757,0.2561,0.2589,0,0
ADA.V,D,20180516,000000,0.2589,0.2595,0.2386,0.2439,0,0
ADA.V,D,20180517,000000,0.2459,0.2612,0.243,0.243,0,0
ADA.V,D,20180518,000000,0.2426,0.2525,0.2306,0.2434,0,0
ADA.V,D,20180519,000000,0.2434,0.2475,0.2353,0.2393,0,0
ADA.V,D,20180520,000000,0.2393,0.2601,0.2384,0.2557,0,0
ADA.V,D,20180521,000000,0.2555,0.2595,0.2435,0.2457,0,0
ADA.V,D,20180522,000000,0.2457,0.2483,0.224,0.224,0,0
ADA.V,D,20180523,000000,0.224,0.2257,0.1929,0.2059,0,0
ADA.V,D,20180524,000000,0.2059,0.2107,0.1891,0.2018,0,0
ADA.V,D,20180525,000000,0.2018,0.2103,0.1945,0.1977,0,0
ADA.V,D,20180526,000000,0.1977,0.2045,0.1911,0.1992,0,0
ADA.V,D,20180527,000000,0.1992,0.1997,0.1861,0.1906,0,0
ADA.V,D,20180528,000000,0.1906,0.1942,0.1759,0.1759,0,0
ADA.V,D,20180529,000000,0.1759,0.209,0.1709,0.2049,0,0
ADA.V,D,20180530,000000,0.2049,0.2168,0.1972,0.2042,0,0
ADA.V,D,20180531,000000,0.2042,0.2282,0.2034,0.2235,0,0
ADA.V,D,20180601,000000,0.2249,0.2277,0.2142,0.2145,0,0
ADA.V,D,20180602,000000,0.2145,0.2293,0.2145,0.225,0,0
ADA.V,D,20180603,000000,0.225,0.2363,0.222,0.2275,0,0
ADA.V,D,20180604,000000,0.2275,0.2314,0.21,0.2158,0,0
ADA.V,D,20180605,000000,0.2158,0.2217,0.2024,0.2175,0,0
ADA.V,D,20180606,000000,0.2175,0.2199,0.2078,0.2144,0,0
ADA.V,D,20180607,000000,0.2144,0.219,0.2083,0.2086,0,0
ADA.V,D,20180608,000000,0.2086,0.2111,0.2002,0.2061,0,0
ADA.V,D,20180609,000000,0.2061,0.2097,0.2016,0.2022,0,0
ADA.V,D,20180610,000000,0.2022,0.2031,0.173,0.174,0,0
ADA.V,D,20180611,000000,0.174,0.1777,0.1648,0.171,0,0
ADA.V,D,20180612,000000,0.171,0.181,0.1606,0.1615,0,0
ADA.V,D,20180613,000000,0.1615,0.1655,0.1461,0.154,0,0
ADA.V,D,20180614,000000,0.154,0.1746,0.1504,0.1714,0,0
ADA.V,D,20180615,000000,0.1714,0.1714,0.1622,0.1622,0,0
ADA.V,D,20180616,000000,0.1622,0.1644,0.1579,0.1624,0,0
ADA.V,D,20180617,000000,0.1624,0.1642,0.16,0.1616,0,0
ADA.V,D,20180618,000000,0.1616,0.1674,0.1557,0.1659,0,0
ADA.V,D,20180619,000000,0.1659,0.1709,0.1612,0.1635,0,0
ADA.V,D,20180620,000000,0.1635,0.1669,0.1567,0.1613,0,0
ADA.V,D,20180621,000000,0.1613,0.1635,0.1574,0.158,0,0
ADA.V,D,20180622,000000,0.158,0.1591,0.1348,0.1362,0,0
ADA.V,D,20180623,000000,0.1362,0.142,0.1334,0.1389,0,0
ADA.V,D,20180624,000000,0.1389,0.1402,0.1196,0.1325,0,0
ADA.V,D,20180625,000000,0.1325,0.1387,0.1266,0.1357,0,0
ADA.V,D,20180626,000000,0.1365,0.1365,0.128,0.1315,0,0
ADA.V,D,20180627,000000,0.1315,0.1315,0.123,0.1262,0,0
ADA.V,D,20180628,000000,0.1262,0.1287,0.1209,0.1209,0,0
ADA.V,D,20180629,000000,0.1209,0.1223,0.1133,0.119,0,0
ADA.V,D,20180630,000000,0.119,0.1427,0.119,0.1344,0,0
ADA.V,D,20180701,000000,0.1344,0.1459,0.1331,0.1419,0,0
ADA.V,D,20180702,000000,0.1419,0.1596,0.1376,0.159,0,0
ADA.V,D,20180703,000000,0.1585,0.161,0.15,0.1545,0,0
ADA.V,D,20180704,000000,0.1535,0.1595,0.1456,0.1558,0,0
ADA.V,D,20180705,000000,0.1558,0.1558,0.144,0.144,0,0
ADA.V,D,20180706,000000,0.144,0.1481,0.1386,0.144,0,0
ADA.V,D,20180707,000000,0.144,0.146,0.1375,0.1376,0,0
ADA.V,D,20180708,000000,0.1376,0.1495,0.1376,0.1465,0,0
ADA.V,D,20180709,000000,0.1465,0.147,0.141,0.1431,0,0
ADA.V,D,20180710,000000,0.1431,0.1448,0.1276,0.1307,0,0
ADA.V,D,20180711,000000,0.1307,0.1339,0.125,0.13,0,0
ADA.V,D,20180712,000000,0.13,0.131,0.1235,0.1246,0,0
ADA.V,D,20180713,000000,0.1246,0.1433,0.1223,0.1402,0,0
ADA.V,D,20180714,000000,0.1405,0.1411,0.1333,0.1384,0,0
ADA.V,D,20180715,000000,0.1382,0.1461,0.1349,0.1444,0,0
ADA.V,D,20180716,000000,0.1445,0.1562,0.1411,0.156,0,0
ADA.V,D,20180717,000000,0.1558,0.1764,0.1506,0.1748,0,0
ADA.V,D,20180718,000000,0.1748,0.1961,0.1695,0.1805,0,0
ADA.V,D,20180719,000000,0.1803,0.1918,0.1725,0.1807,0,0
ADA.V,D,20180720,000000,0.1807,0.1863,0.1602,0.1602,0,0
ADA.V,D,20180721,000000,0.1605,0.1689,0.1541,0.166,0,0
ADA.V,D,20180722,000000,0.1658,0.1787,0.1618,0.1684,0,0
ADA.V,D,20180723,000000,0.1684,0.1802,0.165,0.1677,0,0
ADA.V,D,20180724,000000,0.1678,0.1777,0.1599,0.1727,0,0
ADA.V,D,20180725,000000,0.1727,0.1772,0.1665,0.173,0,0
ADA.V,D,20180726,000000,0.1731,0.1752,0.163,0.1644,0,0
ADA.V,D,20180727,000000,0.1645,0.169,0.156,0.169,0,0
ADA.V,D,20180728,000000,0.1689,0.1691,0.1593,0.1621,0,0
ADA.V,D,20180729,000000,0.162,0.1653,0.1595,0.1625,0,0
ADA.V,D,20180730,000000,0.1625,0.1643,0.1476,0.1525,0,0
ADA.V,D,20180731,000000,0.1525,0.1548,0.1394,0.1418,0,0
ADA.V,D,20180801,000000,0.1418,0.1443,0.1358,0.1361,0,0
ADA.V,D,20180802,000000,0.1362,0.1418,0.1289,0.1311,0,0
ADA.V,D,20180803,000000,0.1311,0.1345,0.1234,0.1307,0,0
ADA.V,D,20180804,000000,0.1306,0.1338,0.1234,0.1258,0,0
ADA.V,D,20180805,000000,0.1258,0.1315,0.1245,0.1311,0,0
ADA.V,D,20180806,000000,0.131,0.136,0.1272,0.1274,0,0
ADA.V,D,20180807,000000,0.1274,0.1323,0.1229,0.1242,0,0
ADA.V,D,20180808,000000,0.1242,0.1247,0.1091,0.1134,0,0
ADA.V,D,20180809,000000,0.1134,0.1263,0.1112,0.1252,0,0
ADA.V,D,20180810,000000,0.1252,0.1264,0.1125,0.1125,0,0
ADA.V,D,20180811,000000,0.1126,0.1159,0.1075,0.1132,0,0
ADA.V,D,20180812,000000,0.1132,0.1149,0.1093,0.1125,0,0
ADA.V,D,20180813,000000,0.1125,0.1141,0.1031,0.1037,0,0
ADA.V,D,20180814,000000,0.1037,0.1037,0.08461,0.09163,0,0
ADA.V,D,20180815,000000,0.09162,0.1012,0.09023,0.09697,0,0
ADA.V,D,20180816,000000,0.09697,0.09829,0.09171,0.09374,0,0
ADA.V,D,20180817,000000,0.09374,0.1075,0.09328,0.1067,0,0
ADA.V,D,20180818,000000,0.1067,0.1123,0.09559,0.1003,0,0
ADA.V,D,20180819,000000,0.1002,0.1038,0.09681,0.1023,0,0
ADA.V,D,20180820,000000,0.1024,0.1032,0.09616,0.09694,0,0
ADA.V,D,20180821,000000,0.09694,0.09694,0.09106,0.09413,0,0
ADA.V,D,20180822,000000,0.09406,0.1013,0.08837,0.08983,0,0
ADA.V,D,20180823,000000,0.08995,0.09255,0.0872,0.09223,0,0
ADA.V,D,20180824,000000,0.09242,0.0944,0.09069,0.09373,0,0
ADA.V,D,20180825,000000,0.09371,0.09477,0.0921,0.09405,0,0
ADA.V,D,20180826,000000,0.09391,0.09508,0.09085,0.09244,0,0
ADA.V,D,20180827,000000,0.09243,0.09893,0.09229,0.09734,0,0
ADA.V,D,20180828,000000,0.09749,0.1074,0.09741,0.1049,0,0
ADA.V,D,20180829,000000,0.1049,0.1092,0.1013,0.1083,0,0
ADA.V,D,20180830,000000,0.1083,0.109,0.09683,0.1004,0,0
ADA.V,D,20180831,000000,0.1004,0.1035,0.09884,0.1019,0,0
ADA.V,D,20180901,000000,0.1019,0.112,0.1014,0.1071,0,0
ADA.V,D,20180902,000000,0.1071,0.1098,0.1034,0.106,0,0
ADA.V,D,20180903,000000,0.106,0.1068,0.1023,0.1047,0,0
ADA.V,D,20180904,000000,0.1048,0.1074,0.1035,0.1061,0,0
ADA.V,D,20180905,000000,0.1061,0.1066,0.08801,0.093,0,0
ADA.V,D,20180906,000000,0.093,0.093,0.08367,0.08574,0,0
ADA.V,D,20180907,000000,0.08574,0.08936,0.08207,0.08336,0,0
ADA.V,D,20180908,000000,0.08331,0.08451,0.07725,0.07766,0,0
ADA.V,D,20180909,000000,0.07766,0.0846,0.07365,0.07841,0,0
ADA.V,D,20180910,000000,0.07839,0.07839,0.07163,0.07332,0,0
ADA.V,D,20180911,000000,0.07325,0.07475,0.06605,0.06977,0,0
ADA.V,D,20180912,000000,0.06984,0.07027,0.06034,0.06444,0,0
ADA.V,D,20180913,000000,0.06443,0.075,0.06424,0.06922,0,0
ADA.V,D,20180914,000000,0.0692,0.07123,0.06539,0.06888,0,0
ADA.V,D,20180915,000000,0.06888,0.07059,0.0674,0.06887,0,0
ADA.V,D,20180916,000000,0.06893,0.07235,0.06602,0.06985,0,0
ADA.V,D,20180917,000000,0.06985,0.07234,0.06276,0.06361,0,0
ADA.V,D,20180918,000000,0.06361,0.07022,0.06211,0.06835,0,0
ADA.V,D,20180919,000000,0.06836,0.07499,0.06649,0.07152,0,0
ADA.V,D,20180920,000000,0.07157,0.07743,0.0708,0.07738,0,0
ADA.V,D,20180921,000000,0.07734,0.08825,0.07301,0.0868,0,0
ADA.V,D,20180922,000000,0.0868,0.088,0.08002,0.08323,0,0
ADA.V,D,20180923,000000,0.08323,0.09433,0.08252,0.0895,0,0
ADA.V,D,20180924,000000,0.0895,0.0935,0.0829,0.0853,0,0
ADA.V,D,20180925,000000,0.0853,0.0855,0.07476,0.07825,0,0
ADA.V,D,20180926,000000,0.07825,0.08312,0.0741,0.07926,0,0
ADA.V,D,20180927,000000,0.07925,0.08963,0.07783,0.0874,0,0
ADA.V,D,20180928,000000,0.0874,0.09,0.083,0.08425,0,0
ADA.V,D,20180929,000000,0.08425,0.088,0.0791,0.08491,0,0
ADA.V,D,20180930,000000,0.08491,0.088,0.0842,0.08484,0,0
ADA.V,D,20181001,000000,0.08484,0.09,0.08101,0.08618,0,0
ADA.V,D,20181002,000000,0.08626,0.0881,0.0823,0.0851,0,0
ADA.V,D,20181003,000000,0.0851,0.0852,0.07894,0.08191,0,0
ADA.V,D,20181004,000000,0.08191,0.08547,0.08093,0.08179,0,0
ADA.V,D,20181005,000000,0.08179,0.08418,0.0801,0.08249,0,0
ADA.V,D,20181006,000000,0.08249,0.08484,0.08072,0.08187,0,0
ADA.V,D,20181007,000000,0.08187,0.08448,0.08025,0.08357,0,0
ADA.V,D,20181008,000000,0.08357,0.0887,0.08094,0.08674,0,0
ADA.V,D,20181009,000000,0.08674,0.08774,0.08423,0.08657,0,0
ADA.V,D,20181010,000000,0.08657,0.08733,0.08298,0.08442,0,0
ADA.V,D,20181011,000000,0.08442,0.08554,0.07086,0.07394,0,0
ADA.V,D,20181012,000000,0.07388,0.0778,0.06883,0.07352,0,0
ADA.V,D,20181013,000000,0.07352,0.07744,0.07156,0.07365,0,0
ADA.V,D,20181014,000000,0.07365,0.07683,0.07168,0.07229,0,0
ADA.V,D,20181015,000000,0.07229,0.07685,0.0688,0.07233,0,0
ADA.V,D,20181016,000000,0.07233,0.08146,0.07233,0.07533,0,0
ADA.V,D,20181017,000000,0.07533,0.07928,0.07431,0.07705,0,0
ADA.V,D,20181018,000000,0.07705,0.07965,0.07279,0.07354,0,0
ADA.V,D,20181019,000000,0.07354,0.07721,0.07304,0.07583,0,0
ADA.V,D,20181020,000000,0.07583,0.07918,0.07427,0.07614,0,0
ADA.V,D,20181021,000000,0.07614,0.07921,0.0759,0.07629,0,0
ADA.V,D,20181022,000000,0.07629,0.07847,0.07421,0.07609,0,0
ADA.V,D,20181023,000000,0.07609,0.0776,0.0705,0.07593,0,0
ADA.V,D,20181024,000000,0.07593,0.0774,0.0737,0.07438,0,0
ADA.V,D,20181025,000000,0.07438,0.07621,0.07296,0.07347,0,0
ADA.V,D,20181026,000000,0.07347,0.07615,0.07205,0.07548,0,0
ADA.V,D,20181027,000000,0.07548,0.07596,0.07287,0.07416,0,0
ADA.V,D,20181028,000000,0.07416,0.07559,0.0725,0.07349,0,0
ADA.V,D,20181029,000000,0.07349,0.07475,0.06848,0.06965,0,0
ADA.V,D,20181030,000000,0.06965,0.07675,0.06883,0.07173,0,0
ADA.V,D,20181031,000000,0.07173,0.07194,0.06783,0.07131,0,0
ADA.V,D,20181101,000000,0.07131,0.07216,0.06919,0.07216,0,0
ADA.V,D,20181102,000000,0.07216,0.07388,0.07055,0.07367,0,0
ADA.V,D,20181103,000000,0.07367,0.07396,0.07044,0.07232,0,0
ADA.V,D,20181104,000000,0.07232,0.07793,0.07117,0.07712,0,0
ADA.V,D,20181105,000000,0.07712,0.07866,0.07466,0.07661,0,0
ADA.V,D,20181106,000000,0.07661,0.08108,0.07589,0.08085,0,0
ADA.V,D,20181107,000000,0.08085,0.08163,0.07719,0.07884,0,0
ADA.V,D,20181108,000000,0.07884,0.07962,0.07608,0.07663,0,0
ADA.V,D,20181109,000000,0.07663,0.07842,0.0732,0.07435,0,0
ADA.V,D,20181110,000000,0.07435,0.07841,0.07347,0.07542,0,0
ADA.V,D,20181111,000000,0.07542,0.07812,0.07417,0.07604,0,0
ADA.V,D,20181112,000000,0.07604,0.07816,0.07415,0.07624,0,0
ADA.V,D,20181113,000000,0.07624,0.07791,0.07287,0.07304,0,0
ADA.V,D,20181114,000000,0.07304,0.07657,0.05895,0.06175,0,0
ADA.V,D,20181115,000000,0.06149,0.06684,0.05592,0.06138,0,0
ADA.V,D,20181116,000000,0.06138,0.06589,0.05933,0.05933,0,0
ADA.V,D,20181117,000000,0.05933,0.06322,0.0587,0.06027,0,0
ADA.V,D,20181118,000000,0.06027,0.06519,0.0601,0.0611,0,0
ADA.V,D,20181119,000000,0.0611,0.06946,0.05156,0.055,0,0
ADA.V,D,20181120,000000,0.055,0.0578,0.04257,0.04347,0,0
ADA.V,D,20181121,000000,0.04347,0.04948,0.04206,0.04653,0,0
ADA.V,D,20181122,000000,0.04653,0.05083,0.04516,0.04601,0,0
ADA.V,D,20181123,000000,0.04601,0.04721,0.04102,0.04299,0,0
ADA.V,D,20181124,000000,0.04299,0.04564,0.03345,0.03629,0,0
ADA.V,D,20181125,000000,0.03629,0.04428,0.02801,0.03704,0,0
ADA.V,D,20181126,000000,0.03704,0.03896,0.03298,0.03441,0,0
ADA.V,D,20181127,000000,0.03441,0.03663,0.03131,0.03663,0,0
ADA.V,D,20181128,000000,0.03663,0.04787,0.03587,0.04119,0,0
ADA.V,D,20181129,000000,0.04119,0.04495,0.03929,0.04119,0,0
ADA.V,D,20181130,000000,0.04119,0.04286,0.03712,0.03844,0,0
ADA.V,D,20181201,000000,0.03844,0.04464,0.03782,0.04157,0,0
ADA.V,D,20181202,000000,0.04157,0.04404,0.03991,0.04154,0,0
ADA.V,D,20181203,000000,0.04154,0.04198,0.03741,0.03834,0,0
ADA.V,D,20181204,000000,0.03834,0.04085,0.03564,0.0372,0,0
ADA.V,D,20181205,000000,0.0372,0.03856,0.03368,0.03535,0,0
ADA.V,D,20181206,000000,0.03535,0.03744,0.03154,0.03156,0,0
ADA.V,D,20181207,000000,0.03156,0.03399,0.02719,0.02977,0,0
ADA.V,D,20181208,000000,0.02977,0.03165,0.02851,0.03031,0,0
ADA.V,D,20181209,000000,0.03031,0.03256,0.02966,0.03141,0,0
ADA.V,D,20181210,000000,0.03141,0.03293,0.02914,0.02997,0,0
ADA.V,D,20181211,000000,0.02997,0.03091,0.02843,0.02921,0,0
ADA.V,D,20181212,000000,0.02921,0.03179,0.02852,0.03025,0,0
ADA.V,D,20181213,000000,0.03025,0.03185,0.02849,0.02892,0,0
ADA.V,D,20181214,000000,0.02892,0.03044,0.02733,0.02855,0,0
ADA.V,D,20181215,000000,0.02855,0.02944,0.02742,0.02848,0,0
ADA.V,D,20181216,000000,0.02848,0.03053,0.02761,0.02886,0,0
ADA.V,D,20181217,000000,0.02886,0.03448,0.02846,0.03196,0,0
ADA.V,D,20181218,000000,0.03196,0.03369,0.03135,0.03358,0,0
ADA.V,D,20181219,000000,0.03358,0.03865,0.03317,0.03466,0,0
ADA.V,D,20181220,000000,0.03466,0.03995,0.03377,0.03896,0,0
ADA.V,D,20181221,000000,0.03896,0.04494,0.03806,0.04058,0,0
ADA.V,D,20181222,000000,0.04058,0.04163,0.03822,0.04058,0,0
ADA.V,D,20181223,000000,0.04058,0.0448,0.04049,0.04384,0,0
ADA.V,D,20181224,000000,0.04384,0.04957,0.04357,0.04623,0,0
ADA.V,D,20181225,000000,0.04623,0.04698,0.03873,0.04116,0,0
ADA.V,D,20181226,000000,0.04116,0.04411,0.03891,0.04176,0,0
ADA.V,D,20181227,000000,0.04176,0.0418,0.03596,0.03612,0,0
ADA.V,D,20181228,000000,0.03612,0.04301,0.03599,0.04121,0,0
ADA.V,D,20181229,000000,0.04121,0.04462,0.04038,0.04342,0,0
ADA.V,D,20181230,000000,0.04342,0.04454,0.0398,0.04324,0,0
ADA.V,D,20181231,000000,0.04324,0.04452,0.03924,0.04043,0,0
ADA.V,D,20190101,000000,0.04043,0.04233,0.0397,0.0415,0,0
ADA.V,D,20190102,000000,0.0415,0.04695,0.0415,0.04562,0,0
ADA.V,D,20190103,000000,0.04562,0.04622,0.04209,0.04281,0,0
ADA.V,D,20190104,000000,0.04281,0.0449,0.04162,0.0438,0,0
ADA.V,D,20190105,000000,0.0438,0.04608,0.04236,0.04432,0,0
ADA.V,D,20190106,000000,0.04432,0.04995,0.044,0.04891,0,0
ADA.V,D,20190107,000000,0.04891,0.05117,0.0474,0.04782,0,0
ADA.V,D,20190108,000000,0.04782,0.06757,0.04647,0.04844,0,0
ADA.V,D,20190109,000000,0.04844,0.05315,0.04813,0.05238,0,0
ADA.V,D,20190110,000000,0.05238,0.06141,0.04172,0.04399,0,0
ADA.V,D,20190111,000000,0.04399,0.04603,0.0421,0.04347,0,0
ADA.V,D,20190112,000000,0.04347,0.04526,0.04224,0.04358,0,0
ADA.V,D,20190113,000000,0.04358,0.04464,0.03917,0.03971,0,0
ADA.V,D,20190114,000000,0.03971,0.04466,0.03963,0.04373,0,0
ADA.V,D,20190115,000000,0.04373,0.04472,0.04139,0.04275,0,0
ADA.V,D,20190116,000000,0.04275,0.04579,0.04206,0.04579,0,0
ADA.V,D,20190117,000000,0.04579,0.04579,0.04344,0.0446,0,0
ADA.V,D,20190118,000000,0.04581,0.04623,0.0432,0.04401,0,0
ADA.V,D,20190119,000000,0.04401,0.04738,0.04337,0.04582,0,0
ADA.V,D,20190120,000000,0.04582,0.04745,0.04179,0.04321,0,0
ADA.V,D,20190121,000000,0.04321,0.04551,0.0421,0.04265,0,0
ADA.V,D,20190122,000000,0.04265,0.04487,0.04133,0.04346,0,0
ADA.V,D,20190123,000000,0.04346,0.04479,0.04225,0.04274,0,0
ADA.V,D,20190124,000000,0.04274,0.04459,0.04207,0.04313,0,0
ADA.V,D,20190125,000000,0.04313,0.04459,0.04208,0.04335,0,0
ADA.V,D,20190126,000000,0.04335,0.04431,0.04217,0.04304,0,0
ADA.V,D,20190127,000000,0.04304,0.04406,0.0401,0.04121,0,0
ADA.V,D,20190128,000000,0.04121,0.04134,0.03674,0.03825,0,0
ADA.V,D,20190129,000000,0.03825,0.03928,0.03657,0.038,0,0
ADA.V,D,20190130,000000,0.038,0.0402,0.03703,0.04016,0,0
ADA.V,D,20190131,000000,0.04016,0.04063,0.03742,0.03869,0,0
ADA.V,D,20190201,000000,0.03869,0.0395,0.03691,0.03898,0,0
ADA.V,D,20190202,000000,0.03898,0.03926,0.03714,0.0384,0,0
ADA.V,D,20190203,000000,0.0384,0.03963,0.03716,0.03798,0,0
ADA.V,D,20190204,000000,0.03798,0.03893,0.03717,0.03805,0,0
ADA.V,D,20190205,000000,0.03805,0.04002,0.03703,0.03859,0,0
ADA.V,D,20190206,000000,0.03859,0.03859,0.03538,0.03628,0,0
ADA.V,D,20190207,000000,0.03628,0.03844,0.036,0.03652,0,0
ADA.V,D,20190208,000000,0.03652,0.04168,0.03529,0.04001,0,0
ADA.V,D,20190209,000000,0.04001,0.04205,0.03996,0.04081,0,0
ADA.V,D,20190210,000000,0.04081,0.04283,0.03917,0.04181,0,0
ADA.V,D,20190211,000000,0.04181,0.0428,0.04087,0.04176,0,0
ADA.V,D,20190212,000000,0.04176,0.04233,0.04009,0.04083,0,0
ADA.V,D,20190213,000000,0.04087,0.04257,0.04053,0.04077,0,0
ADA.V,D,20190214,000000,0.04077,0.04186,0.0397,0.04062,0,0
ADA.V,D,20190215,000000,0.04062,0.04184,0.03983,0.04025,0,0
ADA.V,D,20190216,000000,0.04025,0.0423,0.04002,0.04162,0,0
ADA.V,D,20190217,000000,0.04162,0.04225,0.04023,0.04125,0,0
ADA.V,D,20190218,000000,0.04125,0.04825,0.04107,0.04487,0,0
ADA.V,D,20190219,000000,0.04487,0.04816,0.04487,0.04687,0,0
ADA.V,D,20190220,000000,0.04687,0.0479,0.0448,0.0466,0,0
ADA.V,D,20190221,000000,0.0466,0.0477,0.04414,0.04443,0,0
ADA.V,D,20190222,000000,0.04443,0.04663,0.04431,0.0458,0,0
ADA.V,D,20190223,000000,0.04564,0.04897,0.04528,0.04853,0,0
ADA.V,D,20190224,000000,0.04856,0.0505,0.04138,0.04257,0,0
ADA.V,D,20190225,000000,0.04257,0.04437,0.04149,0.04356,0,0
ADA.V,D,20190226,000000,0.04356,0.04451,0.04217,0.04349,0,0
ADA.V,D,20190227,000000,0.04349,0.04413,0.04146,0.04228,0,0
ADA.V,D,20190228,000000,0.04248,0.04452,0.04247,0.0434,0,0
ADA.V,D,20190301,000000,0.0434,0.04468,0.04264,0.0433,0,0
ADA.V,D,20190302,000000,0.0433,0.04454,0.04202,0.04268,0,0
ADA.V,D,20190303,000000,0.04268,0.04439,0.04178,0.04365,0,0
ADA.V,D,20190304,000000,0.04365,0.04365,0.03944,0.04025,0,0
ADA.V,D,20190305,000000,0.04025,0.04371,0.03983,0.0427,0,0
ADA.V,D,20190306,000000,0.04267,0.04335,0.04185,0.04335,0,0
ADA.V,D,20190307,000000,0.04335,0.04391,0.04204,0.04307,0,0
ADA.V,D,20190308,000000,0.04307,0.04404,0.04203,0.04239,0,0
ADA.V,D,20190309,000000,0.04239,0.04686,0.04223,0.04607,0,0
ADA.V,D,20190310,000000,0.04607,0.0467,0.04415,0.04541,0,0
ADA.V,D,20190311,000000,0.0454,0.0483,0.04458,0.04751,0,0
ADA.V,D,20190312,000000,0.04751,0.04845,0.04474,0.04705,0,0
ADA.V,D,20190313,000000,0.04703,0.04876,0.04607,0.04649,0,0
ADA.V,D,20190314,000000,0.04649,0.04823,0.04606,0.04786,0,0
ADA.V,D,20190315,000000,0.04786,0.05067,0.04764,0.04947,0,0
ADA.V,D,20190316,000000,0.0495,0.05143,0.04902,0.0509,0,0
ADA.V,D,20190317,000000,0.0509,0.05138,0.04929,0.04964,0,0
ADA.V,D,20190318,000000,0.04964,0.05121,0.04892,0.04966,0,0
ADA.V,D,20190319,000000,0.04966,0.0532,0.0491,0.05152,0,0
ADA.V,D,20190320,000000,0.05152,0.05363,0.05098,0.05327,0,0
ADA.V,D,20190321,000000,0.05327,0.05447,0.04998,0.05313,0,0
ADA.V,D,20190322,000000,0.05313,0.05855,0.05196,0.05784,0,0
ADA.V,D,20190323,000000,0.05784,0.06413,0.0567,0.06311,0,0
ADA.V,D,20190324,000000,0.06311,0.06397,0.05881,0.06038,0,0
ADA.V,D,20190325,000000,0.06038,0.06149,0.05605,0.0579,0,0
ADA.V,D,20190326,000000,0.0579,0.06135,0.05782,0.06128,0,0
ADA.V,D,20190327,000000,0.06129,0.06758,0.06045,0.06684,0,0
ADA.V,D,20190328,000000,0.06684,0.06718,0.06361,0.06556,0,0
ADA.V,D,20190329,000000,0.06556,0.07198,0.06521,0.0717,0,0
ADA.V,D,20190330,000000,0.0717,0.07267,0.06847,0.07073,0,0
ADA.V,D,20190331,000000,0.07072,0.07229,0.06996,0.07102,0,0
ADA.V,D,20190401,000000,0.07102,0.07253,0.06859,0.07253,0,0
ADA.V,D,20190402,000000,0.07253,0.08331,0.07034,0.08217,0,0
ADA.V,D,20190403,000000,0.08217,0.1014,0.08177,0.09787,0,0
ADA.V,D,20190404,000000,0.09764,0.09883,0.08202,0.08779,0,0
ADA.V,D,20190405,000000,0.08781,0.09236,0.08591,0.09074,0,0
ADA.V,D,20190406,000000,0.09074,0.09386,0.08738,0.08971,0,0
ADA.V,D,20190407,000000,0.08971,0.09131,0.08823,0.0904,0,0
ADA.V,D,20190408,000000,0.0904,0.09167,0.08351,0.08733,0,0
ADA.V,D,20190409,000000,0.08733,0.08746,0.08115,0.08511,0,0
ADA.V,D,20190410,000000,0.08511,0.09258,0.08316,0.08816,0,0
ADA.V,D,20190411,000000,0.08816,0.09025,0.07694,0.08239,0,0
ADA.V,D,20190412,000000,0.08239,0.08533,0.08007,0.08349,0,0
ADA.V,D,20190413,000000,0.08349,0.08547,0.08236,0.08321,0,0
ADA.V,D,20190414,000000,0.08321,0.08402,0.08115,0.08317,0,0
ADA.V,D,20190415,000000,0.08318,0.08567,0.08027,0.0811,0,0
ADA.V,D,20190416,000000,0.0811,0.08383,0.08005,0.08306,0,0
ADA.V,D,20190417,000000,0.08307,0.08444,0.08181,0.08354,0,0
ADA.V,D,20190418,000000,0.08355,0.08394,0.0821,0.08257,0,0
ADA.V,D,20190419,000000,0.08257,0.08257,0.07771,0.07888,0,0
ADA.V,D,20190420,000000,0.0789,0.0799,0.07502,0.07541,0,0
ADA.V,D,20190421,000000,0.07541,0.07761,0.07139,0.07372,0,0
ADA.V,D,20190422,000000,0.07371,0.07801,0.07212,0.07758,0,0
ADA.V,D,20190423,000000,0.07758,0.08002,0.07443,0.0761,0,0
ADA.V,D,20190424,000000,0.07595,0.07597,0.0684,0.07089,0,0
ADA.V,D,20190425,000000,0.07056,0.07593,0.07056,0.07211,0,0
ADA.V,D,20190426,000000,0.07211,0.07226,0.06541,0.06694,0,0
ADA.V,D,20190427,000000,0.06694,0.07088,0.06689,0.06926,0,0
ADA.V,D,20190428,000000,0.06926,0.07228,0.06816,0.06878,0,0
ADA.V,D,20190429,000000,0.0688,0.06937,0.06329,0.06452,0,0
ADA.V,D,20190430,000000,0.06452,0.06778,0.06346,0.06749,0,0
ADA.V,D,20190501,000000,0.06747,0.07017,0.06644,0.06777,0,0
ADA.V,D,20190502,000000,0.06777,0.06895,0.06704,0.06752,0,0
ADA.V,D,20190503,000000,0.06753,0.07126,0.06657,0.06918,0,0
ADA.V,D,20190504,000000,0.06918,0.07094,0.06572,0.06754,0,0
ADA.V,D,20190505,000000,0.06754,0.06754,0.0649,0.06634,0,0
ADA.V,D,20190506,000000,0.06634,0.06808,0.06294,0.06698,0,0
ADA.V,D,20190507,000000,0.06698,0.06815,0.06425,0.06475,0,0
ADA.V,D,20190508,000000,0.06474,0.06492,0.06186,0.06411,0,0
ADA.V,D,20190509,000000,0.06411,0.06547,0.06003,0.06112,0,0
ADA.V,D,20190510,000000,0.06112,0.06521,0.05896,0.06294,0,0
ADA.V,D,20190511,000000,0.06294,0.07793,0.06224,0.07707,0,0
ADA.V,D,20190512,000000,0.07707,0.07921,0.06804,0.0714,0,0
ADA.V,D,20190513,000000,0.0714,0.07691,0.06953,0.07385,0,0
ADA.V,D,20190514,000000,0.07385,0.08228,0.07182,0.07856,0,0
ADA.V,D,20190515,000000,0.07856,0.09314,0.07856,0.09028,0,0
ADA.V,D,20190516,000000,0.09028,0.1003,0.08356,0.09048,0,0
ADA.V,D,20190517,000000,0.08981,0.08995,0.07422,0.08112,0,0
ADA.V,D,20190518,000000,0.08112,0.08467,0.07741,0.08031,0,0
ADA.V,D,20190519,000000,0.08031,0.08729,0.07746,0.08602,0,0
ADA.V,D,20190520,000000,0.08602,0.08831,0.07934,0.08588,0,0
ADA.V,D,20190521,000000,0.08588,0.08651,0.08235,0.08576,0,0
ADA.V,D,20190522,000000,0.08576,0.08577,0.0777,0.07806,0,0
ADA.V,D,20190523,000000,0.07806,0.08004,0.07398,0.08003,0,0
ADA.V,D,20190524,000000,0.08003,0.08396,0.0784,0.08229,0,0
ADA.V,D,20190525,000000,0.08229,0.08238,0.07931,0.08021,0,0
ADA.V,D,20190526,000000,0.08021,0.0879,0.07845,0.08638,0,0
ADA.V,D,20190527,000000,0.08636,0.0936,0.08425,0.08965,0,0
ADA.V,D,20190528,000000,0.08965,0.09231,0.08709,0.09149,0,0
ADA.V,D,20190529,000000,0.09149,0.0939,0.08592,0.09142,0,0
ADA.V,D,20190530,000000,0.09142,0.09817,0.07984,0.08227,0,0
ADA.V,D,20190531,000000,0.08227,0.08771,0.08137,0.08746,0,0
ADA.V,D,20190601,000000,0.08746,0.09236,0.08571,0.09175,0,0
ADA.V,D,20190602,000000,0.09176,0.09747,0.09001,0.09424,0,0
ADA.V,D,20190603,000000,0.09426,0.09786,0.0892,0.09289,0,0
ADA.V,D,20190604,000000,0.09289,0.09297,0.07922,0.07922,0,0
ADA.V,D,20190605,000000,0.07922,0.08437,0.07896,0.08213,0,0
ADA.V,D,20190606,000000,0.08213,0.08315,0.07818,0.0815,0,0
ADA.V,D,20190607,000000,0.0815,0.08729,0.08131,0.085,0,0
ADA.V,D,20190608,000000,0.085,0.08619,0.08192,0.08324,0,0
ADA.V,D,20190609,000000,0.08324,0.08426,0.07811,0.07865,0,0
ADA.V,D,20190610,000000,0.07865,0.08475,0.07733,0.0838,0,0
ADA.V,D,20190611,000000,0.0838,0.08931,0.08249,0.08794,0,0
ADA.V,D,20190612,000000,0.08794,0.09544,0.08595,0.0941,0,0
ADA.V,D,20190613,000000,0.0941,0.0969,0.0885,0.08996,0,0
ADA.V,D,20190614,000000,0.08996,0.09075,0.08574,0.08926,0,0
ADA.V,D,20190615,000000,0.08922,0.09284,0.08849,0.09142,0,0
ADA.V,D,20190616,000000,0.09144,0.09426,0.09029,0.09216,0,0
ADA.V,D,20190617,000000,0.09211,0.09359,0.09154,0.09276,0,0
ADA.V,D,20190618,000000,0.09276,0.09387,0.08841,0.08864,0,0
ADA.V,D,20190619,000000,0.08864,0.09142,0.08809,0.09012,0,0
ADA.V,D,20190620,000000,0.0901,0.09034,0.08537,0.08672,0,0
ADA.V,D,20190621,000000,0.08672,0.09109,0.08655,0.08941,0,0
ADA.V,D,20190622,000000,0.08941,0.09734,0.08877,0.09467,0,0
ADA.V,D,20190623,000000,0.09466,0.102,0.09279,0.0965,0,0
ADA.V,D,20190624,000000,0.09633,0.09884,0.09352,0.09606,0,0
ADA.V,D,20190625,000000,0.09606,0.09815,0.09343,0.09464,0,0
ADA.V,D,20190626,000000,0.09463,0.1063,0.09392,0.09549,0,0
ADA.V,D,20190627,000000,0.09549,0.09823,0.08229,0.08594,0,0
ADA.V,D,20190628,000000,0.08594,0.08923,0.08336,0.08815,0,0
ADA.V,D,20190629,000000,0.08815,0.09023,0.08359,0.0887,0,0
ADA.V,D,20190630,000000,0.0887,0.09031,0.08212,0.08496,0,0
ADA.V,D,20190701,000000,0.08496,0.08537,0.07972,0.08281,0,0
ADA.V,D,20190702,000000,0.08281,0.08382,0.07625,0.07954,0,0
ADA.V,D,20190703,000000,0.07954,0.08338,0.07954,0.0806,0,0
ADA.V,D,20190704,000000,0.0806,0.08278,0.07856,0.07897,0,0
ADA.V,D,20190705,000000,0.07897,0.07992,0.0756,0.07711,0,0
ADA.V,D,20190706,000000,0.07711,0.0807,0.07601,0.07796,0,0
ADA.V,D,20190707,000000,0.07796,0.08048,0.07677,0.08048,0,0
ADA.V,D,20190708,000000,0.08022,0.08242,0.07926,0.08013,0,0
ADA.V,D,20190709,000000,0.08013,0.08084,0.07708,0.07778,0,0
ADA.V,D,20190710,000000,0.07778,0.07838,0.06959,0.07139,0,0
ADA.V,D,20190711,000000,0.07139,0.07179,0.0626,0.06506,0,0
ADA.V,D,20190712,000000,0.06506,0.07071,0.06342,0.06937,0,0
ADA.V,D,20190713,000000,0.06937,0.0709,0.06444,0.06507,0,0
ADA.V,D,20190714,000000,0.06507,0.06732,0.0601,0.06288,0,0
ADA.V,D,20190715,000000,0.06288,0.06288,0.05464,0.05909,0,0
ADA.V,D,20190716,000000,0.0591,0.06079,0.0502,0.05333,0,0
ADA.V,D,20190717,000000,0.05333,0.05784,0.05012,0.05669,0,0
ADA.V,D,20190718,000000,0.05669,0.05964,0.05339,0.05881,0,0
ADA.V,D,20190719,000000,0.05881,0.05954,0.05626,0.05913,0,0
ADA.V,D,20190720,000000,0.05913,0.06517,0.05913,0.0649,0,0
ADA.V,D,20190721,000000,0.06486,0.06496,0.05937,0.06107,0,0
ADA.V,D,20190722,000000,0.06107,0.06256,0.05818,0.05919,0,0
ADA.V,D,20190723,000000,0.05919,0.05998,0.05524,0.05755,0,0
ADA.V,D,20190724,000000,0.05755,0.05885,0.054,0.05864,0,0
ADA.V,D,20190725,000000,0.05878,0.06071,0.05791,0.05877,0,0
ADA.V,D,20190726,000000,0.05877,0.06286,0.05693,0.06216,0,0
ADA.V,D,20190727,000000,0.06216,0.06379,0.05721,0.06029,0,0
ADA.V,D,20190728,000000,0.06029,0.06105,0.05821,0.05847,0,0
ADA.V,D,20190729,000000,0.05847,0.06229,0.05647,0.06037,0,0
ADA.V,D,20190730,000000,0.06037,0.06161,0.05892,0.06007,0,0
ADA.V,D,20190731,000000,0.06007,0.0615,0.05924,0.05958,0,0
ADA.V,D,20190801,000000,0.05958,0.0602,0.05794,0.05874,0,0
ADA.V,D,20190802,000000,0.05874,0.05899,0.05618,0.05751,0,0
ADA.V,D,20190803,000000,0.05751,0.05833,0.05698,0.05739,0,0
ADA.V,D,20190804,000000,0.05739,0.05833,0.05619,0.05649,0,0
ADA.V,D,20190805,000000,0.05646,0.05828,0.05606,0.05669,0,0
ADA.V,D,20190806,000000,0.05669,0.05696,0.05309,0.05313,0,0
ADA.V,D,20190807,000000,0.05313,0.05419,0.0514,0.05171,0,0
ADA.V,D,20190808,000000,0.0517,0.05306,0.05051,0.05193,0,0
ADA.V,D,20190809,000000,0.05193,0.05243,0.04755,0.0476,0,0
ADA.V,D,20190810,000000,0.0476,0.05363,0.04735,0.05327,0,0
ADA.V,D,20190811,000000,0.05321,0.05589,0.05182,0.055,0,0
ADA.V,D,20190812,000000,0.055,0.05506,0.05261,0.05314,0,0
ADA.V,D,20190813,000000,0.05309,0.05349,0.04983,0.05149,0,0
ADA.V,D,20190814,000000,0.05149,0.05344,0.04671,0.04882,0,0
ADA.V,D,20190815,000000,0.04882,0.04886,0.04463,0.0478,0,0
ADA.V,D,20190816,000000,0.0478,0.04799,0.0446,0.04637,0,0
ADA.V,D,20190817,000000,0.04636,0.04823,0.04612,0.04716,0,0
ADA.V,D,20190818,000000,0.04716,0.05119,0.04694,0.05068,0,0
ADA.V,D,20190819,000000,0.0507,0.05143,0.04963,0.05008,0,0
ADA.V,D,20190820,000000,0.05006,0.05081,0.04865,0.04934,0,0
ADA.V,D,20190821,000000,0.04935,0.04957,0.04603,0.04704,0,0
ADA.V,D,20190822,000000,0.04704,0.05138,0.04669,0.04969,0,0
ADA.V,D,20190823,000000,0.04965,0.05102,0.04894,0.04972,0,0
ADA.V,D,20190824,000000,0.04972,0.05145,0.04832,0.05061,0,0
ADA.V,D,20190825,000000,0.05057,0.05286,0.04879,0.04939,0,0
ADA.V,D,20190826,000000,0.04939,0.05106,0.04886,0.05021,0,0
ADA.V,D,20190827,000000,0.05021,0.05056,0.04805,0.04889,0,0
ADA.V,D,20190828,000000,0.04889,0.0504,0.04535,0.04598,0,0
ADA.V,D,20190829,000000,0.04598,0.04649,0.04353,0.04438,0,0
ADA.V,D,20190830,000000,0.04438,0.04672,0.0442,0.04473,0,0
ADA.V,D,20190831,000000,0.04473,0.04551,0.04407,0.04519,0,0
ADA.V,D,20190901,000000,0.04519,0.0464,0.0437,0.04448,0,0
ADA.V,D,20190902,000000,0.04448,0.0463,0.04348,0.04586,0,0
ADA.V,D,20190903,000000,0.04587,0.04749,0.04465,0.04659,0,0
ADA.V,D,20190904,000000,0.04659,0.04712,0.04528,0.0456,0,0
ADA.V,D,20190905,000000,0.0456,0.04587,0.04387,0.04446,0,0
ADA.V,D,20190906,000000,0.04446,0.04481,0.04365,0.0445,0,0
ADA.V,D,20190907,000000,0.0445,0.04651,0.04381,0.0462,0,0
ADA.V,D,20190908,000000,0.0462,0.04815,0.04585,0.04759,0,0
ADA.V,D,20190909,000000,0.04759,0.04759,0.04536,0.04651,0,0
ADA.V,D,20190910,000000,0.04651,0.04927,0.04578,0.04629,0,0
ADA.V,D,20190911,000000,0.04629,0.0472,0.04434,0.04487,0,0
ADA.V,D,20190912,000000,0.04486,0.04644,0.0443,0.04595,0,0
ADA.V,D,20190913,000000,0.04594,0.0461,0.04487,0.04561,0,0
ADA.V,D,20190914,000000,0.04561,0.04729,0.04483,0.04669,0,0
ADA.V,D,20190915,000000,0.0467,0.04728,0.0462,0.04637,0,0
ADA.V,D,20190916,000000,0.04638,0.04785,0.0459,0.04741,0,0
ADA.V,D,20190917,000000,0.04741,0.05087,0.04714,0.04964,0,0
ADA.V,D,20190918,000000,0.04964,0.05558,0.04892,0.0541,0,0
ADA.V,D,20190919,000000,0.0541,0.05471,0.04964,0.05246,0,0
ADA.V,D,20190920,000000,0.05246,0.05335,0.0505,0.05121,0,0
ADA.V,D,20190921,000000,0.0512,0.05426,0.05117,0.05176,0,0
ADA.V,D,20190922,000000,0.05176,0.05221,0.0478,0.04885,0,0
ADA.V,D,20190923,000000,0.04885,0.04953,0.04706,0.04746,0,0
ADA.V,D,20190924,000000,0.04746,0.04749,0.03649,0.0387,0,0
ADA.V,D,20190925,000000,0.0387,0.0406,0.03604,0.03976,0,0
ADA.V,D,20190926,000000,0.03977,0.04051,0.03515,0.03734,0,0
ADA.V,D,20190927,000000,0.03734,0.04,0.03703,0.03942,0,0
ADA.V,D,20190928,000000,0.03942,0.04086,0.03823,0.03858,0,0
ADA.V,D,20190929,000000,0.03859,0.03922,0.0362,0.03742,0,0
ADA.V,D,20190930,000000,0.03745,0.04021,0.03744,0.0387,0,0
ADA.V,D,20191001,000000,0.03867,0.04039,0.03845,0.03849,0,0
ADA.V,D,20191002,000000,0.03849,0.03959,0.03771,0.03942,0,0
ADA.V,D,20191003,000000,0.03942,0.03985,0.03768,0.03846,0,0
ADA.V,D,20191004,000000,0.03846,0.04036,0.0374,0.03991,0,0
ADA.V,D,20191005,000000,0.0399,0.04106,0.03878,0.03954,0,0
ADA.V,D,20191006,000000,0.03954,0.04036,0.03828,0.03884,0,0
ADA.V,D,20191007,000000,0.03883,0.04199,0.03819,0.04098,0,0
ADA.V,D,20191008,000000,0.04098,0.04285,0.04048,0.04099,0,0
ADA.V,D,20191009,000000,0.04097,0.04356,0.0408,0.04257,0,0
ADA.V,D,20191010,000000,0.04257,0.04296,0.04079,0.04185,0,0
ADA.V,D,20191011,000000,0.04187,0.04261,0.04025,0.0403,0,0
ADA.V,D,20191012,000000,0.04031,0.0411,0.04013,0.0408,0,0
ADA.V,D,20191013,000000,0.04079,0.04195,0.0404,0.04172,0,0
ADA.V,D,20191014,000000,0.04186,0.04203,0.0409,0.04129,0,0
ADA.V,D,20191015,000000,0.04128,0.04209,0.0393,0.03941,0,0
ADA.V,D,20191016,000000,0.03941,0.04085,0.03776,0.0386,0,0
ADA.V,D,20191017,000000,0.0386,0.0402,0.0381,0.03914,0,0
ADA.V,D,20191018,000000,0.03922,0.03972,0.03751,0.03809,0,0
ADA.V,D,20191019,000000,0.03809,0.04067,0.03776,0.03956,0,0
ADA.V,D,20191020,000000,0.03956,0.04038,0.03838,0.0393,0,0
ADA.V,D,20191021,000000,0.03929,0.03971,0.03857,0.03925,0,0
ADA.V,D,20191022,000000,0.03923,0.04022,0.03905,0.03919,0,0
ADA.V,D,20191023,000000,0.03919,0.03965,0.03551,0.03661,0,0
ADA.V,D,20191024,000000,0.03724,0.03911,0.036,0.03766,0,0
ADA.V,D,20191025,000000,0.03765,0.04198,0.03761,0.04158,0,0
ADA.V,D,20191026,000000,0.04158,0.04335,0.03935,0.04041,0,0
ADA.V,D,20191027,000000,0.04041,0.04341,0.03976,0.04246,0,0
ADA.V,D,20191028,000000,0.04246,0.04472,0.04202,0.04328,0,0
ADA.V,D,20191029,000000,0.04324,0.04401,0.04207,0.04345,0,0
ADA.V,D,20191030,000000,0.04335,0.04457,0.04122,0.04184,0,0
ADA.V,D,20191031,000000,0.04184,0.04231,0.04016,0.04111,0,0
ADA.V,D,20191101,000000,0.04111,0.04273,0.041,0.0422,0,0
ADA.V,D,20191102,000000,0.04226,0.04275,0.04188,0.04248,0,0
ADA.V,D,20191103,000000,0.04249,0.0428,0.04143,0.04192,0,0
ADA.V,D,20191104,000000,0.04194,0.04382,0.04148,0.04277,0,0
ADA.V,D,20191105,000000,0.04277,0.04504,0.04275,0.04441,0,0
ADA.V,D,20191106,000000,0.04441,0.04615,0.04363,0.04488,0,0
ADA.V,D,20191107,000000,0.04486,0.045,0.04254,0.04333,0,0
ADA.V,D,20191108,000000,0.04332,0.04391,0.04102,0.04232,0,0
ADA.V,D,20191109,000000,0.04232,0.04387,0.04198,0.04229,0,0
ADA.V,D,20191110,000000,0.0425,0.04453,0.04229,0.04376,0,0
ADA.V,D,20191111,000000,0.04376,0.04465,0.04239,0.04344,0,0
ADA.V,D,20191112,000000,0.04343,0.0446,0.04285,0.04363,0,0
ADA.V,D,20191113,000000,0.04364,0.04485,0.04319,0.04465,0,0
ADA.V,D,20191114,000000,0.04465,0.0447,0.04186,0.04296,0,0
ADA.V,D,20191115,000000,0.04296,0.04469,0.04195,0.04436,0,0
ADA.V,D,20191116,000000,0.04436,0.04555,0.0434,0.04421,0,0
ADA.V,D,20191117,000000,0.04421,0.04597,0.0432,0.04543,0,0
ADA.V,D,20191118,000000,0.04543,0.0463,0.04312,0.04376,0,0
ADA.V,D,20191119,000000,0.04375,0.045,0.04124,0.0425,0,0
ADA.V,D,20191120,000000,0.0425,0.04279,0.04036,0.04082,0,0
ADA.V,D,20191121,000000,0.04082,0.04112,0.03748,0.0387,0,0
ADA.V,D,20191122,000000,0.0387,0.0399,0.03452,0.03708,0,0
ADA.V,D,20191123,000000,0.03708,0.03999,0.0365,0.03766,0,0
ADA.V,D,20191124,000000,0.03766,0.03885,0.03509,0.03585,0,0
ADA.V,D,20191125,000000,0.03585,0.03863,0.03334,0.037,0,0
ADA.V,D,20191126,000000,0.037,0.03842,0.03545,0.03658,0,0
ADA.V,D,20191127,000000,0.03658,0.04005,0.03521,0.03917,0,0
ADA.V,D,20191128,000000,0.03917,0.04077,0.0385,0.03872,0,0
ADA.V,D,20191129,000000,0.03875,0.04307,0.03853,0.0414,0,0
ADA.V,D,20191130,000000,0.0414,0.04275,0.03987,0.04061,0,0
ADA.V,D,20191201,000000,0.04062,0.04202,0.03835,0.03946,0,0
ADA.V,D,20191202,000000,0.03946,0.03988,0.03748,0.0383,0,0
ADA.V,D,20191203,000000,0.0383,0.03883,0.03747,0.03797,0,0
ADA.V,D,20191204,000000,0.03797,0.03941,0.03634,0.03856,0,0
ADA.V,D,20191205,000000,0.03856,0.03868,0.03674,0.03781,0,0
ADA.V,D,20191206,000000,0.03781,0.03846,0.03718,0.03829,0,0
ADA.V,D,20191207,000000,0.03829,0.03927,0.03807,0.0388,0,0
ADA.V,D,20191208,000000,0.0388,0.03906,0.03804,0.03885,0,0
ADA.V,D,20191209,000000,0.03893,0.03899,0.03705,0.03734,0,0
ADA.V,D,20191210,000000,0.03734,0.03743,0.03608,0.03655,0,0
ADA.V,D,20191211,000000,0.03656,0.03723,0.03621,0.03665,0,0
ADA.V,D,20191212,000000,0.03666,0.03712,0.03601,0.03689,0,0
ADA.V,D,20191213,000000,0.03689,0.03882,0.03665,0.0372,0,0
ADA.V,D,20191214,000000,0.0372,0.03743,0.03582,0.03637,0,0
ADA.V,D,20191215,000000,0.03637,0.03675,0.03587,0.03654,0,0
ADA.V,D,20191216,000000,0.03654,0.03665,0.03334,0.0343,0,0
ADA.V,D,20191217,000000,0.03427,0.03602,0.03132,0.03151,0,0
ADA.V,D,20191218,000000,0.03149,0.03438,0.03065,0.03438,0,0
ADA.V,D,20191219,000000,0.03456,0.03578,0.03288,0.03288,0,0
ADA.V,D,20191220,000000,0.03288,0.03392,0.03258,0.03368,0,0
ADA.V,D,20191221,000000,0.03367,0.03408,0.03293,0.03326,0,0
ADA.V,D,20191222,000000,0.03326,0.03463,0.03308,0.03419,0,0
ADA.V,D,20191223,000000,0.03426,0.03473,0.03294,0.033,0,0
ADA.V,D,20191224,000000,0.033,0.03455,0.03285,0.03423,0,0
ADA.V,D,20191225,000000,0.03423,0.03435,0.03285,0.03368,0,0
ADA.V,D,20191226,000000,0.03366,0.03502,0.03334,0.03417,0,0
ADA.V,D,20191227,000000,0.03417,0.03436,0.03158,0.03374,0,0
ADA.V,D,20191228,000000,0.03368,0.03484,0.03284,0.0337,0,0
ADA.V,D,20191229,000000,0.0337,0.03475,0.03337,0.03431,0,0
ADA.V,D,20191230,000000,0.03431,0.03441,0.03312,0.03353,0,0
ADA.V,D,20191231,000000,0.03353,0.0339,0.03251,0.03281,0,0
ADA.V,D,20200101,000000,0.03279,0.03495,0.03268,0.03353,0,0
ADA.V,D,20200102,000000,0.0335,0.03483,0.03239,0.03315,0,0
ADA.V,D,20200103,000000,0.03315,0.03534,0.03236,0.03391,0,0
ADA.V,D,20200104,000000,0.03391,0.03449,0.03378,0.03449,0,0
ADA.V,D,20200105,000000,0.03449,0.03528,0.03422,0.03435,0,0
ADA.V,D,20200106,000000,0.03435,0.03728,0.03433,0.03692,0,0
ADA.V,D,20200107,000000,0.03692,0.03883,0.03657,0.0368,0,0
ADA.V,D,20200108,000000,0.0368,0.03895,0.03587,0.03655,0,0
ADA.V,D,20200109,000000,0.03655,0.03714,0.03546,0.036,0,0
ADA.V,D,20200110,000000,0.03601,0.03826,0.03485,0.03681,0,0
ADA.V,D,20200111,000000,0.03681,0.0379,0.03644,0.03707,0,0
ADA.V,D,20200112,000000,0.03707,0.03768,0.03652,0.0376,0,0
ADA.V,D,20200113,000000,0.0376,0.03796,0.03666,0.03704,0,0
ADA.V,D,20200114,000000,0.03703,0.04272,0.03684,0.04129,0,0
ADA.V,D,20200115,000000,0.04129,0.04319,0.04017,0.04319,0,0
ADA.V,D,20200116,000000,0.0432,0.04328,0.04034,0.04144,0,0
ADA.V,D,20200117,000000,0.04144,0.04607,0.04112,0.04553,0,0
ADA.V,D,20200118,000000,0.04553,0.04601,0.04323,0.04567,0,0
ADA.V,D,20200119,000000,0.04567,0.04681,0.04148,0.04228,0,0
ADA.V,D,20200120,000000,0.04229,0.04477,0.04207,0.04387,0,0
ADA.V,D,20200121,000000,0.04383,0.04685,0.04343,0.04583,0,0
ADA.V,D,20200122,000000,0.04583,0.04723,0.04548,0.04557,0,0
ADA.V,D,20200123,000000,0.04557,0.0459,0.04228,0.04335,0,0
ADA.V,D,20200124,000000,0.04335,0.04529,0.04154,0.04448,0,0
ADA.V,D,20200125,000000,0.04448,0.04521,0.04291,0.04367,0,0
ADA.V,D,20200126,000000,0.04366,0.04459,0.04284,0.04436,0,0
ADA.V,D,20200127,000000,0.04437,0.04889,0.04404,0.04799,0,0
ADA.V,D,20200128,000000,0.04798,0.05448,0.04756,0.05224,0,0
ADA.V,D,20200129,000000,0.05224,0.0575,0.05223,0.05461,0,0
ADA.V,D,20200130,000000,0.05461,0.05709,0.05215,0.05652,0,0
ADA.V,D,20200131,000000,0.05653,0.05655,0.05227,0.05441,0,0
ADA.V,D,20200201,000000,0.0544,0.05707,0.05322,0.05642,0,0
ADA.V,D,20200202,000000,0.05642,0.05871,0.05492,0.05633,0,0
ADA.V,D,20200203,000000,0.05633,0.05795,0.05533,0.057,0,0
ADA.V,D,20200204,000000,0.057,0.0577,0.05427,0.05603,0,0
ADA.V,D,20200205,000000,0.05603,0.06016,0.05561,0.0592,0,0
ADA.V,D,20200206,000000,0.0592,0.06074,0.05824,0.05953,0,0
ADA.V,D,20200207,000000,0.05952,0.06235,0.05948,0.05999,0,0
ADA.V,D,20200208,000000,0.05999,0.06127,0.05697,0.06047,0,0
ADA.V,D,20200209,000000,0.06047,0.06252,0.06007,0.06146,0,0
ADA.V,D,20200210,000000,0.06146,0.06214,0.05849,0.05987,0,0
ADA.V,D,20200211,000000,0.05987,0.06336,0.05874,0.06287,0,0
ADA.V,D,20200212,000000,0.06286,0.07039,0.06282,0.06899,0,0
ADA.V,D,20200213,000000,0.06899,0.07226,0.06585,0.06845,0,0
ADA.V,D,20200214,000000,0.06845,0.07129,0.06714,0.07105,0,0
ADA.V,D,20200215,000000,0.07104,0.07138,0.06255,0.06467,0,0
ADA.V,D,20200216,000000,0.06469,0.06702,0.05654,0.061,0,0
ADA.V,D,20200217,000000,0.061,0.06296,0.05585,0.05894,0,0
ADA.V,D,20200218,000000,0.05894,0.06369,0.0582,0.06318,0,0
ADA.V,D,20200219,000000,0.06317,0.06334,0.05697,0.05938,0,0
ADA.V,D,20200220,000000,0.05938,0.05938,0.05559,0.05868,0,0
ADA.V,D,20200221,000000,0.05868,0.06019,0.05769,0.05825,0,0
ADA.V,D,20200222,000000,0.05825,0.06048,0.05755,0.05851,0,0
ADA.V,D,20200223,000000,0.05849,0.06244,0.0581,0.06153,0,0
ADA.V,D,20200224,000000,0.06153,0.06242,0.05736,0.05894,0,0
ADA.V,D,20200225,000000,0.05895,0.05965,0.05606,0.05862,0,0
ADA.V,D,20200226,000000,0.05862,0.05868,0.04672,0.04958,0,0
ADA.V,D,20200227,000000,0.04958,0.05226,0.04638,0.05007,0,0
ADA.V,D,20200228,000000,0.05007,0.05272,0.04613,0.04953,0,0
ADA.V,D,20200229,000000,0.04954,0.05152,0.04764,0.04804,0,0
ADA.V,D,20200301,000000,0.04813,0.04943,0.04518,0.04607,0,0
ADA.V,D,20200302,000000,0.04607,0.04994,0.04557,0.04935,0,0
ADA.V,D,20200303,000000,0.04935,0.05064,0.0477,0.04879,0,0
ADA.V,D,20200304,000000,0.04879,0.05057,0.04818,0.04871,0,0
ADA.V,D,20200305,000000,0.04871,0.05788,0.04871,0.05128,0,0
ADA.V,D,20200306,000000,0.05128,0.05169,0.05005,0.05097,0,0
ADA.V,D,20200307,000000,0.05097,0.05208,0.04833,0.04938,0,0
ADA.V,D,20200308,000000,0.04938,0.04948,0.04309,0.0435,0,0
ADA.V,D,20200309,000000,0.0435,0.04401,0.03904,0.04096,0,0
ADA.V,D,20200310,000000,0.04101,0.04308,0.04031,0.04169,0,0
ADA.V,D,20200311,000000,0.04169,0.04179,0.03745,0.03942,0,0
ADA.V,D,20200312,000000,0.03942,0.03981,0.027,0.028,0,0
ADA.V,D,20200313,000000,0.028,0.02972,0.01871,0.02866,0,0
ADA.V,D,20200314,000000,0.02866,0.02938,0.02578,0.02624,0,0
ADA.V,D,20200315,000000,0.02624,0.02886,0.02534,0.02707,0,0
ADA.V,D,20200316,000000,0.02707,0.02722,0.02159,0.02375,0,0
ADA.V,D,20200317,000000,0.02375,0.02667,0.02375,0.02643,0,0
ADA.V,D,20200318,000000,0.02643,0.02653,0.02445,0.02572,0,0
ADA.V,D,20200319,000000,0.02572,0.03202,0.02572,0.03159,0,0
ADA.V,D,20200320,000000,0.03159,0.03412,0.02666,0.02895,0,0
ADA.V,D,20200321,000000,0.02916,0.0307,0.02788,0.02965,0,0
ADA.V,D,20200322,000000,0.02965,0.03052,0.0269,0.02701,0,0
ADA.V,D,20200323,000000,0.027,0.0297,0.02667,0.02918,0,0
ADA.V,D,20200324,000000,0.02908,0.03049,0.02894,0.0303,0,0
ADA.V,D,20200325,000000,0.03031,0.03052,0.02886,0.02937,0,0
ADA.V,D,20200326,000000,0.02937,0.03029,0.02927,0.03007,0,0
ADA.V,D,20200327,000000,0.03005,0.03149,0.02983,0.03021,0,0
ADA.V,D,20200328,000000,0.03022,0.03022,0.02788,0.02953,0,0
ADA.V,D,20200329,000000,0.02952,0.03003,0.02818,0.02839,0,0
ADA.V,D,20200330,000000,0.02832,0.03048,0.02806,0.03012,0,0
ADA.V,D,20200331,000000,0.03012,0.03074,0.02955,0.03055,0,0
ADA.V,D,20200401,000000,0.03055,0.03083,0.02955,0.03015,0,0
ADA.V,D,20200402,000000,0.03015,0.03361,0.03002,0.0323,0,0
ADA.V,D,20200403,000000,0.0323,0.03283,0.03169,0.03238,0,0
ADA.V,D,20200404,000000,0.03238,0.03287,0.03184,0.03233,0,0
ADA.V,D,20200405,000000,0.03234,0.03264,0.0316,0.03181,0,0
ADA.V,D,20200406,000000,0.03181,0.03538,0.03181,0.03525,0,0
ADA.V,D,20200407,000000,0.03525,0.03726,0.03456,0.03541,0,0
ADA.V,D,20200408,000000,0.03541,0.03718,0.03508,0.03642,0,0
ADA.V,D,20200409,000000,0.03642,0.03672,0.03533,0.03612,0,0
ADA.V,D,20200410,000000,0.03612,0.03631,0.03231,0.03342,0,0
ADA.V,D,20200411,000000,0.03342,0.03413,0.03275,0.03327,0,0
ADA.V,D,20200412,000000,0.03328,0.03505,0.033,0.03467,0,0
ADA.V,D,20200413,000000,0.03467,0.03472,0.03204,0.03321,0,0
ADA.V,D,20200414,000000,0.03321,0.03387,0.03275,0.033,0,0
ADA.V,D,20200415,000000,0.03301,0.03378,0.03248,0.03277,0,0
ADA.V,D,20200416,000000,0.03284,0.03437,0.03094,0.03437,0,0
ADA.V,D,20200417,000000,0.03437,0.035,0.03418,0.03442,0,0
ADA.V,D,20200418,000000,0.03442,0.03671,0.03433,0.03652,0,0
ADA.V,D,20200419,000000,0.03652,0.03705,0.0352,0.03617,0,0
ADA.V,D,20200420,000000,0.03615,0.03667,0.03398,0.03429,0,0
ADA.V,D,20200421,000000,0.03429,0.03506,0.03381,0.03496,0,0
ADA.V,D,20200422,000000,0.03496,0.03678,0.03411,0.03652,0,0
ADA.V,D,20200423,000000,0.03652,0.04262,0.03626,0.04209,0,0
ADA.V,D,20200424,000000,0.04202,0.04384,0.04061,0.04228,0,0
ADA.V,D,20200425,000000,0.04226,0.04363,0.04107,0.042,0,0
ADA.V,D,20200426,000000,0.042,0.04616,0.04196,0.04531,0,0
ADA.V,D,20200427,000000,0.04531,0.0475,0.04426,0.04544,0,0
ADA.V,D,20200428,000000,0.04544,0.04806,0.04523,0.04714,0,0
ADA.V,D,20200429,000000,0.04714,0.05223,0.04687,0.05169,0,0
ADA.V,D,20200430,000000,0.05169,0.05441,0.04762,0.04861,0,0
ADA.V,D,20200501,000000,0.04861,0.05186,0.04714,0.05107,0,0
ADA.V,D,20200502,000000,0.05107,0.05147,0.04946,0.05077,0,0
ADA.V,D,20200503,000000,0.05077,0.05178,0.048,0.04929,0,0
ADA.V,D,20200504,000000,0.04929,0.05022,0.04632,0.0496,0,0
ADA.V,D,20200505,000000,0.0496,0.05058,0.04883,0.04987,0,0
ADA.V,D,20200506,000000,0.04987,0.05115,0.04862,0.05062,0,0
ADA.V,D,20200507,000000,0.05062,0.05153,0.04853,0.05063,0,0
ADA.V,D,20200508,000000,0.05063,0.05379,0.05063,0.05282,0,0
ADA.V,D,20200509,000000,0.05282,0.05304,0.05135,0.05187,0,0
ADA.V,D,20200510,000000,0.05187,0.05191,0.04308,0.04713,0,0
ADA.V,D,20200511,000000,0.04714,0.04995,0.045,0.04773,0,0
ADA.V,D,20200512,000000,0.04773,0.05105,0.04756,0.04982,0,0
ADA.V,D,20200513,000000,0.04948,0.05239,0.04948,0.05239,0,0
ADA.V,D,20200514,000000,0.05239,0.05239,0.05046,0.05117,0,0
ADA.V,D,20200515,000000,0.05117,0.05192,0.04972,0.05061,0,0
ADA.V,D,20200516,000000,0.05062,0.05129,0.04999,0.05087,0,0
ADA.V,D,20200517,000000,0.05087,0.05226,0.05078,0.05146,0,0
ADA.V,D,20200518,000000,0.05146,0.05495,0.05104,0.05422,0,0
ADA.V,D,20200519,000000,0.05422,0.05705,0.05258,0.05687,0,0
ADA.V,D,20200520,000000,0.05687,0.05749,0.0539,0.05651,0,0
ADA.V,D,20200521,000000,0.05651,0.05753,0.05031,0.05276,0,0
ADA.V,D,20200522,000000,0.05276,0.05686,0.05124,0.0565,0,0
ADA.V,D,20200523,000000,0.0565,0.05657,0.05429,0.05557,0,0
ADA.V,D,20200524,000000,0.05557,0.05617,0.05266,0.05418,0,0
ADA.V,D,20200525,000000,0.05418,0.05436,0.05096,0.05392,0,0
ADA.V,D,20200526,000000,0.05392,0.05423,0.052,0.05361,0,0
ADA.V,D,20200527,000000,0.05361,0.05592,0.05316,0.05469,0,0
ADA.V,D,20200528,000000,0.05469,0.06385,0.05459,0.06338,0,0
ADA.V,D,20200529,000000,0.0633,0.06758,0.06267,0.06381,0,0
ADA.V,D,20200530,000000,0.06366,0.07704,0.06365,0.07694,0,0
ADA.V,D,20200531,000000,0.0767,0.08643,0.07423,0.07602,0,0
ADA.V,D,20200601,000000,0.07602,0.08183,0.0723,0.08143,0,0
ADA.V,D,20200602,000000,0.08164,0.08336,0.07237,0.07915,0,0
ADA.V,D,20200603,000000,0.07915,0.08571,0.07735,0.08327,0,0
ADA.V,D,20200604,000000,0.08327,0.09025,0.08325,0.08807,0,0
ADA.V,D,20200605,000000,0.08807,0.08933,0.08395,0.08462,0,0
ADA.V,D,20200606,000000,0.08462,0.087,0.08441,0.08663,0,0
ADA.V,D,20200607,000000,0.08661,0.08854,0.08277,0.0855,0,0
ADA.V,D,20200608,000000,0.0855,0.08717,0.08476,0.08593,0,0
ADA.V,D,20200609,000000,0.08593,0.08681,0.08337,0.08359,0,0
ADA.V,D,20200610,000000,0.08359,0.08397,0.07987,0.08205,0,0
ADA.V,D,20200611,000000,0.08205,0.08503,0.07402,0.07687,0,0
ADA.V,D,20200612,000000,0.07687,0.08054,0.07427,0.07975,0,0
ADA.V,D,20200613,000000,0.07975,0.07993,0.07739,0.07837,0,0
ADA.V,D,20200614,000000,0.07837,0.07919,0.07648,0.07654,0,0
ADA.V,D,20200615,000000,0.07654,0.07986,0.0694,0.07827,0,0
ADA.V,D,20200616,000000,0.07827,0.07965,0.07691,0.07852,0,0
ADA.V,D,20200617,000000,0.07852,0.08365,0.07758,0.0823,0,0
ADA.V,D,20200618,000000,0.0823,0.08423,0.08002,0.08118,0,0
ADA.V,D,20200619,000000,0.08118,0.08231,0.07857,0.08057,0,0
ADA.V,D,20200620,000000,0.0806,0.08078,0.07721,0.07867,0,0
ADA.V,D,20200621,000000,0.07872,0.08084,0.07872,0.0795,0,0
ADA.V,D,20200622,000000,0.0795,0.08308,0.07822,0.08296,0,0
ADA.V,D,20200623,000000,0.08296,0.08436,0.08166,0.0831,0,0
ADA.V,D,20200624,000000,0.0831,0.087,0.07998,0.08223,0,0
ADA.V,D,20200625,000000,0.08223,0.08324,0.07857,0.082,0,0
ADA.V,D,20200626,000000,0.082,0.08222,0.07945,0.08091,0,0
ADA.V,D,20200627,000000,0.08091,0.08108,0.07502,0.07817,0,0
ADA.V,D,20200628,000000,0.07817,0.08104,0.07609,0.08067,0,0
ADA.V,D,20200629,000000,0.08067,0.08416,0.07973,0.084,0,0
ADA.V,D,20200630,000000,0.08401,0.08479,0.08203,0.08399,0,0
ADA.V,D,20200701,000000,0.08399,0.09532,0.08304,0.09372,0,0
ADA.V,D,20200702,000000,0.09381,0.0978,0.08767,0.09471,0,0
ADA.V,D,20200703,000000,0.09484,0.1019,0.09236,0.0985,0,0
ADA.V,D,20200704,000000,0.0985,0.1011,0.09541,0.09831,0,0
ADA.V,D,20200705,000000,0.09831,0.1002,0.0943,0.09714,0,0
ADA.V,D,20200706,000000,0.09714,0.1063,0.09712,0.1034,0,0
ADA.V,D,20200707,000000,0.1033,0.1155,0.1031,0.1142,0,0
ADA.V,D,20200708,000000,0.1142,0.1376,0.1142,0.1299,0,0
ADA.V,D,20200709,000000,0.1299,0.1309,0.1175,0.1242,0,0
ADA.V,D,20200710,000000,0.1242,0.1246,0.1104,0.1175,0,0
ADA.V,D,20200711,000000,0.1173,0.126,0.1167,0.126,0,0
ADA.V,D,20200712,000000,0.1261,0.1272,0.1204,0.123,0,0
ADA.V,D,20200713,000000,0.123,0.1356,0.123,0.1287,0,0
ADA.V,D,20200714,000000,0.129,0.1346,0.121,0.1312,0,0
ADA.V,D,20200715,000000,0.1312,0.134,0.1274,0.1303,0,0
ADA.V,D,20200716,000000,0.1303,0.133,0.1184,0.1249,0,0
ADA.V,D,20200717,000000,0.1249,0.1266,0.1218,0.1232,0,0
ADA.V,D,20200718,000000,0.1232,0.1248,0.1181,0.1242,0,0
ADA.V,D,20200719,000000,0.1241,0.1248,0.1213,0.1237,0,0
ADA.V,D,20200720,000000,0.1237,0.1248,0.1167,0.1191,0,0
ADA.V,D,20200721,000000,0.1191,0.1246,0.1169,0.123,0,0
ADA.V,D,20200722,000000,0.1234,0.1234,0.1206,0.122,0,0
ADA.V,D,20200723,000000,0.122,0.1265,0.1219,0.1247,0,0
ADA.V,D,20200724,000000,0.1247,0.1247,0.1218,0.122,0,0
ADA.V,D,20200725,000000,0.122,0.1408,0.1209,0.1376,0,0
ADA.V,D,20200726,000000,0.1376,0.1548,0.1376,0.1486,0,0
ADA.V,D,20200727,000000,0.1486,0.1499,0.131,0.1373,0,0
ADA.V,D,20200728,000000,0.1372,0.1492,0.1348,0.1484,0,0
ADA.V,D,20200729,000000,0.1484,0.1513,0.1404,0.143,0,0
