<TICKER>,<PER>,<DATE>,<TIME>,<OPEN>,<HIGH>,<LOW>,<CLOSE>,<VOL>,<OPENINT>
AE.V,D,20170530,000000,0.2434,0.4166,0.2434,0.4166,0,0
AE.V,D,20170531,000000,0.4376,0.668,0.4376,0.668,0,0
AE.V,D,20170601,000000,0.6997,0.6997,0.6973,0.6997,0,0
AE.V,D,20170602,000000,0.7229,0.8475,0.7204,0.7478,0,0
AE.V,D,20170603,000000,0.7636,0.8654,0.7585,0.8654,0,0
AE.V,D,20170604,000000,0.8582,0.8582,0.7295,0.737,0,0
AE.V,D,20170605,000000,0.7898,1.22,0.7817,1.08,0,0
AE.V,D,20170606,000000,1.15,1.44,0.8611,1.43,0,0
AE.V,D,20170607,000000,1.34,1.35,0.864,1.33,0,0
AE.V,D,20170608,000000,1.38,1.4,0.8956,1.4,0,0
AE.V,D,20170609,000000,1.41,1.41,1.11,1.41,0,0
AE.V,D,20170610,000000,1.45,1.45,1.25,1.31,0,0
AE.V,D,20170611,000000,1.35,2.38,1.35,2.38,0,0
AE.V,D,20170612,000000,2.12,3.19,2.12,3.19,0,0
AE.V,D,20170613,000000,3.26,3.26,2.44,3.26,0,0
AE.V,D,20170614,000000,2.96,2.96,2.25,2.96,0,0
AE.V,D,20170615,000000,2.93,2.93,2.2,2.69,0,0
AE.V,D,20170616,000000,2.76,3.01,2.51,2.88,0,0
AE.V,D,20170617,000000,3.05,3.98,2.66,3.24,0,0
AE.V,D,20170618,000000,3.1,3.8,2.54,3.8,0,0
AE.V,D,20170619,000000,3.91,3.93,2.36,2.5,0,0
AE.V,D,20170620,000000,2.63,3.31,1.29,2.48,0,0
AE.V,D,20170621,000000,2.41,3.21,2.41,3.08,0,0
AE.V,D,20170622,000000,3.13,3.13,1.33,2.29,0,0
AE.V,D,20170623,000000,2.28,2.28,1.36,1.92,0,0
AE.V,D,20170624,000000,1.84,1.87,1.54,1.87,0,0
AE.V,D,20170625,000000,1.84,1.87,1.65,1.87,0,0
AE.V,D,20170626,000000,1.8,1.8,0.636,0.9784,0,0
AE.V,D,20170627,000000,1.03,1.59,0.8165,1.59,0,0
AE.V,D,20170628,000000,1.58,1.59,0.4459,0.464,0,0
AE.V,D,20170629,000000,0.4605,0.6882,0.4145,0.5884,0,0
AE.V,D,20170630,000000,0.5705,0.9724,0.4961,0.769,0,0
AE.V,D,20170701,000000,0.7516,0.8486,0.3661,0.4995,0,0
AE.V,D,20170702,000000,0.5225,0.837,0.5225,0.832,0,0
AE.V,D,20170703,000000,0.8438,0.939,0.6431,0.9364,0,0
AE.V,D,20170704,000000,0.9527,0.9946,0.5549,0.6674,0,0
AE.V,D,20170705,000000,0.6701,0.9119,0.657,0.7752,0,0
AE.V,D,20170706,000000,0.7712,0.9071,0.6039,0.6666,0,0
AE.V,D,20170707,000000,0.641,0.641,0.4852,0.5078,0,0
AE.V,D,20170708,000000,0.5181,0.6515,0.5155,0.5848,0,0
AE.V,D,20170709,000000,0.5726,0.5751,0.4998,0.5425,0,0
AE.V,D,20170710,000000,0.5063,0.5157,0.4102,0.4993,0,0
AE.V,D,20170711,000000,0.4951,0.4951,0.4951,0.4951,0,0
AE.V,D,20170712,000000,0.5239,0.5287,0.2643,0.5046,0,0
AE.V,D,20170713,000000,0.4961,0.515,0.2811,0.3284,0,0
AE.V,D,20170714,000000,0.3105,0.3351,0.2815,0.3351,0,0
AE.V,D,20170715,000000,0.2963,0.3713,0.2607,0.3713,0,0
AE.V,D,20170716,000000,0.3598,0.4,0.3177,0.3713,0,0
AE.V,D,20170717,000000,0.4333,0.4846,0.3752,0.4578,0,0
AE.V,D,20170718,000000,0.4756,0.6241,0.4733,0.536,0,0
AE.V,D,20170719,000000,0.5273,0.6163,0.4771,0.4908,0,0
AE.V,D,20170720,000000,0.6162,0.6563,0.5589,0.5761,0,0
AE.V,D,20170721,000000,0.5377,0.5484,0.519,0.5484,0,0
AE.V,D,20170722,000000,0.5673,0.6155,0.5673,0.573,0,0
AE.V,D,20170723,000000,0.5568,0.6892,0.5513,0.6258,0,0
AE.V,D,20170724,000000,0.6273,0.9119,0.4173,0.4891,0,0
AE.V,D,20170725,000000,0.4571,0.4597,0.3099,0.4158,0,0
AE.V,D,20170726,000000,0.412,0.412,0.3173,0.389,0,0
AE.V,D,20170727,000000,0.4092,0.4253,0.3123,0.3203,0,0
AE.V,D,20170728,000000,0.334,0.5614,0.3087,0.3649,0,0
AE.V,D,20170729,000000,0.3554,0.3964,0.3007,0.3936,0,0
AE.V,D,20170730,000000,0.3984,0.4011,0.3735,0.3735,0,0
AE.V,D,20170731,000000,0.3892,0.4469,0.3518,0.3546,0,0
AE.V,D,20170801,000000,0.3379,0.4093,0.3324,0.3406,0,0
AE.V,D,20170802,000000,0.3373,0.4135,0.3346,0.3591,0,0
AE.V,D,20170803,000000,0.3709,0.4468,0.3709,0.4046,0,0
AE.V,D,20170804,000000,0.4145,0.4577,0.3915,0.4087,0,0
AE.V,D,20170805,000000,0.4633,0.6004,0.4568,0.5938,0,0
AE.V,D,20170806,000000,0.5882,0.9664,0.4751,0.5107,0,0
AE.V,D,20170807,000000,0.5375,0.66,0.4967,0.5647,0,0
AE.V,D,20170808,000000,0.5693,0.679,0.5693,0.5864,0,0
AE.V,D,20170809,000000,0.5726,0.864,0.5693,0.6832,0,0
AE.V,D,20170810,000000,0.6988,1.02,0.6612,1.02,0,0
AE.V,D,20170811,000000,1.09,1.1,0.7747,1.03,0,0
AE.V,D,20170812,000000,1.09,1.5,0.9098,1.43,0,0
AE.V,D,20170813,000000,1.5,1.54,1.16,1.34,0,0
AE.V,D,20170814,000000,1.43,1.58,1.26,1.35,0,0
AE.V,D,20170815,000000,1.29,1.46,0.9031,1.32,0,0
AE.V,D,20170816,000000,1.39,1.49,1.01,1.49,0,0
AE.V,D,20170817,000000,1.45,1.45,0.8643,1.28,0,0
AE.V,D,20170818,000000,1.23,1.23,0.4516,0.7677,0,0
AE.V,D,20170819,000000,0.7761,1.1,0.6101,1.01,0,0
AE.V,D,20170820,000000,0.9923,1.09,0.8459,1.05,0,0
AE.V,D,20170821,000000,1.04,1.04,0.7209,0.809,0,0
AE.V,D,20170822,000000,0.8261,1.04,0.6135,0.9529,0,0
AE.V,D,20170823,000000,0.9649,1.06,0.7164,0.8655,0,0
AE.V,D,20170824,000000,0.9025,0.9241,0.76,0.8205,0,0
AE.V,D,20170825,000000,0.8292,0.9253,0.79,0.8292,0,0
AE.V,D,20170826,000000,0.8269,0.9488,0.8269,0.9096,0,0
AE.V,D,20170827,000000,0.9083,0.9561,0.8474,0.8822,0,0
AE.V,D,20170828,000000,0.8912,1.1,0.8693,0.9659,0,0
AE.V,D,20170829,000000,1.01,1.05,0.9838,1.03,0,0
AE.V,D,20170830,000000,1.03,1.16,0.9166,1.07,0,0
AE.V,D,20170831,000000,1.11,1.53,1.04,1.11,0,0
AE.V,D,20170901,000000,1.16,1.62,1.16,1.29,0,0
AE.V,D,20170902,000000,1.2,1.29,0.8096,0.9285,0,0
AE.V,D,20170903,000000,0.9595,1.48,0.9549,1.18,0,0
AE.V,D,20170904,000000,1.09,1.35,0.8834,0.909,0,0
AE.V,D,20170905,000000,0.9391,0.9391,0.3527,0.5291,0,0
AE.V,D,20170906,000000,0.4434,0.8309,0.4388,0.557,0,0
AE.V,D,20170907,000000,0.5591,0.63,0.4719,0.5669,0,0
AE.V,D,20170908,000000,0.5291,0.5434,0.393,0.4286,0,0
AE.V,D,20170909,000000,0.4294,0.4955,0.3902,0.4348,0,0
AE.V,D,20170910,000000,0.4259,0.4662,0.3695,0.3799,0,0
AE.V,D,20170911,000000,0.3774,0.4006,0.3419,0.3648,0,0
AE.V,D,20170912,000000,0.3597,0.519,0.3581,0.4334,0,0
AE.V,D,20170913,000000,0.4033,0.4962,0.3128,0.3679,0,0
AE.V,D,20170914,000000,0.3083,0.3399,0.2678,0.3026,0,0
AE.V,D,20170915,000000,0.3465,0.433,0.3131,0.3443,0,0
AE.V,D,20170916,000000,0.3429,0.4028,0.3186,0.3596,0,0
AE.V,D,20170917,000000,0.3587,0.3745,0.3246,0.3421,0,0
AE.V,D,20170918,000000,0.3802,0.4502,0.3791,0.3991,0,0
AE.V,D,20170919,000000,0.3804,0.3986,0.3695,0.3749,0,0
AE.V,D,20170920,000000,0.3724,0.3913,0.3602,0.3716,0,0
AE.V,D,20170921,000000,0.3462,0.3587,0.3134,0.3221,0,0
AE.V,D,20170922,000000,0.3206,0.3421,0.3186,0.3295,0,0
AE.V,D,20170923,000000,0.3467,0.3563,0.3361,0.3402,0,0
AE.V,D,20170924,000000,0.3294,0.3333,0.3045,0.3136,0,0
AE.V,D,20170925,000000,0.3363,0.4358,0.3264,0.3705,0,0
AE.V,D,20170926,000000,0.3667,0.3854,0.3426,0.3488,0,0
AE.V,D,20170927,000000,0.3774,0.3836,0.3602,0.3665,0,0
AE.V,D,20170928,000000,0.365,0.3923,0.3499,0.3663,0,0
AE.V,D,20170929,000000,0.3643,0.3755,0.3346,0.36,0,0
AE.V,D,20170930,000000,0.3762,0.3968,0.3239,0.3397,0,0
AE.V,D,20171001,000000,0.343,0.3597,0.3238,0.3502,0,0
AE.V,D,20171002,000000,0.35,0.388,0.2293,0.3578,0,0
AE.V,D,20171003,000000,0.3507,0.3829,0.3069,0.3689,0,0
AE.V,D,20171004,000000,0.3608,0.3917,0.3462,0.3524,0,0
AE.V,D,20171005,000000,0.361,0.3814,0.3457,0.3674,0,0
AE.V,D,20171006,000000,0.3717,0.3929,0.3629,0.391,0,0
AE.V,D,20171007,000000,0.3967,0.4147,0.3688,0.3974,0,0
AE.V,D,20171008,000000,0.4132,0.4133,0.381,0.3843,0,0
AE.V,D,20171009,000000,0.3981,0.3995,0.3187,0.332,0,0
AE.V,D,20171010,000000,0.3311,0.3704,0.311,0.3444,0,0
AE.V,D,20171011,000000,0.3488,0.3746,0.3357,0.3483,0,0
AE.V,D,20171012,000000,0.3922,0.402,0.326,0.3379,0,0
AE.V,D,20171013,000000,0.3506,0.3582,0.3,0.3219,0,0
AE.V,D,20171014,000000,0.3326,0.3495,0.308,0.3091,0,0
AE.V,D,20171015,000000,0.3019,0.3281,0.297,0.3167,0,0
AE.V,D,20171016,000000,0.3207,0.3787,0.3138,0.3545,0,0
AE.V,D,20171017,000000,0.3446,0.3745,0.3408,0.3432,0,0
AE.V,D,20171018,000000,0.3418,0.3474,0.2255,0.3242,0,0
AE.V,D,20171019,000000,0.3314,0.3413,0.3078,0.3214,0,0
AE.V,D,20171020,000000,0.338,0.3736,0.2997,0.3044,0,0
AE.V,D,20171021,000000,0.3049,0.3124,0.2413,0.2961,0,0
AE.V,D,20171022,000000,0.295,0.3023,0.2812,0.2911,0,0
AE.V,D,20171023,000000,0.2873,0.2873,0.2361,0.2645,0,0
AE.V,D,20171024,000000,0.247,0.278,0.1103,0.2356,0,0
AE.V,D,20171025,000000,0.2451,0.2812,0.2229,0.2481,0,0
AE.V,D,20171026,000000,0.2547,0.2607,0.2317,0.2318,0,0
AE.V,D,20171027,000000,0.227,0.2283,0.1799,0.2199,0,0
AE.V,D,20171028,000000,0.2184,0.257,0.2165,0.2453,0,0
AE.V,D,20171029,000000,0.2633,0.2798,0.2152,0.2686,0,0
AE.V,D,20171030,000000,0.2676,0.296,0.245,0.2531,0,0
AE.V,D,20171031,000000,0.2666,0.2677,0.1942,0.2393,0,0
AE.V,D,20171101,000000,0.25,0.25,0.219,0.2211,0,0
AE.V,D,20171102,000000,0.2306,0.2429,0.1989,0.2301,0,0
AE.V,D,20171103,000000,0.2343,0.2856,0.2244,0.2718,0,0
AE.V,D,20171104,000000,0.2798,0.3645,0.2582,0.325,0,0
AE.V,D,20171105,000000,0.3261,0.4064,0.3251,0.3555,0,0
AE.V,D,20171106,000000,0.3348,0.3823,0.3116,0.3729,0,0
AE.V,D,20171107,000000,0.3806,0.3834,0.3473,0.3693,0,0
AE.V,D,20171108,000000,0.387,0.4388,0.379,0.4093,0,0
AE.V,D,20171109,000000,0.392,0.5115,0.385,0.4933,0,0
AE.V,D,20171110,000000,0.4543,0.4591,0.3449,0.3851,0,0
AE.V,D,20171111,000000,0.3718,0.424,0.3551,0.4102,0,0
AE.V,D,20171112,000000,0.3803,0.4215,0.3469,0.3759,0,0
AE.V,D,20171113,000000,0.4171,0.4361,0.3894,0.3894,0,0
AE.V,D,20171114,000000,0.3938,0.428,0.3688,0.3892,0,0
AE.V,D,20171115,000000,0.4297,0.4393,0.3905,0.4006,0,0
AE.V,D,20171116,000000,0.432,0.4712,0.3676,0.406,0,0
AE.V,D,20171117,000000,0.3981,0.4331,0.3813,0.4212,0,0
AE.V,D,20171118,000000,0.4256,0.5192,0.419,0.5062,0,0
AE.V,D,20171119,000000,0.5233,0.5467,0.4597,0.5294,0,0
AE.V,D,20171120,000000,0.5427,0.6088,0.5205,0.5463,0,0
AE.V,D,20171121,000000,0.5367,0.6195,0.5209,0.5979,0,0
AE.V,D,20171122,000000,0.6078,0.7348,0.5714,0.724,0,0
AE.V,D,20171123,000000,0.7045,0.8759,0.6565,0.7825,0,0
AE.V,D,20171124,000000,0.8009,0.8562,0.483,0.5787,0,0
AE.V,D,20171125,000000,0.6178,0.7133,0.5701,0.5831,0,0
AE.V,D,20171126,000000,0.6206,0.6791,0.5245,0.5632,0,0
AE.V,D,20171127,000000,0.5883,0.6222,0.5405,0.5523,0,0
AE.V,D,20171128,000000,0.5621,0.5975,0.5173,0.5454,0,0
AE.V,D,20171129,000000,0.5417,0.5694,0.5017,0.5242,0,0
AE.V,D,20171130,000000,0.53,0.5634,0.5068,0.5419,0,0
AE.V,D,20171201,000000,0.5917,0.621,0.5369,0.5572,0,0
AE.V,D,20171202,000000,0.5598,0.5836,0.5501,0.58,0,0
AE.V,D,20171203,000000,0.5977,0.6878,0.5949,0.601,0,0
AE.V,D,20171204,000000,0.6212,0.6345,0.5348,0.5893,0,0
AE.V,D,20171205,000000,0.5915,0.6359,0.5663,0.579,0,0
AE.V,D,20171206,000000,0.6824,0.7352,0.5778,0.6135,0,0
AE.V,D,20171207,000000,0.7519,0.7685,0.6058,0.61,0,0
AE.V,D,20171208,000000,0.5809,0.6811,0.5026,0.6292,0,0
AE.V,D,20171209,000000,0.582,0.6675,0.5804,0.6178,0,0
AE.V,D,20171210,000000,0.6268,0.6777,0.483,0.561,0,0
AE.V,D,20171211,000000,0.6233,0.6362,0.5448,0.6358,0,0
AE.V,D,20171212,000000,0.6492,0.6649,0.5875,0.6594,0,0
AE.V,D,20171213,000000,0.6287,0.6774,0.5474,0.6204,0,0
AE.V,D,20171214,000000,0.6273,0.7664,0.6126,0.7626,0,0
AE.V,D,20171215,000000,0.8209,1.26,0.814,1.26,0,0
AE.V,D,20171216,000000,1.39,1.49,1.11,1.18,0,0
AE.V,D,20171217,000000,1.16,1.33,1.15,1.25,0,0
AE.V,D,20171218,000000,1.24,1.33,1.18,1.31,0,0
AE.V,D,20171219,000000,1.21,1.59,1.21,1.51,0,0
AE.V,D,20171220,000000,1.42,1.52,1.34,1.48,0,0
AE.V,D,20171221,000000,1.4,1.53,1.29,1.42,0,0
AE.V,D,20171222,000000,1.24,1.29,1.08,1.18,0,0
AE.V,D,20171223,000000,1.24,1.36,1.19,1.29,0,0
AE.V,D,20171224,000000,1.24,1.27,1.17,1.24,0,0
AE.V,D,20171225,000000,1.25,1.43,1.16,1.41,0,0
AE.V,D,20171226,000000,1.6,1.62,1.27,1.41,0,0
AE.V,D,20171227,000000,1.38,1.51,1.31,1.49,0,0
AE.V,D,20171228,000000,1.39,1.4,1.3,1.34,0,0
AE.V,D,20171229,000000,1.34,1.34,1.27,1.31,0,0
AE.V,D,20171230,000000,1.14,1.19,1.12,1.18,0,0
AE.V,D,20171231,000000,1.3,1.34,1.28,1.29,0,0
AE.V,D,20180101,000000,1.25,1.3,1.25,1.28,0,0
AE.V,D,20180102,000000,1.41,1.56,1.35,1.36,0,0
AE.V,D,20180103,000000,1.4,1.59,1.39,1.59,0,0
AE.V,D,20180104,000000,1.59,2,1.51,1.97,0,0
AE.V,D,20180105,000000,2.2,2.27,1.86,2.02,0,0
AE.V,D,20180106,000000,2.05,2.52,1.82,2.49,0,0
AE.V,D,20180107,000000,2.35,3.17,2.34,2.63,0,0
AE.V,D,20180108,000000,2.42,2.91,2.17,2.45,0,0
AE.V,D,20180109,000000,2.37,2.87,2.21,2.46,0,0
AE.V,D,20180110,000000,2.54,2.56,2.2,2.25,0,0
AE.V,D,20180111,000000,2.01,2.14,1.98,1.99,0,0
AE.V,D,20180112,000000,2.07,2.32,2.05,2.23,0,0
AE.V,D,20180113,000000,2.3,2.53,2.14,2.5,0,0
AE.V,D,20180114,000000,2.42,2.43,1.98,2.09,0,0
AE.V,D,20180115,000000,2.09,2.12,1.78,1.96,0,0
AE.V,D,20180116,000000,1.62,1.62,1.37,1.46,0,0
AE.V,D,20180117,000000,1.45,1.6,1.33,1.56,0,0
AE.V,D,20180118,000000,1.57,1.6,1.45,1.47,0,0
AE.V,D,20180119,000000,1.51,1.57,1.45,1.55,0,0
AE.V,D,20180120,000000,1.72,1.81,1.67,1.76,0,0
AE.V,D,20180121,000000,1.59,1.59,1.46,1.48,0,0
AE.V,D,20180122,000000,1.38,1.53,1.37,1.47,0,0
AE.V,D,20180123,000000,1.48,1.56,1.45,1.5,0,0
AE.V,D,20180124,000000,1.57,1.88,1.57,1.84,0,0
AE.V,D,20180125,000000,1.83,2.17,1.83,2.13,0,0
AE.V,D,20180126,000000,2.13,2.49,1.99,2.33,0,0
AE.V,D,20180127,000000,2.33,2.97,2.31,2.81,0,0
AE.V,D,20180128,000000,2.82,3.43,2.76,2.94,0,0
AE.V,D,20180129,000000,2.94,3.28,2.73,2.99,0,0
AE.V,D,20180130,000000,2.99,3.03,2.38,2.52,0,0
AE.V,D,20180131,000000,2.52,2.74,2.19,2.72,0,0
AE.V,D,20180201,000000,2.72,3,2.48,2.63,0,0
AE.V,D,20180202,000000,2.62,2.7,2.06,2.53,0,0
AE.V,D,20180203,000000,2.53,2.96,2.37,2.81,0,0
AE.V,D,20180204,000000,2.81,2.99,2.34,2.5,0,0
AE.V,D,20180205,000000,2.5,2.52,1.79,2.05,0,0
AE.V,D,20180206,000000,2.04,2.34,1.68,2.26,0,0
AE.V,D,20180207,000000,2.26,3.24,2.1,2.56,0,0
AE.V,D,20180208,000000,2.56,2.93,2.45,2.73,0,0
AE.V,D,20180209,000000,2.73,3.03,2.48,2.85,0,0
AE.V,D,20180210,000000,2.85,2.97,2.62,2.74,0,0
AE.V,D,20180211,000000,2.74,2.76,2.27,2.58,0,0
AE.V,D,20180212,000000,2.58,2.73,2.47,2.61,0,0
AE.V,D,20180213,000000,2.62,2.63,2.34,2.41,0,0
AE.V,D,20180214,000000,2.41,2.65,2.37,2.61,0,0
AE.V,D,20180215,000000,2.61,2.72,2.45,2.55,0,0
AE.V,D,20180216,000000,2.55,2.67,2.52,2.64,0,0
AE.V,D,20180217,000000,2.64,2.74,2.59,2.71,0,0
AE.V,D,20180218,000000,2.72,2.75,2.47,2.5,0,0
AE.V,D,20180219,000000,2.51,2.88,2.46,2.62,0,0
AE.V,D,20180220,000000,2.62,2.78,2.5,2.6,0,0
AE.V,D,20180221,000000,2.59,2.66,2.21,2.31,0,0
AE.V,D,20180222,000000,2.31,2.55,2.17,2.25,0,0
AE.V,D,20180223,000000,2.25,2.44,2.17,2.3,0,0
AE.V,D,20180224,000000,2.3,2.38,2.15,2.2,0,0
AE.V,D,20180225,000000,2.2,2.32,2.06,2.16,0,0
AE.V,D,20180226,000000,2.16,2.27,2.05,2.22,0,0
AE.V,D,20180227,000000,2.22,2.79,2.15,2.46,0,0
AE.V,D,20180228,000000,2.46,2.64,2.24,2.28,0,0
AE.V,D,20180301,000000,2.28,2.52,2.22,2.39,0,0
AE.V,D,20180302,000000,2.39,2.44,2.27,2.38,0,0
AE.V,D,20180303,000000,2.38,2.42,2.26,2.3,0,0
AE.V,D,20180304,000000,2.3,2.33,2.21,2.29,0,0
AE.V,D,20180305,000000,2.29,2.36,2.26,2.3,0,0
AE.V,D,20180306,000000,2.3,2.33,2.07,2.12,0,0
AE.V,D,20180307,000000,2.12,2.16,1.75,1.88,0,0
AE.V,D,20180308,000000,1.88,1.93,1.66,1.77,0,0
AE.V,D,20180309,000000,1.77,1.88,1.66,1.85,0,0
AE.V,D,20180310,000000,1.84,1.93,1.74,1.77,0,0
AE.V,D,20180311,000000,1.77,1.88,1.7,1.81,0,0
AE.V,D,20180312,000000,1.81,1.88,1.7,1.75,0,0
AE.V,D,20180313,000000,1.75,1.83,1.68,1.72,0,0
AE.V,D,20180314,000000,1.7,1.77,1.52,1.58,0,0
AE.V,D,20180315,000000,1.58,1.63,1.48,1.63,0,0
AE.V,D,20180316,000000,1.63,1.67,1.56,1.62,0,0
AE.V,D,20180317,000000,1.62,1.63,1.48,1.52,0,0
AE.V,D,20180318,000000,1.52,1.52,1.18,1.36,0,0
AE.V,D,20180319,000000,1.36,1.67,1.35,1.56,0,0
AE.V,D,20180320,000000,1.56,1.73,1.53,1.7,0,0
AE.V,D,20180321,000000,1.7,1.78,1.65,1.75,0,0
AE.V,D,20180322,000000,1.74,1.84,1.57,1.68,0,0
AE.V,D,20180323,000000,1.68,1.71,1.54,1.67,0,0
AE.V,D,20180324,000000,1.67,1.79,1.67,1.71,0,0
AE.V,D,20180325,000000,1.71,1.72,1.62,1.68,0,0
AE.V,D,20180326,000000,1.68,1.72,1.51,1.51,0,0
AE.V,D,20180327,000000,1.51,1.74,1.5,1.6,0,0
AE.V,D,20180328,000000,1.6,1.72,1.56,1.64,0,0
AE.V,D,20180329,000000,1.64,1.66,1.39,1.43,0,0
AE.V,D,20180330,000000,1.43,1.69,1.33,1.57,0,0
AE.V,D,20180331,000000,1.58,1.7,1.51,1.56,0,0
AE.V,D,20180401,000000,1.56,1.61,1.38,1.47,0,0
AE.V,D,20180402,000000,1.47,1.54,1.44,1.46,0,0
AE.V,D,20180403,000000,1.46,1.56,1.45,1.5,0,0
AE.V,D,20180404,000000,1.5,1.51,1.37,1.42,0,0
AE.V,D,20180405,000000,1.42,1.48,1.34,1.39,0,0
AE.V,D,20180406,000000,1.39,1.42,1.34,1.35,0,0
AE.V,D,20180407,000000,1.35,1.43,1.34,1.41,0,0
AE.V,D,20180408,000000,1.41,1.43,1.38,1.4,0,0
AE.V,D,20180409,000000,1.4,1.45,1.28,1.31,0,0
AE.V,D,20180410,000000,1.31,1.38,1.29,1.36,0,0
AE.V,D,20180411,000000,1.36,1.44,1.34,1.44,0,0
AE.V,D,20180412,000000,1.44,1.67,1.44,1.65,0,0
AE.V,D,20180413,000000,1.65,1.92,1.63,1.73,0,0
AE.V,D,20180414,000000,1.73,1.82,1.66,1.72,0,0
AE.V,D,20180415,000000,1.72,1.84,1.72,1.82,0,0
AE.V,D,20180416,000000,1.82,1.84,1.7,1.77,0,0
AE.V,D,20180417,000000,1.77,1.83,1.73,1.74,0,0
AE.V,D,20180418,000000,1.74,1.9,1.72,1.89,0,0
AE.V,D,20180419,000000,1.89,2.03,1.86,2.02,0,0
AE.V,D,20180420,000000,2.02,2.11,1.95,2.06,0,0
AE.V,D,20180421,000000,2.06,2.11,1.84,1.94,0,0
AE.V,D,20180422,000000,1.94,2.5,1.94,2.37,0,0
AE.V,D,20180423,000000,2.38,2.45,2.27,2.36,0,0
AE.V,D,20180424,000000,2.36,2.67,2.33,2.59,0,0
AE.V,D,20180425,000000,2.59,2.64,2.17,2.39,0,0
AE.V,D,20180426,000000,2.39,2.72,2.27,2.58,0,0
AE.V,D,20180427,000000,2.58,3.33,2.57,2.88,0,0
AE.V,D,20180428,000000,2.89,4.46,2.88,4.11,0,0
AE.V,D,20180429,000000,4.11,5.87,4.11,4.71,0,0
AE.V,D,20180430,000000,4.72,5.13,4.43,4.46,0,0
AE.V,D,20180501,000000,4.46,4.66,4.02,4.4,0,0
AE.V,D,20180502,000000,4.4,4.93,4.4,4.53,0,0
AE.V,D,20180503,000000,4.53,4.86,4.48,4.57,0,0
AE.V,D,20180504,000000,4.57,4.83,4.41,4.49,0,0
AE.V,D,20180505,000000,4.5,5.05,4.49,4.61,0,0
AE.V,D,20180506,000000,4.61,4.66,4.1,4.3,0,0
AE.V,D,20180507,000000,4.3,4.41,3.9,4.22,0,0
AE.V,D,20180508,000000,4.22,4.68,4.09,4.5,0,0
AE.V,D,20180509,000000,4.5,4.86,4.25,4.75,0,0
AE.V,D,20180510,000000,4.73,4.9,4.45,4.5,0,0
AE.V,D,20180511,000000,4.51,4.55,3.76,3.85,0,0
AE.V,D,20180512,000000,3.85,4.08,3.31,3.84,0,0
AE.V,D,20180513,000000,3.84,4.14,3.66,4.02,0,0
AE.V,D,20180514,000000,4.02,4.09,3.68,3.99,0,0
AE.V,D,20180515,000000,3.99,4.6,3.89,4.34,0,0
AE.V,D,20180516,000000,4.33,4.49,3.79,3.86,0,0
AE.V,D,20180517,000000,3.86,4.2,3.8,3.89,0,0
AE.V,D,20180518,000000,3.9,3.93,3.69,3.8,0,0
AE.V,D,20180519,000000,3.8,3.92,3.73,3.83,0,0
AE.V,D,20180520,000000,3.83,4.15,3.79,4.1,0,0
AE.V,D,20180521,000000,4.1,4.11,3.79,3.83,0,0
AE.V,D,20180522,000000,3.83,3.88,3.62,3.64,0,0
AE.V,D,20180523,000000,3.64,3.65,2.95,3.1,0,0
AE.V,D,20180524,000000,3.1,3.42,2.92,3.22,0,0
AE.V,D,20180525,000000,3.22,3.33,3.1,3.15,0,0
AE.V,D,20180526,000000,3.15,3.31,3.11,3.22,0,0
AE.V,D,20180527,000000,3.22,3.23,3.08,3.21,0,0
AE.V,D,20180528,000000,3.21,3.34,2.99,3.05,0,0
AE.V,D,20180529,000000,3.05,3.3,2.92,3.24,0,0
AE.V,D,20180530,000000,3.24,3.29,3.05,3.11,0,0
AE.V,D,20180531,000000,3.11,3.22,3.07,3.21,0,0
AE.V,D,20180601,000000,3.21,3.21,3.09,3.11,0,0
AE.V,D,20180602,000000,3.11,3.69,3.11,3.6,0,0
AE.V,D,20180603,000000,3.61,3.66,3.49,3.56,0,0
AE.V,D,20180604,000000,3.55,3.57,3.2,3.29,0,0
AE.V,D,20180605,000000,3.29,3.42,3.13,3.37,0,0
AE.V,D,20180606,000000,3.37,3.7,3.29,3.62,0,0
AE.V,D,20180607,000000,3.62,3.99,3.59,3.72,0,0
AE.V,D,20180608,000000,3.72,3.78,3.44,3.58,0,0
AE.V,D,20180609,000000,3.58,3.65,3.48,3.53,0,0
AE.V,D,20180610,000000,3.52,3.53,2.93,2.94,0,0
AE.V,D,20180611,000000,2.94,2.95,2.66,2.83,0,0
AE.V,D,20180612,000000,2.83,3.09,2.62,2.69,0,0
AE.V,D,20180613,000000,2.69,2.72,2.33,2.49,0,0
AE.V,D,20180614,000000,2.49,2.76,2.49,2.73,0,0
AE.V,D,20180615,000000,2.73,2.74,2.6,2.62,0,0
AE.V,D,20180616,000000,2.62,2.67,2.52,2.67,0,0
AE.V,D,20180617,000000,2.67,2.68,2.57,2.59,0,0
AE.V,D,20180618,000000,2.59,2.71,2.47,2.64,0,0
AE.V,D,20180619,000000,2.64,2.67,2.56,2.6,0,0
AE.V,D,20180620,000000,2.6,2.64,2.53,2.58,0,0
AE.V,D,20180621,000000,2.58,2.62,2.46,2.47,0,0
AE.V,D,20180622,000000,2.47,2.51,2,2.02,0,0
AE.V,D,20180623,000000,2.03,2.08,1.87,1.95,0,0
AE.V,D,20180624,000000,1.95,1.96,1.61,1.83,0,0
AE.V,D,20180625,000000,1.83,2.06,1.75,1.96,0,0
AE.V,D,20180626,000000,1.96,1.97,1.82,1.86,0,0
AE.V,D,20180627,000000,1.86,1.87,1.75,1.84,0,0
AE.V,D,20180628,000000,1.84,1.86,1.74,1.76,0,0
AE.V,D,20180629,000000,1.76,1.76,1.62,1.73,0,0
AE.V,D,20180630,000000,1.73,1.96,1.69,1.89,0,0
AE.V,D,20180701,000000,1.89,1.94,1.85,1.9,0,0
AE.V,D,20180702,000000,1.91,2.15,1.74,2.15,0,0
AE.V,D,20180703,000000,2.15,2.27,2.02,2.06,0,0
AE.V,D,20180704,000000,2.06,2.28,1.94,2.19,0,0
AE.V,D,20180705,000000,2.19,2.26,2.06,2.1,0,0
AE.V,D,20180706,000000,2.1,2.17,2,2.08,0,0
AE.V,D,20180707,000000,2.08,2.13,2,2.01,0,0
AE.V,D,20180708,000000,2.01,2.15,2,2.12,0,0
AE.V,D,20180709,000000,2.12,2.12,2,2.01,0,0
AE.V,D,20180710,000000,2.01,2.03,1.76,1.8,0,0
AE.V,D,20180711,000000,1.8,1.81,1.65,1.71,0,0
AE.V,D,20180712,000000,1.71,1.75,1.62,1.64,0,0
AE.V,D,20180713,000000,1.64,1.73,1.62,1.69,0,0
AE.V,D,20180714,000000,1.69,1.73,1.65,1.7,0,0
AE.V,D,20180715,000000,1.7,1.79,1.68,1.78,0,0
AE.V,D,20180716,000000,1.78,1.9,1.74,1.89,0,0
AE.V,D,20180717,000000,1.89,2.06,1.78,2.06,0,0
AE.V,D,20180718,000000,2.06,2.14,1.95,1.97,0,0
AE.V,D,20180719,000000,1.97,2,1.87,1.91,0,0
AE.V,D,20180720,000000,1.9,1.94,1.76,1.76,0,0
AE.V,D,20180721,000000,1.76,1.84,1.73,1.81,0,0
AE.V,D,20180722,000000,1.81,1.84,1.76,1.79,0,0
AE.V,D,20180723,000000,1.79,2,1.78,1.9,0,0
AE.V,D,20180724,000000,1.9,2,1.85,1.95,0,0
AE.V,D,20180725,000000,1.95,2.03,1.89,1.94,0,0
AE.V,D,20180726,000000,1.94,1.99,1.87,1.88,0,0
AE.V,D,20180727,000000,1.88,2.01,1.84,1.97,0,0
AE.V,D,20180728,000000,1.97,1.99,1.91,1.93,0,0
AE.V,D,20180729,000000,1.93,2.25,1.91,2.03,0,0
AE.V,D,20180730,000000,2.03,2.09,1.92,1.99,0,0
AE.V,D,20180731,000000,1.99,2.02,1.81,1.86,0,0
AE.V,D,20180801,000000,1.86,1.89,1.77,1.78,0,0
AE.V,D,20180802,000000,1.78,1.83,1.68,1.69,0,0
AE.V,D,20180803,000000,1.69,1.76,1.63,1.72,0,0
AE.V,D,20180804,000000,1.72,1.76,1.63,1.67,0,0
AE.V,D,20180805,000000,1.67,1.71,1.64,1.71,0,0
AE.V,D,20180806,000000,1.71,1.72,1.65,1.66,0,0
AE.V,D,20180807,000000,1.66,1.72,1.61,1.64,0,0
AE.V,D,20180808,000000,1.64,1.65,1.19,1.27,0,0
AE.V,D,20180809,000000,1.27,1.35,1.18,1.31,0,0
AE.V,D,20180810,000000,1.31,1.32,1.2,1.21,0,0
AE.V,D,20180811,000000,1.21,1.23,1.09,1.17,0,0
AE.V,D,20180812,000000,1.17,1.18,1.11,1.13,0,0
AE.V,D,20180813,000000,1.13,1.15,1.04,1.04,0,0
AE.V,D,20180814,000000,1.04,1.05,0.8552,0.8814,0,0
AE.V,D,20180815,000000,0.8825,0.9987,0.8764,0.946,0,0
AE.V,D,20180816,000000,0.946,0.9658,0.8961,0.9022,0,0
AE.V,D,20180817,000000,0.9003,1.14,0.8994,1.13,0,0
AE.V,D,20180818,000000,1.13,1.27,1.01,1.07,0,0
AE.V,D,20180819,000000,1.07,1.16,1.03,1.12,0,0
AE.V,D,20180820,000000,1.12,1.14,1.03,1.04,0,0
AE.V,D,20180821,000000,1.04,1.04,0.9548,0.9892,0,0
AE.V,D,20180822,000000,0.9891,1.09,0.9578,0.9647,0,0
AE.V,D,20180823,000000,0.9646,0.9934,0.9455,0.9814,0,0
AE.V,D,20180824,000000,0.9813,1.05,0.9717,1.04,0,0
AE.V,D,20180825,000000,1.04,1.06,1.01,1.04,0,0
AE.V,D,20180826,000000,1.04,1.05,0.9933,1.03,0,0
AE.V,D,20180827,000000,1.03,1.12,1.02,1.09,0,0
AE.V,D,20180828,000000,1.09,1.2,1.09,1.19,0,0
AE.V,D,20180829,000000,1.19,1.22,1.1,1.15,0,0
AE.V,D,20180830,000000,1.15,1.16,1.06,1.09,0,0
AE.V,D,20180831,000000,1.09,1.16,1.08,1.15,0,0
AE.V,D,20180901,000000,1.15,1.25,1.14,1.22,0,0
AE.V,D,20180902,000000,1.22,1.23,1.15,1.17,0,0
AE.V,D,20180903,000000,1.17,1.2,1.15,1.2,0,0
AE.V,D,20180904,000000,1.2,1.22,1.17,1.18,0,0
AE.V,D,20180905,000000,1.18,1.2,1.03,1.05,0,0
AE.V,D,20180906,000000,1.05,1.05,0.9131,0.9632,0,0
AE.V,D,20180907,000000,0.9632,1.03,0.954,0.9623,0,0
AE.V,D,20180908,000000,0.9624,0.9874,0.9029,0.9055,0,0
AE.V,D,20180909,000000,0.9055,0.9578,0.8722,0.9357,0,0
AE.V,D,20180910,000000,0.9374,0.9432,0.8908,0.9004,0,0
AE.V,D,20180911,000000,0.8997,0.9246,0.8531,0.877,0,0
AE.V,D,20180912,000000,0.8771,0.8808,0.8084,0.8634,0,0
AE.V,D,20180913,000000,0.8634,0.9348,0.8628,0.9081,0,0
AE.V,D,20180914,000000,0.9083,1.03,0.9006,0.9951,0,0
AE.V,D,20180915,000000,0.995,1.04,0.9718,1.01,0,0
AE.V,D,20180916,000000,1.01,1.02,0.9746,0.9956,0,0
AE.V,D,20180917,000000,0.9948,1.02,0.8877,0.9056,0,0
AE.V,D,20180918,000000,0.9056,0.9618,0.9019,0.9471,0,0
AE.V,D,20180919,000000,0.9471,0.9562,0.8973,0.9377,0,0
AE.V,D,20180920,000000,0.9376,0.9585,0.9258,0.9585,0,0
AE.V,D,20180921,000000,0.958,1.05,0.9471,1.03,0,0
AE.V,D,20180922,000000,1.03,1.07,0.9885,1.02,0,0
AE.V,D,20180923,000000,1.02,1.05,0.9936,1.01,0,0
AE.V,D,20180924,000000,1.02,1.03,0.9561,0.9832,0,0
AE.V,D,20180925,000000,0.9812,0.987,0.9326,0.9593,0,0
AE.V,D,20180926,000000,0.9592,1.01,0.9369,0.974,0,0
AE.V,D,20180927,000000,0.974,1.02,0.9571,1.01,0,0
AE.V,D,20180928,000000,1.01,1.03,0.9841,1,0,0
AE.V,D,20180929,000000,1,1.04,0.9712,1.03,0,0
AE.V,D,20180930,000000,1.03,1.11,1.03,1.09,0,0
AE.V,D,20181001,000000,1.09,1.09,1.03,1.05,0,0
AE.V,D,20181002,000000,1.05,1.21,1.04,1.05,0,0
AE.V,D,20181003,000000,1.05,1.08,1,1.04,0,0
AE.V,D,20181004,000000,1.04,1.09,1.04,1.06,0,0
AE.V,D,20181005,000000,1.06,1.08,1.04,1.06,0,0
AE.V,D,20181006,000000,1.06,1.08,1.05,1.06,0,0
AE.V,D,20181007,000000,1.06,1.07,1.04,1.06,0,0
AE.V,D,20181008,000000,1.06,1.09,1.05,1.07,0,0
AE.V,D,20181009,000000,1.07,1.1,1.06,1.09,0,0
AE.V,D,20181010,000000,1.09,1.36,1.08,1.27,0,0
AE.V,D,20181011,000000,1.27,1.33,1.09,1.12,0,0
AE.V,D,20181012,000000,1.12,1.14,1.06,1.13,0,0
AE.V,D,20181013,000000,1.13,1.15,1.08,1.11,0,0
AE.V,D,20181014,000000,1.11,1.19,1.1,1.16,0,0
AE.V,D,20181015,000000,1.16,1.26,1.11,1.18,0,0
AE.V,D,20181016,000000,1.18,1.22,1.17,1.2,0,0
AE.V,D,20181017,000000,1.2,1.29,1.19,1.27,0,0
AE.V,D,20181018,000000,1.27,1.3,1.23,1.23,0,0
AE.V,D,20181019,000000,1.23,1.32,1.23,1.31,0,0
AE.V,D,20181020,000000,1.31,1.48,0.97,1.4,0,0
AE.V,D,20181021,000000,1.4,1.43,1.36,1.38,0,0
AE.V,D,20181022,000000,1.38,1.39,1.26,1.29,0,0
AE.V,D,20181023,000000,1.29,1.36,1.27,1.3,0,0
AE.V,D,20181024,000000,1.3,1.33,1.29,1.31,0,0
AE.V,D,20181025,000000,1.31,1.31,1.25,1.25,0,0
AE.V,D,20181026,000000,1.25,1.29,1.21,1.28,0,0
AE.V,D,20181027,000000,1.28,1.29,1.25,1.25,0,0
AE.V,D,20181028,000000,1.25,1.32,1.24,1.28,0,0
AE.V,D,20181029,000000,1.28,1.29,1.17,1.17,0,0
AE.V,D,20181030,000000,1.17,1.19,1.12,1.13,0,0
AE.V,D,20181031,000000,1.13,1.17,1.1,1.16,0,0
AE.V,D,20181101,000000,1.16,1.19,1.14,1.18,0,0
AE.V,D,20181102,000000,1.18,1.21,1.18,1.19,0,0
AE.V,D,20181103,000000,1.19,1.2,1.18,1.19,0,0
AE.V,D,20181104,000000,1.19,1.2,1.16,1.19,0,0
AE.V,D,20181105,000000,1.19,1.25,1.15,1.2,0,0
AE.V,D,20181106,000000,1.2,1.23,1.18,1.21,0,0
AE.V,D,20181107,000000,1.21,1.23,1.16,1.18,0,0
AE.V,D,20181108,000000,1.18,1.2,1.15,1.17,0,0
AE.V,D,20181109,000000,1.17,1.18,1.14,1.16,0,0
AE.V,D,20181110,000000,1.16,1.18,1.15,1.17,0,0
AE.V,D,20181111,000000,1.17,1.18,1.14,1.15,0,0
AE.V,D,20181112,000000,1.15,1.2,1.14,1.14,0,0
AE.V,D,20181113,000000,1.14,1.15,1.12,1.13,0,0
AE.V,D,20181114,000000,1.13,1.14,0.8803,0.9226,0,0
AE.V,D,20181115,000000,0.9222,0.9568,0.8217,0.9249,0,0
AE.V,D,20181116,000000,0.9249,0.9426,0.8789,0.8845,0,0
AE.V,D,20181117,000000,0.8848,0.9353,0.8386,0.8922,0,0
AE.V,D,20181118,000000,0.8922,0.9034,0.8665,0.8847,0,0
AE.V,D,20181119,000000,0.8846,0.8863,0.725,0.7328,0,0
AE.V,D,20181120,000000,0.7323,0.7489,0.5297,0.6018,0,0
AE.V,D,20181121,000000,0.6018,0.6619,0.5844,0.6517,0,0
AE.V,D,20181122,000000,0.6518,0.6673,0.6044,0.6159,0,0
AE.V,D,20181123,000000,0.6158,0.6158,0.561,0.6028,0,0
AE.V,D,20181124,000000,0.6025,0.6697,0.5651,0.5724,0,0
AE.V,D,20181125,000000,0.5744,0.6021,0.4999,0.5735,0,0
AE.V,D,20181126,000000,0.5719,0.606,0.5164,0.5358,0,0
AE.V,D,20181127,000000,0.5357,0.5574,0.519,0.5514,0,0
AE.V,D,20181128,000000,0.5514,0.6365,0.5409,0.6149,0,0
AE.V,D,20181129,000000,0.6148,0.6276,0.5821,0.598,0,0
AE.V,D,20181130,000000,0.5979,0.6075,0.5388,0.546,0,0
AE.V,D,20181201,000000,0.5465,0.5893,0.544,0.5765,0,0
AE.V,D,20181202,000000,0.5765,0.5824,0.549,0.5593,0,0
AE.V,D,20181203,000000,0.5593,0.5605,0.5152,0.5259,0,0
AE.V,D,20181204,000000,0.5261,0.5351,0.496,0.5129,0,0
AE.V,D,20181205,000000,0.5148,0.5203,0.4424,0.447,0,0
AE.V,D,20181206,000000,0.4467,0.4472,0.3722,0.3748,0,0
AE.V,D,20181207,000000,0.3748,0.3801,0.3127,0.3596,0,0
AE.V,D,20181208,000000,0.3598,0.4072,0.354,0.4032,0,0
AE.V,D,20181209,000000,0.4021,0.4497,0.3817,0.4267,0,0
AE.V,D,20181210,000000,0.4263,0.4321,0.3848,0.3955,0,0
AE.V,D,20181211,000000,0.3955,0.3992,0.3691,0.3869,0,0
AE.V,D,20181212,000000,0.3865,0.4051,0.3723,0.3947,0,0
AE.V,D,20181213,000000,0.3948,0.3967,0.3672,0.3698,0,0
AE.V,D,20181214,000000,0.3698,0.3767,0.317,0.3379,0,0
AE.V,D,20181215,000000,0.3378,0.3499,0.3276,0.343,0,0
AE.V,D,20181216,000000,0.343,0.354,0.3367,0.3414,0,0
AE.V,D,20181217,000000,0.3407,0.3916,0.3388,0.3738,0,0
AE.V,D,20181218,000000,0.3738,0.3911,0.3658,0.382,0,0
AE.V,D,20181219,000000,0.382,0.4408,0.3818,0.4044,0,0
AE.V,D,20181220,000000,0.4036,0.4355,0.3835,0.4245,0,0
AE.V,D,20181221,000000,0.4248,0.5054,0.4189,0.4451,0,0
AE.V,D,20181222,000000,0.4451,0.4645,0.428,0.4498,0,0
AE.V,D,20181223,000000,0.4498,0.4893,0.4485,0.4676,0,0
AE.V,D,20181224,000000,0.468,0.523,0.4654,0.4904,0,0
AE.V,D,20181225,000000,0.4904,0.4917,0.3886,0.4115,0,0
AE.V,D,20181226,000000,0.4115,0.4376,0.4021,0.4255,0,0
AE.V,D,20181227,000000,0.4256,0.4278,0.3727,0.3739,0,0
AE.V,D,20181228,000000,0.3738,0.428,0.3706,0.4193,0,0
AE.V,D,20181229,000000,0.4192,0.429,0.4006,0.4172,0,0
AE.V,D,20181230,000000,0.4171,0.4245,0.3997,0.4072,0,0
AE.V,D,20181231,000000,0.4072,0.4113,0.3824,0.3879,0,0
AE.V,D,20190101,000000,0.3878,0.3954,0.3816,0.3944,0,0
AE.V,D,20190102,000000,0.3944,0.4248,0.391,0.4191,0,0
AE.V,D,20190103,000000,0.4191,0.4237,0.3866,0.3971,0,0
AE.V,D,20190104,000000,0.3971,0.4018,0.383,0.3913,0,0
AE.V,D,20190105,000000,0.3913,0.4038,0.3908,0.3987,0,0
AE.V,D,20190106,000000,0.3987,0.4425,0.3913,0.4183,0,0
AE.V,D,20190107,000000,0.4183,0.4326,0.4038,0.4106,0,0
AE.V,D,20190108,000000,0.4106,0.4197,0.3991,0.4044,0,0
AE.V,D,20190109,000000,0.4039,0.4126,0.4014,0.4102,0,0
AE.V,D,20190110,000000,0.4102,0.4673,0.3678,0.3714,0,0
AE.V,D,20190111,000000,0.3714,0.3787,0.362,0.3686,0,0
AE.V,D,20190112,000000,0.3687,0.3931,0.3595,0.3789,0,0
AE.V,D,20190113,000000,0.3789,0.3819,0.3534,0.3555,0,0
AE.V,D,20190114,000000,0.3555,0.3749,0.352,0.3727,0,0
AE.V,D,20190115,000000,0.3727,0.4274,0.3704,0.4047,0,0
AE.V,D,20190116,000000,0.4046,0.5341,0.4042,0.5057,0,0
AE.V,D,20190117,000000,0.5057,0.525,0.4424,0.4602,0,0
AE.V,D,20190118,000000,0.4602,0.4719,0.4256,0.429,0,0
AE.V,D,20190119,000000,0.4291,0.4827,0.4273,0.4487,0,0
AE.V,D,20190120,000000,0.4487,0.4541,0.4095,0.4326,0,0
AE.V,D,20190121,000000,0.4322,0.4365,0.4132,0.4251,0,0
AE.V,D,20190122,000000,0.4251,0.4276,0.4027,0.4218,0,0
AE.V,D,20190123,000000,0.4218,0.4267,0.4113,0.4164,0,0
AE.V,D,20190124,000000,0.4163,0.4202,0.4077,0.4181,0,0
AE.V,D,20190125,000000,0.4181,0.4264,0.4095,0.4145,0,0
AE.V,D,20190126,000000,0.4145,0.4221,0.4105,0.4115,0,0
AE.V,D,20190127,000000,0.4115,0.4142,0.3876,0.3894,0,0
AE.V,D,20190128,000000,0.3894,0.3909,0.3571,0.3681,0,0
AE.V,D,20190129,000000,0.3678,0.3818,0.3602,0.3728,0,0
AE.V,D,20190130,000000,0.3727,0.3847,0.3683,0.3759,0,0
AE.V,D,20190131,000000,0.3759,0.3806,0.3617,0.3661,0,0
AE.V,D,20190201,000000,0.3661,0.3706,0.3599,0.3679,0,0
AE.V,D,20190202,000000,0.3679,0.377,0.3672,0.3694,0,0
AE.V,D,20190203,000000,0.3693,0.378,0.3684,0.3709,0,0
AE.V,D,20190204,000000,0.3709,0.3731,0.3658,0.3666,0,0
AE.V,D,20190205,000000,0.3667,0.3685,0.3641,0.3678,0,0
AE.V,D,20190206,000000,0.3678,0.3699,0.3567,0.3605,0,0
AE.V,D,20190207,000000,0.3605,0.3689,0.3592,0.3601,0,0
AE.V,D,20190208,000000,0.3601,0.4001,0.3597,0.3843,0,0
AE.V,D,20190209,000000,0.3843,0.4111,0.3843,0.399,0,0
AE.V,D,20190210,000000,0.3991,0.4035,0.38,0.3971,0,0
AE.V,D,20190211,000000,0.3971,0.4006,0.3843,0.3875,0,0
AE.V,D,20190212,000000,0.3875,0.3899,0.3805,0.3871,0,0
AE.V,D,20190213,000000,0.3871,0.3999,0.3834,0.3836,0,0
AE.V,D,20190214,000000,0.3836,0.388,0.3748,0.3828,0,0
AE.V,D,20190215,000000,0.3828,0.3975,0.3806,0.3962,0,0
AE.V,D,20190216,000000,0.3958,0.4222,0.3909,0.4146,0,0
AE.V,D,20190217,000000,0.4146,0.4175,0.4007,0.4056,0,0
AE.V,D,20190218,000000,0.406,0.4452,0.4057,0.4362,0,0
AE.V,D,20190219,000000,0.4355,0.4616,0.4351,0.4384,0,0
AE.V,D,20190220,000000,0.4384,0.4484,0.4169,0.4348,0,0
AE.V,D,20190221,000000,0.4335,0.441,0.4138,0.4181,0,0
AE.V,D,20190222,000000,0.4185,0.4471,0.4179,0.4408,0,0
AE.V,D,20190223,000000,0.4408,0.4892,0.4375,0.4789,0,0
AE.V,D,20190224,000000,0.479,0.5184,0.4148,0.4277,0,0
AE.V,D,20190225,000000,0.4277,0.4392,0.4065,0.4284,0,0
AE.V,D,20190226,000000,0.4284,0.4423,0.4125,0.4308,0,0
AE.V,D,20190227,000000,0.4311,0.4682,0.4232,0.4436,0,0
AE.V,D,20190228,000000,0.4436,0.5271,0.4433,0.4593,0,0
AE.V,D,20190301,000000,0.4593,0.4729,0.4518,0.4573,0,0
AE.V,D,20190302,000000,0.4577,0.4589,0.4324,0.4492,0,0
AE.V,D,20190303,000000,0.4493,0.4565,0.44,0.4408,0,0
AE.V,D,20190304,000000,0.4404,0.4474,0.4064,0.4181,0,0
AE.V,D,20190305,000000,0.4181,0.4479,0.4106,0.4397,0,0
AE.V,D,20190306,000000,0.4396,0.4487,0.421,0.4282,0,0
AE.V,D,20190307,000000,0.4283,0.4387,0.4234,0.4277,0,0
AE.V,D,20190308,000000,0.4279,0.4435,0.4232,0.4247,0,0
AE.V,D,20190309,000000,0.4248,0.4451,0.4234,0.4429,0,0
AE.V,D,20190310,000000,0.4429,0.4528,0.431,0.439,0,0
AE.V,D,20190311,000000,0.4389,0.4436,0.4221,0.4276,0,0
AE.V,D,20190312,000000,0.4276,0.4478,0.4153,0.442,0,0
AE.V,D,20190313,000000,0.442,0.4466,0.4298,0.4381,0,0
AE.V,D,20190314,000000,0.4381,0.4694,0.4319,0.4531,0,0
AE.V,D,20190315,000000,0.4531,0.4683,0.4522,0.4651,0,0
AE.V,D,20190316,000000,0.4651,0.4771,0.46,0.4725,0,0
AE.V,D,20190317,000000,0.4725,0.4727,0.4551,0.4612,0,0
AE.V,D,20190318,000000,0.4612,0.4679,0.4503,0.4571,0,0
AE.V,D,20190319,000000,0.4571,0.4645,0.4504,0.4596,0,0
AE.V,D,20190320,000000,0.4596,0.4772,0.4531,0.475,0,0
AE.V,D,20190321,000000,0.4752,0.5027,0.4491,0.4659,0,0
AE.V,D,20190322,000000,0.4659,0.49,0.461,0.4841,0,0
AE.V,D,20190323,000000,0.4844,0.4945,0.4766,0.4827,0,0
AE.V,D,20190324,000000,0.4826,0.4873,0.4683,0.4746,0,0
AE.V,D,20190325,000000,0.4746,0.4763,0.4472,0.4547,0,0
AE.V,D,20190326,000000,0.4547,0.4595,0.4341,0.4519,0,0
AE.V,D,20190327,000000,0.4519,0.481,0.4494,0.4786,0,0
AE.V,D,20190328,000000,0.4786,0.4837,0.4658,0.4715,0,0
AE.V,D,20190329,000000,0.4716,0.4811,0.4707,0.4805,0,0
AE.V,D,20190330,000000,0.4804,0.5268,0.4794,0.5149,0,0
AE.V,D,20190331,000000,0.5148,0.565,0.5051,0.5478,0,0
AE.V,D,20190401,000000,0.5478,0.5491,0.5221,0.5318,0,0
AE.V,D,20190402,000000,0.5317,0.5847,0.5187,0.5736,0,0
AE.V,D,20190403,000000,0.5736,0.7086,0.5729,0.6838,0,0
AE.V,D,20190404,000000,0.6835,0.6879,0.5991,0.6194,0,0
AE.V,D,20190405,000000,0.6193,0.6608,0.6122,0.6455,0,0
AE.V,D,20190406,000000,0.6455,0.7047,0.6398,0.6586,0,0
AE.V,D,20190407,000000,0.658,0.7031,0.6498,0.6736,0,0
AE.V,D,20190408,000000,0.6737,0.6968,0.6104,0.6437,0,0
AE.V,D,20190409,000000,0.6438,0.6452,0.61,0.6283,0,0
AE.V,D,20190410,000000,0.6283,0.6551,0.6166,0.6273,0,0
AE.V,D,20190411,000000,0.6272,0.6384,0.5333,0.5591,0,0
AE.V,D,20190412,000000,0.5592,0.5891,0.5256,0.5647,0,0
AE.V,D,20190413,000000,0.5647,0.5879,0.5475,0.5501,0,0
AE.V,D,20190414,000000,0.55,0.5703,0.5432,0.5661,0,0
AE.V,D,20190415,000000,0.5662,0.5827,0.531,0.5382,0,0
AE.V,D,20190416,000000,0.5382,0.5585,0.5351,0.5542,0,0
AE.V,D,20190417,000000,0.5541,0.5635,0.5429,0.5517,0,0
AE.V,D,20190418,000000,0.5517,0.5665,0.5495,0.5625,0,0
AE.V,D,20190419,000000,0.5626,0.5631,0.5454,0.5549,0,0
AE.V,D,20190420,000000,0.5549,0.6083,0.5521,0.5781,0,0
AE.V,D,20190421,000000,0.5784,0.6063,0.5247,0.551,0,0
AE.V,D,20190422,000000,0.5505,0.5814,0.5433,0.5693,0,0
AE.V,D,20190423,000000,0.5692,0.5841,0.5519,0.5544,0,0
AE.V,D,20190424,000000,0.5544,0.5548,0.4671,0.4843,0,0
AE.V,D,20190425,000000,0.4842,0.5041,0.4682,0.4867,0,0
AE.V,D,20190426,000000,0.4869,0.4869,0.4346,0.4486,0,0
AE.V,D,20190427,000000,0.4487,0.4707,0.4443,0.4619,0,0
AE.V,D,20190428,000000,0.4619,0.4684,0.452,0.4529,0,0
AE.V,D,20190429,000000,0.4528,0.4607,0.4383,0.448,0,0
AE.V,D,20190430,000000,0.4481,0.4644,0.4397,0.4609,0,0
AE.V,D,20190501,000000,0.4609,0.4738,0.4555,0.4576,0,0
AE.V,D,20190502,000000,0.4574,0.4942,0.4574,0.4909,0,0
AE.V,D,20190503,000000,0.4904,0.4979,0.4734,0.4861,0,0
AE.V,D,20190504,000000,0.4861,0.5026,0.4571,0.4659,0,0
AE.V,D,20190505,000000,0.4654,0.4737,0.4551,0.466,0,0
AE.V,D,20190506,000000,0.466,0.5132,0.4565,0.4906,0,0
AE.V,D,20190507,000000,0.4904,0.5016,0.4731,0.4827,0,0
AE.V,D,20190508,000000,0.4826,0.4853,0.4643,0.481,0,0
AE.V,D,20190509,000000,0.478,0.483,0.4415,0.4541,0,0
AE.V,D,20190510,000000,0.4539,0.4678,0.4281,0.4553,0,0
AE.V,D,20190511,000000,0.454,0.4984,0.4466,0.4963,0,0
AE.V,D,20190512,000000,0.4967,0.5028,0.4568,0.4638,0,0
AE.V,D,20190513,000000,0.464,0.5065,0.4537,0.4772,0,0
AE.V,D,20190514,000000,0.4774,0.5063,0.4539,0.484,0,0
AE.V,D,20190515,000000,0.4838,0.6231,0.4838,0.5589,0,0
AE.V,D,20190516,000000,0.558,0.6434,0.5265,0.5658,0,0
AE.V,D,20190517,000000,0.5651,0.5706,0.4731,0.5152,0,0
AE.V,D,20190518,000000,0.5156,0.5346,0.4963,0.5202,0,0
AE.V,D,20190519,000000,0.5205,0.5676,0.5159,0.557,0,0
AE.V,D,20190520,000000,0.5571,0.5684,0.5043,0.5441,0,0
AE.V,D,20190521,000000,0.5436,0.5579,0.5272,0.5515,0,0
AE.V,D,20190522,000000,0.5518,0.5973,0.5353,0.5378,0,0
AE.V,D,20190523,000000,0.5373,0.5479,0.5085,0.5349,0,0
AE.V,D,20190524,000000,0.5342,0.5763,0.5329,0.5536,0,0
AE.V,D,20190525,000000,0.5534,0.6173,0.543,0.562,0,0
AE.V,D,20190526,000000,0.5625,0.6148,0.5398,0.5893,0,0
AE.V,D,20190527,000000,0.5894,0.6029,0.5711,0.586,0,0
AE.V,D,20190528,000000,0.5866,0.6104,0.5615,0.5719,0,0
AE.V,D,20190529,000000,0.5719,0.5853,0.54,0.5693,0,0
AE.V,D,20190530,000000,0.5694,0.596,0.5199,0.5204,0,0
AE.V,D,20190531,000000,0.5193,0.5574,0.5127,0.5401,0,0
AE.V,D,20190601,000000,0.5402,0.5729,0.5234,0.5368,0,0
AE.V,D,20190602,000000,0.5371,0.5652,0.524,0.5601,0,0
AE.V,D,20190603,000000,0.5602,0.5629,0.5215,0.5338,0,0
AE.V,D,20190604,000000,0.5339,0.5368,0.4747,0.4747,0,0
AE.V,D,20190605,000000,0.4728,0.5226,0.4728,0.5025,0,0
AE.V,D,20190606,000000,0.5024,0.5129,0.4826,0.5003,0,0
AE.V,D,20190607,000000,0.5002,0.5156,0.494,0.5089,0,0
AE.V,D,20190608,000000,0.5088,0.5187,0.4895,0.498,0,0
AE.V,D,20190609,000000,0.498,0.5074,0.4794,0.4859,0,0
AE.V,D,20190610,000000,0.4861,0.5275,0.48,0.5198,0,0
AE.V,D,20190611,000000,0.5199,0.5284,0.4953,0.5109,0,0
AE.V,D,20190612,000000,0.5109,0.5166,0.5016,0.5073,0,0
AE.V,D,20190613,000000,0.5073,0.5232,0.5069,0.5144,0,0
AE.V,D,20190614,000000,0.5145,0.5497,0.5082,0.5183,0,0
AE.V,D,20190615,000000,0.5183,0.5372,0.5152,0.5331,0,0
AE.V,D,20190616,000000,0.533,0.5494,0.5184,0.5344,0,0
AE.V,D,20190617,000000,0.5347,0.5443,0.528,0.537,0,0
AE.V,D,20190618,000000,0.537,0.5419,0.5031,0.5093,0,0
AE.V,D,20190619,000000,0.5094,0.5567,0.5064,0.5272,0,0
AE.V,D,20190620,000000,0.5259,0.5348,0.5106,0.5255,0,0
AE.V,D,20190621,000000,0.5256,0.5314,0.5005,0.5093,0,0
AE.V,D,20190622,000000,0.5093,0.5436,0.5049,0.5279,0,0
AE.V,D,20190623,000000,0.5279,0.5383,0.5058,0.5255,0,0
AE.V,D,20190624,000000,0.525,0.6447,0.5028,0.5904,0,0
AE.V,D,20190625,000000,0.5904,0.6056,0.5339,0.5576,0,0
AE.V,D,20190626,000000,0.5574,0.5842,0.5159,0.5358,0,0
AE.V,D,20190627,000000,0.5351,0.5475,0.4395,0.4601,0,0
AE.V,D,20190628,000000,0.4602,0.5068,0.4579,0.4983,0,0
AE.V,D,20190629,000000,0.4984,0.5106,0.474,0.499,0,0
AE.V,D,20190630,000000,0.4991,0.513,0.4591,0.4716,0,0
AE.V,D,20190701,000000,0.4715,0.4791,0.4417,0.4593,0,0
AE.V,D,20190702,000000,0.4588,0.4683,0.421,0.4477,0,0
AE.V,D,20190703,000000,0.448,0.4712,0.4421,0.4543,0,0
AE.V,D,20190704,000000,0.4543,0.47,0.449,0.4603,0,0
AE.V,D,20190705,000000,0.4602,0.463,0.4406,0.4459,0,0
AE.V,D,20190706,000000,0.446,0.4894,0.4406,0.4514,0,0
AE.V,D,20190707,000000,0.4513,0.4644,0.4442,0.4615,0,0
AE.V,D,20190708,000000,0.4619,0.4693,0.4502,0.4569,0,0
AE.V,D,20190709,000000,0.4562,0.4644,0.4437,0.4497,0,0
AE.V,D,20190710,000000,0.4499,0.4576,0.3979,0.4031,0,0
AE.V,D,20190711,000000,0.4032,0.4141,0.3509,0.3707,0,0
AE.V,D,20190712,000000,0.3706,0.3867,0.3638,0.3803,0,0
AE.V,D,20190713,000000,0.3805,0.3846,0.3616,0.3639,0,0
AE.V,D,20190714,000000,0.364,0.3761,0.318,0.3329,0,0
AE.V,D,20190715,000000,0.3329,0.3329,0.2888,0.3193,0,0
AE.V,D,20190716,000000,0.3195,0.3284,0.2683,0.2798,0,0
AE.V,D,20190717,000000,0.2798,0.2993,0.2713,0.2925,0,0
AE.V,D,20190718,000000,0.2925,0.3119,0.2817,0.3076,0,0
AE.V,D,20190719,000000,0.3076,0.3114,0.2957,0.3062,0,0
AE.V,D,20190720,000000,0.3063,0.3287,0.3033,0.3278,0,0
AE.V,D,20190721,000000,0.3271,0.3288,0.3041,0.3099,0,0
AE.V,D,20190722,000000,0.3099,0.3177,0.3019,0.3061,0,0
AE.V,D,20190723,000000,0.3062,0.3116,0.2903,0.3014,0,0
AE.V,D,20190724,000000,0.3014,0.3069,0.2831,0.3002,0,0
AE.V,D,20190725,000000,0.3001,0.3092,0.2988,0.3043,0,0
AE.V,D,20190726,000000,0.3043,0.3093,0.2971,0.3078,0,0
AE.V,D,20190727,000000,0.3078,0.3165,0.291,0.2939,0,0
AE.V,D,20190728,000000,0.294,0.2985,0.2902,0.2952,0,0
AE.V,D,20190729,000000,0.295,0.3119,0.2853,0.3063,0,0
AE.V,D,20190730,000000,0.3063,0.3075,0.2979,0.3022,0,0
AE.V,D,20190731,000000,0.3022,0.3199,0.3021,0.313,0,0
AE.V,D,20190801,000000,0.3129,0.3164,0.2999,0.3035,0,0
AE.V,D,20190802,000000,0.3035,0.3113,0.3017,0.3028,0,0
AE.V,D,20190803,000000,0.3028,0.3113,0.3025,0.3058,0,0
AE.V,D,20190804,000000,0.3058,0.3095,0.2999,0.3049,0,0
AE.V,D,20190805,000000,0.3048,0.3098,0.2996,0.3042,0,0
AE.V,D,20190806,000000,0.3042,0.3074,0.2864,0.2906,0,0
AE.V,D,20190807,000000,0.2905,0.3009,0.2801,0.2885,0,0
AE.V,D,20190808,000000,0.2881,0.2904,0.2775,0.2817,0,0
AE.V,D,20190809,000000,0.2817,0.285,0.2636,0.272,0,0
AE.V,D,20190810,000000,0.272,0.2733,0.2576,0.263,0,0
AE.V,D,20190811,000000,0.2629,0.2762,0.2618,0.274,0,0
AE.V,D,20190812,000000,0.2738,0.2751,0.2652,0.2676,0,0
AE.V,D,20190813,000000,0.2676,0.2726,0.2565,0.2661,0,0
AE.V,D,20190814,000000,0.266,0.2687,0.2312,0.238,0,0
AE.V,D,20190815,000000,0.2381,0.2422,0.2162,0.2343,0,0
AE.V,D,20190816,000000,0.2343,0.2377,0.214,0.2271,0,0
AE.V,D,20190817,000000,0.2271,0.2362,0.2218,0.2246,0,0
AE.V,D,20190818,000000,0.2246,0.2478,0.2241,0.2406,0,0
AE.V,D,20190819,000000,0.2407,0.2526,0.2349,0.2518,0,0
AE.V,D,20190820,000000,0.2517,0.2604,0.2374,0.2438,0,0
AE.V,D,20190821,000000,0.2438,0.2451,0.224,0.2288,0,0
AE.V,D,20190822,000000,0.2287,0.2437,0.2237,0.2393,0,0
AE.V,D,20190823,000000,0.2394,0.2433,0.234,0.2378,0,0
AE.V,D,20190824,000000,0.2375,0.2478,0.2363,0.2451,0,0
AE.V,D,20190825,000000,0.245,0.2537,0.2423,0.2474,0,0
AE.V,D,20190826,000000,0.2475,0.2542,0.2407,0.2456,0,0
AE.V,D,20190827,000000,0.2456,0.2494,0.233,0.2434,0,0
AE.V,D,20190828,000000,0.2433,0.2489,0.2256,0.2406,0,0
AE.V,D,20190829,000000,0.2406,0.241,0.2111,0.2194,0,0
AE.V,D,20190830,000000,0.2196,0.2202,0.2102,0.2126,0,0
AE.V,D,20190831,000000,0.2126,0.2178,0.2103,0.2139,0,0
AE.V,D,20190901,000000,0.214,0.2148,0.2029,0.2035,0,0
AE.V,D,20190902,000000,0.2035,0.2149,0.2035,0.2107,0,0
AE.V,D,20190903,000000,0.2107,0.222,0.2061,0.2079,0,0
AE.V,D,20190904,000000,0.2079,0.2088,0.2012,0.2036,0,0
AE.V,D,20190905,000000,0.2037,0.2079,0.2012,0.2044,0,0
AE.V,D,20190906,000000,0.2043,0.2081,0.1955,0.1991,0,0
AE.V,D,20190907,000000,0.1991,0.207,0.1913,0.2042,0,0
AE.V,D,20190908,000000,0.2042,0.2138,0.2012,0.2124,0,0
AE.V,D,20190909,000000,0.2123,0.2139,0.2003,0.207,0,0
AE.V,D,20190910,000000,0.2069,0.2145,0.2058,0.2068,0,0
AE.V,D,20190911,000000,0.2068,0.2109,0.1987,0.2033,0,0
AE.V,D,20190912,000000,0.2024,0.211,0.2,0.208,0,0
AE.V,D,20190913,000000,0.2079,0.2085,0.1991,0.2063,0,0
AE.V,D,20190914,000000,0.2063,0.2107,0.2016,0.2078,0,0
AE.V,D,20190915,000000,0.2078,0.2091,0.205,0.2071,0,0
AE.V,D,20190916,000000,0.207,0.2107,0.2016,0.2056,0,0
AE.V,D,20190917,000000,0.2054,0.217,0.2038,0.2147,0,0
AE.V,D,20190918,000000,0.2147,0.2321,0.209,0.2274,0,0
AE.V,D,20190919,000000,0.2276,0.2291,0.2084,0.2223,0,0
AE.V,D,20190920,000000,0.2222,0.2249,0.2163,0.2181,0,0
AE.V,D,20190921,000000,0.218,0.2225,0.2135,0.2168,0,0
AE.V,D,20190922,000000,0.2168,0.2191,0.2091,0.2159,0,0
AE.V,D,20190923,000000,0.2159,0.2194,0.1964,0.2051,0,0
AE.V,D,20190924,000000,0.205,0.206,0.1434,0.1543,0,0
AE.V,D,20190925,000000,0.154,0.1635,0.1464,0.1567,0,0
AE.V,D,20190926,000000,0.1568,0.1587,0.1405,0.1501,0,0
AE.V,D,20190927,000000,0.15,0.1558,0.1459,0.1536,0,0
AE.V,D,20190928,000000,0.1536,0.1583,0.1523,0.1556,0,0
AE.V,D,20190929,000000,0.1556,0.158,0.1499,0.1535,0,0
AE.V,D,20190930,000000,0.1535,0.161,0.1534,0.1598,0,0
AE.V,D,20191001,000000,0.1598,0.1644,0.155,0.1565,0,0
AE.V,D,20191002,000000,0.1565,0.1589,0.1537,0.157,0,0
AE.V,D,20191003,000000,0.157,0.1616,0.1557,0.1571,0,0
AE.V,D,20191004,000000,0.1571,0.1618,0.1534,0.1605,0,0
AE.V,D,20191005,000000,0.1605,0.1614,0.1576,0.1597,0,0
AE.V,D,20191006,000000,0.1596,0.1851,0.1585,0.1742,0,0
AE.V,D,20191007,000000,0.1743,0.1832,0.1664,0.1793,0,0
AE.V,D,20191008,000000,0.1795,0.1813,0.1723,0.173,0,0
AE.V,D,20191009,000000,0.173,0.1794,0.1727,0.1762,0,0
AE.V,D,20191010,000000,0.176,0.1874,0.1725,0.1847,0,0
AE.V,D,20191011,000000,0.1848,0.1859,0.1725,0.1753,0,0
AE.V,D,20191012,000000,0.1754,0.1788,0.1726,0.1743,0,0
AE.V,D,20191013,000000,0.1743,0.1821,0.1738,0.1813,0,0
AE.V,D,20191014,000000,0.1824,0.1946,0.1824,0.1914,0,0
AE.V,D,20191015,000000,0.1916,0.2022,0.1896,0.1966,0,0
AE.V,D,20191016,000000,0.1964,0.1992,0.1757,0.1784,0,0
AE.V,D,20191017,000000,0.1783,0.1972,0.1783,0.192,0,0
AE.V,D,20191018,000000,0.1918,0.1976,0.1793,0.185,0,0
AE.V,D,20191019,000000,0.185,0.1895,0.1802,0.1817,0,0
AE.V,D,20191020,000000,0.1816,0.1866,0.1775,0.1836,0,0
AE.V,D,20191021,000000,0.1835,0.1911,0.1829,0.1855,0,0
AE.V,D,20191022,000000,0.1854,0.1935,0.1828,0.1869,0,0
AE.V,D,20191023,000000,0.187,0.1931,0.1753,0.1903,0,0
AE.V,D,20191024,000000,0.1904,0.229,0.1829,0.2081,0,0
AE.V,D,20191025,000000,0.2081,0.223,0.2001,0.2169,0,0
AE.V,D,20191026,000000,0.217,0.2389,0.1971,0.2028,0,0
AE.V,D,20191027,000000,0.2028,0.2499,0.2001,0.232,0,0
AE.V,D,20191028,000000,0.2323,0.2468,0.2202,0.23,0,0
AE.V,D,20191029,000000,0.2301,0.2353,0.2163,0.2246,0,0
AE.V,D,20191030,000000,0.2244,0.2313,0.2089,0.2169,0,0
AE.V,D,20191031,000000,0.2168,0.2201,0.203,0.2139,0,0
AE.V,D,20191101,000000,0.2136,0.2265,0.2108,0.2202,0,0
AE.V,D,20191102,000000,0.22,0.2292,0.2197,0.2269,0,0
AE.V,D,20191103,000000,0.227,0.2279,0.217,0.2187,0,0
AE.V,D,20191104,000000,0.2188,0.2637,0.218,0.2456,0,0
AE.V,D,20191105,000000,0.2456,0.2518,0.2381,0.2447,0,0
AE.V,D,20191106,000000,0.2446,0.2496,0.2396,0.2443,0,0
AE.V,D,20191107,000000,0.2448,0.2498,0.2337,0.2378,0,0
AE.V,D,20191108,000000,0.2377,0.2415,0.2215,0.2263,0,0
AE.V,D,20191109,000000,0.2263,0.2435,0.222,0.2313,0,0
AE.V,D,20191110,000000,0.2313,0.253,0.2305,0.2445,0,0
AE.V,D,20191111,000000,0.2445,0.2543,0.2266,0.2289,0,0
AE.V,D,20191112,000000,0.2288,0.2498,0.2282,0.2338,0,0
AE.V,D,20191113,000000,0.2339,0.2406,0.2322,0.2373,0,0
AE.V,D,20191114,000000,0.2372,0.2403,0.2303,0.2327,0,0
AE.V,D,20191115,000000,0.2327,0.2379,0.2185,0.2214,0,0
AE.V,D,20191116,000000,0.2214,0.222,0.2152,0.2179,0,0
AE.V,D,20191117,000000,0.2178,0.2199,0.2147,0.2148,0,0
AE.V,D,20191118,000000,0.2147,0.2149,0.1915,0.1925,0,0
AE.V,D,20191119,000000,0.1924,0.1937,0.1835,0.1914,0,0
AE.V,D,20191120,000000,0.1915,0.1982,0.1892,0.1913,0,0
AE.V,D,20191121,000000,0.1913,0.1919,0.1715,0.1767,0,0
AE.V,D,20191122,000000,0.1767,0.1774,0.1495,0.1612,0,0
AE.V,D,20191123,000000,0.1612,0.1717,0.1583,0.1675,0,0
AE.V,D,20191124,000000,0.1674,0.1684,0.1337,0.1569,0,0
AE.V,D,20191125,000000,0.1569,0.1636,0.1416,0.1572,0,0
AE.V,D,20191126,000000,0.1572,0.1613,0.1494,0.1542,0,0
AE.V,D,20191127,000000,0.1542,0.1649,0.1475,0.1605,0,0
AE.V,D,20191128,000000,0.1605,0.1694,0.1586,0.1647,0,0
AE.V,D,20191129,000000,0.1649,0.1744,0.1644,0.1722,0,0
AE.V,D,20191130,000000,0.1727,0.1736,0.1626,0.1651,0,0
AE.V,D,20191201,000000,0.1651,0.167,0.1562,0.1644,0,0
AE.V,D,20191202,000000,0.1644,0.1668,0.1567,0.1613,0,0
AE.V,D,20191203,000000,0.1613,0.164,0.1574,0.1591,0,0
AE.V,D,20191204,000000,0.1589,0.1682,0.1531,0.1562,0,0
AE.V,D,20191205,000000,0.1562,0.1636,0.1543,0.1627,0,0
AE.V,D,20191206,000000,0.1627,0.1655,0.1584,0.165,0,0
AE.V,D,20191207,000000,0.1648,0.1659,0.163,0.164,0,0
AE.V,D,20191208,000000,0.164,0.1645,0.1596,0.1627,0,0
AE.V,D,20191209,000000,0.1627,0.1663,0.1594,0.1607,0,0
AE.V,D,20191210,000000,0.1607,0.1631,0.1505,0.1531,0,0
AE.V,D,20191211,000000,0.1531,0.1559,0.1522,0.1534,0,0
AE.V,D,20191212,000000,0.1535,0.1551,0.1477,0.1485,0,0
AE.V,D,20191213,000000,0.1486,0.1554,0.1484,0.1534,0,0
AE.V,D,20191214,000000,0.1533,0.1545,0.1449,0.1468,0,0
AE.V,D,20191215,000000,0.1468,0.1483,0.1448,0.1467,0,0
AE.V,D,20191216,000000,0.1467,0.1474,0.1337,0.1366,0,0
AE.V,D,20191217,000000,0.1366,0.137,0.1298,0.1299,0,0
AE.V,D,20191218,000000,0.1299,0.1408,0.1235,0.1401,0,0
AE.V,D,20191219,000000,0.1403,0.1422,0.1333,0.1355,0,0
AE.V,D,20191220,000000,0.1355,0.1539,0.1324,0.1493,0,0
AE.V,D,20191221,000000,0.1492,0.1527,0.1437,0.1441,0,0
AE.V,D,20191222,000000,0.1441,0.1485,0.1429,0.1465,0,0
AE.V,D,20191223,000000,0.1465,0.15,0.1384,0.1387,0,0
AE.V,D,20191224,000000,0.1387,0.14,0.1241,0.1321,0,0
AE.V,D,20191225,000000,0.1321,0.1322,0.1289,0.1303,0,0
AE.V,D,20191226,000000,0.1302,0.1351,0.1295,0.1309,0,0
AE.V,D,20191227,000000,0.1309,0.132,0.1297,0.1312,0,0
AE.V,D,20191228,000000,0.1312,0.1343,0.1311,0.132,0,0
AE.V,D,20191229,000000,0.132,0.135,0.1311,0.1335,0,0
AE.V,D,20191230,000000,0.1335,0.1342,0.1293,0.1303,0,0
AE.V,D,20191231,000000,0.1303,0.1306,0.1272,0.1283,0,0
AE.V,D,20200101,000000,0.1283,0.1313,0.1279,0.1296,0,0
AE.V,D,20200102,000000,0.1296,0.1305,0.1241,0.1258,0,0
AE.V,D,20200103,000000,0.1258,0.131,0.124,0.1284,0,0
AE.V,D,20200104,000000,0.1284,0.1325,0.1276,0.1318,0,0
AE.V,D,20200105,000000,0.1318,0.1342,0.1308,0.1315,0,0
AE.V,D,20200106,000000,0.1315,0.1382,0.1309,0.1362,0,0
AE.V,D,20200107,000000,0.1362,0.1415,0.134,0.1346,0,0
AE.V,D,20200108,000000,0.1346,0.1426,0.1339,0.1361,0,0
AE.V,D,20200109,000000,0.1361,0.1374,0.1302,0.1316,0,0
AE.V,D,20200110,000000,0.1316,0.1374,0.1289,0.136,0,0
AE.V,D,20200111,000000,0.136,0.143,0.1332,0.143,0,0
AE.V,D,20200112,000000,0.143,0.143,0.1329,0.1386,0,0
AE.V,D,20200113,000000,0.1387,0.1392,0.1348,0.1357,0,0
AE.V,D,20200114,000000,0.1357,0.1508,0.1355,0.1483,0,0
AE.V,D,20200115,000000,0.1482,0.1883,0.1473,0.1663,0,0
AE.V,D,20200116,000000,0.1663,0.1679,0.1522,0.1576,0,0
AE.V,D,20200117,000000,0.1575,0.1733,0.1572,0.1711,0,0
AE.V,D,20200118,000000,0.1711,0.1722,0.1602,0.1693,0,0
AE.V,D,20200119,000000,0.1693,0.1721,0.1522,0.1572,0,0
AE.V,D,20200120,000000,0.1572,0.1659,0.1519,0.1642,0,0
AE.V,D,20200121,000000,0.1641,0.1755,0.1597,0.1735,0,0
AE.V,D,20200122,000000,0.1735,0.1749,0.1662,0.1678,0,0
AE.V,D,20200123,000000,0.1678,0.1693,0.1572,0.1617,0,0
AE.V,D,20200124,000000,0.1617,0.1645,0.1552,0.1597,0,0
AE.V,D,20200125,000000,0.1597,0.1602,0.157,0.1571,0,0
AE.V,D,20200126,000000,0.157,0.1657,0.1567,0.1646,0,0
AE.V,D,20200127,000000,0.1646,0.1704,0.1618,0.168,0,0
AE.V,D,20200128,000000,0.168,0.1746,0.1649,0.1683,0,0
AE.V,D,20200129,000000,0.1683,0.175,0.1673,0.1727,0,0
AE.V,D,20200130,000000,0.1728,0.1755,0.1673,0.1749,0,0
AE.V,D,20200131,000000,0.1751,0.1796,0.1679,0.1713,0,0
AE.V,D,20200201,000000,0.1713,0.1845,0.1687,0.1818,0,0
AE.V,D,20200202,000000,0.1818,0.2081,0.1792,0.1908,0,0
AE.V,D,20200203,000000,0.1907,0.1963,0.1845,0.1872,0,0
AE.V,D,20200204,000000,0.1872,0.2095,0.1842,0.2002,0,0
AE.V,D,20200205,000000,0.2002,0.2099,0.198,0.2061,0,0
AE.V,D,20200206,000000,0.2058,0.2186,0.2052,0.2116,0,0
AE.V,D,20200207,000000,0.212,0.2168,0.2072,0.2125,0,0
AE.V,D,20200208,000000,0.2125,0.2156,0.1972,0.214,0,0
AE.V,D,20200209,000000,0.2139,0.2392,0.2109,0.2292,0,0
AE.V,D,20200210,000000,0.2291,0.2371,0.2147,0.2295,0,0
AE.V,D,20200211,000000,0.2295,0.2582,0.2209,0.2575,0,0
AE.V,D,20200212,000000,0.2575,0.2651,0.25,0.2596,0,0
AE.V,D,20200213,000000,0.2595,0.2639,0.2457,0.25,0,0
AE.V,D,20200214,000000,0.2499,0.2623,0.2468,0.2582,0,0
AE.V,D,20200215,000000,0.2589,0.2741,0.2215,0.2353,0,0
AE.V,D,20200216,000000,0.2353,0.2382,0.1948,0.2104,0,0
AE.V,D,20200217,000000,0.2104,0.2177,0.1895,0.204,0,0
AE.V,D,20200218,000000,0.2041,0.2189,0.1998,0.2168,0,0
AE.V,D,20200219,000000,0.2167,0.2183,0.1947,0.1995,0,0
AE.V,D,20200220,000000,0.1995,0.2036,0.1878,0.1955,0,0
AE.V,D,20200221,000000,0.1955,0.2032,0.1924,0.1982,0,0
AE.V,D,20200222,000000,0.1982,0.202,0.1944,0.1978,0,0
AE.V,D,20200223,000000,0.1977,0.2082,0.1973,0.2076,0,0
AE.V,D,20200224,000000,0.2077,0.2284,0.1974,0.2161,0,0
AE.V,D,20200225,000000,0.216,0.2181,0.1996,0.2002,0,0
AE.V,D,20200226,000000,0.2002,0.2019,0.159,0.1662,0,0
AE.V,D,20200227,000000,0.1662,0.1815,0.1571,0.1761,0,0
AE.V,D,20200228,000000,0.1763,0.1781,0.1607,0.1679,0,0
AE.V,D,20200229,000000,0.168,0.175,0.1659,0.1694,0,0
AE.V,D,20200301,000000,0.1694,0.1727,0.1611,0.1652,0,0
AE.V,D,20200302,000000,0.1653,0.1766,0.1639,0.1741,0,0
AE.V,D,20200303,000000,0.174,0.1778,0.1704,0.1726,0,0
AE.V,D,20200304,000000,0.1726,0.1748,0.1691,0.1706,0,0
AE.V,D,20200305,000000,0.1704,0.1823,0.1704,0.18,0,0
AE.V,D,20200306,000000,0.18,0.1801,0.1764,0.179,0,0
AE.V,D,20200307,000000,0.1791,0.1894,0.1762,0.1785,0,0
AE.V,D,20200308,000000,0.1786,0.1786,0.1516,0.1522,0,0
AE.V,D,20200309,000000,0.1521,0.1579,0.1426,0.1517,0,0
AE.V,D,20200310,000000,0.1517,0.158,0.1499,0.1567,0,0
AE.V,D,20200311,000000,0.1566,0.1566,0.1426,0.1505,0,0
AE.V,D,20200312,000000,0.1504,0.1507,0.09235,0.09751,0,0
AE.V,D,20200313,000000,0.09759,0.1011,0.05511,0.09125,0,0
AE.V,D,20200314,000000,0.09123,0.09562,0.0858,0.08907,0,0
AE.V,D,20200315,000000,0.08897,0.09801,0.085,0.09192,0,0
AE.V,D,20200316,000000,0.09186,0.09766,0.07634,0.08337,0,0
AE.V,D,20200317,000000,0.08342,0.09324,0.08279,0.0919,0,0
AE.V,D,20200318,000000,0.09185,0.09359,0.08501,0.09275,0,0
AE.V,D,20200319,000000,0.09239,0.1101,0.09233,0.1082,0,0
AE.V,D,20200320,000000,0.1082,0.1136,0.09183,0.1017,0,0
AE.V,D,20200321,000000,0.101,0.1073,0.09527,0.1025,0,0
AE.V,D,20200322,000000,0.1026,0.1081,0.09327,0.09435,0,0
AE.V,D,20200323,000000,0.09437,0.1012,0.08983,0.09833,0,0
AE.V,D,20200324,000000,0.09833,0.1069,0.09705,0.1048,0,0
AE.V,D,20200325,000000,0.1048,0.1048,0.09609,0.098,0,0
AE.V,D,20200326,000000,0.09855,0.1015,0.0974,0.09989,0,0
AE.V,D,20200327,000000,0.09984,0.1043,0.09887,0.1029,0,0
AE.V,D,20200328,000000,0.1029,0.103,0.09119,0.09563,0,0
AE.V,D,20200329,000000,0.09562,0.09627,0.08907,0.08978,0,0
AE.V,D,20200330,000000,0.08976,0.09953,0.08924,0.09858,0,0
AE.V,D,20200331,000000,0.09861,0.09974,0.09525,0.09889,0,0
AE.V,D,20200401,000000,0.09888,0.09942,0.09263,0.09571,0,0
AE.V,D,20200402,000000,0.09572,0.1032,0.0957,0.09802,0,0
AE.V,D,20200403,000000,0.09797,0.1021,0.09714,0.09831,0,0
AE.V,D,20200404,000000,0.09833,0.1023,0.09798,0.1011,0,0
AE.V,D,20200405,000000,0.1012,0.1023,0.0994,0.1002,0,0
AE.V,D,20200406,000000,0.1002,0.1092,0.09988,0.1085,0,0
AE.V,D,20200407,000000,0.1086,0.1148,0.1052,0.1072,0,0
AE.V,D,20200408,000000,0.1071,0.1115,0.1061,0.1104,0,0
AE.V,D,20200409,000000,0.1104,0.1145,0.1083,0.1105,0,0
AE.V,D,20200410,000000,0.1105,0.1107,0.09821,0.1012,0,0
AE.V,D,20200411,000000,0.1012,0.1034,0.0991,0.1011,0,0
AE.V,D,20200412,000000,0.1011,0.1071,0.09995,0.1038,0,0
AE.V,D,20200413,000000,0.1038,0.1041,0.09494,0.09841,0,0
AE.V,D,20200414,000000,0.09843,0.1003,0.09705,0.09908,0,0
AE.V,D,20200415,000000,0.09911,0.1022,0.09669,0.09819,0,0
AE.V,D,20200416,000000,0.09818,0.1027,0.09274,0.102,0,0
AE.V,D,20200417,000000,0.102,0.1045,0.1,0.1013,0,0
AE.V,D,20200418,000000,0.1013,0.1052,0.1002,0.1041,0,0
AE.V,D,20200419,000000,0.1041,0.1055,0.09941,0.1022,0,0
AE.V,D,20200420,000000,0.1022,0.1043,0.09691,0.09854,0,0
AE.V,D,20200421,000000,0.09852,0.09883,0.09548,0.09767,0,0
AE.V,D,20200422,000000,0.09768,0.1082,0.09684,0.09979,0,0
AE.V,D,20200423,000000,0.09979,0.1058,0.09801,0.1029,0,0
AE.V,D,20200424,000000,0.1029,0.1036,0.1004,0.102,0,0
AE.V,D,20200425,000000,0.102,0.1059,0.1015,0.1028,0,0
AE.V,D,20200426,000000,0.1028,0.1088,0.1023,0.1074,0,0
AE.V,D,20200427,000000,0.1074,0.1091,0.1045,0.1088,0,0
AE.V,D,20200428,000000,0.1088,0.1121,0.1065,0.1091,0,0
AE.V,D,20200429,000000,0.1091,0.1174,0.1083,0.1156,0,0
AE.V,D,20200430,000000,0.1155,0.1202,0.1072,0.1103,0,0
AE.V,D,20200501,000000,0.1103,0.1157,0.1087,0.1143,0,0
AE.V,D,20200502,000000,0.1143,0.117,0.1123,0.1169,0,0
AE.V,D,20200503,000000,0.1169,0.1217,0.1134,0.1156,0,0
AE.V,D,20200504,000000,0.1154,0.1215,0.1097,0.1153,0,0
AE.V,D,20200505,000000,0.1153,0.1162,0.111,0.1123,0,0
AE.V,D,20200506,000000,0.1122,0.1147,0.1105,0.1111,0,0
AE.V,D,20200507,000000,0.1111,0.1117,0.105,0.1098,0,0
AE.V,D,20200508,000000,0.1098,0.1137,0.1077,0.1129,0,0
AE.V,D,20200509,000000,0.1129,0.1196,0.1116,0.1123,0,0
AE.V,D,20200510,000000,0.1118,0.1119,0.09505,0.0993,0,0
AE.V,D,20200511,000000,0.09928,0.1013,0.09248,0.09641,0,0
AE.V,D,20200512,000000,0.09634,0.1054,0.09553,0.09986,0,0
AE.V,D,20200513,000000,0.09987,0.1064,0.09822,0.1039,0,0
AE.V,D,20200514,000000,0.1038,0.1067,0.1017,0.1043,0,0
AE.V,D,20200515,000000,0.1043,0.1053,0.1003,0.1022,0,0
AE.V,D,20200516,000000,0.1023,0.1042,0.1011,0.1032,0,0
AE.V,D,20200517,000000,0.1032,0.1067,0.1018,0.1061,0,0
AE.V,D,20200518,000000,0.1061,0.1108,0.1049,0.1074,0,0
AE.V,D,20200519,000000,0.1074,0.1115,0.105,0.1093,0,0
AE.V,D,20200520,000000,0.1093,0.1137,0.1062,0.1093,0,0
AE.V,D,20200521,000000,0.1093,0.1099,0.1012,0.1063,0,0
AE.V,D,20200522,000000,0.1065,0.1259,0.1037,0.1216,0,0
AE.V,D,20200523,000000,0.1216,0.1357,0.1175,0.121,0,0
AE.V,D,20200524,000000,0.121,0.1216,0.1098,0.1137,0,0
AE.V,D,20200525,000000,0.1138,0.1252,0.1076,0.1205,0,0
AE.V,D,20200526,000000,0.1206,0.1334,0.1196,0.1222,0,0
AE.V,D,20200527,000000,0.1222,0.1254,0.1208,0.1208,0,0
AE.V,D,20200528,000000,0.1208,0.129,0.1196,0.1288,0,0
AE.V,D,20200529,000000,0.1288,0.1327,0.1243,0.1243,0,0
AE.V,D,20200530,000000,0.1244,0.1305,0.1221,0.1288,0,0
AE.V,D,20200531,000000,0.1288,0.132,0.1262,0.1278,0,0
AE.V,D,20200601,000000,0.1278,0.1338,0.1247,0.1328,0,0
AE.V,D,20200602,000000,0.1328,0.1403,0.1231,0.1308,0,0
AE.V,D,20200603,000000,0.1308,0.1349,0.129,0.134,0,0
AE.V,D,20200604,000000,0.134,0.1492,0.1337,0.1453,0,0
AE.V,D,20200605,000000,0.1453,0.1487,0.1411,0.1454,0,0
AE.V,D,20200606,000000,0.1454,0.1464,0.141,0.1446,0,0
AE.V,D,20200607,000000,0.1446,0.1452,0.1343,0.1426,0,0
AE.V,D,20200608,000000,0.1426,0.169,0.14,0.1631,0,0
AE.V,D,20200609,000000,0.1631,0.1635,0.153,0.1547,0,0
AE.V,D,20200610,000000,0.1547,0.1621,0.1533,0.1607,0,0
AE.V,D,20200611,000000,0.1607,0.163,0.1378,0.1431,0,0
AE.V,D,20200612,000000,0.1436,0.1452,0.1361,0.1432,0,0
AE.V,D,20200613,000000,0.1432,0.1513,0.1426,0.1468,0,0
AE.V,D,20200614,000000,0.1468,0.1497,0.1419,0.1425,0,0
AE.V,D,20200615,000000,0.1423,0.1423,0.1267,0.1383,0,0
AE.V,D,20200616,000000,0.1384,0.1415,0.1362,0.1398,0,0
AE.V,D,20200617,000000,0.1397,0.1491,0.1396,0.1439,0,0
AE.V,D,20200618,000000,0.1439,0.1504,0.1426,0.1443,0,0
AE.V,D,20200619,000000,0.1443,0.1505,0.1399,0.1456,0,0
AE.V,D,20200620,000000,0.1457,0.1473,0.1422,0.1436,0,0
AE.V,D,20200621,000000,0.1436,0.1503,0.1435,0.1472,0,0
AE.V,D,20200622,000000,0.1472,0.1499,0.145,0.1479,0,0
AE.V,D,20200623,000000,0.1479,0.1496,0.1437,0.1463,0,0
AE.V,D,20200624,000000,0.1463,0.1463,0.1353,0.1384,0,0
AE.V,D,20200625,000000,0.1384,0.1394,0.1307,0.1376,0,0
AE.V,D,20200626,000000,0.1376,0.1377,0.1288,0.1352,0,0
AE.V,D,20200627,000000,0.1354,0.1376,0.1247,0.1271,0,0
AE.V,D,20200628,000000,0.1271,0.1319,0.1256,0.1297,0,0
AE.V,D,20200629,000000,0.1297,0.1311,0.1255,0.131,0,0
AE.V,D,20200630,000000,0.131,0.1328,0.1293,0.1315,0,0
AE.V,D,20200701,000000,0.1315,0.1333,0.1278,0.132,0,0
AE.V,D,20200702,000000,0.132,0.1354,0.1276,0.1306,0,0
AE.V,D,20200703,000000,0.1304,0.132,0.1281,0.1311,0,0
AE.V,D,20200704,000000,0.1311,0.1349,0.13,0.1322,0,0
AE.V,D,20200705,000000,0.1322,0.1333,0.1288,0.1306,0,0
AE.V,D,20200706,000000,0.1306,0.1376,0.1304,0.135,0,0
AE.V,D,20200707,000000,0.1349,0.1367,0.1326,0.135,0,0
AE.V,D,20200708,000000,0.135,0.1436,0.1337,0.1436,0,0
AE.V,D,20200709,000000,0.1436,0.1488,0.139,0.144,0,0
AE.V,D,20200710,000000,0.1441,0.155,0.1436,0.1502,0,0
AE.V,D,20200711,000000,0.1503,0.1535,0.1477,0.1517,0,0
AE.V,D,20200712,000000,0.1517,0.1527,0.1455,0.1478,0,0
AE.V,D,20200713,000000,0.1478,0.1504,0.1448,0.1483,0,0
AE.V,D,20200714,000000,0.1483,0.1487,0.1413,0.1474,0,0
AE.V,D,20200715,000000,0.1473,0.151,0.1419,0.1477,0,0
AE.V,D,20200716,000000,0.1477,0.1485,0.1409,0.1457,0,0
AE.V,D,20200717,000000,0.1457,0.1474,0.1411,0.1421,0,0
AE.V,D,20200718,000000,0.1416,0.1481,0.1407,0.148,0,0
AE.V,D,20200719,000000,0.148,0.1534,0.1468,0.1503,0,0
AE.V,D,20200720,000000,0.1503,0.178,0.1492,0.1679,0,0
AE.V,D,20200721,000000,0.1679,0.1765,0.1613,0.1634,0,0
AE.V,D,20200722,000000,0.1632,0.1713,0.163,0.1661,0,0
AE.V,D,20200723,000000,0.1662,0.1714,0.1567,0.1605,0,0
AE.V,D,20200724,000000,0.1605,0.1682,0.1534,0.1576,0,0
AE.V,D,20200725,000000,0.1576,0.1628,0.1551,0.1585,0,0
AE.V,D,20200726,000000,0.1585,0.1814,0.1543,0.1696,0,0
AE.V,D,20200727,000000,0.1691,0.1756,0.1568,0.1604,0,0
AE.V,D,20200728,000000,0.1604,0.1637,0.1566,0.1595,0,0
AE.V,D,20200729,000000,0.1595,0.164,0.1577,0.1617,0,0
