<TICKER>,<PER>,<DATE>,<TIME>,<OPEN>,<HIGH>,<LOW>,<CLOSE>,<VOL>,<OPENINT>
ARDR.V,D,20161013,000000,0.03235,0.04759,0.03235,0.03528,0,0
ARDR.V,D,20161014,000000,0.03541,0.05174,0.0169,0.01923,0,0
ARDR.V,D,20161015,000000,0.0192,0.02163,0.01465,0.01519,0,0
ARDR.V,D,20161016,000000,0.01527,0.01979,0.01479,0.01692,0,0
ARDR.V,D,20161017,000000,0.01685,0.01876,0.016,0.01876,0,0
ARDR.V,D,20161018,000000,0.0187,0.01913,0.01477,0.01533,0,0
ARDR.V,D,20161019,000000,0.01518,0.01761,0.01469,0.0171,0,0
ARDR.V,D,20161020,000000,0.01708,0.01729,0.01444,0.0149,0,0
ARDR.V,D,20161021,000000,0.01495,0.01578,0.01419,0.01425,0,0
ARDR.V,D,20161022,000000,0.01482,0.01526,0.01351,0.01357,0,0
ARDR.V,D,20161023,000000,0.01352,0.0139,0.01191,0.01234,0,0
ARDR.V,D,20161024,000000,0.01229,0.01458,0.0121,0.01365,0,0
ARDR.V,D,20161025,000000,0.01366,0.01449,0.01208,0.01243,0,0
ARDR.V,D,20161026,000000,0.01288,0.01359,0.01094,0.01179,0,0
ARDR.V,D,20161027,000000,0.01193,0.01256,0.01069,0.01148,0,0
ARDR.V,D,20161028,000000,0.01155,0.01159,0.00969,0.009999,0,0
ARDR.V,D,20161029,000000,0.01042,0.01076,0.008043,0.008837,0,0
ARDR.V,D,20161030,000000,0.008618,0.01098,0.007872,0.01012,0,0
ARDR.V,D,20161031,000000,0.01014,0.01074,0.008985,0.009355,0,0
ARDR.V,D,20161101,000000,0.009731,0.009978,0.008721,0.009215,0,0
ARDR.V,D,20161102,000000,0.009301,0.0135,0.009125,0.01138,0,0
ARDR.V,D,20161103,000000,0.01063,0.0111,0.009061,0.009965,0,0
ARDR.V,D,20161104,000000,0.01022,0.0116,0.009738,0.01149,0,0
ARDR.V,D,20161105,000000,0.01149,0.01156,0.01019,0.01066,0,0
ARDR.V,D,20161106,000000,0.01078,0.01177,0.01058,0.0109,0,0
ARDR.V,D,20161107,000000,0.01083,0.01096,0.009572,0.009777,0,0
ARDR.V,D,20161108,000000,0.009853,0.01021,0.009654,0.009846,0,0
ARDR.V,D,20161109,000000,0.009992,0.01019,0.00927,0.009912,0,0
ARDR.V,D,20161110,000000,0.009818,0.01023,0.009818,0.01013,0,0
ARDR.V,D,20161111,000000,0.01014,0.01066,0.00933,0.0102,0,0
ARDR.V,D,20161112,000000,0.01005,0.01133,0.009747,0.01042,0,0
ARDR.V,D,20161113,000000,0.01039,0.01136,0.009189,0.01005,0,0
ARDR.V,D,20161114,000000,0.01009,0.01093,0.01006,0.01052,0,0
ARDR.V,D,20161115,000000,0.01062,0.01081,0.009586,0.01008,0,0
ARDR.V,D,20161116,000000,0.01049,0.01065,0.008913,0.00892,0,0
ARDR.V,D,20161117,000000,0.008887,0.009603,0.008887,0.009286,0,0
ARDR.V,D,20161118,000000,0.009404,0.01048,0.009315,0.009464,0,0
ARDR.V,D,20161119,000000,0.009476,0.009752,0.009035,0.009349,0,0
ARDR.V,D,20161120,000000,0.009106,0.009529,0.008968,0.009216,0,0
ARDR.V,D,20161121,000000,0.009313,0.009666,0.009247,0.009247,0,0
ARDR.V,D,20161122,000000,0.009412,0.009614,0.009097,0.009389,0,0
ARDR.V,D,20161123,000000,0.009286,0.01037,0.008871,0.009723,0,0
ARDR.V,D,20161124,000000,0.009647,0.01088,0.008927,0.01001,0,0
ARDR.V,D,20161125,000000,0.01008,0.01008,0.009188,0.009781,0,0
ARDR.V,D,20161126,000000,0.009698,0.01092,0.009228,0.009522,0,0
ARDR.V,D,20161127,000000,0.009461,0.009789,0.009132,0.009439,0,0
ARDR.V,D,20161128,000000,0.009489,0.01024,0.009342,0.009562,0,0
ARDR.V,D,20161129,000000,0.009553,0.01004,0.009531,0.009999,0,0
ARDR.V,D,20161130,000000,0.01013,0.01073,0.009251,0.009816,0,0
ARDR.V,D,20161201,000000,0.00995,0.00995,0.009333,0.00934,0,0
ARDR.V,D,20161202,000000,0.009567,0.01006,0.008604,0.008812,0,0
ARDR.V,D,20161203,000000,0.008735,0.009576,0.008437,0.008888,0,0
ARDR.V,D,20161204,000000,0.008913,0.009496,0.008775,0.009434,0,0
ARDR.V,D,20161205,000000,0.009286,0.009399,0.008894,0.009248,0,0
ARDR.V,D,20161206,000000,0.009296,0.009622,0.008469,0.008644,0,0
ARDR.V,D,20161207,000000,0.008727,0.009554,0.008666,0.009187,0,0
ARDR.V,D,20161208,000000,0.009222,0.01026,0.009222,0.009775,0,0
ARDR.V,D,20161209,000000,0.009801,0.01064,0.009477,0.01036,0,0
ARDR.V,D,20161210,000000,0.01041,0.01046,0.01001,0.01019,0,0
ARDR.V,D,20161211,000000,0.01011,0.01136,0.009898,0.01074,0,0
ARDR.V,D,20161212,000000,0.01089,0.01109,0.01051,0.01077,0,0
ARDR.V,D,20161213,000000,0.01077,0.01079,0.009976,0.01052,0,0
ARDR.V,D,20161214,000000,0.01049,0.01086,0.01037,0.01063,0,0
ARDR.V,D,20161215,000000,0.01061,0.01061,0.01009,0.01022,0,0
ARDR.V,D,20161216,000000,0.01031,0.01048,0.01017,0.01024,0,0
ARDR.V,D,20161217,000000,0.0103,0.01044,0.009871,0.009903,0,0
ARDR.V,D,20161218,000000,0.009926,0.01027,0.009452,0.009949,0,0
ARDR.V,D,20161219,000000,0.009959,0.01034,0.009746,0.009849,0,0
ARDR.V,D,20161220,000000,0.009965,0.01059,0.009597,0.009669,0,0
ARDR.V,D,20161221,000000,0.01003,0.01052,0.009926,0.0101,0,0
ARDR.V,D,20161222,000000,0.01048,0.01074,0.01006,0.0104,0,0
ARDR.V,D,20161223,000000,0.01109,0.0111,0.009988,0.01032,0,0
ARDR.V,D,20161224,000000,0.01002,0.01219,0.009811,0.0108,0,0
ARDR.V,D,20161225,000000,0.0108,0.01186,0.01067,0.01081,0,0
ARDR.V,D,20161226,000000,0.0109,0.0113,0.01074,0.01075,0,0
ARDR.V,D,20161227,000000,0.01108,0.0113,0.009767,0.01061,0,0
ARDR.V,D,20161228,000000,0.01114,0.01161,0.00907,0.009829,0,0
ARDR.V,D,20161229,000000,0.009818,0.01142,0.009711,0.01076,0,0
ARDR.V,D,20161230,000000,0.01063,0.01074,0.009859,0.01018,0,0
ARDR.V,D,20161231,000000,0.01022,0.01045,0.0092,0.01006,0,0
ARDR.V,D,20170101,000000,0.01039,0.01139,0.009835,0.01026,0,0
ARDR.V,D,20170102,000000,0.01049,0.0107,0.009998,0.01027,0,0
ARDR.V,D,20170103,000000,0.01044,0.01061,0.01002,0.01037,0,0
ARDR.V,D,20170104,000000,0.0114,0.01204,0.01118,0.01174,0,0
ARDR.V,D,20170105,000000,0.01023,0.01123,0.01,0.01041,0,0
ARDR.V,D,20170106,000000,0.009322,0.01009,0.009083,0.009819,0,0
ARDR.V,D,20170107,000000,0.009849,0.0122,0.009831,0.01102,0,0
ARDR.V,D,20170108,000000,0.01117,0.0115,0.01033,0.01109,0,0
ARDR.V,D,20170109,000000,0.01108,0.01202,0.01108,0.01202,0,0
ARDR.V,D,20170110,000000,0.01208,0.01208,0.0114,0.0114,0,0
ARDR.V,D,20170111,000000,0.009904,0.01036,0.009394,0.009637,0,0
ARDR.V,D,20170112,000000,0.00994,0.01088,0.009924,0.01028,0,0
ARDR.V,D,20170113,000000,0.01047,0.01069,0.01023,0.01055,0,0
ARDR.V,D,20170114,000000,0.01048,0.0107,0.01034,0.01068,0,0
ARDR.V,D,20170115,000000,0.0107,0.01489,0.01052,0.01348,0,0
ARDR.V,D,20170116,000000,0.01358,0.01465,0.01151,0.01254,0,0
ARDR.V,D,20170117,000000,0.01364,0.01385,0.01225,0.01268,0,0
ARDR.V,D,20170118,000000,0.01229,0.01413,0.01214,0.01384,0,0
ARDR.V,D,20170119,000000,0.01421,0.01516,0.01347,0.01435,0,0
ARDR.V,D,20170120,000000,0.01431,0.01494,0.0134,0.01345,0,0
ARDR.V,D,20170121,000000,0.01385,0.01429,0.01321,0.0139,0,0
ARDR.V,D,20170122,000000,0.01388,0.01605,0.01359,0.01555,0,0
ARDR.V,D,20170123,000000,0.01559,0.01819,0.01462,0.01705,0,0
ARDR.V,D,20170124,000000,0.01653,0.01854,0.01567,0.0182,0,0
ARDR.V,D,20170125,000000,0.01821,0.02324,0.01735,0.01903,0,0
ARDR.V,D,20170126,000000,0.01948,0.02213,0.01791,0.01889,0,0
ARDR.V,D,20170127,000000,0.01894,0.01995,0.01705,0.01712,0,0
ARDR.V,D,20170128,000000,0.01713,0.01944,0.01674,0.01779,0,0
ARDR.V,D,20170129,000000,0.01771,0.02094,0.01746,0.02052,0,0
ARDR.V,D,20170130,000000,0.02066,0.0209,0.01892,0.01936,0,0
ARDR.V,D,20170131,000000,0.0203,0.02064,0.01852,0.01894,0,0
ARDR.V,D,20170201,000000,0.01928,0.01937,0.01848,0.01911,0,0
ARDR.V,D,20170202,000000,0.01953,0.01956,0.0177,0.01906,0,0
ARDR.V,D,20170203,000000,0.01923,0.01983,0.01822,0.01922,0,0
ARDR.V,D,20170204,000000,0.01957,0.02027,0.01723,0.0179,0,0
ARDR.V,D,20170205,000000,0.01763,0.01879,0.01601,0.01879,0,0
ARDR.V,D,20170206,000000,0.01895,0.02345,0.01817,0.02162,0,0
ARDR.V,D,20170207,000000,0.02215,0.02339,0.0195,0.02073,0,0
ARDR.V,D,20170208,000000,0.02085,0.0209,0.01871,0.02005,0,0
ARDR.V,D,20170209,000000,0.0186,0.01873,0.01742,0.01812,0,0
ARDR.V,D,20170210,000000,0.01847,0.02099,0.01831,0.0196,0,0
ARDR.V,D,20170211,000000,0.01981,0.02237,0.01937,0.01995,0,0
ARDR.V,D,20170212,000000,0.01972,0.01982,0.01824,0.01887,0,0
ARDR.V,D,20170213,000000,0.01885,0.01952,0.01821,0.01832,0,0
ARDR.V,D,20170214,000000,0.01856,0.01901,0.01654,0.01807,0,0
ARDR.V,D,20170215,000000,0.01807,0.01816,0.01646,0.01742,0,0
ARDR.V,D,20170216,000000,0.01783,0.01856,0.01574,0.01617,0,0
ARDR.V,D,20170217,000000,0.01644,0.01711,0.01576,0.01654,0,0
ARDR.V,D,20170218,000000,0.01658,0.01667,0.01487,0.01541,0,0
ARDR.V,D,20170219,000000,0.01536,0.01615,0.01475,0.01593,0,0
ARDR.V,D,20170220,000000,0.01637,0.01648,0.01523,0.01533,0,0
ARDR.V,D,20170221,000000,0.01592,0.01677,0.01399,0.01441,0,0
ARDR.V,D,20170222,000000,0.01443,0.01531,0.01419,0.01435,0,0
ARDR.V,D,20170223,000000,0.01501,0.01557,0.01499,0.01518,0,0
ARDR.V,D,20170224,000000,0.01524,0.01566,0.01482,0.01531,0,0
ARDR.V,D,20170225,000000,0.01495,0.01655,0.01455,0.01644,0,0
ARDR.V,D,20170226,000000,0.01677,0.01787,0.01653,0.01654,0,0
ARDR.V,D,20170227,000000,0.01679,0.0168,0.01545,0.0155,0,0
ARDR.V,D,20170228,000000,0.01551,0.01604,0.01545,0.01569,0,0
ARDR.V,D,20170301,000000,0.01613,0.01613,0.01411,0.01432,0,0
ARDR.V,D,20170302,000000,0.0147,0.01576,0.01348,0.01425,0,0
ARDR.V,D,20170303,000000,0.01457,0.01492,0.01385,0.01458,0,0
ARDR.V,D,20170304,000000,0.01436,0.01606,0.01412,0.01574,0,0
ARDR.V,D,20170305,000000,0.01583,0.01757,0.01562,0.016,0,0
ARDR.V,D,20170306,000000,0.01608,0.01762,0.0158,0.01709,0,0
ARDR.V,D,20170307,000000,0.01649,0.01813,0.01579,0.01715,0,0
ARDR.V,D,20170308,000000,0.01595,0.01647,0.01538,0.01586,0,0
ARDR.V,D,20170309,000000,0.01648,0.01657,0.01472,0.01525,0,0
ARDR.V,D,20170310,000000,0.01424,0.01501,0.01263,0.01448,0,0
ARDR.V,D,20170311,000000,0.01535,0.01679,0.01498,0.01608,0,0
ARDR.V,D,20170312,000000,0.01671,0.01762,0.01533,0.01615,0,0
ARDR.V,D,20170313,000000,0.01632,0.0182,0.01611,0.01819,0,0
ARDR.V,D,20170314,000000,0.01826,0.01897,0.01713,0.01776,0,0
ARDR.V,D,20170315,000000,0.01791,0.01997,0.01756,0.01896,0,0
ARDR.V,D,20170316,000000,0.01775,0.01999,0.01668,0.01962,0,0
ARDR.V,D,20170317,000000,0.01793,0.01827,0.01565,0.01647,0,0
ARDR.V,D,20170318,000000,0.01493,0.01649,0.01457,0.01503,0,0
ARDR.V,D,20170319,000000,0.01582,0.01792,0.01554,0.01646,0,0
ARDR.V,D,20170320,000000,0.01686,0.01943,0.01684,0.01918,0,0
ARDR.V,D,20170321,000000,0.02053,0.02337,0.01867,0.02265,0,0
ARDR.V,D,20170322,000000,0.0211,0.0217,0.01966,0.02127,0,0
ARDR.V,D,20170323,000000,0.02107,0.02112,0.01806,0.01996,0,0
ARDR.V,D,20170324,000000,0.01812,0.01914,0.01789,0.01849,0,0
ARDR.V,D,20170325,000000,0.01902,0.02013,0.01878,0.01969,0,0
ARDR.V,D,20170326,000000,0.01976,0.02299,0.01931,0.02146,0,0
ARDR.V,D,20170327,000000,0.02314,0.02575,0.02036,0.02099,0,0
ARDR.V,D,20170328,000000,0.02097,0.02215,0.01807,0.0214,0,0
ARDR.V,D,20170329,000000,0.02135,0.02231,0.01969,0.02175,0,0
ARDR.V,D,20170330,000000,0.02167,0.0226,0.01978,0.02049,0,0
ARDR.V,D,20170331,000000,0.0213,0.02376,0.0205,0.02199,0,0
ARDR.V,D,20170401,000000,0.02214,0.02298,0.02085,0.0228,0,0
ARDR.V,D,20170402,000000,0.02303,0.02363,0.02194,0.02362,0,0
ARDR.V,D,20170403,000000,0.0247,0.0283,0.02249,0.02249,0,0
ARDR.V,D,20170404,000000,0.02238,0.02398,0.0206,0.02312,0,0
ARDR.V,D,20170405,000000,0.02288,0.02435,0.02146,0.02204,0,0
ARDR.V,D,20170406,000000,0.02319,0.02448,0.02007,0.02118,0,0
ARDR.V,D,20170407,000000,0.02121,0.02201,0.01908,0.01954,0,0
ARDR.V,D,20170408,000000,0.01938,0.02222,0.01926,0.02116,0,0
ARDR.V,D,20170409,000000,0.02158,0.02263,0.01916,0.01955,0,0
ARDR.V,D,20170410,000000,0.01958,0.02117,0.0195,0.02042,0,0
ARDR.V,D,20170411,000000,0.02065,0.02489,0.02033,0.02255,0,0
ARDR.V,D,20170412,000000,0.0224,0.02386,0.0218,0.02374,0,0
ARDR.V,D,20170413,000000,0.02303,0.0245,0.0225,0.02414,0,0
ARDR.V,D,20170414,000000,0.02416,0.02417,0.02283,0.02349,0,0
ARDR.V,D,20170415,000000,0.02348,0.02501,0.02293,0.02476,0,0
ARDR.V,D,20170416,000000,0.02476,0.02695,0.02424,0.02561,0,0
ARDR.V,D,20170417,000000,0.02598,0.02679,0.02355,0.02542,0,0
ARDR.V,D,20170418,000000,0.02568,0.03437,0.0248,0.03021,0,0
ARDR.V,D,20170419,000000,0.03044,0.03473,0.02929,0.0322,0,0
ARDR.V,D,20170420,000000,0.03281,0.03389,0.02788,0.03007,0,0
ARDR.V,D,20170421,000000,0.03035,0.03073,0.02769,0.02919,0,0
ARDR.V,D,20170422,000000,0.02899,0.03273,0.02861,0.03077,0,0
ARDR.V,D,20170423,000000,0.03098,0.03198,0.03048,0.03118,0,0
ARDR.V,D,20170424,000000,0.03115,0.03492,0.03104,0.03491,0,0
ARDR.V,D,20170425,000000,0.03536,0.04179,0.03511,0.0388,0,0
ARDR.V,D,20170426,000000,0.03949,0.04642,0.03949,0.04314,0,0
ARDR.V,D,20170427,000000,0.04469,0.04719,0.04183,0.04389,0,0
ARDR.V,D,20170428,000000,0.04378,0.0461,0.04257,0.04525,0,0
ARDR.V,D,20170429,000000,0.04547,0.0511,0.04414,0.05019,0,0
ARDR.V,D,20170430,000000,0.05078,0.05341,0.04913,0.05055,0,0
ARDR.V,D,20170501,000000,0.05294,0.05608,0.04078,0.0458,0,0
ARDR.V,D,20170502,000000,0.04678,0.04774,0.03903,0.04563,0,0
ARDR.V,D,20170503,000000,0.04688,0.05306,0.04457,0.04956,0,0
ARDR.V,D,20170504,000000,0.0506,0.05366,0.0498,0.05017,0,0
ARDR.V,D,20170505,000000,0.04988,0.06744,0.04985,0.05717,0,0
ARDR.V,D,20170506,000000,0.0586,0.06788,0.05597,0.06512,0,0
ARDR.V,D,20170507,000000,0.0655,0.0699,0.05991,0.06126,0,0
ARDR.V,D,20170508,000000,0.0656,0.06931,0.06408,0.06656,0,0
ARDR.V,D,20170509,000000,0.06788,0.07004,0.05408,0.06138,0,0
ARDR.V,D,20170510,000000,0.06336,0.0685,0.06179,0.06394,0,0
ARDR.V,D,20170511,000000,0.06639,0.0664,0.06069,0.06197,0,0
ARDR.V,D,20170512,000000,0.05744,0.06155,0.05634,0.0599,0,0
ARDR.V,D,20170513,000000,0.06265,0.07706,0.06138,0.07429,0,0
ARDR.V,D,20170514,000000,0.07466,0.1019,0.0742,0.08804,0,0
ARDR.V,D,20170515,000000,0.08488,0.09129,0.07688,0.08194,0,0
ARDR.V,D,20170516,000000,0.08292,0.09351,0.08017,0.08059,0,0
ARDR.V,D,20170517,000000,0.08394,0.0919,0.08068,0.08477,0,0
ARDR.V,D,20170518,000000,0.08852,0.1223,0.08846,0.1181,0,0
ARDR.V,D,20170519,000000,0.1232,0.1464,0.12,0.1255,0,0
ARDR.V,D,20170520,000000,0.1305,0.1423,0.1266,0.1294,0,0
ARDR.V,D,20170521,000000,0.1297,0.136,0.127,0.1329,0,0
ARDR.V,D,20170522,000000,0.1381,0.1432,0.1181,0.1279,0,0
ARDR.V,D,20170523,000000,0.1368,0.1592,0.1241,0.1475,0,0
ARDR.V,D,20170524,000000,0.1587,0.1687,0.1467,0.1505,0,0
ARDR.V,D,20170525,000000,0.142,0.143,0.1112,0.1235,0,0
ARDR.V,D,20170526,000000,0.1202,0.1377,0.09931,0.1082,0,0
ARDR.V,D,20170527,000000,0.09759,0.09835,0.06779,0.08953,0,0
ARDR.V,D,20170528,000000,0.09209,0.1068,0.08364,0.09214,0,0
ARDR.V,D,20170529,000000,0.09589,0.1134,0.09181,0.1032,0,0
ARDR.V,D,20170530,000000,0.09932,0.1027,0.07795,0.09237,0,0
ARDR.V,D,20170531,000000,0.09704,0.1034,0.09319,0.1001,0,0
ARDR.V,D,20170601,000000,0.1049,0.1249,0.1036,0.1232,0,0
ARDR.V,D,20170602,000000,0.1273,0.1434,0.1263,0.1386,0,0
ARDR.V,D,20170603,000000,0.1416,0.1427,0.1274,0.1385,0,0
ARDR.V,D,20170604,000000,0.1374,0.1387,0.1333,0.1362,0,0
ARDR.V,D,20170605,000000,0.146,0.1669,0.1431,0.1636,0,0
ARDR.V,D,20170606,000000,0.1736,0.1737,0.1388,0.1527,0,0
ARDR.V,D,20170607,000000,0.1432,0.1595,0.1388,0.1388,0,0
ARDR.V,D,20170608,000000,0.1444,0.1544,0.1397,0.154,0,0
ARDR.V,D,20170609,000000,0.1547,0.1877,0.1533,0.1829,0,0
ARDR.V,D,20170610,000000,0.1887,0.1999,0.1701,0.1742,0,0
ARDR.V,D,20170611,000000,0.1786,0.1863,0.1614,0.1814,0,0
ARDR.V,D,20170612,000000,0.1621,0.1806,0.1547,0.1766,0,0
ARDR.V,D,20170613,000000,0.1803,0.2233,0.179,0.1999,0,0
ARDR.V,D,20170614,000000,0.1818,0.2382,0.1818,0.2191,0,0
ARDR.V,D,20170615,000000,0.2169,0.2662,0.1953,0.2184,0,0
ARDR.V,D,20170616,000000,0.2243,0.2349,0.2076,0.2121,0,0
ARDR.V,D,20170617,000000,0.2245,0.2263,0.1998,0.2058,0,0
ARDR.V,D,20170618,000000,0.1968,0.2181,0.1962,0.217,0,0
ARDR.V,D,20170619,000000,0.2236,0.3227,0.221,0.291,0,0
ARDR.V,D,20170620,000000,0.3063,0.3333,0.2655,0.2845,0,0
ARDR.V,D,20170621,000000,0.2766,0.3122,0.271,0.2737,0,0
ARDR.V,D,20170622,000000,0.2783,0.2867,0.2626,0.2794,0,0
ARDR.V,D,20170623,000000,0.2781,0.2803,0.2539,0.2688,0,0
ARDR.V,D,20170624,000000,0.2569,0.2642,0.2489,0.2519,0,0
ARDR.V,D,20170625,000000,0.2472,0.2844,0.2374,0.2501,0,0
ARDR.V,D,20170626,000000,0.2407,0.2585,0.199,0.2249,0,0
ARDR.V,D,20170627,000000,0.2376,0.2387,0.2035,0.2209,0,0
ARDR.V,D,20170628,000000,0.2204,0.2323,0.2129,0.2306,0,0
ARDR.V,D,20170629,000000,0.2289,0.2359,0.207,0.214,0,0
ARDR.V,D,20170630,000000,0.2075,0.2228,0.1997,0.2134,0,0
ARDR.V,D,20170701,000000,0.2086,0.2107,0.1837,0.1841,0,0
ARDR.V,D,20170702,000000,0.1926,0.1952,0.1771,0.1903,0,0
ARDR.V,D,20170703,000000,0.193,0.1994,0.182,0.1952,0,0
ARDR.V,D,20170704,000000,0.1986,0.21,0.1905,0.1919,0,0
ARDR.V,D,20170705,000000,0.1927,0.1929,0.1795,0.1822,0,0
ARDR.V,D,20170706,000000,0.1812,0.1819,0.1591,0.1673,0,0
ARDR.V,D,20170707,000000,0.1609,0.1617,0.1304,0.1333,0,0
ARDR.V,D,20170708,000000,0.136,0.1566,0.1222,0.1535,0,0
ARDR.V,D,20170709,000000,0.1503,0.1587,0.1314,0.1362,0,0
ARDR.V,D,20170710,000000,0.1271,0.1294,0.1023,0.1027,0,0
ARDR.V,D,20170711,000000,0.1018,0.1082,0.09069,0.09404,0,0
ARDR.V,D,20170712,000000,0.09723,0.1165,0.09391,0.1106,0,0
ARDR.V,D,20170713,000000,0.1088,0.1138,0.0944,0.1039,0,0
ARDR.V,D,20170714,000000,0.09826,0.09837,0.08928,0.09211,0,0
ARDR.V,D,20170715,000000,0.08143,0.08212,0.07373,0.07572,0,0
ARDR.V,D,20170716,000000,0.07339,0.07469,0.06828,0.07283,0,0
ARDR.V,D,20170717,000000,0.08498,0.1012,0.08286,0.09295,0,0
ARDR.V,D,20170718,000000,0.09657,0.104,0.09119,0.0997,0,0
ARDR.V,D,20170719,000000,0.09808,0.1092,0.09231,0.1016,0,0
ARDR.V,D,20170720,000000,0.1276,0.1397,0.1228,0.1297,0,0
ARDR.V,D,20170721,000000,0.121,0.1377,0.1193,0.1288,0,0
ARDR.V,D,20170722,000000,0.1366,0.1704,0.1354,0.1692,0,0
ARDR.V,D,20170723,000000,0.1645,0.1651,0.14,0.1484,0,0
ARDR.V,D,20170724,000000,0.1487,0.1489,0.1347,0.1382,0,0
ARDR.V,D,20170725,000000,0.1292,0.1304,0.1085,0.1109,0,0
ARDR.V,D,20170726,000000,0.1099,0.1178,0.103,0.1139,0,0
ARDR.V,D,20170727,000000,0.1198,0.1222,0.1145,0.1164,0,0
ARDR.V,D,20170728,000000,0.1213,0.1225,0.1041,0.1061,0,0
ARDR.V,D,20170729,000000,0.1033,0.1094,0.09821,0.1091,0,0
ARDR.V,D,20170730,000000,0.1104,0.1164,0.1056,0.1065,0,0
ARDR.V,D,20170731,000000,0.111,0.1119,0.1035,0.1091,0,0
ARDR.V,D,20170801,000000,0.1039,0.1377,0.1007,0.1332,0,0
ARDR.V,D,20170802,000000,0.1319,0.1612,0.1318,0.1501,0,0
ARDR.V,D,20170803,000000,0.1551,0.1578,0.1424,0.1462,0,0
ARDR.V,D,20170804,000000,0.1498,0.16,0.1389,0.1408,0,0
ARDR.V,D,20170805,000000,0.1596,0.1627,0.1408,0.1426,0,0
ARDR.V,D,20170806,000000,0.1412,0.1497,0.135,0.1359,0,0
ARDR.V,D,20170807,000000,0.1431,0.1551,0.1355,0.15,0,0
ARDR.V,D,20170808,000000,0.1512,0.1532,0.1366,0.1395,0,0
ARDR.V,D,20170809,000000,0.1362,0.1457,0.1362,0.1427,0,0
ARDR.V,D,20170810,000000,0.146,0.1473,0.1371,0.1382,0,0
ARDR.V,D,20170811,000000,0.1474,0.149,0.1371,0.1409,0,0
ARDR.V,D,20170812,000000,0.1493,0.1605,0.1354,0.1383,0,0
ARDR.V,D,20170813,000000,0.1451,0.1476,0.1307,0.1391,0,0
ARDR.V,D,20170814,000000,0.1481,0.1671,0.1301,0.1331,0,0
ARDR.V,D,20170815,000000,0.128,0.1515,0.1174,0.1296,0,0
ARDR.V,D,20170816,000000,0.1366,0.1542,0.1273,0.1289,0,0
ARDR.V,D,20170817,000000,0.1258,0.13,0.116,0.1199,0,0
ARDR.V,D,20170818,000000,0.115,0.1186,0.1111,0.1126,0,0
ARDR.V,D,20170819,000000,0.1138,0.1344,0.1119,0.1265,0,0
ARDR.V,D,20170820,000000,0.124,0.1416,0.1216,0.1376,0,0
ARDR.V,D,20170821,000000,0.1355,0.145,0.1282,0.1343,0,0
ARDR.V,D,20170822,000000,0.1372,0.1393,0.1308,0.1312,0,0
ARDR.V,D,20170823,000000,0.1328,0.157,0.1325,0.1378,0,0
ARDR.V,D,20170824,000000,0.1437,0.1489,0.1377,0.1394,0,0
ARDR.V,D,20170825,000000,0.1409,0.1418,0.1265,0.131,0,0
ARDR.V,D,20170826,000000,0.1306,0.1442,0.128,0.1422,0,0
ARDR.V,D,20170827,000000,0.142,0.1507,0.1348,0.1418,0,0
ARDR.V,D,20170828,000000,0.1433,0.1544,0.1379,0.1491,0,0
ARDR.V,D,20170829,000000,0.1561,0.1588,0.1375,0.14,0,0
ARDR.V,D,20170830,000000,0.1396,0.1427,0.1374,0.1414,0,0
ARDR.V,D,20170831,000000,0.1461,0.1484,0.14,0.1427,0,0
ARDR.V,D,20170901,000000,0.1483,0.1514,0.1455,0.1503,0,0
ARDR.V,D,20170902,000000,0.1396,0.1459,0.1365,0.1408,0,0
ARDR.V,D,20170903,000000,0.142,0.1489,0.1405,0.144,0,0
ARDR.V,D,20170904,000000,0.1332,0.1346,0.1175,0.1245,0,0
ARDR.V,D,20170905,000000,0.1286,0.1381,0.1217,0.1347,0,0
ARDR.V,D,20170906,000000,0.1411,0.1571,0.1353,0.1515,0,0
ARDR.V,D,20170907,000000,0.1521,0.1749,0.1433,0.1603,0,0
ARDR.V,D,20170908,000000,0.1497,0.184,0.1403,0.1501,0,0
ARDR.V,D,20170909,000000,0.1504,0.1516,0.1384,0.1415,0,0
ARDR.V,D,20170910,000000,0.1386,0.1405,0.1285,0.1377,0,0
ARDR.V,D,20170911,000000,0.1367,0.1421,0.1331,0.1395,0,0
ARDR.V,D,20170912,000000,0.1375,0.1396,0.1266,0.1308,0,0
ARDR.V,D,20170913,000000,0.1217,0.1228,0.1127,0.1188,0,0
ARDR.V,D,20170914,000000,0.09953,0.1126,0.09256,0.1081,0,0
ARDR.V,D,20170915,000000,0.1238,0.1281,0.107,0.1253,0,0
ARDR.V,D,20170916,000000,0.1248,0.1257,0.1127,0.1151,0,0
ARDR.V,D,20170917,000000,0.1149,0.1222,0.1123,0.1137,0,0
ARDR.V,D,20170918,000000,0.1264,0.1367,0.1257,0.1297,0,0
ARDR.V,D,20170919,000000,0.1236,0.1244,0.1178,0.1186,0,0
ARDR.V,D,20170920,000000,0.1178,0.1258,0.1176,0.1207,0,0
ARDR.V,D,20170921,000000,0.1125,0.1251,0.1113,0.1201,0,0
ARDR.V,D,20170922,000000,0.1195,0.1265,0.1163,0.1233,0,0
ARDR.V,D,20170923,000000,0.1297,0.1297,0.1194,0.1229,0,0
ARDR.V,D,20170924,000000,0.119,0.1207,0.1161,0.1177,0,0
ARDR.V,D,20170925,000000,0.1262,0.1417,0.1258,0.1395,0,0
ARDR.V,D,20170926,000000,0.138,0.1452,0.1342,0.1379,0,0
ARDR.V,D,20170927,000000,0.1492,0.1984,0.1459,0.1875,0,0
ARDR.V,D,20170928,000000,0.1868,0.195,0.1624,0.1784,0,0
ARDR.V,D,20170929,000000,0.1775,0.1841,0.1647,0.1786,0,0
ARDR.V,D,20170930,000000,0.1866,0.2251,0.1837,0.2245,0,0
ARDR.V,D,20171001,000000,0.2267,0.2297,0.2095,0.2105,0,0
ARDR.V,D,20171002,000000,0.2104,0.2122,0.1973,0.2007,0,0
ARDR.V,D,20171003,000000,0.1967,0.1988,0.1727,0.1853,0,0
ARDR.V,D,20171004,000000,0.1811,0.1833,0.1688,0.1707,0,0
ARDR.V,D,20171005,000000,0.1749,0.1981,0.1722,0.1948,0,0
ARDR.V,D,20171006,000000,0.197,0.2109,0.1805,0.1949,0,0
ARDR.V,D,20171007,000000,0.1978,0.2086,0.1853,0.2034,0,0
ARDR.V,D,20171008,000000,0.2114,0.2118,0.1705,0.1736,0,0
ARDR.V,D,20171009,000000,0.1799,0.1939,0.1688,0.1852,0,0
ARDR.V,D,20171010,000000,0.1847,0.2146,0.1816,0.203,0,0
ARDR.V,D,20171011,000000,0.2056,0.2116,0.1944,0.2058,0,0
ARDR.V,D,20171012,000000,0.2318,0.2356,0.2182,0.22,0,0
ARDR.V,D,20171013,000000,0.2283,0.2295,0.1994,0.2253,0,0
ARDR.V,D,20171014,000000,0.2328,0.2884,0.2291,0.2516,0,0
ARDR.V,D,20171015,000000,0.2457,0.2669,0.2405,0.2605,0,0
ARDR.V,D,20171016,000000,0.2637,0.2737,0.2469,0.2514,0,0
ARDR.V,D,20171017,000000,0.2444,0.2504,0.2347,0.245,0,0
ARDR.V,D,20171018,000000,0.244,0.2448,0.2278,0.2296,0,0
ARDR.V,D,20171019,000000,0.2347,0.2362,0.2197,0.2205,0,0
ARDR.V,D,20171020,000000,0.2319,0.2354,0.21,0.2205,0,0
ARDR.V,D,20171021,000000,0.2215,0.2215,0.1842,0.2018,0,0
ARDR.V,D,20171022,000000,0.201,0.2164,0.1989,0.2058,0,0
ARDR.V,D,20171023,000000,0.2028,0.2066,0.1954,0.1962,0,0
ARDR.V,D,20171024,000000,0.1833,0.2229,0.1833,0.2142,0,0
ARDR.V,D,20171025,000000,0.2226,0.2266,0.1992,0.2029,0,0
ARDR.V,D,20171026,000000,0.2083,0.211,0.1871,0.1929,0,0
ARDR.V,D,20171027,000000,0.1888,0.2025,0.187,0.1996,0,0
ARDR.V,D,20171028,000000,0.1981,0.2011,0.1904,0.1905,0,0
ARDR.V,D,20171029,000000,0.2045,0.2074,0.1906,0.2001,0,0
ARDR.V,D,20171030,000000,0.1993,0.2071,0.1935,0.1978,0,0
ARDR.V,D,20171031,000000,0.2083,0.2133,0.2006,0.2006,0,0
ARDR.V,D,20171101,000000,0.2095,0.2263,0.206,0.206,0,0
ARDR.V,D,20171102,000000,0.2147,0.2661,0.1782,0.2454,0,0
ARDR.V,D,20171103,000000,0.252,0.2523,0.1864,0.213,0,0
ARDR.V,D,20171104,000000,0.2193,0.2242,0.1985,0.1996,0,0
ARDR.V,D,20171105,000000,0.2003,0.2045,0.1899,0.1994,0,0
ARDR.V,D,20171106,000000,0.1878,0.1988,0.1851,0.196,0,0
ARDR.V,D,20171107,000000,0.1973,0.2107,0.1967,0.2048,0,0
ARDR.V,D,20171108,000000,0.2148,0.2399,0.1997,0.2335,0,0
ARDR.V,D,20171109,000000,0.2209,0.2494,0.211,0.2403,0,0
ARDR.V,D,20171110,000000,0.2213,0.2341,0.2044,0.2147,0,0
ARDR.V,D,20171111,000000,0.2073,0.227,0.2059,0.2179,0,0
ARDR.V,D,20171112,000000,0.202,0.2049,0.1797,0.1929,0,0
ARDR.V,D,20171113,000000,0.214,0.2223,0.2042,0.2063,0,0
ARDR.V,D,20171114,000000,0.2087,0.2309,0.2058,0.224,0,0
ARDR.V,D,20171115,000000,0.2473,0.2475,0.2276,0.2302,0,0
ARDR.V,D,20171116,000000,0.2483,0.2542,0.2289,0.229,0,0
ARDR.V,D,20171117,000000,0.2246,0.2355,0.2239,0.2271,0,0
ARDR.V,D,20171118,000000,0.2287,0.2388,0.2203,0.237,0,0
ARDR.V,D,20171119,000000,0.245,0.2587,0.2366,0.2422,0,0
ARDR.V,D,20171120,000000,0.2482,0.2713,0.2424,0.2642,0,0
ARDR.V,D,20171121,000000,0.2595,0.2906,0.2527,0.2674,0,0
ARDR.V,D,20171122,000000,0.2715,0.335,0.2666,0.2979,0,0
ARDR.V,D,20171123,000000,0.2882,0.2901,0.2622,0.2784,0,0
ARDR.V,D,20171124,000000,0.2849,0.2849,0.2505,0.2639,0,0
ARDR.V,D,20171125,000000,0.2817,0.2987,0.2761,0.2788,0,0
ARDR.V,D,20171126,000000,0.2968,0.3305,0.2803,0.3295,0,0
ARDR.V,D,20171127,000000,0.3442,0.3854,0.3228,0.3443,0,0
ARDR.V,D,20171128,000000,0.3493,0.3834,0.3111,0.3628,0,0
ARDR.V,D,20171129,000000,0.3604,0.3685,0.3012,0.3012,0,0
ARDR.V,D,20171130,000000,0.3046,0.3317,0.2871,0.3028,0,0
ARDR.V,D,20171201,000000,0.3324,0.3634,0.3205,0.3488,0,0
ARDR.V,D,20171202,000000,0.3491,0.4395,0.3467,0.4308,0,0
ARDR.V,D,20171203,000000,0.4473,0.5231,0.4212,0.4759,0,0
ARDR.V,D,20171204,000000,0.4919,0.5912,0.4784,0.5757,0,0
ARDR.V,D,20171205,000000,0.5713,0.6464,0.5576,0.5673,0,0
ARDR.V,D,20171206,000000,0.6685,0.6707,0.4873,0.5087,0,0
ARDR.V,D,20171207,000000,0.6243,0.6487,0.5158,0.5343,0,0
ARDR.V,D,20171208,000000,0.5089,0.6304,0.4662,0.5583,0,0
ARDR.V,D,20171209,000000,0.5134,0.5853,0.4993,0.544,0,0
ARDR.V,D,20171210,000000,0.5531,0.5611,0.4676,0.4861,0,0
ARDR.V,D,20171211,000000,0.5401,0.6345,0.5401,0.6156,0,0
ARDR.V,D,20171212,000000,0.6282,1.05,0.6048,1.02,0,0
ARDR.V,D,20171213,000000,0.9754,1.02,0.8329,0.9738,0,0
ARDR.V,D,20171214,000000,0.9838,1.01,0.8766,0.9135,0,0
ARDR.V,D,20171215,000000,0.9771,0.9799,0.7898,0.8876,0,0
ARDR.V,D,20171216,000000,0.9754,1.09,0.8924,0.9278,0,0
ARDR.V,D,20171217,000000,0.9117,1.03,0.8848,0.9655,0,0
ARDR.V,D,20171218,000000,0.9608,1.19,0.9549,1.13,0,0
ARDR.V,D,20171219,000000,1.04,1.14,1.02,1.09,0,0
ARDR.V,D,20171220,000000,1.03,1.17,0.9596,1.14,0,0
ARDR.V,D,20171221,000000,1.08,1.27,1.07,1.25,0,0
ARDR.V,D,20171222,000000,1.09,1.14,0.8893,1.07,0,0
ARDR.V,D,20171223,000000,1.13,1.69,1.09,1.57,0,0
ARDR.V,D,20171224,000000,1.51,1.78,1.42,1.7,0,0
ARDR.V,D,20171225,000000,1.7,1.71,1.58,1.7,0,0
ARDR.V,D,20171226,000000,1.95,1.95,1.48,1.64,0,0
ARDR.V,D,20171227,000000,1.61,1.74,1.4,1.61,0,0
ARDR.V,D,20171228,000000,1.5,1.82,1.25,1.76,0,0
ARDR.V,D,20171229,000000,1.76,1.78,1.57,1.65,0,0
ARDR.V,D,20171230,000000,1.43,1.62,1.2,1.6,0,0
ARDR.V,D,20171231,000000,1.76,2.11,1.62,1.97,0,0
ARDR.V,D,20180101,000000,1.9,1.9,1.63,1.71,0,0
ARDR.V,D,20180102,000000,1.87,3.39,1.86,2.86,0,0
ARDR.V,D,20180103,000000,2.95,3.04,2.12,2.59,0,0
ARDR.V,D,20180104,000000,2.57,2.88,1.76,1.78,0,0
ARDR.V,D,20180105,000000,1.99,2.43,1.46,1.52,0,0
ARDR.V,D,20180106,000000,1.54,1.86,1.5,1.69,0,0
ARDR.V,D,20180107,000000,1.6,1.99,1.57,1.81,0,0
ARDR.V,D,20180108,000000,1.67,1.69,1.47,1.55,0,0
ARDR.V,D,20180109,000000,1.5,1.64,1.49,1.52,0,0
ARDR.V,D,20180110,000000,1.57,1.68,1.48,1.58,0,0
ARDR.V,D,20180111,000000,1.41,1.43,1.27,1.32,0,0
ARDR.V,D,20180112,000000,1.37,1.5,1.31,1.49,0,0
ARDR.V,D,20180113,000000,1.53,2.53,1.53,2.17,0,0
ARDR.V,D,20180114,000000,2.08,2.18,1.83,1.96,0,0
ARDR.V,D,20180115,000000,1.96,2.23,1.77,1.97,0,0
ARDR.V,D,20180116,000000,1.64,2.07,1.35,1.37,0,0
ARDR.V,D,20180117,000000,1.35,2.02,1.2,1.71,0,0
ARDR.V,D,20180118,000000,1.71,1.73,1.37,1.45,0,0
ARDR.V,D,20180119,000000,1.5,1.51,1.33,1.41,0,0
ARDR.V,D,20180120,000000,1.57,1.57,1.4,1.42,0,0
ARDR.V,D,20180121,000000,1.28,1.3,1.03,1.11,0,0
ARDR.V,D,20180122,000000,1.04,1.2,0.8971,1.03,0,0
ARDR.V,D,20180123,000000,1.03,1.11,0.9919,1.08,0,0
ARDR.V,D,20180124,000000,1.13,1.13,1.05,1.12,0,0
ARDR.V,D,20180125,000000,1.1,1.12,1,1.07,0,0
ARDR.V,D,20180126,000000,1,1.02,0.8896,0.9262,0,0
ARDR.V,D,20180127,000000,0.926,1.04,0.923,1.02,0,0
ARDR.V,D,20180128,000000,1.02,1.08,0.9935,1,0,0
ARDR.V,D,20180129,000000,1.01,1.01,0.9263,0.9568,0,0
ARDR.V,D,20180130,000000,0.9569,1.02,0.8389,0.8645,0,0
ARDR.V,D,20180131,000000,0.8629,0.8653,0.713,0.7992,0,0
ARDR.V,D,20180201,000000,0.799,0.8254,0.5822,0.6239,0,0
ARDR.V,D,20180202,000000,0.6234,0.6328,0.4164,0.5518,0,0
ARDR.V,D,20180203,000000,0.5518,0.5959,0.47,0.5614,0,0
ARDR.V,D,20180204,000000,0.5612,0.6313,0.4426,0.4785,0,0
ARDR.V,D,20180205,000000,0.4788,0.4978,0.355,0.3818,0,0
ARDR.V,D,20180206,000000,0.3815,0.4577,0.2853,0.4486,0,0
ARDR.V,D,20180207,000000,0.4496,0.4799,0.3926,0.4427,0,0
ARDR.V,D,20180208,000000,0.4427,0.5523,0.4304,0.4944,0,0
ARDR.V,D,20180209,000000,0.4944,0.5535,0.4555,0.519,0,0
ARDR.V,D,20180210,000000,0.5191,0.5903,0.4799,0.5151,0,0
ARDR.V,D,20180211,000000,0.5155,0.5977,0.4853,0.5726,0,0
ARDR.V,D,20180212,000000,0.5723,0.6555,0.5551,0.5917,0,0
ARDR.V,D,20180213,000000,0.5912,0.6112,0.4987,0.5026,0,0
ARDR.V,D,20180214,000000,0.5027,0.5568,0.5006,0.5342,0,0
ARDR.V,D,20180215,000000,0.5345,0.5469,0.5026,0.5185,0,0
ARDR.V,D,20180216,000000,0.5174,0.5339,0.4815,0.509,0,0
ARDR.V,D,20180217,000000,0.51,0.5231,0.4978,0.5196,0,0
ARDR.V,D,20180218,000000,0.52,0.5248,0.4486,0.4603,0,0
ARDR.V,D,20180219,000000,0.4606,0.5099,0.453,0.4935,0,0
ARDR.V,D,20180220,000000,0.4931,0.5471,0.4682,0.4698,0,0
ARDR.V,D,20180221,000000,0.4684,0.4715,0.4174,0.4325,0,0
ARDR.V,D,20180222,000000,0.4325,0.448,0.3838,0.3954,0,0
ARDR.V,D,20180223,000000,0.3954,0.4266,0.382,0.4219,0,0
ARDR.V,D,20180224,000000,0.4218,0.4373,0.3881,0.4008,0,0
ARDR.V,D,20180225,000000,0.4008,0.4265,0.395,0.4237,0,0
ARDR.V,D,20180226,000000,0.4236,0.4284,0.3929,0.4206,0,0
ARDR.V,D,20180227,000000,0.4211,0.4311,0.4027,0.4174,0,0
ARDR.V,D,20180228,000000,0.4189,0.4286,0.3799,0.3818,0,0
ARDR.V,D,20180301,000000,0.379,0.3993,0.3564,0.3918,0,0
ARDR.V,D,20180302,000000,0.3919,0.4039,0.3676,0.4028,0,0
ARDR.V,D,20180303,000000,0.4025,0.439,0.3927,0.4277,0,0
ARDR.V,D,20180304,000000,0.4277,0.4277,0.3917,0.4109,0,0
ARDR.V,D,20180305,000000,0.4108,0.4199,0.4034,0.4068,0,0
ARDR.V,D,20180306,000000,0.4068,0.4077,0.3685,0.3769,0,0
ARDR.V,D,20180307,000000,0.3768,0.3876,0.3309,0.341,0,0
ARDR.V,D,20180308,000000,0.341,0.3496,0.3093,0.3137,0,0
ARDR.V,D,20180309,000000,0.3136,0.3199,0.2721,0.2893,0,0
ARDR.V,D,20180310,000000,0.2894,0.304,0.2733,0.2802,0,0
ARDR.V,D,20180311,000000,0.2801,0.298,0.2629,0.292,0,0
ARDR.V,D,20180312,000000,0.2918,0.3079,0.2804,0.2897,0,0
ARDR.V,D,20180313,000000,0.2897,0.3218,0.286,0.3168,0,0
ARDR.V,D,20180314,000000,0.3167,0.3723,0.2842,0.2881,0,0
ARDR.V,D,20180315,000000,0.2881,0.3028,0.2512,0.2808,0,0
ARDR.V,D,20180316,000000,0.2807,0.3226,0.2712,0.3128,0,0
ARDR.V,D,20180317,000000,0.313,0.3134,0.2616,0.2644,0,0
ARDR.V,D,20180318,000000,0.2643,0.2643,0.2199,0.2526,0,0
ARDR.V,D,20180319,000000,0.2529,0.2934,0.2529,0.2855,0,0
ARDR.V,D,20180320,000000,0.2855,0.3062,0.2747,0.3036,0,0
ARDR.V,D,20180321,000000,0.3035,0.3172,0.2884,0.2936,0,0
ARDR.V,D,20180322,000000,0.2935,0.3249,0.2849,0.2927,0,0
ARDR.V,D,20180323,000000,0.2927,0.2959,0.2661,0.2744,0,0
ARDR.V,D,20180324,000000,0.2743,0.298,0.2709,0.2747,0,0
ARDR.V,D,20180325,000000,0.2751,0.2849,0.2634,0.2825,0,0
ARDR.V,D,20180326,000000,0.2803,0.2823,0.2471,0.2502,0,0
ARDR.V,D,20180327,000000,0.2502,0.2645,0.2433,0.2578,0,0
ARDR.V,D,20180328,000000,0.2578,0.2885,0.2484,0.2566,0,0
ARDR.V,D,20180329,000000,0.2566,0.2609,0.2182,0.2229,0,0
ARDR.V,D,20180330,000000,0.2229,0.2326,0.2083,0.2221,0,0
ARDR.V,D,20180331,000000,0.222,0.2336,0.2156,0.2231,0,0
ARDR.V,D,20180401,000000,0.2231,0.2268,0.2024,0.2149,0,0
ARDR.V,D,20180402,000000,0.2148,0.2404,0.2111,0.2302,0,0
ARDR.V,D,20180403,000000,0.2301,0.2871,0.2299,0.2609,0,0
ARDR.V,D,20180404,000000,0.2608,0.3453,0.2571,0.2931,0,0
ARDR.V,D,20180405,000000,0.2904,0.2962,0.2362,0.2467,0,0
ARDR.V,D,20180406,000000,0.2467,0.2558,0.2287,0.2325,0,0
ARDR.V,D,20180407,000000,0.2324,0.2473,0.2301,0.2451,0,0
ARDR.V,D,20180408,000000,0.2452,0.2545,0.2387,0.2524,0,0
ARDR.V,D,20180409,000000,0.2524,0.2624,0.2358,0.2435,0,0
ARDR.V,D,20180410,000000,0.2434,0.2633,0.238,0.2584,0,0
ARDR.V,D,20180411,000000,0.2584,0.2665,0.2529,0.2648,0,0
ARDR.V,D,20180412,000000,0.2648,0.3037,0.2536,0.2996,0,0
ARDR.V,D,20180413,000000,0.2996,0.3139,0.2929,0.2979,0,0
ARDR.V,D,20180414,000000,0.2981,0.312,0.2913,0.3039,0,0
ARDR.V,D,20180415,000000,0.304,0.3319,0.301,0.3262,0,0
ARDR.V,D,20180416,000000,0.3263,0.3319,0.2991,0.3118,0,0
ARDR.V,D,20180417,000000,0.3124,0.3421,0.3088,0.3299,0,0
ARDR.V,D,20180418,000000,0.3284,0.3659,0.3284,0.3621,0,0
ARDR.V,D,20180419,000000,0.3626,0.3925,0.3586,0.3794,0,0
ARDR.V,D,20180420,000000,0.3794,0.3891,0.3638,0.3872,0,0
ARDR.V,D,20180421,000000,0.3872,0.4037,0.352,0.369,0,0
ARDR.V,D,20180422,000000,0.3689,0.4011,0.3619,0.3969,0,0
ARDR.V,D,20180423,000000,0.397,0.4078,0.3866,0.3989,0,0
ARDR.V,D,20180424,000000,0.3989,0.4282,0.3966,0.4248,0,0
ARDR.V,D,20180425,000000,0.4249,0.4617,0.3499,0.3868,0,0
ARDR.V,D,20180426,000000,0.3869,0.4055,0.3489,0.395,0,0
ARDR.V,D,20180427,000000,0.3951,0.4039,0.3821,0.3877,0,0
ARDR.V,D,20180428,000000,0.3876,0.4132,0.3807,0.3999,0,0
ARDR.V,D,20180429,000000,0.3999,0.4197,0.3825,0.4,0,0
ARDR.V,D,20180430,000000,0.4001,0.4252,0.3886,0.3998,0,0
ARDR.V,D,20180501,000000,0.3997,0.4154,0.376,0.3943,0,0
ARDR.V,D,20180502,000000,0.3921,0.4355,0.3887,0.4341,0,0
ARDR.V,D,20180503,000000,0.4343,0.4536,0.4217,0.4456,0,0
ARDR.V,D,20180504,000000,0.4456,0.4563,0.4179,0.432,0,0
ARDR.V,D,20180505,000000,0.4327,0.4514,0.4174,0.4299,0,0
ARDR.V,D,20180506,000000,0.4299,0.4439,0.3866,0.3993,0,0
ARDR.V,D,20180507,000000,0.3993,0.416,0.361,0.3755,0,0
ARDR.V,D,20180508,000000,0.3756,0.3819,0.3553,0.3649,0,0
ARDR.V,D,20180509,000000,0.3646,0.3678,0.3388,0.3575,0,0
ARDR.V,D,20180510,000000,0.357,0.3694,0.3475,0.3491,0,0
ARDR.V,D,20180511,000000,0.3494,0.3521,0.2902,0.2909,0,0
ARDR.V,D,20180512,000000,0.291,0.3081,0.285,0.2979,0,0
ARDR.V,D,20180513,000000,0.2979,0.3254,0.2936,0.3184,0,0
ARDR.V,D,20180514,000000,0.3185,0.3364,0.2988,0.3224,0,0
ARDR.V,D,20180515,000000,0.3223,0.3374,0.3156,0.3192,0,0
ARDR.V,D,20180516,000000,0.3191,0.3206,0.2906,0.2958,0,0
ARDR.V,D,20180517,000000,0.2958,0.3086,0.2938,0.2938,0,0
ARDR.V,D,20180518,000000,0.2938,0.3046,0.2834,0.3033,0,0
ARDR.V,D,20180519,000000,0.3033,0.3069,0.2951,0.297,0,0
ARDR.V,D,20180520,000000,0.297,0.3095,0.29,0.3074,0,0
ARDR.V,D,20180521,000000,0.3074,0.309,0.2897,0.2924,0,0
ARDR.V,D,20180522,000000,0.2924,0.3053,0.2851,0.2915,0,0
ARDR.V,D,20180523,000000,0.2915,0.2951,0.2456,0.2528,0,0
ARDR.V,D,20180524,000000,0.2528,0.2601,0.2385,0.2498,0,0
ARDR.V,D,20180525,000000,0.2497,0.2629,0.2479,0.2509,0,0
ARDR.V,D,20180526,000000,0.2509,0.2859,0.2472,0.276,0,0
ARDR.V,D,20180527,000000,0.2751,0.2913,0.2625,0.269,0,0
ARDR.V,D,20180528,000000,0.2688,0.2727,0.2441,0.2451,0,0
ARDR.V,D,20180529,000000,0.2451,0.2611,0.2414,0.2598,0,0
ARDR.V,D,20180530,000000,0.2598,0.2677,0.2455,0.2524,0,0
ARDR.V,D,20180531,000000,0.2524,0.265,0.2387,0.2475,0,0
ARDR.V,D,20180601,000000,0.2475,0.2547,0.2408,0.2457,0,0
ARDR.V,D,20180602,000000,0.2447,0.2596,0.2433,0.2503,0,0
ARDR.V,D,20180603,000000,0.2503,0.2632,0.2487,0.2537,0,0
ARDR.V,D,20180604,000000,0.2536,0.259,0.2349,0.2387,0,0
ARDR.V,D,20180605,000000,0.2383,0.2402,0.2261,0.2359,0,0
ARDR.V,D,20180606,000000,0.2363,0.2395,0.2272,0.2323,0,0
ARDR.V,D,20180607,000000,0.2323,0.2385,0.2299,0.234,0,0
ARDR.V,D,20180608,000000,0.234,0.2455,0.2267,0.2375,0,0
ARDR.V,D,20180609,000000,0.2375,0.2453,0.2298,0.2311,0,0
ARDR.V,D,20180610,000000,0.2311,0.2346,0.1962,0.1968,0,0
ARDR.V,D,20180611,000000,0.1969,0.1972,0.1857,0.1956,0,0
ARDR.V,D,20180612,000000,0.1955,0.2105,0.1917,0.1932,0,0
ARDR.V,D,20180613,000000,0.1932,0.1936,0.1701,0.1803,0,0
ARDR.V,D,20180614,000000,0.1803,0.195,0.1798,0.1935,0,0
ARDR.V,D,20180615,000000,0.1935,0.1945,0.1865,0.187,0,0
ARDR.V,D,20180616,000000,0.187,0.1886,0.1798,0.1861,0,0
ARDR.V,D,20180617,000000,0.1861,0.1884,0.1785,0.1812,0,0
ARDR.V,D,20180618,000000,0.1812,0.1839,0.1719,0.1787,0,0
ARDR.V,D,20180619,000000,0.1787,0.1919,0.1786,0.1823,0,0
ARDR.V,D,20180620,000000,0.1808,0.1851,0.1697,0.1782,0,0
ARDR.V,D,20180621,000000,0.1782,0.1822,0.1715,0.1731,0,0
ARDR.V,D,20180622,000000,0.1731,0.1747,0.1439,0.152,0,0
ARDR.V,D,20180623,000000,0.1524,0.1588,0.1461,0.1494,0,0
ARDR.V,D,20180624,000000,0.1493,0.1502,0.1258,0.1413,0,0
ARDR.V,D,20180625,000000,0.1411,0.149,0.132,0.1465,0,0
ARDR.V,D,20180626,000000,0.1465,0.1532,0.1405,0.1432,0,0
ARDR.V,D,20180627,000000,0.1432,0.1432,0.1321,0.137,0,0
ARDR.V,D,20180628,000000,0.137,0.1391,0.1306,0.1317,0,0
ARDR.V,D,20180629,000000,0.1317,0.1329,0.124,0.1308,0,0
ARDR.V,D,20180630,000000,0.1308,0.1499,0.1292,0.1434,0,0
ARDR.V,D,20180701,000000,0.1435,0.1514,0.1424,0.1514,0,0
ARDR.V,D,20180702,000000,0.1488,0.1718,0.1406,0.1704,0,0
ARDR.V,D,20180703,000000,0.1704,0.1759,0.1541,0.1596,0,0
ARDR.V,D,20180704,000000,0.1596,0.1646,0.1523,0.1621,0,0
ARDR.V,D,20180705,000000,0.1617,0.1653,0.1557,0.1567,0,0
ARDR.V,D,20180706,000000,0.1566,0.1794,0.1506,0.1639,0,0
ARDR.V,D,20180707,000000,0.1639,0.1711,0.1598,0.1601,0,0
ARDR.V,D,20180708,000000,0.1601,0.1789,0.1598,0.1717,0,0
ARDR.V,D,20180709,000000,0.1716,0.1752,0.1651,0.169,0,0
ARDR.V,D,20180710,000000,0.1691,0.1711,0.1498,0.1548,0,0
ARDR.V,D,20180711,000000,0.155,0.158,0.1475,0.1542,0,0
ARDR.V,D,20180712,000000,0.1542,0.156,0.1424,0.1466,0,0
ARDR.V,D,20180713,000000,0.1465,0.1513,0.1423,0.1436,0,0
ARDR.V,D,20180714,000000,0.1436,0.1479,0.1433,0.1462,0,0
ARDR.V,D,20180715,000000,0.1462,0.1526,0.1454,0.1519,0,0
ARDR.V,D,20180716,000000,0.1519,0.163,0.1484,0.1612,0,0
ARDR.V,D,20180717,000000,0.1612,0.1793,0.16,0.1774,0,0
ARDR.V,D,20180718,000000,0.1773,0.2901,0.1737,0.2244,0,0
ARDR.V,D,20180719,000000,0.2244,0.2419,0.2089,0.2116,0,0
ARDR.V,D,20180720,000000,0.2116,0.2165,0.1852,0.186,0,0
ARDR.V,D,20180721,000000,0.1861,0.1922,0.1804,0.1915,0,0
ARDR.V,D,20180722,000000,0.191,0.2109,0.1863,0.1863,0,0
ARDR.V,D,20180723,000000,0.1864,0.1954,0.1722,0.1735,0,0
ARDR.V,D,20180724,000000,0.1735,0.1826,0.1646,0.1814,0,0
ARDR.V,D,20180725,000000,0.1814,0.2302,0.1775,0.1901,0,0
ARDR.V,D,20180726,000000,0.1901,0.2004,0.1779,0.1794,0,0
ARDR.V,D,20180727,000000,0.1789,0.1865,0.1689,0.1807,0,0
ARDR.V,D,20180728,000000,0.181,0.1886,0.1775,0.1788,0,0
ARDR.V,D,20180729,000000,0.1788,0.1838,0.1764,0.1779,0,0
ARDR.V,D,20180730,000000,0.1778,0.18,0.1638,0.1688,0,0
ARDR.V,D,20180731,000000,0.1688,0.171,0.1491,0.1513,0,0
ARDR.V,D,20180801,000000,0.1513,0.1524,0.1401,0.1427,0,0
ARDR.V,D,20180802,000000,0.1427,0.1625,0.1379,0.1382,0,0
ARDR.V,D,20180803,000000,0.1382,0.1432,0.1276,0.138,0,0
ARDR.V,D,20180804,000000,0.138,0.1415,0.1272,0.1279,0,0
ARDR.V,D,20180805,000000,0.1279,0.1356,0.1279,0.1354,0,0
ARDR.V,D,20180806,000000,0.1354,0.1374,0.1295,0.1301,0,0
ARDR.V,D,20180807,000000,0.13,0.1331,0.1228,0.1245,0,0
ARDR.V,D,20180808,000000,0.1246,0.1256,0.1094,0.1111,0,0
ARDR.V,D,20180809,000000,0.1112,0.1342,0.1084,0.1288,0,0
ARDR.V,D,20180810,000000,0.1288,0.1304,0.1103,0.1104,0,0
ARDR.V,D,20180811,000000,0.1105,0.1214,0.1102,0.1142,0,0
ARDR.V,D,20180812,000000,0.1138,0.12,0.1126,0.1173,0,0
ARDR.V,D,20180813,000000,0.1173,0.1177,0.1089,0.1096,0,0
ARDR.V,D,20180814,000000,0.1096,0.1165,0.09515,0.1116,0,0
ARDR.V,D,20180815,000000,0.1116,0.1198,0.1086,0.1114,0,0
ARDR.V,D,20180816,000000,0.1114,0.114,0.1074,0.1089,0,0
ARDR.V,D,20180817,000000,0.1089,0.1228,0.1079,0.1212,0,0
ARDR.V,D,20180818,000000,0.1212,0.1265,0.1072,0.11,0,0
ARDR.V,D,20180819,000000,0.11,0.1153,0.1075,0.113,0,0
ARDR.V,D,20180820,000000,0.113,0.1159,0.1085,0.109,0,0
ARDR.V,D,20180821,000000,0.109,0.1093,0.1036,0.1058,0,0
ARDR.V,D,20180822,000000,0.1066,0.1156,0.1011,0.1033,0,0
ARDR.V,D,20180823,000000,0.1034,0.1077,0.1014,0.1074,0,0
ARDR.V,D,20180824,000000,0.1074,0.1221,0.1057,0.1102,0,0
ARDR.V,D,20180825,000000,0.1101,0.1146,0.108,0.112,0,0
ARDR.V,D,20180826,000000,0.1122,0.1139,0.1071,0.1114,0,0
ARDR.V,D,20180827,000000,0.1113,0.1137,0.1095,0.1137,0,0
ARDR.V,D,20180828,000000,0.1135,0.1232,0.1102,0.1202,0,0
ARDR.V,D,20180829,000000,0.1202,0.1208,0.1139,0.1168,0,0
ARDR.V,D,20180830,000000,0.1166,0.1167,0.1098,0.1122,0,0
ARDR.V,D,20180831,000000,0.1122,0.1166,0.1114,0.1146,0,0
ARDR.V,D,20180901,000000,0.1146,0.1204,0.1141,0.1197,0,0
ARDR.V,D,20180902,000000,0.1197,0.1238,0.1165,0.1191,0,0
ARDR.V,D,20180903,000000,0.1191,0.1226,0.1164,0.1211,0,0
ARDR.V,D,20180904,000000,0.1211,0.1244,0.1183,0.1225,0,0
ARDR.V,D,20180905,000000,0.1225,0.1227,0.105,0.1092,0,0
ARDR.V,D,20180906,000000,0.1092,0.1092,0.09607,0.1001,0,0
ARDR.V,D,20180907,000000,0.1001,0.1065,0.09802,0.1005,0,0
ARDR.V,D,20180908,000000,0.101,0.1012,0.09464,0.09563,0,0
ARDR.V,D,20180909,000000,0.09557,0.09812,0.09424,0.09618,0,0
ARDR.V,D,20180910,000000,0.09616,0.09812,0.09383,0.09559,0,0
ARDR.V,D,20180911,000000,0.09559,0.09742,0.09122,0.09306,0,0
ARDR.V,D,20180912,000000,0.09308,0.09664,0.08939,0.09114,0,0
ARDR.V,D,20180913,000000,0.09114,0.0984,0.09026,0.09696,0,0
ARDR.V,D,20180914,000000,0.09665,0.1022,0.09288,0.09958,0,0
ARDR.V,D,20180915,000000,0.09963,0.1003,0.09842,0.09888,0,0
ARDR.V,D,20180916,000000,0.09887,0.1063,0.09643,0.1061,0,0
ARDR.V,D,20180917,000000,0.1061,0.1104,0.09793,0.09832,0,0
ARDR.V,D,20180918,000000,0.09832,0.1221,0.09551,0.1064,0,0
ARDR.V,D,20180919,000000,0.1064,0.123,0.104,0.1092,0,0
ARDR.V,D,20180920,000000,0.1092,0.1152,0.1083,0.1107,0,0
ARDR.V,D,20180921,000000,0.1107,0.1203,0.1093,0.1155,0,0
ARDR.V,D,20180922,000000,0.1155,0.1209,0.1105,0.1125,0,0
ARDR.V,D,20180923,000000,0.1125,0.1155,0.1102,0.112,0,0
ARDR.V,D,20180924,000000,0.112,0.1159,0.109,0.1121,0,0
ARDR.V,D,20180925,000000,0.1121,0.1172,0.1058,0.1129,0,0
ARDR.V,D,20180926,000000,0.113,0.1173,0.1108,0.1111,0,0
ARDR.V,D,20180927,000000,0.1111,0.1246,0.1101,0.1232,0,0
ARDR.V,D,20180928,000000,0.1232,0.1366,0.1227,0.1285,0,0
ARDR.V,D,20180929,000000,0.1287,0.1326,0.1205,0.1226,0,0
ARDR.V,D,20180930,000000,0.1226,0.1262,0.119,0.1197,0,0
ARDR.V,D,20181001,000000,0.1197,0.1215,0.1144,0.116,0,0
ARDR.V,D,20181002,000000,0.116,0.1186,0.1156,0.1175,0,0
ARDR.V,D,20181003,000000,0.1175,0.1186,0.1101,0.1121,0,0
ARDR.V,D,20181004,000000,0.1121,0.1166,0.1121,0.1155,0,0
ARDR.V,D,20181005,000000,0.1155,0.1161,0.1121,0.1145,0,0
ARDR.V,D,20181006,000000,0.1145,0.1159,0.1119,0.1137,0,0
ARDR.V,D,20181007,000000,0.1137,0.1161,0.1126,0.115,0,0
ARDR.V,D,20181008,000000,0.1149,0.1184,0.113,0.1173,0,0
ARDR.V,D,20181009,000000,0.1173,0.1215,0.1153,0.1208,0,0
ARDR.V,D,20181010,000000,0.1207,0.1212,0.1123,0.1168,0,0
ARDR.V,D,20181011,000000,0.1168,0.1241,0.1051,0.1146,0,0
ARDR.V,D,20181012,000000,0.1147,0.1201,0.1094,0.1104,0,0
ARDR.V,D,20181013,000000,0.1104,0.1142,0.1097,0.113,0,0
ARDR.V,D,20181014,000000,0.113,0.1168,0.112,0.1135,0,0
ARDR.V,D,20181015,000000,0.1135,0.1234,0.1122,0.1142,0,0
ARDR.V,D,20181016,000000,0.1142,0.1172,0.1141,0.1148,0,0
ARDR.V,D,20181017,000000,0.1148,0.1191,0.1135,0.119,0,0
ARDR.V,D,20181018,000000,0.119,0.1191,0.1125,0.1126,0,0
ARDR.V,D,20181019,000000,0.1125,0.1169,0.1115,0.1122,0,0
ARDR.V,D,20181020,000000,0.1124,0.1153,0.07916,0.1139,0,0
ARDR.V,D,20181021,000000,0.1139,0.1189,0.1132,0.117,0,0
ARDR.V,D,20181022,000000,0.117,0.117,0.1132,0.1137,0,0
ARDR.V,D,20181023,000000,0.1138,0.1139,0.1109,0.1128,0,0
ARDR.V,D,20181024,000000,0.1128,0.1154,0.1125,0.1133,0,0
ARDR.V,D,20181025,000000,0.1132,0.1139,0.1114,0.112,0,0
ARDR.V,D,20181026,000000,0.1118,0.1123,0.1098,0.1107,0,0
ARDR.V,D,20181027,000000,0.1107,0.1123,0.1086,0.1092,0,0
ARDR.V,D,20181028,000000,0.1092,0.1109,0.1072,0.108,0,0
ARDR.V,D,20181029,000000,0.1081,0.11,0.1012,0.1031,0,0
ARDR.V,D,20181030,000000,0.1031,0.1059,0.1015,0.105,0,0
ARDR.V,D,20181031,000000,0.1049,0.1053,0.09999,0.1039,0,0
ARDR.V,D,20181101,000000,0.1039,0.1163,0.1036,0.1089,0,0
ARDR.V,D,20181102,000000,0.1089,0.1107,0.1075,0.1095,0,0
ARDR.V,D,20181103,000000,0.1095,0.1127,0.1084,0.1123,0,0
ARDR.V,D,20181104,000000,0.1123,0.1127,0.1082,0.1099,0,0
ARDR.V,D,20181105,000000,0.11,0.1192,0.1041,0.1069,0,0
ARDR.V,D,20181106,000000,0.1069,0.1078,0.1055,0.1076,0,0
ARDR.V,D,20181107,000000,0.1076,0.112,0.1039,0.1056,0,0
ARDR.V,D,20181108,000000,0.1056,0.1074,0.104,0.1045,0,0
ARDR.V,D,20181109,000000,0.1045,0.105,0.1025,0.1029,0,0
ARDR.V,D,20181110,000000,0.1029,0.1036,0.1024,0.1028,0,0
ARDR.V,D,20181111,000000,0.1028,0.1037,0.1017,0.1025,0,0
ARDR.V,D,20181112,000000,0.1024,0.1099,0.1011,0.1052,0,0
ARDR.V,D,20181113,000000,0.1052,0.1056,0.1006,0.1012,0,0
ARDR.V,D,20181114,000000,0.1012,0.1016,0.08248,0.08476,0,0
ARDR.V,D,20181115,000000,0.08471,0.08666,0.07612,0.0802,0,0
ARDR.V,D,20181116,000000,0.0802,0.08259,0.07772,0.07814,0,0
ARDR.V,D,20181117,000000,0.07817,0.08306,0.07772,0.07854,0,0
ARDR.V,D,20181118,000000,0.07854,0.08257,0.07822,0.08006,0,0
ARDR.V,D,20181119,000000,0.08005,0.08049,0.06039,0.06159,0,0
ARDR.V,D,20181120,000000,0.06155,0.06349,0.04885,0.05239,0,0
ARDR.V,D,20181121,000000,0.05243,0.07499,0.05174,0.06345,0,0
ARDR.V,D,20181122,000000,0.06346,0.06712,0.05855,0.05949,0,0
ARDR.V,D,20181123,000000,0.05948,0.06203,0.05447,0.06181,0,0
ARDR.V,D,20181124,000000,0.06179,0.06192,0.05205,0.05276,0,0
ARDR.V,D,20181125,000000,0.0527,0.06156,0.04972,0.05839,0,0
ARDR.V,D,20181126,000000,0.05839,0.06543,0.05503,0.05762,0,0
ARDR.V,D,20181127,000000,0.05761,0.06064,0.05536,0.05925,0,0
ARDR.V,D,20181128,000000,0.05926,0.0681,0.05877,0.06559,0,0
ARDR.V,D,20181129,000000,0.06559,0.0696,0.06394,0.06555,0,0
ARDR.V,D,20181130,000000,0.06554,0.06773,0.05827,0.06069,0,0
ARDR.V,D,20181201,000000,0.06072,0.06781,0.05944,0.06591,0,0
ARDR.V,D,20181202,000000,0.06586,0.06699,0.06228,0.06323,0,0
ARDR.V,D,20181203,000000,0.06324,0.06369,0.05719,0.05908,0,0
ARDR.V,D,20181204,000000,0.05909,0.06322,0.05729,0.06056,0,0
ARDR.V,D,20181205,000000,0.06055,0.06266,0.05808,0.05851,0,0
ARDR.V,D,20181206,000000,0.05866,0.06132,0.0551,0.05537,0,0
ARDR.V,D,20181207,000000,0.05541,0.05611,0.04956,0.05273,0,0
ARDR.V,D,20181208,000000,0.05261,0.05419,0.04949,0.05312,0,0
ARDR.V,D,20181209,000000,0.05331,0.05445,0.05094,0.05215,0,0
ARDR.V,D,20181210,000000,0.05209,0.05304,0.04977,0.05044,0,0
ARDR.V,D,20181211,000000,0.05044,0.05082,0.04887,0.04989,0,0
ARDR.V,D,20181212,000000,0.04989,0.05153,0.04875,0.05029,0,0
ARDR.V,D,20181213,000000,0.05029,0.05079,0.04733,0.04776,0,0
ARDR.V,D,20181214,000000,0.04787,0.04832,0.04557,0.04679,0,0
ARDR.V,D,20181215,000000,0.04678,0.04707,0.04457,0.04462,0,0
ARDR.V,D,20181216,000000,0.04465,0.04804,0.04413,0.0446,0,0
ARDR.V,D,20181217,000000,0.0446,0.051,0.04423,0.048,0,0
ARDR.V,D,20181218,000000,0.048,0.04808,0.04495,0.04718,0,0
ARDR.V,D,20181219,000000,0.04718,0.05303,0.04703,0.04983,0,0
ARDR.V,D,20181220,000000,0.04982,0.05517,0.04883,0.05441,0,0
ARDR.V,D,20181221,000000,0.05445,0.05535,0.04993,0.05041,0,0
ARDR.V,D,20181222,000000,0.05041,0.06097,0.05009,0.05719,0,0
ARDR.V,D,20181223,000000,0.05719,0.0588,0.0554,0.05623,0,0
ARDR.V,D,20181224,000000,0.05623,0.06147,0.05575,0.05812,0,0
ARDR.V,D,20181225,000000,0.05812,0.05812,0.05062,0.05254,0,0
ARDR.V,D,20181226,000000,0.05254,0.05482,0.05178,0.05287,0,0
ARDR.V,D,20181227,000000,0.05288,0.0543,0.04958,0.04982,0,0
ARDR.V,D,20181228,000000,0.04981,0.05672,0.04934,0.05435,0,0
ARDR.V,D,20181229,000000,0.05434,0.05593,0.05393,0.05589,0,0
ARDR.V,D,20181230,000000,0.05592,0.05649,0.0527,0.05451,0,0
ARDR.V,D,20181231,000000,0.05451,0.05528,0.05053,0.05073,0,0
ARDR.V,D,20190101,000000,0.05073,0.05348,0.05034,0.05298,0,0
ARDR.V,D,20190102,000000,0.05298,0.05663,0.05297,0.05569,0,0
ARDR.V,D,20190103,000000,0.05569,0.05597,0.05324,0.05452,0,0
ARDR.V,D,20190104,000000,0.05452,0.057,0.05375,0.05663,0,0
ARDR.V,D,20190105,000000,0.05663,0.06346,0.05648,0.06041,0,0
ARDR.V,D,20190106,000000,0.06041,0.06498,0.05931,0.06265,0,0
ARDR.V,D,20190107,000000,0.06265,0.06591,0.06017,0.06216,0,0
ARDR.V,D,20190108,000000,0.06216,0.06385,0.06012,0.06163,0,0
ARDR.V,D,20190109,000000,0.06163,0.06327,0.06072,0.06196,0,0
ARDR.V,D,20190110,000000,0.06196,0.0627,0.0514,0.05199,0,0
ARDR.V,D,20190111,000000,0.05199,0.05367,0.05148,0.05176,0,0
ARDR.V,D,20190112,000000,0.05178,0.05315,0.05123,0.05282,0,0
ARDR.V,D,20190113,000000,0.05281,0.05481,0.0498,0.04999,0,0
ARDR.V,D,20190114,000000,0.05,0.05381,0.04934,0.05226,0,0
ARDR.V,D,20190115,000000,0.05226,0.05347,0.05082,0.05113,0,0
ARDR.V,D,20190116,000000,0.05112,0.05459,0.05085,0.05344,0,0
ARDR.V,D,20190117,000000,0.05344,0.05902,0.05334,0.05645,0,0
ARDR.V,D,20190118,000000,0.05645,0.05678,0.05428,0.05538,0,0
ARDR.V,D,20190119,000000,0.05539,0.06347,0.05507,0.0585,0,0
ARDR.V,D,20190120,000000,0.0585,0.05881,0.05303,0.05461,0,0
ARDR.V,D,20190121,000000,0.05467,0.05499,0.05342,0.05475,0,0
ARDR.V,D,20190122,000000,0.05471,0.06275,0.05431,0.05812,0,0
ARDR.V,D,20190123,000000,0.05812,0.05887,0.05487,0.05589,0,0
ARDR.V,D,20190124,000000,0.05588,0.05647,0.05424,0.05553,0,0
ARDR.V,D,20190125,000000,0.05553,0.05627,0.05247,0.05342,0,0
ARDR.V,D,20190126,000000,0.05343,0.05652,0.0533,0.05438,0,0
ARDR.V,D,20190127,000000,0.05438,0.05461,0.05163,0.05297,0,0
ARDR.V,D,20190128,000000,0.05297,0.05348,0.04971,0.05142,0,0
ARDR.V,D,20190129,000000,0.05139,0.05186,0.04939,0.05154,0,0
ARDR.V,D,20190130,000000,0.05153,0.05301,0.05094,0.05213,0,0
ARDR.V,D,20190131,000000,0.05214,0.05258,0.05034,0.05098,0,0
ARDR.V,D,20190201,000000,0.05098,0.05291,0.05024,0.05274,0,0
ARDR.V,D,20190202,000000,0.05274,0.05363,0.0519,0.05276,0,0
ARDR.V,D,20190203,000000,0.05275,0.0537,0.05139,0.05176,0,0
ARDR.V,D,20190204,000000,0.05176,0.05252,0.04989,0.05019,0,0
ARDR.V,D,20190205,000000,0.05019,0.05272,0.04884,0.04899,0,0
ARDR.V,D,20190206,000000,0.04899,0.05052,0.04749,0.04807,0,0
ARDR.V,D,20190207,000000,0.04807,0.05138,0.04791,0.04915,0,0
ARDR.V,D,20190208,000000,0.04909,0.05683,0.04894,0.0528,0,0
ARDR.V,D,20190209,000000,0.0528,0.06202,0.05202,0.05434,0,0
ARDR.V,D,20190210,000000,0.05435,0.05759,0.05223,0.05387,0,0
ARDR.V,D,20190211,000000,0.05387,0.05538,0.05267,0.05312,0,0
ARDR.V,D,20190212,000000,0.05312,0.05314,0.05168,0.05189,0,0
ARDR.V,D,20190213,000000,0.05189,0.05261,0.05158,0.05176,0,0
ARDR.V,D,20190214,000000,0.05175,0.0531,0.05152,0.05185,0,0
ARDR.V,D,20190215,000000,0.05186,0.05278,0.0515,0.05251,0,0
ARDR.V,D,20190216,000000,0.05251,0.05756,0.05233,0.05451,0,0
ARDR.V,D,20190217,000000,0.05451,0.05818,0.05336,0.05688,0,0
ARDR.V,D,20190218,000000,0.05689,0.06182,0.05607,0.05923,0,0
ARDR.V,D,20190219,000000,0.05923,0.0619,0.05721,0.05889,0,0
ARDR.V,D,20190220,000000,0.05886,0.0605,0.05777,0.05815,0,0
ARDR.V,D,20190221,000000,0.05811,0.05908,0.05629,0.05736,0,0
ARDR.V,D,20190222,000000,0.05736,0.05903,0.05701,0.05868,0,0
ARDR.V,D,20190223,000000,0.05868,0.06171,0.05731,0.06064,0,0
ARDR.V,D,20190224,000000,0.06065,0.06155,0.05296,0.05428,0,0
ARDR.V,D,20190225,000000,0.05427,0.05576,0.05343,0.05554,0,0
ARDR.V,D,20190226,000000,0.05554,0.05679,0.05431,0.05629,0,0
ARDR.V,D,20190227,000000,0.05629,0.05787,0.05456,0.05612,0,0
ARDR.V,D,20190228,000000,0.05612,0.05708,0.05594,0.05638,0,0
ARDR.V,D,20190301,000000,0.05638,0.05916,0.0562,0.05675,0,0
ARDR.V,D,20190302,000000,0.05674,0.05704,0.05518,0.05645,0,0
ARDR.V,D,20190303,000000,0.05646,0.05729,0.05646,0.05729,0,0
ARDR.V,D,20190304,000000,0.05729,0.05807,0.05549,0.05625,0,0
ARDR.V,D,20190305,000000,0.05625,0.0595,0.05581,0.05842,0,0
ARDR.V,D,20190306,000000,0.0584,0.05908,0.05768,0.0584,0,0
ARDR.V,D,20190307,000000,0.05841,0.06254,0.05805,0.06105,0,0
ARDR.V,D,20190308,000000,0.06107,0.06293,0.05953,0.06059,0,0
ARDR.V,D,20190309,000000,0.06059,0.06256,0.05935,0.05981,0,0
ARDR.V,D,20190310,000000,0.05981,0.06074,0.05908,0.06003,0,0
ARDR.V,D,20190311,000000,0.06002,0.06243,0.0578,0.06042,0,0
ARDR.V,D,20190312,000000,0.06042,0.09834,0.05934,0.06512,0,0
ARDR.V,D,20190313,000000,0.06512,0.07118,0.06291,0.06591,0,0
ARDR.V,D,20190314,000000,0.06591,0.06885,0.06138,0.06418,0,0
ARDR.V,D,20190315,000000,0.06422,0.0698,0.06372,0.06733,0,0
ARDR.V,D,20190316,000000,0.06733,0.06954,0.06705,0.06861,0,0
ARDR.V,D,20190317,000000,0.06862,0.07007,0.06712,0.06925,0,0
ARDR.V,D,20190318,000000,0.06925,0.06956,0.06644,0.06767,0,0
ARDR.V,D,20190319,000000,0.06767,0.06972,0.06728,0.06818,0,0
ARDR.V,D,20190320,000000,0.06817,0.07218,0.06686,0.07094,0,0
ARDR.V,D,20190321,000000,0.07091,0.0775,0.06831,0.07135,0,0
ARDR.V,D,20190322,000000,0.07135,0.07215,0.06899,0.07091,0,0
ARDR.V,D,20190323,000000,0.0709,0.07178,0.06976,0.07025,0,0
ARDR.V,D,20190324,000000,0.07023,0.07339,0.06911,0.07264,0,0
ARDR.V,D,20190325,000000,0.07265,0.08434,0.07165,0.07533,0,0
ARDR.V,D,20190326,000000,0.07544,0.07575,0.07292,0.075,0,0
ARDR.V,D,20190327,000000,0.075,0.08783,0.07464,0.08125,0,0
ARDR.V,D,20190328,000000,0.08124,0.08246,0.07787,0.0814,0,0
ARDR.V,D,20190329,000000,0.0814,0.08546,0.08011,0.08112,0,0
ARDR.V,D,20190330,000000,0.08111,0.08145,0.07592,0.07964,0,0
ARDR.V,D,20190331,000000,0.07963,0.08762,0.07962,0.08246,0,0
ARDR.V,D,20190401,000000,0.08246,0.0836,0.081,0.08221,0,0
ARDR.V,D,20190402,000000,0.0822,0.09126,0.08206,0.08677,0,0
ARDR.V,D,20190403,000000,0.08676,0.09646,0.08675,0.09086,0,0
ARDR.V,D,20190404,000000,0.09084,0.09494,0.08402,0.08782,0,0
ARDR.V,D,20190405,000000,0.0878,0.09027,0.08701,0.08899,0,0
ARDR.V,D,20190406,000000,0.089,0.09313,0.08677,0.08781,0,0
ARDR.V,D,20190407,000000,0.0878,0.09083,0.08778,0.09026,0,0
ARDR.V,D,20190408,000000,0.09027,0.09151,0.08568,0.08873,0,0
ARDR.V,D,20190409,000000,0.08874,0.09016,0.0844,0.0851,0,0
ARDR.V,D,20190410,000000,0.0851,0.08819,0.08408,0.0854,0,0
ARDR.V,D,20190411,000000,0.0854,0.08746,0.07371,0.0774,0,0
ARDR.V,D,20190412,000000,0.07741,0.07887,0.07389,0.07797,0,0
ARDR.V,D,20190413,000000,0.07797,0.08403,0.07776,0.08112,0,0
ARDR.V,D,20190414,000000,0.0811,0.08239,0.07848,0.08177,0,0
ARDR.V,D,20190415,000000,0.08179,0.08278,0.07507,0.0766,0,0
ARDR.V,D,20190416,000000,0.0766,0.07993,0.07557,0.0794,0,0
ARDR.V,D,20190417,000000,0.07939,0.08768,0.07876,0.07939,0,0
ARDR.V,D,20190418,000000,0.07939,0.08447,0.0788,0.08017,0,0
ARDR.V,D,20190419,000000,0.08017,0.0832,0.07977,0.08157,0,0
ARDR.V,D,20190420,000000,0.08157,0.0826,0.08081,0.08123,0,0
ARDR.V,D,20190421,000000,0.08131,0.08345,0.07807,0.07935,0,0
ARDR.V,D,20190422,000000,0.07935,0.08188,0.07884,0.08127,0,0
ARDR.V,D,20190423,000000,0.08125,0.08214,0.07946,0.08,0,0
ARDR.V,D,20190424,000000,0.08,0.08056,0.07187,0.07302,0,0
ARDR.V,D,20190425,000000,0.07302,0.07497,0.07101,0.07263,0,0
ARDR.V,D,20190426,000000,0.07277,0.07277,0.0633,0.06491,0,0
ARDR.V,D,20190427,000000,0.06491,0.06868,0.06412,0.06743,0,0
ARDR.V,D,20190428,000000,0.06748,0.06918,0.06657,0.06798,0,0
ARDR.V,D,20190429,000000,0.06798,0.06854,0.06296,0.06365,0,0
ARDR.V,D,20190430,000000,0.06359,0.06793,0.06344,0.06767,0,0
ARDR.V,D,20190501,000000,0.06767,0.06939,0.06655,0.06716,0,0
ARDR.V,D,20190502,000000,0.06712,0.06853,0.06515,0.06568,0,0
ARDR.V,D,20190503,000000,0.06556,0.06936,0.06553,0.06743,0,0
ARDR.V,D,20190504,000000,0.06748,0.06995,0.06496,0.06808,0,0
ARDR.V,D,20190505,000000,0.06812,0.06876,0.06638,0.06839,0,0
ARDR.V,D,20190506,000000,0.06839,0.07059,0.06552,0.06887,0,0
ARDR.V,D,20190507,000000,0.06888,0.07272,0.06703,0.0683,0,0
ARDR.V,D,20190508,000000,0.06829,0.07355,0.06558,0.06738,0,0
ARDR.V,D,20190509,000000,0.06738,0.07004,0.06538,0.06718,0,0
ARDR.V,D,20190510,000000,0.06719,0.07142,0.06657,0.06723,0,0
ARDR.V,D,20190511,000000,0.06723,0.07566,0.06723,0.07566,0,0
ARDR.V,D,20190512,000000,0.07569,0.07787,0.07076,0.07507,0,0
ARDR.V,D,20190513,000000,0.0751,0.07972,0.07224,0.0794,0,0
ARDR.V,D,20190514,000000,0.07942,0.07969,0.07292,0.07604,0,0
ARDR.V,D,20190515,000000,0.07604,0.08835,0.07604,0.08818,0,0
ARDR.V,D,20190516,000000,0.08817,0.09689,0.08032,0.08252,0,0
ARDR.V,D,20190517,000000,0.08243,0.08614,0.07033,0.07381,0,0
ARDR.V,D,20190518,000000,0.07392,0.07964,0.07333,0.07553,0,0
ARDR.V,D,20190519,000000,0.07559,0.07886,0.07352,0.07755,0,0
ARDR.V,D,20190520,000000,0.07757,0.07875,0.0726,0.07677,0,0
ARDR.V,D,20190521,000000,0.07674,0.08506,0.07564,0.07938,0,0
ARDR.V,D,20190522,000000,0.07939,0.09332,0.07855,0.08138,0,0
ARDR.V,D,20190523,000000,0.0814,0.08236,0.07543,0.08204,0,0
ARDR.V,D,20190524,000000,0.08207,0.08355,0.08014,0.08133,0,0
ARDR.V,D,20190525,000000,0.08131,0.08264,0.07973,0.08108,0,0
ARDR.V,D,20190526,000000,0.08108,0.08824,0.07884,0.08161,0,0
ARDR.V,D,20190527,000000,0.08162,0.08748,0.08063,0.08621,0,0
ARDR.V,D,20190528,000000,0.08624,0.09508,0.08582,0.08936,0,0
ARDR.V,D,20190529,000000,0.08936,0.09008,0.08358,0.08687,0,0
ARDR.V,D,20190530,000000,0.08689,0.09088,0.07848,0.07963,0,0
ARDR.V,D,20190531,000000,0.07959,0.08697,0.07851,0.08363,0,0
ARDR.V,D,20190601,000000,0.08363,0.08813,0.08327,0.08654,0,0
ARDR.V,D,20190602,000000,0.08654,0.09232,0.08508,0.09091,0,0
ARDR.V,D,20190603,000000,0.09093,0.09707,0.08536,0.08803,0,0
ARDR.V,D,20190604,000000,0.08804,0.08807,0.07743,0.07745,0,0
ARDR.V,D,20190605,000000,0.07715,0.08517,0.0771,0.07998,0,0
ARDR.V,D,20190606,000000,0.07996,0.08247,0.07845,0.08131,0,0
ARDR.V,D,20190607,000000,0.0813,0.1327,0.08088,0.1128,0,0
ARDR.V,D,20190608,000000,0.1127,0.121,0.1016,0.1044,0,0
ARDR.V,D,20190609,000000,0.1044,0.107,0.09393,0.09577,0,0
ARDR.V,D,20190610,000000,0.0959,0.1019,0.09429,0.09921,0,0
ARDR.V,D,20190611,000000,0.09922,0.1063,0.09787,0.1012,0,0
ARDR.V,D,20190612,000000,0.1012,0.1081,0.1009,0.1066,0,0
ARDR.V,D,20190613,000000,0.1066,0.117,0.1018,0.1026,0,0
ARDR.V,D,20190614,000000,0.1027,0.1078,0.09857,0.1017,0,0
ARDR.V,D,20190615,000000,0.1016,0.109,0.101,0.1038,0,0
ARDR.V,D,20190616,000000,0.1038,0.108,0.101,0.1038,0,0
ARDR.V,D,20190617,000000,0.1039,0.1122,0.1033,0.1059,0,0
ARDR.V,D,20190618,000000,0.1058,0.1179,0.1027,0.1088,0,0
ARDR.V,D,20190619,000000,0.1088,0.1458,0.1072,0.1242,0,0
ARDR.V,D,20190620,000000,0.1248,0.1365,0.1173,0.1185,0,0
ARDR.V,D,20190621,000000,0.1185,0.1228,0.1134,0.1146,0,0
ARDR.V,D,20190622,000000,0.1146,0.1274,0.1128,0.1178,0,0
ARDR.V,D,20190623,000000,0.1179,0.1295,0.1162,0.1166,0,0
ARDR.V,D,20190624,000000,0.1165,0.1198,0.1137,0.1163,0,0
ARDR.V,D,20190625,000000,0.1163,0.1259,0.116,0.1212,0,0
ARDR.V,D,20190626,000000,0.121,0.1331,0.1134,0.1169,0,0
ARDR.V,D,20190627,000000,0.1171,0.1235,0.09877,0.1033,0,0
ARDR.V,D,20190628,000000,0.1033,0.1205,0.1015,0.117,0,0
ARDR.V,D,20190629,000000,0.117,0.1309,0.1105,0.1181,0,0
ARDR.V,D,20190630,000000,0.1181,0.1202,0.1093,0.1129,0,0
ARDR.V,D,20190701,000000,0.1128,0.1151,0.1034,0.1071,0,0
ARDR.V,D,20190702,000000,0.107,0.1162,0.1002,0.1151,0,0
ARDR.V,D,20190703,000000,0.115,0.1205,0.1103,0.1139,0,0
ARDR.V,D,20190704,000000,0.1139,0.1234,0.1127,0.1134,0,0
ARDR.V,D,20190705,000000,0.1134,0.1152,0.1063,0.1086,0,0
ARDR.V,D,20190706,000000,0.1086,0.1139,0.1066,0.1077,0,0
ARDR.V,D,20190707,000000,0.1077,0.113,0.1065,0.1105,0,0
ARDR.V,D,20190708,000000,0.1105,0.1164,0.1059,0.1072,0,0
ARDR.V,D,20190709,000000,0.1072,0.1094,0.1026,0.1038,0,0
ARDR.V,D,20190710,000000,0.1038,0.1056,0.08934,0.09047,0,0
ARDR.V,D,20190711,000000,0.0905,0.0926,0.07692,0.07844,0,0
ARDR.V,D,20190712,000000,0.07842,0.08454,0.07772,0.08213,0,0
ARDR.V,D,20190713,000000,0.08212,0.08675,0.07689,0.07805,0,0
ARDR.V,D,20190714,000000,0.07807,0.08066,0.06916,0.0706,0,0
ARDR.V,D,20190715,000000,0.07059,0.07084,0.06162,0.06504,0,0
ARDR.V,D,20190716,000000,0.06508,0.06725,0.05805,0.05961,0,0
ARDR.V,D,20190717,000000,0.0596,0.06264,0.0553,0.06081,0,0
ARDR.V,D,20190718,000000,0.06083,0.06883,0.05917,0.06241,0,0
ARDR.V,D,20190719,000000,0.0624,0.06672,0.06155,0.06613,0,0
ARDR.V,D,20190720,000000,0.06615,0.06984,0.06491,0.06914,0,0
ARDR.V,D,20190721,000000,0.06915,0.06969,0.06491,0.06626,0,0
ARDR.V,D,20190722,000000,0.06627,0.08344,0.06584,0.07538,0,0
ARDR.V,D,20190723,000000,0.07541,0.07896,0.06854,0.06986,0,0
ARDR.V,D,20190724,000000,0.06986,0.07026,0.06395,0.06708,0,0
ARDR.V,D,20190725,000000,0.06707,0.06922,0.0667,0.0683,0,0
ARDR.V,D,20190726,000000,0.0683,0.0704,0.06648,0.06983,0,0
ARDR.V,D,20190727,000000,0.06983,0.08007,0.06733,0.06951,0,0
ARDR.V,D,20190728,000000,0.06951,0.07461,0.06823,0.06941,0,0
ARDR.V,D,20190729,000000,0.06941,0.0703,0.06744,0.06815,0,0
ARDR.V,D,20190730,000000,0.06815,0.07087,0.06625,0.06768,0,0
ARDR.V,D,20190731,000000,0.0676,0.07056,0.06757,0.06874,0,0
ARDR.V,D,20190801,000000,0.06874,0.06967,0.06553,0.06554,0,0
ARDR.V,D,20190802,000000,0.06554,0.06816,0.06417,0.06424,0,0
ARDR.V,D,20190803,000000,0.06422,0.06842,0.06419,0.06729,0,0
ARDR.V,D,20190804,000000,0.0673,0.08183,0.06595,0.06985,0,0
ARDR.V,D,20190805,000000,0.06984,0.07532,0.06668,0.06831,0,0
ARDR.V,D,20190806,000000,0.06831,0.06922,0.06218,0.06244,0,0
ARDR.V,D,20190807,000000,0.06242,0.06369,0.06037,0.06291,0,0
ARDR.V,D,20190808,000000,0.0629,0.06448,0.06112,0.06259,0,0
ARDR.V,D,20190809,000000,0.0626,0.06428,0.05631,0.05709,0,0
ARDR.V,D,20190810,000000,0.05709,0.05944,0.05529,0.05686,0,0
ARDR.V,D,20190811,000000,0.05686,0.05929,0.0565,0.05913,0,0
ARDR.V,D,20190812,000000,0.05913,0.06022,0.0585,0.05936,0,0
ARDR.V,D,20190813,000000,0.05936,0.05971,0.05665,0.05796,0,0
ARDR.V,D,20190814,000000,0.05794,0.05817,0.05408,0.05464,0,0
ARDR.V,D,20190815,000000,0.05465,0.05499,0.05073,0.05346,0,0
ARDR.V,D,20190816,000000,0.05346,0.05569,0.05065,0.05537,0,0
ARDR.V,D,20190817,000000,0.05537,0.05574,0.0529,0.05366,0,0
ARDR.V,D,20190818,000000,0.05366,0.05761,0.05217,0.05608,0,0
ARDR.V,D,20190819,000000,0.05599,0.05717,0.05486,0.05629,0,0
ARDR.V,D,20190820,000000,0.05628,0.05802,0.05573,0.05722,0,0
ARDR.V,D,20190821,000000,0.05723,0.05781,0.05325,0.05419,0,0
ARDR.V,D,20190822,000000,0.05415,0.05731,0.0529,0.05669,0,0
ARDR.V,D,20190823,000000,0.0567,0.0617,0.05613,0.0614,0,0
ARDR.V,D,20190824,000000,0.0615,0.07005,0.06104,0.06439,0,0
ARDR.V,D,20190825,000000,0.06438,0.06534,0.06266,0.06392,0,0
ARDR.V,D,20190826,000000,0.06392,0.07369,0.06347,0.0646,0,0
ARDR.V,D,20190827,000000,0.0646,0.06572,0.06129,0.06137,0,0
ARDR.V,D,20190828,000000,0.06136,0.06226,0.05404,0.05468,0,0
ARDR.V,D,20190829,000000,0.05468,0.05482,0.05028,0.05293,0,0
ARDR.V,D,20190830,000000,0.05294,0.05439,0.05182,0.05356,0,0
ARDR.V,D,20190831,000000,0.05356,0.05397,0.05213,0.05322,0,0
ARDR.V,D,20190901,000000,0.05323,0.05583,0.05286,0.05468,0,0
ARDR.V,D,20190902,000000,0.05468,0.05651,0.05376,0.05615,0,0
ARDR.V,D,20190903,000000,0.05617,0.05743,0.05499,0.05617,0,0
ARDR.V,D,20190904,000000,0.05617,0.06039,0.05521,0.05696,0,0
ARDR.V,D,20190905,000000,0.05697,0.05823,0.05549,0.05649,0,0
ARDR.V,D,20190906,000000,0.0565,0.05802,0.05362,0.05443,0,0
ARDR.V,D,20190907,000000,0.05443,0.0575,0.05352,0.05519,0,0
ARDR.V,D,20190908,000000,0.05517,0.05787,0.05507,0.05691,0,0
ARDR.V,D,20190909,000000,0.05693,0.06826,0.05639,0.05927,0,0
ARDR.V,D,20190910,000000,0.05927,0.06336,0.05812,0.05821,0,0
ARDR.V,D,20190911,000000,0.05842,0.06091,0.05532,0.05576,0,0
ARDR.V,D,20190912,000000,0.05564,0.05678,0.05434,0.05626,0,0
ARDR.V,D,20190913,000000,0.05625,0.05668,0.05455,0.05628,0,0
ARDR.V,D,20190914,000000,0.05628,0.05714,0.05571,0.05667,0,0
ARDR.V,D,20190915,000000,0.05669,0.05861,0.05582,0.0574,0,0
ARDR.V,D,20190916,000000,0.0574,0.0624,0.0573,0.05994,0,0
ARDR.V,D,20190917,000000,0.05994,0.06163,0.05687,0.06023,0,0
ARDR.V,D,20190918,000000,0.06022,0.06802,0.059,0.06152,0,0
ARDR.V,D,20190919,000000,0.06152,0.06205,0.05603,0.0596,0,0
ARDR.V,D,20190920,000000,0.05961,0.06531,0.05854,0.06375,0,0
ARDR.V,D,20190921,000000,0.06374,0.06513,0.06095,0.06155,0,0
ARDR.V,D,20190922,000000,0.06154,0.06988,0.06003,0.06583,0,0
ARDR.V,D,20190923,000000,0.06584,0.06959,0.05905,0.05932,0,0
ARDR.V,D,20190924,000000,0.05931,0.0625,0.05295,0.05489,0,0
ARDR.V,D,20190925,000000,0.05487,0.05513,0.04885,0.05298,0,0
ARDR.V,D,20190926,000000,0.05299,0.05372,0.0474,0.05,0,0
ARDR.V,D,20190927,000000,0.05002,0.05322,0.04962,0.05259,0,0
ARDR.V,D,20190928,000000,0.0526,0.05573,0.05256,0.05433,0,0
ARDR.V,D,20190929,000000,0.05433,0.05568,0.05033,0.0511,0,0
ARDR.V,D,20190930,000000,0.0511,0.0534,0.0511,0.05217,0,0
ARDR.V,D,20191001,000000,0.05215,0.05434,0.05121,0.05212,0,0
ARDR.V,D,20191002,000000,0.05213,0.05519,0.05136,0.05458,0,0
ARDR.V,D,20191003,000000,0.05458,0.05982,0.05426,0.0559,0,0
ARDR.V,D,20191004,000000,0.05589,0.05846,0.05374,0.05769,0,0
ARDR.V,D,20191005,000000,0.05768,0.06086,0.05665,0.05785,0,0
ARDR.V,D,20191006,000000,0.05776,0.05946,0.05402,0.05543,0,0
ARDR.V,D,20191007,000000,0.05543,0.05759,0.05412,0.05676,0,0
ARDR.V,D,20191008,000000,0.05676,0.05918,0.05614,0.0591,0,0
ARDR.V,D,20191009,000000,0.05911,0.06037,0.05713,0.05809,0,0
ARDR.V,D,20191010,000000,0.05809,0.05901,0.05538,0.056,0,0
ARDR.V,D,20191011,000000,0.05602,0.05739,0.05396,0.05496,0,0
ARDR.V,D,20191012,000000,0.05496,0.05659,0.05342,0.05518,0,0
ARDR.V,D,20191013,000000,0.05517,0.05612,0.05368,0.05503,0,0
ARDR.V,D,20191014,000000,0.05492,0.05537,0.0537,0.05444,0,0
ARDR.V,D,20191015,000000,0.05444,0.05537,0.05253,0.05274,0,0
ARDR.V,D,20191016,000000,0.05273,0.05365,0.05012,0.05017,0,0
ARDR.V,D,20191017,000000,0.05017,0.05294,0.04979,0.05256,0,0
ARDR.V,D,20191018,000000,0.05264,0.05332,0.05051,0.05074,0,0
ARDR.V,D,20191019,000000,0.05082,0.0519,0.05049,0.05152,0,0
ARDR.V,D,20191020,000000,0.05151,0.05178,0.05019,0.05097,0,0
ARDR.V,D,20191021,000000,0.05104,0.05133,0.04909,0.0497,0,0
ARDR.V,D,20191022,000000,0.04968,0.05197,0.04937,0.05088,0,0
ARDR.V,D,20191023,000000,0.05088,0.05189,0.04737,0.04841,0,0
ARDR.V,D,20191024,000000,0.0484,0.04883,0.0473,0.04747,0,0
ARDR.V,D,20191025,000000,0.04747,0.05317,0.04746,0.05096,0,0
ARDR.V,D,20191026,000000,0.05095,0.05456,0.04971,0.05089,0,0
ARDR.V,D,20191027,000000,0.05079,0.05646,0.05039,0.05409,0,0
ARDR.V,D,20191028,000000,0.05414,0.05649,0.05351,0.05472,0,0
ARDR.V,D,20191029,000000,0.05473,0.05853,0.05381,0.05538,0,0
ARDR.V,D,20191030,000000,0.05546,0.05675,0.05216,0.05448,0,0
ARDR.V,D,20191031,000000,0.05439,0.05622,0.05308,0.05381,0,0
ARDR.V,D,20191101,000000,0.0538,0.05828,0.05329,0.05632,0,0
ARDR.V,D,20191102,000000,0.05628,0.05666,0.05491,0.05533,0,0
ARDR.V,D,20191103,000000,0.05535,0.05796,0.05452,0.05679,0,0
ARDR.V,D,20191104,000000,0.05681,0.05862,0.05582,0.05678,0,0
ARDR.V,D,20191105,000000,0.05678,0.05731,0.05475,0.0557,0,0
ARDR.V,D,20191106,000000,0.05569,0.05653,0.05473,0.05582,0,0
ARDR.V,D,20191107,000000,0.05589,0.05614,0.05173,0.05451,0,0
ARDR.V,D,20191108,000000,0.05449,0.05518,0.05126,0.05228,0,0
ARDR.V,D,20191109,000000,0.05227,0.05383,0.04944,0.05298,0,0
ARDR.V,D,20191110,000000,0.05291,0.05532,0.05253,0.05478,0,0
ARDR.V,D,20191111,000000,0.05478,0.05594,0.05227,0.05329,0,0
ARDR.V,D,20191112,000000,0.05328,0.05583,0.05272,0.05531,0,0
ARDR.V,D,20191113,000000,0.05532,0.05607,0.05429,0.05523,0,0
ARDR.V,D,20191114,000000,0.0552,0.05559,0.05276,0.05335,0,0
ARDR.V,D,20191115,000000,0.05335,0.05389,0.05183,0.0533,0,0
ARDR.V,D,20191116,000000,0.05331,0.05355,0.04966,0.05259,0,0
ARDR.V,D,20191117,000000,0.05282,0.05449,0.05225,0.05279,0,0
ARDR.V,D,20191118,000000,0.05279,0.05433,0.05114,0.05219,0,0
ARDR.V,D,20191119,000000,0.05219,0.0526,0.04869,0.05008,0,0
ARDR.V,D,20191120,000000,0.05008,0.05168,0.04782,0.05055,0,0
ARDR.V,D,20191121,000000,0.04892,0.05104,0.04601,0.04716,0,0
ARDR.V,D,20191122,000000,0.04716,0.04799,0.04207,0.04486,0,0
ARDR.V,D,20191123,000000,0.04484,0.0461,0.04336,0.04579,0,0
ARDR.V,D,20191124,000000,0.04579,0.04617,0.04304,0.04376,0,0
ARDR.V,D,20191125,000000,0.04375,0.0451,0.04049,0.04429,0,0
ARDR.V,D,20191126,000000,0.04436,0.04771,0.04321,0.04724,0,0
ARDR.V,D,20191127,000000,0.04724,0.05381,0.04494,0.05174,0,0
ARDR.V,D,20191128,000000,0.05175,0.05397,0.05036,0.05057,0,0
ARDR.V,D,20191129,000000,0.05075,0.05324,0.05019,0.05248,0,0
ARDR.V,D,20191130,000000,0.05249,0.05409,0.04992,0.05062,0,0
ARDR.V,D,20191201,000000,0.05062,0.05365,0.04794,0.05227,0,0
ARDR.V,D,20191202,000000,0.05287,0.0543,0.04916,0.0505,0,0
ARDR.V,D,20191203,000000,0.05043,0.05187,0.04826,0.04867,0,0
ARDR.V,D,20191204,000000,0.04875,0.05027,0.04604,0.0469,0,0
ARDR.V,D,20191205,000000,0.0469,0.0478,0.04544,0.04634,0,0
ARDR.V,D,20191206,000000,0.04634,0.04812,0.04584,0.04741,0,0
ARDR.V,D,20191207,000000,0.04763,0.04843,0.0465,0.04725,0,0
ARDR.V,D,20191208,000000,0.04725,0.04821,0.04614,0.04748,0,0
ARDR.V,D,20191209,000000,0.04726,0.0485,0.04601,0.04623,0,0
ARDR.V,D,20191210,000000,0.0466,0.04711,0.04408,0.04431,0,0
ARDR.V,D,20191211,000000,0.04433,0.04541,0.04307,0.04451,0,0
ARDR.V,D,20191212,000000,0.04509,0.04598,0.04302,0.04495,0,0
ARDR.V,D,20191213,000000,0.04496,0.04674,0.04425,0.04568,0,0
ARDR.V,D,20191214,000000,0.04568,0.04628,0.04359,0.04426,0,0
ARDR.V,D,20191215,000000,0.04426,0.04575,0.04322,0.04504,0,0
ARDR.V,D,20191216,000000,0.04517,0.04554,0.04261,0.04276,0,0
ARDR.V,D,20191217,000000,0.04275,0.04429,0.03975,0.04003,0,0
ARDR.V,D,20191218,000000,0.04001,0.04376,0.03879,0.04376,0,0
ARDR.V,D,20191219,000000,0.04399,0.04425,0.04056,0.04162,0,0
ARDR.V,D,20191220,000000,0.04169,0.04211,0.03637,0.03858,0,0
ARDR.V,D,20191221,000000,0.03857,0.0416,0.03855,0.04085,0,0
ARDR.V,D,20191222,000000,0.04085,0.04204,0.04026,0.04101,0,0
ARDR.V,D,20191223,000000,0.04101,0.04213,0.03969,0.04009,0,0
ARDR.V,D,20191224,000000,0.04008,0.04138,0.03879,0.0396,0,0
ARDR.V,D,20191225,000000,0.0396,0.04042,0.03804,0.03874,0,0
ARDR.V,D,20191226,000000,0.03872,0.04008,0.03766,0.03857,0,0
ARDR.V,D,20191227,000000,0.03857,0.03956,0.03787,0.03886,0,0
ARDR.V,D,20191228,000000,0.03886,0.0401,0.03866,0.03956,0,0
ARDR.V,D,20191229,000000,0.03956,0.04045,0.03911,0.03987,0,0
ARDR.V,D,20191230,000000,0.03987,0.04031,0.03852,0.03891,0,0
ARDR.V,D,20191231,000000,0.03891,0.03896,0.03761,0.03803,0,0
ARDR.V,D,20200101,000000,0.03802,0.03968,0.03768,0.03779,0,0
ARDR.V,D,20200102,000000,0.03775,0.03799,0.03645,0.03657,0,0
ARDR.V,D,20200103,000000,0.03657,0.03848,0.03613,0.03785,0,0
ARDR.V,D,20200104,000000,0.03785,0.03914,0.03749,0.03846,0,0
ARDR.V,D,20200105,000000,0.03846,0.03903,0.03825,0.03862,0,0
ARDR.V,D,20200106,000000,0.03862,0.04079,0.03837,0.04057,0,0
ARDR.V,D,20200107,000000,0.04054,0.04105,0.03825,0.03884,0,0
ARDR.V,D,20200108,000000,0.03885,0.04014,0.03689,0.03744,0,0
ARDR.V,D,20200109,000000,0.03744,0.03863,0.03667,0.0371,0,0
ARDR.V,D,20200110,000000,0.0371,0.03942,0.03631,0.03867,0,0
ARDR.V,D,20200111,000000,0.03867,0.04027,0.03791,0.039,0,0
ARDR.V,D,20200112,000000,0.03904,0.04042,0.03797,0.04013,0,0
ARDR.V,D,20200113,000000,0.04039,0.04078,0.03838,0.03899,0,0
ARDR.V,D,20200114,000000,0.03898,0.04195,0.03876,0.04059,0,0
ARDR.V,D,20200115,000000,0.04054,0.04288,0.04006,0.0414,0,0
ARDR.V,D,20200116,000000,0.04139,0.04415,0.04012,0.04383,0,0
ARDR.V,D,20200117,000000,0.04383,0.04558,0.0429,0.04534,0,0
ARDR.V,D,20200118,000000,0.04533,0.04578,0.04409,0.04525,0,0
ARDR.V,D,20200119,000000,0.04525,0.04603,0.04238,0.04318,0,0
ARDR.V,D,20200120,000000,0.04318,0.04407,0.04238,0.04344,0,0
ARDR.V,D,20200121,000000,0.04339,0.04742,0.04291,0.0468,0,0
ARDR.V,D,20200122,000000,0.04714,0.04909,0.04363,0.04427,0,0
ARDR.V,D,20200123,000000,0.04427,0.04452,0.04095,0.04109,0,0
ARDR.V,D,20200124,000000,0.0411,0.04226,0.04006,0.04186,0,0
ARDR.V,D,20200125,000000,0.04186,0.04205,0.04059,0.04141,0,0
ARDR.V,D,20200126,000000,0.04141,0.04292,0.04059,0.04205,0,0
ARDR.V,D,20200127,000000,0.04205,0.04396,0.04175,0.04252,0,0
ARDR.V,D,20200128,000000,0.04253,0.04569,0.04229,0.04416,0,0
ARDR.V,D,20200129,000000,0.04417,0.04522,0.04359,0.04441,0,0
ARDR.V,D,20200130,000000,0.04441,0.04579,0.04296,0.0455,0,0
ARDR.V,D,20200131,000000,0.0455,0.04679,0.04354,0.04652,0,0
ARDR.V,D,20200201,000000,0.04652,0.05294,0.0458,0.05099,0,0
ARDR.V,D,20200202,000000,0.05099,0.05989,0.05046,0.05852,0,0
ARDR.V,D,20200203,000000,0.05832,0.05953,0.05588,0.05611,0,0
ARDR.V,D,20200204,000000,0.0561,0.05637,0.05434,0.05582,0,0
ARDR.V,D,20200205,000000,0.05582,0.05673,0.05346,0.05418,0,0
ARDR.V,D,20200206,000000,0.05418,0.05672,0.0538,0.05507,0,0
ARDR.V,D,20200207,000000,0.05506,0.05605,0.05457,0.05504,0,0
ARDR.V,D,20200208,000000,0.05503,0.05666,0.05414,0.05532,0,0
ARDR.V,D,20200209,000000,0.05522,0.05774,0.05481,0.05724,0,0
ARDR.V,D,20200210,000000,0.05724,0.07072,0.05625,0.06051,0,0
ARDR.V,D,20200211,000000,0.06052,0.06682,0.05851,0.06465,0,0
ARDR.V,D,20200212,000000,0.06465,0.06931,0.06456,0.0672,0,0
ARDR.V,D,20200213,000000,0.06719,0.07118,0.06699,0.06905,0,0
ARDR.V,D,20200214,000000,0.06905,0.07195,0.06778,0.07089,0,0
ARDR.V,D,20200215,000000,0.07089,0.07502,0.06479,0.06521,0,0
ARDR.V,D,20200216,000000,0.06531,0.0678,0.05736,0.0621,0,0
ARDR.V,D,20200217,000000,0.06211,0.0633,0.05708,0.061,0,0
ARDR.V,D,20200218,000000,0.06099,0.06959,0.06062,0.06954,0,0
ARDR.V,D,20200219,000000,0.06953,0.06973,0.06109,0.06319,0,0
ARDR.V,D,20200220,000000,0.06328,0.06338,0.05552,0.05748,0,0
ARDR.V,D,20200221,000000,0.05729,0.06413,0.0569,0.06136,0,0
ARDR.V,D,20200222,000000,0.06135,0.06317,0.05772,0.05918,0,0
ARDR.V,D,20200223,000000,0.05916,0.06207,0.05876,0.06174,0,0
ARDR.V,D,20200224,000000,0.06177,0.0623,0.05705,0.05742,0,0
ARDR.V,D,20200225,000000,0.05741,0.05777,0.05169,0.0522,0,0
ARDR.V,D,20200226,000000,0.05221,0.05236,0.0454,0.04689,0,0
ARDR.V,D,20200227,000000,0.04688,0.05039,0.04493,0.0487,0,0
ARDR.V,D,20200228,000000,0.04865,0.0494,0.0463,0.0475,0,0
ARDR.V,D,20200229,000000,0.04753,0.04919,0.04669,0.04683,0,0
ARDR.V,D,20200301,000000,0.04691,0.0477,0.04553,0.04608,0,0
ARDR.V,D,20200302,000000,0.0461,0.05369,0.04567,0.05311,0,0
ARDR.V,D,20200303,000000,0.05299,0.05408,0.04911,0.04977,0,0
ARDR.V,D,20200304,000000,0.04976,0.05262,0.04958,0.05224,0,0
ARDR.V,D,20200305,000000,0.05234,0.05472,0.05209,0.05413,0,0
ARDR.V,D,20200306,000000,0.05413,0.05715,0.05389,0.0564,0,0
ARDR.V,D,20200307,000000,0.0564,0.05845,0.05413,0.05511,0,0
ARDR.V,D,20200308,000000,0.05511,0.05663,0.04772,0.04786,0,0
ARDR.V,D,20200309,000000,0.04784,0.04867,0.04494,0.04642,0,0
ARDR.V,D,20200310,000000,0.0464,0.0479,0.04565,0.04712,0,0
ARDR.V,D,20200311,000000,0.04711,0.04746,0.04305,0.04479,0,0
ARDR.V,D,20200312,000000,0.04475,0.04511,0.03051,0.03187,0,0
ARDR.V,D,20200313,000000,0.03189,0.03363,0.02309,0.03121,0,0
ARDR.V,D,20200314,000000,0.0312,0.03237,0.02864,0.03075,0,0
ARDR.V,D,20200315,000000,0.03071,0.03507,0.0299,0.03212,0,0
ARDR.V,D,20200316,000000,0.0321,0.03263,0.02598,0.02809,0,0
ARDR.V,D,20200317,000000,0.0281,0.0313,0.02799,0.03054,0,0
ARDR.V,D,20200318,000000,0.03053,0.0324,0.02888,0.03208,0,0
ARDR.V,D,20200319,000000,0.03209,0.03692,0.03202,0.03604,0,0
ARDR.V,D,20200320,000000,0.03605,0.03889,0.03257,0.03554,0,0
ARDR.V,D,20200321,000000,0.03542,0.03668,0.03347,0.03456,0,0
ARDR.V,D,20200322,000000,0.03452,0.03671,0.03201,0.0322,0,0
ARDR.V,D,20200323,000000,0.03256,0.03468,0.0309,0.03403,0,0
ARDR.V,D,20200324,000000,0.03403,0.03493,0.03257,0.03427,0,0
ARDR.V,D,20200325,000000,0.03413,0.03451,0.03229,0.03345,0,0
ARDR.V,D,20200326,000000,0.0335,0.03938,0.03278,0.03484,0,0
ARDR.V,D,20200327,000000,0.03483,0.03516,0.03336,0.03417,0,0
ARDR.V,D,20200328,000000,0.03416,0.03424,0.03043,0.03159,0,0
ARDR.V,D,20200329,000000,0.03158,0.03179,0.02959,0.02975,0,0
ARDR.V,D,20200330,000000,0.02974,0.03302,0.02947,0.03286,0,0
ARDR.V,D,20200331,000000,0.03287,0.03357,0.03218,0.03294,0,0
ARDR.V,D,20200401,000000,0.03294,0.0332,0.03135,0.03233,0,0
ARDR.V,D,20200402,000000,0.03233,0.03536,0.03232,0.03299,0,0
ARDR.V,D,20200403,000000,0.03297,0.03384,0.03225,0.03275,0,0
ARDR.V,D,20200404,000000,0.03275,0.03371,0.03231,0.03338,0,0
ARDR.V,D,20200405,000000,0.03338,0.03381,0.03203,0.03208,0,0
ARDR.V,D,20200406,000000,0.03208,0.03454,0.03196,0.03428,0,0
ARDR.V,D,20200407,000000,0.03429,0.03591,0.03354,0.03384,0,0
ARDR.V,D,20200408,000000,0.03382,0.03582,0.03365,0.03572,0,0
ARDR.V,D,20200409,000000,0.03572,0.03755,0.03505,0.03556,0,0
ARDR.V,D,20200410,000000,0.03557,0.03584,0.03299,0.03419,0,0
ARDR.V,D,20200411,000000,0.03418,0.03449,0.03291,0.03327,0,0
ARDR.V,D,20200412,000000,0.03328,0.03468,0.03279,0.03394,0,0
ARDR.V,D,20200413,000000,0.03394,0.03403,0.03151,0.03242,0,0
ARDR.V,D,20200414,000000,0.03243,0.03434,0.03218,0.03355,0,0
ARDR.V,D,20200415,000000,0.03356,0.03475,0.03323,0.03345,0,0
ARDR.V,D,20200416,000000,0.03345,0.03521,0.03214,0.03441,0,0
ARDR.V,D,20200417,000000,0.03441,0.03494,0.03347,0.03371,0,0
ARDR.V,D,20200418,000000,0.03371,0.0365,0.03347,0.03587,0,0
ARDR.V,D,20200419,000000,0.03601,0.03658,0.03444,0.03495,0,0
ARDR.V,D,20200420,000000,0.03493,0.03556,0.03258,0.03314,0,0
ARDR.V,D,20200421,000000,0.0332,0.03454,0.0325,0.03313,0,0
ARDR.V,D,20200422,000000,0.03313,0.03449,0.03261,0.03409,0,0
ARDR.V,D,20200423,000000,0.03402,0.03701,0.03346,0.03573,0,0
ARDR.V,D,20200424,000000,0.03572,0.0363,0.03492,0.03593,0,0
ARDR.V,D,20200425,000000,0.03591,0.03791,0.03557,0.03668,0,0
ARDR.V,D,20200426,000000,0.03668,0.03756,0.03625,0.0371,0,0
ARDR.V,D,20200427,000000,0.03711,0.03787,0.03524,0.03591,0,0
ARDR.V,D,20200428,000000,0.0359,0.0383,0.03578,0.03816,0,0
ARDR.V,D,20200429,000000,0.03815,0.04051,0.03776,0.0392,0,0
ARDR.V,D,20200430,000000,0.03919,0.04051,0.03657,0.03849,0,0
ARDR.V,D,20200501,000000,0.03847,0.04266,0.03732,0.04034,0,0
ARDR.V,D,20200502,000000,0.04035,0.04315,0.03928,0.04094,0,0
ARDR.V,D,20200503,000000,0.04093,0.04232,0.03914,0.03953,0,0
ARDR.V,D,20200504,000000,0.03952,0.04008,0.03705,0.03966,0,0
ARDR.V,D,20200505,000000,0.03966,0.03973,0.03819,0.03849,0,0
ARDR.V,D,20200506,000000,0.03849,0.04053,0.03838,0.03885,0,0
ARDR.V,D,20200507,000000,0.03885,0.04013,0.03796,0.03973,0,0
ARDR.V,D,20200508,000000,0.03982,0.04105,0.0388,0.04024,0,0
ARDR.V,D,20200509,000000,0.04025,0.041,0.03925,0.03987,0,0
ARDR.V,D,20200510,000000,0.03987,0.04005,0.03412,0.03682,0,0
ARDR.V,D,20200511,000000,0.03682,0.03788,0.03437,0.03586,0,0
ARDR.V,D,20200512,000000,0.03577,0.03781,0.03535,0.03684,0,0
ARDR.V,D,20200513,000000,0.03685,0.03845,0.03666,0.03792,0,0
ARDR.V,D,20200514,000000,0.03792,0.03871,0.03714,0.03805,0,0
ARDR.V,D,20200515,000000,0.03804,0.04149,0.03647,0.03888,0,0
ARDR.V,D,20200516,000000,0.03889,0.03973,0.03813,0.03894,0,0
ARDR.V,D,20200517,000000,0.03894,0.04068,0.03879,0.03983,0,0
ARDR.V,D,20200518,000000,0.03983,0.0408,0.03912,0.0403,0,0
ARDR.V,D,20200519,000000,0.04031,0.04061,0.03875,0.04,0,0
ARDR.V,D,20200520,000000,0.04,0.04061,0.03825,0.03935,0,0
ARDR.V,D,20200521,000000,0.03935,0.03987,0.03699,0.03823,0,0
ARDR.V,D,20200522,000000,0.03823,0.08278,0.03793,0.05441,0,0
ARDR.V,D,20200523,000000,0.05413,0.05888,0.04984,0.05122,0,0
ARDR.V,D,20200524,000000,0.05122,0.05442,0.04635,0.04781,0,0
ARDR.V,D,20200525,000000,0.04783,0.04904,0.04577,0.04904,0,0
ARDR.V,D,20200526,000000,0.04914,0.05158,0.04621,0.04761,0,0
ARDR.V,D,20200527,000000,0.0476,0.04822,0.04524,0.04542,0,0
ARDR.V,D,20200528,000000,0.04542,0.04689,0.04494,0.0455,0,0
ARDR.V,D,20200529,000000,0.04549,0.04779,0.04524,0.04705,0,0
ARDR.V,D,20200530,000000,0.04705,0.04741,0.04633,0.04675,0,0
ARDR.V,D,20200531,000000,0.04675,0.05212,0.04602,0.04637,0,0
ARDR.V,D,20200601,000000,0.04637,0.04893,0.04634,0.04845,0,0
ARDR.V,D,20200602,000000,0.04846,0.04927,0.04434,0.04591,0,0
ARDR.V,D,20200603,000000,0.04591,0.05233,0.04573,0.05012,0,0
ARDR.V,D,20200604,000000,0.05013,0.05136,0.04918,0.05114,0,0
ARDR.V,D,20200605,000000,0.05114,0.05268,0.04974,0.05004,0,0
ARDR.V,D,20200606,000000,0.05005,0.05144,0.04945,0.0508,0,0
ARDR.V,D,20200607,000000,0.0508,0.05108,0.0476,0.04923,0,0
ARDR.V,D,20200608,000000,0.04923,0.05153,0.04835,0.05128,0,0
ARDR.V,D,20200609,000000,0.05128,0.05166,0.04993,0.05078,0,0
ARDR.V,D,20200610,000000,0.05078,0.05417,0.05046,0.05292,0,0
ARDR.V,D,20200611,000000,0.05292,0.05658,0.04916,0.05019,0,0
ARDR.V,D,20200612,000000,0.05018,0.05202,0.04786,0.05201,0,0
ARDR.V,D,20200613,000000,0.05202,0.05494,0.05138,0.05363,0,0
ARDR.V,D,20200614,000000,0.05363,0.05802,0.05206,0.05267,0,0
ARDR.V,D,20200615,000000,0.05268,0.05547,0.04785,0.05332,0,0
ARDR.V,D,20200616,000000,0.05332,0.05508,0.05159,0.05248,0,0
ARDR.V,D,20200617,000000,0.05247,0.05264,0.04975,0.0511,0,0
ARDR.V,D,20200618,000000,0.05109,0.0534,0.05091,0.05189,0,0
ARDR.V,D,20200619,000000,0.05188,0.05559,0.05045,0.05268,0,0
ARDR.V,D,20200620,000000,0.05269,0.05456,0.0522,0.05333,0,0
ARDR.V,D,20200621,000000,0.05333,0.05634,0.05331,0.05467,0,0
ARDR.V,D,20200622,000000,0.05467,0.05593,0.05381,0.05475,0,0
ARDR.V,D,20200623,000000,0.05474,0.0555,0.05335,0.05375,0,0
ARDR.V,D,20200624,000000,0.05374,0.0542,0.0494,0.04985,0,0
ARDR.V,D,20200625,000000,0.04985,0.05072,0.04818,0.0493,0,0
ARDR.V,D,20200626,000000,0.0493,0.05403,0.04887,0.05193,0,0
ARDR.V,D,20200627,000000,0.05193,0.05241,0.04701,0.04783,0,0
ARDR.V,D,20200628,000000,0.04801,0.04904,0.04636,0.04836,0,0
ARDR.V,D,20200629,000000,0.04845,0.04856,0.04743,0.04827,0,0
ARDR.V,D,20200630,000000,0.04827,0.04904,0.04716,0.04738,0,0
ARDR.V,D,20200701,000000,0.04737,0.04988,0.04682,0.04751,0,0
ARDR.V,D,20200702,000000,0.04751,0.04854,0.04635,0.04713,0,0
ARDR.V,D,20200703,000000,0.04708,0.04784,0.04661,0.04778,0,0
ARDR.V,D,20200704,000000,0.04769,0.05117,0.04759,0.05046,0,0
ARDR.V,D,20200705,000000,0.05046,0.05083,0.04922,0.04972,0,0
ARDR.V,D,20200706,000000,0.04972,0.05245,0.04972,0.05143,0,0
ARDR.V,D,20200707,000000,0.05141,0.05266,0.05002,0.0504,0,0
ARDR.V,D,20200708,000000,0.0504,0.0529,0.05018,0.05283,0,0
ARDR.V,D,20200709,000000,0.05284,0.05462,0.05102,0.05219,0,0
ARDR.V,D,20200710,000000,0.05219,0.05282,0.05091,0.0517,0,0
ARDR.V,D,20200711,000000,0.05172,0.05367,0.05154,0.05341,0,0
ARDR.V,D,20200712,000000,0.05341,0.05363,0.05163,0.05163,0,0
ARDR.V,D,20200713,000000,0.05163,0.0546,0.05095,0.05281,0,0
ARDR.V,D,20200714,000000,0.05282,0.05282,0.0493,0.05075,0,0
ARDR.V,D,20200715,000000,0.05075,0.05356,0.04936,0.05268,0,0
ARDR.V,D,20200716,000000,0.05269,0.06521,0.0526,0.05896,0,0
ARDR.V,D,20200717,000000,0.05887,0.06462,0.05644,0.05758,0,0
ARDR.V,D,20200718,000000,0.05746,0.05864,0.05536,0.05784,0,0
ARDR.V,D,20200719,000000,0.05784,0.05855,0.05469,0.05551,0,0
ARDR.V,D,20200720,000000,0.05551,0.06103,0.05506,0.05963,0,0
ARDR.V,D,20200721,000000,0.05945,0.06129,0.05789,0.0593,0,0
ARDR.V,D,20200722,000000,0.0592,0.06274,0.05906,0.06089,0,0
ARDR.V,D,20200723,000000,0.0609,0.06315,0.05815,0.06069,0,0
ARDR.V,D,20200724,000000,0.0605,0.0627,0.05899,0.05959,0,0
ARDR.V,D,20200725,000000,0.05959,0.06039,0.05624,0.05773,0,0
ARDR.V,D,20200726,000000,0.05763,0.05863,0.05446,0.05597,0,0
ARDR.V,D,20200727,000000,0.05587,0.06042,0.04696,0.05118,0,0
ARDR.V,D,20200728,000000,0.05128,0.05632,0.05037,0.05457,0,0
ARDR.V,D,20200729,000000,0.05457,0.05861,0.05442,0.05621,0,0
