<TICKER>,<PER>,<DATE>,<TIME>,<OPEN>,<HIGH>,<LOW>,<CLOSE>,<VOL>,<OPENINT>
BCH.V,D,20170801,000000,421,488.8,218.39,439.27,0,0
BCH.V,D,20170802,000000,439.27,974.71,362.02,551.59,0,0
BCH.V,D,20170803,000000,551.59,635.73,381.08,405.92,0,0
BCH.V,D,20170804,000000,405.92,414.38,252.57,253.13,0,0
BCH.V,D,20170805,000000,253.13,294.84,206.64,220.3,0,0
BCH.V,D,20170806,000000,220.3,241.87,210.13,241.87,0,0
BCH.V,D,20170807,000000,241.87,411.56,239.47,322.6,0,0
BCH.V,D,20170808,000000,322.6,388.34,310.51,343.43,0,0
BCH.V,D,20170809,000000,343.43,349.93,289.74,301.17,0,0
BCH.V,D,20170810,000000,301.17,312.53,268.44,274.48,0,0
BCH.V,D,20170811,000000,274.48,352.53,271.46,326.26,0,0
BCH.V,D,20170812,000000,326.26,344.59,311.04,316,0,0
BCH.V,D,20170813,000000,316,317.69,293.93,295.15,0,0
BCH.V,D,20170814,000000,295.15,329.77,291.25,300.03,0,0
BCH.V,D,20170815,000000,300.03,307.42,290.02,297.36,0,0
BCH.V,D,20170816,000000,297.36,309.36,285.48,299.68,0,0
BCH.V,D,20170817,000000,299.68,449.75,292.4,445.19,0,0
BCH.V,D,20170818,000000,445.19,777.54,437.81,689.83,0,0
BCH.V,D,20170819,000000,689.83,965.48,604.03,738.54,0,0
BCH.V,D,20170820,000000,738.54,849.16,677.96,719.27,0,0
BCH.V,D,20170821,000000,719.27,749.65,557.92,605.22,0,0
BCH.V,D,20170822,000000,605.22,734.16,566.86,684.6,0,0
BCH.V,D,20170823,000000,684.6,710.85,651.32,674.08,0,0
BCH.V,D,20170824,000000,674.08,701.11,601.6,619.83,0,0
BCH.V,D,20170825,000000,619.83,664.74,615.09,632.48,0,0
BCH.V,D,20170826,000000,632.48,638.56,612.25,621.43,0,0
BCH.V,D,20170827,000000,621.43,651.88,581.68,616.29,0,0
BCH.V,D,20170828,000000,616.29,626.64,581.81,591.11,0,0
BCH.V,D,20170829,000000,591.11,596.56,524.32,544.74,0,0
BCH.V,D,20170830,000000,544.74,613.18,529.64,580.34,0,0
BCH.V,D,20170831,000000,580.34,609.23,570.5,592.59,0,0
BCH.V,D,20170901,000000,592.59,653.56,586.63,628.73,0,0
BCH.V,D,20170902,000000,628.73,645.8,560.98,572.65,0,0
BCH.V,D,20170903,000000,572.65,622.73,559.22,609.85,0,0
BCH.V,D,20170904,000000,609.85,611.5,496.84,519.3,0,0
BCH.V,D,20170905,000000,519.3,560.22,472.51,546.74,0,0
BCH.V,D,20170906,000000,546.74,657.3,539.13,647.64,0,0
BCH.V,D,20170907,000000,647.64,718.92,604.32,667.56,0,0
BCH.V,D,20170908,000000,667.56,698.49,573.09,605.66,0,0
BCH.V,D,20170909,000000,605.66,610.28,565.57,586.24,0,0
BCH.V,D,20170910,000000,586.24,586.81,524.98,556.9,0,0
BCH.V,D,20170911,000000,556.9,590.17,550.1,556.02,0,0
BCH.V,D,20170912,000000,556.02,577.62,530.07,536.96,0,0
BCH.V,D,20170913,000000,536.96,538.98,471.08,506.49,0,0
BCH.V,D,20170914,000000,506.49,515.58,385.45,386.49,0,0
BCH.V,D,20170915,000000,386.49,454.21,301.55,428.88,0,0
BCH.V,D,20170916,000000,428.88,470.7,411.53,443.21,0,0
BCH.V,D,20170917,000000,443.21,450.88,407.81,439.07,0,0
BCH.V,D,20170918,000000,439.07,492.49,438.38,486.03,0,0
BCH.V,D,20170919,000000,486.03,548.13,454.77,530.6,0,0
BCH.V,D,20170920,000000,530.6,530.64,475.32,477.25,0,0
BCH.V,D,20170921,000000,477.25,484.72,413.8,416.13,0,0
BCH.V,D,20170922,000000,416.13,434.17,395.09,409.63,0,0
BCH.V,D,20170923,000000,409.63,436.14,403.33,430.31,0,0
BCH.V,D,20170924,000000,430.31,434.34,416.62,421.19,0,0
BCH.V,D,20170925,000000,421.19,458.18,420.14,450.85,0,0
BCH.V,D,20170926,000000,450.85,463.55,448.95,449.56,0,0
BCH.V,D,20170927,000000,449.56,468.64,439.9,464.14,0,0
BCH.V,D,20170928,000000,464.14,481.59,442.15,458.15,0,0
BCH.V,D,20170929,000000,458.15,459.63,430.44,440.55,0,0
BCH.V,D,20170930,000000,440.55,454.85,433.77,435.95,0,0
BCH.V,D,20171001,000000,435.95,440.56,417.1,418.05,0,0
BCH.V,D,20171002,000000,418.05,432.22,410.32,419.68,0,0
BCH.V,D,20171003,000000,419.68,420.69,393.03,401.41,0,0
BCH.V,D,20171004,000000,401.41,403.22,351.3,355.75,0,0
BCH.V,D,20171005,000000,355.75,368.14,343.72,354.4,0,0
BCH.V,D,20171006,000000,354.4,374.54,352.91,363.22,0,0
BCH.V,D,20171007,000000,363.22,368.17,354.21,359.81,0,0
BCH.V,D,20171008,000000,359.81,363.79,335.7,343.52,0,0
BCH.V,D,20171009,000000,343.52,343.95,282.18,312.43,0,0
BCH.V,D,20171010,000000,312.43,350.11,304.52,317.19,0,0
BCH.V,D,20171011,000000,317.19,320.54,309.23,314.21,0,0
BCH.V,D,20171012,000000,314.21,331.11,306.25,310.56,0,0
BCH.V,D,20171013,000000,310.56,324.32,291.98,320.11,0,0
BCH.V,D,20171014,000000,320.11,327.54,314.65,321.67,0,0
BCH.V,D,20171015,000000,321.67,323.38,307.61,314.1,0,0
BCH.V,D,20171016,000000,314.05,317.85,310.07,313.94,0,0
BCH.V,D,20171017,000000,313.99,399.86,308.23,367.84,0,0
BCH.V,D,20171018,000000,367.94,374.16,305.96,338.72,0,0
BCH.V,D,20171019,000000,338.77,339,323.81,329.66,0,0
BCH.V,D,20171020,000000,329.6,333.91,320.67,326.03,0,0
BCH.V,D,20171021,000000,326.15,329.13,313.13,322.12,0,0
BCH.V,D,20171022,000000,321.94,358.27,318.36,325.88,0,0
BCH.V,D,20171023,000000,324.88,329.97,300.26,312.05,0,0
BCH.V,D,20171024,000000,312.05,337.42,303.73,322.28,0,0
BCH.V,D,20171025,000000,322.72,331.41,315.28,329.47,0,0
BCH.V,D,20171026,000000,329.31,350.73,325.66,335.68,0,0
BCH.V,D,20171027,000000,335.75,373.46,335.63,363.84,0,0
BCH.V,D,20171028,000000,363.82,420.87,363.13,417.22,0,0
BCH.V,D,20171029,000000,416.77,523.08,400.41,451.91,0,0
BCH.V,D,20171030,000000,451.91,482.58,416.06,444.93,0,0
BCH.V,D,20171031,000000,444.93,456.3,426.3,435.48,0,0
BCH.V,D,20171101,000000,435.48,546.11,434.45,529.88,0,0
BCH.V,D,20171102,000000,530.24,593.68,492.39,562.79,0,0
BCH.V,D,20171103,000000,563.21,686.21,558.53,626.04,0,0
BCH.V,D,20171104,000000,626.02,641.55,563.07,614.26,0,0
BCH.V,D,20171105,000000,614.26,637.29,570.83,625.72,0,0
BCH.V,D,20171106,000000,625.72,656.75,588.18,588.68,0,0
BCH.V,D,20171107,000000,588.55,617.44,584.38,603.26,0,0
BCH.V,D,20171108,000000,603.17,644.2,522.79,617.41,0,0
BCH.V,D,20171109,000000,617,675.39,612.32,650.09,0,0
BCH.V,D,20171110,000000,650.09,1029.27,647.39,995.4,0,0
BCH.V,D,20171111,000000,989.87,1414.14,897.92,1325.56,0,0
BCH.V,D,20171112,000000,1325.56,2694.37,1187.01,1374.39,0,0
BCH.V,D,20171113,000000,1369.5,1515.47,1012.22,1346.96,0,0
BCH.V,D,20171114,000000,1346.96,1374.76,1186.56,1251.63,0,0
BCH.V,D,20171115,000000,1251.62,1318.8,1164.95,1187.03,0,0
BCH.V,D,20171116,000000,1185.84,1193.4,873.44,896.51,0,0
BCH.V,D,20171117,000000,897.76,1209.41,856.95,1175.54,0,0
BCH.V,D,20171118,000000,1177.05,1371.18,1174.86,1243.86,0,0
BCH.V,D,20171119,000000,1242.89,1257.17,1132.28,1176.66,0,0
BCH.V,D,20171120,000000,1177.07,1252.75,1170.82,1245.28,0,0
BCH.V,D,20171121,000000,1245.28,1247.73,1146.25,1169.9,0,0
BCH.V,D,20171122,000000,1169.9,1346.06,1164.3,1298.62,0,0
BCH.V,D,20171123,000000,1297.83,1663.3,1293.66,1662.21,0,0
BCH.V,D,20171124,000000,1662.4,1765.76,1529.13,1625.05,0,0
BCH.V,D,20171125,000000,1625.05,1635.9,1517.64,1546.22,0,0
BCH.V,D,20171126,000000,1546.46,1729,1528.69,1719.36,0,0
BCH.V,D,20171127,000000,1718.73,1720.27,1557.31,1587.66,0,0
BCH.V,D,20171128,000000,1587.58,1592.39,1469.1,1481.93,0,0
BCH.V,D,20171129,000000,1481.92,1627.86,1277.59,1333.15,0,0
BCH.V,D,20171130,000000,1333.52,1415.75,1174.84,1318.42,0,0
BCH.V,D,20171201,000000,1318.42,1451.12,1243.5,1426.5,0,0
BCH.V,D,20171202,000000,1426.57,1464.77,1371.13,1390.58,0,0
BCH.V,D,20171203,000000,1390.92,1621.91,1378.47,1511.46,0,0
BCH.V,D,20171204,000000,1511.37,1543.78,1438.56,1540.7,0,0
BCH.V,D,20171205,000000,1540.64,1581.8,1410.56,1421.42,0,0
BCH.V,D,20171206,000000,1421.41,1461.22,1309.53,1349.75,0,0
BCH.V,D,20171207,000000,1349.74,1363.09,1217.38,1230,0,0
BCH.V,D,20171208,000000,1229.9,1560.71,1137.42,1383.3,0,0
BCH.V,D,20171209,000000,1383.33,1466.48,1305.28,1369.36,0,0
BCH.V,D,20171210,000000,1369.53,1369.53,1186.48,1289.78,0,0
BCH.V,D,20171211,000000,1289.42,1429.02,1288.39,1402.18,0,0
BCH.V,D,20171212,000000,1402.35,1601.28,1330.78,1543.45,0,0
BCH.V,D,20171213,000000,1544.92,1664.79,1444.1,1572.91,0,0
BCH.V,D,20171214,000000,1572.91,2053.26,1561.3,1933.27,0,0
BCH.V,D,20171215,000000,1933.27,1939.79,1630.62,1795.31,0,0
BCH.V,D,20171216,000000,1797.03,1864.87,1733.98,1773.75,0,0
BCH.V,D,20171217,000000,1773.75,1904.01,1773.1,1827.41,0,0
BCH.V,D,20171218,000000,1827.41,2311.36,1750.39,2146.79,0,0
BCH.V,D,20171219,000000,2146.46,2827.39,2075.48,2670.97,0,0
BCH.V,D,20171220,000000,2670.97,4112.39,2665.55,3715.91,0,0
BCH.V,D,20171221,000000,3715.91,3717.55,2857.3,3084.09,0,0
BCH.V,D,20171222,000000,3084.09,3163.97,1716.84,2521.46,0,0
BCH.V,D,20171223,000000,2521.45,3249.32,2466.89,2991.57,0,0
BCH.V,D,20171224,000000,2991.58,2997.03,2463.15,2797.92,0,0
BCH.V,D,20171225,000000,2797.92,2883.55,2600.42,2739.94,0,0
BCH.V,D,20171226,000000,2739.94,2929.03,2720.99,2921.84,0,0
BCH.V,D,20171227,000000,2921.89,2924.47,2568.85,2710.64,0,0
BCH.V,D,20171228,000000,2710.64,2727.03,2291.94,2484.96,0,0
BCH.V,D,20171229,000000,2486.54,2884.96,2311.24,2619.32,0,0
BCH.V,D,20171230,000000,2622.42,2634.36,2103.91,2209.96,0,0
BCH.V,D,20171231,000000,2210.18,2485.77,2165.12,2371.83,0,0
BCH.V,D,20180101,000000,2371.83,2413.01,2258.29,2319.12,0,0
BCH.V,D,20180102,000000,2319.12,2719.88,2314.12,2555.49,0,0
BCH.V,D,20180103,000000,2555.49,2776.56,2517.54,2557.52,0,0
BCH.V,D,20180104,000000,2556.37,2558.9,2315.7,2355.78,0,0
BCH.V,D,20180105,000000,2355.68,2523.51,2306.49,2390.04,0,0
BCH.V,D,20180106,000000,2390.04,2639.55,2326.08,2533.24,0,0
BCH.V,D,20180107,000000,2533.24,2760.35,2492.92,2530.44,0,0
BCH.V,D,20180108,000000,2530.5,2572.13,2207.35,2404.74,0,0
BCH.V,D,20180109,000000,2404.74,2489.58,2319.19,2376.68,0,0
BCH.V,D,20180110,000000,2376.68,2944.89,2291.94,2856.93,0,0
BCH.V,D,20180111,000000,2856.94,2952.68,2341.77,2437.92,0,0
BCH.V,D,20180112,000000,2437.92,2628.15,2372.67,2596.2,0,0
BCH.V,D,20180113,000000,2596.21,2869.38,2561.7,2664.9,0,0
BCH.V,D,20180114,000000,2664.98,2728.55,2441.03,2530.21,0,0
BCH.V,D,20180115,000000,2530.59,2558.33,2352.1,2394.05,0,0
BCH.V,D,20180116,000000,2394.02,2411.97,1525.13,1761.61,0,0
BCH.V,D,20180117,000000,1760.95,1903.53,1342.05,1748.8,0,0
BCH.V,D,20180118,000000,1748.8,1881.06,1681.82,1708.87,0,0
BCH.V,D,20180119,000000,1708.87,1853.19,1693.94,1756.72,0,0
BCH.V,D,20180120,000000,1756.72,2114.15,1753.95,2024.32,0,0
BCH.V,D,20180121,000000,2024.32,2025.18,1709.25,1772.37,0,0
BCH.V,D,20180122,000000,1772.37,1805.85,1509.89,1606.05,0,0
BCH.V,D,20180123,000000,1606.05,1692.62,1490.35,1614.46,0,0
BCH.V,D,20180124,000000,1614.46,1676.53,1558.92,1653.46,0,0
BCH.V,D,20180125,000000,1653.46,1699.85,1601.87,1649.03,0,0
BCH.V,D,20180126,000000,1649.01,1672.5,1486.69,1553.72,0,0
BCH.V,D,20180127,000000,1553.85,1664.05,1553.85,1642.41,0,0
BCH.V,D,20180128,000000,1641.74,1753.71,1627.27,1742.5,0,0
BCH.V,D,20180129,000000,1742.74,1753.3,1630.99,1632.67,0,0
BCH.V,D,20180130,000000,1632.7,1653.43,1468.48,1493.46,0,0
BCH.V,D,20180131,000000,1492.5,1519.62,1399.3,1466.51,0,0
BCH.V,D,20180201,000000,1465.88,1497.04,1205.44,1261.54,0,0
BCH.V,D,20180202,000000,1262.16,1282.19,968.68,1184.75,0,0
BCH.V,D,20180203,000000,1184.84,1318.13,1067.27,1266.86,0,0
BCH.V,D,20180204,000000,1265.03,1289.3,1093.1,1165.5,0,0
BCH.V,D,20180205,000000,1167.45,1174.98,828.12,883.71,0,0
BCH.V,D,20180206,000000,882.55,973.91,759.48,947.94,0,0
BCH.V,D,20180207,000000,948.76,1035.77,896.53,998.27,0,0
BCH.V,D,20180208,000000,998.27,1353.3,948.65,1321.1,0,0
BCH.V,D,20180209,000000,1320.09,1337.47,1192.81,1291.86,0,0
BCH.V,D,20180210,000000,1291.96,1380.88,1198.81,1241.54,0,0
BCH.V,D,20180211,000000,1243.31,1297.16,1189.09,1246.16,0,0
BCH.V,D,20180212,000000,1246.63,1292.07,1202.92,1276.44,0,0
BCH.V,D,20180213,000000,1276.49,1292.96,1200.54,1223,0,0
BCH.V,D,20180214,000000,1223.14,1376.01,1219.84,1354.16,0,0
BCH.V,D,20180215,000000,1353.96,1392.52,1311.11,1365.34,0,0
BCH.V,D,20180216,000000,1363.05,1547.04,1356.14,1495.63,0,0
BCH.V,D,20180217,000000,1494.36,1553.34,1493.88,1530.71,0,0
BCH.V,D,20180218,000000,1530.78,1635.21,1395.59,1473.35,0,0
BCH.V,D,20180219,000000,1473.5,1543.78,1451.6,1520,0,0
BCH.V,D,20180220,000000,1516.86,1553.67,1403.86,1432.2,0,0
BCH.V,D,20180221,000000,1431.27,1431.27,1269.33,1288.29,0,0
BCH.V,D,20180222,000000,1288.41,1341.78,1178.29,1208.69,0,0
BCH.V,D,20180223,000000,1207.94,1313.93,1149.05,1260.45,0,0
BCH.V,D,20180224,000000,1260.68,1299.63,1136.52,1152.26,0,0
BCH.V,D,20180225,000000,1151.61,1203.5,1137.31,1190.5,0,0
BCH.V,D,20180226,000000,1190.49,1269.98,1143.16,1253.23,0,0
BCH.V,D,20180227,000000,1253.48,1295.46,1220.6,1250.46,0,0
BCH.V,D,20180228,000000,1250.24,1275.35,1199.26,1212.68,0,0
BCH.V,D,20180301,000000,1212.66,1303.07,1189.85,1287.4,0,0
BCH.V,D,20180302,000000,1287.62,1303.05,1254.94,1286.97,0,0
BCH.V,D,20180303,000000,1286.97,1298.19,1258.75,1267.24,0,0
BCH.V,D,20180304,000000,1267.16,1283.66,1224.57,1282.16,0,0
BCH.V,D,20180305,000000,1282.16,1291.64,1267.96,1273.52,0,0
BCH.V,D,20180306,000000,1273.85,1276.23,1176.65,1212.02,0,0
BCH.V,D,20180307,000000,1211.04,1223.3,1041.27,1109.13,0,0
BCH.V,D,20180308,000000,1108.18,1115.84,999.8,1024.08,0,0
BCH.V,D,20180309,000000,1024.04,1047.71,927.36,1047.67,0,0
BCH.V,D,20180310,000000,1047.77,1089.16,991.44,1001.33,0,0
BCH.V,D,20180311,000000,1001.32,1157.07,969.79,1131.92,0,0
BCH.V,D,20180312,000000,1131.11,1150.21,1013.13,1040.17,0,0
BCH.V,D,20180313,000000,1040.75,1098.71,995.44,1060.6,0,0
BCH.V,D,20180314,000000,1060.54,1072.34,918.79,937.71,0,0
BCH.V,D,20180315,000000,937.72,957.81,874.8,950.84,0,0
BCH.V,D,20180316,000000,951.17,1061.7,898.15,999.66,0,0
BCH.V,D,20180317,000000,999.62,1030.48,929.61,972.31,0,0
BCH.V,D,20180318,000000,971.95,974.55,848.6,925.63,0,0
BCH.V,D,20180319,000000,925.91,999.98,912.31,979.9,0,0
BCH.V,D,20180320,000000,979.91,1073.55,953.39,1061.93,0,0
BCH.V,D,20180321,000000,1062.07,1084.47,1009.43,1024.78,0,0
BCH.V,D,20180322,000000,1024.87,1065.19,987.86,1010.96,0,0
BCH.V,D,20180323,000000,1010.86,1020.8,963.82,1004.04,0,0
BCH.V,D,20180324,000000,1004.13,1035.93,991.24,992.22,0,0
BCH.V,D,20180325,000000,991.82,993.65,970.62,987.49,0,0
BCH.V,D,20180326,000000,988.36,990.13,886.46,887.05,0,0
BCH.V,D,20180327,000000,887.58,931.02,879.33,895.69,0,0
BCH.V,D,20180328,000000,896.26,901.03,851.45,851.59,0,0
BCH.V,D,20180329,000000,851.13,869.22,697.22,710.94,0,0
BCH.V,D,20180330,000000,712.12,772.11,675.32,705.67,0,0
BCH.V,D,20180331,000000,706.13,737.58,687.67,688.92,0,0
BCH.V,D,20180401,000000,688.75,700.64,627.14,649,0,0
BCH.V,D,20180402,000000,648.82,687.85,639.83,656.18,0,0
BCH.V,D,20180403,000000,656.4,724.52,656.13,709.92,0,0
BCH.V,D,20180404,000000,709.88,712.63,638.39,650.59,0,0
BCH.V,D,20180405,000000,650.87,659.22,621.44,638.09,0,0
BCH.V,D,20180406,000000,638.18,648.91,604.11,610.84,0,0
BCH.V,D,20180407,000000,610.84,657.14,604.37,650.72,0,0
BCH.V,D,20180408,000000,650.66,662.9,639.62,656.19,0,0
BCH.V,D,20180409,000000,655.92,685.08,627.01,635.97,0,0
BCH.V,D,20180410,000000,635.97,660.25,627.07,653.09,0,0
BCH.V,D,20180411,000000,653.1,659.07,649.25,654.17,0,0
BCH.V,D,20180412,000000,654.14,735.35,653.58,726.37,0,0
BCH.V,D,20180413,000000,726.62,786.04,711.57,742.97,0,0
BCH.V,D,20180414,000000,742.56,762.05,720.78,745.31,0,0
BCH.V,D,20180415,000000,745.31,788.45,738.63,777.63,0,0
BCH.V,D,20180416,000000,777.63,800.49,745.1,762.41,0,0
BCH.V,D,20180417,000000,762.78,789.66,755.42,765.7,0,0
BCH.V,D,20180418,000000,765.59,898.11,757.96,884.94,0,0
BCH.V,D,20180419,000000,884.91,984.43,873.37,953.25,0,0
BCH.V,D,20180420,000000,953.39,1141.25,943.52,1132.23,0,0
BCH.V,D,20180421,000000,1127.57,1188.53,1017.76,1128.22,0,0
BCH.V,D,20180422,000000,1128.11,1259.56,1111.82,1245.43,0,0
BCH.V,D,20180423,000000,1245.28,1455.73,1190.54,1403.87,0,0
BCH.V,D,20180424,000000,1402.07,1568.88,1401.5,1462.77,0,0
BCH.V,D,20180425,000000,1463.2,1463.2,1229.02,1365.26,0,0
BCH.V,D,20180426,000000,1364.27,1373.83,1244.59,1345.81,0,0
BCH.V,D,20180427,000000,1345.06,1425.52,1336.39,1342.38,0,0
BCH.V,D,20180428,000000,1342.87,1415.4,1322.32,1385.71,0,0
BCH.V,D,20180429,000000,1385.71,1483.63,1371.12,1421.07,0,0
BCH.V,D,20180430,000000,1421.22,1448.15,1346.03,1347.35,0,0
BCH.V,D,20180501,000000,1347.25,1362.44,1245.44,1316.69,0,0
BCH.V,D,20180502,000000,1316.59,1489.04,1312.32,1462.83,0,0
BCH.V,D,20180503,000000,1462.8,1539.71,1448.98,1499.76,0,0
BCH.V,D,20180504,000000,1499.74,1538.32,1460.78,1521,0,0
BCH.V,D,20180505,000000,1521.02,1726.16,1510.64,1708.81,0,0
BCH.V,D,20180506,000000,1708.86,1843.57,1638.06,1712.13,0,0
BCH.V,D,20180507,000000,1711.56,1777.53,1565.36,1656.92,0,0
BCH.V,D,20180508,000000,1656.73,1693.44,1551.19,1581.89,0,0
BCH.V,D,20180509,000000,1581.89,1675.26,1461.85,1618.52,0,0
BCH.V,D,20180510,000000,1618.42,1664.52,1541.7,1555.32,0,0
BCH.V,D,20180511,000000,1554.44,1557.7,1316.92,1331.36,0,0
BCH.V,D,20180512,000000,1331.2,1502.25,1270.32,1433.67,0,0
BCH.V,D,20180513,000000,1434.38,1497.28,1405.15,1465.03,0,0
BCH.V,D,20180514,000000,1465.03,1493.48,1329.74,1430.44,0,0
BCH.V,D,20180515,000000,1430.12,1453.03,1327.35,1327.35,0,0
BCH.V,D,20180516,000000,1325.2,1355.65,1219.41,1265.12,0,0
BCH.V,D,20180517,000000,1265.14,1340.64,1203.06,1203.16,0,0
BCH.V,D,20180518,000000,1203.02,1218.13,1130.63,1201.2,0,0
BCH.V,D,20180519,000000,1201.2,1213.23,1150.67,1166.58,0,0
BCH.V,D,20180520,000000,1166.36,1310.34,1165.13,1291.48,0,0
BCH.V,D,20180521,000000,1291.46,1300.72,1212.45,1233.06,0,0
BCH.V,D,20180522,000000,1233.64,1235.85,1128.17,1131.4,0,0
BCH.V,D,20180523,000000,1131.27,1152.53,969.77,1041.48,0,0
BCH.V,D,20180524,000000,1043.57,1069.98,947.37,1039.4,0,0
BCH.V,D,20180525,000000,1039.67,1079.99,995.76,1011.52,0,0
BCH.V,D,20180526,000000,1012.01,1045.86,986.58,1019.66,0,0
BCH.V,D,20180527,000000,1019.54,1021.23,978.69,990,0,0
BCH.V,D,20180528,000000,989.99,1005.51,903.63,903.9,0,0
BCH.V,D,20180529,000000,904.19,1006.36,873.31,999.09,0,0
BCH.V,D,20180530,000000,999.27,1029.17,950,964.43,0,0
BCH.V,D,20180531,000000,964.43,1030.68,963.89,1005.2,0,0
BCH.V,D,20180601,000000,1005.2,1011.16,977.14,989.64,0,0
BCH.V,D,20180602,000000,989.64,1099.2,989.51,1070.39,0,0
BCH.V,D,20180603,000000,1071.02,1192.86,1067.87,1166.14,0,0
BCH.V,D,20180604,000000,1166,1210.58,1075.48,1124.92,0,0
BCH.V,D,20180605,000000,1124.97,1158.3,1048.19,1134.48,0,0
BCH.V,D,20180606,000000,1134.48,1156.31,1099.08,1140.76,0,0
BCH.V,D,20180607,000000,1140.71,1168.69,1123.29,1136.02,0,0
BCH.V,D,20180608,000000,1136.02,1149.45,1087.71,1121.2,0,0
BCH.V,D,20180609,000000,1121.54,1137.53,1099.29,1105.63,0,0
BCH.V,D,20180610,000000,1105.36,1105.85,901.82,921.24,0,0
BCH.V,D,20180611,000000,921.05,976.77,897.02,931.62,0,0
BCH.V,D,20180612,000000,931.71,968.72,851.58,871.28,0,0
BCH.V,D,20180613,000000,871.22,882.46,802.29,828.01,0,0
BCH.V,D,20180614,000000,828.01,906.7,827.38,895.55,0,0
BCH.V,D,20180615,000000,895.55,898.88,850.4,855.17,0,0
BCH.V,D,20180616,000000,855.04,859.64,830.18,855.03,0,0
BCH.V,D,20180617,000000,855.03,862.39,843.51,849.19,0,0
BCH.V,D,20180618,000000,849.16,899.77,826.27,886.54,0,0
BCH.V,D,20180619,000000,886.54,927.99,874.38,894.93,0,0
BCH.V,D,20180620,000000,894.93,907.99,864.16,881.72,0,0
BCH.V,D,20180621,000000,881.72,904.53,867.08,869.57,0,0
BCH.V,D,20180622,000000,869.57,874.28,721.2,739.63,0,0
BCH.V,D,20180623,000000,739.89,776.85,732.58,775.51,0,0
BCH.V,D,20180624,000000,775.7,776.24,663.27,757.79,0,0
BCH.V,D,20180625,000000,758.02,779.44,735.46,756.45,0,0
BCH.V,D,20180626,000000,756.49,759.59,712.53,724.64,0,0
BCH.V,D,20180627,000000,724.64,725.04,687.67,710.48,0,0
BCH.V,D,20180628,000000,710.41,722.91,663.71,664.09,0,0
BCH.V,D,20180629,000000,663.92,677.85,649.51,677.72,0,0
BCH.V,D,20180630,000000,678.05,784.96,678.05,724.25,0,0
BCH.V,D,20180701,000000,724.25,752.96,715.95,741.61,0,0
BCH.V,D,20180702,000000,741.62,796.03,721.74,787.34,0,0
BCH.V,D,20180703,000000,787.33,830.73,760.86,773.03,0,0
BCH.V,D,20180704,000000,773.03,810.05,738.8,781.72,0,0
BCH.V,D,20180705,000000,781.72,785.59,716.06,723.36,0,0
BCH.V,D,20180706,000000,723.36,743.4,699.07,727.1,0,0
BCH.V,D,20180707,000000,727.1,734.86,709.27,724.12,0,0
BCH.V,D,20180708,000000,724.12,781.11,723.99,767.45,0,0
BCH.V,D,20180709,000000,767.45,770.5,736.13,742.26,0,0
BCH.V,D,20180710,000000,742.26,759.18,688.77,695.18,0,0
BCH.V,D,20180711,000000,695.09,711.79,684.18,702.89,0,0
BCH.V,D,20180712,000000,702.69,707.1,673.44,678.65,0,0
BCH.V,D,20180713,000000,678.38,712.87,662.92,698.41,0,0
BCH.V,D,20180714,000000,698.44,711.69,687.23,704.19,0,0
BCH.V,D,20180715,000000,704.16,732.59,698.49,731.94,0,0
BCH.V,D,20180716,000000,731.94,808.28,717.58,796.9,0,0
BCH.V,D,20180717,000000,796.93,873.69,783.02,853.71,0,0
BCH.V,D,20180718,000000,853.37,888.41,805.98,822.59,0,0
BCH.V,D,20180719,000000,822.53,844.42,805.98,816.76,0,0
BCH.V,D,20180720,000000,816.83,830.42,767.66,767.66,0,0
BCH.V,D,20180721,000000,767.78,799.52,742,792.5,0,0
BCH.V,D,20180722,000000,791.84,820.81,777.59,788.27,0,0
BCH.V,D,20180723,000000,788.16,831.22,780.98,792.15,0,0
BCH.V,D,20180724,000000,793.48,876.08,771.03,851.79,0,0
BCH.V,D,20180725,000000,851.79,876.21,819.16,844.88,0,0
BCH.V,D,20180726,000000,844.88,860.7,798.89,803.55,0,0
BCH.V,D,20180727,000000,803.84,829.77,781.64,828.84,0,0
BCH.V,D,20180728,000000,828.84,829.07,801.11,813.39,0,0
BCH.V,D,20180729,000000,813.39,839.43,813.25,825.12,0,0
BCH.V,D,20180730,000000,825.43,837.92,785.42,808.58,0,0
BCH.V,D,20180731,000000,808.55,816.96,760.56,770.07,0,0
BCH.V,D,20180801,000000,770.05,777.75,735.12,744.68,0,0
BCH.V,D,20180802,000000,744.68,773.23,722.85,730.24,0,0
BCH.V,D,20180803,000000,730.41,735.51,700.81,722.49,0,0
BCH.V,D,20180804,000000,722.46,736.33,689.91,695.52,0,0
BCH.V,D,20180805,000000,695.47,715.98,687.99,712.62,0,0
BCH.V,D,20180806,000000,712.69,717.01,683.17,683.17,0,0
BCH.V,D,20180807,000000,683.04,712.11,647.49,658.93,0,0
BCH.V,D,20180808,000000,659.05,664.47,565.75,591.99,0,0
BCH.V,D,20180809,000000,591.94,620.35,576.93,618.63,0,0
BCH.V,D,20180810,000000,618.63,619.11,559.43,561.37,0,0
BCH.V,D,20180811,000000,561.45,581.16,539.33,572.85,0,0
BCH.V,D,20180812,000000,572.78,584.26,555.84,575.63,0,0
BCH.V,D,20180813,000000,575.65,592.95,526.06,529.15,0,0
BCH.V,D,20180814,000000,529.14,534.48,473.1,487.4,0,0
BCH.V,D,20180815,000000,487.4,539.85,485.04,520.97,0,0
BCH.V,D,20180816,000000,520.27,538,503.28,520.16,0,0
BCH.V,D,20180817,000000,520.16,567.8,514,566.18,0,0
BCH.V,D,20180818,000000,566.18,610.61,537.03,559.79,0,0
BCH.V,D,20180819,000000,559.79,582.27,541.53,569.57,0,0
BCH.V,D,20180820,000000,569.56,576.85,536.65,540.03,0,0
BCH.V,D,20180821,000000,539.92,542.5,509.92,532.79,0,0
BCH.V,D,20180822,000000,532.76,574.37,513.24,521.74,0,0
BCH.V,D,20180823,000000,521.71,531.55,509.48,525.34,0,0
BCH.V,D,20180824,000000,525.32,538.15,520.21,535.22,0,0
BCH.V,D,20180825,000000,535.22,543.7,528.44,534.9,0,0
BCH.V,D,20180826,000000,534.7,538.88,515.48,520.34,0,0
BCH.V,D,20180827,000000,520.35,534.45,519.06,528.55,0,0
BCH.V,D,20180828,000000,528.6,573.9,528.29,564.12,0,0
BCH.V,D,20180829,000000,564.04,569.58,545.4,558.39,0,0
BCH.V,D,20180830,000000,558.33,558.81,525.82,539.47,0,0
BCH.V,D,20180831,000000,539.46,547.33,533.63,542.52,0,0
BCH.V,D,20180901,000000,542.54,631.41,541.19,617.21,0,0
BCH.V,D,20180902,000000,617.21,659.22,602.22,640.71,0,0
BCH.V,D,20180903,000000,640.71,656.18,623.02,635.57,0,0
BCH.V,D,20180904,000000,635.88,649.74,623.59,625.26,0,0
BCH.V,D,20180905,000000,624.44,632.36,525.35,542.73,0,0
BCH.V,D,20180906,000000,542.73,542.87,487.38,506.86,0,0
BCH.V,D,20180907,000000,506.84,528.16,492.87,499.21,0,0
BCH.V,D,20180908,000000,499.14,505.62,463.66,470.79,0,0
BCH.V,D,20180909,000000,470.46,494.44,463.45,487.65,0,0
BCH.V,D,20180910,000000,487.51,487.9,462.02,464.94,0,0
BCH.V,D,20180911,000000,464.89,476.6,425.71,437.59,0,0
BCH.V,D,20180912,000000,437.62,446.05,410.52,425.45,0,0
BCH.V,D,20180913,000000,425.45,475.03,425.45,467.69,0,0
BCH.V,D,20180914,000000,467.36,475.79,440.82,455.39,0,0
BCH.V,D,20180915,000000,455.37,460.3,443.73,447.28,0,0
BCH.V,D,20180916,000000,447.21,451.53,427.19,449.73,0,0
BCH.V,D,20180917,000000,449.76,462.12,408.73,414.08,0,0
BCH.V,D,20180918,000000,414.19,449.37,410.48,432.64,0,0
BCH.V,D,20180919,000000,432.65,441.18,408.9,431.4,0,0
BCH.V,D,20180920,000000,431.63,448.19,423.67,439.57,0,0
BCH.V,D,20180921,000000,438.58,510.44,436.78,495.89,0,0
BCH.V,D,20180922,000000,495.53,510.87,470.2,484.35,0,0
BCH.V,D,20180923,000000,484.34,508.91,477.27,484.57,0,0
BCH.V,D,20180924,000000,484.56,494.57,462.12,467.85,0,0
BCH.V,D,20180925,000000,467.85,467.88,424.73,440,0,0
BCH.V,D,20180926,000000,439.26,549.12,433.44,518.52,0,0
BCH.V,D,20180927,000000,518.44,588.66,505.73,566.39,0,0
BCH.V,D,20180928,000000,566.39,575.98,531.03,538.72,0,0
BCH.V,D,20180929,000000,538.72,559.32,510.53,541.42,0,0
BCH.V,D,20180930,000000,541.44,551.69,517.27,524.2,0,0
BCH.V,D,20181001,000000,524.2,542.53,520.93,531.03,0,0
BCH.V,D,20181002,000000,531.02,552.17,522.84,539.85,0,0
BCH.V,D,20181003,000000,539.86,542.94,506.04,512.17,0,0
BCH.V,D,20181004,000000,511.68,531.2,507.89,514.57,0,0
BCH.V,D,20181005,000000,514.57,518.59,510.9,514.65,0,0
BCH.V,D,20181006,000000,514.63,526.53,502.14,509.96,0,0
BCH.V,D,20181007,000000,509.86,516.93,505.75,515.97,0,0
BCH.V,D,20181008,000000,515.97,533.84,515.07,530.86,0,0
BCH.V,D,20181009,000000,530.85,530.86,515.73,517.45,0,0
BCH.V,D,20181010,000000,517.45,519.23,507.87,513.35,0,0
BCH.V,D,20181011,000000,513.34,514.4,438.95,445.98,0,0
BCH.V,D,20181012,000000,445.98,454.43,426.58,443.36,0,0
BCH.V,D,20181013,000000,443.36,449.18,439.57,444.71,0,0
BCH.V,D,20181014,000000,444.72,454.26,441.61,444.53,0,0
BCH.V,D,20181015,000000,444.53,504.76,432.58,456.53,0,0
BCH.V,D,20181016,000000,457.01,474.28,454.26,456.92,0,0
BCH.V,D,20181017,000000,456.96,461.2,447.35,449.33,0,0
BCH.V,D,20181018,000000,449.33,459.16,433.86,434.07,0,0
BCH.V,D,20181019,000000,433.64,446.73,432.65,441.57,0,0
BCH.V,D,20181020,000000,441.56,450.1,438.15,448.64,0,0
BCH.V,D,20181021,000000,448.65,458.96,448.42,456.18,0,0
BCH.V,D,20181022,000000,456,456.11,444.79,452.7,0,0
BCH.V,D,20181023,000000,452.69,454.29,439.32,444.2,0,0
BCH.V,D,20181024,000000,444.29,453.25,443.29,445.74,0,0
BCH.V,D,20181025,000000,445.74,448.28,442.11,444.59,0,0
BCH.V,D,20181026,000000,444.55,446.11,437.72,439.78,0,0
BCH.V,D,20181027,000000,439.9,441.6,436.99,438.73,0,0
BCH.V,D,20181028,000000,438.73,440.9,437.04,438.81,0,0
BCH.V,D,20181029,000000,438.81,441.77,412.85,417.29,0,0
BCH.V,D,20181030,000000,417.1,423.88,414.48,421.48,0,0
BCH.V,D,20181031,000000,421.4,431.28,409.04,426.94,0,0
BCH.V,D,20181101,000000,426.94,426.96,421.98,425.26,0,0
BCH.V,D,20181102,000000,424.99,473.43,424.44,463.67,0,0
BCH.V,D,20181103,000000,463.58,486.85,458.43,479.83,0,0
BCH.V,D,20181104,000000,479.76,591.21,478.31,566.72,0,0
BCH.V,D,20181105,000000,566.73,581.34,539.59,552.96,0,0
BCH.V,D,20181106,000000,552.64,631.69,552.39,627.55,0,0
BCH.V,D,20181107,000000,627.32,642.57,608.7,617.4,0,0
BCH.V,D,20181108,000000,617.48,622.2,573.71,578.44,0,0
BCH.V,D,20181109,000000,578.45,600.64,527.86,538.93,0,0
BCH.V,D,20181110,000000,538.89,566.01,532.96,562.57,0,0
BCH.V,D,20181111,000000,562.56,565.18,517.58,527.54,0,0
BCH.V,D,20181112,000000,527.54,540.9,502.79,521.37,0,0
BCH.V,D,20181113,000000,521.37,549.41,504.32,516.13,0,0
BCH.V,D,20181114,000000,515.93,529.37,414.6,434.43,0,0
BCH.V,D,20181115,000000,434.43,460.78,264.96,377.66,0,0
BCH.V,D,20181116,000000,377.49,388.5,352.12,362.48,0,0
BCH.V,D,20181117,000000,361.84,377.29,318.43,343.54,0,0
BCH.V,D,20181118,000000,343.54,371.28,332.88,357.07,0,0
BCH.V,D,20181119,000000,357.07,365.93,259.04,272.18,0,0
BCH.V,D,20181120,000000,272.18,315.14,222.27,254.79,0,0
BCH.V,D,20181121,000000,254.79,278.65,239.66,253.1,0,0
BCH.V,D,20181122,000000,253.1,269.87,246.8,248.51,0,0
BCH.V,D,20181123,000000,248.51,263.07,228,235.52,0,0
BCH.V,D,20181124,000000,235.52,247.64,123.15,195.96,0,0
BCH.V,D,20181125,000000,195.96,217.69,175.65,208.53,0,0
BCH.V,D,20181126,000000,208.53,224.12,184.43,187.85,0,0
BCH.V,D,20181127,000000,187.85,238.34,160.59,188.5,0,0
BCH.V,D,20181128,000000,188.5,233.31,164.98,219.82,0,0
BCH.V,D,20181129,000000,220.81,225.2,198.29,213.46,0,0
BCH.V,D,20181130,000000,213.46,214.3,186.69,189.27,0,0
BCH.V,D,20181201,000000,189.27,208.86,187.24,205.41,0,0
BCH.V,D,20181202,000000,205.41,210.05,189.53,202.82,0,0
BCH.V,D,20181203,000000,202.82,202.82,175.82,182.42,0,0
BCH.V,D,20181204,000000,182.42,192.08,168.81,171.26,0,0
BCH.V,D,20181205,000000,171.26,202.88,149.06,149.53,0,0
BCH.V,D,20181206,000000,149.53,162.78,114.26,123.33,0,0
BCH.V,D,20181207,000000,123.33,133.83,96.66,105.7,0,0
BCH.V,D,20181208,000000,105.7,109.28,95.5,101.17,0,0
BCH.V,D,20181209,000000,101.39,111.17,98.85,106.57,0,0
BCH.V,D,20181210,000000,106.58,109.29,99.68,102.49,0,0
BCH.V,D,20181211,000000,102.49,102.8,92.99,96.14,0,0
BCH.V,D,20181212,000000,96.14,99.97,94.97,96.4,0,0
BCH.V,D,20181213,000000,96.34,97.22,86.4,86.86,0,0
BCH.V,D,20181214,000000,87.01,88.55,76.06,79.65,0,0
BCH.V,D,20181215,000000,79.65,81.44,73.87,77.41,0,0
BCH.V,D,20181216,000000,77.46,82.38,76.15,79.06,0,0
BCH.V,D,20181217,000000,79.06,91.96,78.78,88.19,0,0
BCH.V,D,20181218,000000,88.19,104.39,85.43,103.02,0,0
BCH.V,D,20181219,000000,102.98,146.17,102.22,132.32,0,0
BCH.V,D,20181220,000000,132.92,211.26,124.11,194.15,0,0
BCH.V,D,20181221,000000,193.79,231.16,172.46,187.58,0,0
BCH.V,D,20181222,000000,187.58,205.73,182.34,190.17,0,0
BCH.V,D,20181223,000000,190.23,211.35,189.13,197.79,0,0
BCH.V,D,20181224,000000,197.79,214.47,176.88,184.96,0,0
BCH.V,D,20181225,000000,184.87,188.34,151.08,169.17,0,0
BCH.V,D,20181226,000000,169.36,187.48,163.9,176.15,0,0
BCH.V,D,20181227,000000,176.14,178.06,146.95,150.73,0,0
BCH.V,D,20181228,000000,150.56,178.97,141.78,169.16,0,0
BCH.V,D,20181229,000000,169.16,176.96,163.05,171.03,0,0
BCH.V,D,20181230,000000,171.04,174.31,158.14,161.67,0,0
BCH.V,D,20181231,000000,161.67,163.63,146.55,149.41,0,0
BCH.V,D,20190101,000000,149.67,166.2,148.06,162.05,0,0
BCH.V,D,20190102,000000,162.05,169.06,161.33,168.53,0,0
BCH.V,D,20190103,000000,168.53,176.84,156.6,162.57,0,0
BCH.V,D,20190104,000000,162.55,164.16,153.26,160.38,0,0
BCH.V,D,20190105,000000,160.38,166.33,157.22,160.25,0,0
BCH.V,D,20190106,000000,160.25,168.91,158.1,165.87,0,0
BCH.V,D,20190107,000000,165.67,167.94,159.46,160.39,0,0
BCH.V,D,20190108,000000,160.39,164.02,157.58,162.03,0,0
BCH.V,D,20190109,000000,162.02,162.53,157.74,160.55,0,0
BCH.V,D,20190110,000000,160.55,165.73,130.88,134.07,0,0
BCH.V,D,20190111,000000,134.07,134.88,127.82,129.22,0,0
BCH.V,D,20190112,000000,129.22,138.08,128.52,134.3,0,0
BCH.V,D,20190113,000000,134.27,135.46,122.32,123.55,0,0
BCH.V,D,20190114,000000,123.55,136.35,122.73,132.87,0,0
BCH.V,D,20190115,000000,132.87,134.2,125.72,126.48,0,0
BCH.V,D,20190116,000000,126.48,131.29,126.4,127.8,0,0
BCH.V,D,20190117,000000,127.8,131.79,125.06,129.63,0,0
BCH.V,D,20190118,000000,129.63,131.31,125.47,126.61,0,0
BCH.V,D,20190119,000000,126.61,132.28,126.41,130.17,0,0
BCH.V,D,20190120,000000,130.17,130.84,120.84,123.06,0,0
BCH.V,D,20190121,000000,123.08,124,120.73,121.79,0,0
BCH.V,D,20190122,000000,121.79,131.63,116.7,128.88,0,0
BCH.V,D,20190123,000000,128.81,135.5,127.19,132.5,0,0
BCH.V,D,20190124,000000,132.37,132.44,126.64,129.73,0,0
BCH.V,D,20190125,000000,129.73,129.83,125.58,127.26,0,0
BCH.V,D,20190126,000000,127.26,128.92,125.64,126.5,0,0
BCH.V,D,20190127,000000,126.5,126.5,118.34,122.04,0,0
BCH.V,D,20190128,000000,122.04,122.26,105.57,110.42,0,0
BCH.V,D,20190129,000000,110.43,112.26,106.19,110.22,0,0
BCH.V,D,20190130,000000,110.22,120.59,107.91,117.76,0,0
BCH.V,D,20190131,000000,117.67,120.94,112.79,114.2,0,0
BCH.V,D,20190201,000000,114.34,117.94,110.82,115.94,0,0
BCH.V,D,20190202,000000,115.94,121.82,114.84,118.81,0,0
BCH.V,D,20190203,000000,118.81,121.62,116.16,117.46,0,0
BCH.V,D,20190204,000000,117.56,119.96,116.87,117.7,0,0
BCH.V,D,20190205,000000,117.7,118.92,115.79,116.46,0,0
BCH.V,D,20190206,000000,116.46,121.77,110.64,115.01,0,0
BCH.V,D,20190207,000000,115.01,116.82,113.34,113.45,0,0
BCH.V,D,20190208,000000,113.53,131.99,113.52,126.36,0,0
BCH.V,D,20190209,000000,126.36,130.42,125.12,127.4,0,0
BCH.V,D,20190210,000000,127.4,128.38,120.9,125.15,0,0
BCH.V,D,20190211,000000,125.15,127.54,120.03,121.7,0,0
BCH.V,D,20190212,000000,121.72,123.16,117.86,121.72,0,0
BCH.V,D,20190213,000000,121.72,126.65,120.27,121.62,0,0
BCH.V,D,20190214,000000,121.62,123.57,119.2,120.52,0,0
BCH.V,D,20190215,000000,120.52,123.85,120,120.92,0,0
BCH.V,D,20190216,000000,120.89,123.05,120.32,121.2,0,0
BCH.V,D,20190217,000000,121.19,125.07,120.45,123.56,0,0
BCH.V,D,20190218,000000,123.56,149.4,123.56,140.76,0,0
BCH.V,D,20190219,000000,140.78,151.07,140.78,143.69,0,0
BCH.V,D,20190220,000000,143.69,148.36,138.66,145.61,0,0
BCH.V,D,20190221,000000,145.61,147.81,139.11,140.76,0,0
BCH.V,D,20190222,000000,140.76,145.02,140.08,144.35,0,0
BCH.V,D,20190223,000000,144.35,152.7,140.48,149.61,0,0
BCH.V,D,20190224,000000,149.61,157.64,128.37,131.23,0,0
BCH.V,D,20190225,000000,131.23,138.59,127.29,135.25,0,0
BCH.V,D,20190226,000000,135.25,138,131.1,132.39,0,0
BCH.V,D,20190227,000000,132.3,134.45,126.39,130.27,0,0
BCH.V,D,20190228,000000,130.32,133.24,128.95,130,0,0
BCH.V,D,20190301,000000,130,133.51,129.54,131.84,0,0
BCH.V,D,20190302,000000,131.84,132.34,128.65,131.08,0,0
BCH.V,D,20190303,000000,131.08,131.9,129.39,129.91,0,0
BCH.V,D,20190304,000000,129.91,130.45,121.4,123.34,0,0
BCH.V,D,20190305,000000,123.35,134.1,122.95,131.32,0,0
BCH.V,D,20190306,000000,131.31,133.92,129.36,131.69,0,0
BCH.V,D,20190307,000000,131.62,133.48,130.2,130.51,0,0
BCH.V,D,20190308,000000,130.51,132.22,126.4,127.1,0,0
BCH.V,D,20190309,000000,127.1,136.62,126.94,132.65,0,0
BCH.V,D,20190310,000000,132.66,134.08,130.31,132.24,0,0
BCH.V,D,20190311,000000,132.24,132.7,126.9,128.87,0,0
BCH.V,D,20190312,000000,128.87,129.48,126.14,128.29,0,0
BCH.V,D,20190313,000000,128.29,129.43,126.52,128.31,0,0
BCH.V,D,20190314,000000,128.31,135.14,127.61,131.92,0,0
BCH.V,D,20190315,000000,131.91,146.37,131.58,144.59,0,0
BCH.V,D,20190316,000000,144.57,160.84,143.76,156.27,0,0
BCH.V,D,20190317,000000,156.29,157.63,147.61,154.92,0,0
BCH.V,D,20190318,000000,154.92,166.95,154.24,160.8,0,0
BCH.V,D,20190319,000000,160.74,162.38,156.16,160.51,0,0
BCH.V,D,20190320,000000,160.51,161.53,154.9,158.92,0,0
BCH.V,D,20190321,000000,158.92,160.8,148.37,153.39,0,0
BCH.V,D,20190322,000000,153.39,160.12,151.71,158.1,0,0
BCH.V,D,20190323,000000,157.93,170.16,156.77,165.05,0,0
BCH.V,D,20190324,000000,165.05,166.82,161.69,165.18,0,0
BCH.V,D,20190325,000000,165.18,165.66,155.58,159.84,0,0
BCH.V,D,20190326,000000,159.84,161.06,153.42,157.09,0,0
BCH.V,D,20190327,000000,157.05,171.32,156.97,169.14,0,0
BCH.V,D,20190328,000000,169.2,173.9,166.46,169.04,0,0
BCH.V,D,20190329,000000,169.1,172.55,168.05,170.87,0,0
BCH.V,D,20190330,000000,170.87,172.4,165.49,167.44,0,0
BCH.V,D,20190331,000000,167.44,169.46,165.44,168.36,0,0
BCH.V,D,20190401,000000,168.36,170.37,166.92,167.72,0,0
BCH.V,D,20190402,000000,167.72,228.49,167.25,222.7,0,0
BCH.V,D,20190403,000000,222.75,349,221.59,313.13,0,0
BCH.V,D,20190404,000000,313.88,326.09,268.16,292.83,0,0
BCH.V,D,20190405,000000,293.11,302.66,281.76,294.09,0,0
BCH.V,D,20190406,000000,294.09,332.63,286.01,305.06,0,0
BCH.V,D,20190407,000000,304.78,326.55,300.29,319.79,0,0
BCH.V,D,20190408,000000,319.62,330.28,296.2,311.26,0,0
BCH.V,D,20190409,000000,311.3,311.54,293.98,299.37,0,0
BCH.V,D,20190410,000000,299.38,315.22,294.97,301.46,0,0
BCH.V,D,20190411,000000,301.46,305.78,256.63,267.2,0,0
BCH.V,D,20190412,000000,267.2,289.93,259.61,280.19,0,0
BCH.V,D,20190413,000000,280.19,288.02,273.54,277.16,0,0
BCH.V,D,20190414,000000,277.16,285.16,274.23,282.9,0,0
BCH.V,D,20190415,000000,283.09,335.59,283.06,308.48,0,0
BCH.V,D,20190416,000000,308.59,324.99,303.82,321.27,0,0
BCH.V,D,20190417,000000,321.22,322.19,305.29,311.9,0,0
BCH.V,D,20190418,000000,311.8,315.27,304.38,308.38,0,0
BCH.V,D,20190419,000000,308.72,313.29,291.83,304.39,0,0
BCH.V,D,20190420,000000,304.53,310.3,295.35,297.93,0,0
BCH.V,D,20190421,000000,297.93,303.64,280.96,287.13,0,0
BCH.V,D,20190422,000000,287.13,296.83,287.01,293.99,0,0
BCH.V,D,20190423,000000,293.99,312.12,291.67,296.41,0,0
BCH.V,D,20190424,000000,296.41,296.41,269.74,275.21,0,0
BCH.V,D,20190425,000000,275.21,284.65,274.73,276.86,0,0
BCH.V,D,20190426,000000,277.24,277.24,256.15,264.33,0,0
BCH.V,D,20190427,000000,264.33,266.85,259.11,265.11,0,0
BCH.V,D,20190428,000000,265.11,267.95,250.42,253.68,0,0
BCH.V,D,20190429,000000,253.68,257,236.49,239.1,0,0
BCH.V,D,20190430,000000,239.1,261.83,232.23,259.71,0,0
BCH.V,D,20190501,000000,259.74,283.18,259.33,270.51,0,0
BCH.V,D,20190502,000000,270.43,283.59,267.92,272,0,0
BCH.V,D,20190503,000000,272.1,301.9,268.56,293.45,0,0
BCH.V,D,20190504,000000,293.45,313.92,273.44,293.31,0,0
BCH.V,D,20190505,000000,293.34,304.25,289.01,296.58,0,0
BCH.V,D,20190506,000000,296.83,298.87,277.82,294.07,0,0
BCH.V,D,20190507,000000,294.07,302.71,284.61,289.55,0,0
BCH.V,D,20190508,000000,289.55,296.8,274.05,286.57,0,0
BCH.V,D,20190509,000000,286.57,294.01,276.91,285.33,0,0
BCH.V,D,20190510,000000,285.38,296.26,277.98,286.15,0,0
BCH.V,D,20190511,000000,286.15,346.84,285.03,346.84,0,0
BCH.V,D,20190512,000000,347.29,385.22,333.04,363.16,0,0
BCH.V,D,20190513,000000,363.05,404.23,347.44,400.33,0,0
BCH.V,D,20190514,000000,400.51,408.77,363.83,373.58,0,0
BCH.V,D,20190515,000000,373.64,404.99,371.3,395.98,0,0
BCH.V,D,20190516,000000,396.35,450.46,381.86,402.28,0,0
BCH.V,D,20190517,000000,402.22,411.29,338.15,367.85,0,0
BCH.V,D,20190518,000000,368.25,374.91,351.14,365.35,0,0
BCH.V,D,20190519,000000,365.37,428.11,355.99,426.44,0,0
BCH.V,D,20190520,000000,426.2,432.18,382.01,412.33,0,0
BCH.V,D,20190521,000000,412.44,446.71,400.56,420.32,0,0
BCH.V,D,20190522,000000,420.32,424.13,382.89,387.02,0,0
BCH.V,D,20190523,000000,387.58,407.99,368.04,406.47,0,0
BCH.V,D,20190524,000000,406.5,423.55,394.85,412.3,0,0
BCH.V,D,20190525,000000,412.3,414.44,399.75,404.75,0,0
BCH.V,D,20190526,000000,404.69,439.08,391.35,432.1,0,0
BCH.V,D,20190527,000000,432.13,457.5,423.09,434.49,0,0
BCH.V,D,20190528,000000,434.38,445.84,426.98,437.11,0,0
BCH.V,D,20190529,000000,437.13,464.47,420.28,454.68,0,0
BCH.V,D,20190530,000000,454.68,481.61,402.48,414.69,0,0
BCH.V,D,20190531,000000,414.25,440.69,412.44,437.88,0,0
BCH.V,D,20190601,000000,437.91,448.4,428.16,440.61,0,0
BCH.V,D,20190602,000000,440.57,450.75,428.77,441.62,0,0
BCH.V,D,20190603,000000,441.62,446.9,417.07,423.04,0,0
BCH.V,D,20190604,000000,423.2,423.73,364.42,369.37,0,0
BCH.V,D,20190605,000000,367.09,415.66,366.84,395.1,0,0
BCH.V,D,20190606,000000,395.39,402,369.62,391.7,0,0
BCH.V,D,20190607,000000,391.84,410.38,388.69,398.06,0,0
BCH.V,D,20190608,000000,398.06,407.21,386.39,395.94,0,0
BCH.V,D,20190609,000000,395.87,397.83,372.49,375.72,0,0
BCH.V,D,20190610,000000,375.23,400.51,371.2,391.51,0,0
BCH.V,D,20190611,000000,391.51,398.12,379.73,390.83,0,0
BCH.V,D,20190612,000000,390.86,403.08,384.02,395.74,0,0
BCH.V,D,20190613,000000,395.37,424.66,392.7,421.56,0,0
BCH.V,D,20190614,000000,421.75,421.75,400.77,413.71,0,0
BCH.V,D,20190615,000000,413.69,425.95,412.82,420.38,0,0
BCH.V,D,20190616,000000,420.52,440.39,417.98,428.33,0,0
BCH.V,D,20190617,000000,428.47,439.42,425.46,432.38,0,0
BCH.V,D,20190618,000000,432.43,436.45,402.89,406.08,0,0
BCH.V,D,20190619,000000,406.02,420.25,405.18,415.84,0,0
BCH.V,D,20190620,000000,415.84,418.09,404.97,412.18,0,0
BCH.V,D,20190621,000000,412.18,443.38,410.51,436.72,0,0
BCH.V,D,20190622,000000,436.54,513.39,433.81,478.8,0,0
BCH.V,D,20190623,000000,478.89,500.19,467.23,482.62,0,0
BCH.V,D,20190624,000000,482.16,484.36,459.55,470.91,0,0
BCH.V,D,20190625,000000,470.94,484.25,462.98,474.7,0,0
BCH.V,D,20190626,000000,474.83,515.59,448.27,470.25,0,0
BCH.V,D,20190627,000000,470.76,490.21,385.39,409.16,0,0
BCH.V,D,20190628,000000,409.29,438.51,396.09,429.3,0,0
BCH.V,D,20190629,000000,429.18,439.8,411.8,433.84,0,0
BCH.V,D,20190630,000000,433.84,448.02,395.87,415.91,0,0
BCH.V,D,20190701,000000,415.85,418.8,387.58,410.15,0,0
BCH.V,D,20190702,000000,409.72,422.01,381.46,405.6,0,0
BCH.V,D,20190703,000000,405.52,416.8,403.1,413.35,0,0
BCH.V,D,20190704,000000,413.35,423.04,411.57,412.15,0,0
BCH.V,D,20190705,000000,412.67,414.77,391.52,400.93,0,0
BCH.V,D,20190706,000000,400.96,418.96,397.97,407.76,0,0
BCH.V,D,20190707,000000,407.76,411.77,398.45,411.75,0,0
BCH.V,D,20190708,000000,411.28,418.66,406.23,418.57,0,0
BCH.V,D,20190709,000000,418.57,428.01,410.9,415.15,0,0
BCH.V,D,20190710,000000,415.33,423.07,380.45,389,0,0
BCH.V,D,20190711,000000,389.05,391.29,317.79,342.24,0,0
BCH.V,D,20190712,000000,342.07,360.65,334.9,353.71,0,0
BCH.V,D,20190713,000000,353.67,355.77,331.5,337.18,0,0
BCH.V,D,20190714,000000,337.53,345.67,299.99,313.5,0,0
BCH.V,D,20190715,000000,313.58,325.23,256.21,313.28,0,0
BCH.V,D,20190716,000000,313.23,322.27,267.3,283.68,0,0
BCH.V,D,20190717,000000,284.06,308.09,274.28,299.37,0,0
BCH.V,D,20190718,000000,299.27,321.79,284.39,311.13,0,0
BCH.V,D,20190719,000000,311.13,318.73,295.54,305.54,0,0
BCH.V,D,20190720,000000,305.55,342.47,302.87,335.84,0,0
BCH.V,D,20190721,000000,335.9,337.27,311.22,319.59,0,0
BCH.V,D,20190722,000000,319.58,324.46,301.4,308.51,0,0
BCH.V,D,20190723,000000,308.52,314.74,293.59,304.1,0,0
BCH.V,D,20190724,000000,304.1,307.95,282.71,300.73,0,0
BCH.V,D,20190725,000000,300.68,311.64,294.86,298.86,0,0
BCH.V,D,20190726,000000,298.86,323.99,295.18,317.26,0,0
BCH.V,D,20190727,000000,317.32,324.74,298.66,306.08,0,0
BCH.V,D,20190728,000000,306.22,308.3,300.6,300.6,0,0
BCH.V,D,20190729,000000,300.62,314.13,291.26,305.2,0,0
BCH.V,D,20190730,000000,305.2,324.75,302.76,318.53,0,0
BCH.V,D,20190731,000000,318.53,336.15,317.38,325.94,0,0
BCH.V,D,20190801,000000,326.03,330.58,318.72,326.68,0,0
BCH.V,D,20190802,000000,326.5,334.02,320.22,322.27,0,0
BCH.V,D,20190803,000000,322.27,348.39,322.27,334.74,0,0
BCH.V,D,20190804,000000,334.74,338.83,329.39,337.5,0,0
BCH.V,D,20190805,000000,337.7,355.03,335.04,350.01,0,0
BCH.V,D,20190806,000000,350.01,354.91,330.29,333.49,0,0
BCH.V,D,20190807,000000,333.73,346.1,331.61,339.44,0,0
BCH.V,D,20190808,000000,339.44,342.05,326.42,330.34,0,0
BCH.V,D,20190809,000000,330.35,335.33,308.61,315.72,0,0
BCH.V,D,20190810,000000,315.72,323.87,304.98,316.07,0,0
BCH.V,D,20190811,000000,316.09,342.9,313.29,336.18,0,0
BCH.V,D,20190812,000000,336.19,339.87,328.65,331.43,0,0
BCH.V,D,20190813,000000,331.43,349.96,327.59,343.19,0,0
BCH.V,D,20190814,000000,343.18,358.7,308.14,314.34,0,0
BCH.V,D,20190815,000000,314.54,322.02,268.92,315.69,0,0
BCH.V,D,20190816,000000,315.77,322.37,299.22,314.03,0,0
BCH.V,D,20190817,000000,314.04,314.91,300.21,303.32,0,0
BCH.V,D,20190818,000000,303.3,324.69,302.78,321.14,0,0
BCH.V,D,20190819,000000,320.97,327.87,313.58,324.1,0,0
BCH.V,D,20190820,000000,324.1,326.24,311.75,316.57,0,0
BCH.V,D,20190821,000000,316.57,317.31,289.91,299,0,0
BCH.V,D,20190822,000000,298.97,315.58,294.2,310.44,0,0
BCH.V,D,20190823,000000,310.44,314.83,305.77,311.22,0,0
BCH.V,D,20190824,000000,311.21,318.22,299.85,304.26,0,0
BCH.V,D,20190825,000000,304.25,311.85,301.72,302.69,0,0
BCH.V,D,20190826,000000,302.69,314.91,301.88,308.44,0,0
BCH.V,D,20190827,000000,308.44,313.29,303.52,309.02,0,0
BCH.V,D,20190828,000000,309.02,309.73,285.71,292.92,0,0
BCH.V,D,20190829,000000,292.96,293.78,276.14,279.94,0,0
BCH.V,D,20190830,000000,279.94,283.95,270.49,280.26,0,0
BCH.V,D,20190831,000000,280.27,282.78,272.26,282.43,0,0
BCH.V,D,20190901,000000,282.43,285.03,273.7,280.78,0,0
BCH.V,D,20190902,000000,280.78,294.92,279.49,292.93,0,0
BCH.V,D,20190903,000000,293.41,306.13,292.97,301.72,0,0
BCH.V,D,20190904,000000,301.7,303.6,292.53,296.27,0,0
BCH.V,D,20190905,000000,296.27,296.9,285.43,288.5,0,0
BCH.V,D,20190906,000000,288.5,301.43,281.37,288.26,0,0
BCH.V,D,20190907,000000,288.26,304.01,284.32,300.99,0,0
BCH.V,D,20190908,000000,300.99,310.63,296.89,304.64,0,0
BCH.V,D,20190909,000000,304.63,312.86,298.04,305.02,0,0
BCH.V,D,20190910,000000,305.01,310.74,300.05,303.35,0,0
BCH.V,D,20190911,000000,303.34,306.91,292.44,297.72,0,0
BCH.V,D,20190912,000000,297.71,302.07,294.83,300.93,0,0
BCH.V,D,20190913,000000,301.06,301.43,294.66,298.3,0,0
BCH.V,D,20190914,000000,298.32,307.4,296.31,305.21,0,0
BCH.V,D,20190915,000000,305.22,307.38,302.01,303.18,0,0
BCH.V,D,20190916,000000,303.18,309.38,300.46,307.74,0,0
BCH.V,D,20190917,000000,307.73,327.32,305.34,322.84,0,0
BCH.V,D,20190918,000000,322.88,332.45,318.32,326.28,0,0
BCH.V,D,20190919,000000,326.29,328.48,305.88,319.78,0,0
BCH.V,D,20190920,000000,319.83,324.9,309.19,312.2,0,0
BCH.V,D,20190921,000000,312.2,318.27,310,310.87,0,0
BCH.V,D,20190922,000000,310.87,312.34,302.99,308.36,0,0
BCH.V,D,20190923,000000,308.36,308.94,294.14,297.62,0,0
BCH.V,D,20190924,000000,297.64,297.8,216.42,230.1,0,0
BCH.V,D,20190925,000000,230.09,234.52,217.32,229.23,0,0
BCH.V,D,20190926,000000,229.24,231.09,204.49,214.37,0,0
BCH.V,D,20190927,000000,214.37,223.02,208.42,222.04,0,0
BCH.V,D,20190928,000000,222.09,230,217.88,227.69,0,0
BCH.V,D,20190929,000000,227.15,229.99,212.22,219.01,0,0
BCH.V,D,20190930,000000,219.01,230.35,217.95,226.71,0,0
BCH.V,D,20191001,000000,226.79,235.38,219.4,223.41,0,0
BCH.V,D,20191002,000000,223.41,225.41,220.28,223.69,0,0
BCH.V,D,20191003,000000,223.69,225.57,217.52,221.15,0,0
BCH.V,D,20191004,000000,221.37,225.22,218.5,223.89,0,0
BCH.V,D,20191005,000000,223.89,224.23,218.3,222.79,0,0
BCH.V,D,20191006,000000,222.78,223.34,216.01,221.3,0,0
BCH.V,D,20191007,000000,221.27,237.73,218.98,232.11,0,0
BCH.V,D,20191008,000000,232.06,239.15,227.38,228.49,0,0
BCH.V,D,20191009,000000,228.47,240.75,228.42,237.61,0,0
BCH.V,D,20191010,000000,237.61,239.77,228.88,230.86,0,0
BCH.V,D,20191011,000000,230.91,234.57,219.15,219.69,0,0
BCH.V,D,20191012,000000,219.7,228.16,219.7,225.38,0,0
BCH.V,D,20191013,000000,225.39,228.42,223.67,226.92,0,0
BCH.V,D,20191014,000000,225.86,230.31,223.84,227.2,0,0
BCH.V,D,20191015,000000,227.2,228.92,217.89,220.84,0,0
BCH.V,D,20191016,000000,220.85,225.85,214.01,216.68,0,0
BCH.V,D,20191017,000000,216.68,220.79,214.09,218.2,0,0
BCH.V,D,20191018,000000,218.2,220.96,209.57,211.72,0,0
BCH.V,D,20191019,000000,211.77,215.87,210.77,213.29,0,0
BCH.V,D,20191020,000000,213.29,226.63,211.02,225.2,0,0
BCH.V,D,20191021,000000,225.22,236.1,223.42,233.54,0,0
BCH.V,D,20191022,000000,233.54,234.37,228.32,228.84,0,0
BCH.V,D,20191023,000000,228.84,228.99,199.11,209.64,0,0
BCH.V,D,20191024,000000,209.61,217.66,206.39,211.93,0,0
BCH.V,D,20191025,000000,211.92,271.16,211.92,250.58,0,0
BCH.V,D,20191026,000000,250.59,280.05,242.48,251.44,0,0
BCH.V,D,20191027,000000,251.44,267.31,245.52,262.96,0,0
BCH.V,D,20191028,000000,262.96,275.49,258.2,269.3,0,0
BCH.V,D,20191029,000000,269.28,297.37,263.11,289.67,0,0
BCH.V,D,20191030,000000,289.63,304.56,283.84,293.12,0,0
BCH.V,D,20191031,000000,293.17,293.39,271.62,281.97,0,0
BCH.V,D,20191101,000000,281.97,283.61,271.67,277.29,0,0
BCH.V,D,20191102,000000,277.12,295.61,276.68,290.43,0,0
BCH.V,D,20191103,000000,290.42,303.28,283.01,289.92,0,0
BCH.V,D,20191104,000000,289.97,294.75,284.6,288.5,0,0
BCH.V,D,20191105,000000,288.28,298.26,286.74,292,0,0
BCH.V,D,20191106,000000,292.29,307.12,291.36,303.85,0,0
BCH.V,D,20191107,000000,303.85,307.3,286.88,294.07,0,0
BCH.V,D,20191108,000000,294.07,294.43,271.11,278.87,0,0
BCH.V,D,20191109,000000,278.84,283.76,276.72,283.16,0,0
BCH.V,D,20191110,000000,282.28,298.61,279.52,295.48,0,0
BCH.V,D,20191111,000000,295.48,297.03,281.83,286.63,0,0
BCH.V,D,20191112,000000,286.76,291.66,281.41,288.09,0,0
BCH.V,D,20191113,000000,288.09,289.43,282.1,283.66,0,0
BCH.V,D,20191114,000000,283.65,287.29,273.77,276.88,0,0
BCH.V,D,20191115,000000,276.87,279.53,260.98,266.52,0,0
BCH.V,D,20191116,000000,266.52,267.82,261.88,265.08,0,0
BCH.V,D,20191117,000000,265.08,269.93,260.1,268.16,0,0
BCH.V,D,20191118,000000,268.13,268.15,240.23,248.25,0,0
BCH.V,D,20191119,000000,248.22,248.61,234.85,243.41,0,0
BCH.V,D,20191120,000000,243.4,248,238.27,242.08,0,0
BCH.V,D,20191121,000000,242.09,246.8,220.73,224.59,0,0
BCH.V,D,20191122,000000,224.59,229.23,194.45,206.54,0,0
BCH.V,D,20191123,000000,206.54,218.18,201.12,213.85,0,0
BCH.V,D,20191124,000000,213.85,216.48,200.91,207.07,0,0
BCH.V,D,20191125,000000,206.86,216.45,192.83,210.82,0,0
BCH.V,D,20191126,000000,210.82,215.15,207.49,212.62,0,0
BCH.V,D,20191127,000000,212.62,225.23,203.87,220.09,0,0
BCH.V,D,20191128,000000,219.99,222.17,216.82,217.08,0,0
BCH.V,D,20191129,000000,217.08,226.42,216.7,223.43,0,0
BCH.V,D,20191130,000000,223.43,224.8,215.08,216.79,0,0
BCH.V,D,20191201,000000,216.78,217.98,209.8,215.24,0,0
BCH.V,D,20191202,000000,215.25,216.58,209.92,214.84,0,0
BCH.V,D,20191203,000000,214.84,215.9,211.42,211.69,0,0
BCH.V,D,20191204,000000,211.69,217.81,203.22,207.59,0,0
BCH.V,D,20191205,000000,207.59,214.22,205.37,211.92,0,0
BCH.V,D,20191206,000000,211.91,213.38,209.4,212.25,0,0
BCH.V,D,20191207,000000,212.25,215.74,210.33,211.96,0,0
BCH.V,D,20191208,000000,211.98,214.66,208.78,213.65,0,0
BCH.V,D,20191209,000000,213.65,214.59,205.96,208.08,0,0
BCH.V,D,20191210,000000,208.08,209.1,204.27,205.95,0,0
BCH.V,D,20191211,000000,205.95,208.08,204.54,206.42,0,0
BCH.V,D,20191212,000000,206.37,207.98,204.15,206.38,0,0
BCH.V,D,20191213,000000,206.4,212.68,206.3,211.37,0,0
BCH.V,D,20191214,000000,211.37,212.87,205.12,207.3,0,0
BCH.V,D,20191215,000000,207.3,209.39,205.07,207.26,0,0
BCH.V,D,20191216,000000,207.26,207.53,194.42,196.21,0,0
BCH.V,D,20191217,000000,196.21,196.98,173.54,175.57,0,0
BCH.V,D,20191218,000000,175.57,190.51,170.23,190.27,0,0
BCH.V,D,20191219,000000,190.37,191.08,183.52,186.58,0,0
BCH.V,D,20191220,000000,186.61,190.57,183.95,187.66,0,0
BCH.V,D,20191221,000000,187.66,188.42,185.7,186.41,0,0
BCH.V,D,20191222,000000,186.41,197.49,185.67,196.76,0,0
BCH.V,D,20191223,000000,196.76,198.12,188.76,189.22,0,0
BCH.V,D,20191224,000000,189.22,191.6,185.27,189.12,0,0
BCH.V,D,20191225,000000,189.12,189.32,183.35,186.19,0,0
BCH.V,D,20191226,000000,186.18,194.49,184.09,187.8,0,0
BCH.V,D,20191227,000000,187.81,203.64,186.9,202.01,0,0
BCH.V,D,20191228,000000,202.03,209.66,201.33,207.66,0,0
BCH.V,D,20191229,000000,207.66,215.53,204.68,213.03,0,0
BCH.V,D,20191230,000000,213.16,214.86,205.84,210,0,0
BCH.V,D,20191231,000000,209.99,213.81,201.97,204.9,0,0
BCH.V,D,20200101,000000,204.9,208.73,203.71,204.75,0,0
BCH.V,D,20200102,000000,204.75,205.39,193.05,195.47,0,0
BCH.V,D,20200103,000000,195.45,224.91,191.98,221.9,0,0
BCH.V,D,20200104,000000,221.9,227.36,219.47,224.29,0,0
BCH.V,D,20200105,000000,224.17,227.45,221.05,222.61,0,0
BCH.V,D,20200106,000000,222.59,245.65,222.03,243.79,0,0
BCH.V,D,20200107,000000,243.68,246.39,232.28,241.67,0,0
BCH.V,D,20200108,000000,241.67,253.81,230.42,240.21,0,0
BCH.V,D,20200109,000000,240.21,243.83,231.49,235.87,0,0
BCH.V,D,20200110,000000,235.9,267.01,231.81,262.59,0,0
BCH.V,D,20200111,000000,262.61,278.82,261.7,265.3,0,0
BCH.V,D,20200112,000000,265.3,269.58,258.2,266.33,0,0
BCH.V,D,20200113,000000,266.33,271.06,261.69,267.05,0,0
BCH.V,D,20200114,000000,267.05,363.84,265.87,341.67,0,0
BCH.V,D,20200115,000000,341.58,366.45,314.25,341.81,0,0
BCH.V,D,20200116,000000,341.9,344.54,311.32,328.19,0,0
BCH.V,D,20200117,000000,328.19,382.12,320.12,376.24,0,0
BCH.V,D,20200118,000000,376.41,403.37,331.53,353.39,0,0
BCH.V,D,20200119,000000,353.49,365.5,321.64,333.71,0,0
BCH.V,D,20200120,000000,333.77,352.5,324.34,347,0,0
BCH.V,D,20200121,000000,346.95,347.81,333.01,342.22,0,0
BCH.V,D,20200122,000000,342.32,353.51,339.27,343.55,0,0
BCH.V,D,20200123,000000,343.55,349.92,316.85,323.65,0,0
BCH.V,D,20200124,000000,323.65,327.42,298.12,320.42,0,0
BCH.V,D,20200125,000000,320.43,322.12,305.36,312.58,0,0
BCH.V,D,20200126,000000,312.49,349.32,308.01,343.37,0,0
BCH.V,D,20200127,000000,343.37,376.33,343.22,359.96,0,0
BCH.V,D,20200128,000000,358.96,384.56,358.24,371,0,0
BCH.V,D,20200129,000000,371.01,395.38,369.65,384.63,0,0
BCH.V,D,20200130,000000,384.65,398.83,372.09,394.93,0,0
BCH.V,D,20200131,000000,394.95,396.35,364.52,380.53,0,0
BCH.V,D,20200201,000000,380.51,389.28,372.94,378.94,0,0
BCH.V,D,20200202,000000,379.03,387.86,370.05,379.93,0,0
BCH.V,D,20200203,000000,379.93,391.75,374.65,382.39,0,0
BCH.V,D,20200204,000000,382.35,389.2,372.94,381.21,0,0
BCH.V,D,20200205,000000,381.21,438.61,378.77,433.62,0,0
BCH.V,D,20200206,000000,433.74,447.81,418.98,438.65,0,0
BCH.V,D,20200207,000000,438.67,459.01,432.79,439.56,0,0
BCH.V,D,20200208,000000,439.64,454.26,425.22,447.45,0,0
BCH.V,D,20200209,000000,447.45,460.18,435.79,447.79,0,0
BCH.V,D,20200210,000000,447.82,461.33,436.76,451.26,0,0
BCH.V,D,20200211,000000,451.26,468.74,440.43,462.45,0,0
BCH.V,D,20200212,000000,462.49,481.44,460.92,476.23,0,0
BCH.V,D,20200213,000000,476.22,484.73,459.96,469.8,0,0
BCH.V,D,20200214,000000,469.74,496.66,466.32,491.62,0,0
BCH.V,D,20200215,000000,491.92,494.97,426.77,442.46,0,0
BCH.V,D,20200216,000000,442.46,457.77,383.37,409.11,0,0
BCH.V,D,20200217,000000,409.26,417.59,370.62,401.53,0,0
BCH.V,D,20200218,000000,401.68,426.7,386.72,419.72,0,0
BCH.V,D,20200219,000000,419.72,424.09,371.81,386.89,0,0
BCH.V,D,20200220,000000,386.97,389.26,355.43,371.74,0,0
BCH.V,D,20200221,000000,371.69,388.06,367.23,376.99,0,0
BCH.V,D,20200222,000000,376.99,381.16,367.61,373.51,0,0
BCH.V,D,20200223,000000,373.54,400.33,371.63,397.21,0,0
BCH.V,D,20200224,000000,395.93,408.29,364.17,374.8,0,0
BCH.V,D,20200225,000000,374.81,379.81,346.88,357.62,0,0
BCH.V,D,20200226,000000,357.67,360.57,301.74,320.41,0,0
BCH.V,D,20200227,000000,320.42,334.96,307.75,324.49,0,0
BCH.V,D,20200228,000000,324.49,329.13,299.86,316.85,0,0
BCH.V,D,20200229,000000,316.62,322.46,306.19,312.42,0,0
BCH.V,D,20200301,000000,312.7,323.7,304.67,312.64,0,0
BCH.V,D,20200302,000000,312.64,342.74,310.84,335.59,0,0
BCH.V,D,20200303,000000,335.56,339.32,321.51,330.54,0,0
BCH.V,D,20200304,000000,330.54,332.27,311.62,318.67,0,0
BCH.V,D,20200305,000000,318.64,343.37,318.64,333.79,0,0
BCH.V,D,20200306,000000,333.94,352.38,332.29,347.99,0,0
BCH.V,D,20200307,000000,347.99,351.22,327.81,334.12,0,0
BCH.V,D,20200308,000000,333.94,334.16,271.19,277.11,0,0
BCH.V,D,20200309,000000,276.98,281.1,253.88,271.12,0,0
BCH.V,D,20200310,000000,271.09,278.05,263.42,273.92,0,0
BCH.V,D,20200311,000000,273.95,274.9,251.05,269.58,0,0
BCH.V,D,20200312,000000,269.31,270.3,168.07,175.03,0,0
BCH.V,D,20200313,000000,175.14,192.13,136.58,179.86,0,0
BCH.V,D,20200314,000000,179.92,183.53,165.26,169.22,0,0
BCH.V,D,20200315,000000,169.15,189.85,164.18,180.56,0,0
BCH.V,D,20200316,000000,180.4,184.08,148.5,164.87,0,0
BCH.V,D,20200317,000000,164.87,188.18,164.7,185.15,0,0
BCH.V,D,20200318,000000,184.92,186.53,169.84,180.25,0,0
BCH.V,D,20200319,000000,180.29,233.15,178.08,228.03,0,0
BCH.V,D,20200320,000000,227.49,245.13,191.55,213.43,0,0
BCH.V,D,20200321,000000,212.67,228.57,207.56,219.56,0,0
BCH.V,D,20200322,000000,219.9,233.09,200.62,204.66,0,0
BCH.V,D,20200323,000000,204.66,226.78,199.27,220.21,0,0
BCH.V,D,20200324,000000,220.21,230.41,218.34,228.77,0,0
BCH.V,D,20200325,000000,228.25,229.73,213.99,220.51,0,0
BCH.V,D,20200326,000000,220.45,227.63,219.27,224.9,0,0
BCH.V,D,20200327,000000,224.9,233.43,221.37,225.24,0,0
BCH.V,D,20200328,000000,225.21,225.21,202.85,213.53,0,0
BCH.V,D,20200329,000000,213.52,217.51,204.89,206.01,0,0
BCH.V,D,20200330,000000,206,226.42,204.97,224.95,0,0
BCH.V,D,20200331,000000,224.95,225.28,216,220.54,0,0
BCH.V,D,20200401,000000,220.58,222.88,211.79,219.08,0,0
BCH.V,D,20200402,000000,219.08,246.51,219.08,235.34,0,0
BCH.V,D,20200403,000000,235.28,241.85,230.44,234.93,0,0
BCH.V,D,20200404,000000,234.93,240.47,232.36,238.04,0,0
BCH.V,D,20200405,000000,238.02,239.61,225.51,230.33,0,0
BCH.V,D,20200406,000000,230.33,257.18,230.3,253.94,0,0
BCH.V,D,20200407,000000,254,265.36,247.2,251.6,0,0
BCH.V,D,20200408,000000,251.59,279.65,250.05,266.62,0,0
BCH.V,D,20200409,000000,266.62,274.37,253.98,259.24,0,0
BCH.V,D,20200410,000000,259.29,259.73,226.08,234.34,0,0
BCH.V,D,20200411,000000,234.38,240.1,221.99,228.76,0,0
BCH.V,D,20200412,000000,228.87,244.27,227.05,240.82,0,0
BCH.V,D,20200413,000000,240.85,241.34,216.12,222.97,0,0
BCH.V,D,20200414,000000,222.94,228.37,220.15,222.95,0,0
BCH.V,D,20200415,000000,222.95,225.15,218.87,221.46,0,0
BCH.V,D,20200416,000000,221.44,236.79,206.88,232.91,0,0
BCH.V,D,20200417,000000,232.91,239.95,229.86,232.58,0,0
BCH.V,D,20200418,000000,232.59,245.93,231.41,245.52,0,0
BCH.V,D,20200419,000000,245.53,247.59,230.24,235.9,0,0
BCH.V,D,20200420,000000,235.9,238.32,216.35,220.06,0,0
BCH.V,D,20200421,000000,220.06,223.5,215.73,220.79,0,0
BCH.V,D,20200422,000000,220.79,235.67,217.92,231.27,0,0
BCH.V,D,20200423,000000,231.33,246.55,226.38,242.67,0,0
BCH.V,D,20200424,000000,242.6,242.97,235.03,238.49,0,0
BCH.V,D,20200425,000000,238.49,245.44,235.46,238.16,0,0
BCH.V,D,20200426,000000,238.16,248.96,237.18,244.53,0,0
BCH.V,D,20200427,000000,244.53,247.81,234.64,239.12,0,0
BCH.V,D,20200428,000000,239.02,244.44,237.52,240.04,0,0
BCH.V,D,20200429,000000,239.96,262.68,239.8,259.27,0,0
BCH.V,D,20200430,000000,259.17,275.59,245.55,252.1,0,0
BCH.V,D,20200501,000000,252.08,260.43,249.19,254.6,0,0
BCH.V,D,20200502,000000,254.6,260.15,252.58,260.12,0,0
BCH.V,D,20200503,000000,260.12,267.57,246.7,250.88,0,0
BCH.V,D,20200504,000000,251,253.52,237.09,248.38,0,0
BCH.V,D,20200505,000000,248.34,252.25,241.84,246.21,0,0
BCH.V,D,20200506,000000,246.21,253.71,244.09,248.21,0,0
BCH.V,D,20200507,000000,248.09,256.6,237.56,252.26,0,0
BCH.V,D,20200508,000000,252.26,265.26,248.75,264.46,0,0
BCH.V,D,20200509,000000,264.45,277.06,258.71,265.54,0,0
BCH.V,D,20200510,000000,265.54,267.28,224.58,234.39,0,0
BCH.V,D,20200511,000000,234.39,238.01,219.59,230.5,0,0
BCH.V,D,20200512,000000,230.44,239.12,229.04,229.04,0,0
BCH.V,D,20200513,000000,230.02,242.15,229.89,242,0,0
BCH.V,D,20200514,000000,241.74,245.74,234.42,241.62,0,0
BCH.V,D,20200515,000000,241.66,245.27,230.85,236.07,0,0
BCH.V,D,20200516,000000,236.07,240.56,233.71,237.06,0,0
BCH.V,D,20200517,000000,237.02,245.6,235.83,243.14,0,0
BCH.V,D,20200518,000000,243.17,254.45,239.63,245.66,0,0
BCH.V,D,20200519,000000,245.66,250.65,242.49,245.03,0,0
BCH.V,D,20200520,000000,245.05,247.53,235.01,239.94,0,0
BCH.V,D,20200521,000000,239.93,242.65,221.08,228.27,0,0
BCH.V,D,20200522,000000,228.27,236.41,225.09,235.79,0,0
BCH.V,D,20200523,000000,235.8,239.39,232.51,235.61,0,0
BCH.V,D,20200524,000000,235.61,237.5,225.68,230.08,0,0
BCH.V,D,20200525,000000,230.08,232.86,221.57,230.69,0,0
BCH.V,D,20200526,000000,230.68,231.36,224.28,228.16,0,0
BCH.V,D,20200527,000000,228.14,234.54,227.21,230.27,0,0
BCH.V,D,20200528,000000,230.17,237.94,229.1,236.26,0,0
BCH.V,D,20200529,000000,236.27,243.58,234.58,236.98,0,0
BCH.V,D,20200530,000000,236.98,248.39,236.58,245.99,0,0
BCH.V,D,20200531,000000,245.99,253.3,240.78,241.82,0,0
BCH.V,D,20200601,000000,241.82,246.07,237.04,245.72,0,0
BCH.V,D,20200602,000000,245.72,268.93,244.45,250.78,0,0
BCH.V,D,20200603,000000,250.78,252.79,246.81,250.97,0,0
BCH.V,D,20200604,000000,250.97,259.91,248.22,255.31,0,0
BCH.V,D,20200605,000000,255.31,262.85,254.28,256.65,0,0
BCH.V,D,20200606,000000,256.65,257.94,251.41,254.53,0,0
BCH.V,D,20200607,000000,254.54,255.45,245.91,252.36,0,0
BCH.V,D,20200608,000000,252.36,256.6,251.59,253.47,0,0
BCH.V,D,20200609,000000,253.47,256.87,251.12,253.82,0,0
BCH.V,D,20200610,000000,253.82,258.64,251.2,255.73,0,0
BCH.V,D,20200611,000000,255.73,258.16,231.48,237.6,0,0
BCH.V,D,20200612,000000,237.6,243.33,233.12,240.24,0,0
BCH.V,D,20200613,000000,240.24,242.03,237.43,240.55,0,0
BCH.V,D,20200614,000000,240.55,241.17,235.55,236.46,0,0
BCH.V,D,20200615,000000,236.49,238.52,224.67,236.72,0,0
BCH.V,D,20200616,000000,236.64,239.01,233.8,236.53,0,0
BCH.V,D,20200617,000000,236.47,242.49,235.25,239.24,0,0
BCH.V,D,20200618,000000,239.24,240.58,232.41,235.09,0,0
BCH.V,D,20200619,000000,235.08,236.62,230.41,233.97,0,0
BCH.V,D,20200620,000000,233.97,234.71,228.87,231.4,0,0
BCH.V,D,20200621,000000,231.4,233.98,231.38,232.06,0,0
BCH.V,D,20200622,000000,232.08,243.86,229.69,242.33,0,0
BCH.V,D,20200623,000000,242.3,244.21,239.37,242.2,0,0
BCH.V,D,20200624,000000,242.2,245.35,229.66,232.39,0,0
BCH.V,D,20200625,000000,232.4,234.71,226.36,233.07,0,0
BCH.V,D,20200626,000000,233.07,233.33,228.12,230.25,0,0
BCH.V,D,20200627,000000,230.33,231.18,207.02,218.12,0,0
BCH.V,D,20200628,000000,218.14,225.34,213.51,223.36,0,0
BCH.V,D,20200629,000000,223.36,224.29,218.42,224.13,0,0
BCH.V,D,20200630,000000,224.14,227.14,220.57,222.23,0,0
BCH.V,D,20200701,000000,222.23,226.69,221.25,224.29,0,0
BCH.V,D,20200702,000000,224.3,225.43,217.72,221.15,0,0
BCH.V,D,20200703,000000,221.26,223.47,219.22,222.43,0,0
BCH.V,D,20200704,000000,222.43,226.73,219.96,224.93,0,0
BCH.V,D,20200705,000000,224.93,225.92,217.17,219.52,0,0
BCH.V,D,20200706,000000,219.52,241.42,219.52,238.77,0,0
BCH.V,D,20200707,000000,238.65,244.25,235.18,236.7,0,0
BCH.V,D,20200708,000000,236.7,245.94,236.08,243.99,0,0
BCH.V,D,20200709,000000,243.97,245.38,233.25,237.26,0,0
BCH.V,D,20200710,000000,237.2,239.74,232.79,236.55,0,0
BCH.V,D,20200711,000000,236.55,239.15,234.96,235.87,0,0
BCH.V,D,20200712,000000,235.87,239.08,232.62,235.35,0,0
BCH.V,D,20200713,000000,235.41,237.84,225.06,230.73,0,0
BCH.V,D,20200714,000000,230.73,232.17,226.5,229.98,0,0
BCH.V,D,20200715,000000,229.98,230.91,225.92,227.82,0,0
BCH.V,D,20200716,000000,227.82,228,217.81,223.42,0,0
BCH.V,D,20200717,000000,223.35,225.24,221.87,222.12,0,0
BCH.V,D,20200718,000000,222.96,226.4,222.33,225.27,0,0
BCH.V,D,20200719,000000,225.21,226.89,220.7,226.28,0,0
BCH.V,D,20200720,000000,226.31,228.82,221.11,223,0,0
BCH.V,D,20200721,000000,222.98,232.33,222.45,229.15,0,0
BCH.V,D,20200722,000000,229.4,233.76,227.88,232.68,0,0
BCH.V,D,20200723,000000,232.68,242.99,232.34,238.81,0,0
BCH.V,D,20200724,000000,238.81,239.45,232.85,238.17,0,0
BCH.V,D,20200725,000000,238.12,253.44,235.05,251.77,0,0
BCH.V,D,20200726,000000,251.76,257.31,244.53,247.1,0,0
BCH.V,D,20200727,000000,247.09,271.78,247.09,271.67,0,0
BCH.V,D,20200728,000000,271.79,297.79,265.21,292.21,0,0
BCH.V,D,20200729,000000,292.21,294.77,285.84,292.92,0,0
