<TICKER>,<PER>,<DATE>,<TIME>,<OPEN>,<HIGH>,<LOW>,<CLOSE>,<VOL>,<OPENINT>
BCN.V,D,20170602,000000,0.0032,0.0032,0.0027,0.0027,0,0
BCN.V,D,20170603,000000,0.0027,0.003,0.002057,0.00252,0,0
BCN.V,D,20170604,000000,0.00252,0.002878,0.002123,0.002512,0,0
BCN.V,D,20170605,000000,0.002512,0.002878,0.002444,0.00271,0,0
BCN.V,D,20170606,000000,0.00271,0.003147,0.00264,0.002822,0,0
BCN.V,D,20170607,000000,0.002822,0.002887,0.002157,0.002519,0,0
BCN.V,D,20170608,000000,0.002519,0.002887,0.002385,0.002839,0,0
BCN.V,D,20170609,000000,0.002839,0.002886,0.0027,0.002772,0,0
BCN.V,D,20170610,000000,0.002772,0.002821,0.0026,0.002766,0,0
BCN.V,D,20170611,000000,0.002766,0.002821,0.002385,0.002514,0,0
BCN.V,D,20170612,000000,0.002514,0.0027,0.0019,0.002015,0,0
BCN.V,D,20170613,000000,0.002015,0.00265,0.0019,0.002173,0,0
BCN.V,D,20170614,000000,0.002173,0.00227,0.001838,0.001905,0,0
BCN.V,D,20170615,000000,0.001905,0.002033,0.001511,0.001862,0,0
BCN.V,D,20170616,000000,0.001862,0.002038,0.001741,0.001935,0,0
BCN.V,D,20170617,000000,0.001935,0.0021,0.001871,0.002065,0,0
BCN.V,D,20170618,000000,0.002065,0.0021,0.0019,0.001982,0,0
BCN.V,D,20170619,000000,0.001982,0.0022,0.001569,0.002177,0,0
BCN.V,D,20170620,000000,0.002177,0.0022,0.002028,0.002099,0,0
BCN.V,D,20170621,000000,0.002099,0.00218,0.001865,0.001876,0,0
BCN.V,D,20170622,000000,0.001876,0.00209,0.00172,0.001991,0,0
BCN.V,D,20170623,000000,0.001991,0.002054,0.001799,0.001843,0,0
BCN.V,D,20170624,000000,0.001843,0.0019,0.001358,0.001756,0,0
BCN.V,D,20170625,000000,0.001756,0.001793,0.0014,0.001463,0,0
BCN.V,D,20170626,000000,0.001463,0.00154,0.001008,0.00126,0,0
BCN.V,D,20170627,000000,0.00126,0.001387,0.0011,0.0013,0,0
BCN.V,D,20170628,000000,0.0013,0.0017,0.001272,0.001484,0,0
BCN.V,D,20170629,000000,0.001484,0.001558,0.001379,0.001425,0,0
BCN.V,D,20170630,000000,0.001425,0.0015,0.00142,0.001428,0,0
BCN.V,D,20170701,000000,0.001428,0.003,0.001386,0.003,0,0
BCN.V,D,20170702,000000,0.003,0.00325,0.001991,0.002172,0,0
BCN.V,D,20170703,000000,0.002172,0.0024,0.001867,0.002025,0,0
BCN.V,D,20170704,000000,0.002025,0.00238,0.001955,0.002,0,0
BCN.V,D,20170705,000000,0.002,0.002157,0.00187,0.00195,0,0
BCN.V,D,20170706,000000,0.00195,0.002035,0.001832,0.001905,0,0
BCN.V,D,20170707,000000,0.001905,0.001999,0.001716,0.001765,0,0
BCN.V,D,20170708,000000,0.001765,0.0018,0.00155,0.00162,0,0
BCN.V,D,20170709,000000,0.00162,0.001688,0.00154,0.00157,0,0
BCN.V,D,20170710,000000,0.00157,0.001607,0.001501,0.001518,0,0
BCN.V,D,20170711,000000,0.001518,0.001518,0.001518,0.001518,0,0
BCN.V,D,20170712,000000,0.001518,0.001638,0.001207,0.001606,0,0
BCN.V,D,20170713,000000,0.001606,0.0017,0.001333,0.001371,0,0
BCN.V,D,20170714,000000,0.001371,0.001431,0.001241,0.001283,0,0
BCN.V,D,20170715,000000,0.001283,0.001354,0.001119,0.001143,0,0
BCN.V,D,20170716,000000,0.001143,0.001183,0.000805,0.001105,0,0
BCN.V,D,20170717,000000,0.001105,0.001355,0.001014,0.001355,0,0
BCN.V,D,20170718,000000,0.001355,0.001402,0.001183,0.001322,0,0
BCN.V,D,20170719,000000,0.001322,0.001339,0.001223,0.001245,0,0
BCN.V,D,20170720,000000,0.001245,0.001405,0.00089,0.001322,0,0
BCN.V,D,20170721,000000,0.001322,0.001349,0.001255,0.001317,0,0
BCN.V,D,20170722,000000,0.001317,0.001358,0.001307,0.001344,0,0
BCN.V,D,20170723,000000,0.001344,0.001389,0.001251,0.001301,0,0
BCN.V,D,20170724,000000,0.001301,0.001401,0.001266,0.001345,0,0
BCN.V,D,20170725,000000,0.001345,0.001403,0.001135,0.001214,0,0
BCN.V,D,20170726,000000,0.001214,0.001254,0.001135,0.001174,0,0
BCN.V,D,20170727,000000,0.001174,0.001274,0.001002,0.001246,0,0
BCN.V,D,20170728,000000,0.001246,0.001298,0.00101,0.001255,0,0
BCN.V,D,20170729,000000,0.001255,0.001255,0.001102,0.001163,0,0
BCN.V,D,20170730,000000,0.001163,0.001224,0.001108,0.001196,0,0
BCN.V,D,20170731,000000,0.001196,0.001219,0.001125,0.00117,0,0
BCN.V,D,20170801,000000,0.00117,0.00135,0.001018,0.001169,0,0
BCN.V,D,20170802,000000,0.001169,0.0014,0.0009,0.001081,0,0
BCN.V,D,20170803,000000,0.001081,0.001211,0.000956,0.001075,0,0
BCN.V,D,20170804,000000,0.001075,0.001375,0.001062,0.00124,0,0
BCN.V,D,20170805,000000,0.00124,0.001385,0.001184,0.001322,0,0
BCN.V,D,20170806,000000,0.001322,0.001395,0.001295,0.001295,0,0
BCN.V,D,20170807,000000,0.001295,0.002,0.001249,0.001469,0,0
BCN.V,D,20170808,000000,0.001469,0.001737,0.001401,0.001446,0,0
BCN.V,D,20170809,000000,0.001446,0.00145,0.001376,0.001388,0,0
BCN.V,D,20170810,000000,0.001388,0.001432,0.001324,0.001347,0,0
BCN.V,D,20170811,000000,0.001347,0.0016,0.001142,0.001536,0,0
BCN.V,D,20170812,000000,0.001536,0.001695,0.001466,0.001518,0,0
BCN.V,D,20170813,000000,0.001518,0.00156,0.001222,0.001462,0,0
BCN.V,D,20170814,000000,0.001462,0.001496,0.001198,0.001331,0,0
BCN.V,D,20170815,000000,0.001331,0.001543,0.001229,0.001402,0,0
BCN.V,D,20170816,000000,0.001402,0.001466,0.0013,0.001384,0,0
BCN.V,D,20170817,000000,0.001384,0.001389,0.001255,0.001301,0,0
BCN.V,D,20170818,000000,0.001301,0.001329,0.00115,0.001196,0,0
BCN.V,D,20170819,000000,0.001196,0.0013,0.001026,0.001168,0,0
BCN.V,D,20170820,000000,0.001168,0.001294,0.001097,0.001215,0,0
BCN.V,D,20170821,000000,0.001215,0.00125,0.00114,0.001196,0,0
BCN.V,D,20170822,000000,0.001196,0.001264,0.0011,0.001233,0,0
BCN.V,D,20170823,000000,0.001233,0.00144,0.001186,0.001366,0,0
BCN.V,D,20170824,000000,0.001366,0.00151,0.0013,0.001408,0,0
BCN.V,D,20170825,000000,0.001408,0.001515,0.001326,0.001368,0,0
BCN.V,D,20170826,000000,0.001368,0.001439,0.001343,0.001393,0,0
BCN.V,D,20170827,000000,0.001393,0.00159,0.001393,0.001461,0,0
BCN.V,D,20170828,000000,0.001461,0.001702,0.001413,0.001696,0,0
BCN.V,D,20170829,000000,0.001705,0.002033,0.001651,0.001887,0,0
BCN.V,D,20170830,000000,0.001887,0.003185,0.001835,0.002706,0,0
BCN.V,D,20170831,000000,0.002706,0.002814,0.002295,0.002414,0,0
BCN.V,D,20170901,000000,0.002414,0.002496,0.002069,0.002392,0,0
BCN.V,D,20170902,000000,0.002392,0.00244,0.001972,0.002027,0,0
BCN.V,D,20170903,000000,0.002027,0.002261,0.001904,0.002178,0,0
BCN.V,D,20170904,000000,0.002178,0.002185,0.001681,0.001821,0,0
BCN.V,D,20170905,000000,0.001821,0.002,0.00162,0.001966,0,0
BCN.V,D,20170906,000000,0.001966,0.00205,0.00194,0.002006,0,0
BCN.V,D,20170907,000000,0.002006,0.002013,0.001925,0.001976,0,0
BCN.V,D,20170908,000000,0.001976,0.002004,0.0016,0.001698,0,0
BCN.V,D,20170909,000000,0.001698,0.001775,0.001649,0.001743,0,0
BCN.V,D,20170910,000000,0.001743,0.00175,0.0015,0.001567,0,0
BCN.V,D,20170911,000000,0.001567,0.001792,0.001535,0.001769,0,0
BCN.V,D,20170912,000000,0.001769,0.001953,0.001585,0.001766,0,0
BCN.V,D,20170913,000000,0.001766,0.001769,0.001439,0.00155,0,0
BCN.V,D,20170914,000000,0.00155,0.00158,0.00115,0.001204,0,0
BCN.V,D,20170915,000000,0.001204,0.001324,0.0008,0.001302,0,0
BCN.V,D,20170916,000000,0.001302,0.001392,0.001179,0.00124,0,0
BCN.V,D,20170917,000000,0.00124,0.001319,0.001179,0.001251,0,0
BCN.V,D,20170918,000000,0.001251,0.001421,0.00125,0.001414,0,0
BCN.V,D,20170919,000000,0.001414,0.00143,0.0013,0.001311,0,0
BCN.V,D,20170920,000000,0.001311,0.001351,0.00125,0.001274,0,0
BCN.V,D,20170921,000000,0.001274,0.001313,0.001097,0.001129,0,0
BCN.V,D,20170922,000000,0.001129,0.001188,0.001083,0.00114,0,0
BCN.V,D,20170923,000000,0.00114,0.001277,0.001112,0.001269,0,0
BCN.V,D,20170924,000000,0.001269,0.00128,0.001165,0.001214,0,0
BCN.V,D,20170925,000000,0.001214,0.001319,0.001204,0.001308,0,0
BCN.V,D,20170926,000000,0.001308,0.001363,0.00123,0.001271,0,0
BCN.V,D,20170927,000000,0.001271,0.001456,0.001264,0.001447,0,0
BCN.V,D,20170928,000000,0.001447,0.001498,0.00139,0.001435,0,0
BCN.V,D,20170929,000000,0.001435,0.00144,0.001285,0.001392,0,0
BCN.V,D,20170930,000000,0.001392,0.001426,0.001327,0.001396,0,0
BCN.V,D,20171001,000000,0.001396,0.001435,0.00129,0.001415,0,0
BCN.V,D,20171002,000000,0.001415,0.001433,0.001276,0.001311,0,0
BCN.V,D,20171003,000000,0.001311,0.001318,0.00123,0.001257,0,0
BCN.V,D,20171004,000000,0.001257,0.001303,0.001209,0.001266,0,0
BCN.V,D,20171005,000000,0.001266,0.001293,0.0012,0.00126,0,0
BCN.V,D,20171006,000000,0.00126,0.001333,0.001238,0.001289,0,0
BCN.V,D,20171007,000000,0.001289,0.001319,0.001218,0.001301,0,0
BCN.V,D,20171008,000000,0.001301,0.001342,0.001284,0.001295,0,0
BCN.V,D,20171009,000000,0.001295,0.001396,0.001272,0.001356,0,0
BCN.V,D,20171010,000000,0.001356,0.001399,0.0013,0.001329,0,0
BCN.V,D,20171011,000000,0.001329,0.001571,0.001309,0.00146,0,0
BCN.V,D,20171012,000000,0.00146,0.001489,0.001346,0.001426,0,0
BCN.V,D,20171013,000000,0.001426,0.00152,0.00136,0.001409,0,0
BCN.V,D,20171014,000000,0.001409,0.00146,0.001387,0.001448,0,0
BCN.V,D,20171015,000000,0.001448,0.001465,0.001365,0.001415,0,0
BCN.V,D,20171016,000000,0.001419,0.001448,0.00139,0.001445,0,0
BCN.V,D,20171017,000000,0.001443,0.00145,0.00138,0.001405,0,0
BCN.V,D,20171018,000000,0.001405,0.001435,0.001283,0.001404,0,0
BCN.V,D,20171019,000000,0.001404,0.001542,0.001389,0.00146,0,0
BCN.V,D,20171020,000000,0.00146,0.001517,0.001365,0.001501,0,0
BCN.V,D,20171021,000000,0.001501,0.001544,0.001475,0.001516,0,0
BCN.V,D,20171022,000000,0.001516,0.001519,0.00143,0.001494,0,0
BCN.V,D,20171023,000000,0.001494,0.00151,0.001265,0.001322,0,0
BCN.V,D,20171024,000000,0.001322,0.001523,0.00124,0.001393,0,0
BCN.V,D,20171025,000000,0.001393,0.001422,0.001319,0.001389,0,0
BCN.V,D,20171026,000000,0.001388,0.001432,0.001322,0.001358,0,0
BCN.V,D,20171027,000000,0.001357,0.001401,0.001317,0.001343,0,0
BCN.V,D,20171028,000000,0.001343,0.00136,0.001298,0.001319,0,0
BCN.V,D,20171029,000000,0.001319,0.001473,0.001302,0.001435,0,0
BCN.V,D,20171030,000000,0.001435,0.00146,0.00135,0.001369,0,0
BCN.V,D,20171031,000000,0.001369,0.001428,0.00133,0.00142,0,0
BCN.V,D,20171101,000000,0.00142,0.001555,0.00139,0.001418,0,0
BCN.V,D,20171102,000000,0.001403,0.001512,0.00121,0.001214,0,0
BCN.V,D,20171103,000000,0.001217,0.00134,0.001143,0.001229,0,0
BCN.V,D,20171104,000000,0.001229,0.001289,0.001165,0.001246,0,0
BCN.V,D,20171105,000000,0.001246,0.001306,0.001219,0.001253,0,0
BCN.V,D,20171106,000000,0.001253,0.001313,0.001194,0.001195,0,0
BCN.V,D,20171107,000000,0.001195,0.0013,0.001181,0.001283,0,0
BCN.V,D,20171108,000000,0.001283,0.001314,0.0012,0.001265,0,0
BCN.V,D,20171109,000000,0.001265,0.00146,0.001215,0.001346,0,0
BCN.V,D,20171110,000000,0.001346,0.001422,0.001215,0.001241,0,0
BCN.V,D,20171111,000000,0.001239,0.001294,0.001146,0.001183,0,0
BCN.V,D,20171112,000000,0.001183,0.001194,0.001,0.001044,0,0
BCN.V,D,20171113,000000,0.001046,0.001266,0.001021,0.001141,0,0
BCN.V,D,20171114,000000,0.001141,0.001186,0.001072,0.001123,0,0
BCN.V,D,20171115,000000,0.001123,0.00125,0.001123,0.001226,0,0
BCN.V,D,20171116,000000,0.001226,0.001289,0.00117,0.001257,0,0
BCN.V,D,20171117,000000,0.001257,0.001267,0.001172,0.001196,0,0
BCN.V,D,20171118,000000,0.001196,0.001318,0.001159,0.001259,0,0
BCN.V,D,20171119,000000,0.00126,0.001372,0.00121,0.001293,0,0
BCN.V,D,20171120,000000,0.001293,0.001315,0.001252,0.001283,0,0
BCN.V,D,20171121,000000,0.001278,0.001354,0.001215,0.0013,0,0
BCN.V,D,20171122,000000,0.0013,0.001641,0.001287,0.001559,0,0
BCN.V,D,20171123,000000,0.001559,0.002229,0.001317,0.001742,0,0
BCN.V,D,20171124,000000,0.001742,0.001762,0.001485,0.001587,0,0
BCN.V,D,20171125,000000,0.001587,0.001749,0.001572,0.001657,0,0
BCN.V,D,20171126,000000,0.001657,0.001713,0.001588,0.001683,0,0
BCN.V,D,20171127,000000,0.001679,0.001772,0.001596,0.001759,0,0
BCN.V,D,20171128,000000,0.001758,0.001806,0.001683,0.001781,0,0
BCN.V,D,20171129,000000,0.001782,0.001868,0.001521,0.001567,0,0
BCN.V,D,20171130,000000,0.001572,0.001695,0.001406,0.00158,0,0
BCN.V,D,20171201,000000,0.00158,0.001735,0.001491,0.001712,0,0
BCN.V,D,20171202,000000,0.001712,0.00219,0.001627,0.001908,0,0
BCN.V,D,20171203,000000,0.001906,0.002206,0.001788,0.00198,0,0
BCN.V,D,20171204,000000,0.00198,0.00211,0.001927,0.002106,0,0
BCN.V,D,20171205,000000,0.002105,0.002417,0.002034,0.00237,0,0
BCN.V,D,20171206,000000,0.002372,0.002534,0.002082,0.002365,0,0
BCN.V,D,20171207,000000,0.002366,0.002607,0.002185,0.002597,0,0
BCN.V,D,20171208,000000,0.002597,0.0027,0.002236,0.0027,0,0
BCN.V,D,20171209,000000,0.0027,0.002706,0.002206,0.00251,0,0
BCN.V,D,20171210,000000,0.00251,0.002668,0.002025,0.002407,0,0
BCN.V,D,20171211,000000,0.002396,0.002753,0.002367,0.002553,0,0
BCN.V,D,20171212,000000,0.002553,0.002705,0.00246,0.002617,0,0
BCN.V,D,20171213,000000,0.002618,0.0027,0.002324,0.002511,0,0
BCN.V,D,20171214,000000,0.002508,0.002753,0.002451,0.002751,0,0
BCN.V,D,20171215,000000,0.002753,0.002859,0.002681,0.00282,0,0
BCN.V,D,20171216,000000,0.002818,0.00335,0.00256,0.00335,0,0
BCN.V,D,20171217,000000,0.003355,0.00429,0.0033,0.004258,0,0
BCN.V,D,20171218,000000,0.004271,0.004767,0.003903,0.004746,0,0
BCN.V,D,20171219,000000,0.004747,0.004873,0.003986,0.004255,0,0
BCN.V,D,20171220,000000,0.004278,0.005,0.003273,0.004951,0,0
BCN.V,D,20171221,000000,0.004955,0.005721,0.004618,0.005721,0,0
BCN.V,D,20171222,000000,0.005721,0.005721,0.003,0.004801,0,0
BCN.V,D,20171223,000000,0.004812,0.005985,0.004754,0.005585,0,0
BCN.V,D,20171224,000000,0.005565,0.005986,0.0043,0.005986,0,0
BCN.V,D,20171225,000000,0.00598,0.00694,0.005763,0.006497,0,0
BCN.V,D,20171226,000000,0.006557,0.006993,0.005,0.00615,0,0
BCN.V,D,20171227,000000,0.006121,0.00668,0.00565,0.005988,0,0
BCN.V,D,20171228,000000,0.005985,0.006005,0.00501,0.00554,0,0
BCN.V,D,20171229,000000,0.00554,0.00613,0.005517,0.005946,0,0
BCN.V,D,20171230,000000,0.005946,0.005969,0.004441,0.00487,0,0
BCN.V,D,20171231,000000,0.004864,0.005995,0.0044,0.005696,0,0
BCN.V,D,20180101,000000,0.005696,0.00585,0.005413,0.005768,0,0
BCN.V,D,20180102,000000,0.005769,0.006471,0.005702,0.00634,0,0
BCN.V,D,20180103,000000,0.006335,0.0065,0.005909,0.006251,0,0
BCN.V,D,20180104,000000,0.006251,0.0069,0.005693,0.00687,0,0
BCN.V,D,20180105,000000,0.006876,0.01529,0.006652,0.01345,0,0
BCN.V,D,20180106,000000,0.01345,0.01673,0.01345,0.01653,0,0
BCN.V,D,20180107,000000,0.01653,0.017,0.01341,0.01523,0,0
BCN.V,D,20180108,000000,0.01523,0.01532,0.01066,0.01294,0,0
BCN.V,D,20180109,000000,0.01294,0.01313,0.01117,0.01158,0,0
BCN.V,D,20180110,000000,0.01158,0.012,0.009502,0.01157,0,0
BCN.V,D,20180111,000000,0.01157,0.01175,0.008741,0.009252,0,0
BCN.V,D,20180112,000000,0.009262,0.01168,0.008793,0.01116,0,0
BCN.V,D,20180113,000000,0.01114,0.0124,0.01089,0.01115,0,0
BCN.V,D,20180114,000000,0.01116,0.01126,0.009423,0.01005,0,0
BCN.V,D,20180115,000000,0.01006,0.01071,0.00919,0.009268,0,0
BCN.V,D,20180116,000000,0.009336,0.009351,0.004614,0.006251,0,0
BCN.V,D,20180117,000000,0.006203,0.007526,0.004632,0.007176,0,0
BCN.V,D,20180118,000000,0.007176,0.00812,0.006995,0.007554,0,0
BCN.V,D,20180119,000000,0.007554,0.00787,0.006976,0.007398,0,0
BCN.V,D,20180120,000000,0.007398,0.008243,0.007294,0.00778,0,0
BCN.V,D,20180121,000000,0.00778,0.007994,0.006345,0.0067,0,0
BCN.V,D,20180122,000000,0.0067,0.007208,0.005705,0.006204,0,0
BCN.V,D,20180123,000000,0.006207,0.006506,0.00572,0.00618,0,0
BCN.V,D,20180124,000000,0.006181,0.006777,0.006025,0.006488,0,0
BCN.V,D,20180125,000000,0.006552,0.006856,0.006301,0.006563,0,0
BCN.V,D,20180126,000000,0.006563,0.007599,0.006173,0.006995,0,0
BCN.V,D,20180127,000000,0.007016,0.00761,0.00697,0.007431,0,0
BCN.V,D,20180128,000000,0.007431,0.007727,0.007254,0.00758,0,0
BCN.V,D,20180129,000000,0.00758,0.00765,0.006895,0.007016,0,0
BCN.V,D,20180130,000000,0.007016,0.007102,0.005885,0.006492,0,0
BCN.V,D,20180131,000000,0.006492,0.006492,0.005692,0.005922,0,0
BCN.V,D,20180201,000000,0.005922,0.006157,0.005,0.005114,0,0
BCN.V,D,20180202,000000,0.005125,0.005205,0.003821,0.004879,0,0
BCN.V,D,20180203,000000,0.004879,0.005219,0.004251,0.005028,0,0
BCN.V,D,20180204,000000,0.005028,0.00525,0.004245,0.004461,0,0
BCN.V,D,20180205,000000,0.004479,0.004514,0.003452,0.003559,0,0
BCN.V,D,20180206,000000,0.003559,0.0043,0.002909,0.004234,0,0
BCN.V,D,20180207,000000,0.004234,0.004821,0.003905,0.004363,0,0
BCN.V,D,20180208,000000,0.004363,0.004799,0.004144,0.004544,0,0
BCN.V,D,20180209,000000,0.004544,0.004992,0.0044,0.004803,0,0
BCN.V,D,20180210,000000,0.004803,0.005333,0.004382,0.004641,0,0
BCN.V,D,20180211,000000,0.004641,0.004709,0.004222,0.004545,0,0
BCN.V,D,20180212,000000,0.00453,0.00485,0.004333,0.0048,0,0
BCN.V,D,20180213,000000,0.00483,0.004874,0.004418,0.0046,0,0
BCN.V,D,20180214,000000,0.0046,0.005491,0.00458,0.005491,0,0
BCN.V,D,20180215,000000,0.005421,0.005912,0.005341,0.005912,0,0
BCN.V,D,20180216,000000,0.005912,0.005912,0.005314,0.00567,0,0
BCN.V,D,20180217,000000,0.00567,0.006077,0.005533,0.005949,0,0
BCN.V,D,20180218,000000,0.005949,0.006192,0.005343,0.005602,0,0
BCN.V,D,20180219,000000,0.005602,0.00602,0.005512,0.005969,0,0
BCN.V,D,20180220,000000,0.005969,0.006411,0.005906,0.006009,0,0
BCN.V,D,20180221,000000,0.006009,0.006009,0.005106,0.005255,0,0
BCN.V,D,20180222,000000,0.005255,0.005503,0.0048,0.004886,0,0
BCN.V,D,20180223,000000,0.004886,0.0052,0.004669,0.004945,0,0
BCN.V,D,20180224,000000,0.004945,0.00512,0.004526,0.00466,0,0
BCN.V,D,20180225,000000,0.00466,0.004731,0.0045,0.004702,0,0
BCN.V,D,20180226,000000,0.004702,0.00505,0.004534,0.004964,0,0
BCN.V,D,20180227,000000,0.004964,0.005193,0.004751,0.005159,0,0
BCN.V,D,20180228,000000,0.005159,0.005259,0.004701,0.004701,0,0
BCN.V,D,20180301,000000,0.004701,0.004928,0.004358,0.004699,0,0
BCN.V,D,20180302,000000,0.004699,0.00474,0.004421,0.004459,0,0
BCN.V,D,20180303,000000,0.004459,0.004572,0.0043,0.004349,0,0
BCN.V,D,20180304,000000,0.004349,0.004368,0.004039,0.004241,0,0
BCN.V,D,20180305,000000,0.004241,0.004519,0.004011,0.004506,0,0
BCN.V,D,20180306,000000,0.004506,0.00467,0.003891,0.00405,0,0
BCN.V,D,20180307,000000,0.00405,0.004112,0.003534,0.003595,0,0
BCN.V,D,20180308,000000,0.003595,0.003778,0.003426,0.0035,0,0
BCN.V,D,20180309,000000,0.0035,0.003544,0.003118,0.003475,0,0
BCN.V,D,20180310,000000,0.003475,0.00356,0.003261,0.003286,0,0
BCN.V,D,20180311,000000,0.003286,0.0035,0.003178,0.003396,0,0
BCN.V,D,20180312,000000,0.003396,0.003647,0.003223,0.00333,0,0
BCN.V,D,20180313,000000,0.00333,0.003384,0.0031,0.003131,0,0
BCN.V,D,20180314,000000,0.003131,0.00325,0.002765,0.0028,0,0
BCN.V,D,20180315,000000,0.0028,0.002826,0.0026,0.002732,0,0
BCN.V,D,20180316,000000,0.002739,0.00284,0.00262,0.002822,0,0
BCN.V,D,20180317,000000,0.002822,0.00284,0.00233,0.002408,0,0
BCN.V,D,20180318,000000,0.002408,0.002599,0.002317,0.002525,0,0
BCN.V,D,20180319,000000,0.002525,0.0027,0.002525,0.002673,0,0
BCN.V,D,20180320,000000,0.002673,0.0029,0.002641,0.002869,0,0
BCN.V,D,20180321,000000,0.002869,0.002986,0.00278,0.00278,0,0
BCN.V,D,20180322,000000,0.00278,0.002825,0.002575,0.002696,0,0
BCN.V,D,20180323,000000,0.002696,0.002772,0.002577,0.002689,0,0
BCN.V,D,20180324,000000,0.002688,0.002908,0.002688,0.002745,0,0
BCN.V,D,20180325,000000,0.002745,0.002748,0.002547,0.002679,0,0
BCN.V,D,20180326,000000,0.002679,0.002759,0.002361,0.002369,0,0
BCN.V,D,20180327,000000,0.002368,0.002583,0.002368,0.002481,0,0
BCN.V,D,20180328,000000,0.002481,0.002907,0.002326,0.002464,0,0
BCN.V,D,20180329,000000,0.002464,0.00255,0.002254,0.00228,0,0
BCN.V,D,20180330,000000,0.00228,0.002338,0.002072,0.002233,0,0
BCN.V,D,20180331,000000,0.002233,0.002253,0.002071,0.002083,0,0
BCN.V,D,20180401,000000,0.002083,0.002185,0.001969,0.002122,0,0
BCN.V,D,20180402,000000,0.002122,0.002211,0.002071,0.002171,0,0
BCN.V,D,20180403,000000,0.00217,0.002334,0.002113,0.002311,0,0
BCN.V,D,20180404,000000,0.00231,0.002461,0.002166,0.002188,0,0
BCN.V,D,20180405,000000,0.002188,0.002203,0.002021,0.002023,0,0
BCN.V,D,20180406,000000,0.002023,0.002127,0.001958,0.002054,0,0
BCN.V,D,20180407,000000,0.002054,0.002191,0.002031,0.002168,0,0
BCN.V,D,20180408,000000,0.002168,0.002209,0.002065,0.002108,0,0
BCN.V,D,20180409,000000,0.002108,0.002295,0.002056,0.002155,0,0
BCN.V,D,20180410,000000,0.002155,0.002333,0.002079,0.00232,0,0
BCN.V,D,20180411,000000,0.00232,0.002597,0.002271,0.00256,0,0
BCN.V,D,20180412,000000,0.00256,0.002925,0.002432,0.002913,0,0
BCN.V,D,20180413,000000,0.002913,0.003405,0.002852,0.003205,0,0
BCN.V,D,20180414,000000,0.003205,0.0035,0.003165,0.003398,0,0
BCN.V,D,20180415,000000,0.003398,0.004424,0.003386,0.0044,0,0
BCN.V,D,20180416,000000,0.0044,0.00469,0.003809,0.0039,0,0
BCN.V,D,20180417,000000,0.0039,0.004462,0.00388,0.004229,0,0
BCN.V,D,20180418,000000,0.004229,0.00454,0.00414,0.004424,0,0
BCN.V,D,20180419,000000,0.004473,0.004988,0.004438,0.004918,0,0
BCN.V,D,20180420,000000,0.004918,0.005328,0.004883,0.00509,0,0
BCN.V,D,20180421,000000,0.00509,0.005251,0.004607,0.004761,0,0
BCN.V,D,20180422,000000,0.004761,0.005179,0.004707,0.005007,0,0
BCN.V,D,20180423,000000,0.005007,0.005172,0.004876,0.005126,0,0
BCN.V,D,20180424,000000,0.005126,0.005351,0.005059,0.005291,0,0
BCN.V,D,20180425,000000,0.005291,0.0055,0.004809,0.005156,0,0
BCN.V,D,20180426,000000,0.005156,0.005489,0.004913,0.005325,0,0
BCN.V,D,20180427,000000,0.005325,0.00563,0.005263,0.005349,0,0
BCN.V,D,20180428,000000,0.005349,0.005853,0.005277,0.00568,0,0
BCN.V,D,20180429,000000,0.00568,0.006,0.005248,0.005325,0,0
BCN.V,D,20180430,000000,0.005325,0.005699,0.0052,0.005517,0,0
BCN.V,D,20180501,000000,0.005517,0.005612,0.005206,0.00529,0,0
BCN.V,D,20180502,000000,0.00529,0.005487,0.005153,0.005444,0,0
BCN.V,D,20180503,000000,0.005444,0.007004,0.005416,0.0069,0,0
BCN.V,D,20180504,000000,0.0069,0.007372,0.006629,0.006679,0,0
BCN.V,D,20180505,000000,0.006679,0.007293,0.006665,0.007064,0,0
BCN.V,D,20180506,000000,0.007064,0.007383,0.006843,0.007175,0,0
BCN.V,D,20180507,000000,0.007175,0.007269,0.006636,0.006884,0,0
BCN.V,D,20180508,000000,0.006884,0.01864,0.006721,0.01252,0,0
BCN.V,D,20180509,000000,0.0125,0.02015,0.01105,0.01437,0,0
BCN.V,D,20180510,000000,0.01444,0.016,0.01182,0.01273,0,0
BCN.V,D,20180511,000000,0.01273,0.01288,0.00948,0.009701,0,0
BCN.V,D,20180512,000000,0.009701,0.009999,0.008556,0.00894,0,0
BCN.V,D,20180513,000000,0.00894,0.01192,0.0088,0.01177,0,0
BCN.V,D,20180514,000000,0.01177,0.013,0.01088,0.01272,0,0
BCN.V,D,20180515,000000,0.01272,0.01281,0.0103,0.01042,0,0
BCN.V,D,20180516,000000,0.01042,0.01091,0.009914,0.01022,0,0
BCN.V,D,20180517,000000,0.01022,0.01024,0.00911,0.009258,0,0
BCN.V,D,20180518,000000,0.009258,0.00947,0.0087,0.00924,0,0
BCN.V,D,20180519,000000,0.00924,0.009313,0.008781,0.008781,0,0
BCN.V,D,20180520,000000,0.008781,0.009655,0.008676,0.009472,0,0
BCN.V,D,20180521,000000,0.009472,0.009472,0.008863,0.008901,0,0
BCN.V,D,20180522,000000,0.008901,0.008964,0.008058,0.008093,0,0
BCN.V,D,20180523,000000,0.008087,0.008147,0.006742,0.007043,0,0
BCN.V,D,20180524,000000,0.007039,0.007246,0.0066,0.007009,0,0
BCN.V,D,20180525,000000,0.007009,0.007126,0.00671,0.006737,0,0
BCN.V,D,20180526,000000,0.006737,0.006828,0.0066,0.006621,0,0
BCN.V,D,20180527,000000,0.006621,0.006621,0.005838,0.005992,0,0
BCN.V,D,20180528,000000,0.005992,0.006083,0.005285,0.005285,0,0
BCN.V,D,20180529,000000,0.005284,0.007349,0.005122,0.007208,0,0
BCN.V,D,20180530,000000,0.00717,0.007219,0.006043,0.006479,0,0
BCN.V,D,20180531,000000,0.006479,0.006926,0.006238,0.006727,0,0
BCN.V,D,20180601,000000,0.006727,0.006993,0.006143,0.006304,0,0
BCN.V,D,20180602,000000,0.006304,0.006552,0.006199,0.006466,0,0
BCN.V,D,20180603,000000,0.006466,0.006571,0.006288,0.006415,0,0
BCN.V,D,20180604,000000,0.006415,0.006465,0.005915,0.006033,0,0
BCN.V,D,20180605,000000,0.006033,0.006298,0.005774,0.006156,0,0
BCN.V,D,20180606,000000,0.00617,0.00618,0.005919,0.006023,0,0
BCN.V,D,20180607,000000,0.006023,0.00608,0.005951,0.005967,0,0
BCN.V,D,20180608,000000,0.005967,0.005982,0.005557,0.005705,0,0
BCN.V,D,20180609,000000,0.005705,0.005899,0.005618,0.005883,0,0
BCN.V,D,20180610,000000,0.005883,0.005883,0.004736,0.004775,0,0
BCN.V,D,20180611,000000,0.004775,0.004969,0.004668,0.004815,0,0
BCN.V,D,20180612,000000,0.004814,0.004977,0.004281,0.004387,0,0
BCN.V,D,20180613,000000,0.004387,0.004471,0.003812,0.004024,0,0
BCN.V,D,20180614,000000,0.004025,0.004686,0.004021,0.004594,0,0
BCN.V,D,20180615,000000,0.004594,0.004667,0.004211,0.00428,0,0
BCN.V,D,20180616,000000,0.00428,0.004318,0.004011,0.00425,0,0
BCN.V,D,20180617,000000,0.00425,0.004337,0.004092,0.004171,0,0
BCN.V,D,20180618,000000,0.004171,0.004338,0.003847,0.004236,0,0
BCN.V,D,20180619,000000,0.004236,0.004242,0.003829,0.003968,0,0
BCN.V,D,20180620,000000,0.003968,0.004049,0.003636,0.003764,0,0
BCN.V,D,20180621,000000,0.003763,0.003839,0.003369,0.003558,0,0
BCN.V,D,20180622,000000,0.00349,0.003568,0.002679,0.002771,0,0
BCN.V,D,20180623,000000,0.002772,0.002964,0.002707,0.002865,0,0
BCN.V,D,20180624,000000,0.002864,0.002939,0.00232,0.002713,0,0
BCN.V,D,20180625,000000,0.002714,0.002914,0.002572,0.002825,0,0
BCN.V,D,20180626,000000,0.002825,0.002829,0.002596,0.002682,0,0
BCN.V,D,20180627,000000,0.002682,0.002682,0.00248,0.002575,0,0
BCN.V,D,20180628,000000,0.002575,0.002662,0.002489,0.002494,0,0
BCN.V,D,20180629,000000,0.002494,0.002507,0.002334,0.002428,0,0
BCN.V,D,20180630,000000,0.002428,0.003267,0.002389,0.002977,0,0
BCN.V,D,20180701,000000,0.002978,0.003067,0.00282,0.002924,0,0
BCN.V,D,20180702,000000,0.002923,0.003983,0.002727,0.00379,0,0
BCN.V,D,20180703,000000,0.003789,0.003976,0.003304,0.003371,0,0
BCN.V,D,20180704,000000,0.003371,0.003826,0.003172,0.003615,0,0
BCN.V,D,20180705,000000,0.003615,0.003745,0.003171,0.003185,0,0
BCN.V,D,20180706,000000,0.003185,0.003338,0.003035,0.003162,0,0
BCN.V,D,20180707,000000,0.003163,0.003304,0.002936,0.002941,0,0
BCN.V,D,20180708,000000,0.002941,0.003257,0.002937,0.003175,0,0
BCN.V,D,20180709,000000,0.003175,0.003355,0.002944,0.003023,0,0
BCN.V,D,20180710,000000,0.003025,0.00317,0.002786,0.002806,0,0
BCN.V,D,20180711,000000,0.002806,0.002875,0.002763,0.002869,0,0
BCN.V,D,20180712,000000,0.002868,0.002875,0.002708,0.002717,0,0
BCN.V,D,20180713,000000,0.002717,0.003103,0.002678,0.002928,0,0
BCN.V,D,20180714,000000,0.002865,0.00296,0.002786,0.002886,0,0
BCN.V,D,20180715,000000,0.002886,0.003009,0.002882,0.002939,0,0
BCN.V,D,20180716,000000,0.002939,0.003273,0.002862,0.003206,0,0
BCN.V,D,20180717,000000,0.003206,0.003622,0.003072,0.003536,0,0
BCN.V,D,20180718,000000,0.003536,0.003613,0.003338,0.003376,0,0
BCN.V,D,20180719,000000,0.003376,0.003457,0.003152,0.0032,0,0
BCN.V,D,20180720,000000,0.0032,0.003321,0.002994,0.003066,0,0
BCN.V,D,20180721,000000,0.002993,0.003266,0.002979,0.003185,0,0
BCN.V,D,20180722,000000,0.003186,0.003238,0.003087,0.003097,0,0
BCN.V,D,20180723,000000,0.003097,0.003268,0.003003,0.0031,0,0
BCN.V,D,20180724,000000,0.0031,0.003144,0.002911,0.003053,0,0
BCN.V,D,20180725,000000,0.003052,0.003196,0.002917,0.003148,0,0
BCN.V,D,20180726,000000,0.003065,0.003229,0.002933,0.002949,0,0
BCN.V,D,20180727,000000,0.00295,0.003144,0.002897,0.003138,0,0
BCN.V,D,20180728,000000,0.003138,0.00314,0.00299,0.003105,0,0
BCN.V,D,20180729,000000,0.003105,0.003148,0.002925,0.002949,0,0
BCN.V,D,20180730,000000,0.002949,0.003031,0.002752,0.002846,0,0
BCN.V,D,20180731,000000,0.002847,0.002872,0.002551,0.002624,0,0
BCN.V,D,20180801,000000,0.002624,0.002645,0.002466,0.002545,0,0
BCN.V,D,20180802,000000,0.002545,0.002621,0.002472,0.002487,0,0
BCN.V,D,20180803,000000,0.002487,0.002575,0.002408,0.002448,0,0
BCN.V,D,20180804,000000,0.002448,0.002537,0.002224,0.002309,0,0
BCN.V,D,20180805,000000,0.002309,0.002406,0.002215,0.002401,0,0
BCN.V,D,20180806,000000,0.002401,0.002427,0.002267,0.002268,0,0
BCN.V,D,20180807,000000,0.002268,0.002421,0.002206,0.002228,0,0
BCN.V,D,20180808,000000,0.002229,0.002241,0.002024,0.00208,0,0
BCN.V,D,20180809,000000,0.002081,0.002254,0.002012,0.002176,0,0
BCN.V,D,20180810,000000,0.002176,0.002185,0.001832,0.001883,0,0
BCN.V,D,20180811,000000,0.001884,0.001916,0.001761,0.001854,0,0
BCN.V,D,20180812,000000,0.001854,0.001924,0.001792,0.001849,0,0
BCN.V,D,20180813,000000,0.001849,0.001944,0.001625,0.001625,0,0
BCN.V,D,20180814,000000,0.001625,0.001696,0.001418,0.001529,0,0
BCN.V,D,20180815,000000,0.001529,0.001747,0.001462,0.001603,0,0
BCN.V,D,20180816,000000,0.001603,0.00165,0.001495,0.001572,0,0
BCN.V,D,20180817,000000,0.001572,0.001902,0.001512,0.001827,0,0
BCN.V,D,20180818,000000,0.001827,0.001986,0.001644,0.001731,0,0
BCN.V,D,20180819,000000,0.001731,0.00179,0.00165,0.001759,0,0
BCN.V,D,20180820,000000,0.001759,0.001766,0.001678,0.001737,0,0
BCN.V,D,20180821,000000,0.001737,0.001752,0.001573,0.001682,0,0
BCN.V,D,20180822,000000,0.001682,0.001859,0.001586,0.001659,0,0
BCN.V,D,20180823,000000,0.001659,0.001741,0.001605,0.001686,0,0
BCN.V,D,20180824,000000,0.001686,0.001769,0.001686,0.001743,0,0
BCN.V,D,20180825,000000,0.001743,0.00177,0.001738,0.001747,0,0
BCN.V,D,20180826,000000,0.001747,0.001892,0.001714,0.001876,0,0
BCN.V,D,20180827,000000,0.001875,0.001898,0.001803,0.001889,0,0
BCN.V,D,20180828,000000,0.001889,0.002481,0.001821,0.002264,0,0
BCN.V,D,20180829,000000,0.002264,0.002338,0.002019,0.002122,0,0
BCN.V,D,20180830,000000,0.002121,0.002124,0.00191,0.002016,0,0
BCN.V,D,20180831,000000,0.002017,0.00227,0.002012,0.002253,0,0
BCN.V,D,20180901,000000,0.002253,0.002689,0.002175,0.00259,0,0
BCN.V,D,20180902,000000,0.00259,0.002695,0.002311,0.002477,0,0
BCN.V,D,20180903,000000,0.002477,0.002629,0.00238,0.002562,0,0
BCN.V,D,20180904,000000,0.002562,0.002652,0.002468,0.002579,0,0
BCN.V,D,20180905,000000,0.002579,0.002953,0.002209,0.002291,0,0
BCN.V,D,20180906,000000,0.002291,0.002291,0.001889,0.002063,0,0
BCN.V,D,20180907,000000,0.002063,0.002225,0.002043,0.002058,0,0
BCN.V,D,20180908,000000,0.002059,0.0022,0.001916,0.001983,0,0
BCN.V,D,20180909,000000,0.001983,0.002123,0.001915,0.002041,0,0
BCN.V,D,20180910,000000,0.002041,0.002105,0.001992,0.002019,0,0
BCN.V,D,20180911,000000,0.002019,0.002096,0.001872,0.001894,0,0
BCN.V,D,20180912,000000,0.001894,0.001956,0.001738,0.00183,0,0
BCN.V,D,20180913,000000,0.00183,0.002004,0.00183,0.001876,0,0
BCN.V,D,20180914,000000,0.001876,0.001977,0.001803,0.00189,0,0
BCN.V,D,20180915,000000,0.00189,0.001972,0.001877,0.001953,0,0
BCN.V,D,20180916,000000,0.001953,0.00196,0.001923,0.001951,0,0
BCN.V,D,20180917,000000,0.001951,0.002023,0.001743,0.001814,0,0
BCN.V,D,20180918,000000,0.001814,0.001918,0.001747,0.0019,0,0
BCN.V,D,20180919,000000,0.001901,0.001913,0.001778,0.001856,0,0
BCN.V,D,20180920,000000,0.001856,0.001892,0.001845,0.001892,0,0
BCN.V,D,20180921,000000,0.001891,0.002101,0.00188,0.002019,0,0
BCN.V,D,20180922,000000,0.002019,0.00211,0.001929,0.002009,0,0
BCN.V,D,20180923,000000,0.002009,0.002096,0.001999,0.002004,0,0
BCN.V,D,20180924,000000,0.002004,0.002384,0.002002,0.002317,0,0
BCN.V,D,20180925,000000,0.002317,0.002317,0.001976,0.00211,0,0
BCN.V,D,20180926,000000,0.00211,0.002225,0.002043,0.002137,0,0
BCN.V,D,20180927,000000,0.002137,0.002415,0.00206,0.002351,0,0
BCN.V,D,20180928,000000,0.002351,0.002571,0.002239,0.002393,0,0
BCN.V,D,20180929,000000,0.002394,0.002396,0.002201,0.002309,0,0
BCN.V,D,20180930,000000,0.002309,0.002377,0.002161,0.002172,0,0
BCN.V,D,20181001,000000,0.002172,0.002304,0.00215,0.002242,0,0
BCN.V,D,20181002,000000,0.002242,0.002373,0.002177,0.002293,0,0
BCN.V,D,20181003,000000,0.002293,0.002364,0.002186,0.002192,0,0
BCN.V,D,20181004,000000,0.002191,0.002317,0.002191,0.002237,0,0
BCN.V,D,20181005,000000,0.002237,0.002313,0.002226,0.002241,0,0
BCN.V,D,20181006,000000,0.002241,0.002321,0.002167,0.002242,0,0
BCN.V,D,20181007,000000,0.002242,0.002244,0.002157,0.002169,0,0
BCN.V,D,20181008,000000,0.002169,0.002277,0.002168,0.002265,0,0
BCN.V,D,20181009,000000,0.002265,0.00233,0.001587,0.001722,0,0
BCN.V,D,20181010,000000,0.001722,0.001854,0.001632,0.001707,0,0
BCN.V,D,20181011,000000,0.001707,0.001712,0.001425,0.001501,0,0
BCN.V,D,20181012,000000,0.001501,0.001503,0.00131,0.001441,0,0
BCN.V,D,20181013,000000,0.001441,0.001503,0.001312,0.001315,0,0
BCN.V,D,20181014,000000,0.001314,0.001385,0.001257,0.001322,0,0
BCN.V,D,20181015,000000,0.001322,0.001615,0.001321,0.001505,0,0
BCN.V,D,20181016,000000,0.001505,0.001613,0.001504,0.001512,0,0
BCN.V,D,20181017,000000,0.001513,0.001579,0.001369,0.001445,0,0
BCN.V,D,20181018,000000,0.001445,0.001449,0.001317,0.001422,0,0
BCN.V,D,20181019,000000,0.001422,0.001428,0.001296,0.001358,0,0
BCN.V,D,20181020,000000,0.001358,0.00137,0.000941,0.001351,0,0
BCN.V,D,20181021,000000,0.001351,0.001377,0.0013,0.001372,0,0
BCN.V,D,20181022,000000,0.001372,0.001372,0.001357,0.001362,0,0
BCN.V,D,20181023,000000,0.001361,0.001426,0.001291,0.001359,0,0
BCN.V,D,20181024,000000,0.001359,0.00137,0.001293,0.001298,0,0
BCN.V,D,20181025,000000,0.001298,0.001361,0.001288,0.001294,0,0
BCN.V,D,20181026,000000,0.001294,0.001363,0.001288,0.001292,0,0
BCN.V,D,20181027,000000,0.001292,0.00136,0.001289,0.001296,0,0
BCN.V,D,20181028,000000,0.001296,0.00136,0.001227,0.001292,0,0
BCN.V,D,20181029,000000,0.001292,0.001297,0.001195,0.001262,0,0
BCN.V,D,20181030,000000,0.001262,0.001327,0.001194,0.001262,0,0
BCN.V,D,20181031,000000,0.001261,0.001334,0.001197,0.001334,0,0
BCN.V,D,20181101,000000,0.001334,0.001341,0.001265,0.001276,0,0
BCN.V,D,20181102,000000,0.001276,0.001347,0.001274,0.001279,0,0
BCN.V,D,20181103,000000,0.001279,0.001344,0.001267,0.001275,0,0
BCN.V,D,20181104,000000,0.001275,0.001364,0.001212,0.001354,0,0
BCN.V,D,20181105,000000,0.001354,0.00142,0.001345,0.001351,0,0
BCN.V,D,20181106,000000,0.001351,0.001419,0.001347,0.001358,0,0
BCN.V,D,20181107,000000,0.001358,0.001442,0.001358,0.001371,0,0
BCN.V,D,20181108,000000,0.001371,0.001374,0.001288,0.00129,0,0
BCN.V,D,20181109,000000,0.00129,0.001355,0.001271,0.001276,0,0
BCN.V,D,20181110,000000,0.001276,0.001346,0.001275,0.001282,0,0
BCN.V,D,20181111,000000,0.001282,0.001345,0.001206,0.001273,0,0
BCN.V,D,20181112,000000,0.001273,0.001287,0.00127,0.001275,0,0
BCN.V,D,20181113,000000,0.001275,0.001278,0.001206,0.001271,0,0
BCN.V,D,20181114,000000,0.001271,0.001275,0.00104,0.001072,0,0
BCN.V,D,20181115,000000,0.001072,0.001153,0.001015,0.001112,0,0
BCN.V,D,20181116,000000,0.001112,0.001135,0.001056,0.001102,0,0
BCN.V,D,20181117,000000,0.001103,0.00112,0.001054,0.001113,0,0
BCN.V,D,20181118,000000,0.001112,0.001139,0.00106,0.001121,0,0
BCN.V,D,20181119,000000,0.001121,0.001123,0.00093,0.000974,0,0
BCN.V,D,20181120,000000,0.000973,0.001062,0.000918,0.000953,0,0
BCN.V,D,20181121,000000,0.000953,0.001014,0.000926,0.000996,0,0
BCN.V,D,20181122,000000,0.000996,0.001021,0.000927,0.000939,0,0
BCN.V,D,20181123,000000,0.000939,0.000939,0.000856,0.00092,0,0
BCN.V,D,20181124,000000,0.00092,0.000928,0.000748,0.00076,0,0
BCN.V,D,20181125,000000,0.000759,0.000833,0.00071,0.0008,0,0
BCN.V,D,20181126,000000,0.0008,0.000851,0.00072,0.000741,0,0
BCN.V,D,20181127,000000,0.000741,0.000803,0.000723,0.00077,0,0
BCN.V,D,20181128,000000,0.00077,0.000896,0.000762,0.000846,0,0
BCN.V,D,20181129,000000,0.000846,0.000887,0.000799,0.000853,0,0
BCN.V,D,20181130,000000,0.000852,0.000866,0.000784,0.000797,0,0
BCN.V,D,20181201,000000,0.000797,0.000901,0.000789,0.000847,0,0
BCN.V,D,20181202,000000,0.000847,0.000903,0.000816,0.000833,0,0
BCN.V,D,20181203,000000,0.000833,0.000837,0.000725,0.000776,0,0
BCN.V,D,20181204,000000,0.000777,0.000806,0.000717,0.000749,0,0
BCN.V,D,20181205,000000,0.000749,0.000777,0.000674,0.000713,0,0
BCN.V,D,20181206,000000,0.000713,0.000736,0.000615,0.000617,0,0
BCN.V,D,20181207,000000,0.000653,0.000657,0.000552,0.000651,0,0
BCN.V,D,20181208,000000,0.000652,0.000669,0.000561,0.000638,0,0
BCN.V,D,20181209,000000,0.000641,0.000668,0.000584,0.00061,0,0
BCN.V,D,20181210,000000,0.00061,0.000651,0.000548,0.000591,0,0
BCN.V,D,20181211,000000,0.000591,0.000592,0.000539,0.000581,0,0
BCN.V,D,20181212,000000,0.000581,0.000602,0.000541,0.000589,0,0
BCN.V,D,20181213,000000,0.000589,0.000594,0.000524,0.000529,0,0
BCN.V,D,20181214,000000,0.000529,0.000562,0.000509,0.000521,0,0
BCN.V,D,20181215,000000,0.000521,0.000547,0.000507,0.000519,0,0
BCN.V,D,20181216,000000,0.000519,0.000559,0.000516,0.000521,0,0
BCN.V,D,20181217,000000,0.000521,0.000616,0.000519,0.0006,0,0
BCN.V,D,20181218,000000,0.0006,0.000615,0.000558,0.000577,0,0
BCN.V,D,20181219,000000,0.000577,0.000697,0.000577,0.000641,0,0
BCN.V,D,20181220,000000,0.000641,0.00076,0.000631,0.000743,0,0
BCN.V,D,20181221,000000,0.000743,0.000785,0.00069,0.000699,0,0
BCN.V,D,20181222,000000,0.000699,0.000797,0.000693,0.000746,0,0
BCN.V,D,20181223,000000,0.000746,0.000823,0.000746,0.000803,0,0
BCN.V,D,20181224,000000,0.000803,0.000861,0.000759,0.000821,0,0
BCN.V,D,20181225,000000,0.000821,0.000823,0.00071,0.000726,0,0
BCN.V,D,20181226,000000,0.000726,0.00078,0.000712,0.000732,0,0
BCN.V,D,20181227,000000,0.000732,0.000758,0.000689,0.000693,0,0
BCN.V,D,20181228,000000,0.000693,0.000761,0.000655,0.000747,0,0
BCN.V,D,20181229,000000,0.000747,0.00079,0.0007,0.000752,0,0
BCN.V,D,20181230,000000,0.000752,0.00076,0.000677,0.000738,0,0
BCN.V,D,20181231,000000,0.000738,0.000742,0.000682,0.000711,0,0
BCN.V,D,20190101,000000,0.000711,0.000722,0.000666,0.000681,0,0
BCN.V,D,20190102,000000,0.000681,0.000752,0.00068,0.000713,0,0
BCN.V,D,20190103,000000,0.000713,0.000757,0.00068,0.000692,0,0
BCN.V,D,20190104,000000,0.000692,0.000734,0.000681,0.000697,0,0
BCN.V,D,20190105,000000,0.000697,0.000741,0.000691,0.000735,0,0
BCN.V,D,20190106,000000,0.000735,0.000787,0.00069,0.000777,0,0
BCN.V,D,20190107,000000,0.000777,0.000785,0.00072,0.000728,0,0
BCN.V,D,20190108,000000,0.000728,0.000748,0.000688,0.000729,0,0
BCN.V,D,20190109,000000,0.000729,0.000776,0.000722,0.000729,0,0
BCN.V,D,20190110,000000,0.000729,0.000774,0.000623,0.00066,0,0
BCN.V,D,20190111,000000,0.00066,0.000671,0.000624,0.000658,0,0
BCN.V,D,20190112,000000,0.000658,0.000665,0.000615,0.00066,0,0
BCN.V,D,20190113,000000,0.00066,0.000661,0.0006,0.000602,0,0
BCN.V,D,20190114,000000,0.000602,0.000674,0.000601,0.000629,0,0
BCN.V,D,20190115,000000,0.000629,0.00067,0.000611,0.000614,0,0
BCN.V,D,20190116,000000,0.000614,0.000663,0.000614,0.000615,0,0
BCN.V,D,20190117,000000,0.000615,0.000662,0.00061,0.000624,0,0
BCN.V,D,20190118,000000,0.000624,0.000662,0.000617,0.00062,0,0
BCN.V,D,20190119,000000,0.00062,0.000681,0.000619,0.000673,0,0
BCN.V,D,20190120,000000,0.000673,0.000674,0.000601,0.000644,0,0
BCN.V,D,20190121,000000,0.000644,0.000645,0.000601,0.000607,0,0
BCN.V,D,20190122,000000,0.000607,0.000645,0.000591,0.000613,0,0
BCN.V,D,20190123,000000,0.000613,0.000651,0.000602,0.000607,0,0
BCN.V,D,20190124,000000,0.000607,0.000648,0.000603,0.000611,0,0
BCN.V,D,20190125,000000,0.000611,0.000649,0.000602,0.00061,0,0
BCN.V,D,20190126,000000,0.00061,0.000652,0.000576,0.000613,0,0
BCN.V,D,20190127,000000,0.000613,0.000613,0.000571,0.000607,0,0
BCN.V,D,20190128,000000,0.000607,0.000641,0.000547,0.000587,0,0
BCN.V,D,20190129,000000,0.000587,0.000588,0.000541,0.000581,0,0
BCN.V,D,20190130,000000,0.000581,0.000626,0.000546,0.00059,0,0
BCN.V,D,20190131,000000,0.00059,0.000628,0.000549,0.000586,0,0
BCN.V,D,20190201,000000,0.000586,0.000591,0.000544,0.00059,0,0
BCN.V,D,20190202,000000,0.00059,0.000592,0.000551,0.00059,0,0
BCN.V,D,20190203,000000,0.00059,0.000598,0.000557,0.000584,0,0
BCN.V,D,20190204,000000,0.000584,0.00059,0.000549,0.000584,0,0
BCN.V,D,20190205,000000,0.000584,0.000586,0.000548,0.000585,0,0
BCN.V,D,20190206,000000,0.000585,0.000588,0.000542,0.000577,0,0
BCN.V,D,20190207,000000,0.000577,0.000579,0.000539,0.000574,0,0
BCN.V,D,20190208,000000,0.000574,0.000635,0.000539,0.000617,0,0
BCN.V,D,20190209,000000,0.000617,0.000657,0.00058,0.00062,0,0
BCN.V,D,20190210,000000,0.00062,0.000657,0.000582,0.000622,0,0
BCN.V,D,20190211,000000,0.000622,0.000627,0.000578,0.000615,0,0
BCN.V,D,20190212,000000,0.000615,0.000654,0.000574,0.000614,0,0
BCN.V,D,20190213,000000,0.000614,0.000658,0.00061,0.000612,0,0
BCN.V,D,20190214,000000,0.000612,0.000651,0.000607,0.00061,0,0
BCN.V,D,20190215,000000,0.000611,0.000619,0.000577,0.000611,0,0
BCN.V,D,20190216,000000,0.000611,0.000619,0.000578,0.000616,0,0
BCN.V,D,20190217,000000,0.000616,0.00063,0.000613,0.000621,0,0
BCN.V,D,20190218,000000,0.000621,0.000707,0.00062,0.000702,0,0
BCN.V,D,20190219,000000,0.000702,0.000719,0.00066,0.00071,0,0
BCN.V,D,20190220,000000,0.00071,0.000717,0.000663,0.000712,0,0
BCN.V,D,20190221,000000,0.000712,0.000718,0.000665,0.000667,0,0
BCN.V,D,20190222,000000,0.000667,0.000712,0.000666,0.000678,0,0
BCN.V,D,20190223,000000,0.000678,0.000755,0.000671,0.000706,0,0
BCN.V,D,20190224,000000,0.000706,0.00076,0.000639,0.000684,0,0
BCN.V,D,20190225,000000,0.000684,0.000698,0.000642,0.000693,0,0
BCN.V,D,20190226,000000,0.000693,0.000694,0.000645,0.000649,0,0
BCN.V,D,20190227,000000,0.000649,0.00069,0.000629,0.000685,0,0
BCN.V,D,20190228,000000,0.000685,0.000696,0.000649,0.000689,0,0
BCN.V,D,20190301,000000,0.000689,0.000696,0.00065,0.000691,0,0
BCN.V,D,20190302,000000,0.000691,0.000692,0.000647,0.000686,0,0
BCN.V,D,20190303,000000,0.000686,0.000694,0.000652,0.000686,0,0
BCN.V,D,20190304,000000,0.000686,0.00069,0.000632,0.00067,0,0
BCN.V,D,20190305,000000,0.00067,0.000701,0.000634,0.000696,0,0
BCN.V,D,20190306,000000,0.000695,0.000708,0.000656,0.000688,0,0
BCN.V,D,20190307,000000,0.000688,0.000704,0.000655,0.0007,0,0
BCN.V,D,20190308,000000,0.0007,0.000708,0.000653,0.000655,0,0
BCN.V,D,20190309,000000,0.000655,0.000716,0.000655,0.000707,0,0
BCN.V,D,20190310,000000,0.000707,0.000711,0.000669,0.000708,0,0
BCN.V,D,20190311,000000,0.000708,0.00071,0.000655,0.000699,0,0
BCN.V,D,20190312,000000,0.000699,0.000818,0.000651,0.000779,0,0
BCN.V,D,20190313,000000,0.000779,0.000817,0.000733,0.000775,0,0
BCN.V,D,20190314,000000,0.000775,0.000784,0.000736,0.000777,0,0
BCN.V,D,20190315,000000,0.000777,0.000826,0.000775,0.000784,0,0
BCN.V,D,20190316,000000,0.000784,0.000855,0.000763,0.000805,0,0
BCN.V,D,20190317,000000,0.000805,0.000843,0.000758,0.000801,0,0
BCN.V,D,20190318,000000,0.000801,0.000848,0.000755,0.000799,0,0
BCN.V,D,20190319,000000,0.000799,0.000806,0.000755,0.000763,0,0
BCN.V,D,20190320,000000,0.000763,0.000772,0.000723,0.000771,0,0
BCN.V,D,20190321,000000,0.00077,0.000775,0.000712,0.00076,0,0
BCN.V,D,20190322,000000,0.00076,0.000764,0.000718,0.000761,0,0
BCN.V,D,20190323,000000,0.000761,0.000764,0.000719,0.000761,0,0
BCN.V,D,20190324,000000,0.00076,0.000762,0.000754,0.000758,0,0
BCN.V,D,20190325,000000,0.000758,0.000761,0.000739,0.000745,0,0
BCN.V,D,20190326,000000,0.000745,0.000749,0.000742,0.000747,0,0
BCN.V,D,20190327,000000,0.000747,0.000769,0.000725,0.000766,0,0
BCN.V,D,20190328,000000,0.000766,0.00077,0.000723,0.000726,0,0
BCN.V,D,20190329,000000,0.000726,0.000768,0.000725,0.000739,0,0
BCN.V,D,20190330,000000,0.000739,0.000746,0.000732,0.00074,0,0
BCN.V,D,20190331,000000,0.00074,0.000743,0.000738,0.00074,0,0
BCN.V,D,20190401,000000,0.00074,0.000791,0.0007,0.000747,0,0
BCN.V,D,20190402,000000,0.000747,0.000921,0.000747,0.000913,0,0
BCN.V,D,20190403,000000,0.000913,0.00099,0.000831,0.000932,0,0
BCN.V,D,20190404,000000,0.000933,0.000962,0.000864,0.000939,0,0
BCN.V,D,20190405,000000,0.000938,0.001014,0.00088,0.001004,0,0
BCN.V,D,20190406,000000,0.001004,0.001035,0.000946,0.000954,0,0
BCN.V,D,20190407,000000,0.000954,0.001036,0.000954,0.000982,0,0
BCN.V,D,20190408,000000,0.000982,0.001065,0.000977,0.001004,0,0
BCN.V,D,20190409,000000,0.001004,0.00101,0.000934,0.000993,0,0
BCN.V,D,20190410,000000,0.000993,0.00103,0.000936,0.000954,0,0
BCN.V,D,20190411,000000,0.000954,0.000962,0.000898,0.000906,0,0
BCN.V,D,20190412,000000,0.000906,0.000921,0.000887,0.000913,0,0
BCN.V,D,20190413,000000,0.000913,0.000975,0.00091,0.000916,0,0
BCN.V,D,20190414,000000,0.000916,0.000922,0.000906,0.000921,0,0
BCN.V,D,20190415,000000,0.000921,0.000935,0.000875,0.000905,0,0
BCN.V,D,20190416,000000,0.000905,0.000942,0.000855,0.000886,0,0
BCN.V,D,20190417,000000,0.000886,0.000949,0.000884,0.000944,0,0
BCN.V,D,20190418,000000,0.000944,0.000955,0.000892,0.000901,0,0
BCN.V,D,20190419,000000,0.000901,0.000963,0.000886,0.00095,0,0
BCN.V,D,20190420,000000,0.00095,0.000966,0.000895,0.000898,0,0
BCN.V,D,20190421,000000,0.000899,0.00096,0.00089,0.000898,0,0
BCN.V,D,20190422,000000,0.000898,0.000925,0.000895,0.000917,0,0
BCN.V,D,20190423,000000,0.000917,0.000956,0.000873,0.000893,0,0
BCN.V,D,20190424,000000,0.000893,0.000985,0.000885,0.000926,0,0
BCN.V,D,20190425,000000,0.000926,0.000939,0.000882,0.000919,0,0
BCN.V,D,20190426,000000,0.000919,0.000919,0.000822,0.000834,0,0
BCN.V,D,20190427,000000,0.000834,0.000845,0.000831,0.000843,0,0
BCN.V,D,20190428,000000,0.000843,0.000894,0.000836,0.000841,0,0
BCN.V,D,20190429,000000,0.000841,0.000848,0.000827,0.000834,0,0
BCN.V,D,20190430,000000,0.000834,0.00091,0.00083,0.000909,0,0
BCN.V,D,20190501,000000,0.000909,0.000971,0.000908,0.000913,0,0
BCN.V,D,20190502,000000,0.000913,0.00094,0.000879,0.000882,0,0
BCN.V,D,20190503,000000,0.000881,0.000991,0.000878,0.000927,0,0
BCN.V,D,20190504,000000,0.000927,0.000944,0.000896,0.000936,0,0
BCN.V,D,20190505,000000,0.000936,0.000994,0.000914,0.00099,0,0
BCN.V,D,20190506,000000,0.00099,0.000991,0.000904,0.000921,0,0
BCN.V,D,20190507,000000,0.000922,0.000965,0.000885,0.000893,0,0
BCN.V,D,20190508,000000,0.000893,0.000955,0.000863,0.000894,0,0
BCN.V,D,20190509,000000,0.000894,0.000921,0.000837,0.000921,0,0
BCN.V,D,20190510,000000,0.000921,0.000963,0.00086,0.000952,0,0
BCN.V,D,20190511,000000,0.000952,0.001053,0.000889,0.000987,0,0
BCN.V,D,20190512,000000,0.000988,0.001108,0.000884,0.000929,0,0
BCN.V,D,20190513,000000,0.000929,0.001055,0.000894,0.00105,0,0
BCN.V,D,20190514,000000,0.00097,0.001078,0.000916,0.000933,0,0
BCN.V,D,20190515,000000,0.000933,0.001145,0.000933,0.001057,0,0
BCN.V,D,20190516,000000,0.001057,0.001192,0.000948,0.00103,0,0
BCN.V,D,20190517,000000,0.001029,0.001032,0.000777,0.000872,0,0
BCN.V,D,20190518,000000,0.000872,0.000974,0.000866,0.000881,0,0
BCN.V,D,20190519,000000,0.000881,0.000976,0.00087,0.000969,0,0
BCN.V,D,20190520,000000,0.00097,0.000994,0.000857,0.000966,0,0
BCN.V,D,20190521,000000,0.000965,0.000972,0.000938,0.000959,0,0
BCN.V,D,20190522,000000,0.000959,0.000964,0.000917,0.000921,0,0
BCN.V,D,20190523,000000,0.000922,0.000953,0.000898,0.000949,0,0
BCN.V,D,20190524,000000,0.00095,0.00098,0.000936,0.000967,0,0
BCN.V,D,20190525,000000,0.000967,0.000977,0.000878,0.000885,0,0
BCN.V,D,20190526,000000,0.000885,0.001036,0.000869,0.000951,0,0
BCN.V,D,20190527,000000,0.000951,0.000982,0.000869,0.000881,0,0
BCN.V,D,20190528,000000,0.000881,0.000972,0.000857,0.000871,0,0
BCN.V,D,20190529,000000,0.000871,0.000876,0.000845,0.000866,0,0
BCN.V,D,20190530,000000,0.000866,0.001125,0.000858,0.000986,0,0
BCN.V,D,20190531,000000,0.000986,0.001098,0.000893,0.001023,0,0
BCN.V,D,20190601,000000,0.001023,0.001034,0.000936,0.001031,0,0
BCN.V,D,20190602,000000,0.001031,0.001114,0.001024,0.001045,0,0
BCN.V,D,20190603,000000,0.001045,0.001051,0.001001,0.001018,0,0
BCN.V,D,20190604,000000,0.001018,0.001043,0.000834,0.000901,0,0
BCN.V,D,20190605,000000,0.000897,0.00102,0.000849,0.000929,0,0
BCN.V,D,20190606,000000,0.000929,0.001014,0.000897,0.000929,0,0
BCN.V,D,20190607,000000,0.000929,0.000975,0.000926,0.000955,0,0
BCN.V,D,20190608,000000,0.000955,0.000968,0.000936,0.000947,0,0
BCN.V,D,20190609,000000,0.000947,0.000957,0.000915,0.000918,0,0
BCN.V,D,20190610,000000,0.000918,0.000967,0.000904,0.000954,0,0
BCN.V,D,20190611,000000,0.000954,0.000966,0.000855,0.000871,0,0
BCN.V,D,20190612,000000,0.000871,0.00099,0.000865,0.000979,0,0
BCN.V,D,20190613,000000,0.000979,0.000999,0.000887,0.000914,0,0
BCN.V,D,20190614,000000,0.00095,0.001013,0.000901,0.000948,0,0
BCN.V,D,20190615,000000,0.000948,0.00106,0.000917,0.000971,0,0
BCN.V,D,20190616,000000,0.000965,0.001109,0.000905,0.000994,0,0
BCN.V,D,20190617,000000,0.000995,0.001124,0.000916,0.000996,0,0
BCN.V,D,20190618,000000,0.000996,0.001128,0.000896,0.001034,0,0
BCN.V,D,20190619,000000,0.001034,0.001104,0.000905,0.001015,0,0
BCN.V,D,20190620,000000,0.001015,0.00112,0.000924,0.000981,0,0
BCN.V,D,20190621,000000,0.000981,0.001093,0.000947,0.000979,0,0
BCN.V,D,20190622,000000,0.000979,0.001192,0.000953,0.001059,0,0
BCN.V,D,20190623,000000,0.001059,0.0012,0.000936,0.001029,0,0
BCN.V,D,20190624,000000,0.001029,0.001108,0.000956,0.001094,0,0
BCN.V,D,20190625,000000,0.001094,0.001147,0.000904,0.00104,0,0
BCN.V,D,20190626,000000,0.001039,0.001241,0.000861,0.000995,0,0
BCN.V,D,20190627,000000,0.000995,0.001191,0.000857,0.000951,0,0
BCN.V,D,20190628,000000,0.00086,0.00111,0.00086,0.000982,0,0
BCN.V,D,20190629,000000,0.000982,0.001111,0.000914,0.000956,0,0
BCN.V,D,20190630,000000,0.000941,0.001089,0.000871,0.000909,0,0
BCN.V,D,20190701,000000,0.000909,0.001012,0.000804,0.000827,0,0
BCN.V,D,20190702,000000,0.000826,0.000981,0.00077,0.000842,0,0
BCN.V,D,20190703,000000,0.000842,0.001038,0.000778,0.001027,0,0
BCN.V,D,20190704,000000,0.001027,0.001082,0.00082,0.000927,0,0
BCN.V,D,20190705,000000,0.000926,0.00101,0.000756,0.000858,0,0
BCN.V,D,20190706,000000,0.000858,0.001047,0.000795,0.000893,0,0
BCN.V,D,20190707,000000,0.000895,0.001036,0.000779,0.000894,0,0
BCN.V,D,20190708,000000,0.000894,0.001067,0.00083,0.000987,0,0
BCN.V,D,20190709,000000,0.000987,0.001021,0.000849,0.000879,0,0
BCN.V,D,20190710,000000,0.000879,0.001052,0.000726,0.00081,0,0
BCN.V,D,20190711,000000,0.00081,0.000853,0.000673,0.000795,0,0
BCN.V,D,20190712,000000,0.000795,0.000953,0.000676,0.000822,0,0
BCN.V,D,20190713,000000,0.000822,0.000948,0.000763,0.000882,0,0
BCN.V,D,20190714,000000,0.000882,0.00091,0.000726,0.000784,0,0
BCN.V,D,20190715,000000,0.000784,0.000872,0.000683,0.000747,0,0
BCN.V,D,20190716,000000,0.000746,0.000874,0.000572,0.000663,0,0
BCN.V,D,20190717,000000,0.000664,0.000796,0.000555,0.000662,0,0
BCN.V,D,20190718,000000,0.000661,0.000857,0.000582,0.000742,0,0
BCN.V,D,20190719,000000,0.000742,0.000858,0.000638,0.00073,0,0
BCN.V,D,20190720,000000,0.000731,0.000876,0.000713,0.000767,0,0
BCN.V,D,20190721,000000,0.000767,0.000878,0.000633,0.000719,0,0
BCN.V,D,20190722,000000,0.00072,0.000851,0.000691,0.000719,0,0
BCN.V,D,20190723,000000,0.000719,0.000828,0.000597,0.000709,0,0
BCN.V,D,20190724,000000,0.000709,0.00071,0.000574,0.000685,0,0
BCN.V,D,20190725,000000,0.00068,0.000717,0.00059,0.000693,0,0
BCN.V,D,20190726,000000,0.000693,0.00079,0.000582,0.000699,0,0
BCN.V,D,20190727,000000,0.000699,0.00081,0.000565,0.000666,0,0
BCN.V,D,20190728,000000,0.000666,0.000671,0.000563,0.000662,0,0
BCN.V,D,20190729,000000,0.000662,0.00068,0.000564,0.00057,0,0
BCN.V,D,20190730,000000,0.00057,0.000682,0.000568,0.000575,0,0
BCN.V,D,20190731,000000,0.000628,0.000705,0.000575,0.000603,0,0
BCN.V,D,20190801,000000,0.000603,0.00073,0.000595,0.000652,0,0
BCN.V,D,20190802,000000,0.000652,0.000739,0.000597,0.000626,0,0
BCN.V,D,20190803,000000,0.000626,0.000655,0.000526,0.000542,0,0
BCN.V,D,20190804,000000,0.000542,0.00066,0.000533,0.000658,0,0
BCN.V,D,20190805,000000,0.000658,0.000715,0.000548,0.000637,0,0
BCN.V,D,20190806,000000,0.000637,0.000738,0.000566,0.000585,0,0
BCN.V,D,20190807,000000,0.000585,0.000608,0.000461,0.000585,0,0
BCN.V,D,20190808,000000,0.000585,0.000706,0.000466,0.000586,0,0
BCN.V,D,20190809,000000,0.000586,0.000722,0.000584,0.000667,0,0
BCN.V,D,20190810,000000,0.000667,0.000718,0.000562,0.000616,0,0
BCN.V,D,20190811,000000,0.000616,0.000693,0.000563,0.00069,0,0
BCN.V,D,20190812,000000,0.00069,0.000694,0.000566,0.000684,0,0
BCN.V,D,20190813,000000,0.00057,0.000686,0.000541,0.000653,0,0
BCN.V,D,20190814,000000,0.000652,0.000654,0.000505,0.000595,0,0
BCN.V,D,20190815,000000,0.000595,0.000627,0.000476,0.000621,0,0
BCN.V,D,20190816,000000,0.000621,0.000631,0.000489,0.000605,0,0
BCN.V,D,20190817,000000,0.000605,0.000628,0.000503,0.000609,0,0
BCN.V,D,20190818,000000,0.000609,0.000634,0.000504,0.000624,0,0
BCN.V,D,20190819,000000,0.000626,0.00065,0.000514,0.000616,0,0
BCN.V,D,20190820,000000,0.000616,0.000657,0.000529,0.000624,0,0
BCN.V,D,20190821,000000,0.000624,0.00065,0.000498,0.00058,0,0
BCN.V,D,20190822,000000,0.00058,0.00064,0.000492,0.000609,0,0
BCN.V,D,20190823,000000,0.000609,0.000646,0.000504,0.000607,0,0
BCN.V,D,20190824,000000,0.000607,0.000627,0.000499,0.000605,0,0
BCN.V,D,20190825,000000,0.000605,0.000621,0.000495,0.0006,0,0
BCN.V,D,20190826,000000,0.0005,0.000638,0.000499,0.000601,0,0
BCN.V,D,20190827,000000,0.000601,0.000623,0.000502,0.000595,0,0
BCN.V,D,20190828,000000,0.000595,0.000617,0.000483,0.000584,0,0
BCN.V,D,20190829,000000,0.000584,0.000585,0.000472,0.000559,0,0
BCN.V,D,20190830,000000,0.000559,0.000586,0.000473,0.000576,0,0
BCN.V,D,20190831,000000,0.000576,0.000593,0.000479,0.000572,0,0
BCN.V,D,20190901,000000,0.000573,0.000588,0.00048,0.000583,0,0
BCN.V,D,20190902,000000,0.000583,0.000627,0.000489,0.000624,0,0
BCN.V,D,20190903,000000,0.000624,0.000642,0.000418,0.000521,0,0
BCN.V,D,20190904,000000,0.000521,0.00054,0.000422,0.000511,0,0
BCN.V,D,20190905,000000,0.000511,0.000535,0.000421,0.000493,0,0
BCN.V,D,20190906,000000,0.000493,0.000547,0.000416,0.000481,0,0
BCN.V,D,20190907,000000,0.000481,0.000527,0.000414,0.000488,0,0
BCN.V,D,20190908,000000,0.000487,0.000529,0.000413,0.000487,0,0
BCN.V,D,20190909,000000,0.000487,0.000522,0.000406,0.000412,0,0
BCN.V,D,20190910,000000,0.000412,0.00052,0.000408,0.000468,0,0
BCN.V,D,20190911,000000,0.000468,0.000511,0.000399,0.000476,0,0
BCN.V,D,20190912,000000,0.000509,0.000518,0.000403,0.000445,0,0
BCN.V,D,20190913,000000,0.000445,0.000522,0.00041,0.000515,0,0
BCN.V,D,20190914,000000,0.000515,0.000522,0.000411,0.000461,0,0
BCN.V,D,20190915,000000,0.000461,0.00052,0.000412,0.00047,0,0
BCN.V,D,20190916,000000,0.00047,0.000519,0.000405,0.00047,0,0
BCN.V,D,20190917,000000,0.00047,0.000516,0.000407,0.000409,0,0
BCN.V,D,20190918,000000,0.000409,0.000613,0.000407,0.00051,0,0
BCN.V,D,20190919,000000,0.00051,0.000619,0.000482,0.000514,0,0
BCN.V,D,20190920,000000,0.000514,0.000616,0.000484,0.000497,0,0
BCN.V,D,20190921,000000,0.000497,0.000611,0.000478,0.0005,0,0
BCN.V,D,20190922,000000,0.000485,0.000604,0.000479,0.000495,0,0
BCN.V,D,20190923,000000,0.000494,0.000599,0.000469,0.000484,0,0
BCN.V,D,20190924,000000,0.000484,0.000585,0.000348,0.00043,0,0
BCN.V,D,20190925,000000,0.00043,0.000512,0.00034,0.000435,0,0
BCN.V,D,20190926,000000,0.000435,0.000508,0.000335,0.000405,0,0
BCN.V,D,20190927,000000,0.000413,0.000486,0.000395,0.000406,0,0
BCN.V,D,20190928,000000,0.000406,0.000494,0.0004,0.000489,0,0
BCN.V,D,20190929,000000,0.000408,0.000491,0.000395,0.000403,0,0
BCN.V,D,20190930,000000,0.000403,0.000496,0.0004,0.000411,0,0
BCN.V,D,20191001,000000,0.000411,0.000505,0.000388,0.000412,0,0
BCN.V,D,20191002,000000,0.000412,0.000502,0.000398,0.000404,0,0
BCN.V,D,20191003,000000,0.000404,0.000504,0.0004,0.000414,0,0
BCN.V,D,20191004,000000,0.000414,0.000491,0.000401,0.000409,0,0
BCN.V,D,20191005,000000,0.00041,0.000494,0.000394,0.000401,0,0
BCN.V,D,20191006,000000,0.000401,0.000491,0.000396,0.000407,0,0
BCN.V,D,20191007,000000,0.000407,0.000476,0.000391,0.000418,0,0
BCN.V,D,20191008,000000,0.000418,0.000497,0.000408,0.000418,0,0
BCN.V,D,20191009,000000,0.000421,0.000517,0.000402,0.000421,0,0
BCN.V,D,20191010,000000,0.000421,0.00052,0.000413,0.000425,0,0
BCN.V,D,20191011,000000,0.000425,0.000515,0.000409,0.000414,0,0
BCN.V,D,20191012,000000,0.000414,0.000505,0.000406,0.000418,0,0
BCN.V,D,20191013,000000,0.000418,0.000507,0.000412,0.000427,0,0
BCN.V,D,20191014,000000,0.000333,0.000429,0.000331,0.000419,0,0
BCN.V,D,20191015,000000,0.000419,0.000424,0.000326,0.000327,0,0
BCN.V,D,20191016,000000,0.000327,0.00041,0.000318,0.000396,0,0
BCN.V,D,20191017,000000,0.000399,0.000407,0.000318,0.000378,0,0
BCN.V,D,20191018,000000,0.000378,0.000408,0.000316,0.000319,0,0
BCN.V,D,20191019,000000,0.000319,0.000405,0.000317,0.000399,0,0
BCN.V,D,20191020,000000,0.000399,0.000416,0.000317,0.00037,0,0
BCN.V,D,20191021,000000,0.00037,0.000416,0.000327,0.000381,0,0
BCN.V,D,20191022,000000,0.000381,0.000415,0.000325,0.000406,0,0
BCN.V,D,20191023,000000,0.000406,0.000406,0.000296,0.00033,0,0
BCN.V,D,20191024,000000,0.00033,0.000375,0.000297,0.000326,0,0
BCN.V,D,20191025,000000,0.000326,0.000433,0.000297,0.00043,0,0
BCN.V,D,20191026,000000,0.00043,0.000504,0.000346,0.000374,0,0
BCN.V,D,20191027,000000,0.000374,0.000487,0.000366,0.000479,0,0
BCN.V,D,20191028,000000,0.000479,0.000489,0.000364,0.000379,0,0
BCN.V,D,20191029,000000,0.000379,0.000475,0.000365,0.000379,0,0
BCN.V,D,20191030,000000,0.000379,0.000473,0.000361,0.000384,0,0
BCN.V,D,20191031,000000,0.000384,0.000471,0.000359,0.000365,0,0
BCN.V,D,20191101,000000,0.000365,0.000465,0.000363,0.000392,0,0
BCN.V,D,20191102,000000,0.000392,0.00047,0.000369,0.000373,0,0
BCN.V,D,20191103,000000,0.000373,0.000469,0.000364,0.000402,0,0
BCN.V,D,20191104,000000,0.000401,0.000474,0.000366,0.000414,0,0
BCN.V,D,20191105,000000,0.000414,0.000474,0.000368,0.000422,0,0
BCN.V,D,20191106,000000,0.000422,0.000471,0.000371,0.000438,0,0
BCN.V,D,20191107,000000,0.000467,0.000468,0.000366,0.000422,0,0
BCN.V,D,20191108,000000,0.000422,0.000463,0.000349,0.000353,0,0
BCN.V,D,20191109,000000,0.000353,0.000443,0.000351,0.000442,0,0
BCN.V,D,20191110,000000,0.0004,0.000453,0.000351,0.000392,0,0
BCN.V,D,20191111,000000,0.000392,0.000454,0.000347,0.00039,0,0
BCN.V,D,20191112,000000,0.00039,0.000443,0.000343,0.000351,0,0
BCN.V,D,20191113,000000,0.000351,0.000442,0.000349,0.000407,0,0
BCN.V,D,20191114,000000,0.000407,0.000441,0.000344,0.000408,0,0
BCN.V,D,20191115,000000,0.000408,0.000433,0.000339,0.000405,0,0
BCN.V,D,20191116,000000,0.000398,0.000427,0.000339,0.000387,0,0
BCN.V,D,20191117,000000,0.000387,0.000429,0.00034,0.000428,0,0
BCN.V,D,20191118,000000,0.000428,0.000428,0.000323,0.000368,0,0
BCN.V,D,20191119,000000,0.000329,0.000411,0.000322,0.000326,0,0
BCN.V,D,20191120,000000,0.000326,0.000412,0.000322,0.00035,0,0
BCN.V,D,20191121,000000,0.00035,0.000406,0.000303,0.000322,0,0
BCN.V,D,20191122,000000,0.000322,0.000383,0.000277,0.000291,0,0
BCN.V,D,20191123,000000,0.000291,0.000368,0.000286,0.000316,0,0
BCN.V,D,20191124,000000,0.000316,0.000366,0.000281,0.000282,0,0
BCN.V,D,20191125,000000,0.000282,0.000364,0.000263,0.000326,0,0
BCN.V,D,20191126,000000,0.000326,0.000364,0.000282,0.000315,0,0
BCN.V,D,20191127,000000,0.000315,0.000383,0.000275,0.000302,0,0
BCN.V,D,20191128,000000,0.000302,0.000383,0.000296,0.000296,0,0
BCN.V,D,20191129,000000,0.000296,0.000393,0.000296,0.00031,0,0
BCN.V,D,20191130,000000,0.00031,0.000391,0.0003,0.000319,0,0
BCN.V,D,20191201,000000,0.000319,0.000379,0.000291,0.000319,0,0
BCN.V,D,20191202,000000,0.000319,0.000371,0.000289,0.000309,0,0
BCN.V,D,20191203,000000,0.000309,0.000368,0.000291,0.000318,0,0
BCN.V,D,20191204,000000,0.000318,0.000375,0.000217,0.000312,0,0
BCN.V,D,20191205,000000,0.000312,0.000374,0.00022,0.000302,0,0
BCN.V,D,20191206,000000,0.000302,0.000378,0.000294,0.000313,0,0
BCN.V,D,20191207,000000,0.000377,0.00038,0.0003,0.000377,0,0
BCN.V,D,20191208,000000,0.000377,0.000379,0.000297,0.000307,0,0
BCN.V,D,20191209,000000,0.000307,0.000379,0.000294,0.000368,0,0
BCN.V,D,20191210,000000,0.000308,0.00037,0.000288,0.000363,0,0
BCN.V,D,20191211,000000,0.000363,0.000364,0.000287,0.000289,0,0
BCN.V,D,20191212,000000,0.000298,0.000365,0.000285,0.000288,0,0
BCN.V,D,20191213,000000,0.000288,0.000362,0.000218,0.000288,0,0
BCN.V,D,20191214,000000,0.000288,0.0003,0.000213,0.000284,0,0
BCN.V,D,20191215,000000,0.000284,0.000288,0.000211,0.000282,0,0
BCN.V,D,20191216,000000,0.000282,0.000357,0.000212,0.000284,0,0
BCN.V,D,20191217,000000,0.000284,0.000347,0.000264,0.000282,0,0
BCN.V,D,20191218,000000,0.000282,0.000336,0.000264,0.000313,0,0
BCN.V,D,20191219,000000,0.000296,0.000367,0.000284,0.000287,0,0
BCN.V,D,20191220,000000,0.000302,0.000361,0.000277,0.000294,0,0
BCN.V,D,20191221,000000,0.000288,0.000295,0.000214,0.000293,0,0
BCN.V,D,20191222,000000,0.000293,0.000359,0.000216,0.000292,0,0
BCN.V,D,20191223,000000,0.000297,0.000381,0.000223,0.000292,0,0
BCN.V,D,20191224,000000,0.000292,0.000371,0.000287,0.000363,0,0
BCN.V,D,20191225,000000,0.000363,0.000363,0.000215,0.000289,0,0
BCN.V,D,20191226,000000,0.000289,0.000298,0.000215,0.00028,0,0
BCN.V,D,20191227,000000,0.00028,0.00029,0.000215,0.000283,0,0
BCN.V,D,20191228,000000,0.000276,0.000294,0.000217,0.00022,0,0
BCN.V,D,20191229,000000,0.00022,0.0003,0.000219,0.000266,0,0
BCN.V,D,20191230,000000,0.000266,0.000297,0.000217,0.000291,0,0
BCN.V,D,20191231,000000,0.000291,0.000293,0.000215,0.000271,0,0
BCN.V,D,20200101,000000,0.000271,0.00029,0.000215,0.000263,0,0
BCN.V,D,20200102,000000,0.000263,0.000288,0.000209,0.000246,0,0
BCN.V,D,20200103,000000,0.000246,0.000295,0.000207,0.000272,0,0
BCN.V,D,20200104,000000,0.000272,0.000295,0.000219,0.000254,0,0
BCN.V,D,20200105,000000,0.000254,0.0003,0.000221,0.00025,0,0
BCN.V,D,20200106,000000,0.00025,0.000303,0.000222,0.000268,0,0
BCN.V,D,20200107,000000,0.000268,0.000326,0.000233,0.00029,0,0
BCN.V,D,20200108,000000,0.00029,0.000336,0.000238,0.000242,0,0
BCN.V,D,20200109,000000,0.000242,0.00032,0.000234,0.000246,0,0
BCN.V,D,20200110,000000,0.000246,0.000324,0.000231,0.000263,0,0
BCN.V,D,20200111,000000,0.000263,0.00033,0.000241,0.000265,0,0
BCN.V,D,20200112,000000,0.000265,0.000327,0.000239,0.000245,0,0
BCN.V,D,20200113,000000,0.000245,0.000327,0.000242,0.000271,0,0
BCN.V,D,20200114,000000,0.000271,0.00035,0.000244,0.00029,0,0
BCN.V,D,20200115,000000,0.000289,0.000352,0.000258,0.000298,0,0
BCN.V,D,20200116,000000,0.000298,0.000351,0.000258,0.000285,0,0
BCN.V,D,20200117,000000,0.000285,0.000359,0.00026,0.000357,0,0
BCN.V,D,20200118,000000,0.000357,0.000358,0.000265,0.000297,0,0
BCN.V,D,20200119,000000,0.000297,0.000366,0.000256,0.000295,0,0
BCN.V,D,20200120,000000,0.000295,0.000349,0.000256,0.00026,0,0
BCN.V,D,20200121,000000,0.00029,0.000351,0.000259,0.000261,0,0
BCN.V,D,20200122,000000,0.000261,0.000352,0.000258,0.000293,0,0
BCN.V,D,20200123,000000,0.000293,0.000347,0.000249,0.000277,0,0
BCN.V,D,20200124,000000,0.000277,0.000341,0.000248,0.000277,0,0
BCN.V,D,20200125,000000,0.000277,0.000337,0.000248,0.000251,0,0
BCN.V,D,20200126,000000,0.000271,0.000344,0.000249,0.000282,0,0
BCN.V,D,20200127,000000,0.000282,0.000359,0.000258,0.000295,0,0
BCN.V,D,20200128,000000,0.000267,0.000364,0.000267,0.000296,0,0
BCN.V,D,20200129,000000,0.000296,0.000376,0.000274,0.000373,0,0
BCN.V,D,20200130,000000,0.000373,0.000382,0.000276,0.000311,0,0
BCN.V,D,20200131,000000,0.000311,0.000378,0.000277,0.000311,0,0
BCN.V,D,20200201,000000,0.000311,0.000378,0.000279,0.000281,0,0
BCN.V,D,20200202,000000,0.000281,0.000379,0.000276,0.000376,0,0
BCN.V,D,20200203,000000,0.000376,0.000377,0.000277,0.000303,0,0
BCN.V,D,20200204,000000,0.000303,0.000374,0.000273,0.000275,0,0
BCN.V,D,20200205,000000,0.000275,0.000388,0.000275,0.000289,0,0
BCN.V,D,20200206,000000,0.000289,0.000394,0.000287,0.00029,0,0
BCN.V,D,20200207,000000,0.00029,0.000395,0.00029,0.000294,0,0
BCN.V,D,20200208,000000,0.000331,0.000395,0.000292,0.00033,0,0
BCN.V,D,20200209,000000,0.00033,0.000406,0.000298,0.000405,0,0
BCN.V,D,20200210,000000,0.000405,0.000407,0.000264,0.000266,0,0
BCN.V,D,20200211,000000,0.000266,0.000412,0.000265,0.000307,0,0
BCN.V,D,20200212,000000,0.000307,0.000415,0.000296,0.000325,0,0
BCN.V,D,20200213,000000,0.000325,0.000419,0.000303,0.000346,0,0
BCN.V,D,20200214,000000,0.000346,0.000727,0.000304,0.000726,0,0
BCN.V,D,20200215,000000,0.000725,0.000727,0.00049,0.000596,0,0
BCN.V,D,20200216,000000,0.000596,0.000602,0.000487,0.000523,0,0
BCN.V,D,20200217,000000,0.000524,0.000579,0.00038,0.000494,0,0
BCN.V,D,20200218,000000,0.000494,0.000615,0.000387,0.000529,0,0
BCN.V,D,20200219,000000,0.000529,0.000613,0.000468,0.000582,0,0
BCN.V,D,20200220,000000,0.000581,0.000581,0.000475,0.000493,0,0
BCN.V,D,20200221,000000,0.000493,0.000586,0.00048,0.000484,0,0
BCN.V,D,20200222,000000,0.000484,0.000582,0.000479,0.000509,0,0
BCN.V,D,20200223,000000,0.000509,0.000596,0.000484,0.000596,0,0
BCN.V,D,20200224,000000,0.000497,0.0006,0.000475,0.000509,0,0
BCN.V,D,20200225,000000,0.000509,0.000579,0.000466,0.000504,0,0
BCN.V,D,20200226,000000,0.000504,0.000563,0.000422,0.000429,0,0
BCN.V,D,20200227,000000,0.000429,0.000537,0.000349,0.000444,0,0
BCN.V,D,20200228,000000,0.000444,0.000533,0.000419,0.000455,0,0
BCN.V,D,20200229,000000,0.000455,0.000528,0.00041,0.000433,0,0
BCN.V,D,20200301,000000,0.000433,0.000513,0.00034,0.000428,0,0
BCN.V,D,20200302,000000,0.000428,0.000539,0.000388,0.000447,0,0
BCN.V,D,20200303,000000,0.000447,0.000536,0.000426,0.000438,0,0
BCN.V,D,20200304,000000,0.000438,0.000531,0.000432,0.000438,0,0
BCN.V,D,20200305,000000,0.0004383,0.0005487,0.0003629,0.0004559,0,0
BCN.V,D,20200306,000000,0.0004558,0.0005487,0.000449,0.000457,0,0
BCN.V,D,20200307,000000,0.0004571,0.0005499,0.0003581,0.0004186,0,0
BCN.V,D,20200308,000000,0.0004186,0.0005262,0.0003294,0.000399,0,0
BCN.V,D,20200309,000000,0.0003988,0.0004085,0.000309,0.0003158,0,0
BCN.V,D,20200310,000000,0.0003157,0.0004082,0.0003121,0.0003986,0,0
BCN.V,D,20200311,000000,0.0003986,0.0003986,0.0003051,0.0003608,0,0
BCN.V,D,20200312,000000,0.0003603,0.0003882,0.0002254,0.0002605,0,0
BCN.V,D,20200313,000000,0.0002608,0.0002923,0.0001799,0.0002417,0,0
BCN.V,D,20200314,000000,0.0002419,0.0002864,0.0002082,0.0002117,0,0
BCN.V,D,20200315,000000,0.0002114,0.000279,0.0002029,0.0002314,0,0
BCN.V,D,20200316,000000,0.0002311,0.0002648,0.0001368,0.0001978,0,0
BCN.V,D,20200317,000000,0.0001979,0.0002654,0.0001584,0.0002186,0,0
BCN.V,D,20200318,000000,0.0002184,0.0002721,0.000153,0.0002146,0,0
BCN.V,D,20200319,000000,0.0002146,0.0002957,0.0001843,0.000252,0,0
BCN.V,D,20200320,000000,0.0002521,0.0002769,0.0001711,0.000213,0,0
BCN.V,D,20200321,000000,0.0001858,0.0002571,0.0001803,0.0002487,0,0
BCN.V,D,20200322,000000,0.0002462,0.0002543,0.0001811,0.0002348,0,0
BCN.V,D,20200323,000000,0.0002373,0.0002604,0.0001783,0.0002563,0,0
BCN.V,D,20200324,000000,0.0001985,0.0002728,0.0001948,0.0002375,0,0
BCN.V,D,20200325,000000,0.0002396,0.0002716,0.0001959,0.0002234,0,0
BCN.V,D,20200326,000000,0.0002233,0.000271,0.0001977,0.0002526,0,0
BCN.V,D,20200327,000000,0.0002525,0.0002731,0.0001979,0.0002251,0,0
BCN.V,D,20200328,000000,0.000225,0.0002561,0.0001821,0.0001869,0,0
BCN.V,D,20200329,000000,0.0001869,0.0002496,0.0001765,0.0001774,0,0
BCN.V,D,20200330,000000,0.0001774,0.0002597,0.0001769,0.0001964,0,0
BCN.V,D,20200331,000000,0.0001964,0.0002646,0.0001906,0.000203,0,0
BCN.V,D,20200401,000000,0.000203,0.0002567,0.0001832,0.0001836,0,0
BCN.V,D,20200402,000000,0.0001836,0.0002839,0.0001836,0.0002053,0,0
BCN.V,D,20200403,000000,0.0002052,0.0002807,0.0001964,0.0001978,0,0
BCN.V,D,20200404,000000,0.0001978,0.0002755,0.0001948,0.0002064,0,0
BCN.V,D,20200405,000000,0.0002064,0.0002764,0.0002019,0.0002214,0,0
BCN.V,D,20200406,000000,0.0002214,0.0002924,0.0002032,0.0002493,0,0
BCN.V,D,20200407,000000,0.0002493,0.0002977,0.0002175,0.000236,0,0
BCN.V,D,20200408,000000,0.0002357,0.0002966,0.0002149,0.00022,0,0
BCN.V,D,20200409,000000,0.0002201,0.0002999,0.0002174,0.0002927,0,0
BCN.V,D,20200410,000000,0.0002928,0.0002928,0.000206,0.0002493,0,0
BCN.V,D,20200411,000000,0.0002494,0.0002771,0.0002036,0.000275,0,0
BCN.V,D,20200412,000000,0.0002751,0.0002863,0.0002049,0.000261,0,0
BCN.V,D,20200413,000000,0.000261,0.0002801,0.0002008,0.0002337,0,0
BCN.V,D,20200414,000000,0.0002338,0.0002761,0.000204,0.0002274,0,0
BCN.V,D,20200415,000000,0.0002274,0.0002769,0.000201,0.0002279,0,0
BCN.V,D,20200416,000000,0.0002278,0.0002828,0.000199,0.0002302,0,0
BCN.V,D,20200417,000000,0.0002302,0.0002857,0.0002108,0.0002278,0,0
BCN.V,D,20200418,000000,0.0002278,0.0002896,0.0002111,0.0002342,0,0
BCN.V,D,20200419,000000,0.0002342,0.0002897,0.0002126,0.0002162,0,0
BCN.V,D,20200420,000000,0.0002161,0.0002878,0.0002032,0.0002081,0,0
BCN.V,D,20200421,000000,0.0002081,0.0002767,0.0002036,0.0002071,0,0
BCN.V,D,20200422,000000,0.0002178,0.0002862,0.0002053,0.0002195,0,0
BCN.V,D,20200423,000000,0.0002194,0.0003023,0.000212,0.0002327,0,0
BCN.V,D,20200424,000000,0.0002326,0.0003035,0.000224,0.0002345,0,0
BCN.V,D,20200425,000000,0.0002345,0.0003031,0.0002239,0.000226,0,0
BCN.V,D,20200426,000000,0.000226,0.0003082,0.0002252,0.0003053,0,0
BCN.V,D,20200427,000000,0.0003054,0.0003101,0.0002279,0.0002322,0,0
BCN.V,D,20200428,000000,0.0002321,0.0003113,0.0002302,0.0002456,0,0
BCN.V,D,20200429,000000,0.0002456,0.0003507,0.000232,0.0002672,0,0
BCN.V,D,20200430,000000,0.0002672,0.0003779,0.0002526,0.0003507,0,0
BCN.V,D,20200501,000000,0.0003506,0.000352,0.0002549,0.0002654,0,0
BCN.V,D,20200502,000000,0.0002719,0.0003584,0.000263,0.0002653,0,0
BCN.V,D,20200503,000000,0.0002681,0.0003661,0.0002578,0.000264,0,0
BCN.V,D,20200504,000000,0.000264,0.0003582,0.0002503,0.0002695,0,0
BCN.V,D,20200505,000000,0.0002696,0.0003631,0.0002641,0.0002692,0,0
BCN.V,D,20200506,000000,0.0002692,0.0003756,0.0002677,0.0002788,0,0
BCN.V,D,20200507,000000,0.0002788,0.0003812,0.0002755,0.0002965,0,0
BCN.V,D,20200508,000000,0.0002965,0.0004006,0.000293,0.0003074,0,0
BCN.V,D,20200509,000000,0.0003074,0.0003076,0.0002859,0.0002911,0,0
BCN.V,D,20200510,000000,0.0002911,0.0002966,0.0002426,0.0002536,0,0
BCN.V,D,20200511,000000,0.0002536,0.0002747,0.0002417,0.0002573,0,0
BCN.V,D,20200512,000000,0.0002574,0.0002689,0.0002484,0.0002564,0,0
BCN.V,D,20200513,000000,0.0002568,0.0002822,0.0002568,0.0002809,0,0
BCN.V,D,20200514,000000,0.0002809,0.000298,0.0002548,0.0002641,0,0
BCN.V,D,20200515,000000,0.0002641,0.0002953,0.0002468,0.0002824,0,0
BCN.V,D,20200516,000000,0.0002825,0.0002847,0.0001874,0.0002459,0,0
BCN.V,D,20200517,000000,0.0002459,0.0002946,0.0001896,0.0001952,0,0
BCN.V,D,20200518,000000,0.0001952,0.0002451,0.0001909,0.0002196,0,0
BCN.V,D,20200519,000000,0.0002197,0.0002959,0.0001899,0.0001937,0,0
BCN.V,D,20200520,000000,0.0001937,0.0002376,0.0001867,0.0002123,0,0
BCN.V,D,20200521,000000,0.0002123,0.0002821,0.0001784,0.0002007,0,0
BCN.V,D,20200522,000000,0.0002008,0.0002777,0.000181,0.00025,0,0
BCN.V,D,20200523,000000,0.00025,0.0002793,0.0002366,0.0002769,0,0
BCN.V,D,20200524,000000,0.0002769,0.0002792,0.0002376,0.0002423,0,0
BCN.V,D,20200525,000000,0.0002423,0.0002715,0.0002349,0.0002451,0,0
BCN.V,D,20200526,000000,0.0002451,0.0002703,0.0002425,0.0002475,0,0
BCN.V,D,20200527,000000,0.0002475,0.0002762,0.0002326,0.0002465,0,0
BCN.V,D,20200528,000000,0.0002465,0.0002852,0.0001833,0.0002503,0,0
BCN.V,D,20200529,000000,0.0002503,0.0002867,0.0002279,0.0002407,0,0
BCN.V,D,20200530,000000,0.0002407,0.0002872,0.0001875,0.0002417,0,0
BCN.V,D,20200531,000000,0.0002417,0.0002901,0.0001932,0.0002416,0,0
BCN.V,D,20200601,000000,0.0002415,0.000288,0.0001904,0.0002365,0,0
BCN.V,D,20200602,000000,0.0002364,0.0002507,0.0001888,0.0001905,0,0
BCN.V,D,20200603,000000,0.0001905,0.0002438,0.0001887,0.0002268,0,0
BCN.V,D,20200604,000000,0.0002268,0.0002886,0.0001907,0.0002419,0,0
BCN.V,D,20200605,000000,0.0002419,0.0002932,0.0001927,0.0002331,0,0
BCN.V,D,20200606,000000,0.0002333,0.0002897,0.0001915,0.0002353,0,0
BCN.V,D,20200607,000000,0.0002353,0.0002913,0.0001893,0.0002517,0,0
BCN.V,D,20200608,000000,0.0002518,0.0002525,0.0001934,0.0002357,0,0
BCN.V,D,20200609,000000,0.0002357,0.0002386,0.0001931,0.0001965,0,0
BCN.V,D,20200610,000000,0.0001965,0.0002319,0.0001943,0.0002271,0,0
BCN.V,D,20200611,000000,0.0002271,0.0002315,0.0001851,0.0002169,0,0
BCN.V,D,20200612,000000,0.0002169,0.0002185,0.0001848,0.0002134,0,0
BCN.V,D,20200613,000000,0.0002134,0.0002288,0.0001878,0.0002112,0,0
BCN.V,D,20200614,000000,0.0002112,0.0002176,0.000187,0.0002072,0,0
BCN.V,D,20200615,000000,0.0002072,0.0002173,0.0001808,0.0002156,0,0
BCN.V,D,20200616,000000,0.0002156,0.0002195,0.0001878,0.0002182,0,0
BCN.V,D,20200617,000000,0.0001901,0.0002192,0.0001852,0.0001882,0,0
BCN.V,D,20200618,000000,0.0001882,0.0002186,0.0001856,0.0002184,0,0
BCN.V,D,20200619,000000,0.0002184,0.000225,0.0001854,0.0001865,0,0
BCN.V,D,20200620,000000,0.0001865,0.0002255,0.0001806,0.0002212,0,0
BCN.V,D,20200621,000000,0.0002212,0.0002237,0.0001862,0.0001866,0,0
BCN.V,D,20200622,000000,0.0002179,0.0002249,0.0001861,0.0002212,0,0
BCN.V,D,20200623,000000,0.0002212,0.0002249,0.0001919,0.0002222,0,0
BCN.V,D,20200624,000000,0.0002222,0.0002237,0.0001842,0.0002088,0,0
BCN.V,D,20200625,000000,0.0002088,0.0002141,0.0001825,0.0002083,0,0
BCN.V,D,20200626,000000,0.0002083,0.0002085,0.0001809,0.000205,0,0
BCN.V,D,20200627,000000,0.000205,0.0002119,0.0001814,0.0002086,0,0
BCN.V,D,20200628,000000,0.0002086,0.0002086,0.0001791,0.0002026,0,0
BCN.V,D,20200629,000000,0.0002026,0.0002107,0.0001817,0.0002101,0,0
BCN.V,D,20200630,000000,0.0002101,0.0002129,0.0001825,0.0002127,0,0
BCN.V,D,20200701,000000,0.0002126,0.000215,0.0001826,0.0002035,0,0
BCN.V,D,20200702,000000,0.0002035,0.0002105,0.0001809,0.000183,0,0
BCN.V,D,20200703,000000,0.0001828,0.0002098,0.0001812,0.0002019,0,0
BCN.V,D,20200704,000000,0.0002019,0.0002068,0.0001813,0.0001825,0,0
BCN.V,D,20200705,000000,0.000206,0.0002069,0.0001805,0.0001992,0,0
BCN.V,D,20200706,000000,0.0001991,0.0002191,0.0001838,0.0002104,0,0
BCN.V,D,20200707,000000,0.0002103,0.0002169,0.0001847,0.000185,0,0
BCN.V,D,20200708,000000,0.000212,0.0002166,0.0001848,0.0002154,0,0
BCN.V,D,20200709,000000,0.0002154,0.0002248,0.0001837,0.0002128,0,0
BCN.V,D,20200710,000000,0.0002128,0.0002771,0.0001831,0.0002391,0,0
BCN.V,D,20200711,000000,0.0002391,0.000279,0.0001842,0.0002247,0,0
BCN.V,D,20200712,000000,0.0002246,0.0002318,0.0001838,0.0002294,0,0
BCN.V,D,20200713,000000,0.0002295,0.0002315,0.0001849,0.0002256,0,0
BCN.V,D,20200714,000000,0.0002256,0.0002323,0.0001836,0.000221,0,0
BCN.V,D,20200715,000000,0.0002211,0.0002773,0.0001835,0.0002124,0,0
BCN.V,D,20200716,000000,0.0002125,0.0002126,0.0001811,0.0002049,0,0
BCN.V,D,20200717,000000,0.0002049,0.0002149,0.0001817,0.0002047,0,0
BCN.V,D,20200718,000000,0.0002072,0.0002206,0.0001826,0.0002126,0,0
BCN.V,D,20200719,000000,0.0002126,0.0002193,0.0001824,0.0002192,0,0
BCN.V,D,20200720,000000,0.0002192,0.0002194,0.0001829,0.0001835,0,0
BCN.V,D,20200721,000000,0.0001835,0.0002226,0.0001832,0.0002131,0,0
BCN.V,D,20200722,000000,0.0002128,0.0002151,0.0001861,0.0002103,0,0
BCN.V,D,20200723,000000,0.0002105,0.0002339,0.0001876,0.00022,0,0
BCN.V,D,20200724,000000,0.00022,0.0002263,0.0001902,0.0002199,0,0
BCN.V,D,20200725,000000,0.0002198,0.000236,0.0001912,0.0002278,0,0
BCN.V,D,20200726,000000,0.0002278,0.000236,0.0001936,0.0002269,0,0
BCN.V,D,20200727,000000,0.0002269,0.0002442,0.000198,0.000242,0,0
BCN.V,D,20200728,000000,0.000242,0.0002501,0.0002146,0.0002294,0,0
BCN.V,D,20200729,000000,0.0002294,0.000234,0.0002179,0.0002293,0,0
