<TICKER>,<PER>,<DATE>,<TIME>,<OPEN>,<HIGH>,<LOW>,<CLOSE>,<VOL>,<OPENINT>
BNB.V,D,20170908,000000,1.3,1.31,0.8887,1.01,0,0
BNB.V,D,20170909,000000,1.01,1.04,0.8627,0.9706,0,0
BNB.V,D,20170910,000000,0.9507,0.9889,0.8747,0.9468,0,0
BNB.V,D,20170911,000000,0.9406,1.11,0.9149,1.05,0,0
BNB.V,D,20170912,000000,1.03,1.16,0.9898,1.04,0,0
BNB.V,D,20170913,000000,0.9664,0.9664,0.8631,0.9374,0,0
BNB.V,D,20170914,000000,0.7855,0.792,0.6583,0.6882,0,0
BNB.V,D,20170915,000000,0.7881,0.8467,0.6481,0.8025,0,0
BNB.V,D,20170916,000000,0.7993,0.9062,0.7509,0.7997,0,0
BNB.V,D,20170917,000000,0.7977,0.8169,0.7652,0.7914,0,0
BNB.V,D,20170918,000000,0.8795,0.9431,0.8619,0.9053,0,0
BNB.V,D,20170919,000000,0.8629,0.8754,0.7816,0.8254,0,0
BNB.V,D,20170920,000000,0.8199,0.8199,0.7415,0.7764,0,0
BNB.V,D,20170921,000000,0.7235,0.7314,0.68,0.7018,0,0
BNB.V,D,20170922,000000,0.6986,0.7166,0.6798,0.7158,0,0
BNB.V,D,20170923,000000,0.7534,0.7803,0.7493,0.7716,0,0
BNB.V,D,20170924,000000,0.7471,0.7848,0.7335,0.7848,0,0
BNB.V,D,20170925,000000,0.8416,0.9344,0.8129,0.9262,0,0
BNB.V,D,20170926,000000,0.9167,0.9342,0.8568,0.8642,0,0
BNB.V,D,20170927,000000,0.9351,1.22,0.9267,1.15,0,0
BNB.V,D,20170928,000000,1.15,1.44,1.14,1.38,0,0
BNB.V,D,20170929,000000,1.37,1.39,1.16,1.27,0,0
BNB.V,D,20170930,000000,1.33,1.37,1.25,1.29,0,0
BNB.V,D,20171001,000000,1.3,1.54,1.28,1.52,0,0
BNB.V,D,20171002,000000,1.52,1.98,1.51,1.97,0,0
BNB.V,D,20171003,000000,1.93,1.98,1.68,1.84,0,0
BNB.V,D,20171004,000000,1.8,1.82,1.52,1.64,0,0
BNB.V,D,20171005,000000,1.68,1.75,1.46,1.69,0,0
BNB.V,D,20171006,000000,1.71,1.75,1.53,1.61,0,0
BNB.V,D,20171007,000000,1.64,1.64,1.52,1.59,0,0
BNB.V,D,20171008,000000,1.66,1.68,1.16,1.2,0,0
BNB.V,D,20171009,000000,1.24,1.62,1.23,1.44,0,0
BNB.V,D,20171010,000000,1.44,1.47,1.32,1.41,0,0
BNB.V,D,20171011,000000,1.43,1.52,1.38,1.44,0,0
BNB.V,D,20171012,000000,1.62,1.62,1.29,1.35,0,0
BNB.V,D,20171013,000000,1.4,1.52,1.15,1.45,0,0
BNB.V,D,20171014,000000,1.5,1.57,1.46,1.54,0,0
BNB.V,D,20171015,000000,1.51,1.64,1.37,1.56,0,0
BNB.V,D,20171016,000000,1.58,1.63,1.4,1.45,0,0
BNB.V,D,20171017,000000,1.41,1.44,1.35,1.39,0,0
BNB.V,D,20171018,000000,1.39,1.45,1.3,1.32,0,0
BNB.V,D,20171019,000000,1.35,1.38,1.25,1.29,0,0
BNB.V,D,20171020,000000,1.35,1.44,1.21,1.24,0,0
BNB.V,D,20171021,000000,1.24,1.26,1.16,1.26,0,0
BNB.V,D,20171022,000000,1.26,1.32,1.2,1.24,0,0
BNB.V,D,20171023,000000,1.19,1.26,1.12,1.18,0,0
BNB.V,D,20171024,000000,1.1,1.35,1.08,1.25,0,0
BNB.V,D,20171025,000000,1.3,1.32,1.23,1.25,0,0
BNB.V,D,20171026,000000,1.31,1.31,1.12,1.22,0,0
BNB.V,D,20171027,000000,1.19,1.21,1.08,1.19,0,0
BNB.V,D,20171028,000000,1.19,1.2,1.13,1.2,0,0
BNB.V,D,20171029,000000,1.27,1.28,1.18,1.24,0,0
BNB.V,D,20171030,000000,1.23,1.38,1.2,1.34,0,0
BNB.V,D,20171031,000000,1.41,1.48,1.27,1.35,0,0
BNB.V,D,20171101,000000,1.41,1.41,1.22,1.26,0,0
BNB.V,D,20171102,000000,1.32,1.4,1.23,1.3,0,0
BNB.V,D,20171103,000000,1.32,1.47,1.31,1.46,0,0
BNB.V,D,20171104,000000,1.5,1.73,1.44,1.63,0,0
BNB.V,D,20171105,000000,1.64,1.64,1.43,1.53,0,0
BNB.V,D,20171106,000000,1.44,1.59,1.41,1.57,0,0
BNB.V,D,20171107,000000,1.61,1.82,1.54,1.8,0,0
BNB.V,D,20171108,000000,1.88,2.15,1.79,2.04,0,0
BNB.V,D,20171109,000000,1.95,2.17,1.86,2.02,0,0
BNB.V,D,20171110,000000,1.85,1.87,1.64,1.78,0,0
BNB.V,D,20171111,000000,1.74,1.8,1.58,1.68,0,0
BNB.V,D,20171112,000000,1.56,1.62,1.43,1.52,0,0
BNB.V,D,20171113,000000,1.69,1.77,1.63,1.72,0,0
BNB.V,D,20171114,000000,1.74,1.74,1.55,1.59,0,0
BNB.V,D,20171115,000000,1.75,1.76,1.46,1.61,0,0
BNB.V,D,20171116,000000,1.69,1.85,1.55,1.58,0,0
BNB.V,D,20171117,000000,1.55,1.55,1.45,1.52,0,0
BNB.V,D,20171118,000000,1.54,1.67,1.51,1.66,0,0
BNB.V,D,20171119,000000,1.72,1.76,1.57,1.6,0,0
BNB.V,D,20171120,000000,1.65,1.66,1.6,1.65,0,0
BNB.V,D,20171121,000000,1.61,1.62,1.54,1.62,0,0
BNB.V,D,20171122,000000,1.61,1.65,1.56,1.62,0,0
BNB.V,D,20171123,000000,1.58,1.58,1.52,1.58,0,0
BNB.V,D,20171124,000000,1.62,1.83,1.53,1.75,0,0
BNB.V,D,20171125,000000,1.87,2.05,1.77,1.89,0,0
BNB.V,D,20171126,000000,2.03,2.06,1.82,1.88,0,0
BNB.V,D,20171127,000000,1.98,1.99,1.8,1.98,0,0
BNB.V,D,20171128,000000,2.01,2.01,1.84,1.92,0,0
BNB.V,D,20171129,000000,1.91,1.92,1.71,1.77,0,0
BNB.V,D,20171130,000000,1.8,2,1.77,1.99,0,0
BNB.V,D,20171201,000000,2.17,2.28,2.02,2.07,0,0
BNB.V,D,20171202,000000,2.08,2.1,2.01,2.07,0,0
BNB.V,D,20171203,000000,2.14,2.63,2.08,2.31,0,0
BNB.V,D,20171204,000000,2.38,2.64,2.33,2.55,0,0
BNB.V,D,20171205,000000,2.56,2.77,2.51,2.59,0,0
BNB.V,D,20171206,000000,3.06,3.29,2.51,2.58,0,0
BNB.V,D,20171207,000000,3.17,3.52,2.7,2.71,0,0
BNB.V,D,20171208,000000,2.58,3,2.34,2.82,0,0
BNB.V,D,20171209,000000,2.61,2.69,2.46,2.69,0,0
BNB.V,D,20171210,000000,2.73,2.76,2.36,2.51,0,0
BNB.V,D,20171211,000000,2.79,2.89,2.52,2.73,0,0
BNB.V,D,20171212,000000,2.78,2.86,2.58,2.69,0,0
BNB.V,D,20171213,000000,2.57,2.79,2.47,2.78,0,0
BNB.V,D,20171214,000000,2.81,3.16,2.78,3.16,0,0
BNB.V,D,20171215,000000,3.37,4.4,2.99,4.16,0,0
BNB.V,D,20171216,000000,4.64,4.96,4.26,4.65,0,0
BNB.V,D,20171217,000000,4.62,6.48,4.58,6.03,0,0
BNB.V,D,20171218,000000,6.03,6.19,5.28,6.07,0,0
BNB.V,D,20171219,000000,5.55,6.31,5.4,5.78,0,0
BNB.V,D,20171220,000000,5.43,5.43,4.96,5.16,0,0
BNB.V,D,20171221,000000,4.91,5.31,4.78,5.19,0,0
BNB.V,D,20171222,000000,4.54,4.69,4.13,4.39,0,0
BNB.V,D,20171223,000000,4.63,4.97,4.54,4.82,0,0
BNB.V,D,20171224,000000,4.67,5.58,4.29,5.29,0,0
BNB.V,D,20171225,000000,5.3,6.92,5.28,6.54,0,0
BNB.V,D,20171226,000000,7.45,10.87,7.01,9.24,0,0
BNB.V,D,20171227,000000,9.1,10.63,8.29,10.04,0,0
BNB.V,D,20171228,000000,9.39,9.58,8.34,9.43,0,0
BNB.V,D,20171229,000000,9.43,9.43,8.49,8.7,0,0
BNB.V,D,20171230,000000,7.6,7.76,7.29,7.69,0,0
BNB.V,D,20171231,000000,8.5,9.05,8.12,8.63,0,0
BNB.V,D,20180101,000000,8.38,8.48,8.18,8.48,0,0
BNB.V,D,20180102,000000,9.32,9.39,7.8,8.75,0,0
BNB.V,D,20180103,000000,8.99,9.7,8.06,9.49,0,0
BNB.V,D,20180104,000000,9.5,9.67,8.78,9.14,0,0
BNB.V,D,20180105,000000,10.31,16.87,10.07,14.85,0,0
BNB.V,D,20180106,000000,15.11,24.38,15.04,22.84,0,0
BNB.V,D,20180107,000000,21.49,22.01,18.19,18.57,0,0
BNB.V,D,20180108,000000,17.24,18.93,16.17,18.12,0,0
BNB.V,D,20180109,000000,17.52,19.2,16.8,17.65,0,0
BNB.V,D,20180110,000000,18.1,18.17,16.41,17.56,0,0
BNB.V,D,20180111,000000,15.66,23.49,15.22,21.29,0,0
BNB.V,D,20180112,000000,22.04,25.44,20.18,22.4,0,0
BNB.V,D,20180113,000000,23.02,23.46,21.21,22.12,0,0
BNB.V,D,20180114,000000,21.18,21.41,19.6,20.79,0,0
BNB.V,D,20180115,000000,20.78,23.52,18.27,19.63,0,0
BNB.V,D,20180116,000000,16.25,16.31,7.9,13.64,0,0
BNB.V,D,20180117,000000,13.51,15.07,11.61,14.38,0,0
BNB.V,D,20180118,000000,14.41,15.39,13.9,14.41,0,0
BNB.V,D,20180119,000000,14.74,17.63,14.43,15.01,0,0
BNB.V,D,20180120,000000,16.66,16.81,15.85,16.11,0,0
BNB.V,D,20180121,000000,14.63,14.78,13.44,14.13,0,0
BNB.V,D,20180122,000000,13.26,13.4,12.53,12.96,0,0
BNB.V,D,20180123,000000,13.03,13.46,12.63,13.21,0,0
BNB.V,D,20180124,000000,13.91,14.4,13.61,13.82,0,0
BNB.V,D,20180125,000000,13.85,13.85,12.99,13.22,0,0
BNB.V,D,20180126,000000,13.22,13.62,12.2,12.83,0,0
BNB.V,D,20180127,000000,12.82,13.5,12.82,13.36,0,0
BNB.V,D,20180128,000000,13.36,13.89,13.23,13.61,0,0
BNB.V,D,20180129,000000,13.61,13.76,12.73,12.77,0,0
BNB.V,D,20180130,000000,12.77,12.86,11.02,11.5,0,0
BNB.V,D,20180131,000000,11.5,11.5,10,11.03,0,0
BNB.V,D,20180201,000000,11.03,11.41,8.64,9.33,0,0
BNB.V,D,20180202,000000,9.33,10.61,7.09,9.47,0,0
BNB.V,D,20180203,000000,9.47,10.36,8.52,9.66,0,0
BNB.V,D,20180204,000000,9.66,9.83,7.98,8.65,0,0
BNB.V,D,20180205,000000,8.66,8.69,6.1,6.7,0,0
BNB.V,D,20180206,000000,6.69,8.61,5.53,8.26,0,0
BNB.V,D,20180207,000000,8.27,9.34,7.34,8.35,0,0
BNB.V,D,20180208,000000,8.35,8.95,8.05,8.6,0,0
BNB.V,D,20180209,000000,8.6,10.02,8.27,9.62,0,0
BNB.V,D,20180210,000000,9.63,10.38,8.81,9.31,0,0
BNB.V,D,20180211,000000,9.3,9.39,8.16,8.96,0,0
BNB.V,D,20180212,000000,9.15,9.44,8.68,9.27,0,0
BNB.V,D,20180213,000000,9.27,9.38,8.76,8.98,0,0
BNB.V,D,20180214,000000,8.98,10.19,8.91,10.12,0,0
BNB.V,D,20180215,000000,10.12,11.34,10.1,10.83,0,0
BNB.V,D,20180216,000000,10.84,11.09,10.37,10.96,0,0
BNB.V,D,20180217,000000,10.95,11.92,10.91,11.68,0,0
BNB.V,D,20180218,000000,11.69,11.78,10.68,10.85,0,0
BNB.V,D,20180219,000000,10.85,11.22,10.61,11.01,0,0
BNB.V,D,20180220,000000,11.01,11.23,10.21,10.26,0,0
BNB.V,D,20180221,000000,10.25,10.25,9,9.4,0,0
BNB.V,D,20180222,000000,9.4,9.82,8.69,8.95,0,0
BNB.V,D,20180223,000000,8.96,9.6,8.66,9.58,0,0
BNB.V,D,20180224,000000,9.58,9.87,8.75,9.03,0,0
BNB.V,D,20180225,000000,9.02,9.51,8.95,9.38,0,0
BNB.V,D,20180226,000000,9.38,10.12,9,9.85,0,0
BNB.V,D,20180227,000000,9.86,11.12,9,10.78,0,0
BNB.V,D,20180228,000000,10.76,11.17,10.35,10.56,0,0
BNB.V,D,20180301,000000,10.56,10.69,10.33,10.51,0,0
BNB.V,D,20180302,000000,10.53,10.6,10.15,10.27,0,0
BNB.V,D,20180303,000000,10.27,10.48,10.08,10.16,0,0
BNB.V,D,20180304,000000,10.16,10.42,9,10.22,0,0
BNB.V,D,20180305,000000,10.22,10.48,10.13,10.14,0,0
BNB.V,D,20180306,000000,10.14,10.17,9,9.4,0,0
BNB.V,D,20180307,000000,9.4,10.24,8.18,8.9,0,0
BNB.V,D,20180308,000000,8.9,9.16,8.03,8.18,0,0
BNB.V,D,20180309,000000,8.19,8.33,7.1,8.06,0,0
BNB.V,D,20180310,000000,8.07,8.38,7.62,7.75,0,0
BNB.V,D,20180311,000000,7.74,8.44,7,8.27,0,0
BNB.V,D,20180312,000000,8.27,8.54,7.69,7.98,0,0
BNB.V,D,20180313,000000,7.97,11.05,7.86,10.32,0,0
BNB.V,D,20180314,000000,10.31,10.7,8.55,8.83,0,0
BNB.V,D,20180315,000000,8.81,9.44,8,9.07,0,0
BNB.V,D,20180316,000000,9.07,9.41,8.59,9.32,0,0
BNB.V,D,20180317,000000,9.32,9.52,8.69,9.16,0,0
BNB.V,D,20180318,000000,9.16,9.17,7.81,8.75,0,0
BNB.V,D,20180319,000000,8.76,9.32,8.5,8.7,0,0
BNB.V,D,20180320,000000,8.71,9.27,8.64,9.2,0,0
BNB.V,D,20180321,000000,9.19,10.34,9.08,9.98,0,0
BNB.V,D,20180322,000000,9.98,10.94,9.5,9.95,0,0
BNB.V,D,20180323,000000,9.95,11.98,9,11.68,0,0
BNB.V,D,20180324,000000,11.69,15.11,11.37,13.41,0,0
BNB.V,D,20180325,000000,13.41,14.27,12.52,12.73,0,0
BNB.V,D,20180326,000000,12.73,13.06,10.94,11.11,0,0
BNB.V,D,20180327,000000,11.11,12.43,10.86,11.76,0,0
BNB.V,D,20180328,000000,11.76,12.27,11,11.48,0,0
BNB.V,D,20180329,000000,11.51,11.76,10.11,10.3,0,0
BNB.V,D,20180330,000000,10.3,10.84,9,10.44,0,0
BNB.V,D,20180331,000000,10.44,11.49,10.17,11.01,0,0
BNB.V,D,20180401,000000,11.01,11.34,10.39,11.1,0,0
BNB.V,D,20180402,000000,11.1,12.61,10.97,12.38,0,0
BNB.V,D,20180403,000000,12.36,14,12.25,13.6,0,0
BNB.V,D,20180404,000000,13.6,13.61,12.01,12.26,0,0
BNB.V,D,20180405,000000,12.24,12.68,12.09,12.4,0,0
BNB.V,D,20180406,000000,12.41,12.67,12.06,12.23,0,0
BNB.V,D,20180407,000000,12.24,12.7,12.15,12.52,0,0
BNB.V,D,20180408,000000,12.52,12.57,12.16,12.26,0,0
BNB.V,D,20180409,000000,12.25,12.61,11.16,11.73,0,0
BNB.V,D,20180410,000000,11.75,12.46,11.67,12.11,0,0
BNB.V,D,20180411,000000,12.11,12.18,11.85,12.01,0,0
BNB.V,D,20180412,000000,12.02,12.85,11,12.46,0,0
BNB.V,D,20180413,000000,12.45,13.8,12.41,13.51,0,0
BNB.V,D,20180414,000000,13.5,13.91,12.96,13.41,0,0
BNB.V,D,20180415,000000,13.42,13.69,12.94,13.1,0,0
BNB.V,D,20180416,000000,13.1,13.15,12.11,12.29,0,0
BNB.V,D,20180417,000000,12.28,12.5,11.79,11.86,0,0
BNB.V,D,20180418,000000,11.86,12.15,11.54,11.85,0,0
BNB.V,D,20180419,000000,11.85,12.51,11.85,12.35,0,0
BNB.V,D,20180420,000000,12.36,12.47,11.98,12.39,0,0
BNB.V,D,20180421,000000,12.39,13.82,12.36,13.05,0,0
BNB.V,D,20180422,000000,13.04,13.42,12.87,13.13,0,0
BNB.V,D,20180423,000000,13.12,13.94,12.87,13.61,0,0
BNB.V,D,20180424,000000,13.61,15.57,13.54,15.56,0,0
BNB.V,D,20180425,000000,15.56,15.93,12.92,13.92,0,0
BNB.V,D,20180426,000000,13.92,14.46,13.16,14.27,0,0
BNB.V,D,20180427,000000,14.28,14.8,14.16,14.31,0,0
BNB.V,D,20180428,000000,14.31,15.36,14.22,15.03,0,0
BNB.V,D,20180429,000000,15.03,15.41,14.55,15.07,0,0
BNB.V,D,20180430,000000,15.07,15.15,14.29,14.33,0,0
BNB.V,D,20180501,000000,14.33,14.43,13.54,14.16,0,0
BNB.V,D,20180502,000000,14.16,14.41,13.9,14.32,0,0
BNB.V,D,20180503,000000,14.34,14.73,14.16,14.66,0,0
BNB.V,D,20180504,000000,14.66,14.83,14.24,14.37,0,0
BNB.V,D,20180505,000000,14.37,14.57,14.19,14.38,0,0
BNB.V,D,20180506,000000,14.39,14.92,13.66,13.83,0,0
BNB.V,D,20180507,000000,13.83,14.03,12.98,13.69,0,0
BNB.V,D,20180508,000000,13.7,13.96,13.12,13.34,0,0
BNB.V,D,20180509,000000,13.34,14.77,13.04,14.52,0,0
BNB.V,D,20180510,000000,14.52,15.08,13.89,13.99,0,0
BNB.V,D,20180511,000000,13.99,14.14,12.58,12.65,0,0
BNB.V,D,20180512,000000,12.65,13.18,12.25,12.74,0,0
BNB.V,D,20180513,000000,12.74,13.58,12.69,12.97,0,0
BNB.V,D,20180514,000000,12.97,13.24,12.34,12.97,0,0
BNB.V,D,20180515,000000,12.97,13.33,12.57,12.64,0,0
BNB.V,D,20180516,000000,12.64,12.74,11.93,12.13,0,0
BNB.V,D,20180517,000000,12.13,12.97,12.11,12.96,0,0
BNB.V,D,20180518,000000,12.96,16.24,12.06,14.87,0,0
BNB.V,D,20180519,000000,14.87,15.71,13.94,14.1,0,0
BNB.V,D,20180520,000000,14.1,14.41,13.67,14.13,0,0
BNB.V,D,20180521,000000,14.14,14.61,13.8,14.34,0,0
BNB.V,D,20180522,000000,14.36,14.89,14.07,14.08,0,0
BNB.V,D,20180523,000000,14.08,14.18,12.31,12.83,0,0
BNB.V,D,20180524,000000,12.83,13.21,12.12,12.81,0,0
BNB.V,D,20180525,000000,12.81,13.4,12.7,12.81,0,0
BNB.V,D,20180526,000000,12.82,13.27,12.62,12.98,0,0
BNB.V,D,20180527,000000,12.98,13.01,12.37,12.57,0,0
BNB.V,D,20180528,000000,12.57,12.81,11.89,11.89,0,0
BNB.V,D,20180529,000000,11.89,12.71,11.69,12.66,0,0
BNB.V,D,20180530,000000,12.66,12.82,12.23,12.4,0,0
BNB.V,D,20180531,000000,12.41,14.28,12.38,14.05,0,0
BNB.V,D,20180601,000000,14.06,14.46,13.75,14.02,0,0
BNB.V,D,20180602,000000,14.02,14.9,14.01,14.73,0,0
BNB.V,D,20180603,000000,14.73,15.06,14.34,14.52,0,0
BNB.V,D,20180604,000000,14.52,14.71,13.67,14.22,0,0
BNB.V,D,20180605,000000,14.22,15.52,14.16,15.39,0,0
BNB.V,D,20180606,000000,15.39,17.41,15.32,16.95,0,0
BNB.V,D,20180607,000000,16.95,17.48,16.43,17.13,0,0
BNB.V,D,20180608,000000,17.13,17.16,15.82,16.42,0,0
BNB.V,D,20180609,000000,16.42,16.92,16.01,16.13,0,0
BNB.V,D,20180610,000000,16.13,16.13,13.58,13.87,0,0
BNB.V,D,20180611,000000,13.85,15.04,13.47,14.85,0,0
BNB.V,D,20180612,000000,14.85,16.18,14.76,15.45,0,0
BNB.V,D,20180613,000000,15.44,15.82,13.7,14.37,0,0
BNB.V,D,20180614,000000,14.38,15.2,14.08,14.99,0,0
BNB.V,D,20180615,000000,14.99,15.68,14.67,15.17,0,0
BNB.V,D,20180616,000000,15.17,16.01,14.9,15.93,0,0
BNB.V,D,20180617,000000,15.93,17.24,15.69,16.93,0,0
BNB.V,D,20180618,000000,16.93,17.24,16.2,16.89,0,0
BNB.V,D,20180619,000000,16.91,17.16,16.13,16.56,0,0
BNB.V,D,20180620,000000,16.56,16.86,15.66,15.94,0,0
BNB.V,D,20180621,000000,15.93,17.38,15.87,17.14,0,0
BNB.V,D,20180622,000000,17.14,17.26,15.16,15.38,0,0
BNB.V,D,20180623,000000,15.41,16.08,15.15,15.76,0,0
BNB.V,D,20180624,000000,15.76,15.88,13.45,14.58,0,0
BNB.V,D,20180625,000000,14.59,15.14,13.81,14.93,0,0
BNB.V,D,20180626,000000,14.93,15.07,14.06,14.38,0,0
BNB.V,D,20180627,000000,14.38,14.39,13.76,14.02,0,0
BNB.V,D,20180628,000000,14.02,14.96,13.84,14.13,0,0
BNB.V,D,20180629,000000,14.13,14.31,13.8,14.23,0,0
BNB.V,D,20180630,000000,14.24,15.14,13.7,14.58,0,0
BNB.V,D,20180701,000000,14.59,14.73,14.1,14.32,0,0
BNB.V,D,20180702,000000,14.29,14.74,12.42,14.67,0,0
BNB.V,D,20180703,000000,14.66,14.81,14.09,14.15,0,0
BNB.V,D,20180704,000000,14.15,14.25,13.78,14.06,0,0
BNB.V,D,20180705,000000,14.06,14.13,13.42,13.61,0,0
BNB.V,D,20180706,000000,13.61,13.83,13.17,13.4,0,0
BNB.V,D,20180707,000000,13.41,14.3,13.31,14,0,0
BNB.V,D,20180708,000000,14,14.21,13.86,14.02,0,0
BNB.V,D,20180709,000000,14.03,14.06,13.57,13.67,0,0
BNB.V,D,20180710,000000,13.67,13.82,12.63,12.96,0,0
BNB.V,D,20180711,000000,12.96,13.05,12.19,12.64,0,0
BNB.V,D,20180712,000000,12.64,12.8,12.04,12.08,0,0
BNB.V,D,20180713,000000,12.08,12.46,11.83,12.15,0,0
BNB.V,D,20180714,000000,12.15,12.3,11.94,12.13,0,0
BNB.V,D,20180715,000000,12.1,12.42,12.01,12.37,0,0
BNB.V,D,20180716,000000,12.37,13.47,12.19,13.15,0,0
BNB.V,D,20180717,000000,13.15,13.91,12.86,13.8,0,0
BNB.V,D,20180718,000000,13.79,13.94,12.83,12.99,0,0
BNB.V,D,20180719,000000,12.99,13.42,12.68,12.82,0,0
BNB.V,D,20180720,000000,12.82,13,11.82,11.86,0,0
BNB.V,D,20180721,000000,11.86,12.47,11.81,12.4,0,0
BNB.V,D,20180722,000000,12.41,12.43,11.97,11.97,0,0
BNB.V,D,20180723,000000,11.98,12.41,11.84,11.99,0,0
BNB.V,D,20180724,000000,11.98,12.28,11.59,12.11,0,0
BNB.V,D,20180725,000000,12.11,13.55,12.05,12.95,0,0
BNB.V,D,20180726,000000,12.96,13.62,12.72,13.08,0,0
BNB.V,D,20180727,000000,13.05,14.02,13.01,13.95,0,0
BNB.V,D,20180728,000000,13.95,14.9,13.73,14.61,0,0
BNB.V,D,20180729,000000,14.61,14.77,13.64,14.02,0,0
BNB.V,D,20180730,000000,13.98,14.08,13,13.09,0,0
BNB.V,D,20180731,000000,13.09,13.91,12.98,13.79,0,0
BNB.V,D,20180801,000000,13.78,14.1,13.16,13.48,0,0
BNB.V,D,20180802,000000,13.47,13.83,13.4,13.47,0,0
BNB.V,D,20180803,000000,13.47,14.24,13.44,14.01,0,0
BNB.V,D,20180804,000000,14.01,14.47,13.57,13.8,0,0
BNB.V,D,20180805,000000,13.8,13.91,13.23,13.68,0,0
BNB.V,D,20180806,000000,13.69,13.95,13.49,13.5,0,0
BNB.V,D,20180807,000000,13.5,13.89,13.15,13.19,0,0
BNB.V,D,20180808,000000,13.22,13.23,11.95,12.09,0,0
BNB.V,D,20180809,000000,12.09,12.73,11.98,12.62,0,0
BNB.V,D,20180810,000000,12.63,12.87,11.73,11.75,0,0
BNB.V,D,20180811,000000,11.75,12.15,11.32,11.68,0,0
BNB.V,D,20180812,000000,11.68,11.89,11.37,11.74,0,0
BNB.V,D,20180813,000000,11.74,11.92,10.34,10.6,0,0
BNB.V,D,20180814,000000,10.6,10.6,8.56,9.13,0,0
BNB.V,D,20180815,000000,9.12,10.67,9.01,9.82,0,0
BNB.V,D,20180816,000000,9.84,10,9.33,9.68,0,0
BNB.V,D,20180817,000000,9.68,10.6,9.63,10.5,0,0
BNB.V,D,20180818,000000,10.5,10.99,9.49,9.91,0,0
BNB.V,D,20180819,000000,9.91,10.32,9.71,10.16,0,0
BNB.V,D,20180820,000000,10.13,10.25,9.7,9.76,0,0
BNB.V,D,20180821,000000,9.76,9.88,9.39,9.61,0,0
BNB.V,D,20180822,000000,9.61,10.28,9.31,9.43,0,0
BNB.V,D,20180823,000000,9.44,9.72,9.23,9.64,0,0
BNB.V,D,20180824,000000,9.64,10.15,9.58,10.12,0,0
BNB.V,D,20180825,000000,10.12,10.27,9.97,10.11,0,0
BNB.V,D,20180826,000000,10.11,10.26,9.78,10.21,0,0
BNB.V,D,20180827,000000,10.21,11.34,10.12,11.11,0,0
BNB.V,D,20180828,000000,11.11,11.55,10.79,11.42,0,0
BNB.V,D,20180829,000000,11.42,11.55,10.79,11.18,0,0
BNB.V,D,20180830,000000,11.17,11.26,10.38,10.69,0,0
BNB.V,D,20180831,000000,10.69,10.98,10.6,10.95,0,0
BNB.V,D,20180901,000000,10.95,11.56,10.93,11.41,0,0
BNB.V,D,20180902,000000,11.41,11.54,11.11,11.23,0,0
BNB.V,D,20180903,000000,11.24,11.48,11.08,11.35,0,0
BNB.V,D,20180904,000000,11.35,11.46,11.21,11.38,0,0
BNB.V,D,20180905,000000,11.39,11.57,10.17,10.27,0,0
BNB.V,D,20180906,000000,10.28,10.33,9.5,10.04,0,0
BNB.V,D,20180907,000000,10.04,10.33,9.69,10.01,0,0
BNB.V,D,20180908,000000,10.01,10.13,9.32,9.46,0,0
BNB.V,D,20180909,000000,9.46,9.76,9.21,9.63,0,0
BNB.V,D,20180910,000000,9.62,9.75,9.32,9.41,0,0
BNB.V,D,20180911,000000,9.42,9.61,9.12,9.34,0,0
BNB.V,D,20180912,000000,9.36,9.46,9,9.1,0,0
BNB.V,D,20180913,000000,9.1,9.71,9.09,9.51,0,0
BNB.V,D,20180914,000000,9.52,10.1,9.5,9.98,0,0
BNB.V,D,20180915,000000,9.98,10.24,9.88,10.15,0,0
BNB.V,D,20180916,000000,10.15,10.17,9.73,9.88,0,0
BNB.V,D,20180917,000000,9.88,10.03,9.27,9.34,0,0
BNB.V,D,20180918,000000,9.34,9.66,9.25,9.52,0,0
BNB.V,D,20180919,000000,9.52,9.8,9.25,9.63,0,0
BNB.V,D,20180920,000000,9.62,9.98,9.58,9.98,0,0
BNB.V,D,20180921,000000,9.98,10.46,9.9,10.32,0,0
BNB.V,D,20180922,000000,10.32,10.59,10.01,10.2,0,0
BNB.V,D,20180923,000000,10.19,10.41,10.13,10.23,0,0
BNB.V,D,20180924,000000,10.23,10.32,9.92,10.13,0,0
BNB.V,D,20180925,000000,10.13,10.13,9.37,9.62,0,0
BNB.V,D,20180926,000000,9.62,9.91,9.54,9.67,0,0
BNB.V,D,20180927,000000,9.67,10.13,9.59,10.07,0,0
BNB.V,D,20180928,000000,10.07,10.29,9.79,9.96,0,0
BNB.V,D,20180929,000000,9.96,10.05,9.72,9.99,0,0
BNB.V,D,20180930,000000,9.99,10.16,9.84,9.91,0,0
BNB.V,D,20181001,000000,9.91,10.07,9.84,9.94,0,0
BNB.V,D,20181002,000000,9.94,10.44,9.82,10.41,0,0
BNB.V,D,20181003,000000,10.41,10.65,10.01,10.17,0,0
BNB.V,D,20181004,000000,10.16,10.43,10.1,10.28,0,0
BNB.V,D,20181005,000000,10.28,10.75,10.2,10.66,0,0
BNB.V,D,20181006,000000,10.66,10.76,10.32,10.44,0,0
BNB.V,D,20181007,000000,10.44,10.52,10.28,10.44,0,0
BNB.V,D,20181008,000000,10.45,10.67,10.45,10.56,0,0
BNB.V,D,20181009,000000,10.56,10.59,10.23,10.36,0,0
BNB.V,D,20181010,000000,10.36,10.4,10.17,10.3,0,0
BNB.V,D,20181011,000000,10.3,10.33,9.28,9.39,0,0
BNB.V,D,20181012,000000,9.39,9.66,9.18,9.53,0,0
BNB.V,D,20181013,000000,9.53,9.64,9.45,9.54,0,0
BNB.V,D,20181014,000000,9.54,9.68,9.49,9.59,0,0
BNB.V,D,20181015,000000,9.59,10.54,9.42,10.18,0,0
BNB.V,D,20181016,000000,10.17,10.38,9.91,9.94,0,0
BNB.V,D,20181017,000000,9.95,10.05,9.83,9.96,0,0
BNB.V,D,20181018,000000,9.96,10,9.65,9.66,0,0
BNB.V,D,20181019,000000,9.65,9.83,9.62,9.78,0,0
BNB.V,D,20181020,000000,9.78,9.86,6.75,9.72,0,0
BNB.V,D,20181021,000000,9.72,9.87,9.68,9.81,0,0
BNB.V,D,20181022,000000,9.81,9.83,9.68,9.73,0,0
BNB.V,D,20181023,000000,9.74,9.87,9.68,9.8,0,0
BNB.V,D,20181024,000000,9.8,9.85,9.73,9.73,0,0
BNB.V,D,20181025,000000,9.73,9.78,9.64,9.69,0,0
BNB.V,D,20181026,000000,9.69,9.77,9.63,9.69,0,0
BNB.V,D,20181027,000000,9.69,9.72,9.65,9.67,0,0
BNB.V,D,20181028,000000,9.67,9.71,9.62,9.66,0,0
BNB.V,D,20181029,000000,9.66,9.71,9.32,9.39,0,0
BNB.V,D,20181030,000000,9.39,9.47,9.34,9.41,0,0
BNB.V,D,20181031,000000,9.4,9.52,9.27,9.45,0,0
BNB.V,D,20181101,000000,9.45,9.61,9.4,9.58,0,0
BNB.V,D,20181102,000000,9.58,9.66,9.52,9.6,0,0
BNB.V,D,20181103,000000,9.6,9.63,9.47,9.58,0,0
BNB.V,D,20181104,000000,9.59,9.88,9.5,9.74,0,0
BNB.V,D,20181105,000000,9.74,9.8,9.62,9.68,0,0
BNB.V,D,20181106,000000,9.67,9.79,9.63,9.78,0,0
BNB.V,D,20181107,000000,9.77,9.92,9.76,9.81,0,0
BNB.V,D,20181108,000000,9.81,9.85,9.62,9.64,0,0
BNB.V,D,20181109,000000,9.64,9.67,9.47,9.53,0,0
BNB.V,D,20181110,000000,9.53,9.6,9.52,9.54,0,0
BNB.V,D,20181111,000000,9.54,9.56,9.34,9.41,0,0
BNB.V,D,20181112,000000,9.41,9.52,9.28,9.34,0,0
BNB.V,D,20181113,000000,9.34,9.45,9.19,9.19,0,0
BNB.V,D,20181114,000000,9.19,9.25,8.07,8.26,0,0
BNB.V,D,20181115,000000,8.26,8.47,7.66,8.07,0,0
BNB.V,D,20181116,000000,8.1,8.24,7.79,7.81,0,0
BNB.V,D,20181117,000000,7.82,7.92,7.62,7.73,0,0
BNB.V,D,20181118,000000,7.72,8.1,7.72,7.99,0,0
BNB.V,D,20181119,000000,7.99,8.01,6.54,6.62,0,0
BNB.V,D,20181120,000000,6.6,6.77,5.46,5.66,0,0
BNB.V,D,20181121,000000,5.66,6.2,5.53,6.05,0,0
BNB.V,D,20181122,000000,6.05,6.26,5.85,5.89,0,0
BNB.V,D,20181123,000000,5.89,5.89,5.4,5.6,0,0
BNB.V,D,20181124,000000,5.6,5.69,4.67,4.89,0,0
BNB.V,D,20181125,000000,4.88,5.29,4.41,5.14,0,0
BNB.V,D,20181126,000000,5.15,5.28,4.62,4.79,0,0
BNB.V,D,20181127,000000,4.79,4.96,4.62,4.93,0,0
BNB.V,D,20181128,000000,4.93,5.47,4.89,5.27,0,0
BNB.V,D,20181129,000000,5.27,5.62,5.13,5.3,0,0
BNB.V,D,20181130,000000,5.29,5.44,4.93,5.02,0,0
BNB.V,D,20181201,000000,5.03,5.41,4.98,5.31,0,0
BNB.V,D,20181202,000000,5.31,5.44,5.18,5.3,0,0
BNB.V,D,20181203,000000,5.3,5.3,4.96,5.06,0,0
BNB.V,D,20181204,000000,5.05,6.33,5.05,5.77,0,0
BNB.V,D,20181205,000000,5.77,6.6,5.72,6.1,0,0
BNB.V,D,20181206,000000,6.08,6.14,4.95,5.01,0,0
BNB.V,D,20181207,000000,5.01,5.12,4.15,4.56,0,0
BNB.V,D,20181208,000000,4.56,4.85,4.35,4.79,0,0
BNB.V,D,20181209,000000,4.81,5.1,4.57,4.83,0,0
BNB.V,D,20181210,000000,4.83,4.99,4.53,4.72,0,0
BNB.V,D,20181211,000000,4.72,4.91,4.53,4.79,0,0
BNB.V,D,20181212,000000,4.79,5.18,4.77,4.98,0,0
BNB.V,D,20181213,000000,4.98,5.05,4.56,4.59,0,0
BNB.V,D,20181214,000000,4.59,4.76,4.44,4.58,0,0
BNB.V,D,20181215,000000,4.58,4.62,4.46,4.58,0,0
BNB.V,D,20181216,000000,4.58,4.75,4.53,4.68,0,0
BNB.V,D,20181217,000000,4.68,6,4.63,5.98,0,0
BNB.V,D,20181218,000000,5.98,5.98,5.76,5.83,0,0
BNB.V,D,20181219,000000,5.83,5.86,5.83,5.84,0,0
BNB.V,D,20181220,000000,5.84,5.85,5.84,5.85,0,0
BNB.V,D,20181221,000000,5.85,6.17,5.84,5.84,0,0
BNB.V,D,20181222,000000,5.84,5.84,5.84,5.84,0,0
BNB.V,D,20181223,000000,5.84,5.85,5.84,5.85,0,0
BNB.V,D,20181224,000000,5.85,6.47,5.85,6.18,0,0
BNB.V,D,20181225,000000,6.18,6.18,5.76,5.77,0,0
BNB.V,D,20181226,000000,5.77,6.14,5.76,5.76,0,0
BNB.V,D,20181227,000000,5.76,5.76,5.75,5.75,0,0
BNB.V,D,20181228,000000,5.75,6.1,5.75,6.09,0,0
BNB.V,D,20181229,000000,6.09,6.12,6.08,6.09,0,0
BNB.V,D,20181230,000000,6.09,6.11,6.07,6.09,0,0
BNB.V,D,20181231,000000,6.09,6.31,6,6.06,0,0
BNB.V,D,20190101,000000,6.06,6.67,5,5.95,0,0
BNB.V,D,20190102,000000,5.95,6.09,4.56,6.07,0,0
BNB.V,D,20190103,000000,6.07,6.11,5.81,5.84,0,0
BNB.V,D,20190104,000000,5.84,6.01,5.78,5.95,0,0
BNB.V,D,20190105,000000,5.95,6.12,5.94,5.99,0,0
BNB.V,D,20190106,000000,5.99,6.38,5.96,6.23,0,0
BNB.V,D,20190107,000000,6.23,6.32,6.12,6.21,0,0
BNB.V,D,20190108,000000,6.21,6.82,6.06,6.65,0,0
BNB.V,D,20190109,000000,6.65,6.86,6.39,6.46,0,0
BNB.V,D,20190110,000000,6.46,6.59,5.7,5.81,0,0
BNB.V,D,20190111,000000,5.81,6.11,5.74,5.88,0,0
BNB.V,D,20190112,000000,5.88,5.98,5.82,5.88,0,0
BNB.V,D,20190113,000000,5.88,5.9,5.4,5.44,0,0
BNB.V,D,20190114,000000,5.44,5.99,5.43,5.9,0,0
BNB.V,D,20190115,000000,5.9,6.57,5.7,5.81,0,0
BNB.V,D,20190116,000000,5.81,6.18,5.79,6.08,0,0
BNB.V,D,20190117,000000,6.08,6.5,5.99,6.5,0,0
BNB.V,D,20190118,000000,6.5,6.6,6.26,6.47,0,0
BNB.V,D,20190119,000000,6.47,6.64,6.26,6.57,0,0
BNB.V,D,20190120,000000,6.57,6.63,6.27,6.45,0,0
BNB.V,D,20190121,000000,6.45,6.82,6.32,6.46,0,0
BNB.V,D,20190122,000000,6.46,6.51,6.29,6.48,0,0
BNB.V,D,20190123,000000,6.48,6.53,6.37,6.46,0,0
BNB.V,D,20190124,000000,6.46,6.5,6.42,6.45,0,0
BNB.V,D,20190125,000000,6.45,6.74,6.43,6.63,0,0
BNB.V,D,20190126,000000,6.63,6.97,6.63,6.95,0,0
BNB.V,D,20190127,000000,6.95,7.21,6.8,7.06,0,0
BNB.V,D,20190128,000000,7.06,7.09,6.04,6.25,0,0
BNB.V,D,20190129,000000,6.25,6.37,6,6.37,0,0
BNB.V,D,20190130,000000,6.37,6.84,6.3,6.6,0,0
BNB.V,D,20190131,000000,6.6,7,6,6.69,0,0
BNB.V,D,20190201,000000,6.69,7.29,4.46,6.66,0,0
BNB.V,D,20190202,000000,6.66,6.66,4.46,6.63,0,0
BNB.V,D,20190203,000000,6.63,6.78,5.18,5.18,0,0
BNB.V,D,20190204,000000,5.18,7.29,5.18,6.89,0,0
BNB.V,D,20190205,000000,6.89,7.87,5.52,7.87,0,0
BNB.V,D,20190206,000000,7.87,8.29,7.24,7.57,0,0
BNB.V,D,20190207,000000,7.57,8.35,7.57,7.87,0,0
BNB.V,D,20190208,000000,7.87,8.34,7.76,7.89,0,0
BNB.V,D,20190209,000000,7.89,8.49,7.88,7.89,0,0
BNB.V,D,20190210,000000,7.89,13.38,7.89,9.89,0,0
BNB.V,D,20190211,000000,9.89,11.94,9.57,9.96,0,0
BNB.V,D,20190212,000000,9.96,10.17,9.24,9.73,0,0
BNB.V,D,20190213,000000,9.73,9.74,9.41,9.43,0,0
BNB.V,D,20190214,000000,9.43,9.52,8.8,9.38,0,0
BNB.V,D,20190215,000000,9.38,11.04,9.04,9.35,0,0
BNB.V,D,20190216,000000,9.35,10.94,9.15,10.44,0,0
BNB.V,D,20190217,000000,10.44,10.44,8.96,9.21,0,0
BNB.V,D,20190218,000000,9.62,10.45,9.18,9.72,0,0
BNB.V,D,20190219,000000,9.72,12.63,9.64,10.85,0,0
BNB.V,D,20190220,000000,10.85,12.67,10.55,11.02,0,0
BNB.V,D,20190221,000000,11.02,12.06,10.4,11.2,0,0
BNB.V,D,20190222,000000,11.2,11.2,11.03,11.2,0,0
BNB.V,D,20190223,000000,11.2,12.01,11.04,11.18,0,0
BNB.V,D,20190224,000000,11.18,12,9.79,10.55,0,0
BNB.V,D,20190225,000000,10.55,12.01,10.34,11.52,0,0
BNB.V,D,20190226,000000,11.52,11.52,10.33,10.4,0,0
BNB.V,D,20190227,000000,10.4,10.4,9.36,10.22,0,0
BNB.V,D,20190228,000000,10.24,10.43,10.21,10.43,0,0
BNB.V,D,20190301,000000,10.4,13.06,10.3,10.3,0,0
BNB.V,D,20190302,000000,10.3,12.5,10.3,12.07,0,0
BNB.V,D,20190303,000000,12.07,12.48,11.57,11.81,0,0
BNB.V,D,20190304,000000,11.81,12.5,11.52,11.99,0,0
BNB.V,D,20190305,000000,11.99,16.81,11.59,13.71,0,0
BNB.V,D,20190306,000000,13.71,17.33,13.05,14.18,0,0
BNB.V,D,20190307,000000,14.18,22.07,14.18,18.6,0,0
BNB.V,D,20190308,000000,18.6,19.79,13.62,14.03,0,0
BNB.V,D,20190309,000000,14.03,14.93,13.89,14.35,0,0
BNB.V,D,20190310,000000,14.35,14.51,13.88,14.45,0,0
BNB.V,D,20190311,000000,14.45,14.88,14.07,14.35,0,0
BNB.V,D,20190312,000000,14.35,15.55,14,15.48,0,0
BNB.V,D,20190313,000000,15.48,15.52,14.99,15.07,0,0
BNB.V,D,20190314,000000,15.18,15.19,14.6,15.02,0,0
BNB.V,D,20190315,000000,14.97,15.32,14.84,15.12,0,0
BNB.V,D,20190316,000000,15.12,15.91,14.9,15.85,0,0
BNB.V,D,20190317,000000,15.85,15.92,15.46,15.74,0,0
BNB.V,D,20190318,000000,15.74,15.83,15.3,15.65,0,0
BNB.V,D,20190319,000000,15.65,15.91,15.04,15.41,0,0
BNB.V,D,20190320,000000,15.41,15.63,15.05,15.2,0,0
BNB.V,D,20190321,000000,15.2,15.43,14.03,14.53,0,0
BNB.V,D,20190322,000000,14.53,15.31,14.29,15.28,0,0
BNB.V,D,20190323,000000,15.28,15.46,14.98,15.06,0,0
BNB.V,D,20190324,000000,15.06,17.54,14.71,17.21,0,0
BNB.V,D,20190325,000000,17.21,17.36,16.13,16.63,0,0
BNB.V,D,20190326,000000,16.63,16.85,15.61,16.32,0,0
BNB.V,D,20190327,000000,16.32,16.88,15.91,16.7,0,0
BNB.V,D,20190328,000000,16.67,16.77,16.44,16.63,0,0
BNB.V,D,20190329,000000,16.63,16.86,16.42,16.61,0,0
BNB.V,D,20190330,000000,16.61,16.94,16.07,16.83,0,0
BNB.V,D,20190331,000000,16.83,17.83,16.81,17.6,0,0
BNB.V,D,20190401,000000,17.6,18.33,17.4,17.82,0,0
BNB.V,D,20190402,000000,17.82,20.14,17.61,19.83,0,0
BNB.V,D,20190403,000000,19.82,20.25,18.94,19.01,0,0
BNB.V,D,20190404,000000,19.07,19.6,18.19,19.16,0,0
BNB.V,D,20190405,000000,19.16,19.61,18.93,19.48,0,0
BNB.V,D,20190406,000000,19.49,19.58,18.86,18.94,0,0
BNB.V,D,20190407,000000,18.94,19.33,18.87,19.14,0,0
BNB.V,D,20190408,000000,19.14,19.28,18.1,18.21,0,0
BNB.V,D,20190409,000000,18.22,18.78,17.35,18.7,0,0
BNB.V,D,20190410,000000,18.71,18.84,17.74,18.14,0,0
BNB.V,D,20190411,000000,18.13,18.3,16.46,17.45,0,0
BNB.V,D,20190412,000000,17.46,18.7,16.77,18.32,0,0
BNB.V,D,20190413,000000,18.32,18.73,18.15,18.72,0,0
BNB.V,D,20190414,000000,18.69,20.08,18.55,20,0,0
BNB.V,D,20190415,000000,19.9,20.08,18.75,19.1,0,0
BNB.V,D,20190416,000000,19.1,19.86,18.74,19.85,0,0
BNB.V,D,20190417,000000,19.84,19.93,19.38,19.61,0,0
BNB.V,D,20190418,000000,19.61,22.07,19.54,21.87,0,0
BNB.V,D,20190419,000000,21.87,24.88,21.28,23.86,0,0
BNB.V,D,20190420,000000,23.87,25.72,23.85,24.48,0,0
BNB.V,D,20190421,000000,24.48,25.1,22.75,23.8,0,0
BNB.V,D,20190422,000000,23.8,24.83,23.26,23.83,0,0
BNB.V,D,20190423,000000,23.82,24.83,23,23.08,0,0
BNB.V,D,20190424,000000,23.08,23.33,21.12,22.63,0,0
BNB.V,D,20190425,000000,22.62,23.6,22.32,22.48,0,0
BNB.V,D,20190426,000000,22.44,23.52,21.3,22.71,0,0
BNB.V,D,20190427,000000,22.71,22.92,22.09,22.45,0,0
BNB.V,D,20190428,000000,22.45,23.19,22.14,22.84,0,0
BNB.V,D,20190429,000000,22.84,22.96,21.22,21.65,0,0
BNB.V,D,20190430,000000,21.65,22.61,21.35,22.1,0,0
BNB.V,D,20190501,000000,22.1,22.48,21.6,21.85,0,0
BNB.V,D,20190502,000000,21.84,24.08,21.83,23.39,0,0
BNB.V,D,20190503,000000,23.41,24.1,23.03,23.76,0,0
BNB.V,D,20190504,000000,23.75,23.94,22.31,22.97,0,0
BNB.V,D,20190505,000000,22.98,23.19,22.71,22.99,0,0
BNB.V,D,20190506,000000,22.98,23.1,21.65,22.35,0,0
BNB.V,D,20190507,000000,22.35,22.62,21.46,21.82,0,0
BNB.V,D,20190508,000000,21.82,21.94,19.47,20.72,0,0
BNB.V,D,20190509,000000,20.72,22.77,16.8,18.98,0,0
BNB.V,D,20190510,000000,18.98,20.03,18.28,19.37,0,0
BNB.V,D,20190511,000000,19.33,22.11,18.82,21.35,0,0
BNB.V,D,20190512,000000,21.35,21.71,20.24,20.92,0,0
BNB.V,D,20190513,000000,20.93,24.42,20.52,23.93,0,0
BNB.V,D,20190514,000000,23.93,24.62,22.66,23.37,0,0
BNB.V,D,20190515,000000,23.38,35.28,23.27,27.09,0,0
BNB.V,D,20190516,000000,27.09,27.75,25.08,26.12,0,0
BNB.V,D,20190517,000000,26.1,26.7,22.85,25.28,0,0
BNB.V,D,20190518,000000,25.3,28.86,25.14,28.67,0,0
BNB.V,D,20190519,000000,28.83,30.09,28.63,29.29,0,0
BNB.V,D,20190520,000000,29.29,29.61,27.7,29.41,0,0
BNB.V,D,20190521,000000,29.4,32.91,28.2,32.32,0,0
BNB.V,D,20190522,000000,32.32,32.7,30.94,31.3,0,0
BNB.V,D,20190523,000000,31.3,32.46,30.21,31.92,0,0
BNB.V,D,20190524,000000,31.98,34.85,31.32,34.1,0,0
BNB.V,D,20190525,000000,34.1,37.53,33.77,35.18,0,0
BNB.V,D,20190526,000000,35.18,35.34,32.43,34.48,0,0
BNB.V,D,20190527,000000,34.48,35.46,33.12,33.99,0,0
BNB.V,D,20190528,000000,33.94,34.86,32.52,33.16,0,0
BNB.V,D,20190529,000000,33.17,34.23,30.99,33.51,0,0
BNB.V,D,20190530,000000,33.51,35.04,30.1,31.35,0,0
BNB.V,D,20190531,000000,31.36,32.57,30.61,32.53,0,0
BNB.V,D,20190601,000000,32.52,34.26,32.33,32.96,0,0
BNB.V,D,20190602,000000,32.96,33.83,32.5,33.14,0,0
BNB.V,D,20190603,000000,33.12,33.31,31.18,31.69,0,0
BNB.V,D,20190604,000000,31.7,31.76,28.8,28.89,0,0
BNB.V,D,20190605,000000,28.73,30.67,28.6,30.34,0,0
BNB.V,D,20190606,000000,30.33,32.03,29.75,30.75,0,0
BNB.V,D,20190607,000000,30.75,32.06,30.66,31.38,0,0
BNB.V,D,20190608,000000,31.36,32.38,31.28,31.78,0,0
BNB.V,D,20190609,000000,31.79,31.99,30.18,30.33,0,0
BNB.V,D,20190610,000000,30.32,32.09,29.82,31.85,0,0
BNB.V,D,20190611,000000,31.86,32.25,31.09,31.89,0,0
BNB.V,D,20190612,000000,31.9,35.17,31.89,34.92,0,0
BNB.V,D,20190613,000000,34.93,36.44,34.25,34.81,0,0
BNB.V,D,20190614,000000,34.82,35.43,29.97,32.38,0,0
BNB.V,D,20190615,000000,32.38,34.11,31.84,32.93,0,0
BNB.V,D,20190616,000000,32.97,33.49,31.76,32.37,0,0
BNB.V,D,20190617,000000,32.37,34.59,32.12,33.64,0,0
BNB.V,D,20190618,000000,33.64,35.19,33.64,34.16,0,0
BNB.V,D,20190619,000000,34.16,35.58,33.85,35.56,0,0
BNB.V,D,20190620,000000,35.56,37.09,34.54,36.42,0,0
BNB.V,D,20190621,000000,36.43,38.37,36.4,38.36,0,0
BNB.V,D,20190622,000000,38.36,39.65,37.22,38.21,0,0
BNB.V,D,20190623,000000,38.21,38.47,36.66,37.14,0,0
BNB.V,D,20190624,000000,37.13,37.94,35.87,37.1,0,0
BNB.V,D,20190625,000000,37.1,37.49,35.55,36.34,0,0
BNB.V,D,20190626,000000,36.32,37.77,33.95,34.89,0,0
BNB.V,D,20190627,000000,34.92,35.91,32.6,33.37,0,0
BNB.V,D,20190628,000000,33.35,34.67,33.23,34.16,0,0
BNB.V,D,20190629,000000,34.19,35.76,32.88,35.24,0,0
BNB.V,D,20190630,000000,35.23,35.72,32.39,32.62,0,0
BNB.V,D,20190701,000000,32.62,33.84,31.1,32.97,0,0
BNB.V,D,20190702,000000,32.93,33.86,30.41,31.61,0,0
BNB.V,D,20190703,000000,31.6,33.21,31.47,32.31,0,0
BNB.V,D,20190704,000000,32.31,34.58,32.26,33.38,0,0
BNB.V,D,20190705,000000,33.37,33.98,32.34,32.85,0,0
BNB.V,D,20190706,000000,32.86,33.47,32.44,32.64,0,0
BNB.V,D,20190707,000000,32.64,33.59,32.33,33.22,0,0
BNB.V,D,20190708,000000,33.22,34.55,32.8,33.27,0,0
BNB.V,D,20190709,000000,33.28,33.96,32.23,32.62,0,0
BNB.V,D,20190710,000000,32.66,32.93,30.37,31.11,0,0
BNB.V,D,20190711,000000,31.11,31.75,28.38,29.07,0,0
BNB.V,D,20190712,000000,29.07,32.71,28.97,32.06,0,0
BNB.V,D,20190713,000000,32.03,32.62,30.18,30.58,0,0
BNB.V,D,20190714,000000,30.58,31.53,28.44,29.56,0,0
BNB.V,D,20190715,000000,29.57,29.61,26.39,28.19,0,0
BNB.V,D,20190716,000000,28.16,29.57,25.21,25.76,0,0
BNB.V,D,20190717,000000,25.79,28.14,24.21,27.75,0,0
BNB.V,D,20190718,000000,27.74,29.54,26.89,29.16,0,0
BNB.V,D,20190719,000000,29.16,30.04,28.39,29.15,0,0
BNB.V,D,20190720,000000,29.16,31.5,28.91,31.42,0,0
BNB.V,D,20190721,000000,31.42,31.58,29.36,30.19,0,0
BNB.V,D,20190722,000000,30.21,32.48,29.66,30.6,0,0
BNB.V,D,20190723,000000,30.6,30.85,28.98,29.89,0,0
BNB.V,D,20190724,000000,29.89,30.1,27.7,28.97,0,0
BNB.V,D,20190725,000000,28.97,29.74,28.58,28.98,0,0
BNB.V,D,20190726,000000,28.98,29.15,28.26,28.94,0,0
BNB.V,D,20190727,000000,28.94,29.65,27.16,27.74,0,0
BNB.V,D,20190728,000000,27.74,27.81,27.27,27.55,0,0
BNB.V,D,20190729,000000,27.55,27.99,26.48,27.04,0,0
BNB.V,D,20190730,000000,27.04,27.23,26.2,26.81,0,0
BNB.V,D,20190731,000000,26.82,27.92,26.73,27.67,0,0
BNB.V,D,20190801,000000,27.66,28.78,27.5,28.65,0,0
BNB.V,D,20190802,000000,28.67,28.87,27.6,27.65,0,0
BNB.V,D,20190803,000000,27.65,28.33,27.53,27.68,0,0
BNB.V,D,20190804,000000,27.69,27.9,27.12,27.39,0,0
BNB.V,D,20190805,000000,27.39,28.38,27.37,27.77,0,0
BNB.V,D,20190806,000000,27.77,28.35,27.18,27.42,0,0
BNB.V,D,20190807,000000,27.41,29.96,27.28,29.74,0,0
BNB.V,D,20190808,000000,29.75,31.74,29.16,31.34,0,0
BNB.V,D,20190809,000000,31.38,31.78,29.62,29.87,0,0
BNB.V,D,20190810,000000,29.87,30.02,28.84,29.57,0,0
BNB.V,D,20190811,000000,29.57,30.41,29.32,30.07,0,0
BNB.V,D,20190812,000000,30.07,30.59,29.8,30.28,0,0
BNB.V,D,20190813,000000,30.28,30.39,29.1,29.27,0,0
BNB.V,D,20190814,000000,29.26,29.44,26.79,27.16,0,0
BNB.V,D,20190815,000000,27.15,28.21,24.31,28.1,0,0
BNB.V,D,20190816,000000,28.1,28.21,26.74,27.73,0,0
BNB.V,D,20190817,000000,27.72,27.96,26.98,27.26,0,0
BNB.V,D,20190818,000000,27.27,28.14,27.06,28.12,0,0
BNB.V,D,20190819,000000,28.13,29.25,27.75,28.49,0,0
BNB.V,D,20190820,000000,28.49,28.95,27.62,28.1,0,0
BNB.V,D,20190821,000000,28.11,28.2,26.25,26.73,0,0
BNB.V,D,20190822,000000,26.71,27.33,26.23,26.99,0,0
BNB.V,D,20190823,000000,26.99,27.35,26.82,27.14,0,0
BNB.V,D,20190824,000000,27.14,27.21,26.05,26.21,0,0
BNB.V,D,20190825,000000,26.2,26.54,25.57,25.78,0,0
BNB.V,D,20190826,000000,25.77,27.17,25.69,25.98,0,0
BNB.V,D,20190827,000000,25.99,26.17,24.64,25.45,0,0
BNB.V,D,20190828,000000,25.46,26.14,23.22,23.61,0,0
BNB.V,D,20190829,000000,23.61,23.67,21.3,21.99,0,0
BNB.V,D,20190830,000000,21.99,22.57,21.51,22.2,0,0
BNB.V,D,20190831,000000,22.2,22.4,21.08,21.57,0,0
BNB.V,D,20190901,000000,21.58,21.76,21.07,21.35,0,0
BNB.V,D,20190902,000000,21.36,22.84,21.11,22.63,0,0
BNB.V,D,20190903,000000,22.64,22.96,22.28,22.56,0,0
BNB.V,D,20190904,000000,22.56,22.63,21.53,21.74,0,0
BNB.V,D,20190905,000000,21.74,23.56,21.38,23.02,0,0
BNB.V,D,20190906,000000,23.02,23.51,21.71,22.19,0,0
BNB.V,D,20190907,000000,22.2,22.7,21.96,22.55,0,0
BNB.V,D,20190908,000000,22.54,22.79,22.17,22.44,0,0
BNB.V,D,20190909,000000,22.45,22.53,21.83,22.18,0,0
BNB.V,D,20190910,000000,22.17,22.33,21.5,21.82,0,0
BNB.V,D,20190911,000000,21.83,22.02,20.58,20.84,0,0
BNB.V,D,20190912,000000,20.83,20.94,19.73,20.84,0,0
BNB.V,D,20190913,000000,20.82,21.26,20.45,20.68,0,0
BNB.V,D,20190914,000000,20.69,21.15,20.62,21.1,0,0
BNB.V,D,20190915,000000,21.11,21.21,20.59,20.61,0,0
BNB.V,D,20190916,000000,20.61,20.88,19.92,20.25,0,0
BNB.V,D,20190917,000000,20.25,21.4,20.09,21.12,0,0
BNB.V,D,20190918,000000,21.11,24.21,20.93,21.97,0,0
BNB.V,D,20190919,000000,21.97,22.46,20.44,21.42,0,0
BNB.V,D,20190920,000000,21.42,21.7,20.94,21.24,0,0
BNB.V,D,20190921,000000,21.24,21.49,20.82,20.92,0,0
BNB.V,D,20190922,000000,20.92,21.06,20.05,20.34,0,0
BNB.V,D,20190923,000000,20.35,20.48,19.23,19.43,0,0
BNB.V,D,20190924,000000,19.41,19.46,15.32,16.4,0,0
BNB.V,D,20190925,000000,16.39,16.56,14.96,16.31,0,0
BNB.V,D,20190926,000000,16.31,16.49,14.45,15.2,0,0
BNB.V,D,20190927,000000,15.2,15.7,14.32,15.58,0,0
BNB.V,D,20190928,000000,15.58,15.89,15.38,15.78,0,0
BNB.V,D,20190929,000000,15.78,15.95,14.94,15.27,0,0
BNB.V,D,20190930,000000,15.27,15.91,15.27,15.68,0,0
BNB.V,D,20191001,000000,15.67,16.32,15.65,15.83,0,0
BNB.V,D,20191002,000000,15.82,15.93,15.55,15.69,0,0
BNB.V,D,20191003,000000,15.69,16.01,15.31,15.58,0,0
BNB.V,D,20191004,000000,15.58,15.88,15.25,15.72,0,0
BNB.V,D,20191005,000000,15.72,15.88,15.43,15.73,0,0
BNB.V,D,20191006,000000,15.72,15.85,15.01,15.17,0,0
BNB.V,D,20191007,000000,15.17,16.1,14.93,15.93,0,0
BNB.V,D,20191008,000000,15.93,16.37,15.84,15.96,0,0
BNB.V,D,20191009,000000,15.95,18.03,15.92,17.91,0,0
BNB.V,D,20191010,000000,17.93,18.03,17.13,17.4,0,0
BNB.V,D,20191011,000000,17.41,17.86,16.69,16.79,0,0
BNB.V,D,20191012,000000,16.78,17.58,16.58,17.43,0,0
BNB.V,D,20191013,000000,17.44,18.44,17.2,18.3,0,0
BNB.V,D,20191014,000000,18.27,18.49,17.96,18.21,0,0
BNB.V,D,20191015,000000,18.21,19.17,18.13,18.29,0,0
BNB.V,D,20191016,000000,18.29,18.65,17.42,17.61,0,0
BNB.V,D,20191017,000000,17.61,18.91,17.61,18.49,0,0
BNB.V,D,20191018,000000,18.5,18.84,17.77,18.26,0,0
BNB.V,D,20191019,000000,18.26,18.53,17.96,18.15,0,0
BNB.V,D,20191020,000000,18.15,18.66,17.79,18.33,0,0
BNB.V,D,20191021,000000,18.33,18.55,17.99,18.33,0,0
BNB.V,D,20191022,000000,18.33,18.87,18.15,18.31,0,0
BNB.V,D,20191023,000000,18.32,18.41,16.2,16.64,0,0
BNB.V,D,20191024,000000,16.64,17.07,16.37,16.92,0,0
BNB.V,D,20191025,000000,16.92,19.17,16.84,18.78,0,0
BNB.V,D,20191026,000000,18.78,19.9,18.06,18.5,0,0
BNB.V,D,20191027,000000,18.51,19.65,18.37,19.5,0,0
BNB.V,D,20191028,000000,19.5,21,19.16,20.34,0,0
BNB.V,D,20191029,000000,20.33,21.24,19.81,20.81,0,0
BNB.V,D,20191030,000000,20.8,20.87,19.17,19.98,0,0
BNB.V,D,20191031,000000,19.95,20.44,19.44,19.84,0,0
BNB.V,D,20191101,000000,19.84,20.09,19.73,20.04,0,0
BNB.V,D,20191102,000000,20.02,20.39,19.99,20.24,0,0
BNB.V,D,20191103,000000,20.25,20.49,19.87,20.18,0,0
BNB.V,D,20191104,000000,20.19,20.92,20.11,20.69,0,0
BNB.V,D,20191105,000000,20.69,20.99,20.37,20.75,0,0
BNB.V,D,20191106,000000,20.74,20.93,20.47,20.64,0,0
BNB.V,D,20191107,000000,20.63,20.85,19.95,20.38,0,0
BNB.V,D,20191108,000000,20.38,20.52,19.21,19.64,0,0
BNB.V,D,20191109,000000,19.64,19.96,19.47,19.78,0,0
BNB.V,D,20191110,000000,19.79,20.66,19.74,20.49,0,0
BNB.V,D,20191111,000000,20.49,20.66,19.76,20.15,0,0
BNB.V,D,20191112,000000,20.14,20.8,19.96,20.68,0,0
BNB.V,D,20191113,000000,20.68,21.77,20.46,21.31,0,0
BNB.V,D,20191114,000000,21.31,21.67,20.75,21.23,0,0
BNB.V,D,20191115,000000,21.23,21.32,19.98,20.35,0,0
BNB.V,D,20191116,000000,20.35,20.58,19.95,20.21,0,0
BNB.V,D,20191117,000000,20.2,20.48,19.86,20.15,0,0
BNB.V,D,20191118,000000,20.15,20.24,18.64,19.17,0,0
BNB.V,D,20191119,000000,19.17,19.27,18.11,18.54,0,0
BNB.V,D,20191120,000000,18.55,18.76,17.82,18.16,0,0
BNB.V,D,20191121,000000,18.16,18.21,16.25,16.8,0,0
BNB.V,D,20191122,000000,16.81,17.31,14.41,15.38,0,0
BNB.V,D,20191123,000000,15.38,17.15,15.02,16.17,0,0
BNB.V,D,20191124,000000,16.17,16.38,15.1,15.58,0,0
BNB.V,D,20191125,000000,15.57,15.8,14.01,15.38,0,0
BNB.V,D,20191126,000000,15.38,15.9,15.05,15.36,0,0
BNB.V,D,20191127,000000,15.36,16.28,14.66,15.78,0,0
BNB.V,D,20191128,000000,15.79,16.21,15.55,15.56,0,0
BNB.V,D,20191129,000000,15.57,16.34,15.49,16.13,0,0
BNB.V,D,20191130,000000,16.14,16.33,15.51,15.69,0,0
BNB.V,D,20191201,000000,15.69,15.81,15,15.53,0,0
BNB.V,D,20191202,000000,15.54,15.66,15.08,15.27,0,0
BNB.V,D,20191203,000000,15.26,15.48,15.09,15.31,0,0
BNB.V,D,20191204,000000,15.31,15.92,14.9,15.17,0,0
BNB.V,D,20191205,000000,15.17,15.75,14.85,15.66,0,0
BNB.V,D,20191206,000000,15.66,15.77,15.34,15.7,0,0
BNB.V,D,20191207,000000,15.7,15.88,15.56,15.67,0,0
BNB.V,D,20191208,000000,15.67,15.8,15.4,15.71,0,0
BNB.V,D,20191209,000000,15.71,15.87,15.21,15.34,0,0
BNB.V,D,20191210,000000,15.35,15.37,14.62,14.8,0,0
BNB.V,D,20191211,000000,14.8,15.03,14.65,14.72,0,0
BNB.V,D,20191212,000000,14.72,14.9,14.4,14.75,0,0
BNB.V,D,20191213,000000,14.75,15,14.68,14.8,0,0
BNB.V,D,20191214,000000,14.8,15.01,14.25,14.42,0,0
BNB.V,D,20191215,000000,14.42,14.52,14.17,14.42,0,0
BNB.V,D,20191216,000000,14.42,14.46,13.32,13.53,0,0
BNB.V,D,20191217,000000,13.53,13.54,12.19,12.36,0,0
BNB.V,D,20191218,000000,12.35,13.65,12.16,13.65,0,0
BNB.V,D,20191219,000000,13.76,13.8,12.97,13.28,0,0
BNB.V,D,20191220,000000,13.27,13.56,13.11,13.53,0,0
BNB.V,D,20191221,000000,13.53,13.56,13.29,13.35,0,0
BNB.V,D,20191222,000000,13.35,13.78,13.32,13.73,0,0
BNB.V,D,20191223,000000,13.73,13.96,13.24,13.27,0,0
BNB.V,D,20191224,000000,13.26,13.6,13.25,13.39,0,0
BNB.V,D,20191225,000000,13.39,13.39,12.91,13.13,0,0
BNB.V,D,20191226,000000,13.12,13.58,13.05,13.17,0,0
BNB.V,D,20191227,000000,13.17,13.3,12.91,13.28,0,0
BNB.V,D,20191228,000000,13.28,13.73,13.25,13.66,0,0
BNB.V,D,20191229,000000,13.65,14.24,13.59,14.08,0,0
BNB.V,D,20191230,000000,14.08,14.4,13.79,13.91,0,0
BNB.V,D,20191231,000000,13.91,14.06,13.62,13.68,0,0
BNB.V,D,20200101,000000,13.69,13.89,13.67,13.71,0,0
BNB.V,D,20200102,000000,13.69,13.75,12.99,13.03,0,0
BNB.V,D,20200103,000000,13.03,13.76,12.98,13.58,0,0
BNB.V,D,20200104,000000,13.58,13.87,13.52,13.79,0,0
BNB.V,D,20200105,000000,13.78,14.32,13.75,14,0,0
BNB.V,D,20200106,000000,14.01,14.9,13.95,14.85,0,0
BNB.V,D,20200107,000000,14.83,15.15,14.46,14.88,0,0
BNB.V,D,20200108,000000,14.88,15.33,14.19,14.57,0,0
BNB.V,D,20200109,000000,14.57,14.65,14.2,14.33,0,0
BNB.V,D,20200110,000000,14.33,15.02,14.11,14.97,0,0
BNB.V,D,20200111,000000,14.97,15.33,14.72,15.02,0,0
BNB.V,D,20200112,000000,15.02,15.45,14.82,15.23,0,0
BNB.V,D,20200113,000000,15.24,15.37,14.91,15.15,0,0
BNB.V,D,20200114,000000,15.15,16.94,15.15,16.53,0,0
BNB.V,D,20200115,000000,16.49,18.12,16.27,17.8,0,0
BNB.V,D,20200116,000000,17.8,17.82,16.32,16.86,0,0
BNB.V,D,20200117,000000,16.86,18.45,16.86,18.21,0,0
BNB.V,D,20200118,000000,18.21,18.32,17.46,17.9,0,0
BNB.V,D,20200119,000000,17.9,18.47,16.6,17.22,0,0
BNB.V,D,20200120,000000,17.21,17.54,16.81,17.33,0,0
BNB.V,D,20200121,000000,17.31,18.18,17.21,17.87,0,0
BNB.V,D,20200122,000000,17.87,18.37,17.55,17.64,0,0
BNB.V,D,20200123,000000,17.64,17.81,16.72,17.03,0,0
BNB.V,D,20200124,000000,17.04,17.4,16.42,17.11,0,0
BNB.V,D,20200125,000000,17.12,17.15,16.55,16.94,0,0
BNB.V,D,20200126,000000,16.94,17.46,16.83,17.35,0,0
BNB.V,D,20200127,000000,17.37,17.86,17.21,17.68,0,0
BNB.V,D,20200128,000000,17.68,17.96,17.45,17.76,0,0
BNB.V,D,20200129,000000,17.77,18.42,17.69,17.96,0,0
BNB.V,D,20200130,000000,17.96,18.63,17.66,18.6,0,0
BNB.V,D,20200131,000000,18.6,18.84,17.82,18.2,0,0
BNB.V,D,20200201,000000,18.21,18.58,18.02,18.16,0,0
BNB.V,D,20200202,000000,18.15,18.78,17.84,18.52,0,0
BNB.V,D,20200203,000000,18.52,18.87,18.18,18.46,0,0
BNB.V,D,20200204,000000,18.45,18.61,17.86,18.18,0,0
BNB.V,D,20200205,000000,18.18,19.45,18.08,19.21,0,0
BNB.V,D,20200206,000000,19.23,20.67,19.02,20.53,0,0
BNB.V,D,20200207,000000,20.53,22.47,20.53,22.05,0,0
BNB.V,D,20200208,000000,22.05,22.18,20.89,21.82,0,0
BNB.V,D,20200209,000000,21.82,24.11,21.77,23.85,0,0
BNB.V,D,20200210,000000,23.85,25.8,23.31,25.08,0,0
BNB.V,D,20200211,000000,25.08,25.78,24.18,25.59,0,0
BNB.V,D,20200212,000000,25.59,26.93,25.42,26.77,0,0
BNB.V,D,20200213,000000,26.77,27.21,24.62,25.34,0,0
BNB.V,D,20200214,000000,25.35,26.55,25,26.36,0,0
BNB.V,D,20200215,000000,26.35,26.48,23.55,24.23,0,0
BNB.V,D,20200216,000000,24.23,25.27,21.82,23.21,0,0
BNB.V,D,20200217,000000,23.25,23.7,21.62,23.2,0,0
BNB.V,D,20200218,000000,23.22,24.53,22.85,24.04,0,0
BNB.V,D,20200219,000000,24.04,24.49,21.84,22.61,0,0
BNB.V,D,20200220,000000,22.61,22.7,21.01,22.25,0,0
BNB.V,D,20200221,000000,22.26,22.9,21.83,22,0,0
BNB.V,D,20200222,000000,22,22.34,21.57,22.05,0,0
BNB.V,D,20200223,000000,22.03,23.06,21.98,22.86,0,0
BNB.V,D,20200224,000000,22.87,23.32,21.51,21.93,0,0
BNB.V,D,20200225,000000,21.92,22.12,20.19,20.62,0,0
BNB.V,D,20200226,000000,20.64,20.64,17.99,18.49,0,0
BNB.V,D,20200227,000000,18.47,19.68,17.71,19.19,0,0
BNB.V,D,20200228,000000,19.19,19.77,17.99,19.2,0,0
BNB.V,D,20200229,000000,19.22,20.3,18.88,19.72,0,0
BNB.V,D,20200301,000000,19.7,19.93,18.54,19.02,0,0
BNB.V,D,20200302,000000,19.03,20.17,18.83,19.92,0,0
BNB.V,D,20200303,000000,19.91,20.43,19.36,19.6,0,0
BNB.V,D,20200304,000000,19.6,20.28,19.57,19.98,0,0
BNB.V,D,20200305,000000,19.98,21.51,19.98,20.86,0,0
BNB.V,D,20200306,000000,20.88,21.81,20.66,21.33,0,0
BNB.V,D,20200307,000000,21.33,21.52,19.84,20.24,0,0
BNB.V,D,20200308,000000,20.25,20.35,17.59,17.59,0,0
BNB.V,D,20200309,000000,17.6,17.9,15.66,16.53,0,0
BNB.V,D,20200310,000000,16.53,17.5,16.38,17.13,0,0
BNB.V,D,20200311,000000,17.12,17.17,15.5,16.56,0,0
BNB.V,D,20200312,000000,16.53,16.67,10.76,11.3,0,0
BNB.V,D,20200313,000000,11.28,11.6,6.685,10.96,0,0
BNB.V,D,20200314,000000,10.96,11.37,10.26,10.41,0,0
BNB.V,D,20200315,000000,10.4,11.28,9.914,10.39,0,0
BNB.V,D,20200316,000000,10.39,10.53,8.45,9.215,0,0
BNB.V,D,20200317,000000,9.217,10.56,9.175,10.4,0,0
BNB.V,D,20200318,000000,10.39,10.48,9.703,10.37,0,0
BNB.V,D,20200319,000000,10.37,12.7,10.27,12.47,0,0
BNB.V,D,20200320,000000,12.48,13.7,10.3,11.85,0,0
BNB.V,D,20200321,000000,11.82,12.43,11.28,12.04,0,0
BNB.V,D,20200322,000000,12.04,12.47,11.2,11.31,0,0
BNB.V,D,20200323,000000,11.31,12.51,10.9,12.13,0,0
BNB.V,D,20200324,000000,12.13,12.61,11.97,12.45,0,0
BNB.V,D,20200325,000000,12.45,12.74,12.09,12.34,0,0
BNB.V,D,20200326,000000,12.33,13.05,12.22,12.96,0,0
BNB.V,D,20200327,000000,12.97,13.44,12.68,12.93,0,0
BNB.V,D,20200328,000000,12.94,12.94,11.72,12.18,0,0
BNB.V,D,20200329,000000,12.18,12.29,11.34,11.4,0,0
BNB.V,D,20200330,000000,11.41,12.45,11.29,12.37,0,0
BNB.V,D,20200331,000000,12.38,12.76,12.14,12.69,0,0
BNB.V,D,20200401,000000,12.68,12.7,12.02,12.42,0,0
BNB.V,D,20200402,000000,12.42,13.79,12.41,13.14,0,0
BNB.V,D,20200403,000000,13.14,13.59,12.94,13.31,0,0
BNB.V,D,20200404,000000,13.31,14.07,13.19,13.9,0,0
BNB.V,D,20200405,000000,13.91,14,13.43,13.56,0,0
BNB.V,D,20200406,000000,13.56,15.03,13.56,15.01,0,0
BNB.V,D,20200407,000000,15.01,15.49,14.25,14.57,0,0
BNB.V,D,20200408,000000,14.56,15.34,14.47,15.14,0,0
BNB.V,D,20200409,000000,15.14,15.2,14.64,15.05,0,0
BNB.V,D,20200410,000000,15.06,15.08,13.48,13.96,0,0
BNB.V,D,20200411,000000,13.96,14.08,13.53,13.73,0,0
BNB.V,D,20200412,000000,13.73,14.84,13.65,14.71,0,0
BNB.V,D,20200413,000000,14.71,14.97,13.65,14.79,0,0
BNB.V,D,20200414,000000,14.78,15.95,9.483,15.5,0,0
BNB.V,D,20200415,000000,15.5,15.86,14.8,14.94,0,0
BNB.V,D,20200416,000000,14.95,15.71,14.12,15.2,0,0
BNB.V,D,20200417,000000,15.32,15.92,9.451,15.57,0,0
BNB.V,D,20200418,000000,15.57,16.61,9.628,16.59,0,0
BNB.V,D,20200419,000000,16.58,16.8,15.88,16.26,0,0
BNB.V,D,20200420,000000,16.25,18.5,14.86,15.2,0,0
BNB.V,D,20200421,000000,15.2,15.44,14.76,15.27,0,0
BNB.V,D,20200422,000000,15.27,15.78,14.92,15.59,0,0
BNB.V,D,20200423,000000,15.59,16.42,15.42,16.25,0,0
BNB.V,D,20200424,000000,16.25,16.27,15.73,15.97,0,0
BNB.V,D,20200425,000000,15.96,17.34,15.78,16.16,0,0
BNB.V,D,20200426,000000,16.16,16.44,16.07,16.3,0,0
BNB.V,D,20200427,000000,16.3,16.56,16.07,16.21,0,0
BNB.V,D,20200428,000000,16.21,16.49,16.14,16.32,0,0
BNB.V,D,20200429,000000,16.32,17.52,16.27,17.39,0,0
BNB.V,D,20200430,000000,17.39,18.11,16.52,17.07,0,0
BNB.V,D,20200501,000000,17.08,17.85,16.89,17.54,0,0
BNB.V,D,20200502,000000,17.55,17.57,17.29,17.48,0,0
BNB.V,D,20200503,000000,17.48,17.8,16.89,17.03,0,0
BNB.V,D,20200504,000000,17.03,17.31,16.29,17.04,0,0
BNB.V,D,20200505,000000,17.04,17.3,16.61,16.82,0,0
BNB.V,D,20200506,000000,16.82,17.14,16.61,16.84,0,0
BNB.V,D,20200507,000000,16.84,17.23,16.13,17.11,0,0
BNB.V,D,20200508,000000,17.11,17.39,16.83,17.3,0,0
BNB.V,D,20200509,000000,17.29,17.49,10.14,17.01,0,0
BNB.V,D,20200510,000000,17.01,17.06,13.81,15.12,0,0
BNB.V,D,20200511,000000,15.05,15.41,9.678,15.01,0,0
BNB.V,D,20200512,000000,15.01,16.21,9.529,15.55,0,0
BNB.V,D,20200513,000000,15.62,16.32,11.75,16.29,0,0
BNB.V,D,20200514,000000,16.3,16.71,16.02,16.36,0,0
BNB.V,D,20200515,000000,16.38,16.5,15.57,15.8,0,0
BNB.V,D,20200516,000000,15.8,16.23,15.58,16.09,0,0
BNB.V,D,20200517,000000,16.08,16.5,16.01,16.38,0,0
BNB.V,D,20200518,000000,16.38,16.86,16.22,16.54,0,0
BNB.V,D,20200519,000000,16.54,17.21,16.32,17,0,0
BNB.V,D,20200520,000000,17,17.33,16.52,16.91,0,0
BNB.V,D,20200521,000000,16.91,17.05,15.89,16.13,0,0
BNB.V,D,20200522,000000,16.14,16.91,15.92,16.75,0,0
BNB.V,D,20200523,000000,16.75,16.84,16.17,16.53,0,0
BNB.V,D,20200524,000000,16.53,16.79,16.1,16.42,0,0
BNB.V,D,20200525,000000,16.42,16.47,15.91,16.31,0,0
BNB.V,D,20200526,000000,16.31,16.48,15.95,16.22,0,0
BNB.V,D,20200527,000000,16.2,16.48,16.15,16.47,0,0
BNB.V,D,20200528,000000,16.46,17.18,16.39,16.9,0,0
BNB.V,D,20200529,000000,16.9,17.35,16.85,16.95,0,0
BNB.V,D,20200530,000000,16.95,17.46,16.93,17.29,0,0
BNB.V,D,20200531,000000,17.39,18,16.98,17.2,0,0
BNB.V,D,20200601,000000,17.2,17.65,16.87,17.3,0,0
BNB.V,D,20200602,000000,17.3,18.32,16.84,17.24,0,0
BNB.V,D,20200603,000000,17.24,17.82,17.02,17.48,0,0
BNB.V,D,20200604,000000,17.48,17.73,17.1,17.5,0,0
BNB.V,D,20200605,000000,17.5,18.08,17.45,17.7,0,0
BNB.V,D,20200606,000000,17.7,17.89,17.52,17.67,0,0
BNB.V,D,20200607,000000,17.67,17.93,17.04,17.34,0,0
BNB.V,D,20200608,000000,17.34,17.7,17.21,17.3,0,0
BNB.V,D,20200609,000000,17.3,17.66,17.2,17.38,0,0
BNB.V,D,20200610,000000,17.38,17.61,17.21,17.38,0,0
BNB.V,D,20200611,000000,17.39,17.8,15.99,16.53,0,0
BNB.V,D,20200612,000000,16.53,16.79,16.09,16.56,0,0
BNB.V,D,20200613,000000,16.56,16.9,16.49,16.74,0,0
BNB.V,D,20200614,000000,16.74,16.84,16.52,16.55,0,0
BNB.V,D,20200615,000000,16.55,16.76,15.53,16.47,0,0
BNB.V,D,20200616,000000,16.47,16.63,16.18,16.41,0,0
BNB.V,D,20200617,000000,16.42,16.76,16.11,16.32,0,0
BNB.V,D,20200618,000000,16.32,16.53,15.89,16.07,0,0
BNB.V,D,20200619,000000,16.07,16.27,15.9,16,0,0
BNB.V,D,20200620,000000,16,16.05,15.7,15.96,0,0
BNB.V,D,20200621,000000,15.95,16.33,15.95,15.99,0,0
BNB.V,D,20200622,000000,15.99,16.58,15.91,16.47,0,0
BNB.V,D,20200623,000000,16.42,16.57,16.28,16.41,0,0
BNB.V,D,20200624,000000,16.41,16.66,15.95,16.05,0,0
BNB.V,D,20200625,000000,16.05,16.18,15.5,15.99,0,0
BNB.V,D,20200626,000000,15.97,16,15.53,15.77,0,0
BNB.V,D,20200627,000000,15.77,15.85,14.76,15.24,0,0
BNB.V,D,20200628,000000,15.24,15.49,14.89,15.39,0,0
BNB.V,D,20200629,000000,15.39,15.56,15.19,15.51,0,0
BNB.V,D,20200630,000000,15.5,15.6,15.24,15.44,0,0
BNB.V,D,20200701,000000,15.43,15.87,15.22,15.83,0,0
BNB.V,D,20200702,000000,15.83,15.97,15.07,15.44,0,0
BNB.V,D,20200703,000000,15.44,15.48,15.29,15.38,0,0
BNB.V,D,20200704,000000,15.38,15.64,15.24,15.53,0,0
BNB.V,D,20200705,000000,15.53,15.62,15.19,15.4,0,0
BNB.V,D,20200706,000000,15.41,16.15,15.41,16.04,0,0
BNB.V,D,20200707,000000,16.04,16.85,15.97,16.53,0,0
BNB.V,D,20200708,000000,16.53,17.41,16.53,17.28,0,0
BNB.V,D,20200709,000000,17.28,17.48,16.47,16.83,0,0
BNB.V,D,20200710,000000,16.83,17.19,16.44,17.11,0,0
BNB.V,D,20200711,000000,17.11,17.64,17.04,17.55,0,0
BNB.V,D,20200712,000000,17.55,18.59,17.48,18.23,0,0
BNB.V,D,20200713,000000,18.23,19,17.74,18.32,0,0
BNB.V,D,20200714,000000,18.32,18.73,17.82,17.97,0,0
BNB.V,D,20200715,000000,17.97,18.16,17.42,17.54,0,0
BNB.V,D,20200716,000000,17.54,17.74,16.53,17.1,0,0
BNB.V,D,20200717,000000,17.11,17.47,16.97,17.1,0,0
BNB.V,D,20200718,000000,17.06,17.33,16.88,17.22,0,0
BNB.V,D,20200719,000000,17.22,18.02,16.91,17.85,0,0
BNB.V,D,20200720,000000,17.85,18.32,17.26,17.53,0,0
BNB.V,D,20200721,000000,17.53,17.99,17.4,17.64,0,0
BNB.V,D,20200722,000000,17.63,17.83,17.46,17.73,0,0
BNB.V,D,20200723,000000,17.73,18.66,17.7,18.62,0,0
BNB.V,D,20200724,000000,18.62,19.53,18.27,19.4,0,0
BNB.V,D,20200725,000000,19.4,19.98,19.08,19.82,0,0
BNB.V,D,20200726,000000,19.83,20.28,19.36,19.52,0,0
BNB.V,D,20200727,000000,19.52,19.81,18.5,19.63,0,0
BNB.V,D,20200728,000000,19.63,20.67,19.49,20.38,0,0
BNB.V,D,20200729,000000,20.38,20.42,19.93,20.05,0,0
