<TICKER>,<PER>,<DATE>,<TIME>,<OPEN>,<HIGH>,<LOW>,<CLOSE>,<VOL>,<OPENINT>
BSV.V,D,20181127,000000,70,70,70,70,0,0
BSV.V,D,20181128,000000,70,70,70,70,0,0
BSV.V,D,20181129,000000,70,70,70,70,0,0
BSV.V,D,20181130,000000,70,70,70,70,0,0
BSV.V,D,20181201,000000,70,70,70,70,0,0
BSV.V,D,20181202,000000,70,70,70,70,0,0
BSV.V,D,20181203,000000,70,70,70,70,0,0
BSV.V,D,20181204,000000,70,70,70,70,0,0
BSV.V,D,20181205,000000,70,70,70,70,0,0
BSV.V,D,20181206,000000,70,70,70,70,0,0
BSV.V,D,20181207,000000,70,70,70,70,0,0
BSV.V,D,20181208,000000,70,70,70,70,0,0
BSV.V,D,20181209,000000,70,70,70,70,0,0
BSV.V,D,20181210,000000,70,70,70,70,0,0
BSV.V,D,20181211,000000,70,90.2,70,89.75,0,0
BSV.V,D,20181212,000000,89.75,91.96,86.02,89.29,0,0
BSV.V,D,20181213,000000,89.29,90.33,79.19,80.19,0,0
BSV.V,D,20181214,000000,80.19,82.39,70.37,73.07,0,0
BSV.V,D,20181215,000000,73.07,74.1,64.46,68.42,0,0
BSV.V,D,20181216,000000,68.42,81.41,67.71,78.74,0,0
BSV.V,D,20181217,000000,78.69,84.06,75.65,81.27,0,0
BSV.V,D,20181218,000000,81.27,86.5,78.06,84.85,0,0
BSV.V,D,20181219,000000,84.85,99.09,83.88,90.48,0,0
BSV.V,D,20181220,000000,90.48,124.29,86.27,115.7,0,0
BSV.V,D,20181221,000000,115.7,133.16,104.53,108.09,0,0
BSV.V,D,20181222,000000,108.09,117.11,104.23,108.77,0,0
BSV.V,D,20181223,000000,108.77,117.05,107.61,110.43,0,0
BSV.V,D,20181224,000000,110.47,115.98,103.17,106.43,0,0
BSV.V,D,20181225,000000,106.43,106.81,91.09,94.88,0,0
BSV.V,D,20181226,000000,94.88,101.57,92.24,96.2,0,0
BSV.V,D,20181227,000000,96.2,100.22,85.61,86.49,0,0
BSV.V,D,20181228,000000,86.49,97.26,83.67,94.52,0,0
BSV.V,D,20181229,000000,94.52,96.65,88.9,94.22,0,0
BSV.V,D,20181230,000000,94.22,95.6,86.99,91.25,0,0
BSV.V,D,20181231,000000,91.25,91.49,85.41,86.41,0,0
BSV.V,D,20190101,000000,86.41,97.41,85.05,92.79,0,0
BSV.V,D,20190102,000000,92.79,95.99,92.79,95.86,0,0
BSV.V,D,20190103,000000,95.86,98.24,87.02,90.67,0,0
BSV.V,D,20190104,000000,90.67,92.27,87,89.92,0,0
BSV.V,D,20190105,000000,89.92,93.34,87.88,89.79,0,0
BSV.V,D,20190106,000000,89.79,93.19,88.06,91.96,0,0
BSV.V,D,20190107,000000,91.96,92.84,87.27,89.41,0,0
BSV.V,D,20190108,000000,89.41,90.57,85.75,88.53,0,0
BSV.V,D,20190109,000000,88.53,89.74,86.76,87.7,0,0
BSV.V,D,20190110,000000,87.7,91.06,75.82,76.76,0,0
BSV.V,D,20190111,000000,76.76,77.23,73.67,75.07,0,0
BSV.V,D,20190112,000000,75.07,86.1,74.45,83.55,0,0
BSV.V,D,20190113,000000,83.55,88.3,75.21,76.95,0,0
BSV.V,D,20190114,000000,76.95,83.66,76.78,80.94,0,0
BSV.V,D,20190115,000000,80.94,82.69,76.7,76.94,0,0
BSV.V,D,20190116,000000,76.94,79.67,76.16,78.01,0,0
BSV.V,D,20190117,000000,78.01,78.83,76.35,78.36,0,0
BSV.V,D,20190118,000000,78.36,78.89,74.76,76.87,0,0
BSV.V,D,20190119,000000,76.87,79.77,75.28,78.51,0,0
BSV.V,D,20190120,000000,78.51,78.52,73.62,75.39,0,0
BSV.V,D,20190121,000000,75.39,77.09,73.7,74.98,0,0
BSV.V,D,20190122,000000,74.98,77.47,72.02,76.34,0,0
BSV.V,D,20190123,000000,76.34,77.43,74.98,76.04,0,0
BSV.V,D,20190124,000000,76.04,76.42,73.85,75.58,0,0
BSV.V,D,20190125,000000,75.58,77.15,73.48,75.39,0,0
BSV.V,D,20190126,000000,75.39,76.59,73,74.65,0,0
BSV.V,D,20190127,000000,74.65,74.66,70.95,71.97,0,0
BSV.V,D,20190128,000000,71.97,72.22,62.8,65.84,0,0
BSV.V,D,20190129,000000,65.84,66.54,62.16,64.41,0,0
BSV.V,D,20190130,000000,64.41,68.73,63.44,66.83,0,0
BSV.V,D,20190131,000000,66.83,68.26,63.42,65.16,0,0
BSV.V,D,20190201,000000,65.16,65.85,62.85,65.26,0,0
BSV.V,D,20190202,000000,65.26,66.47,63.36,65.84,0,0
BSV.V,D,20190203,000000,65.84,66.78,63.68,64.2,0,0
BSV.V,D,20190204,000000,64.55,64.85,62.77,63.09,0,0
BSV.V,D,20190205,000000,63.09,63.56,60.15,61.54,0,0
BSV.V,D,20190206,000000,61.54,69.97,57.82,62.79,0,0
BSV.V,D,20190207,000000,62.79,66.31,61.83,63.65,0,0
BSV.V,D,20190208,000000,63.69,70.91,62.01,66.87,0,0
BSV.V,D,20190209,000000,66.88,68.76,65.74,66.93,0,0
BSV.V,D,20190210,000000,66.93,67.37,63.63,65.46,0,0
BSV.V,D,20190211,000000,65.72,67.36,64.66,65.79,0,0
BSV.V,D,20190212,000000,65.79,67.71,64.27,65.85,0,0
BSV.V,D,20190213,000000,65.85,67.07,64.17,65.33,0,0
BSV.V,D,20190214,000000,65.33,65.56,62.79,63.67,0,0
BSV.V,D,20190215,000000,63.67,64.22,61.13,62.91,0,0
BSV.V,D,20190216,000000,62.91,64,61.52,62.81,0,0
BSV.V,D,20190217,000000,62.81,64.44,61.12,63.4,0,0
BSV.V,D,20190218,000000,63.4,72.5,63.4,68.7,0,0
BSV.V,D,20190219,000000,68.7,72.12,67.73,68.15,0,0
BSV.V,D,20190220,000000,68.15,68.92,65.24,67.36,0,0
BSV.V,D,20190221,000000,67.36,68.94,64.63,65.81,0,0
BSV.V,D,20190222,000000,65.81,67.23,64.71,66.6,0,0
BSV.V,D,20190223,000000,66.6,68.98,65,68.23,0,0
BSV.V,D,20190224,000000,68.23,70.97,61.12,61.95,0,0
BSV.V,D,20190225,000000,61.95,73.1,60.91,68.62,0,0
BSV.V,D,20190226,000000,68.62,76.83,68.4,74.06,0,0
BSV.V,D,20190227,000000,74.06,75.47,67.17,68.13,0,0
BSV.V,D,20190228,000000,68.13,70.45,66.58,67.87,0,0
BSV.V,D,20190301,000000,67.87,69.56,67.39,68.52,0,0
BSV.V,D,20190302,000000,68.52,68.58,65.85,67.76,0,0
BSV.V,D,20190303,000000,67.76,68.02,64.69,66.12,0,0
BSV.V,D,20190304,000000,66.18,66.6,63.06,63.66,0,0
BSV.V,D,20190305,000000,63.66,68.58,62.57,68,0,0
BSV.V,D,20190306,000000,68,68.76,65.82,66,0,0
BSV.V,D,20190307,000000,66,68.26,66,67.7,0,0
BSV.V,D,20190308,000000,67.7,70.65,65.55,66.17,0,0
BSV.V,D,20190309,000000,66.19,69.36,65.81,67.54,0,0
BSV.V,D,20190310,000000,67.54,69.51,65.48,67.69,0,0
BSV.V,D,20190311,000000,67.69,67.9,65.5,65.87,0,0
BSV.V,D,20190312,000000,65.87,66.87,64.57,66.59,0,0
BSV.V,D,20190313,000000,66.59,66.95,64.35,65.37,0,0
BSV.V,D,20190314,000000,65.37,68.06,64.4,66.77,0,0
BSV.V,D,20190315,000000,66.77,68.94,65.55,68.76,0,0
BSV.V,D,20190316,000000,68.76,72.86,67.77,69.48,0,0
BSV.V,D,20190317,000000,69.48,69.95,66.81,68.98,0,0
BSV.V,D,20190318,000000,68.98,70.98,65.97,67.44,0,0
BSV.V,D,20190319,000000,67.52,68.16,65.33,67.27,0,0
BSV.V,D,20190320,000000,67.37,67.77,65.78,67.68,0,0
BSV.V,D,20190321,000000,67.68,69.01,64.8,66.18,0,0
BSV.V,D,20190322,000000,66.18,67.69,64.96,67.1,0,0
BSV.V,D,20190323,000000,67.1,68.43,65.66,67.37,0,0
BSV.V,D,20190324,000000,67.37,67.7,65.46,65.5,0,0
BSV.V,D,20190325,000000,65.5,65.63,63.24,63.73,0,0
BSV.V,D,20190326,000000,63.73,65.31,62.56,63.42,0,0
BSV.V,D,20190327,000000,63.42,66.22,63.42,65.38,0,0
BSV.V,D,20190328,000000,65.38,66.14,64,64.01,0,0
BSV.V,D,20190329,000000,64.02,66.08,63.83,65.48,0,0
BSV.V,D,20190330,000000,65.48,67.73,64.48,65.5,0,0
BSV.V,D,20190331,000000,65.51,65.93,63.41,65.13,0,0
BSV.V,D,20190401,000000,65.13,67.24,64.41,66.37,0,0
BSV.V,D,20190402,000000,66.37,76.81,66.37,75.05,0,0
BSV.V,D,20190403,000000,75.05,97.55,75.04,88.07,0,0
BSV.V,D,20190404,000000,87.97,93.59,78.89,85.36,0,0
BSV.V,D,20190405,000000,85.36,86.71,82.85,84.42,0,0
BSV.V,D,20190406,000000,84.43,90.41,83.03,84.15,0,0
BSV.V,D,20190407,000000,84.15,88.09,83.99,87.88,0,0
BSV.V,D,20190408,000000,87.88,88.86,81.42,83.7,0,0
BSV.V,D,20190409,000000,83.72,84.22,77.84,80.21,0,0
BSV.V,D,20190410,000000,80.21,82.52,78.43,79.38,0,0
BSV.V,D,20190411,000000,79.38,84.45,68.93,70.87,0,0
BSV.V,D,20190412,000000,70.87,75.46,69.36,71.01,0,0
BSV.V,D,20190413,000000,71.01,72.61,69.65,70.01,0,0
BSV.V,D,20190414,000000,70.01,71.35,69.47,70.51,0,0
BSV.V,D,20190415,000000,70.51,74.96,59.11,59.3,0,0
BSV.V,D,20190416,000000,59.3,61.77,54,55.2,0,0
BSV.V,D,20190417,000000,55.2,58.23,54.9,55.18,0,0
BSV.V,D,20190418,000000,55.18,62.73,54.89,59.91,0,0
BSV.V,D,20190419,000000,59.91,61.04,58.14,59.19,0,0
BSV.V,D,20190420,000000,59.19,60.39,58.56,58.58,0,0
BSV.V,D,20190421,000000,58.58,59.2,54.79,56.41,0,0
BSV.V,D,20190422,000000,56.42,59.89,55.68,58.2,0,0
BSV.V,D,20190423,000000,58.2,59.08,56.75,57.07,0,0
BSV.V,D,20190424,000000,57.08,57.08,49.99,52.77,0,0
BSV.V,D,20190425,000000,52.77,56.32,51.77,51.8,0,0
BSV.V,D,20190426,000000,51.8,57.08,50.23,53.54,0,0
BSV.V,D,20190427,000000,53.54,56.26,52.03,55.6,0,0
BSV.V,D,20190428,000000,55.6,57.52,53.04,55.83,0,0
BSV.V,D,20190429,000000,56.22,56.67,51.62,54.58,0,0
BSV.V,D,20190430,000000,54.58,56.84,52.45,55.94,0,0
BSV.V,D,20190501,000000,55.94,57.39,53.42,55.92,0,0
BSV.V,D,20190502,000000,55.92,56.56,52.35,55.33,0,0
BSV.V,D,20190503,000000,55.35,57.52,52.97,55.72,0,0
BSV.V,D,20190504,000000,55.72,57.4,53.45,53.45,0,0
BSV.V,D,20190505,000000,53.45,57.57,53.45,56.31,0,0
BSV.V,D,20190506,000000,56.31,56.69,52.62,55.11,0,0
BSV.V,D,20190507,000000,55.11,56.29,52.6,54.55,0,0
BSV.V,D,20190508,000000,54.55,59.45,52.35,59.06,0,0
BSV.V,D,20190509,000000,59.07,61.84,57.26,58.29,0,0
BSV.V,D,20190510,000000,58.29,59.18,56.38,57.72,0,0
BSV.V,D,20190511,000000,57.72,61.79,57.3,61.55,0,0
BSV.V,D,20190512,000000,61.55,64.19,56.38,59.21,0,0
BSV.V,D,20190513,000000,59.21,61.58,57.4,61.53,0,0
BSV.V,D,20190514,000000,61.53,63.66,57.96,58.79,0,0
BSV.V,D,20190515,000000,58.79,72.12,58.71,68.73,0,0
BSV.V,D,20190516,000000,68.73,75.34,63.23,66.1,0,0
BSV.V,D,20190517,000000,66.1,67.13,56.05,59.99,0,0
BSV.V,D,20190518,000000,59.99,61.78,58.98,60.43,0,0
BSV.V,D,20190519,000000,60.43,65.7,59.48,65.36,0,0
BSV.V,D,20190520,000000,65.62,67.01,60.51,62.72,0,0
BSV.V,D,20190521,000000,62.72,129.79,61.71,96.06,0,0
BSV.V,D,20190522,000000,96.06,118.66,95.61,100.16,0,0
BSV.V,D,20190523,000000,100.09,110.35,95.58,102.01,0,0
BSV.V,D,20190524,000000,102.02,102.6,96.44,99.93,0,0
BSV.V,D,20190525,000000,99.93,100.5,86.01,93.41,0,0
BSV.V,D,20190526,000000,93.41,116.73,89.11,107.7,0,0
BSV.V,D,20190527,000000,107.7,123.28,104.13,117.12,0,0
BSV.V,D,20190528,000000,117.12,127.31,114.14,121.8,0,0
BSV.V,D,20190529,000000,121.8,196.83,114.12,180.98,0,0
BSV.V,D,20190530,000000,180.98,253.65,172.27,178.88,0,0
BSV.V,D,20190531,000000,178.84,199.76,175.03,190.69,0,0
BSV.V,D,20190601,000000,190.69,195.81,182.89,190.52,0,0
BSV.V,D,20190602,000000,190.52,194.12,183.56,188.78,0,0
BSV.V,D,20190603,000000,188.78,229.92,186.46,225.52,0,0
BSV.V,D,20190604,000000,225.52,237.21,202.92,220.82,0,0
BSV.V,D,20190605,000000,219.11,233.53,203.36,214.35,0,0
BSV.V,D,20190606,000000,214.36,217.1,174.81,191.32,0,0
BSV.V,D,20190607,000000,191.34,209.01,188.82,201.89,0,0
BSV.V,D,20190608,000000,201.89,204.81,188.3,193.95,0,0
BSV.V,D,20190609,000000,193.95,199.07,181.72,183.02,0,0
BSV.V,D,20190610,000000,183.02,194.18,178.47,188.21,0,0
BSV.V,D,20190611,000000,188.21,193.26,181.78,187.55,0,0
BSV.V,D,20190612,000000,187.55,193.32,184.63,189.54,0,0
BSV.V,D,20190613,000000,189.54,219.91,188.36,211.5,0,0
BSV.V,D,20190614,000000,211.5,215.69,203.03,213.81,0,0
BSV.V,D,20190615,000000,213.83,215.9,204.05,209.89,0,0
BSV.V,D,20190616,000000,209.89,219.52,207.64,212.71,0,0
BSV.V,D,20190617,000000,212.71,236.3,212.04,224.29,0,0
BSV.V,D,20190618,000000,224.29,231.37,218.01,220.45,0,0
BSV.V,D,20190619,000000,220.45,227.67,217.89,225.19,0,0
BSV.V,D,20190620,000000,225.18,227.02,209.3,217.66,0,0
BSV.V,D,20190621,000000,217.66,226.81,216.44,220.49,0,0
BSV.V,D,20190622,000000,220.49,254.52,219.1,242.78,0,0
BSV.V,D,20190623,000000,242.78,246.11,236.48,239.54,0,0
BSV.V,D,20190624,000000,239.54,241.31,228.6,234.47,0,0
BSV.V,D,20190625,000000,234.47,247.33,233.35,235.7,0,0
BSV.V,D,20190626,000000,235.69,249.27,188.8,199.43,0,0
BSV.V,D,20190627,000000,199.43,224.96,181.45,198.55,0,0
BSV.V,D,20190628,000000,198.55,225.85,192.49,214.12,0,0
BSV.V,D,20190629,000000,214.12,214.12,202.27,211.56,0,0
BSV.V,D,20190630,000000,211.56,218.3,192.66,201.05,0,0
BSV.V,D,20190701,000000,201.05,205.19,188.41,193.9,0,0
BSV.V,D,20190702,000000,193.9,199.72,183.83,192.35,0,0
BSV.V,D,20190703,000000,192.35,205.37,191.44,198.33,0,0
BSV.V,D,20190704,000000,198.33,205.74,198.31,201.84,0,0
BSV.V,D,20190705,000000,201.84,204.33,194.67,197.66,0,0
BSV.V,D,20190706,000000,197.66,204.91,196.38,198.91,0,0
BSV.V,D,20190707,000000,198.91,203.27,189.39,200.61,0,0
BSV.V,D,20190708,000000,200.61,202.02,197.59,199.83,0,0
BSV.V,D,20190709,000000,199.83,213.75,199.83,206.63,0,0
BSV.V,D,20190710,000000,206.69,208.93,181.69,193.78,0,0
BSV.V,D,20190711,000000,193.77,193.77,151.4,164,0,0
BSV.V,D,20190712,000000,164,169.98,154.13,165.04,0,0
BSV.V,D,20190713,000000,165.04,166.33,147.66,148.93,0,0
BSV.V,D,20190714,000000,149.17,155.51,131.16,134.98,0,0
BSV.V,D,20190715,000000,134.98,135.57,107.43,125.73,0,0
BSV.V,D,20190716,000000,125.73,134.86,110.06,115.07,0,0
BSV.V,D,20190717,000000,115.07,124.28,108.42,123.15,0,0
BSV.V,D,20190718,000000,123.15,138.72,117.85,133.31,0,0
BSV.V,D,20190719,000000,133.31,142.62,133.23,142.52,0,0
BSV.V,D,20190720,000000,142.57,181.26,142.26,179.48,0,0
BSV.V,D,20190721,000000,179.48,187.37,164.92,174.34,0,0
BSV.V,D,20190722,000000,174.34,179.03,162.74,166.75,0,0
BSV.V,D,20190723,000000,166.67,181.15,163.32,173.93,0,0
BSV.V,D,20190724,000000,173.93,175.7,156.9,165.39,0,0
BSV.V,D,20190725,000000,165.39,171,162.99,163.74,0,0
BSV.V,D,20190726,000000,163.74,164.51,156.19,160.64,0,0
BSV.V,D,20190727,000000,160.64,164.62,145.48,151.17,0,0
BSV.V,D,20190728,000000,151.17,151.95,145.79,146.77,0,0
BSV.V,D,20190729,000000,146.77,153.93,137.41,145.35,0,0
BSV.V,D,20190730,000000,145.35,151.3,142.25,146.21,0,0
BSV.V,D,20190731,000000,146.21,150.94,144.82,146.11,0,0
BSV.V,D,20190801,000000,146.11,148.48,141.37,146.79,0,0
BSV.V,D,20190802,000000,146.74,156.9,144.36,147.3,0,0
BSV.V,D,20190803,000000,147.3,154.34,147.01,151.54,0,0
BSV.V,D,20190804,000000,151.55,152.71,146,149.83,0,0
BSV.V,D,20190805,000000,149.79,157.17,149.46,153.82,0,0
BSV.V,D,20190806,000000,153.82,160.68,144.51,146.12,0,0
BSV.V,D,20190807,000000,146.12,152.15,143.47,147.8,0,0
BSV.V,D,20190808,000000,147.8,148.38,139.97,142.26,0,0
BSV.V,D,20190809,000000,142.26,147.81,134.87,142.15,0,0
BSV.V,D,20190810,000000,142.16,146.85,139.09,142.03,0,0
BSV.V,D,20190811,000000,142.13,147.87,140.67,145.64,0,0
BSV.V,D,20190812,000000,145.64,148.01,142.61,142.73,0,0
BSV.V,D,20190813,000000,142.73,144.71,139.29,141.74,0,0
BSV.V,D,20190814,000000,141.72,153.38,140.49,140.94,0,0
BSV.V,D,20190815,000000,140.94,141.62,124.02,137.22,0,0
BSV.V,D,20190816,000000,137.22,138.29,130.17,135.61,0,0
BSV.V,D,20190817,000000,135.61,136.73,130.8,132.59,0,0
BSV.V,D,20190818,000000,132.59,138.53,131.67,137.12,0,0
BSV.V,D,20190819,000000,137.12,146.16,135.26,144.62,0,0
BSV.V,D,20190820,000000,144.62,145.92,139.31,140.61,0,0
BSV.V,D,20190821,000000,140.61,140.89,130.11,132.81,0,0
BSV.V,D,20190822,000000,132.81,137.24,129.33,135.87,0,0
BSV.V,D,20190823,000000,135.87,138.05,132.83,136.1,0,0
BSV.V,D,20190824,000000,136.1,136.55,131.08,132.97,0,0
BSV.V,D,20190825,000000,132.97,135.15,130.89,132.01,0,0
BSV.V,D,20190826,000000,132.01,137.06,129.1,129.8,0,0
BSV.V,D,20190827,000000,129.8,135.1,127.55,132.94,0,0
BSV.V,D,20190828,000000,132.92,134.84,123.98,126.2,0,0
BSV.V,D,20190829,000000,126.2,136,119.97,128.37,0,0
BSV.V,D,20190830,000000,128.37,131.39,125.59,130.37,0,0
BSV.V,D,20190831,000000,130.37,130.88,126.96,129.11,0,0
BSV.V,D,20190901,000000,129.11,129.64,127.05,128.79,0,0
BSV.V,D,20190902,000000,128.79,136.67,128.76,134.2,0,0
BSV.V,D,20190903,000000,134.2,137.7,133.18,135.03,0,0
BSV.V,D,20190904,000000,135.03,135.76,131.11,133.62,0,0
BSV.V,D,20190905,000000,133.62,133.87,128.88,130.07,0,0
BSV.V,D,20190906,000000,130.07,137.78,129.43,131.18,0,0
BSV.V,D,20190907,000000,131.18,135.73,130.12,135.48,0,0
BSV.V,D,20190908,000000,135.48,138.47,133.16,133.43,0,0
BSV.V,D,20190909,000000,133.43,138.29,129.4,130.31,0,0
BSV.V,D,20190910,000000,130.31,131.76,124.78,127.14,0,0
BSV.V,D,20190911,000000,127.08,127.47,111.12,119.52,0,0
BSV.V,D,20190912,000000,119.52,120.35,116.54,118.71,0,0
BSV.V,D,20190913,000000,118.71,119,115.29,117.13,0,0
BSV.V,D,20190914,000000,117.11,120.16,116.36,119.47,0,0
BSV.V,D,20190915,000000,119.47,124.45,117.55,119.89,0,0
BSV.V,D,20190916,000000,119.89,123.79,118.75,122.04,0,0
BSV.V,D,20190917,000000,122.04,126.59,119.6,124.79,0,0
BSV.V,D,20190918,000000,124.79,129.18,121.88,123.68,0,0
BSV.V,D,20190919,000000,123.68,126.11,118.71,122.91,0,0
BSV.V,D,20190920,000000,122.91,126.94,121.48,122.87,0,0
BSV.V,D,20190921,000000,122.87,124,121.27,121.89,0,0
BSV.V,D,20190922,000000,121.89,122.61,116.97,119.27,0,0
BSV.V,D,20190923,000000,119.27,119.94,116.14,116.44,0,0
BSV.V,D,20190924,000000,116.44,116.44,69.45,78.92,0,0
BSV.V,D,20190925,000000,78.7,89.42,78.7,87.83,0,0
BSV.V,D,20190926,000000,87.83,88.79,78.7,83.53,0,0
BSV.V,D,20190927,000000,83.53,85.51,80.19,85.01,0,0
BSV.V,D,20190928,000000,85,85.02,82.05,83.87,0,0
BSV.V,D,20190929,000000,83.87,84.44,80.32,82.4,0,0
BSV.V,D,20190930,000000,82.4,88.45,82.34,86.91,0,0
BSV.V,D,20191001,000000,86.91,89.62,83.69,84.74,0,0
BSV.V,D,20191002,000000,84.74,85,81.85,83.32,0,0
BSV.V,D,20191003,000000,83.32,85.11,81.28,82.11,0,0
BSV.V,D,20191004,000000,82.01,83.76,81.76,82.87,0,0
BSV.V,D,20191005,000000,82.88,83.28,81.72,82.82,0,0
BSV.V,D,20191006,000000,82.82,83.65,80.01,81.53,0,0
BSV.V,D,20191007,000000,81.53,85.48,79.79,84.53,0,0
BSV.V,D,20191008,000000,84.53,85.56,83.29,83.81,0,0
BSV.V,D,20191009,000000,83.81,95.86,83.46,90.77,0,0
BSV.V,D,20191010,000000,90.77,92.8,87.01,88.6,0,0
BSV.V,D,20191011,000000,88.59,90.94,82.24,83.42,0,0
BSV.V,D,20191012,000000,83.42,86.51,83.39,86.48,0,0
BSV.V,D,20191013,000000,86.48,89.56,86.35,88.14,0,0
BSV.V,D,20191014,000000,86.38,87.57,85.23,86.53,0,0
BSV.V,D,20191015,000000,86.53,89.9,84.8,88.09,0,0
BSV.V,D,20191016,000000,88.09,93.53,84.72,87.16,0,0
BSV.V,D,20191017,000000,87.16,89.9,85.44,88.21,0,0
BSV.V,D,20191018,000000,88.18,91.95,85.89,89.9,0,0
BSV.V,D,20191019,000000,89.9,91.69,88.99,90.27,0,0
BSV.V,D,20191020,000000,90.27,96.28,88.04,95.03,0,0
BSV.V,D,20191021,000000,95.01,114.52,94.28,110.17,0,0
BSV.V,D,20191022,000000,110.17,114.09,106.58,108.37,0,0
BSV.V,D,20191023,000000,108.39,108.43,93.08,96.7,0,0
BSV.V,D,20191024,000000,96.7,112.69,94.2,106.53,0,0
BSV.V,D,20191025,000000,106.53,137.1,105.76,130.63,0,0
BSV.V,D,20191026,000000,130.63,152.62,127.82,136.09,0,0
BSV.V,D,20191027,000000,136.11,146.81,133.48,140.8,0,0
BSV.V,D,20191028,000000,140.91,144.95,134.47,139.85,0,0
BSV.V,D,20191029,000000,139.88,143.33,136.82,142.22,0,0
BSV.V,D,20191030,000000,142.24,144.78,121.66,135.93,0,0
BSV.V,D,20191031,000000,136.14,136.14,124.81,127.38,0,0
BSV.V,D,20191101,000000,127.38,130.82,125.17,128.16,0,0
BSV.V,D,20191102,000000,127.98,133.9,127.98,131.66,0,0
BSV.V,D,20191103,000000,131.66,134.32,127.07,129.33,0,0
BSV.V,D,20191104,000000,129.24,130.22,124.04,129.06,0,0
BSV.V,D,20191105,000000,129.06,142.49,128.38,136.78,0,0
BSV.V,D,20191106,000000,136.7,141.98,136.61,138.88,0,0
BSV.V,D,20191107,000000,138.88,139.7,130.96,133.29,0,0
BSV.V,D,20191108,000000,133.29,133.97,121.11,125,0,0
BSV.V,D,20191109,000000,124.82,130.82,123.99,129.07,0,0
BSV.V,D,20191110,000000,129.73,138.91,129,135.01,0,0
BSV.V,D,20191111,000000,135.01,136.28,129.64,131.36,0,0
BSV.V,D,20191112,000000,131.49,133.69,129.28,131.91,0,0
BSV.V,D,20191113,000000,131.87,132.37,123.51,128.59,0,0
BSV.V,D,20191114,000000,128.6,130.22,124.2,126.54,0,0
BSV.V,D,20191115,000000,126.54,128.35,120.06,124.7,0,0
BSV.V,D,20191116,000000,124.7,124.7,121.79,123.34,0,0
BSV.V,D,20191117,000000,123.34,125.86,119.91,123.84,0,0
BSV.V,D,20191118,000000,123.7,123.7,113.18,117.11,0,0
BSV.V,D,20191119,000000,116.97,117.06,105.83,110.67,0,0
BSV.V,D,20191120,000000,110.67,111.04,105.55,106.01,0,0
BSV.V,D,20191121,000000,105.99,107.64,96.91,99.7,0,0
BSV.V,D,20191122,000000,99.7,103.17,87.98,96.59,0,0
BSV.V,D,20191123,000000,96.59,112.45,92.73,108.38,0,0
BSV.V,D,20191124,000000,108.38,108.82,98.29,102.02,0,0
BSV.V,D,20191125,000000,102.02,111.41,93.25,106.36,0,0
BSV.V,D,20191126,000000,106.46,109.93,103.28,106.24,0,0
BSV.V,D,20191127,000000,105.98,109.56,99.13,107.74,0,0
BSV.V,D,20191128,000000,107.73,109.17,104.81,105.1,0,0
BSV.V,D,20191129,000000,105.1,112.71,104.43,108.7,0,0
BSV.V,D,20191130,000000,108.7,109.82,105.35,107.05,0,0
BSV.V,D,20191201,000000,107.05,107.55,100.73,103.91,0,0
BSV.V,D,20191202,000000,103.91,104.7,98.89,100.95,0,0
BSV.V,D,20191203,000000,100.95,101.68,96.25,96.25,0,0
BSV.V,D,20191204,000000,96.29,102.23,93.51,94.87,0,0
BSV.V,D,20191205,000000,94.87,98.18,93.57,95.34,0,0
BSV.V,D,20191206,000000,95.33,97.15,93.78,96.42,0,0
BSV.V,D,20191207,000000,96.42,97.57,94.75,95.63,0,0
BSV.V,D,20191208,000000,95.63,97.17,94.59,97.14,0,0
BSV.V,D,20191209,000000,97.14,97.28,94.03,94.83,0,0
BSV.V,D,20191210,000000,94.98,96.72,94.32,95.79,0,0
BSV.V,D,20191211,000000,95.79,95.95,94.23,94.5,0,0
BSV.V,D,20191212,000000,94.5,95.08,91.24,92.44,0,0
BSV.V,D,20191213,000000,92.44,93.94,91.78,93.22,0,0
BSV.V,D,20191214,000000,93.22,94.32,91.69,92.95,0,0
BSV.V,D,20191215,000000,92.95,93.43,91.42,93.21,0,0
BSV.V,D,20191216,000000,93.21,93.35,87.75,89.28,0,0
BSV.V,D,20191217,000000,89.28,89.28,80.28,80.28,0,0
BSV.V,D,20191218,000000,80.28,86.64,76.76,86.54,0,0
BSV.V,D,20191219,000000,86.54,87.26,81.66,84.65,0,0
BSV.V,D,20191220,000000,84.65,88.85,83.42,88.08,0,0
BSV.V,D,20191221,000000,88.08,89.03,84.37,84.96,0,0
BSV.V,D,20191222,000000,84.96,88.6,84.08,87.93,0,0
BSV.V,D,20191223,000000,87.93,89.88,85.44,85.98,0,0
BSV.V,D,20191224,000000,85.98,87.14,85.34,87.09,0,0
BSV.V,D,20191225,000000,87.09,87.33,84.65,86.41,0,0
BSV.V,D,20191226,000000,86.42,91.61,84.81,87.42,0,0
BSV.V,D,20191227,000000,87.42,91.58,86.11,89.63,0,0
BSV.V,D,20191228,000000,89.63,96.11,89.28,94.99,0,0
BSV.V,D,20191229,000000,94.99,101.32,92.71,99.83,0,0
BSV.V,D,20191230,000000,99.83,101.33,91.76,96.78,0,0
BSV.V,D,20191231,000000,96.78,98.56,93.74,97.28,0,0
BSV.V,D,20200101,000000,97.28,100,96.61,97.57,0,0
BSV.V,D,20200102,000000,97.57,97.89,92.53,93.63,0,0
BSV.V,D,20200103,000000,93.54,103.98,91.86,102.9,0,0
BSV.V,D,20200104,000000,102.9,108.75,102.25,107.17,0,0
BSV.V,D,20200105,000000,107.22,114.33,107.22,111.06,0,0
BSV.V,D,20200106,000000,111.06,117.92,109.64,116.29,0,0
BSV.V,D,20200107,000000,116.03,118.95,109.81,113.7,0,0
BSV.V,D,20200108,000000,113.73,116.81,110.72,113.84,0,0
BSV.V,D,20200109,000000,113.84,118.43,112.57,116.13,0,0
BSV.V,D,20200110,000000,116.13,161.86,115.85,155.36,0,0
BSV.V,D,20200111,000000,155.4,177.23,153.36,154.41,0,0
BSV.V,D,20200112,000000,154.41,169.28,147.84,161.67,0,0
BSV.V,D,20200113,000000,161.53,174.69,158.97,171.47,0,0
BSV.V,D,20200114,000000,171.47,401.63,171.11,393.37,0,0
BSV.V,D,20200115,000000,390.69,452.26,282.44,326.38,0,0
BSV.V,D,20200116,000000,325.6,336.5,280.88,317.9,0,0
BSV.V,D,20200117,000000,317.9,333.47,269.73,293.26,0,0
BSV.V,D,20200118,000000,292.79,298.57,241.74,254.61,0,0
BSV.V,D,20200119,000000,254.61,272.56,236.32,266.36,0,0
BSV.V,D,20200120,000000,266.36,322.41,264.28,313.95,0,0
BSV.V,D,20200121,000000,313.91,327.7,292.06,316.05,0,0
BSV.V,D,20200122,000000,315.92,327.22,296.52,302.04,0,0
BSV.V,D,20200123,000000,301.93,308.86,245.32,259.23,0,0
BSV.V,D,20200124,000000,259.21,283.43,245.83,265.79,0,0
BSV.V,D,20200125,000000,265.79,271.08,248.85,261.09,0,0
BSV.V,D,20200126,000000,261.09,277.56,252.87,274.6,0,0
BSV.V,D,20200127,000000,274.6,322,270.23,296.02,0,0
BSV.V,D,20200128,000000,296.02,313.6,279.03,291.89,0,0
BSV.V,D,20200129,000000,291.88,304.89,280.49,293.15,0,0
BSV.V,D,20200130,000000,293.15,308.31,284.34,298.71,0,0
BSV.V,D,20200131,000000,298.71,298.96,258.57,277.9,0,0
BSV.V,D,20200201,000000,277.9,289.76,271.08,279.41,0,0
BSV.V,D,20200202,000000,279.41,291.31,271.62,279.97,0,0
BSV.V,D,20200203,000000,279.98,287.59,275.62,278.22,0,0
BSV.V,D,20200204,000000,278.26,284.04,265.53,272.23,0,0
BSV.V,D,20200205,000000,272.22,308.83,267.46,295.29,0,0
BSV.V,D,20200206,000000,295.43,308.42,288.53,292.5,0,0
BSV.V,D,20200207,000000,292.5,303.11,288.22,293.29,0,0
BSV.V,D,20200208,000000,293.29,348.89,288.48,339.06,0,0
BSV.V,D,20200209,000000,339.06,370.05,324.65,347.64,0,0
BSV.V,D,20200210,000000,348.52,358.99,335.83,354.06,0,0
BSV.V,D,20200211,000000,354.06,368.99,345.05,368.23,0,0
BSV.V,D,20200212,000000,368.2,378.27,360.93,367.39,0,0
BSV.V,D,20200213,000000,367.39,381.99,348.05,356.91,0,0
BSV.V,D,20200214,000000,356.91,363.53,348.68,361.74,0,0
BSV.V,D,20200215,000000,361.83,362.46,302.23,316.9,0,0
BSV.V,D,20200216,000000,316.9,323.1,269.48,278.72,0,0
BSV.V,D,20200217,000000,278.72,319.99,256.66,302.6,0,0
BSV.V,D,20200218,000000,301.47,326.59,285.53,313.15,0,0
BSV.V,D,20200219,000000,313.15,316.57,286.89,299.03,0,0
BSV.V,D,20200220,000000,299.03,307.86,276.49,286.66,0,0
BSV.V,D,20200221,000000,286.66,296.07,282.6,288.79,0,0
BSV.V,D,20200222,000000,288.79,290.59,275.61,281.16,0,0
BSV.V,D,20200223,000000,281.16,296.61,279.6,293.8,0,0
BSV.V,D,20200224,000000,293.8,301.07,269.77,277.08,0,0
BSV.V,D,20200225,000000,277.08,279.9,255.4,261.54,0,0
BSV.V,D,20200226,000000,261.48,263.05,209.74,226.83,0,0
BSV.V,D,20200227,000000,226.83,238.28,216.1,227.4,0,0
BSV.V,D,20200228,000000,227.4,231.88,209.71,219.73,0,0
BSV.V,D,20200229,000000,220.04,221.99,209.98,213.44,0,0
BSV.V,D,20200301,000000,213.44,233.82,211.7,227.99,0,0
BSV.V,D,20200302,000000,227.99,260.43,227.14,254.45,0,0
BSV.V,D,20200303,000000,254.45,255.58,243,249.08,0,0
BSV.V,D,20200304,000000,249.08,251.39,221.72,231.72,0,0
BSV.V,D,20200305,000000,231.72,250.75,231.69,240.95,0,0
BSV.V,D,20200306,000000,240.95,251.63,239.27,247.06,0,0
BSV.V,D,20200307,000000,247.06,250.02,231.33,237.88,0,0
BSV.V,D,20200308,000000,237.88,237.91,194.47,198.41,0,0
BSV.V,D,20200309,000000,198.41,203.73,188.45,198.8,0,0
BSV.V,D,20200310,000000,198.8,203.5,194.05,199.81,0,0
BSV.V,D,20200311,000000,199.81,201.36,175.93,194.48,0,0
BSV.V,D,20200312,000000,194.4,194.54,107.97,122.46,0,0
BSV.V,D,20200313,000000,122.46,128,84.15,121.86,0,0
BSV.V,D,20200314,000000,121.86,125.92,116.32,118.45,0,0
BSV.V,D,20200315,000000,118.3,130.04,114.11,123.45,0,0
BSV.V,D,20200316,000000,123.45,124.5,99.44,108.42,0,0
BSV.V,D,20200317,000000,108.42,125.66,108.42,122.1,0,0
BSV.V,D,20200318,000000,122.1,123,111.23,118.73,0,0
BSV.V,D,20200319,000000,118.73,171.04,118.57,161.57,0,0
BSV.V,D,20200320,000000,162.15,179.52,148.46,159.02,0,0
BSV.V,D,20200321,000000,162.16,174.49,156.12,169.45,0,0
BSV.V,D,20200322,000000,169.45,186.24,155.35,161.53,0,0
BSV.V,D,20200323,000000,161.53,177.16,157.61,170.33,0,0
BSV.V,D,20200324,000000,170.33,181.58,168.42,178.35,0,0
BSV.V,D,20200325,000000,178.13,179.18,166.86,172.85,0,0
BSV.V,D,20200326,000000,172.85,175.47,165.53,171.41,0,0
BSV.V,D,20200327,000000,171.41,177.98,168.41,171.8,0,0
BSV.V,D,20200328,000000,171.8,171.82,149.02,156.75,0,0
BSV.V,D,20200329,000000,156.75,159.15,149.11,149.66,0,0
BSV.V,D,20200330,000000,149.66,173.36,146.2,170.19,0,0
BSV.V,D,20200331,000000,170.19,171.56,163.46,166.81,0,0
BSV.V,D,20200401,000000,166.81,167.01,158.9,164.56,0,0
BSV.V,D,20200402,000000,164.56,188.84,164.55,178.85,0,0
BSV.V,D,20200403,000000,178.96,184.41,172.5,177.33,0,0
BSV.V,D,20200404,000000,177.33,181.14,174.65,179.18,0,0
BSV.V,D,20200405,000000,179.18,180.06,170.23,174.42,0,0
BSV.V,D,20200406,000000,174.19,194,174.02,192.78,0,0
BSV.V,D,20200407,000000,192.82,195.81,182.88,187.35,0,0
BSV.V,D,20200408,000000,187.35,221.79,184.47,215.68,0,0
BSV.V,D,20200409,000000,215.68,226.89,208.72,218.07,0,0
BSV.V,D,20200410,000000,218.07,218.07,177.17,188.28,0,0
BSV.V,D,20200411,000000,188.28,190.42,180.82,186.78,0,0
BSV.V,D,20200412,000000,186.78,204.07,183.05,199.82,0,0
BSV.V,D,20200413,000000,199.82,200.79,181.89,186.71,0,0
BSV.V,D,20200414,000000,186.71,194.21,186.33,190.43,0,0
BSV.V,D,20200415,000000,189.83,191.88,185.56,187.6,0,0
BSV.V,D,20200416,000000,187.6,200.54,172.28,195.33,0,0
BSV.V,D,20200417,000000,195.33,198.85,192.44,193.64,0,0
BSV.V,D,20200418,000000,193.64,204.16,192.51,203.41,0,0
BSV.V,D,20200419,000000,203.42,209.11,194.36,198.82,0,0
BSV.V,D,20200420,000000,198.82,199.52,181.58,184.55,0,0
BSV.V,D,20200421,000000,184.55,186.96,178.48,183.46,0,0
BSV.V,D,20200422,000000,183.46,196.07,180.91,191.58,0,0
BSV.V,D,20200423,000000,191.58,202.04,187.37,197.82,0,0
BSV.V,D,20200424,000000,197.82,197.82,192.07,194.3,0,0
BSV.V,D,20200425,000000,194.3,199.75,190.57,193.26,0,0
BSV.V,D,20200426,000000,193.26,199.49,193.26,195.5,0,0
BSV.V,D,20200427,000000,195.5,197.9,190.67,194.6,0,0
BSV.V,D,20200428,000000,194.6,197.51,192.01,194.19,0,0
BSV.V,D,20200429,000000,194.34,210.76,194.27,207.53,0,0
BSV.V,D,20200430,000000,207.53,228.6,201.7,208.61,0,0
BSV.V,D,20200501,000000,208.61,216.16,207.17,211.67,0,0
BSV.V,D,20200502,000000,211.67,213.17,209,212.24,0,0
BSV.V,D,20200503,000000,212.24,218.88,203.42,207.68,0,0
BSV.V,D,20200504,000000,207.68,209.39,191.3,207.22,0,0
BSV.V,D,20200505,000000,207.22,213.19,201.77,205.99,0,0
BSV.V,D,20200506,000000,205.99,210.8,204.51,206.87,0,0
BSV.V,D,20200507,000000,206.87,210.11,198.01,208.13,0,0
BSV.V,D,20200508,000000,208.13,214.31,206.07,212.57,0,0
BSV.V,D,20200509,000000,212.48,218.48,207.6,210.18,0,0
BSV.V,D,20200510,000000,210.18,211.47,174.3,183.84,0,0
BSV.V,D,20200511,000000,183.84,188.76,172.71,181.82,0,0
BSV.V,D,20200512,000000,181.82,194.46,181.6,185.86,0,0
BSV.V,D,20200513,000000,185.3,193.4,185.03,193.4,0,0
BSV.V,D,20200514,000000,193.4,195.5,188.36,192.94,0,0
BSV.V,D,20200515,000000,192.94,194.3,184.02,188.51,0,0
BSV.V,D,20200516,000000,188.51,190.38,185.1,188.05,0,0
BSV.V,D,20200517,000000,188.05,193.97,187.79,192.27,0,0
BSV.V,D,20200518,000000,192.27,208.6,190.26,200.87,0,0
BSV.V,D,20200519,000000,200.87,204.47,196.2,200.54,0,0
BSV.V,D,20200520,000000,200.54,203.24,192.14,196.7,0,0
BSV.V,D,20200521,000000,196.7,204.04,186.45,193.17,0,0
BSV.V,D,20200522,000000,193.17,197.03,190.25,195.41,0,0
BSV.V,D,20200523,000000,195.41,197.2,191.88,193.67,0,0
BSV.V,D,20200524,000000,193.67,194.75,187.15,191.27,0,0
BSV.V,D,20200525,000000,191.27,191.27,182.26,184.46,0,0
BSV.V,D,20200526,000000,184.46,186.21,177.25,181.04,0,0
BSV.V,D,20200527,000000,181.04,188.07,180.06,185.03,0,0
BSV.V,D,20200528,000000,185.03,192.04,184.61,189.17,0,0
BSV.V,D,20200529,000000,189.17,194.51,188.55,189.48,0,0
BSV.V,D,20200530,000000,189.48,199.46,187.53,197.68,0,0
BSV.V,D,20200531,000000,197.68,204.44,194,195.41,0,0
BSV.V,D,20200601,000000,195.41,195.73,190.82,195.41,0,0
BSV.V,D,20200602,000000,195.41,207.36,188.17,196.39,0,0
BSV.V,D,20200603,000000,196.39,197.02,191.57,193.6,0,0
BSV.V,D,20200604,000000,193.6,199.17,192.45,194.4,0,0
BSV.V,D,20200605,000000,194.4,197.35,193.31,194.7,0,0
BSV.V,D,20200606,000000,194.7,195.42,192.9,193.97,0,0
BSV.V,D,20200607,000000,193.97,194.88,186.71,192.31,0,0
BSV.V,D,20200608,000000,192.31,192.83,188.77,190.64,0,0
BSV.V,D,20200609,000000,190.64,192.84,188.23,189.96,0,0
BSV.V,D,20200610,000000,189.96,197.53,189.25,192.07,0,0
BSV.V,D,20200611,000000,192.07,194.62,177.29,183.67,0,0
BSV.V,D,20200612,000000,183.67,184.11,179.22,182.84,0,0
BSV.V,D,20200613,000000,182.84,183.36,180.69,182.37,0,0
BSV.V,D,20200614,000000,182.37,182.59,177.92,178.41,0,0
BSV.V,D,20200615,000000,178.41,180.08,164.9,173.49,0,0
BSV.V,D,20200616,000000,173.49,177.43,172.66,177.31,0,0
BSV.V,D,20200617,000000,177.31,178.06,172.26,174.67,0,0
BSV.V,D,20200618,000000,174.67,175.61,170.05,171.15,0,0
BSV.V,D,20200619,000000,171.15,173.16,168.51,170.71,0,0
BSV.V,D,20200620,000000,170.71,176.09,170.27,172.05,0,0
BSV.V,D,20200621,000000,172.05,173.58,171.3,171.55,0,0
BSV.V,D,20200622,000000,171.55,180.21,170.57,177.67,0,0
BSV.V,D,20200623,000000,177.67,180.77,175.87,179.14,0,0
BSV.V,D,20200624,000000,179.14,180.84,170.38,173.09,0,0
BSV.V,D,20200625,000000,173.09,173.26,168.04,171.65,0,0
BSV.V,D,20200626,000000,171.65,172.96,165.94,168.2,0,0
BSV.V,D,20200627,000000,168.2,168.86,136.09,154.13,0,0
BSV.V,D,20200628,000000,154.13,162.32,151.63,161.08,0,0
BSV.V,D,20200629,000000,161.08,161.91,156.18,159.02,0,0
BSV.V,D,20200630,000000,159.02,161.17,156.63,158.02,0,0
BSV.V,D,20200701,000000,158.02,160.02,150.17,158.86,0,0
BSV.V,D,20200702,000000,158.86,158.96,151.57,155.37,0,0
BSV.V,D,20200703,000000,155.03,157.97,153.68,156.72,0,0
BSV.V,D,20200704,000000,156.72,157.34,152.92,154.94,0,0
BSV.V,D,20200705,000000,154.94,157,150.6,153.85,0,0
BSV.V,D,20200706,000000,153.85,197.16,153.3,192.46,0,0
BSV.V,D,20200707,000000,192.46,198.39,181.58,183.2,0,0
BSV.V,D,20200708,000000,183.2,192.38,183.2,190.34,0,0
BSV.V,D,20200709,000000,190.34,191.69,181.64,184.14,0,0
BSV.V,D,20200710,000000,184.16,186.49,176.53,181.11,0,0
BSV.V,D,20200711,000000,181.11,182.49,178.8,180.99,0,0
BSV.V,D,20200712,000000,180.99,189.06,180.97,184.38,0,0
BSV.V,D,20200713,000000,184.38,186.35,178.47,182.94,0,0
BSV.V,D,20200714,000000,182.94,182.94,176.48,179.97,0,0
BSV.V,D,20200715,000000,179.97,184.94,178.03,179.58,0,0
BSV.V,D,20200716,000000,179.51,180.76,170.11,173.59,0,0
BSV.V,D,20200717,000000,173.59,174.64,170.71,171.64,0,0
BSV.V,D,20200718,000000,172.2,175.48,171.76,173.62,0,0
BSV.V,D,20200719,000000,174.31,174.31,162.38,172.36,0,0
BSV.V,D,20200720,000000,172.36,174.51,166.9,168.99,0,0
BSV.V,D,20200721,000000,168.99,182.33,168.85,178.26,0,0
BSV.V,D,20200722,000000,178.57,179.67,176.04,178.15,0,0
BSV.V,D,20200723,000000,177.79,188.45,177.79,184.54,0,0
BSV.V,D,20200724,000000,184.54,185.38,178,182.46,0,0
BSV.V,D,20200725,000000,182.46,189.6,179.59,189.57,0,0
BSV.V,D,20200726,000000,189.57,198.9,186.22,189.31,0,0
BSV.V,D,20200727,000000,189.34,210.32,189.34,208.56,0,0
BSV.V,D,20200728,000000,208.53,223.97,201.68,217.67,0,0
BSV.V,D,20200729,000000,217.67,221.35,212.84,216.61,0,0
