<TICKER>,<PER>,<DATE>,<TIME>,<OPEN>,<HIGH>,<LOW>,<CLOSE>,<VOL>,<OPENINT>
BTG.V,D,20171024,000000,154,200.01,56,105.09,0,0
BTG.V,D,20171025,000000,105.13,137.2,85.9,112.63,0,0
BTG.V,D,20171026,000000,112.78,128.37,108.19,120.13,0,0
BTG.V,D,20171027,000000,120.13,122.56,105.34,107.8,0,0
BTG.V,D,20171028,000000,107.8,113.02,91.2,104.76,0,0
BTG.V,D,20171029,000000,104.76,127.81,103.86,125.25,0,0
BTG.V,D,20171030,000000,124.97,127.37,116.35,120.59,0,0
BTG.V,D,20171031,000000,120.17,157.64,119.36,151.65,0,0
BTG.V,D,20171101,000000,150.54,154.67,130.62,133.57,0,0
BTG.V,D,20171102,000000,134.81,139.69,113.77,121.94,0,0
BTG.V,D,20171103,000000,121.94,129.76,117.62,124.12,0,0
BTG.V,D,20171104,000000,124.12,140.79,121.08,138.93,0,0
BTG.V,D,20171105,000000,138.91,175.21,135.61,164.58,0,0
BTG.V,D,20171106,000000,164.58,168.85,143.23,145.55,0,0
BTG.V,D,20171107,000000,145.55,159.5,144.37,151.61,0,0
BTG.V,D,20171108,000000,151.83,158.05,128.61,134.39,0,0
BTG.V,D,20171109,000000,134.39,154.04,132.18,152.8,0,0
BTG.V,D,20171110,000000,153.04,199.89,150.19,197.27,0,0
BTG.V,D,20171111,000000,196.85,515.59,191.97,406.54,0,0
BTG.V,D,20171112,000000,406.54,451.2,244.47,260.18,0,0
BTG.V,D,20171113,000000,259.48,290.89,189.49,247.87,0,0
BTG.V,D,20171114,000000,248.1,248.52,153.66,164.15,0,0
BTG.V,D,20171115,000000,164.45,186.96,153.78,159.4,0,0
BTG.V,D,20171116,000000,158.81,186.83,139.99,143.16,0,0
BTG.V,D,20171117,000000,143.33,165.07,138.92,147.81,0,0
BTG.V,D,20171118,000000,147.81,161.63,144.21,152.7,0,0
BTG.V,D,20171119,000000,153.54,155.3,136.08,139.94,0,0
BTG.V,D,20171120,000000,139.94,196.84,90.93,188.95,0,0
BTG.V,D,20171121,000000,188.95,261,144.18,256.49,0,0
BTG.V,D,20171122,000000,256.26,260.59,222.02,238.25,0,0
BTG.V,D,20171123,000000,237.65,295.36,237.56,288.83,0,0
BTG.V,D,20171124,000000,288.46,411.15,279.69,393.06,0,0
BTG.V,D,20171125,000000,393.3,393.6,328.2,357.99,0,0
BTG.V,D,20171126,000000,357.85,366.19,330.59,366.19,0,0
BTG.V,D,20171127,000000,367.04,388.05,346.75,361.41,0,0
BTG.V,D,20171128,000000,361.44,361.69,322.62,328.58,0,0
BTG.V,D,20171129,000000,328.85,343.74,278.41,282.19,0,0
BTG.V,D,20171130,000000,282.19,304.25,256.63,287.88,0,0
BTG.V,D,20171201,000000,287.93,306.68,272.16,300.38,0,0
BTG.V,D,20171202,000000,300.44,303.92,281.69,286.3,0,0
BTG.V,D,20171203,000000,286.3,339.05,280.92,303.12,0,0
BTG.V,D,20171204,000000,303.12,323.8,293.77,311.47,0,0
BTG.V,D,20171205,000000,311.41,311.55,276.86,277.66,0,0
BTG.V,D,20171206,000000,277.66,292.99,241.29,251.06,0,0
BTG.V,D,20171207,000000,251.06,255.51,213.05,214.38,0,0
BTG.V,D,20171208,000000,214.74,247.57,208.98,239.45,0,0
BTG.V,D,20171209,000000,239.6,248.97,219.48,230.83,0,0
BTG.V,D,20171210,000000,230.72,238.34,189.56,222.14,0,0
BTG.V,D,20171211,000000,222.41,277.45,219.35,245.55,0,0
BTG.V,D,20171212,000000,245.06,286.96,243.19,270.22,0,0
BTG.V,D,20171213,000000,270.24,287.5,240.49,264.31,0,0
BTG.V,D,20171214,000000,264.33,341.92,262.27,305.62,0,0
BTG.V,D,20171215,000000,305.62,305.94,262.1,287.7,0,0
BTG.V,D,20171216,000000,287.7,302.71,279.81,285.79,0,0
BTG.V,D,20171217,000000,285.51,297.94,285.09,289.68,0,0
BTG.V,D,20171218,000000,289.68,324.05,268.78,310.85,0,0
BTG.V,D,20171219,000000,310.85,343.72,289.65,316.01,0,0
BTG.V,D,20171220,000000,316.01,421.13,294.8,388.39,0,0
BTG.V,D,20171221,000000,388.39,394.95,318.26,339.91,0,0
BTG.V,D,20171222,000000,339.91,348.37,195.79,254.25,0,0
BTG.V,D,20171223,000000,254.25,295.68,247.12,264.1,0,0
BTG.V,D,20171224,000000,264.1,274.69,216.74,256,0,0
BTG.V,D,20171225,000000,255.91,282.1,247.61,267.43,0,0
BTG.V,D,20171226,000000,267.43,279.91,256.49,274.36,0,0
BTG.V,D,20171227,000000,274.36,294.59,260.43,270.49,0,0
BTG.V,D,20171228,000000,270.5,271.21,225.66,246.85,0,0
BTG.V,D,20171229,000000,246.85,272.61,240.12,252.99,0,0
BTG.V,D,20171230,000000,253,255.25,207.91,216.91,0,0
BTG.V,D,20171231,000000,216.91,246.18,212.58,240.89,0,0
BTG.V,D,20180101,000000,240.89,260.28,230.03,233.89,0,0
BTG.V,D,20180102,000000,233.89,259.17,230.02,252.52,0,0
BTG.V,D,20180103,000000,252.52,258.71,239.17,244.94,0,0
BTG.V,D,20180104,000000,244.94,251.78,224.73,234.58,0,0
BTG.V,D,20180105,000000,234.65,263.69,229.01,233.09,0,0
BTG.V,D,20180106,000000,233.12,257.77,231.54,253.96,0,0
BTG.V,D,20180107,000000,253.96,272.42,240.29,249.91,0,0
BTG.V,D,20180108,000000,249.89,250.43,210.87,238.77,0,0
BTG.V,D,20180109,000000,239.09,254.55,225.57,239.84,0,0
BTG.V,D,20180110,000000,239.84,243.8,220.06,243.79,0,0
BTG.V,D,20180111,000000,243.97,245.67,201.69,208.99,0,0
BTG.V,D,20180112,000000,208.97,224.74,204.47,221.44,0,0
BTG.V,D,20180113,000000,221.44,354.85,218.78,327.97,0,0
BTG.V,D,20180114,000000,327.97,369.67,266.3,276.77,0,0
BTG.V,D,20180115,000000,276.76,338.35,259.88,268.49,0,0
BTG.V,D,20180116,000000,268.49,269.65,149.6,186.45,0,0
BTG.V,D,20180117,000000,186.45,206.7,144.87,186.04,0,0
BTG.V,D,20180118,000000,186.04,211.28,179.42,191.8,0,0
BTG.V,D,20180119,000000,191.69,241.35,189.66,218.27,0,0
BTG.V,D,20180120,000000,218.27,239.08,210.43,231.11,0,0
BTG.V,D,20180121,000000,231.2,232.06,188.54,197.22,0,0
BTG.V,D,20180122,000000,197.28,220.76,171.19,188.56,0,0
BTG.V,D,20180123,000000,188.56,198.75,170.95,184.83,0,0
BTG.V,D,20180124,000000,184.83,196.43,180.26,189.8,0,0
BTG.V,D,20180125,000000,189.8,193.39,181.5,185.95,0,0
BTG.V,D,20180126,000000,186,194.96,166.42,175.67,0,0
BTG.V,D,20180127,000000,175.48,187.73,174.73,186.86,0,0
BTG.V,D,20180128,000000,186.85,199.28,186.74,194.06,0,0
BTG.V,D,20180129,000000,194.07,196.95,181.18,181.34,0,0
BTG.V,D,20180130,000000,181.36,184.21,159.82,165.49,0,0
BTG.V,D,20180131,000000,164.77,165.04,151.2,157.22,0,0
BTG.V,D,20180201,000000,156.99,160.28,124.87,130.26,0,0
BTG.V,D,20180202,000000,130.22,132.36,99.91,122,0,0
BTG.V,D,20180203,000000,122.03,134.13,109.88,128.55,0,0
BTG.V,D,20180204,000000,128.61,133.47,105.38,111.87,0,0
BTG.V,D,20180205,000000,111.87,113.36,81.44,88.31,0,0
BTG.V,D,20180206,000000,87.4,98.75,72.61,95.3,0,0
BTG.V,D,20180207,000000,95.34,106.41,87.66,93.74,0,0
BTG.V,D,20180208,000000,93.74,116.58,89.29,112.3,0,0
BTG.V,D,20180209,000000,112.01,128.34,105.89,125.04,0,0
BTG.V,D,20180210,000000,125.07,130.5,111.42,117.05,0,0
BTG.V,D,20180211,000000,117.15,122.18,104.33,112.86,0,0
BTG.V,D,20180212,000000,112.9,119.52,108.87,117.18,0,0
BTG.V,D,20180213,000000,117.2,123.1,108.33,119.46,0,0
BTG.V,D,20180214,000000,119.46,130.15,118.63,128.57,0,0
BTG.V,D,20180215,000000,128.59,131.32,123.2,128.96,0,0
BTG.V,D,20180216,000000,128.92,143.9,128.48,140.05,0,0
BTG.V,D,20180217,000000,140.05,144.19,137.69,142.35,0,0
BTG.V,D,20180218,000000,142.34,147.57,125.42,132.32,0,0
BTG.V,D,20180219,000000,132.34,138.4,128.29,136.36,0,0
BTG.V,D,20180220,000000,136.36,141.45,130.04,131.25,0,0
BTG.V,D,20180221,000000,131.34,131.44,114.57,117.46,0,0
BTG.V,D,20180222,000000,117.52,124.45,107.55,119.92,0,0
BTG.V,D,20180223,000000,119.92,122.36,114.2,118.15,0,0
BTG.V,D,20180224,000000,117.99,121.23,109.5,112.17,0,0
BTG.V,D,20180225,000000,112.17,115.91,106.96,111.14,0,0
BTG.V,D,20180226,000000,111.14,117.6,108.33,116.28,0,0
BTG.V,D,20180227,000000,116.22,121.4,114.86,119.65,0,0
BTG.V,D,20180228,000000,119.65,120.22,110.57,111.32,0,0
BTG.V,D,20180301,000000,111.32,117.46,108.62,114.28,0,0
BTG.V,D,20180302,000000,114.28,114.28,108.57,112.52,0,0
BTG.V,D,20180303,000000,112.52,113.42,109.23,109.87,0,0
BTG.V,D,20180304,000000,109.87,110.25,106.02,109.8,0,0
BTG.V,D,20180305,000000,109.79,112.32,108.4,108.45,0,0
BTG.V,D,20180306,000000,108.45,109.4,98.93,102.12,0,0
BTG.V,D,20180307,000000,102.06,102.77,86.53,91.65,0,0
BTG.V,D,20180308,000000,91.65,92.36,83.75,85.27,0,0
BTG.V,D,20180309,000000,85.27,86.66,74.28,82.68,0,0
BTG.V,D,20180310,000000,82.68,86.62,77.12,78.56,0,0
BTG.V,D,20180311,000000,78.56,85.9,75.44,84.04,0,0
BTG.V,D,20180312,000000,84,85.23,76.71,79.24,0,0
BTG.V,D,20180313,000000,79.24,79.66,76.14,77.67,0,0
BTG.V,D,20180314,000000,77.67,80.62,63.72,65.8,0,0
BTG.V,D,20180315,000000,65.8,66.98,59.99,64.23,0,0
BTG.V,D,20180316,000000,64.23,67.85,58.51,63.65,0,0
BTG.V,D,20180317,000000,63.65,65.77,57.23,59.11,0,0
BTG.V,D,20180318,000000,59.11,59.17,47.97,55.75,0,0
BTG.V,D,20180319,000000,55.75,68.2,55.49,66.02,0,0
BTG.V,D,20180320,000000,66.17,68.76,60.34,66.03,0,0
BTG.V,D,20180321,000000,65.99,68.68,61.44,62.14,0,0
BTG.V,D,20180322,000000,62.15,66.03,57.04,60.04,0,0
BTG.V,D,20180323,000000,60.04,60.96,55.66,57.56,0,0
BTG.V,D,20180324,000000,57.56,64.27,57.19,59.27,0,0
BTG.V,D,20180325,000000,59.3,62.37,57.51,62.21,0,0
BTG.V,D,20180326,000000,62.21,62.42,52.08,52.86,0,0
BTG.V,D,20180327,000000,52.86,56.73,51.72,54.25,0,0
BTG.V,D,20180328,000000,54.25,55.78,51.52,52.08,0,0
BTG.V,D,20180329,000000,52.08,53.01,44.26,44.84,0,0
BTG.V,D,20180330,000000,44.9,46.65,42.06,44.86,0,0
BTG.V,D,20180331,000000,44.86,45.88,43.21,43.53,0,0
BTG.V,D,20180401,000000,43.53,45.25,38.45,40.95,0,0
BTG.V,D,20180402,000000,40.94,43.05,40.52,41.76,0,0
BTG.V,D,20180403,000000,41.79,48.34,41.78,46.24,0,0
BTG.V,D,20180404,000000,46.24,46.63,41.21,41.93,0,0
BTG.V,D,20180405,000000,41.93,44.51,39.46,40.88,0,0
BTG.V,D,20180406,000000,40.88,42.3,38.63,39.47,0,0
BTG.V,D,20180407,000000,39.47,41.81,39.05,41.44,0,0
BTG.V,D,20180408,000000,41.44,42.39,40.26,41.49,0,0
BTG.V,D,20180409,000000,41.49,43.83,39.93,40.74,0,0
BTG.V,D,20180410,000000,40.74,41.53,39.91,40.93,0,0
BTG.V,D,20180411,000000,40.93,42.82,40.53,41.83,0,0
BTG.V,D,20180412,000000,41.83,46.32,40.32,46.27,0,0
BTG.V,D,20180413,000000,46.27,48.88,45.09,45.76,0,0
BTG.V,D,20180414,000000,45.76,47.36,44.74,46.18,0,0
BTG.V,D,20180415,000000,46.18,49.57,45.88,48.84,0,0
BTG.V,D,20180416,000000,48.84,54.9,48.84,53.06,0,0
BTG.V,D,20180417,000000,53.06,53.39,50.81,51.25,0,0
BTG.V,D,20180418,000000,51.18,56.31,50.82,55.85,0,0
BTG.V,D,20180419,000000,55.85,59.47,54.75,58.99,0,0
BTG.V,D,20180420,000000,58.91,70.33,57.54,69.64,0,0
BTG.V,D,20180421,000000,69.48,71.92,60.12,65.13,0,0
BTG.V,D,20180422,000000,65.13,69.18,64.31,67.46,0,0
BTG.V,D,20180423,000000,67.36,79.01,64.92,75.1,0,0
BTG.V,D,20180424,000000,75.1,90.09,75.08,85.55,0,0
BTG.V,D,20180425,000000,85.5,85.71,67.19,76.04,0,0
BTG.V,D,20180426,000000,76,77.27,68.53,76.59,0,0
BTG.V,D,20180427,000000,76.42,79.28,72.36,73.25,0,0
BTG.V,D,20180428,000000,73.25,76.97,72.58,76.4,0,0
BTG.V,D,20180429,000000,76.4,82.11,73.5,76.92,0,0
BTG.V,D,20180430,000000,76.93,79.16,72.93,73.21,0,0
BTG.V,D,20180501,000000,73.21,73.72,68.3,71.03,0,0
BTG.V,D,20180502,000000,71.03,76.54,70.3,75.86,0,0
BTG.V,D,20180503,000000,75.88,77.73,73.37,76.7,0,0
BTG.V,D,20180504,000000,76.69,77.34,73.39,74.99,0,0
BTG.V,D,20180505,000000,74.99,82.09,74.79,79.04,0,0
BTG.V,D,20180506,000000,79.04,84.4,74.1,75.65,0,0
BTG.V,D,20180507,000000,75.65,77.64,70.61,73.64,0,0
BTG.V,D,20180508,000000,73.64,75.38,69.55,70.99,0,0
BTG.V,D,20180509,000000,70.99,71.67,65.89,69.26,0,0
BTG.V,D,20180510,000000,69.26,70.49,66.08,66.46,0,0
BTG.V,D,20180511,000000,66.46,66.47,54.73,56.32,0,0
BTG.V,D,20180512,000000,56.32,58.68,52.56,56.11,0,0
BTG.V,D,20180513,000000,56.11,59.85,55.06,59.37,0,0
BTG.V,D,20180514,000000,59.37,59.84,54.81,59.03,0,0
BTG.V,D,20180515,000000,59.03,64.64,57.38,58.97,0,0
BTG.V,D,20180516,000000,59,59.11,54.16,58.7,0,0
BTG.V,D,20180517,000000,58.7,59.92,53.74,53.76,0,0
BTG.V,D,20180518,000000,53.74,54.45,51.81,54.38,0,0
BTG.V,D,20180519,000000,54.38,54.65,51.85,52.9,0,0
BTG.V,D,20180520,000000,52.75,56.76,52.7,56.41,0,0
BTG.V,D,20180521,000000,56.41,56.41,52.94,53.34,0,0
BTG.V,D,20180522,000000,53.34,53.85,51.21,51.22,0,0
BTG.V,D,20180523,000000,51.23,51.46,44.34,45.49,0,0
BTG.V,D,20180524,000000,45.71,47.47,43.72,46.02,0,0
BTG.V,D,20180525,000000,46.02,47.19,44.97,45.26,0,0
BTG.V,D,20180526,000000,45.27,46.05,44.28,45.31,0,0
BTG.V,D,20180527,000000,45.31,45.31,43.77,44.01,0,0
BTG.V,D,20180528,000000,44.01,44.74,40.77,40.8,0,0
BTG.V,D,20180529,000000,40.8,43.99,40.02,43.5,0,0
BTG.V,D,20180530,000000,43.49,44.9,41.18,41.41,0,0
BTG.V,D,20180531,000000,41.42,45.65,41.28,44.46,0,0
BTG.V,D,20180601,000000,44.43,44.8,42.62,42.78,0,0
BTG.V,D,20180602,000000,42.78,45.94,42.74,45.56,0,0
BTG.V,D,20180603,000000,45.56,47.88,44.89,46.27,0,0
BTG.V,D,20180604,000000,46.27,47.5,43.26,45.13,0,0
BTG.V,D,20180605,000000,45.13,46.26,43.55,45.51,0,0
BTG.V,D,20180606,000000,45.51,45.86,44.14,45.17,0,0
BTG.V,D,20180607,000000,45.17,45.89,44.86,44.96,0,0
BTG.V,D,20180608,000000,44.96,45.07,43.3,44.07,0,0
BTG.V,D,20180609,000000,44.07,44.21,43.49,43.72,0,0
BTG.V,D,20180610,000000,43.76,43.77,35.78,35.85,0,0
BTG.V,D,20180611,000000,35.85,37.03,35.1,36.95,0,0
BTG.V,D,20180612,000000,36.95,38.35,33.73,34.31,0,0
BTG.V,D,20180613,000000,34.31,34.84,30.83,32.06,0,0
BTG.V,D,20180614,000000,32.06,35.17,31.55,34.8,0,0
BTG.V,D,20180615,000000,34.71,34.89,32.12,32.35,0,0
BTG.V,D,20180616,000000,32.36,33.79,31.7,32.48,0,0
BTG.V,D,20180617,000000,32.48,33.79,31.65,31.75,0,0
BTG.V,D,20180618,000000,31.75,33.32,31.16,32.31,0,0
BTG.V,D,20180619,000000,32.31,33.61,30.23,32.49,0,0
BTG.V,D,20180620,000000,32.49,33.32,31.06,31.38,0,0
BTG.V,D,20180621,000000,31.38,32.67,30.82,31.03,0,0
BTG.V,D,20180622,000000,31.03,31.77,24.72,25.4,0,0
BTG.V,D,20180623,000000,25.4,26.67,24.44,25.7,0,0
BTG.V,D,20180624,000000,25.71,25.81,22,24.89,0,0
BTG.V,D,20180625,000000,24.89,25.55,23.55,25.46,0,0
BTG.V,D,20180626,000000,25.46,26.2,24.67,24.89,0,0
BTG.V,D,20180627,000000,24.89,24.91,23.65,24.36,0,0
BTG.V,D,20180628,000000,24.36,24.84,23.9,23.9,0,0
BTG.V,D,20180629,000000,23.9,24.13,22.98,23.27,0,0
BTG.V,D,20180630,000000,23.28,26.37,23.28,25.69,0,0
BTG.V,D,20180701,000000,25.69,26.45,25.48,26.18,0,0
BTG.V,D,20180702,000000,26.18,30.39,26.17,30.37,0,0
BTG.V,D,20180703,000000,30.4,31.25,28.72,29.45,0,0
BTG.V,D,20180704,000000,29.45,30.69,27.67,30.54,0,0
BTG.V,D,20180705,000000,30.66,30.67,27.87,28.28,0,0
BTG.V,D,20180706,000000,28.28,28.67,27.05,28.19,0,0
BTG.V,D,20180707,000000,28.2,31.63,28.11,29.79,0,0
BTG.V,D,20180708,000000,29.79,31.38,29.59,30.58,0,0
BTG.V,D,20180709,000000,30.65,30.85,29.16,30.03,0,0
BTG.V,D,20180710,000000,30.01,30.67,27.08,27.48,0,0
BTG.V,D,20180711,000000,27.48,27.97,26.62,27,0,0
BTG.V,D,20180712,000000,27,27.39,25.13,25.34,0,0
BTG.V,D,20180713,000000,25.34,28.86,25.06,27.22,0,0
BTG.V,D,20180714,000000,27.22,27.5,26.63,27.38,0,0
BTG.V,D,20180715,000000,27.38,29.37,27.13,28.49,0,0
BTG.V,D,20180716,000000,28.49,29.97,28.09,29.46,0,0
BTG.V,D,20180717,000000,29.62,33.18,28.8,32.14,0,0
BTG.V,D,20180718,000000,32.14,33.21,30.56,31.18,0,0
BTG.V,D,20180719,000000,31.18,32.34,30.48,30.93,0,0
BTG.V,D,20180720,000000,30.93,31.38,27.84,27.98,0,0
BTG.V,D,20180721,000000,27.98,29.4,27.43,29.03,0,0
BTG.V,D,20180722,000000,29.03,30.44,28.32,28.41,0,0
BTG.V,D,20180723,000000,28.41,32.89,28.17,31.36,0,0
BTG.V,D,20180724,000000,31.36,32.87,29.35,31.76,0,0
BTG.V,D,20180725,000000,31.76,32.29,29.78,30.89,0,0
BTG.V,D,20180726,000000,30.89,31.6,29.65,29.79,0,0
BTG.V,D,20180727,000000,29.66,30.34,28.51,29.77,0,0
BTG.V,D,20180728,000000,29.77,29.93,28.51,28.85,0,0
BTG.V,D,20180729,000000,28.88,29.67,28.65,29.15,0,0
BTG.V,D,20180730,000000,29.1,29.6,27.52,28.5,0,0
BTG.V,D,20180731,000000,28.5,28.63,25.77,26.21,0,0
BTG.V,D,20180801,000000,26.21,26.6,24.86,25.29,0,0
BTG.V,D,20180802,000000,25.29,26.18,23.96,24.2,0,0
BTG.V,D,20180803,000000,24.2,24.54,22.33,23.5,0,0
BTG.V,D,20180804,000000,23.52,24.86,23.06,23.43,0,0
BTG.V,D,20180805,000000,23.43,25.48,23.23,25.13,0,0
BTG.V,D,20180806,000000,25.13,26.9,24.18,25.02,0,0
BTG.V,D,20180807,000000,25.02,26.08,22.94,23.14,0,0
BTG.V,D,20180808,000000,23.15,23.79,20.4,21.55,0,0
BTG.V,D,20180809,000000,21.55,22.71,21.05,22.57,0,0
BTG.V,D,20180810,000000,22.57,22.68,20.56,20.61,0,0
BTG.V,D,20180811,000000,20.61,21.02,18.99,20.37,0,0
BTG.V,D,20180812,000000,20.37,20.54,19.24,19.95,0,0
BTG.V,D,20180813,000000,19.95,20.04,17.55,17.96,0,0
BTG.V,D,20180814,000000,17.87,17.88,13.68,15.41,0,0
BTG.V,D,20180815,000000,15.41,17.72,15.18,16.93,0,0
BTG.V,D,20180816,000000,16.93,17.51,16.13,16.85,0,0
BTG.V,D,20180817,000000,16.85,19.13,16.84,19.13,0,0
BTG.V,D,20180818,000000,19.13,21.65,17.65,18.44,0,0
BTG.V,D,20180819,000000,18.44,21,17.88,20.24,0,0
BTG.V,D,20180820,000000,20.24,20.34,18.76,19.07,0,0
BTG.V,D,20180821,000000,19.03,19.03,17.66,18.36,0,0
BTG.V,D,20180822,000000,18.36,19.95,18.03,18.12,0,0
BTG.V,D,20180823,000000,18.12,18.58,17.84,18.37,0,0
BTG.V,D,20180824,000000,18.37,19.55,18.32,19.18,0,0
BTG.V,D,20180825,000000,19.18,20.96,19.1,20.12,0,0
BTG.V,D,20180826,000000,20.12,20.38,19.03,19.41,0,0
BTG.V,D,20180827,000000,19.41,20.53,19.31,20.42,0,0
BTG.V,D,20180828,000000,20.33,22.41,20.18,21.74,0,0
BTG.V,D,20180829,000000,21.74,23.12,21.24,23.03,0,0
BTG.V,D,20180830,000000,23.03,23.12,21.23,21.77,0,0
BTG.V,D,20180831,000000,21.77,22.84,21.52,22.49,0,0
BTG.V,D,20180901,000000,22.49,22.86,21.06,22.37,0,0
BTG.V,D,20180902,000000,22.36,22.38,21.31,21.71,0,0
BTG.V,D,20180903,000000,21.71,22.08,21.28,21.56,0,0
BTG.V,D,20180904,000000,21.56,22.12,21.33,21.65,0,0
BTG.V,D,20180905,000000,21.65,24.15,19.99,20.26,0,0
BTG.V,D,20180906,000000,20.26,20.27,17.61,19.42,0,0
BTG.V,D,20180907,000000,19.42,20.12,18.62,19.05,0,0
BTG.V,D,20180908,000000,19.05,20.2,18.61,18.77,0,0
BTG.V,D,20180909,000000,18.77,19.94,18.01,19.47,0,0
BTG.V,D,20180910,000000,19.47,19.8,19.13,19.39,0,0
BTG.V,D,20180911,000000,19.39,19.81,18.83,19.07,0,0
BTG.V,D,20180912,000000,19.07,19.54,18.32,19.1,0,0
BTG.V,D,20180913,000000,19.1,20.9,19.03,20.2,0,0
BTG.V,D,20180914,000000,20.2,20.76,19.66,20.74,0,0
BTG.V,D,20180915,000000,20.74,20.8,20.11,20.37,0,0
BTG.V,D,20180916,000000,20.37,21.21,19.93,21.03,0,0
BTG.V,D,20180917,000000,21.03,21.41,19.77,20.51,0,0
BTG.V,D,20180918,000000,20.51,21.8,20.22,21.38,0,0
BTG.V,D,20180919,000000,21.38,21.73,20.54,21.16,0,0
BTG.V,D,20180920,000000,21.16,21.36,20.82,21.21,0,0
BTG.V,D,20180921,000000,21.21,23.08,21.08,22.49,0,0
BTG.V,D,20180922,000000,22.49,23.13,22.06,22.44,0,0
BTG.V,D,20180923,000000,22.44,23.09,22.19,22.8,0,0
BTG.V,D,20180924,000000,22.8,23,22.16,22.36,0,0
BTG.V,D,20180925,000000,22.36,22.37,21.55,21.91,0,0
BTG.V,D,20180926,000000,21.91,24.69,21.75,23.97,0,0
BTG.V,D,20180927,000000,23.97,29.38,23.25,27.12,0,0
BTG.V,D,20180928,000000,27.12,28.73,25.24,27.45,0,0
BTG.V,D,20180929,000000,27.45,27.77,25.45,26.06,0,0
BTG.V,D,20180930,000000,26.06,26.67,25.65,25.67,0,0
BTG.V,D,20181001,000000,25.67,26.29,25.03,25.64,0,0
BTG.V,D,20181002,000000,25.64,25.92,25.21,25.59,0,0
BTG.V,D,20181003,000000,25.59,25.69,25,25.35,0,0
BTG.V,D,20181004,000000,25.31,26.52,25.31,25.94,0,0
BTG.V,D,20181005,000000,25.94,28.34,25.62,26.92,0,0
BTG.V,D,20181006,000000,26.92,29.84,26.92,27.79,0,0
BTG.V,D,20181007,000000,27.79,28.36,26.83,26.99,0,0
BTG.V,D,20181008,000000,26.99,28.08,26.85,27.68,0,0
BTG.V,D,20181009,000000,27.68,27.82,26.81,27.2,0,0
BTG.V,D,20181010,000000,27.2,27.28,26.31,26.66,0,0
BTG.V,D,20181011,000000,26.66,26.69,24.02,24.41,0,0
BTG.V,D,20181012,000000,24.41,26.03,23.76,25.55,0,0
BTG.V,D,20181013,000000,25.55,25.69,24.68,24.81,0,0
BTG.V,D,20181014,000000,24.81,25.4,24.67,25.04,0,0
BTG.V,D,20181015,000000,25.04,29.27,24.72,26.63,0,0
BTG.V,D,20181016,000000,26.63,27.54,26.5,27.22,0,0
BTG.V,D,20181017,000000,27.21,27.41,26.53,27.05,0,0
BTG.V,D,20181018,000000,27.05,27.34,26.22,26.22,0,0
BTG.V,D,20181019,000000,26.22,26.68,25.85,26.36,0,0
BTG.V,D,20181020,000000,26.36,27.2,26.22,27.04,0,0
BTG.V,D,20181021,000000,27.04,27.16,26.47,26.79,0,0
BTG.V,D,20181022,000000,26.79,26.89,26.05,26.57,0,0
BTG.V,D,20181023,000000,26.57,27.37,26.12,27.24,0,0
BTG.V,D,20181024,000000,27.24,28.61,26.86,27.89,0,0
BTG.V,D,20181025,000000,27.89,27.9,27.22,27.54,0,0
BTG.V,D,20181026,000000,27.5,27.66,27.02,27.13,0,0
BTG.V,D,20181027,000000,27.13,27.35,27.02,27.3,0,0
BTG.V,D,20181028,000000,27.3,27.98,27.16,27.16,0,0
BTG.V,D,20181029,000000,27.16,27.3,26.41,26.6,0,0
BTG.V,D,20181030,000000,26.6,26.95,25.88,26,0,0
BTG.V,D,20181031,000000,26,27.24,25.78,26.55,0,0
BTG.V,D,20181101,000000,26.55,26.89,26.31,26.84,0,0
BTG.V,D,20181102,000000,26.84,27.73,26.67,27.62,0,0
BTG.V,D,20181103,000000,27.62,27.68,27.06,27.07,0,0
BTG.V,D,20181104,000000,27.07,31.33,26.94,29.75,0,0
BTG.V,D,20181105,000000,29.75,30.53,29.01,29.82,0,0
BTG.V,D,20181106,000000,29.82,31.99,29.54,31.82,0,0
BTG.V,D,20181107,000000,31.82,32.63,31.17,31.72,0,0
BTG.V,D,20181108,000000,31.72,31.95,30.1,30.25,0,0
BTG.V,D,20181109,000000,30.25,30.32,29.29,29.42,0,0
BTG.V,D,20181110,000000,29.42,30.28,29.32,30.13,0,0
BTG.V,D,20181111,000000,30.13,30.49,29.61,29.76,0,0
BTG.V,D,20181112,000000,29.76,30.06,28.5,28.66,0,0
BTG.V,D,20181113,000000,28.66,29.32,28.38,28.43,0,0
BTG.V,D,20181114,000000,28.43,29.46,25.24,26.25,0,0
BTG.V,D,20181115,000000,26.25,27.1,25.55,26.87,0,0
BTG.V,D,20181116,000000,26.87,27.49,26.06,26.11,0,0
BTG.V,D,20181117,000000,26.11,27.45,26.11,27.2,0,0
BTG.V,D,20181118,000000,27.2,28.15,27.19,27.26,0,0
BTG.V,D,20181119,000000,27.26,28.01,26.26,26.33,0,0
BTG.V,D,20181120,000000,26.33,26.54,18.02,20.27,0,0
BTG.V,D,20181121,000000,20.27,22.34,19.6,21.52,0,0
BTG.V,D,20181122,000000,21.52,22.01,20.3,20.83,0,0
BTG.V,D,20181123,000000,20.83,20.83,18.74,19.78,0,0
BTG.V,D,20181124,000000,19.78,22.91,17.2,18.2,0,0
BTG.V,D,20181125,000000,18.2,20.89,17.21,19.75,0,0
BTG.V,D,20181126,000000,19.75,20.98,16.81,18.04,0,0
BTG.V,D,20181127,000000,18.04,19.1,17.67,18.83,0,0
BTG.V,D,20181128,000000,18.83,20.5,18.37,19.55,0,0
BTG.V,D,20181129,000000,19.55,19.86,18.49,18.82,0,0
BTG.V,D,20181130,000000,18.82,19.55,17.58,18.21,0,0
BTG.V,D,20181201,000000,18.21,19.21,17.88,18.9,0,0
BTG.V,D,20181202,000000,18.9,19.05,17.95,18.36,0,0
BTG.V,D,20181203,000000,18.36,18.5,16.79,17.19,0,0
BTG.V,D,20181204,000000,17.19,17.67,15.85,16.34,0,0
BTG.V,D,20181205,000000,16.4,16.51,15.17,15.24,0,0
BTG.V,D,20181206,000000,15.24,15.83,14.26,14.33,0,0
BTG.V,D,20181207,000000,14.33,14.41,11.23,12.55,0,0
BTG.V,D,20181208,000000,12.55,13.29,11.33,12.33,0,0
BTG.V,D,20181209,000000,12.36,13.06,11.87,12.48,0,0
BTG.V,D,20181210,000000,12.48,12.8,11.81,12.09,0,0
BTG.V,D,20181211,000000,12.09,12.21,11.25,11.52,0,0
BTG.V,D,20181212,000000,11.52,12.13,11.43,11.98,0,0
BTG.V,D,20181213,000000,11.98,12.1,11.25,11.45,0,0
BTG.V,D,20181214,000000,11.45,11.64,10.79,11.05,0,0
BTG.V,D,20181215,000000,11.05,11.21,10.4,10.67,0,0
BTG.V,D,20181216,000000,10.67,12.92,10.56,11.4,0,0
BTG.V,D,20181217,000000,11.33,13.08,11.15,12.54,0,0
BTG.V,D,20181218,000000,12.54,12.78,12.12,12.73,0,0
BTG.V,D,20181219,000000,12.73,14.05,12.73,12.94,0,0
BTG.V,D,20181220,000000,12.94,15.65,12.94,15.12,0,0
BTG.V,D,20181221,000000,15.12,16.98,14.07,14.54,0,0
BTG.V,D,20181222,000000,14.54,15.38,14.25,14.85,0,0
BTG.V,D,20181223,000000,14.85,16.19,14.84,15.4,0,0
BTG.V,D,20181224,000000,15.4,16.62,15.27,15.68,0,0
BTG.V,D,20181225,000000,15.68,15.72,13.63,14.31,0,0
BTG.V,D,20181226,000000,14.3,15.3,14.19,14.62,0,0
BTG.V,D,20181227,000000,14.62,14.88,13.32,13.57,0,0
BTG.V,D,20181228,000000,13.57,14.99,13.22,14.92,0,0
BTG.V,D,20181229,000000,14.92,15.1,14.14,14.78,0,0
BTG.V,D,20181230,000000,14.78,14.88,13.78,13.84,0,0
BTG.V,D,20181231,000000,13.84,14.04,12.63,12.69,0,0
BTG.V,D,20190101,000000,12.69,13.49,12.69,13.26,0,0
BTG.V,D,20190102,000000,13.26,13.91,13.14,13.84,0,0
BTG.V,D,20190103,000000,13.84,14.01,13.07,13.23,0,0
BTG.V,D,20190104,000000,13.23,13.45,12.86,13.23,0,0
BTG.V,D,20190105,000000,13.23,13.53,13.14,13.26,0,0
BTG.V,D,20190106,000000,13.26,14.54,12.98,14.07,0,0
BTG.V,D,20190107,000000,14.07,14.15,13.35,13.62,0,0
BTG.V,D,20190108,000000,13.62,13.9,13.15,13.82,0,0
BTG.V,D,20190109,000000,13.82,13.86,13.12,13.55,0,0
BTG.V,D,20190110,000000,13.55,13.89,12.17,12.45,0,0
BTG.V,D,20190111,000000,12.48,12.49,11.85,12.41,0,0
BTG.V,D,20190112,000000,12.41,12.67,12.29,12.36,0,0
BTG.V,D,20190113,000000,12.36,12.52,11.72,11.9,0,0
BTG.V,D,20190114,000000,11.9,12.75,11.85,12.51,0,0
BTG.V,D,20190115,000000,12.51,12.64,11.97,12.02,0,0
BTG.V,D,20190116,000000,12.02,12.43,11.83,11.85,0,0
BTG.V,D,20190117,000000,11.85,12.16,11.48,11.8,0,0
BTG.V,D,20190118,000000,11.8,11.99,10.88,11.16,0,0
BTG.V,D,20190119,000000,11.16,12.38,11.14,11.68,0,0
BTG.V,D,20190120,000000,11.68,11.81,11.13,11.32,0,0
BTG.V,D,20190121,000000,11.32,11.45,11.14,11.21,0,0
BTG.V,D,20190122,000000,11.21,11.57,10.94,11.37,0,0
BTG.V,D,20190123,000000,11.37,11.57,11.15,11.29,0,0
BTG.V,D,20190124,000000,11.29,11.53,11.18,11.44,0,0
BTG.V,D,20190125,000000,11.44,11.46,11.21,11.33,0,0
BTG.V,D,20190126,000000,11.33,11.55,11.21,11.27,0,0
BTG.V,D,20190127,000000,11.27,11.28,10.95,11.03,0,0
BTG.V,D,20190128,000000,11.03,11.03,8.61,9.63,0,0
BTG.V,D,20190129,000000,9.63,10.12,9.46,10.03,0,0
BTG.V,D,20190130,000000,10.03,11.14,9.82,10.36,0,0
BTG.V,D,20190131,000000,10.36,10.52,9.89,10.03,0,0
BTG.V,D,20190201,000000,10.03,10.32,9.69,10.24,0,0
BTG.V,D,20190202,000000,10.24,10.27,9.88,9.99,0,0
BTG.V,D,20190203,000000,9.99,10.15,9.77,9.83,0,0
BTG.V,D,20190204,000000,9.83,10.12,9.72,9.87,0,0
BTG.V,D,20190205,000000,9.87,9.95,9.46,9.68,0,0
BTG.V,D,20190206,000000,9.68,9.72,9.28,9.37,0,0
BTG.V,D,20190207,000000,9.37,9.87,9.27,9.42,0,0
BTG.V,D,20190208,000000,9.42,10.98,9.16,10.59,0,0
BTG.V,D,20190209,000000,10.59,10.69,10.15,10.54,0,0
BTG.V,D,20190210,000000,10.54,10.55,9.78,10.41,0,0
BTG.V,D,20190211,000000,10.41,10.51,10.1,10.23,0,0
BTG.V,D,20190212,000000,10.23,10.6,10.07,10.39,0,0
BTG.V,D,20190213,000000,10.39,10.6,10.2,10.3,0,0
BTG.V,D,20190214,000000,10.29,10.35,10.12,10.25,0,0
BTG.V,D,20190215,000000,10.24,10.53,10.08,10.3,0,0
BTG.V,D,20190216,000000,10.3,10.52,10.09,10.41,0,0
BTG.V,D,20190217,000000,10.41,10.57,10.24,10.39,0,0
BTG.V,D,20190218,000000,10.42,13.24,10.42,12.14,0,0
BTG.V,D,20190219,000000,12.14,13.22,11.92,12.79,0,0
BTG.V,D,20190220,000000,12.79,12.93,12.32,12.6,0,0
BTG.V,D,20190221,000000,12.6,13.75,12.3,12.56,0,0
BTG.V,D,20190222,000000,12.56,13.07,12.44,12.87,0,0
BTG.V,D,20190223,000000,12.87,13.85,12.43,13.67,0,0
BTG.V,D,20190224,000000,13.67,14.29,12.12,12.71,0,0
BTG.V,D,20190225,000000,12.71,13.09,12.44,13.01,0,0
BTG.V,D,20190226,000000,13.01,13.08,12.65,12.91,0,0
BTG.V,D,20190227,000000,12.91,13.1,12.35,12.59,0,0
BTG.V,D,20190228,000000,12.65,12.93,12.65,12.79,0,0
BTG.V,D,20190301,000000,12.79,12.91,12.54,12.78,0,0
BTG.V,D,20190302,000000,12.78,12.83,12.55,12.66,0,0
BTG.V,D,20190303,000000,12.66,12.69,12.2,12.27,0,0
BTG.V,D,20190304,000000,12.27,12.4,11.65,11.91,0,0
BTG.V,D,20190305,000000,11.91,12.81,11.85,12.59,0,0
BTG.V,D,20190306,000000,12.52,12.86,12.47,12.78,0,0
BTG.V,D,20190307,000000,12.78,12.88,12.49,12.63,0,0
BTG.V,D,20190308,000000,12.63,13.39,12.51,12.67,0,0
BTG.V,D,20190309,000000,12.67,13.12,12.64,12.89,0,0
BTG.V,D,20190310,000000,12.89,12.92,12.59,12.78,0,0
BTG.V,D,20190311,000000,12.77,12.82,12.28,12.37,0,0
BTG.V,D,20190312,000000,12.37,12.63,12.11,12.56,0,0
BTG.V,D,20190313,000000,12.56,13.25,12.34,12.82,0,0
BTG.V,D,20190314,000000,12.81,13.91,12.73,13.36,0,0
BTG.V,D,20190315,000000,13.36,13.7,13.12,13.57,0,0
BTG.V,D,20190316,000000,13.57,14.44,13.26,13.69,0,0
BTG.V,D,20190317,000000,13.69,13.78,13.12,13.27,0,0
BTG.V,D,20190318,000000,13.27,13.55,13.11,13.12,0,0
BTG.V,D,20190319,000000,13.12,13.22,13.02,13.18,0,0
BTG.V,D,20190320,000000,13.18,13.39,13.09,13.36,0,0
BTG.V,D,20190321,000000,13.36,13.39,12.74,12.9,0,0
BTG.V,D,20190322,000000,12.9,13.25,12.86,12.99,0,0
BTG.V,D,20190323,000000,12.98,13.17,12.89,13.03,0,0
BTG.V,D,20190324,000000,13.03,13.09,12.86,13.02,0,0
BTG.V,D,20190325,000000,13.02,13.09,12.31,12.39,0,0
BTG.V,D,20190326,000000,12.39,12.52,12.08,12.18,0,0
BTG.V,D,20190327,000000,12.19,13.21,12.14,12.96,0,0
BTG.V,D,20190328,000000,12.96,13.09,12.61,12.66,0,0
BTG.V,D,20190329,000000,12.66,13.13,12.65,13.11,0,0
BTG.V,D,20190330,000000,13.11,13.29,12.76,12.85,0,0
BTG.V,D,20190331,000000,12.85,13.1,12.72,13.06,0,0
BTG.V,D,20190401,000000,13.06,14.07,12.92,13.57,0,0
BTG.V,D,20190402,000000,13.57,15.19,13.29,14.88,0,0
BTG.V,D,20190403,000000,14.89,17.66,14.78,16.71,0,0
BTG.V,D,20190404,000000,16.71,17.36,15.18,15.51,0,0
BTG.V,D,20190405,000000,15.51,20.4,14.96,18.25,0,0
BTG.V,D,20190406,000000,18.25,20.37,17.87,18.75,0,0
BTG.V,D,20190407,000000,18.75,19.28,18.29,18.85,0,0
BTG.V,D,20190408,000000,18.85,19.45,17.73,17.99,0,0
BTG.V,D,20190409,000000,17.99,18.45,17.2,17.88,0,0
BTG.V,D,20190410,000000,17.88,19.29,17.61,17.78,0,0
BTG.V,D,20190411,000000,17.78,18.11,16.01,16.31,0,0
BTG.V,D,20190412,000000,16.31,16.73,15.82,16.38,0,0
BTG.V,D,20190413,000000,16.38,16.44,15.99,16.09,0,0
BTG.V,D,20190414,000000,16.08,16.15,15.76,16.1,0,0
BTG.V,D,20190415,000000,16.13,17.65,16.11,16.36,0,0
BTG.V,D,20190416,000000,16.36,17.03,16.11,16.92,0,0
BTG.V,D,20190417,000000,16.92,17.51,16.8,17.24,0,0
BTG.V,D,20190418,000000,17.24,17.49,17.04,17.45,0,0
BTG.V,D,20190419,000000,17.45,18.84,17.17,17.35,0,0
BTG.V,D,20190420,000000,17.35,17.69,17.17,17.25,0,0
BTG.V,D,20190421,000000,17.25,17.34,16.46,16.69,0,0
BTG.V,D,20190422,000000,16.69,17.39,16.63,17.1,0,0
BTG.V,D,20190423,000000,17.1,17.6,16.94,17.13,0,0
BTG.V,D,20190424,000000,17.13,17.17,15.76,15.94,0,0
BTG.V,D,20190425,000000,15.94,16.15,15.4,15.75,0,0
BTG.V,D,20190426,000000,15.76,16.95,14.48,16.69,0,0
BTG.V,D,20190427,000000,16.69,16.89,15.74,16.11,0,0
BTG.V,D,20190428,000000,16.11,16.88,15.88,15.95,0,0
BTG.V,D,20190429,000000,15.95,16.85,15.5,15.57,0,0
BTG.V,D,20190430,000000,15.56,16.92,15.45,16.17,0,0
BTG.V,D,20190501,000000,16.17,18.03,16.16,17.35,0,0
BTG.V,D,20190502,000000,17.35,17.69,16.52,16.79,0,0
BTG.V,D,20190503,000000,16.78,20.13,16.66,19.52,0,0
BTG.V,D,20190504,000000,19.52,19.9,17.73,19.42,0,0
BTG.V,D,20190505,000000,19.42,19.75,18.32,18.49,0,0
BTG.V,D,20190506,000000,18.49,19.61,17.82,19.26,0,0
BTG.V,D,20190507,000000,19.21,20.54,18.26,19.93,0,0
BTG.V,D,20190508,000000,19.93,20.55,18.42,20.49,0,0
BTG.V,D,20190509,000000,20.49,21.64,19.22,20.14,0,0
BTG.V,D,20190510,000000,20.14,20.71,19.2,20.22,0,0
BTG.V,D,20190511,000000,20.22,21.97,20.18,21.77,0,0
BTG.V,D,20190512,000000,21.77,24.91,21.59,22.11,0,0
BTG.V,D,20190513,000000,22.11,23.76,21.45,23.68,0,0
BTG.V,D,20190514,000000,23.68,24.09,22.08,22.37,0,0
BTG.V,D,20190515,000000,22.37,24.88,22.26,24.52,0,0
BTG.V,D,20190516,000000,24.52,25.59,22.55,23.21,0,0
BTG.V,D,20190517,000000,23.21,23.29,20.66,21.34,0,0
BTG.V,D,20190518,000000,21.34,22.18,20.58,20.85,0,0
BTG.V,D,20190519,000000,20.85,22.83,20.64,22.6,0,0
BTG.V,D,20190520,000000,22.6,22.99,20.83,21.84,0,0
BTG.V,D,20190521,000000,21.84,25.02,21.19,23.3,0,0
BTG.V,D,20190522,000000,23.3,24.68,22.66,22.68,0,0
BTG.V,D,20190523,000000,22.68,23.27,21.62,23.26,0,0
BTG.V,D,20190524,000000,23.32,23.7,22.65,23,0,0
BTG.V,D,20190525,000000,23,23.42,22.47,22.64,0,0
BTG.V,D,20190526,000000,22.64,24.52,22.26,24.36,0,0
BTG.V,D,20190527,000000,24.36,25.12,23.51,24.49,0,0
BTG.V,D,20190528,000000,24.49,25.14,23.55,24.64,0,0
BTG.V,D,20190529,000000,24.64,26.33,23.49,26.19,0,0
BTG.V,D,20190530,000000,26.19,30.81,26.09,26.88,0,0
BTG.V,D,20190531,000000,26.88,28.51,26.32,28.48,0,0
BTG.V,D,20190601,000000,28.63,29.37,27.81,28.79,0,0
BTG.V,D,20190602,000000,28.8,29.84,27.92,28.92,0,0
BTG.V,D,20190603,000000,28.92,30.2,27.61,28.26,0,0
BTG.V,D,20190604,000000,28.26,28.38,25.01,25.03,0,0
BTG.V,D,20190605,000000,25.03,26.47,24.85,25.28,0,0
BTG.V,D,20190606,000000,25.28,25.72,24.44,25.19,0,0
BTG.V,D,20190607,000000,25.19,27.43,25.09,26.31,0,0
BTG.V,D,20190608,000000,26.31,27.21,25.45,25.74,0,0
BTG.V,D,20190609,000000,25.74,26.15,24.23,24.48,0,0
BTG.V,D,20190610,000000,24.48,26.45,24.17,25.5,0,0
BTG.V,D,20190611,000000,25.5,26.16,24.62,25.39,0,0
BTG.V,D,20190612,000000,25.39,26.49,25.11,26,0,0
BTG.V,D,20190613,000000,26,26.88,25.87,26.84,0,0
BTG.V,D,20190614,000000,26.84,26.87,26.12,26.78,0,0
BTG.V,D,20190615,000000,26.78,27.3,26.43,26.43,0,0
BTG.V,D,20190616,000000,26.43,27.96,26.43,27.41,0,0
BTG.V,D,20190617,000000,27.49,28.24,26.8,27.61,0,0
BTG.V,D,20190618,000000,27.61,27.92,26.45,26.66,0,0
BTG.V,D,20190619,000000,26.66,27.99,26.28,27.79,0,0
BTG.V,D,20190620,000000,27.79,28.59,27.11,28.32,0,0
BTG.V,D,20190621,000000,28.32,28.87,28.01,28.2,0,0
BTG.V,D,20190622,000000,28.2,31.7,28.14,30.65,0,0
BTG.V,D,20190623,000000,30.65,31.91,29.34,31.16,0,0
BTG.V,D,20190624,000000,31.16,31.2,29.63,30.24,0,0
BTG.V,D,20190625,000000,30.24,31.45,29.48,31.18,0,0
BTG.V,D,20190626,000000,31.18,32.48,29.6,29.6,0,0
BTG.V,D,20190627,000000,29.6,30.7,26.04,26.41,0,0
BTG.V,D,20190628,000000,26.41,28.86,25.98,28.26,0,0
BTG.V,D,20190629,000000,28.26,28.94,26.59,28.32,0,0
BTG.V,D,20190630,000000,28.32,29.26,26.67,26.89,0,0
BTG.V,D,20190701,000000,26.89,27.45,25.58,26.06,0,0
BTG.V,D,20190702,000000,26.06,26.69,25.03,25.92,0,0
BTG.V,D,20190703,000000,25.92,27.71,25.76,26.25,0,0
BTG.V,D,20190704,000000,26.25,28.33,25.94,27.9,0,0
BTG.V,D,20190705,000000,27.9,27.9,26.4,26.7,0,0
BTG.V,D,20190706,000000,26.66,27,26.16,26.26,0,0
BTG.V,D,20190707,000000,26.26,26.96,25.99,26.51,0,0
BTG.V,D,20190708,000000,26.52,27.98,26.28,27.97,0,0
BTG.V,D,20190709,000000,27.97,29.81,27.44,29.19,0,0
BTG.V,D,20190710,000000,29.19,31.36,27.9,28.19,0,0
BTG.V,D,20190711,000000,28.19,30.3,26.8,29.38,0,0
BTG.V,D,20190712,000000,29.38,32.24,28.6,30.57,0,0
BTG.V,D,20190713,000000,30.57,31.16,27.53,27.53,0,0
BTG.V,D,20190714,000000,27.53,29.23,27.53,27.93,0,0
BTG.V,D,20190715,000000,27.93,28.47,25.27,28.13,0,0
BTG.V,D,20190716,000000,28.13,29.1,25.93,26.39,0,0
BTG.V,D,20190717,000000,26.44,27.76,25.41,27.24,0,0
BTG.V,D,20190718,000000,27.24,29.19,25.09,27.01,0,0
BTG.V,D,20190719,000000,27.01,28.21,25.31,26.26,0,0
BTG.V,D,20190720,000000,26.26,28.8,25.63,28.25,0,0
BTG.V,D,20190721,000000,28.25,28.27,26.17,26.56,0,0
BTG.V,D,20190722,000000,26.56,26.92,25.63,25.97,0,0
BTG.V,D,20190723,000000,25.95,26.14,21.59,22.57,0,0
BTG.V,D,20190724,000000,22.57,22.6,21.44,21.78,0,0
BTG.V,D,20190725,000000,21.78,22.24,21.14,21.26,0,0
BTG.V,D,20190726,000000,21.26,21.52,19.73,20.3,0,0
BTG.V,D,20190727,000000,20.3,21.31,18.84,19.26,0,0
BTG.V,D,20190728,000000,19.26,19.91,18.79,18.95,0,0
BTG.V,D,20190729,000000,18.95,19.56,18.23,18.93,0,0
BTG.V,D,20190730,000000,18.93,18.93,17.97,18.07,0,0
BTG.V,D,20190731,000000,18.07,18.63,18.07,18.49,0,0
BTG.V,D,20190801,000000,18.49,18.72,17.7,17.88,0,0
BTG.V,D,20190802,000000,17.88,18.22,17.44,17.64,0,0
BTG.V,D,20190803,000000,17.64,18.29,17.51,18.06,0,0
BTG.V,D,20190804,000000,18.06,18.14,17.26,17.51,0,0
BTG.V,D,20190805,000000,17.51,18.79,17.47,17.84,0,0
BTG.V,D,20190806,000000,17.84,18.33,16.99,16.99,0,0
BTG.V,D,20190807,000000,16.99,17.42,16.68,17.07,0,0
BTG.V,D,20190808,000000,17.07,17.13,15.83,16.03,0,0
BTG.V,D,20190809,000000,16.03,16.21,14.59,14.91,0,0
BTG.V,D,20190810,000000,14.91,16.06,14.64,15.07,0,0
BTG.V,D,20190811,000000,15.07,15.7,14.91,15.47,0,0
BTG.V,D,20190812,000000,15.47,15.64,14.96,15.16,0,0
BTG.V,D,20190813,000000,15.16,17.58,14.38,16.19,0,0
BTG.V,D,20190814,000000,16.19,17.78,14.24,14.43,0,0
BTG.V,D,20190815,000000,14.43,14.61,13.1,13.94,0,0
BTG.V,D,20190816,000000,13.94,14.29,12.98,14.05,0,0
BTG.V,D,20190817,000000,14.05,14.16,13.2,13.29,0,0
BTG.V,D,20190818,000000,13.29,14.12,13.27,14.04,0,0
BTG.V,D,20190819,000000,14.04,14.27,13.72,13.99,0,0
BTG.V,D,20190820,000000,13.99,14.17,13.48,13.66,0,0
BTG.V,D,20190821,000000,13.66,13.75,12.54,13.28,0,0
BTG.V,D,20190822,000000,13.27,13.64,12.83,13.57,0,0
BTG.V,D,20190823,000000,13.57,14.43,13.45,14.23,0,0
BTG.V,D,20190824,000000,14.23,14.44,13.59,13.81,0,0
BTG.V,D,20190825,000000,13.8,14.07,13.12,13.2,0,0
BTG.V,D,20190826,000000,13.2,13.62,13.02,13.06,0,0
BTG.V,D,20190827,000000,13.06,13.29,12.51,12.63,0,0
BTG.V,D,20190828,000000,12.63,12.89,11.63,11.66,0,0
BTG.V,D,20190829,000000,11.67,11.82,11.02,11.49,0,0
BTG.V,D,20190830,000000,11.49,11.87,11.01,11.14,0,0
BTG.V,D,20190831,000000,11.14,11.21,10.64,10.84,0,0
BTG.V,D,20190901,000000,10.84,10.97,10.57,10.9,0,0
BTG.V,D,20190902,000000,10.9,11.21,10.26,10.98,0,0
BTG.V,D,20190903,000000,10.98,11.51,10.94,11,0,0
BTG.V,D,20190904,000000,11,11.05,10.77,10.86,0,0
BTG.V,D,20190905,000000,10.86,10.94,10.36,10.45,0,0
BTG.V,D,20190906,000000,10.45,10.83,10.32,10.35,0,0
BTG.V,D,20190907,000000,10.35,10.8,10.29,10.66,0,0
BTG.V,D,20190908,000000,10.66,10.92,10.53,10.77,0,0
BTG.V,D,20190909,000000,10.77,10.99,10.39,10.91,0,0
BTG.V,D,20190910,000000,10.91,11.03,10.48,10.54,0,0
BTG.V,D,20190911,000000,10.54,10.65,10.09,10.2,0,0
BTG.V,D,20190912,000000,10.19,10.44,10.09,10.39,0,0
BTG.V,D,20190913,000000,10.39,10.43,9.872,9.974,0,0
BTG.V,D,20190914,000000,9.974,10.35,9.955,10.26,0,0
BTG.V,D,20190915,000000,10.27,10.44,10.16,10.21,0,0
BTG.V,D,20190916,000000,10.21,10.45,10.05,10.23,0,0
BTG.V,D,20190917,000000,10.23,10.42,9.867,10.37,0,0
BTG.V,D,20190918,000000,10.37,11.08,10.22,10.75,0,0
BTG.V,D,20190919,000000,10.75,10.89,9.959,10.86,0,0
BTG.V,D,20190920,000000,10.86,11.05,10.54,10.66,0,0
BTG.V,D,20190921,000000,10.65,11.2,10.28,10.28,0,0
BTG.V,D,20190922,000000,10.28,10.36,9.954,10.16,0,0
BTG.V,D,20190923,000000,10.16,10.2,9.549,9.673,0,0
BTG.V,D,20190924,000000,9.67,9.793,4.868,7.448,0,0
BTG.V,D,20190925,000000,7.55,8.407,6.89,7.867,0,0
BTG.V,D,20190926,000000,7.868,7.936,7.075,7.555,0,0
BTG.V,D,20190927,000000,7.557,7.779,7.311,7.706,0,0
BTG.V,D,20190928,000000,7.708,7.779,7.533,7.719,0,0
BTG.V,D,20190929,000000,7.719,7.865,7.271,7.395,0,0
BTG.V,D,20190930,000000,7.394,7.775,7.39,7.707,0,0
BTG.V,D,20191001,000000,7.706,7.932,7.623,7.72,0,0
BTG.V,D,20191002,000000,7.711,7.799,7.545,7.691,0,0
BTG.V,D,20191003,000000,7.691,7.819,7.437,7.59,0,0
BTG.V,D,20191004,000000,7.589,7.958,7.46,7.915,0,0
BTG.V,D,20191005,000000,7.915,8.438,7.864,7.986,0,0
BTG.V,D,20191006,000000,7.985,8.056,7.668,7.796,0,0
BTG.V,D,20191007,000000,7.795,8.214,7.631,8.166,0,0
BTG.V,D,20191008,000000,8.166,8.256,7.942,8.001,0,0
BTG.V,D,20191009,000000,8.002,8.742,8,8.549,0,0
BTG.V,D,20191010,000000,8.546,8.601,8.012,8.208,0,0
BTG.V,D,20191011,000000,8.212,8.369,7.161,7.486,0,0
BTG.V,D,20191012,000000,7.486,7.601,7.154,7.585,0,0
BTG.V,D,20191013,000000,7.584,7.957,7.584,7.914,0,0
BTG.V,D,20191014,000000,7.851,8.034,7.831,7.965,0,0
BTG.V,D,20191015,000000,7.964,8.387,7.963,8.138,0,0
BTG.V,D,20191016,000000,8.135,8.605,7.906,8.093,0,0
BTG.V,D,20191017,000000,8.1,8.393,8.031,8.305,0,0
BTG.V,D,20191018,000000,8.305,8.559,7.642,7.663,0,0
BTG.V,D,20191019,000000,7.669,7.701,7.39,7.421,0,0
BTG.V,D,20191020,000000,7.417,7.675,7.324,7.554,0,0
BTG.V,D,20191021,000000,7.553,7.719,7.468,7.618,0,0
BTG.V,D,20191022,000000,7.614,7.653,7.481,7.497,0,0
BTG.V,D,20191023,000000,7.497,7.528,6.736,6.983,0,0
BTG.V,D,20191024,000000,6.974,7.173,6.818,7.036,0,0
BTG.V,D,20191025,000000,7.035,7.873,6.972,7.719,0,0
BTG.V,D,20191026,000000,7.719,8.556,7.5,7.758,0,0
BTG.V,D,20191027,000000,7.759,8.202,7.584,8.081,0,0
BTG.V,D,20191028,000000,8.089,8.413,7.897,8.104,0,0
BTG.V,D,20191029,000000,8.107,8.597,7.977,8.444,0,0
BTG.V,D,20191030,000000,8.441,8.52,7.893,8.075,0,0
BTG.V,D,20191031,000000,8.075,8.178,7.862,8.093,0,0
BTG.V,D,20191101,000000,8.092,8.177,7.938,8.076,0,0
BTG.V,D,20191102,000000,8.069,8.397,8.062,8.193,0,0
BTG.V,D,20191103,000000,8.195,8.332,8.098,8.297,0,0
BTG.V,D,20191104,000000,8.3,8.628,8.151,8.53,0,0
BTG.V,D,20191105,000000,8.53,8.566,8.257,8.475,0,0
BTG.V,D,20191106,000000,8.475,8.822,8.406,8.641,0,0
BTG.V,D,20191107,000000,8.641,9.421,8.634,8.818,0,0
BTG.V,D,20191108,000000,8.816,8.963,8.193,8.41,0,0
BTG.V,D,20191109,000000,8.408,8.477,8.324,8.459,0,0
BTG.V,D,20191110,000000,8.457,8.919,8.413,8.851,0,0
BTG.V,D,20191111,000000,8.856,8.868,8.408,8.56,0,0
BTG.V,D,20191112,000000,8.559,8.666,8.315,8.458,0,0
BTG.V,D,20191113,000000,8.459,8.618,8.418,8.471,0,0
BTG.V,D,20191114,000000,8.468,8.521,7.988,8.142,0,0
BTG.V,D,20191115,000000,8.142,8.18,7.857,7.899,0,0
BTG.V,D,20191116,000000,7.901,7.923,7.754,7.9,0,0
BTG.V,D,20191117,000000,7.896,8.022,7.838,7.939,0,0
BTG.V,D,20191118,000000,7.94,7.959,7.44,7.519,0,0
BTG.V,D,20191119,000000,7.52,7.558,7.243,7.38,0,0
BTG.V,D,20191120,000000,7.38,7.481,7.32,7.422,0,0
BTG.V,D,20191121,000000,7.423,7.441,6.805,7.057,0,0
BTG.V,D,20191122,000000,7.058,7.088,6.225,6.63,0,0
BTG.V,D,20191123,000000,6.627,6.879,6.499,6.754,0,0
BTG.V,D,20191124,000000,6.762,6.788,6.353,6.406,0,0
BTG.V,D,20191125,000000,6.404,6.41,5.821,6.202,0,0
BTG.V,D,20191126,000000,6.202,6.29,6.018,6.16,0,0
BTG.V,D,20191127,000000,6.16,6.615,5.893,6.496,0,0
BTG.V,D,20191128,000000,6.506,6.701,6.459,6.508,0,0
BTG.V,D,20191129,000000,6.513,6.813,6.474,6.759,0,0
BTG.V,D,20191130,000000,6.76,6.787,6.27,6.355,0,0
BTG.V,D,20191201,000000,6.355,6.463,6.173,6.422,0,0
BTG.V,D,20191202,000000,6.422,6.468,5.98,6.151,0,0
BTG.V,D,20191203,000000,6.156,6.246,5.818,5.968,0,0
BTG.V,D,20191204,000000,5.969,6.227,5.776,5.836,0,0
BTG.V,D,20191205,000000,5.837,6.011,5.766,5.99,0,0
BTG.V,D,20191206,000000,5.992,6.119,5.909,6.069,0,0
BTG.V,D,20191207,000000,6.069,6.119,5.994,6.062,0,0
BTG.V,D,20191208,000000,6.063,6.082,5.957,6.008,0,0
BTG.V,D,20191209,000000,6.008,6.075,5.816,5.869,0,0
BTG.V,D,20191210,000000,5.869,5.869,5.66,5.749,0,0
BTG.V,D,20191211,000000,5.75,5.778,5.63,5.716,0,0
BTG.V,D,20191212,000000,5.718,5.782,5.601,5.708,0,0
BTG.V,D,20191213,000000,5.709,5.754,5.624,5.659,0,0
BTG.V,D,20191214,000000,5.66,5.736,5.586,5.605,0,0
BTG.V,D,20191215,000000,5.605,5.619,5.364,5.546,0,0
BTG.V,D,20191216,000000,5.546,5.572,5.232,5.249,0,0
BTG.V,D,20191217,000000,5.249,5.265,4.854,4.909,0,0
BTG.V,D,20191218,000000,4.907,5.469,4.891,5.469,0,0
BTG.V,D,20191219,000000,5.497,5.499,5.146,5.299,0,0
BTG.V,D,20191220,000000,5.298,5.445,5.234,5.408,0,0
BTG.V,D,20191221,000000,5.413,5.423,5.266,5.292,0,0
BTG.V,D,20191222,000000,5.292,5.43,5.268,5.362,0,0
BTG.V,D,20191223,000000,5.362,5.512,5.202,5.226,0,0
BTG.V,D,20191224,000000,5.227,5.289,5.134,5.204,0,0
BTG.V,D,20191225,000000,5.203,5.225,5.056,5.123,0,0
BTG.V,D,20191226,000000,5.12,5.311,4.991,5.125,0,0
BTG.V,D,20191227,000000,5.124,5.32,5.051,5.249,0,0
BTG.V,D,20191228,000000,5.248,5.471,5.234,5.335,0,0
BTG.V,D,20191229,000000,5.334,5.55,5.289,5.47,0,0
BTG.V,D,20191230,000000,5.471,5.579,5.398,5.482,0,0
BTG.V,D,20191231,000000,5.483,5.54,5.259,5.356,0,0
BTG.V,D,20200101,000000,5.355,5.376,5.287,5.315,0,0
BTG.V,D,20200102,000000,5.308,5.332,5.039,5.121,0,0
BTG.V,D,20200103,000000,5.121,5.497,5.012,5.353,0,0
BTG.V,D,20200104,000000,5.353,5.41,5.272,5.355,0,0
BTG.V,D,20200105,000000,5.355,5.512,5.339,5.419,0,0
BTG.V,D,20200106,000000,5.418,5.768,5.386,5.727,0,0
BTG.V,D,20200107,000000,5.723,5.968,5.721,5.92,0,0
BTG.V,D,20200108,000000,5.92,7.015,5.891,6.142,0,0
BTG.V,D,20200109,000000,6.142,6.239,5.71,5.786,0,0
BTG.V,D,20200110,000000,5.787,6.256,5.623,6.126,0,0
BTG.V,D,20200111,000000,6.127,6.824,6.117,6.538,0,0
BTG.V,D,20200112,000000,6.534,6.815,6.335,6.742,0,0
BTG.V,D,20200113,000000,6.743,6.863,6.666,6.853,0,0
BTG.V,D,20200114,000000,6.852,9.673,6.848,9.593,0,0
BTG.V,D,20200115,000000,9.593,14.88,9.593,14.19,0,0
BTG.V,D,20200116,000000,14.19,14.43,11.7,13.17,0,0
BTG.V,D,20200117,000000,13.17,13.68,12.03,12.52,0,0
BTG.V,D,20200118,000000,12.52,13.39,10.88,11.42,0,0
BTG.V,D,20200119,000000,11.42,12.24,10.09,10.77,0,0
BTG.V,D,20200120,000000,10.77,12.35,10.09,11.85,0,0
BTG.V,D,20200121,000000,11.85,11.85,10.68,11.15,0,0
BTG.V,D,20200122,000000,11.15,11.48,10.65,10.78,0,0
BTG.V,D,20200123,000000,10.78,10.86,9.661,9.883,0,0
BTG.V,D,20200124,000000,9.883,10.27,9.174,9.97,0,0
BTG.V,D,20200125,000000,9.97,10.4,9.611,10.04,0,0
BTG.V,D,20200126,000000,10.03,12.28,9.989,11.37,0,0
BTG.V,D,20200127,000000,11.37,12.32,11.11,11.98,0,0
BTG.V,D,20200128,000000,11.98,12.28,10.99,11.4,0,0
BTG.V,D,20200129,000000,11.4,11.98,11.18,11.6,0,0
BTG.V,D,20200130,000000,11.6,11.94,11.04,11.84,0,0
BTG.V,D,20200131,000000,11.84,11.87,10.74,11.36,0,0
BTG.V,D,20200201,000000,11.35,11.8,11.05,11.35,0,0
BTG.V,D,20200202,000000,11.32,11.6,10.78,10.78,0,0
BTG.V,D,20200203,000000,10.78,11.77,10.7,11.52,0,0
BTG.V,D,20200204,000000,11.52,12,10.92,11.1,0,0
BTG.V,D,20200205,000000,11.1,12.11,11,11.82,0,0
BTG.V,D,20200206,000000,11.82,11.86,11.37,11.53,0,0
BTG.V,D,20200207,000000,11.53,11.78,11.4,11.5,0,0
BTG.V,D,20200208,000000,11.5,12.87,11.02,12.27,0,0
BTG.V,D,20200209,000000,12.27,13.96,12.14,13.17,0,0
BTG.V,D,20200210,000000,13.17,13.67,12.55,13.09,0,0
BTG.V,D,20200211,000000,13.09,14.17,12.84,13.65,0,0
BTG.V,D,20200212,000000,13.64,13.93,13.23,13.42,0,0
BTG.V,D,20200213,000000,13.42,13.57,12.6,12.67,0,0
BTG.V,D,20200214,000000,12.67,13.26,12.45,12.95,0,0
BTG.V,D,20200215,000000,12.95,13.27,11.19,11.68,0,0
BTG.V,D,20200216,000000,11.7,12.02,9.885,10.95,0,0
BTG.V,D,20200217,000000,10.95,11.39,10,10.94,0,0
BTG.V,D,20200218,000000,10.94,11.34,10.59,11.12,0,0
BTG.V,D,20200219,000000,11.13,11.34,10.02,10.39,0,0
BTG.V,D,20200220,000000,10.38,10.38,9.815,10.24,0,0
BTG.V,D,20200221,000000,10.24,10.62,10.17,10.42,0,0
BTG.V,D,20200222,000000,10.42,10.5,10.06,10.17,0,0
BTG.V,D,20200223,000000,10.17,10.64,10.16,10.51,0,0
BTG.V,D,20200224,000000,10.52,10.68,9.752,9.949,0,0
BTG.V,D,20200225,000000,9.948,9.951,9.064,9.243,0,0
BTG.V,D,20200226,000000,9.245,9.246,7.829,8.196,0,0
BTG.V,D,20200227,000000,8.194,8.89,7.701,8.249,0,0
BTG.V,D,20200228,000000,8.242,8.665,7.994,8.414,0,0
BTG.V,D,20200229,000000,8.422,8.543,8.154,8.289,0,0
BTG.V,D,20200301,000000,8.29,9.818,8.168,9.277,0,0
BTG.V,D,20200302,000000,9.277,10.26,9.063,10.18,0,0
BTG.V,D,20200303,000000,10.17,10.17,9.661,9.91,0,0
BTG.V,D,20200304,000000,9.908,10.69,9.801,10.43,0,0
BTG.V,D,20200305,000000,10.43,12.13,10.41,12.08,0,0
BTG.V,D,20200306,000000,12.08,12.17,11.38,11.61,0,0
BTG.V,D,20200307,000000,11.61,11.92,10.73,11.01,0,0
BTG.V,D,20200308,000000,11.01,11.11,9.401,9.407,0,0
BTG.V,D,20200309,000000,9.404,9.825,8.727,9.311,0,0
BTG.V,D,20200310,000000,9.311,10.31,9.116,9.623,0,0
BTG.V,D,20200311,000000,9.621,9.633,8.678,9.197,0,0
BTG.V,D,20200312,000000,9.189,9.2,6.081,6.128,0,0
BTG.V,D,20200313,000000,6.128,6.883,4.245,6.437,0,0
BTG.V,D,20200314,000000,6.437,6.587,5.992,6.192,0,0
BTG.V,D,20200315,000000,6.192,7.228,5.933,6.468,0,0
BTG.V,D,20200316,000000,6.464,6.584,5.293,5.776,0,0
BTG.V,D,20200317,000000,5.779,6.462,5.746,6.322,0,0
BTG.V,D,20200318,000000,6.318,6.462,5.878,6.378,0,0
BTG.V,D,20200319,000000,6.38,7.867,6.202,7.58,0,0
BTG.V,D,20200320,000000,7.583,8.648,6.742,7.437,0,0
BTG.V,D,20200321,000000,7.412,7.955,7.171,7.744,0,0
BTG.V,D,20200322,000000,7.744,7.998,6.874,6.891,0,0
BTG.V,D,20200323,000000,6.891,7.715,6.659,7.53,0,0
BTG.V,D,20200324,000000,7.53,7.838,7.367,7.723,0,0
BTG.V,D,20200325,000000,7.736,7.872,7.319,7.525,0,0
BTG.V,D,20200326,000000,7.51,7.627,7.406,7.601,0,0
BTG.V,D,20200327,000000,7.597,7.772,7.477,7.609,0,0
BTG.V,D,20200328,000000,7.608,7.608,6.819,7.102,0,0
BTG.V,D,20200329,000000,7.095,7.124,6.633,6.642,0,0
BTG.V,D,20200330,000000,6.64,7.403,6.59,7.377,0,0
BTG.V,D,20200331,000000,7.379,7.535,7.079,7.195,0,0
BTG.V,D,20200401,000000,7.195,7.253,6.896,7.053,0,0
BTG.V,D,20200402,000000,7.053,7.922,7.051,7.468,0,0
BTG.V,D,20200403,000000,7.471,7.801,7.174,7.385,0,0
BTG.V,D,20200404,000000,7.387,7.574,7.203,7.354,0,0
BTG.V,D,20200405,000000,7.356,7.476,7.158,7.276,0,0
BTG.V,D,20200406,000000,7.276,7.969,7.276,7.891,0,0
BTG.V,D,20200407,000000,7.892,8.232,7.709,7.832,0,0
BTG.V,D,20200408,000000,7.826,9.273,7.728,9.146,0,0
BTG.V,D,20200409,000000,9.147,10.31,8.992,9.674,0,0
BTG.V,D,20200410,000000,9.674,10.04,8.493,9.01,0,0
BTG.V,D,20200411,000000,9.01,10.11,8.731,9.721,0,0
BTG.V,D,20200412,000000,9.724,10.59,9.629,10.39,0,0
BTG.V,D,20200413,000000,10.39,10.44,9.423,9.834,0,0
BTG.V,D,20200414,000000,9.836,10.05,9.71,9.75,0,0
BTG.V,D,20200415,000000,9.753,10.15,9.648,9.744,0,0
BTG.V,D,20200416,000000,9.744,10.06,8.725,9.914,0,0
BTG.V,D,20200417,000000,9.914,10.31,9.763,9.994,0,0
BTG.V,D,20200418,000000,9.993,10.15,9.812,10.1,0,0
BTG.V,D,20200419,000000,10.1,10.22,9.626,9.806,0,0
BTG.V,D,20200420,000000,9.802,9.821,8.736,9.003,0,0
BTG.V,D,20200421,000000,8.98,9.029,8.606,8.918,0,0
BTG.V,D,20200422,000000,8.919,9.272,8.832,9.113,0,0
BTG.V,D,20200423,000000,9.113,9.766,8.921,9.473,0,0
BTG.V,D,20200424,000000,9.47,9.475,9.18,9.327,0,0
BTG.V,D,20200425,000000,9.324,9.616,9.228,9.325,0,0
BTG.V,D,20200426,000000,9.325,9.494,9.248,9.358,0,0
BTG.V,D,20200427,000000,9.36,9.565,9.188,9.404,0,0
BTG.V,D,20200428,000000,9.401,9.488,9.226,9.341,0,0
BTG.V,D,20200429,000000,9.339,10.35,9.312,10.14,0,0
BTG.V,D,20200430,000000,10.13,11.08,9.804,10.01,0,0
BTG.V,D,20200501,000000,10.01,10.36,9.815,10.24,0,0
BTG.V,D,20200502,000000,10.24,10.3,9.89,10.19,0,0
BTG.V,D,20200503,000000,10.19,10.66,9.771,9.89,0,0
BTG.V,D,20200504,000000,9.888,10,9.273,9.91,0,0
BTG.V,D,20200505,000000,9.91,9.992,9.508,9.763,0,0
BTG.V,D,20200506,000000,9.762,9.948,9.665,9.749,0,0
BTG.V,D,20200507,000000,9.749,10.06,9.521,9.903,0,0
BTG.V,D,20200508,000000,9.902,10.09,9.71,10.04,0,0
BTG.V,D,20200509,000000,10.04,10.27,9.815,9.838,0,0
BTG.V,D,20200510,000000,9.838,9.885,8.4,8.805,0,0
BTG.V,D,20200511,000000,8.803,8.984,8.391,8.664,0,0
BTG.V,D,20200512,000000,8.673,8.999,8.624,8.795,0,0
BTG.V,D,20200513,000000,8.797,9.177,8.781,9.12,0,0
BTG.V,D,20200514,000000,9.115,9.38,9.034,9.217,0,0
BTG.V,D,20200515,000000,9.215,9.25,8.773,9.021,0,0
BTG.V,D,20200516,000000,9.024,9.18,8.835,9.031,0,0
BTG.V,D,20200517,000000,9.031,9.319,9.005,9.123,0,0
BTG.V,D,20200518,000000,9.122,9.6,9.026,9.266,0,0
BTG.V,D,20200519,000000,9.268,9.341,9.045,9.109,0,0
BTG.V,D,20200520,000000,9.108,9.301,8.797,9.034,0,0
BTG.V,D,20200521,000000,9.034,9.192,8.453,8.588,0,0
BTG.V,D,20200522,000000,8.588,8.959,8.44,8.943,0,0
BTG.V,D,20200523,000000,8.94,9.183,8.762,8.872,0,0
BTG.V,D,20200524,000000,8.872,9.235,8.651,8.843,0,0
BTG.V,D,20200525,000000,8.845,9.107,8.421,8.937,0,0
BTG.V,D,20200526,000000,8.937,9.037,8.564,8.726,0,0
BTG.V,D,20200527,000000,8.724,9.054,8.687,8.977,0,0
BTG.V,D,20200528,000000,8.977,9.125,8.811,9.016,0,0
BTG.V,D,20200529,000000,9.015,9.319,8.995,9.104,0,0
BTG.V,D,20200530,000000,9.106,9.337,8.969,9.281,0,0
BTG.V,D,20200531,000000,9.281,9.627,9.143,9.221,0,0
BTG.V,D,20200601,000000,9.221,9.297,9.105,9.247,0,0
BTG.V,D,20200602,000000,9.249,10.02,8.994,9.234,0,0
BTG.V,D,20200603,000000,9.233,9.314,9.108,9.295,0,0
BTG.V,D,20200604,000000,9.296,9.579,9.141,9.378,0,0
BTG.V,D,20200605,000000,9.378,9.499,9.186,9.269,0,0
BTG.V,D,20200606,000000,9.271,9.345,9.13,9.323,0,0
BTG.V,D,20200607,000000,9.323,9.325,8.962,9.19,0,0
BTG.V,D,20200608,000000,9.179,9.286,9.098,9.189,0,0
BTG.V,D,20200609,000000,9.188,9.365,9.101,9.239,0,0
BTG.V,D,20200610,000000,9.239,9.431,9.093,9.27,0,0
BTG.V,D,20200611,000000,9.271,9.393,8.402,8.554,0,0
BTG.V,D,20200612,000000,8.554,8.761,8.399,8.629,0,0
BTG.V,D,20200613,000000,8.629,8.812,8.589,8.677,0,0
BTG.V,D,20200614,000000,8.678,8.851,8.541,8.591,0,0
BTG.V,D,20200615,000000,8.592,8.653,8.07,8.464,0,0
BTG.V,D,20200616,000000,8.481,8.704,8.437,8.512,0,0
BTG.V,D,20200617,000000,8.51,8.74,8.444,8.572,0,0
BTG.V,D,20200618,000000,8.572,8.701,8.376,8.413,0,0
BTG.V,D,20200619,000000,8.412,8.629,8.394,8.501,0,0
BTG.V,D,20200620,000000,8.502,8.682,8.448,8.555,0,0
BTG.V,D,20200621,000000,8.555,8.669,8.521,8.538,0,0
BTG.V,D,20200622,000000,8.538,8.867,8.486,8.817,0,0
BTG.V,D,20200623,000000,8.816,9.477,8.751,9.092,0,0
BTG.V,D,20200624,000000,9.091,9.168,8.56,8.573,0,0
BTG.V,D,20200625,000000,8.572,8.73,8.239,8.573,0,0
BTG.V,D,20200626,000000,8.573,8.582,8.288,8.399,0,0
BTG.V,D,20200627,000000,8.398,8.438,7.971,8.08,0,0
BTG.V,D,20200628,000000,8.08,11.15,7.907,9.557,0,0
BTG.V,D,20200629,000000,9.573,11.38,9.442,10.73,0,0
BTG.V,D,20200630,000000,10.73,10.75,9.846,10.04,0,0
BTG.V,D,20200701,000000,10.04,10.98,9.952,10.48,0,0
BTG.V,D,20200702,000000,10.48,10.69,9.181,9.369,0,0
BTG.V,D,20200703,000000,9.369,9.575,8.497,8.626,0,0
BTG.V,D,20200704,000000,8.627,9.011,8.492,8.889,0,0
BTG.V,D,20200705,000000,8.889,8.931,8.213,8.513,0,0
BTG.V,D,20200706,000000,8.513,9.461,8.486,9.289,0,0
BTG.V,D,20200707,000000,9.289,10.48,8.761,9.127,0,0
BTG.V,D,20200708,000000,9.127,9.537,8.691,9.243,0,0
BTG.V,D,20200709,000000,9.243,9.41,8.746,8.97,0,0
BTG.V,D,20200710,000000,8.971,9.075,8.65,8.84,0,0
BTG.V,D,20200711,000000,8.843,9.515,8.745,9.271,0,0
BTG.V,D,20200712,000000,9.271,9.862,8.957,9.138,0,0
BTG.V,D,20200713,000000,9.139,9.568,8.787,8.942,0,0
BTG.V,D,20200714,000000,8.943,9.396,8.778,9.162,0,0
BTG.V,D,20200715,000000,9.161,9.304,8.813,9.031,0,0
BTG.V,D,20200716,000000,9.032,9.1,8.575,8.8,0,0
BTG.V,D,20200717,000000,8.8,9.013,8.646,8.766,0,0
BTG.V,D,20200718,000000,8.764,9.114,8.671,9.015,0,0
BTG.V,D,20200719,000000,9.025,9.198,8.702,9.081,0,0
BTG.V,D,20200720,000000,9.081,9.161,8.772,8.892,0,0
BTG.V,D,20200721,000000,8.892,9.244,8.807,9.227,0,0
BTG.V,D,20200722,000000,9.24,9.482,8.864,9.209,0,0
BTG.V,D,20200723,000000,9.214,9.627,9.107,9.236,0,0
BTG.V,D,20200724,000000,9.236,9.402,8.942,9.314,0,0
BTG.V,D,20200725,000000,9.314,9.479,9.141,9.276,0,0
BTG.V,D,20200726,000000,9.277,9.751,9.164,9.414,0,0
BTG.V,D,20200727,000000,9.41,9.92,9.165,9.84,0,0
BTG.V,D,20200728,000000,9.837,10.32,9.457,10.12,0,0
BTG.V,D,20200729,000000,10.12,10.41,9.697,10.07,0,0
