<TICKER>,<PER>,<DATE>,<TIME>,<OPEN>,<HIGH>,<LOW>,<CLOSE>,<VOL>,<OPENINT>
BTT.V,D,20190201,000000,0.000485,0.000485,0.00045,0.000485,0,0
BTT.V,D,20190202,000000,0.000485,0.000491,0.000421,0.000421,0,0
BTT.V,D,20190203,000000,0.000421,0.000621,0.000414,0.000621,0,0
BTT.V,D,20190204,000000,0.000621,0.000961,0.000583,0.000858,0,0
BTT.V,D,20190205,000000,0.000858,0.001276,0.000858,0.001034,0,0
BTT.V,D,20190206,000000,0.001034,0.001052,0.000849,0.000984,0,0
BTT.V,D,20190207,000000,0.000984,0.001013,0.000878,0.000911,0,0
BTT.V,D,20190208,000000,0.000911,0.000988,0.000769,0.000842,0,0
BTT.V,D,20190209,000000,0.000842,0.00095,0.000803,0.00084,0,0
BTT.V,D,20190210,000000,0.00084,0.000958,0.000737,0.000884,0,0
BTT.V,D,20190211,000000,0.000884,0.000939,0.000794,0.000867,0,0
BTT.V,D,20190212,000000,0.000867,0.001158,0.000867,0.001049,0,0
BTT.V,D,20190213,000000,0.001049,0.001082,0.000937,0.00101,0,0
BTT.V,D,20190214,000000,0.00101,0.001041,0.000897,0.000933,0,0
BTT.V,D,20190215,000000,0.000933,0.001006,0.000898,0.000934,0,0
BTT.V,D,20190216,000000,0.000934,0.000941,0.000832,0.000868,0,0
BTT.V,D,20190217,000000,0.000868,0.000954,0.000844,0.000918,0,0
BTT.V,D,20190218,000000,0.000918,0.001017,0.0009,0.000939,0,0
BTT.V,D,20190219,000000,0.000939,0.001099,0.000903,0.000942,0,0
BTT.V,D,20190220,000000,0.000942,0.000994,0.000914,0.000954,0,0
BTT.V,D,20190221,000000,0.000954,0.001024,0.000905,0.001024,0,0
BTT.V,D,20190222,000000,0.001024,0.001076,0.000956,0.000996,0,0
BTT.V,D,20190223,000000,0.000996,0.001037,0.000954,0.001037,0,0
BTT.V,D,20190224,000000,0.001037,0.001037,0.000867,0.000905,0,0
BTT.V,D,20190225,000000,0.000905,0.000923,0.000846,0.000884,0,0
BTT.V,D,20190226,000000,0.000884,0.000884,0.000802,0.000878,0,0
BTT.V,D,20190227,000000,0.000878,0.000919,0.000843,0.000881,0,0
BTT.V,D,20190228,000000,0.000881,0.000881,0.000765,0.000841,0,0
BTT.V,D,20190301,000000,0.000841,0.000843,0.000805,0.000843,0,0
BTT.V,D,20190302,000000,0.000843,0.000845,0.000769,0.000807,0,0
BTT.V,D,20190303,000000,0.000807,0.000839,0.000763,0.000839,0,0
BTT.V,D,20190304,000000,0.000839,0.000839,0.000746,0.000784,0,0
BTT.V,D,20190305,000000,0.000784,0.000814,0.000736,0.000775,0,0
BTT.V,D,20190306,000000,0.000775,0.000814,0.000736,0.000775,0,0
BTT.V,D,20190307,000000,0.000775,0.000815,0.000738,0.000776,0,0
BTT.V,D,20190308,000000,0.000776,0.000776,0.000735,0.000774,0,0
BTT.V,D,20190309,000000,0.000774,0.00079,0.000711,0.000711,0,0
BTT.V,D,20190310,000000,0.000711,0.000786,0.000707,0.000747,0,0
BTT.V,D,20190311,000000,0.000747,0.000891,0.000736,0.000736,0,0
BTT.V,D,20190312,000000,0.000736,0.000778,0.000736,0.000778,0,0
BTT.V,D,20190313,000000,0.000778,0.000778,0.000737,0.000776,0,0
BTT.V,D,20190314,000000,0.000776,0.000776,0.000737,0.000776,0,0
BTT.V,D,20190315,000000,0.000776,0.000785,0.000746,0.000785,0,0
BTT.V,D,20190316,000000,0.000785,0.000805,0.000725,0.000805,0,0
BTT.V,D,20190317,000000,0.000805,0.00088,0.00076,0.00088,0,0
BTT.V,D,20190318,000000,0.00088,0.000917,0.000758,0.000798,0,0
BTT.V,D,20190319,000000,0.000798,0.000845,0.000765,0.000805,0,0
BTT.V,D,20190320,000000,0.000805,0.000852,0.000771,0.000852,0,0
BTT.V,D,20190321,000000,0.000852,0.000852,0.000759,0.000799,0,0
BTT.V,D,20190322,000000,0.000799,0.0008,0.00076,0.0008,0,0
BTT.V,D,20190323,000000,0.0008,0.000842,0.000761,0.000801,0,0
BTT.V,D,20190324,000000,0.000801,0.000839,0.000759,0.000759,0,0
BTT.V,D,20190325,000000,0.000759,0.000785,0.000706,0.000746,0,0
BTT.V,D,20190326,000000,0.000746,0.000788,0.00071,0.00071,0,0
BTT.V,D,20190327,000000,0.00071,0.000809,0.00071,0.000769,0,0
BTT.V,D,20190328,000000,0.000769,0.000807,0.000727,0.000807,0,0
BTT.V,D,20190329,000000,0.000807,0.000822,0.00074,0.00074,0,0
BTT.V,D,20190330,000000,0.00074,0.000782,0.00074,0.000782,0,0
BTT.V,D,20190331,000000,0.000782,0.000782,0.00074,0.00074,0,0
BTT.V,D,20190401,000000,0.00074,0.000789,0.00074,0.000747,0,0
BTT.V,D,20190402,000000,0.000747,0.000932,0.000747,0.000785,0,0
BTT.V,D,20190403,000000,0.000785,0.000846,0.000746,0.000746,0,0
BTT.V,D,20190404,000000,0.000746,0.000786,0.000737,0.000737,0,0
BTT.V,D,20190405,000000,0.000737,0.000858,0.000737,0.000757,0,0
BTT.V,D,20190406,000000,0.000757,0.00086,0.000757,0.000759,0,0
BTT.V,D,20190407,000000,0.000759,0.000832,0.000759,0.00078,0,0
BTT.V,D,20190408,000000,0.00078,0.000847,0.000741,0.000794,0,0
BTT.V,D,20190409,000000,0.000794,0.000832,0.000728,0.00078,0,0
BTT.V,D,20190410,000000,0.00078,0.000798,0.000745,0.000798,0,0
BTT.V,D,20190411,000000,0.000798,0.000798,0.000656,0.000707,0,0
BTT.V,D,20190412,000000,0.000707,0.000813,0.000661,0.000762,0,0
BTT.V,D,20190413,000000,0.000762,0.000762,0.000711,0.000762,0,0
BTT.V,D,20190414,000000,0.000762,0.000826,0.000723,0.000826,0,0
BTT.V,D,20190415,000000,0.000826,0.000826,0.000705,0.000756,0,0
BTT.V,D,20190416,000000,0.000756,0.000782,0.00073,0.00073,0,0
BTT.V,D,20190417,000000,0.00073,0.000785,0.00073,0.000785,0,0
BTT.V,D,20190418,000000,0.000785,0.000794,0.000741,0.000741,0,0
BTT.V,D,20190419,000000,0.000741,0.000794,0.000688,0.000741,0,0
BTT.V,D,20190420,000000,0.000741,0.000799,0.000692,0.000692,0,0
BTT.V,D,20190421,000000,0.000692,0.000743,0.00069,0.00069,0,0
BTT.V,D,20190422,000000,0.00069,0.000755,0.00069,0.000701,0,0
BTT.V,D,20190423,000000,0.000701,0.000776,0.000665,0.00072,0,0
BTT.V,D,20190424,000000,0.00072,0.00072,0.000655,0.000709,0,0
BTT.V,D,20190425,000000,0.000709,0.000709,0.00062,0.00062,0,0
BTT.V,D,20190426,000000,0.00062,0.00068,0.00062,0.00068,0,0
BTT.V,D,20190427,000000,0.00068,0.00068,0.000628,0.000628,0,0
BTT.V,D,20190428,000000,0.00068,0.000685,0.000633,0.000685,0,0
BTT.V,D,20190429,000000,0.000685,0.000685,0.000576,0.000576,0,0
BTT.V,D,20190430,000000,0.000576,0.000696,0.000576,0.000696,0,0
BTT.V,D,20190501,000000,0.000696,0.000701,0.000593,0.000701,0,0
BTT.V,D,20190502,000000,0.000701,0.000715,0.000605,0.000605,0,0
BTT.V,D,20190503,000000,0.000605,0.00069,0.000575,0.000633,0,0
BTT.V,D,20190504,000000,0.000633,0.000701,0.000584,0.000584,0,0
BTT.V,D,20190505,000000,0.000584,0.000637,0.000579,0.000637,0,0
BTT.V,D,20190506,000000,0.000637,0.000637,0.000575,0.000632,0,0
BTT.V,D,20190507,000000,0.000632,0.00064,0.000582,0.000582,0,0
BTT.V,D,20190508,000000,0.000582,0.00072,0.000582,0.00072,0,0
BTT.V,D,20190509,000000,0.00072,0.000741,0.000617,0.000679,0,0
BTT.V,D,20190510,000000,0.000679,0.000699,0.000572,0.000699,0,0
BTT.V,D,20190511,000000,0.000699,0.000791,0.000647,0.000719,0,0
BTT.V,D,20190512,000000,0.000719,0.000719,0.000558,0.000628,0,0
BTT.V,D,20190513,000000,0.000628,0.000859,0.000628,0.000781,0,0
BTT.V,D,20190514,000000,0.000781,0.000878,0.000718,0.000798,0,0
BTT.V,D,20190515,000000,0.000798,0.0009,0.000798,0.000818,0,0
BTT.V,D,20190516,000000,0.000818,0.000945,0.000787,0.000866,0,0
BTT.V,D,20190517,000000,0.000866,0.001032,0.000737,0.001032,0,0
BTT.V,D,20190518,000000,0.001032,0.001163,0.000872,0.001017,0,0
BTT.V,D,20190519,000000,0.001017,0.001229,0.000983,0.001065,0,0
BTT.V,D,20190520,000000,0.001065,0.00128,0.00096,0.0012,0,0
BTT.V,D,20190521,000000,0.0012,0.001431,0.001113,0.001192,0,0
BTT.V,D,20190522,000000,0.001192,0.00122,0.000991,0.000991,0,0
BTT.V,D,20190523,000000,0.000991,0.001339,0.000991,0.00126,0,0
BTT.V,D,20190524,000000,0.00126,0.001359,0.001199,0.001279,0,0
BTT.V,D,20190525,000000,0.001279,0.001289,0.001209,0.001289,0,0
BTT.V,D,20190526,000000,0.001289,0.001571,0.001222,0.001483,0,0
BTT.V,D,20190527,000000,0.001483,0.001757,0.001406,0.001669,0,0
BTT.V,D,20190528,000000,0.001669,0.001918,0.001657,0.001744,0,0
BTT.V,D,20190529,000000,0.001744,0.00182,0.001646,0.001646,0,0
BTT.V,D,20190530,000000,0.001646,0.001655,0.001324,0.001407,0,0
BTT.V,D,20190531,000000,0.001407,0.001625,0.001407,0.001625,0,0
BTT.V,D,20190601,000000,0.001625,0.001797,0.00154,0.001711,0,0
BTT.V,D,20190602,000000,0.001711,0.001748,0.001573,0.00166,0,0
BTT.V,D,20190603,000000,0.00166,0.00166,0.001298,0.001379,0,0
BTT.V,D,20190604,000000,0.001379,0.001382,0.001228,0.001305,0,0
BTT.V,D,20190605,000000,0.001305,0.001402,0.001247,0.001247,0,0
BTT.V,D,20190606,000000,0.001247,0.001327,0.001247,0.001327,0,0
BTT.V,D,20190607,000000,0.001327,0.00136,0.00128,0.00136,0,0
BTT.V,D,20190608,000000,0.00136,0.00136,0.001269,0.001269,0,0
BTT.V,D,20190609,000000,0.001269,0.001299,0.001147,0.001147,0,0
BTT.V,D,20190610,000000,0.001147,0.001283,0.001147,0.001203,0,0
BTT.V,D,20190611,000000,0.001203,0.001267,0.001188,0.001188,0,0
BTT.V,D,20190612,000000,0.001188,0.001308,0.001144,0.001226,0,0
BTT.V,D,20190613,000000,0.001226,0.0014,0.001226,0.001318,0,0
BTT.V,D,20190614,000000,0.001318,0.001478,0.001217,0.001217,0,0
BTT.V,D,20190615,000000,0.001217,0.001417,0.001217,0.001328,0,0
BTT.V,D,20190616,000000,0.001328,0.001437,0.001257,0.001347,0,0
BTT.V,D,20190617,000000,0.001347,0.001494,0.001307,0.001307,0,0
BTT.V,D,20190618,000000,0.001307,0.001362,0.001271,0.001362,0,0
BTT.V,D,20190619,000000,0.001362,0.001485,0.001299,0.001299,0,0
BTT.V,D,20190620,000000,0.001299,0.001431,0.00124,0.00124,0,0
BTT.V,D,20190621,000000,0.00124,0.001431,0.001226,0.001226,0,0
BTT.V,D,20190622,000000,0.001226,0.00139,0.001176,0.00139,0,0
BTT.V,D,20190623,000000,0.00139,0.001411,0.001303,0.001303,0,0
BTT.V,D,20190624,000000,0.001303,0.001435,0.001303,0.001435,0,0
BTT.V,D,20190625,000000,0.001435,0.001526,0.001291,0.001291,0,0
BTT.V,D,20190626,000000,0.001291,0.00155,0.001162,0.001162,0,0
BTT.V,D,20190627,000000,0.001162,0.001338,0.001004,0.001227,0,0
BTT.V,D,20190628,000000,0.001227,0.001359,0.001112,0.001236,0,0
BTT.V,D,20190629,000000,0.001236,0.001426,0.00107,0.001307,0,0
BTT.V,D,20190630,000000,0.001307,0.0014,0.001077,0.001292,0,0
BTT.V,D,20190701,000000,0.001292,0.001483,0.001271,0.001483,0,0
BTT.V,D,20190702,000000,0.001483,0.001627,0.001301,0.00141,0,0
BTT.V,D,20190703,000000,0.00141,0.001558,0.001198,0.001318,0,0
BTT.V,D,20190704,000000,0.001318,0.001339,0.001116,0.001227,0,0
BTT.V,D,20190705,000000,0.001227,0.001319,0.001209,0.001209,0,0
BTT.V,D,20190706,000000,0.001209,0.00135,0.001209,0.00135,0,0
BTT.V,D,20190707,000000,0.00135,0.001492,0.001262,0.001377,0,0
BTT.V,D,20190708,000000,0.001377,0.001599,0.00123,0.00123,0,0
BTT.V,D,20190709,000000,0.00123,0.001382,0.00123,0.001382,0,0
BTT.V,D,20190710,000000,0.001382,0.001382,0.001089,0.00121,0,0
BTT.V,D,20190711,000000,0.00121,0.001248,0.001021,0.001021,0,0
BTT.V,D,20190712,000000,0.001021,0.001298,0.001021,0.001298,0,0
BTT.V,D,20190713,000000,0.001298,0.001298,0.001136,0.001136,0,0
BTT.V,D,20190714,000000,0.001136,0.001136,0.000918,0.000918,0,0
BTT.V,D,20190715,000000,0.000918,0.001085,0.000918,0.000977,0,0
BTT.V,D,20190716,000000,0.000977,0.000977,0.000754,0.000754,0,0
BTT.V,D,20190717,000000,0.000754,0.00097,0.000754,0.000873,0,0
BTT.V,D,20190718,000000,0.000873,0.001064,0.000851,0.000958,0,0
BTT.V,D,20190719,000000,0.000958,0.001053,0.000843,0.001053,0,0
BTT.V,D,20190720,000000,0.001053,0.001184,0.000968,0.001076,0,0
BTT.V,D,20190721,000000,0.001076,0.001076,0.000953,0.001059,0,0
BTT.V,D,20190722,000000,0.001059,0.001059,0.000929,0.000929,0,0
BTT.V,D,20190723,000000,0.000929,0.000985,0.000788,0.000887,0,0
BTT.V,D,20190724,000000,0.000887,0.000977,0.000782,0.000879,0,0
BTT.V,D,20190725,000000,0.000879,0.000889,0.000791,0.000889,0,0
BTT.V,D,20190726,000000,0.000889,0.000889,0.000788,0.000886,0,0
BTT.V,D,20190727,000000,0.000886,0.000886,0.000758,0.000853,0,0
BTT.V,D,20190728,000000,0.000853,0.000858,0.000763,0.000858,0,0
BTT.V,D,20190729,000000,0.000858,0.000858,0.000761,0.000761,0,0
BTT.V,D,20190730,000000,0.000761,0.000864,0.000761,0.000768,0,0
BTT.V,D,20190731,000000,0.000768,0.000908,0.000706,0.000807,0,0
BTT.V,D,20190801,000000,0.000807,0.000833,0.000729,0.000729,0,0
BTT.V,D,20190802,000000,0.000729,0.000842,0.000729,0.000842,0,0
BTT.V,D,20190803,000000,0.000842,0.000866,0.000757,0.000866,0,0
BTT.V,D,20190804,000000,0.000866,0.000878,0.000659,0.000768,0,0
BTT.V,D,20190805,000000,0.000768,0.000827,0.000709,0.000709,0,0
BTT.V,D,20190806,000000,0.000709,0.000803,0.000688,0.000688,0,0
BTT.V,D,20190807,000000,0.000688,0.000838,0.000688,0.000718,0,0
BTT.V,D,20190808,000000,0.000718,0.000839,0.000718,0.000719,0,0
BTT.V,D,20190809,000000,0.000719,0.000831,0.000593,0.000712,0,0
BTT.V,D,20190810,000000,0.000712,0.000712,0.000565,0.000565,0,0
BTT.V,D,20190811,000000,0.000565,0.000808,0.000565,0.000693,0,0
BTT.V,D,20190812,000000,0.000693,0.000797,0.000569,0.000569,0,0
BTT.V,D,20190813,000000,0.000569,0.000761,0.000544,0.000652,0,0
BTT.V,D,20190814,000000,0.000652,0.000702,0.000602,0.000702,0,0
BTT.V,D,20190815,000000,0.000702,0.000722,0.000619,0.000619,0,0
BTT.V,D,20190816,000000,0.000619,0.000725,0.000619,0.000622,0,0
BTT.V,D,20190817,000000,0.000622,0.000715,0.000511,0.000613,0,0
BTT.V,D,20190818,000000,0.000613,0.000723,0.000516,0.000723,0,0
BTT.V,D,20190819,000000,0.000723,0.000765,0.000655,0.000655,0,0
BTT.V,D,20190820,000000,0.000655,0.000754,0.000539,0.000646,0,0
BTT.V,D,20190821,000000,0.000646,0.000709,0.000507,0.000608,0,0
BTT.V,D,20190822,000000,0.000608,0.000707,0.000505,0.000606,0,0
BTT.V,D,20190823,000000,0.000606,0.000729,0.000606,0.000729,0,0
BTT.V,D,20190824,000000,0.000729,0.000729,0.000609,0.00071,0,0
BTT.V,D,20190825,000000,0.00071,0.00071,0.000608,0.00071,0,0
BTT.V,D,20190826,000000,0.00071,0.000726,0.000518,0.000622,0,0
BTT.V,D,20190827,000000,0.000622,0.000712,0.000509,0.000611,0,0
BTT.V,D,20190828,000000,0.000611,0.000681,0.000486,0.000486,0,0
BTT.V,D,20190829,000000,0.000486,0.00057,0.000475,0.00057,0,0
BTT.V,D,20190830,000000,0.00057,0.000575,0.000479,0.000479,0,0
BTT.V,D,20190831,000000,0.000479,0.000577,0.000479,0.000481,0,0
BTT.V,D,20190901,000000,0.000481,0.000586,0.000481,0.000488,0,0
BTT.V,D,20190902,000000,0.000488,0.000623,0.000488,0.000519,0,0
BTT.V,D,20190903,000000,0.000519,0.000638,0.000519,0.000531,0,0
BTT.V,D,20190904,000000,0.000531,0.000635,0.000529,0.000529,0,0
BTT.V,D,20190905,000000,0.000529,0.000633,0.000422,0.000422,0,0
BTT.V,D,20190906,000000,0.000422,0.000516,0.000412,0.000412,0,0
BTT.V,D,20190907,000000,0.000412,0.000629,0.000412,0.000525,0,0
BTT.V,D,20190908,000000,0.000525,0.000625,0.000521,0.000521,0,0
BTT.V,D,20190909,000000,0.000521,0.000619,0.000516,0.000516,0,0
BTT.V,D,20190910,000000,0.000516,0.000607,0.000505,0.000505,0,0
BTT.V,D,20190911,000000,0.000505,0.00061,0.000505,0.000508,0,0
BTT.V,D,20190912,000000,0.000508,0.000626,0.000508,0.000521,0,0
BTT.V,D,20190913,000000,0.000521,0.000622,0.000519,0.000519,0,0
BTT.V,D,20190914,000000,0.000519,0.000622,0.000518,0.000518,0,0
BTT.V,D,20190915,000000,0.000518,0.000619,0.000516,0.000516,0,0
BTT.V,D,20190916,000000,0.000516,0.000616,0.000514,0.000616,0,0
BTT.V,D,20190917,000000,0.000616,0.000616,0.00051,0.000612,0,0
BTT.V,D,20190918,000000,0.000612,0.000711,0.000508,0.000711,0,0
BTT.V,D,20190919,000000,0.000711,0.00072,0.000514,0.000514,0,0
BTT.V,D,20190920,000000,0.000514,0.000611,0.000509,0.000611,0,0
BTT.V,D,20190921,000000,0.000611,0.000611,0.000499,0.000599,0,0
BTT.V,D,20190922,000000,0.000599,0.000602,0.000502,0.000602,0,0
BTT.V,D,20190923,000000,0.000602,0.000602,0.000485,0.000582,0,0
BTT.V,D,20190924,000000,0.000582,0.000582,0.000427,0.000513,0,0
BTT.V,D,20190925,000000,0.000513,0.000513,0.000338,0.000507,0,0
BTT.V,D,20190926,000000,0.000507,0.000507,0.000404,0.000485,0,0
BTT.V,D,20190927,000000,0.000485,0.000492,0.00041,0.000492,0,0
BTT.V,D,20190928,000000,0.000492,0.000493,0.000411,0.000411,0,0
BTT.V,D,20190929,000000,0.000411,0.000484,0.000403,0.000403,0,0
BTT.V,D,20190930,000000,0.000403,0.000499,0.000333,0.000416,0,0
BTT.V,D,20191001,000000,0.000416,0.000416,0.000333,0.000416,0,0
BTT.V,D,20191002,000000,0.000416,0.000504,0.000416,0.00042,0,0
BTT.V,D,20191003,000000,0.00042,0.00042,0.000412,0.000412,0,0
BTT.V,D,20191004,000000,0.000412,0.000412,0.000408,0.000408,0,0
BTT.V,D,20191005,000000,0.000408,0.00049,0.000408,0.000409,0,0
BTT.V,D,20191006,000000,0.000409,0.000409,0.000393,0.000393,0,0
BTT.V,D,20191007,000000,0.000393,0.000411,0.000393,0.000411,0,0
BTT.V,D,20191008,000000,0.000411,0.000491,0.00041,0.00041,0,0
BTT.V,D,20191009,000000,0.00041,0.000516,0.00041,0.00043,0,0
BTT.V,D,20191010,000000,0.00043,0.000516,0.00043,0.00043,0,0
BTT.V,D,20191011,000000,0.00043,0.00043,0.000414,0.000414,0,0
BTT.V,D,20191012,000000,0.000414,0.000416,0.000414,0.000416,0,0
BTT.V,D,20191013,000000,0.000416,0.000416,0.000415,0.000415,0,0
BTT.V,D,20191014,000000,0.000415,0.000418,0.000415,0.000418,0,0
BTT.V,D,20191015,000000,0.000418,0.000418,0.000409,0.000409,0,0
BTT.V,D,20191016,000000,0.000409,0.000409,0.000401,0.000401,0,0
BTT.V,D,20191017,000000,0.000401,0.000404,0.000401,0.000404,0,0
BTT.V,D,20191018,000000,0.000404,0.000404,0.000399,0.000399,0,0
BTT.V,D,20191019,000000,0.000399,0.000399,0.000399,0.000399,0,0
BTT.V,D,20191020,000000,0.000399,0.000412,0.000399,0.000412,0,0
BTT.V,D,20191021,000000,0.000412,0.000412,0.000411,0.000411,0,0
BTT.V,D,20191022,000000,0.000411,0.000411,0.000402,0.000402,0,0
BTT.V,D,20191023,000000,0.000402,0.000402,0.000374,0.000374,0,0
BTT.V,D,20191024,000000,0.000374,0.000374,0.000372,0.000372,0,0
BTT.V,D,20191025,000000,0.000372,0.000434,0.000372,0.000434,0,0
BTT.V,D,20191026,000000,0.000434,0.000463,0.00037,0.000463,0,0
BTT.V,D,20191027,000000,0.000463,0.000478,0.000382,0.000478,0,0
BTT.V,D,20191028,000000,0.000478,0.000478,0.000461,0.000461,0,0
BTT.V,D,20191029,000000,0.000461,0.000472,0.000461,0.000472,0,0
BTT.V,D,20191030,000000,0.000472,0.000472,0.000458,0.000458,0,0
BTT.V,D,20191031,000000,0.000458,0.000458,0.000458,0.000458,0,0
BTT.V,D,20191101,000000,0.000458,0.000463,0.000458,0.000463,0,0
BTT.V,D,20191102,000000,0.000463,0.000466,0.000463,0.000466,0,0
BTT.V,D,20191103,000000,0.000466,0.000466,0.000461,0.000461,0,0
BTT.V,D,20191104,000000,0.000461,0.000471,0.000461,0.000471,0,0
BTT.V,D,20191105,000000,0.000471,0.000471,0.000466,0.000466,0,0
BTT.V,D,20191106,000000,0.000466,0.000467,0.000466,0.000467,0,0
BTT.V,D,20191107,000000,0.000467,0.000467,0.00046,0.00046,0,0
BTT.V,D,20191108,000000,0.00046,0.00046,0.000439,0.000439,0,0
BTT.V,D,20191109,000000,0.000439,0.000441,0.000439,0.000441,0,0
BTT.V,D,20191110,000000,0.000441,0.000452,0.000441,0.000452,0,0
BTT.V,D,20191111,000000,0.000452,0.000452,0.000436,0.000436,0,0
BTT.V,D,20191112,000000,0.000436,0.000441,0.000436,0.000441,0,0
BTT.V,D,20191113,000000,0.000441,0.000441,0.000439,0.000439,0,0
BTT.V,D,20191114,000000,0.000439,0.000439,0.000432,0.000432,0,0
BTT.V,D,20191115,000000,0.000432,0.000432,0.000423,0.000423,0,0
BTT.V,D,20191116,000000,0.000423,0.000425,0.000423,0.000425,0,0
BTT.V,D,20191117,000000,0.000425,0.000426,0.000425,0.000426,0,0
BTT.V,D,20191118,000000,0.000426,0.000426,0.000409,0.000409,0,0
BTT.V,D,20191119,000000,0.000409,0.000409,0.000407,0.000407,0,0
BTT.V,D,20191120,000000,0.000407,0.000407,0.000405,0.000405,0,0
BTT.V,D,20191121,000000,0.000405,0.000405,0.000305,0.000382,0,0
BTT.V,D,20191122,000000,0.000382,0.000382,0.000292,0.000292,0,0
BTT.V,D,20191123,000000,0.000292,0.000367,0.000292,0.000294,0,0
BTT.V,D,20191124,000000,0.000294,0.000294,0.000277,0.000277,0,0
BTT.V,D,20191125,000000,0.000277,0.000286,0.000277,0.000286,0,0
BTT.V,D,20191126,000000,0.000286,0.000287,0.000286,0.000287,0,0
BTT.V,D,20191127,000000,0.000287,0.000301,0.000287,0.000301,0,0
BTT.V,D,20191128,000000,0.000301,0.000301,0.000298,0.000298,0,0
BTT.V,D,20191129,000000,0.000298,0.000311,0.000298,0.000311,0,0
BTT.V,D,20191130,000000,0.000311,0.000311,0.000303,0.000303,0,0
BTT.V,D,20191201,000000,0.000303,0.000303,0.000297,0.000297,0,0
BTT.V,D,20191202,000000,0.000297,0.000297,0.000293,0.000293,0,0
BTT.V,D,20191203,000000,0.000293,0.000293,0.000293,0.000293,0,0
BTT.V,D,20191204,000000,0.000293,0.000293,0.000288,0.000288,0,0
BTT.V,D,20191205,000000,0.000288,0.000296,0.000288,0.000296,0,0
BTT.V,D,20191206,000000,0.000296,0.000302,0.000296,0.000302,0,0
BTT.V,D,20191207,000000,0.000302,0.000302,0.000301,0.000301,0,0
BTT.V,D,20191208,000000,0.000301,0.000302,0.000301,0.000302,0,0
BTT.V,D,20191209,000000,0.000302,0.000302,0.000294,0.000294,0,0
BTT.V,D,20191210,000000,0.000294,0.000294,0.000289,0.000289,0,0
BTT.V,D,20191211,000000,0.000289,0.000289,0.000289,0.000289,0,0
BTT.V,D,20191212,000000,0.000289,0.000289,0.000288,0.000288,0,0
BTT.V,D,20191213,000000,0.000288,0.000291,0.000288,0.000291,0,0
BTT.V,D,20191214,000000,0.000291,0.000354,0.000283,0.000283,0,0
BTT.V,D,20191215,000000,0.000283,0.000357,0.000283,0.000285,0,0
BTT.V,D,20191216,000000,0.000285,0.000285,0.000276,0.000276,0,0
BTT.V,D,20191217,000000,0.000276,0.000276,0.000265,0.000265,0,0
BTT.V,D,20191218,000000,0.000265,0.000292,0.000265,0.000292,0,0
BTT.V,D,20191219,000000,0.000292,0.000292,0.000286,0.000286,0,0
BTT.V,D,20191220,000000,0.000286,0.000288,0.000286,0.000288,0,0
BTT.V,D,20191221,000000,0.000288,0.000288,0.000286,0.000286,0,0
BTT.V,D,20191222,000000,0.000286,0.000301,0.000286,0.000301,0,0
BTT.V,D,20191223,000000,0.000301,0.000301,0.000293,0.000293,0,0
BTT.V,D,20191224,000000,0.000293,0.000293,0.00029,0.00029,0,0
BTT.V,D,20191225,000000,0.00029,0.00029,0.000288,0.000288,0,0
BTT.V,D,20191226,000000,0.000288,0.000288,0.000288,0.000288,0,0
BTT.V,D,20191227,000000,0.000288,0.00029,0.000288,0.00029,0,0
BTT.V,D,20191228,000000,0.00029,0.000293,0.00029,0.000293,0,0
BTT.V,D,20191229,000000,0.000293,0.000296,0.000293,0.000296,0,0
BTT.V,D,20191230,000000,0.000296,0.000296,0.000289,0.000289,0,0
BTT.V,D,20191231,000000,0.000289,0.000289,0.000287,0.000287,0,0
BTT.V,D,20200101,000000,0.000287,0.000288,0.000287,0.000288,0,0
BTT.V,D,20200102,000000,0.000288,0.000288,0.000279,0.000279,0,0
BTT.V,D,20200103,000000,0.000279,0.000294,0.000279,0.000294,0,0
BTT.V,D,20200104,000000,0.000294,0.000294,0.000294,0.000294,0,0
BTT.V,D,20200105,000000,0.000294,0.000294,0.000294,0.000294,0,0
BTT.V,D,20200106,000000,0.000294,0.000311,0.000294,0.000311,0,0
BTT.V,D,20200107,000000,0.000311,0.000326,0.000311,0.000326,0,0
BTT.V,D,20200108,000000,0.000326,0.000326,0.000241,0.000322,0,0
BTT.V,D,20200109,000000,0.000322,0.000322,0.000313,0.000313,0,0
BTT.V,D,20200110,000000,0.000313,0.000328,0.000313,0.000328,0,0
BTT.V,D,20200111,000000,0.000328,0.000328,0.000321,0.000321,0,0
BTT.V,D,20200112,000000,0.000321,0.000327,0.000321,0.000327,0,0
BTT.V,D,20200113,000000,0.000327,0.000327,0.000324,0.000324,0,0
BTT.V,D,20200114,000000,0.000324,0.000353,0.000324,0.000353,0,0
BTT.V,D,20200115,000000,0.000353,0.000353,0.000353,0.000353,0,0
BTT.V,D,20200116,000000,0.000353,0.000353,0.000349,0.000349,0,0
BTT.V,D,20200117,000000,0.000349,0.000356,0.000349,0.000356,0,0
BTT.V,D,20200118,000000,0.000356,0.000356,0.000356,0.000356,0,0
BTT.V,D,20200119,000000,0.000356,0.000356,0.000348,0.000348,0,0
BTT.V,D,20200120,000000,0.000348,0.000348,0.000345,0.000345,0,0
BTT.V,D,20200121,000000,0.000345,0.000349,0.000345,0.000349,0,0
BTT.V,D,20200122,000000,0.000349,0.000349,0.000347,0.000347,0,0
BTT.V,D,20200123,000000,0.000347,0.000347,0.000336,0.000336,0,0
BTT.V,D,20200124,000000,0.000336,0.000337,0.000336,0.000337,0,0
BTT.V,D,20200125,000000,0.000337,0.000337,0.000334,0.000334,0,0
BTT.V,D,20200126,000000,0.000334,0.000344,0.000334,0.000344,0,0
BTT.V,D,20200127,000000,0.000344,0.000356,0.000344,0.000356,0,0
BTT.V,D,20200128,000000,0.000356,0.000376,0.000356,0.000376,0,0
BTT.V,D,20200129,000000,0.000376,0.000376,0.000371,0.000371,0,0
BTT.V,D,20200130,000000,0.000371,0.00038,0.000371,0.00038,0,0
BTT.V,D,20200131,000000,0.00038,0.00038,0.000374,0.000374,0,0
BTT.V,D,20200201,000000,0.000374,0.000375,0.000374,0.000375,0,0
BTT.V,D,20200202,000000,0.000375,0.000375,0.000373,0.000373,0,0
BTT.V,D,20200203,000000,0.000373,0.000373,0.000372,0.000372,0,0
BTT.V,D,20200204,000000,0.000372,0.000372,0.000367,0.000367,0,0
BTT.V,D,20200205,000000,0.000367,0.000481,0.000367,0.000385,0,0
BTT.V,D,20200206,000000,0.000385,0.000488,0.000385,0.000488,0,0
BTT.V,D,20200207,000000,0.000488,0.00049,0.000488,0.00049,0,0
BTT.V,D,20200208,000000,0.00049,0.000495,0.00049,0.000495,0,0
BTT.V,D,20200209,000000,0.000495,0.000508,0.000495,0.000508,0,0
BTT.V,D,20200210,000000,0.000508,0.000508,0.000394,0.000493,0,0
BTT.V,D,20200211,000000,0.000493,0.000513,0.000411,0.000513,0,0
BTT.V,D,20200212,000000,0.000513,0.000517,0.000513,0.000517,0,0
BTT.V,D,20200213,000000,0.000517,0.000517,0.000409,0.000512,0,0
BTT.V,D,20200214,000000,0.000512,0.000622,0.000414,0.000622,0,0
BTT.V,D,20200215,000000,0.000622,0.000622,0.000495,0.000594,0,0
BTT.V,D,20200216,000000,0.000594,0.000596,0.000496,0.000596,0,0
BTT.V,D,20200217,000000,0.000596,0.000596,0.000485,0.000485,0,0
BTT.V,D,20200218,000000,0.000485,0.000611,0.000485,0.000509,0,0
BTT.V,D,20200219,000000,0.000509,0.000509,0.00048,0.00048,0,0
BTT.V,D,20200220,000000,0.00048,0.00048,0.00048,0.00048,0,0
BTT.V,D,20200221,000000,0.00048,0.000485,0.00048,0.000485,0,0
BTT.V,D,20200222,000000,0.000485,0.000485,0.000484,0.000484,0,0
BTT.V,D,20200223,000000,0.000484,0.000499,0.000484,0.000499,0,0
BTT.V,D,20200224,000000,0.000499,0.000499,0.000387,0.000483,0,0
BTT.V,D,20200225,000000,0.000483,0.000483,0.000373,0.000373,0,0
BTT.V,D,20200226,000000,0.000373,0.000373,0.000352,0.000352,0,0
BTT.V,D,20200227,000000,0.000352,0.000441,0.000352,0.000353,0,0
BTT.V,D,20200228,000000,0.000353,0.000436,0.000349,0.000349,0,0
BTT.V,D,20200229,000000,0.000349,0.000349,0.000342,0.000342,0,0
BTT.V,D,20200301,000000,0.000342,0.000342,0.000342,0.000342,0,0
BTT.V,D,20200302,000000,0.000342,0.000357,0.000342,0.000357,0,0
BTT.V,D,20200303,000000,0.000357,0.000357,0.000351,0.000351,0,0
BTT.V,D,20200304,000000,0.000351,0.000351,0.000351,0.000351,0,0
BTT.V,D,20200305,000000,0.000351,0.000363,0.000351,0.000363,0,0
BTT.V,D,20200306,000000,0.000363,0.000366,0.000363,0.000366,0,0
BTT.V,D,20200307,000000,0.000366,0.000366,0.000356,0.000356,0,0
BTT.V,D,20200308,000000,0.000356,0.000356,0.000322,0.000322,0,0
BTT.V,D,20200309,000000,0.000322,0.000397,0.000318,0.000318,0,0
BTT.V,D,20200310,000000,0.000318,0.000318,0.000316,0.000316,0,0
BTT.V,D,20200311,000000,0.000316,0.000318,0.000316,0.000318,0,0
BTT.V,D,20200312,000000,0.000318,0.000318,0.000148,0.000197,0,0
BTT.V,D,20200313,000000,0.000197,0.000225,0.000169,0.000225,0,0
BTT.V,D,20200314,000000,0.000225,0.000225,0.000207,0.000207,0,0
BTT.V,D,20200315,000000,0.000207,0.000214,0.000207,0.000214,0,0
BTT.V,D,20200316,000000,0.000214,0.000214,0.000202,0.000202,0,0
BTT.V,D,20200317,000000,0.000202,0.000214,0.000202,0.000214,0,0
BTT.V,D,20200318,000000,0.000214,0.000217,0.000214,0.000217,0,0
BTT.V,D,20200319,000000,0.000217,0.000247,0.000217,0.000247,0,0
BTT.V,D,20200320,000000,0.000247,0.000248,0.000186,0.000248,0,0
BTT.V,D,20200321,000000,0.000248,0.000248,0.000248,0.000248,0,0
BTT.V,D,20200322,000000,0.000248,0.000248,0.000175,0.000233,0,0
BTT.V,D,20200323,000000,0.000233,0.00026,0.000195,0.000195,0,0
BTT.V,D,20200324,000000,0.000195,0.000203,0.000195,0.000203,0,0
BTT.V,D,20200325,000000,0.000203,0.000203,0.000201,0.000201,0,0
BTT.V,D,20200326,000000,0.000201,0.000203,0.000201,0.000203,0,0
BTT.V,D,20200327,000000,0.000203,0.000203,0.000191,0.000191,0,0
BTT.V,D,20200328,000000,0.000191,0.00025,0.000188,0.000188,0,0
BTT.V,D,20200329,000000,0.000188,0.000235,0.000177,0.000177,0,0
BTT.V,D,20200330,000000,0.000177,0.000256,0.000177,0.000192,0,0
BTT.V,D,20200331,000000,0.000192,0.000257,0.000192,0.000193,0,0
BTT.V,D,20200401,000000,0.000193,0.000267,0.000193,0.0002,0,0
BTT.V,D,20200402,000000,0.0002,0.000204,0.0002,0.000204,0,0
BTT.V,D,20200403,000000,0.000204,0.000204,0.000202,0.000202,0,0
BTT.V,D,20200404,000000,0.000202,0.000206,0.000202,0.000206,0,0
BTT.V,D,20200405,000000,0.000206,0.000271,0.000203,0.000203,0,0
BTT.V,D,20200406,000000,0.000203,0.000294,0.000203,0.00022,0,0
BTT.V,D,20200407,000000,0.00022,0.000288,0.000216,0.000216,0,0
BTT.V,D,20200408,000000,0.000216,0.000221,0.000216,0.000221,0,0
BTT.V,D,20200409,000000,0.000221,0.000221,0.0002174,0.0002195,0,0
BTT.V,D,20200410,000000,0.0002196,0.0002197,0.0002029,0.0002072,0,0
BTT.V,D,20200411,000000,0.0002072,0.0002087,0.0002036,0.0002062,0,0
BTT.V,D,20200412,000000,0.0002063,0.000216,0.0002041,0.0002139,0,0
BTT.V,D,20200413,000000,0.0002139,0.0002145,0.0001984,0.0002053,0,0
BTT.V,D,20200414,000000,0.0002054,0.0002096,0.0002033,0.0002058,0,0
BTT.V,D,20200415,000000,0.0002059,0.0002081,0.0002009,0.0002023,0,0
BTT.V,D,20200416,000000,0.0002023,0.0002138,0.0001948,0.0002124,0,0
BTT.V,D,20200417,000000,0.0002124,0.0002161,0.0002102,0.0002116,0,0
BTT.V,D,20200418,000000,0.0002116,0.0002182,0.000211,0.0002169,0,0
BTT.V,D,20200419,000000,0.0002169,0.0002191,0.0002122,0.0002162,0,0
BTT.V,D,20200420,000000,0.0002161,0.0002167,0.0002032,0.0002059,0,0
BTT.V,D,20200421,000000,0.0002058,0.0002084,0.0002034,0.0002071,0,0
BTT.V,D,20200422,000000,0.0002071,0.0002149,0.0002049,0.0002131,0,0
BTT.V,D,20200423,000000,0.0002131,0.0002318,0.0002113,0.0002281,0,0
BTT.V,D,20200424,000000,0.000228,0.0002282,0.0002224,0.0002255,0,0
BTT.V,D,20200425,000000,0.0002254,0.0002311,0.0002234,0.000226,0,0
BTT.V,D,20200426,000000,0.000226,0.0002312,0.0002252,0.000229,0,0
BTT.V,D,20200427,000000,0.000229,0.0002337,0.0002277,0.0002322,0,0
BTT.V,D,20200428,000000,0.0002321,0.0002337,0.0002302,0.0002322,0,0
BTT.V,D,20200429,000000,0.0002321,0.0002684,0.0002319,0.0002661,0,0
BTT.V,D,20200430,000000,0.000266,0.0002837,0.0002526,0.000263,0,0
BTT.V,D,20200501,000000,0.0002629,0.0002719,0.0002581,0.0002654,0,0
BTT.V,D,20200502,000000,0.0002655,0.0002704,0.0002633,0.0002682,0,0
BTT.V,D,20200503,000000,0.0002681,0.0002759,0.0002622,0.0002659,0,0
BTT.V,D,20200504,000000,0.0002658,0.0003542,0.0002562,0.0002686,0,0
BTT.V,D,20200505,000000,0.0002686,0.0002735,0.0002636,0.0002692,0,0
BTT.V,D,20200506,000000,0.0002692,0.0002817,0.0002677,0.0002788,0,0
BTT.V,D,20200507,000000,0.0002788,0.0002988,0.0002718,0.0002965,0,0
BTT.V,D,20200508,000000,0.0002965,0.0003018,0.0002921,0.0003003,0,0
BTT.V,D,20200509,000000,0.0003004,0.0003005,0.0002859,0.0002882,0,0
BTT.V,D,20200510,000000,0.0002882,0.0002902,0.0002477,0.0002618,0,0
BTT.V,D,20200511,000000,0.0002617,0.0002747,0.0002473,0.0002573,0,0
BTT.V,D,20200512,000000,0.0002574,0.0002692,0.0002554,0.0002625,0,0
BTT.V,D,20200513,000000,0.0002626,0.0002822,0.0002626,0.0002809,0,0
BTT.V,D,20200514,000000,0.0002809,0.000298,0.000278,0.0002934,0,0
BTT.V,D,20200515,000000,0.0002934,0.0002953,0.0002749,0.0002824,0,0
BTT.V,D,20200516,000000,0.0002825,0.0002873,0.0002768,0.0002815,0,0
BTT.V,D,20200517,000000,0.0002815,0.0002965,0.0002594,0.0002929,0,0
BTT.V,D,20200518,000000,0.0002928,0.0002982,0.0002851,0.0002905,0,0
BTT.V,D,20200519,000000,0.0002905,0.0002967,0.0002844,0.0002905,0,0
BTT.V,D,20200520,000000,0.0002905,0.0002949,0.0002799,0.0002865,0,0
BTT.V,D,20200521,000000,0.0002865,0.000287,0.0002504,0.0002731,0,0
BTT.V,D,20200522,000000,0.0002731,0.0002779,0.0002682,0.0002762,0,0
BTT.V,D,20200523,000000,0.0002762,0.0002793,0.0002731,0.0002769,0,0
BTT.V,D,20200524,000000,0.0002769,0.0002792,0.000266,0.0002717,0,0
BTT.V,D,20200525,000000,0.0002717,0.0002721,0.0002593,0.000267,0,0
BTT.V,D,20200526,000000,0.000267,0.0002703,0.0002612,0.0002655,0,0
BTT.V,D,20200527,000000,0.0002654,0.0002765,0.0002642,0.000272,0,0
BTT.V,D,20200528,000000,0.000272,0.0002857,0.0002719,0.0002832,0,0
BTT.V,D,20200529,000000,0.0002831,0.0002885,0.0002804,0.0002817,0,0
BTT.V,D,20200530,000000,0.0002818,0.0002874,0.0002802,0.0002845,0,0
BTT.V,D,20200531,000000,0.0002845,0.0002921,0.0002829,0.0002839,0,0
BTT.V,D,20200601,000000,0.0002839,0.0002907,0.0002821,0.0002896,0,0
BTT.V,D,20200602,000000,0.0002896,0.0003216,0.0002805,0.0002857,0,0
BTT.V,D,20200603,000000,0.0002857,0.0002888,0.0002825,0.0002875,0,0
BTT.V,D,20200604,000000,0.0002875,0.0002962,0.0002841,0.0002933,0,0
BTT.V,D,20200605,000000,0.0002933,0.0002956,0.0002886,0.0002898,0,0
BTT.V,D,20200606,000000,0.0002899,0.0002919,0.0002861,0.0002909,0,0
BTT.V,D,20200607,000000,0.0002909,0.0002941,0.0002824,0.0002913,0,0
BTT.V,D,20200608,000000,0.0002913,0.0002937,0.0002898,0.0002914,0,0
BTT.V,D,20200609,000000,0.0002913,0.0002963,0.0002883,0.0002947,0,0
BTT.V,D,20200610,000000,0.0002947,0.0002996,0.0002913,0.0002956,0,0
BTT.V,D,20200611,000000,0.0002957,0.0002991,0.0002729,0.0002804,0,0
BTT.V,D,20200612,000000,0.0002804,0.0002864,0.0002772,0.0002832,0,0
BTT.V,D,20200613,000000,0.0002832,0.0002847,0.000281,0.0002827,0,0
BTT.V,D,20200614,000000,0.0002828,0.0002844,0.0002795,0.0002802,0,0
BTT.V,D,20200615,000000,0.0002802,0.0002849,0.0002673,0.0002831,0,0
BTT.V,D,20200616,000000,0.0002831,0.0002875,0.0002815,0.0002852,0,0
BTT.V,D,20200617,000000,0.0002852,0.0002865,0.0002774,0.0002823,0,0
BTT.V,D,20200618,000000,0.0002823,0.0002844,0.0002783,0.000281,0,0
BTT.V,D,20200619,000000,0.000281,0.0002826,0.0002772,0.0002797,0,0
BTT.V,D,20200620,000000,0.0002797,0.0002806,0.0002755,0.0002802,0,0
BTT.V,D,20200621,000000,0.0002802,0.0002824,0.0002792,0.0002799,0,0
BTT.V,D,20200622,000000,0.0002799,0.0002932,0.0002785,0.0002907,0,0
BTT.V,D,20200623,000000,0.0002907,0.0002916,0.0002874,0.0002895,0,0
BTT.V,D,20200624,000000,0.0002895,0.0002899,0.0002763,0.000278,0,0
BTT.V,D,20200625,000000,0.000278,0.0002799,0.0002702,0.000279,0,0
BTT.V,D,20200626,000000,0.000279,0.0002793,0.0002714,0.0002752,0,0
BTT.V,D,20200627,000000,0.0002753,0.000276,0.0002661,0.0002718,0,0
BTT.V,D,20200628,000000,0.0002718,0.0002757,0.0002684,0.0002737,0,0
BTT.V,D,20200629,000000,0.0002737,0.000277,0.0002708,0.0002764,0,0
BTT.V,D,20200630,000000,0.0002763,0.000277,0.0002721,0.0002749,0,0
BTT.V,D,20200701,000000,0.0002749,0.0003057,0.0002729,0.0002773,0,0
BTT.V,D,20200702,000000,0.0002773,0.0003707,0.0002767,0.0003661,0,0
BTT.V,D,20200703,000000,0.0003657,0.0003658,0.0002727,0.000364,0,0
BTT.V,D,20200704,000000,0.000364,0.0003678,0.0002719,0.000365,0,0
BTT.V,D,20200705,000000,0.000365,0.0003661,0.0003576,0.0003616,0,0
BTT.V,D,20200706,000000,0.0003616,0.000374,0.0003616,0.0003714,0,0
BTT.V,D,20200707,000000,0.0003712,0.000375,0.0003684,0.0003699,0,0
BTT.V,D,20200708,000000,0.0003699,0.0003789,0.0002771,0.0003774,0,0
BTT.V,D,20200709,000000,0.0003774,0.0003787,0.0003669,0.0003701,0,0
BTT.V,D,20200710,000000,0.0003702,0.0004623,0.0003666,0.0004608,0,0
BTT.V,D,20200711,000000,0.000461,0.0004658,0.0003676,0.000369,0,0
BTT.V,D,20200712,000000,0.000369,0.0004636,0.0003668,0.0003708,0,0
BTT.V,D,20200713,000000,0.0003708,0.0004659,0.0003681,0.00037,0,0
BTT.V,D,20200714,000000,0.00037,0.0003712,0.0003648,0.0003698,0,0
BTT.V,D,20200715,000000,0.0003697,0.0003709,0.0003665,0.0003691,0,0
BTT.V,D,20200716,000000,0.0003691,0.0003692,0.0003615,0.0003651,0,0
BTT.V,D,20200717,000000,0.0003651,0.0003673,0.0003633,0.0003662,0,0
BTT.V,D,20200718,000000,0.000366,0.0003682,0.000365,0.0003673,0,0
BTT.V,D,20200719,000000,0.0003672,0.0003674,0.0003646,0.000367,0,0
BTT.V,D,20200720,000000,0.000367,0.0003693,0.0003655,0.000367,0,0
BTT.V,D,20200721,000000,0.000367,0.0003772,0.0003664,0.0003753,0,0
BTT.V,D,20200722,000000,0.0003753,0.0003758,0.0003717,0.0003753,0,0
BTT.V,D,20200723,000000,0.0003754,0.0003869,0.0003751,0.0003847,0,0
BTT.V,D,20200724,000000,0.0003848,0.0003859,0.0003791,0.0003844,0,0
BTT.V,D,20200725,000000,0.0003844,0.0003898,0.0003812,0.0003881,0,0
BTT.V,D,20200726,000000,0.0003881,0.0004055,0.0003864,0.0003955,0,0
BTT.V,D,20200727,000000,0.0003956,0.0004336,0.0003188,0.0003338,0,0
BTT.V,D,20200728,000000,0.0003337,0.0004388,0.0003198,0.0003308,0,0
BTT.V,D,20200729,000000,0.0003307,0.0004455,0.0003257,0.0003379,0,0
