<TICKER>,<PER>,<DATE>,<TIME>,<OPEN>,<HIGH>,<LOW>,<CLOSE>,<VOL>,<OPENINT>
DCR.V,D,20150905,000000,0.1925,0.1925,0.07477,0.1192,0,0
DCR.V,D,20150906,000000,0.1223,0.1223,0.04797,0.04797,0,0
DCR.V,D,20150907,000000,0.04792,0.04792,0.04073,0.04193,0,0
DCR.V,D,20150908,000000,0.04257,0.04622,0.04257,0.04622,0,0
DCR.V,D,20150909,000000,0.04511,0.04511,0.04511,0.04511,0,0
DCR.V,D,20150910,000000,0.04524,0.04524,0.04285,0.04285,0,0
DCR.V,D,20150911,000000,0.04318,0.04318,0.04318,0.04318,0,0
DCR.V,D,20150912,000000,0.04241,0.04241,0.04241,0.04241,0,0
DCR.V,D,20150913,000000,0.04143,0.04143,0.04143,0.04143,0,0
DCR.V,D,20150914,000000,0.04138,0.04138,0.04138,0.04138,0,0
DCR.V,D,20150915,000000,0.04132,0.04591,0.04132,0.04591,0,0
DCR.V,D,20150916,000000,0.04572,0.04572,0.03429,0.03429,0,0
DCR.V,D,20150917,000000,0.03491,0.03491,0.03491,0.03491,0,0
DCR.V,D,20150918,000000,0.03483,0.03899,0.03251,0.03251,0,0
DCR.V,D,20150919,000000,0.03236,0.03236,0.03236,0.03236,0,0
DCR.V,D,20150920,000000,0.03235,0.03235,0.02311,0.02542,0,0
DCR.V,D,20150921,000000,0.0249,0.0294,0.0249,0.0294,0,0
DCR.V,D,20150922,000000,0.02528,0.02528,0.02528,0.02528,0,0
DCR.V,D,20150923,000000,0.02526,0.02526,0.02069,0.02069,0,0
DCR.V,D,20150924,000000,0.02104,0.02104,0.02104,0.02104,0,0
DCR.V,D,20150925,000000,0.02115,0.02115,0.02115,0.02115,0,0
DCR.V,D,20150926,000000,0.02109,0.02109,0.02109,0.02109,0,0
DCR.V,D,20150927,000000,0.02093,0.02093,0.02093,0.02093,0,0
DCR.V,D,20150928,000000,0.0215,0.03344,0.0215,0.03344,0,0
DCR.V,D,20150929,000000,0.03314,0.03314,0.03314,0.03314,0,0
DCR.V,D,20150930,000000,0.03303,0.03303,0.03303,0.03303,0,0
DCR.V,D,20151001,000000,0.03319,0.03319,0.03319,0.03319,0,0
DCR.V,D,20151002,000000,0.03314,0.03314,0.03314,0.03314,0,0
DCR.V,D,20151003,000000,0.0334,0.0334,0.0334,0.0334,0,0
DCR.V,D,20151004,000000,0.03337,0.03337,0.03337,0.03337,0,0
DCR.V,D,20151005,000000,0.03242,0.03242,0.03242,0.03242,0,0
DCR.V,D,20151006,000000,0.03323,0.03323,0.03323,0.03323,0,0
DCR.V,D,20151007,000000,0.0328,0.0328,0.0328,0.0328,0,0
DCR.V,D,20151008,000000,0.04847,0.04847,0.04847,0.04847,0,0
DCR.V,D,20151009,000000,0.04876,0.04876,0.04876,0.04876,0,0
DCR.V,D,20151010,000000,0.04902,0.04902,0.04902,0.04902,0,0
DCR.V,D,20151011,000000,0.04948,0.05944,0.04948,0.05944,0,0
DCR.V,D,20151012,000000,0.05888,0.05888,0.05888,0.05888,0,0
DCR.V,D,20151013,000000,0.05971,0.05971,0.05971,0.05971,0,0
DCR.V,D,20151014,000000,0.06056,0.06056,0.06056,0.06056,0,0
DCR.V,D,20151015,000000,0.06107,0.06107,0.06107,0.06107,0,0
DCR.V,D,20151016,000000,0.06309,0.06309,0.06309,0.06309,0,0
DCR.V,D,20151017,000000,0.07818,0.07818,0.07818,0.07818,0,0
DCR.V,D,20151018,000000,0.07588,0.07588,0.07588,0.07588,0,0
DCR.V,D,20151019,000000,0.07651,0.07651,0.07651,0.07651,0,0
DCR.V,D,20151020,000000,0.07823,0.07823,0.07823,0.07823,0,0
DCR.V,D,20151021,000000,0.07746,0.07746,0.07746,0.07746,0,0
DCR.V,D,20151022,000000,0.07958,0.07958,0.07958,0.07958,0,0
DCR.V,D,20151023,000000,0.08031,0.08031,0.08031,0.08031,0,0
DCR.V,D,20151024,000000,0.08194,0.08194,0.08194,0.08194,0,0
DCR.V,D,20151025,000000,0.08348,0.08348,0.08348,0.08348,0,0
DCR.V,D,20151026,000000,0.08269,0.08269,0.08269,0.08269,0,0
DCR.V,D,20151027,000000,0.08545,0.08545,0.08545,0.08545,0,0
DCR.V,D,20151028,000000,0.08803,0.08803,0.08803,0.08803,0,0
DCR.V,D,20151029,000000,0.09095,0.09095,0.09095,0.09095,0,0
DCR.V,D,20151030,000000,0.09486,0.09486,0.09486,0.09486,0,0
DCR.V,D,20151031,000000,0.09026,0.09026,0.09026,0.09026,0,0
DCR.V,D,20151101,000000,0.09366,0.09366,0.09366,0.09366,0,0
DCR.V,D,20151102,000000,0.1042,0.1042,0.1042,0.1042,0,0
DCR.V,D,20151103,000000,0.115,0.115,0.115,0.115,0,0
DCR.V,D,20151104,000000,0.1163,0.1163,0.1163,0.1163,0,0
DCR.V,D,20151105,000000,0.111,0.111,0.111,0.111,0,0
DCR.V,D,20151106,000000,0.1072,0.1072,0.1072,0.1072,0,0
DCR.V,D,20151107,000000,0.1117,0.1117,0.1117,0.1117,0,0
DCR.V,D,20151108,000000,0.1078,0.1078,0.1078,0.1078,0,0
DCR.V,D,20151109,000000,0.1103,0.1103,0.1103,0.1103,0,0
DCR.V,D,20151110,000000,0.09764,0.09764,0.09764,0.09764,0,0
DCR.V,D,20151111,000000,0.08837,0.08837,0.08837,0.08837,0,0
DCR.V,D,20151112,000000,0.09682,0.09682,0.09682,0.09682,0,0
DCR.V,D,20151113,000000,0.09679,0.09679,0.09679,0.09679,0,0
DCR.V,D,20151114,000000,0.09621,0.09621,0.09621,0.09621,0,0
DCR.V,D,20151115,000000,0.09206,0.09206,0.09206,0.09206,0,0
DCR.V,D,20151116,000000,0.09576,0.09576,0.09576,0.09576,0,0
DCR.V,D,20151117,000000,0.09683,0.09683,0.09683,0.09683,0,0
DCR.V,D,20151118,000000,0.09742,0.09742,0.09742,0.09742,0,0
DCR.V,D,20151119,000000,0.09424,0.09424,0.09424,0.09424,0,0
DCR.V,D,20151120,000000,0.09312,0.09312,0.09312,0.09312,0,0
DCR.V,D,20151121,000000,0.09416,0.09416,0.09416,0.09416,0,0
DCR.V,D,20151122,000000,0.01292,0.01292,0.007453,0.007453,0,0
DCR.V,D,20151123,000000,0.007438,0.007438,0.007438,0.007438,0,0
DCR.V,D,20151124,000000,0.007351,0.007351,0.007351,0.007351,0,0
DCR.V,D,20151125,000000,0.007562,0.007562,0.007562,0.007562,0,0
DCR.V,D,20151126,000000,0.008168,0.008168,0.008168,0.008168,0,0
DCR.V,D,20151127,000000,0.008301,0.008301,0.008301,0.008301,0,0
DCR.V,D,20151128,000000,0.008216,0.008216,0.008216,0.008216,0,0
DCR.V,D,20151129,000000,0.008563,0.008563,0.008563,0.008563,0,0
DCR.V,D,20151130,000000,0.008727,0.008727,0.008727,0.008727,0,0
DCR.V,D,20151201,000000,0.008354,0.008354,0.008354,0.008354,0,0
DCR.V,D,20151202,000000,0.008312,0.008312,0.008312,0.008312,0,0
DCR.V,D,20151203,000000,0.00832,0.00832,0.00832,0.00832,0,0
DCR.V,D,20151204,000000,0.008351,0.008351,0.008351,0.008351,0,0
DCR.V,D,20151205,000000,0.01935,0.01935,0.01935,0.01935,0,0
DCR.V,D,20151206,000000,0.01968,0.01968,0.01968,0.01968,0,0
DCR.V,D,20151207,000000,0.09853,0.09853,0.09853,0.09853,0,0
DCR.V,D,20151208,000000,0.1026,0.1026,0.1026,0.1026,0,0
DCR.V,D,20151209,000000,0.104,0.104,0.104,0.104,0,0
DCR.V,D,20151210,000000,0.1038,0.1038,0.1038,0.1038,0,0
DCR.V,D,20151211,000000,0.1124,0.1124,0.1124,0.1124,0,0
DCR.V,D,20151212,000000,0.108,0.108,0.108,0.108,0,0
DCR.V,D,20151213,000000,0.1086,0.1086,0.1086,0.1086,0,0
DCR.V,D,20151214,000000,0.1105,0.1105,0.1105,0.1105,0,0
DCR.V,D,20151215,000000,0.1156,0.1156,0.1156,0.1156,0,0
DCR.V,D,20151216,000000,0.1134,0.1134,0.1134,0.1134,0,0
DCR.V,D,20151217,000000,0.1138,0.1138,0.1138,0.1138,0,0
DCR.V,D,20151218,000000,0.1157,0.1157,0.1157,0.1157,0,0
DCR.V,D,20151219,000000,0.1153,0.1153,0.1153,0.1153,0,0
DCR.V,D,20151220,000000,0.1104,0.1104,0.1104,0.1104,0,0
DCR.V,D,20151221,000000,0.1094,0.1094,0.1094,0.1094,0,0
DCR.V,D,20151222,000000,0.1092,0.1092,0.1092,0.1092,0,0
DCR.V,D,20151223,000000,0.1106,0.1106,0.1106,0.1106,0,0
DCR.V,D,20151224,000000,0.1132,0.1132,0.1132,0.1132,0,0
DCR.V,D,20151225,000000,0.1135,0.1135,0.1135,0.1135,0,0
DCR.V,D,20151226,000000,0.1038,0.1038,0.1038,0.1038,0,0
DCR.V,D,20151227,000000,0.1056,0.1056,0.1056,0.1056,0,0
DCR.V,D,20151228,000000,0.1054,0.1054,0.1054,0.1054,0,0
DCR.V,D,20151229,000000,0.1079,0.1079,0.1079,0.1079,0,0
DCR.V,D,20151230,000000,0.1067,0.1067,0.1067,0.1067,0,0
DCR.V,D,20151231,000000,0.1074,0.1074,0.1074,0.1074,0,0
DCR.V,D,20160101,000000,0.1085,0.1085,0.1085,0.1085,0,0
DCR.V,D,20160102,000000,0.1084,0.1084,0.1084,0.1084,0,0
DCR.V,D,20160103,000000,0.1076,0.1076,0.1076,0.1076,0,0
DCR.V,D,20160104,000000,0.1083,0.1083,0.1083,0.1083,0,0
DCR.V,D,20160105,000000,0.1078,0.1078,0.1078,0.1078,0,0
DCR.V,D,20160106,000000,0.1077,0.1077,0.1077,0.1077,0,0
DCR.V,D,20160107,000000,0.1142,0.1142,0.1142,0.1142,0,0
DCR.V,D,20160108,000000,0.1132,0.1132,0.1132,0.1132,0,0
DCR.V,D,20160109,000000,0.112,0.112,0.112,0.112,0,0
DCR.V,D,20160110,000000,0.1115,0.1115,0.1115,0.1115,0,0
DCR.V,D,20160111,000000,0.1119,0.1119,0.1119,0.1119,0,0
DCR.V,D,20160112,000000,0.1112,0.1112,0.1112,0.1112,0,0
DCR.V,D,20160113,000000,0.108,0.108,0.108,0.108,0,0
DCR.V,D,20160114,000000,0.1072,0.1072,0.1072,0.1072,0,0
DCR.V,D,20160115,000000,0.09303,0.09303,0.09303,0.09303,0,0
DCR.V,D,20160116,000000,0.09622,0.09622,0.09622,0.09622,0,0
DCR.V,D,20160117,000000,0.09558,0.09558,0.09558,0.09558,0,0
DCR.V,D,20160118,000000,0.09606,0.09606,0.09606,0.09606,0,0
DCR.V,D,20160119,000000,0.09483,0.09483,0.09483,0.09483,0,0
DCR.V,D,20160120,000000,0.1036,0.1036,0.1036,0.1036,0,0
DCR.V,D,20160121,000000,0.1025,0.1025,0.1025,0.1025,0,0
DCR.V,D,20160122,000000,0.09562,0.09562,0.09562,0.09562,0,0
DCR.V,D,20160123,000000,0.09711,0.09711,0.09711,0.09711,0,0
DCR.V,D,20160124,000000,0.1005,0.1005,0.1005,0.1005,0,0
DCR.V,D,20160125,000000,0.09815,0.09815,0.09815,0.09815,0,0
DCR.V,D,20160126,000000,0.09741,0.09741,0.09741,0.09741,0,0
DCR.V,D,20160127,000000,0.09872,0.09872,0.09872,0.09872,0,0
DCR.V,D,20160128,000000,0.09488,0.09488,0.09488,0.09488,0,0
DCR.V,D,20160129,000000,0.09503,0.09503,0.09503,0.09503,0,0
DCR.V,D,20160130,000000,0.0944,0.0944,0.0944,0.0944,0,0
DCR.V,D,20160131,000000,0.09242,0.09242,0.09242,0.09242,0,0
DCR.V,D,20160201,000000,0.09301,0.09301,0.09301,0.09301,0,0
DCR.V,D,20160202,000000,0.09344,0.09344,0.09344,0.09344,0,0
DCR.V,D,20160203,000000,0.09197,0.09197,0.09197,0.09197,0,0
DCR.V,D,20160204,000000,0.09762,0.09762,0.09762,0.09762,0,0
DCR.V,D,20160205,000000,0.09658,0.09658,0.09658,0.09658,0,0
DCR.V,D,20160206,000000,0.09413,0.09413,0.09413,0.09413,0,0
DCR.V,D,20160207,000000,0.09445,0.09445,0.09445,0.09445,0,0
DCR.V,D,20160208,000000,0.09312,0.09312,0.09312,0.09312,0,0
DCR.V,D,20160209,000000,0.09379,0.09379,0.09379,0.09379,0,0
DCR.V,D,20160210,000000,1.48,1.86,0.7088,1.03,0,0
DCR.V,D,20160211,000000,1.03,1.32,0.8727,1.28,0,0
DCR.V,D,20160212,000000,1.29,1.61,1.16,1.31,0,0
DCR.V,D,20160213,000000,1.33,1.38,1.01,1.17,0,0
DCR.V,D,20160214,000000,1.21,1.21,1.09,1.2,0,0
DCR.V,D,20160215,000000,1.19,1.45,1.11,1.33,0,0
DCR.V,D,20160216,000000,1.35,1.67,1.28,1.5,0,0
DCR.V,D,20160217,000000,1.54,1.79,1.51,1.57,0,0
DCR.V,D,20160218,000000,1.58,1.62,1.22,1.43,0,0
DCR.V,D,20160219,000000,1.43,1.55,1.36,1.44,0,0
DCR.V,D,20160220,000000,1.51,1.65,1.48,1.55,0,0
DCR.V,D,20160221,000000,1.54,1.66,1.52,1.65,0,0
DCR.V,D,20160222,000000,1.65,1.92,1.58,1.75,0,0
DCR.V,D,20160223,000000,1.68,2.3,1.64,1.91,0,0
DCR.V,D,20160224,000000,1.92,2.91,1.9,2.77,0,0
DCR.V,D,20160225,000000,2.77,2.83,2.02,2.33,0,0
DCR.V,D,20160226,000000,2.35,2.69,2.14,2.34,0,0
DCR.V,D,20160227,000000,2.36,2.46,1.9,2.16,0,0
DCR.V,D,20160228,000000,2.16,2.31,2.1,2.23,0,0
DCR.V,D,20160229,000000,2.25,2.29,1.96,2.07,0,0
DCR.V,D,20160301,000000,2.06,2.06,1.28,1.68,0,0
DCR.V,D,20160302,000000,1.65,1.85,1.53,1.71,0,0
DCR.V,D,20160303,000000,1.69,1.91,1.64,1.72,0,0
DCR.V,D,20160304,000000,1.67,1.81,1.64,1.73,0,0
DCR.V,D,20160305,000000,1.69,1.75,1.6,1.64,0,0
DCR.V,D,20160306,000000,1.67,2.03,1.67,2.03,0,0
DCR.V,D,20160307,000000,2.07,2.19,1.99,2.19,0,0
DCR.V,D,20160308,000000,2.18,2.29,2.14,2.29,0,0
DCR.V,D,20160309,000000,2.29,2.62,2.27,2.43,0,0
DCR.V,D,20160310,000000,2.45,2.63,2.31,2.4,0,0
DCR.V,D,20160311,000000,2.42,2.58,2.07,2.39,0,0
DCR.V,D,20160312,000000,2.34,2.56,2.17,2.28,0,0
DCR.V,D,20160313,000000,2.29,2.37,2.21,2.37,0,0
DCR.V,D,20160314,000000,2.38,2.54,2.3,2.4,0,0
DCR.V,D,20160315,000000,2.41,2.64,2.36,2.61,0,0
DCR.V,D,20160316,000000,2.62,2.62,2.38,2.52,0,0
DCR.V,D,20160317,000000,2.54,2.61,2.43,2.47,0,0
DCR.V,D,20160318,000000,2.41,2.52,2.36,2.39,0,0
DCR.V,D,20160319,000000,2.39,2.45,2.26,2.35,0,0
DCR.V,D,20160320,000000,2.37,2.37,2.14,2.26,0,0
DCR.V,D,20160321,000000,2.26,2.26,2.1,2.22,0,0
DCR.V,D,20160322,000000,2.25,2.28,2.06,2.08,0,0
DCR.V,D,20160323,000000,2.08,2.14,1.98,1.98,0,0
DCR.V,D,20160324,000000,1.97,2.04,1.86,1.87,0,0
DCR.V,D,20160325,000000,1.87,2.16,1.87,2,0,0
DCR.V,D,20160326,000000,2,2.33,2,2.17,0,0
DCR.V,D,20160327,000000,2.21,2.37,1.93,2.02,0,0
DCR.V,D,20160328,000000,2.01,2.13,1.95,2.13,0,0
DCR.V,D,20160329,000000,2.1,2.32,2.02,2.05,0,0
DCR.V,D,20160330,000000,2.04,2.14,1.94,2.06,0,0
DCR.V,D,20160331,000000,2.08,2.14,1.91,1.96,0,0
DCR.V,D,20160401,000000,1.96,2.08,1.95,1.95,0,0
DCR.V,D,20160402,000000,1.97,2.01,1.89,2.01,0,0
DCR.V,D,20160403,000000,2.01,2.01,1.89,1.93,0,0
DCR.V,D,20160404,000000,1.93,1.95,1.87,1.9,0,0
DCR.V,D,20160405,000000,1.91,1.91,1.74,1.81,0,0
DCR.V,D,20160406,000000,1.81,1.84,1.69,1.79,0,0
DCR.V,D,20160407,000000,1.78,1.88,1.72,1.72,0,0
DCR.V,D,20160408,000000,1.71,1.84,1.67,1.73,0,0
DCR.V,D,20160409,000000,1.73,1.8,1.59,1.61,0,0
DCR.V,D,20160410,000000,1.62,1.68,1.44,1.47,0,0
DCR.V,D,20160411,000000,1.48,1.57,1.43,1.46,0,0
DCR.V,D,20160412,000000,1.47,1.66,1.39,1.55,0,0
DCR.V,D,20160413,000000,1.55,1.65,1.46,1.48,0,0
DCR.V,D,20160414,000000,1.48,1.57,1.48,1.49,0,0
DCR.V,D,20160415,000000,1.51,1.53,1.37,1.38,0,0
DCR.V,D,20160416,000000,1.39,1.46,1.3,1.37,0,0
DCR.V,D,20160417,000000,1.36,1.41,1.33,1.34,0,0
DCR.V,D,20160418,000000,1.35,1.71,1.32,1.69,0,0
DCR.V,D,20160419,000000,1.72,1.76,1.51,1.51,0,0
DCR.V,D,20160420,000000,1.54,1.54,1.52,1.52,0,0
DCR.V,D,20160421,000000,1.55,1.7,1.55,1.58,0,0
DCR.V,D,20160422,000000,1.57,1.69,1.54,1.56,0,0
DCR.V,D,20160423,000000,1.58,1.66,1.58,1.58,0,0
DCR.V,D,20160424,000000,1.6,1.65,1.56,1.58,0,0
DCR.V,D,20160425,000000,1.59,1.61,1.55,1.55,0,0
DCR.V,D,20160426,000000,1.57,1.63,1.52,1.52,0,0
DCR.V,D,20160427,000000,1.46,1.53,1.46,1.49,0,0
DCR.V,D,20160428,000000,1.49,1.55,1.49,1.52,0,0
DCR.V,D,20160429,000000,1.54,1.61,1.54,1.55,0,0
DCR.V,D,20160430,000000,1.53,1.61,1.53,1.57,0,0
DCR.V,D,20160501,000000,1.58,1.66,1.54,1.54,0,0
DCR.V,D,20160502,000000,1.52,1.55,1.52,1.52,0,0
DCR.V,D,20160503,000000,1.54,1.58,1.51,1.56,0,0
DCR.V,D,20160504,000000,1.55,1.56,1.5,1.5,0,0
DCR.V,D,20160505,000000,1.51,1.55,1.51,1.52,0,0
DCR.V,D,20160506,000000,1.56,1.57,1.52,1.52,0,0
DCR.V,D,20160507,000000,1.52,1.6,1.51,1.58,0,0
DCR.V,D,20160508,000000,1.58,1.6,1.47,1.48,0,0
DCR.V,D,20160509,000000,1.49,1.56,1.46,1.46,0,0
DCR.V,D,20160510,000000,1.42,1.44,1.4,1.4,0,0
DCR.V,D,20160511,000000,1.41,1.44,1.29,1.37,0,0
DCR.V,D,20160512,000000,1.38,1.38,1.28,1.29,0,0
DCR.V,D,20160513,000000,1.29,1.32,1.28,1.28,0,0
DCR.V,D,20160514,000000,1.28,1.45,1.26,1.32,0,0
DCR.V,D,20160515,000000,1.33,1.44,1.31,1.33,0,0
DCR.V,D,20160516,000000,1.32,2.02,1.32,2.02,0,0
DCR.V,D,20160517,000000,2.01,2.06,1.7,1.73,0,0
DCR.V,D,20160518,000000,1.74,1.77,1.46,1.58,0,0
DCR.V,D,20160519,000000,1.54,1.71,1.51,1.61,0,0
DCR.V,D,20160520,000000,1.61,1.61,1.43,1.46,0,0
DCR.V,D,20160521,000000,1.46,1.53,1.44,1.52,0,0
DCR.V,D,20160522,000000,1.5,1.52,1.39,1.45,0,0
DCR.V,D,20160523,000000,1.46,1.64,1.46,1.52,0,0
DCR.V,D,20160524,000000,1.53,1.65,1.44,1.49,0,0
DCR.V,D,20160525,000000,1.51,1.56,1.36,1.39,0,0
DCR.V,D,20160526,000000,1.4,1.42,1.27,1.33,0,0
DCR.V,D,20160527,000000,1.39,1.43,1.3,1.34,0,0
DCR.V,D,20160528,000000,1.48,1.69,1.45,1.56,0,0
DCR.V,D,20160529,000000,1.54,1.56,1.41,1.43,0,0
DCR.V,D,20160530,000000,1.47,1.58,1.47,1.49,0,0
DCR.V,D,20160531,000000,1.48,1.56,1.43,1.54,0,0
DCR.V,D,20160601,000000,1.57,1.95,1.53,1.79,0,0
DCR.V,D,20160602,000000,1.79,1.89,1.63,1.76,0,0
DCR.V,D,20160603,000000,1.86,1.91,1.72,1.73,0,0
DCR.V,D,20160604,000000,1.74,1.84,1.74,1.74,0,0
DCR.V,D,20160605,000000,1.75,1.79,1.6,1.61,0,0
DCR.V,D,20160606,000000,1.63,1.73,1.63,1.67,0,0
DCR.V,D,20160607,000000,1.65,1.72,1.52,1.69,0,0
DCR.V,D,20160608,000000,1.7,1.74,1.5,1.7,0,0
DCR.V,D,20160609,000000,1.68,1.71,1.6,1.66,0,0
DCR.V,D,20160610,000000,1.66,1.73,1.62,1.65,0,0
DCR.V,D,20160611,000000,1.69,1.74,1.64,1.64,0,0
DCR.V,D,20160612,000000,1.85,1.86,1.6,1.62,0,0
DCR.V,D,20160613,000000,1.7,1.78,1.61,1.63,0,0
DCR.V,D,20160614,000000,1.59,1.76,1.56,1.63,0,0
DCR.V,D,20160615,000000,1.65,1.79,1.64,1.64,0,0
DCR.V,D,20160616,000000,1.81,2.15,1.81,1.93,0,0
DCR.V,D,20160617,000000,1.89,1.99,1.66,1.66,0,0
DCR.V,D,20160618,000000,1.68,1.96,1.68,1.89,0,0
DCR.V,D,20160619,000000,1.91,2.17,1.84,2,0,0
DCR.V,D,20160620,000000,1.93,2.13,1.82,1.92,0,0
DCR.V,D,20160621,000000,1.74,1.89,1.66,1.67,0,0
DCR.V,D,20160622,000000,1.47,1.63,1.46,1.61,0,0
DCR.V,D,20160623,000000,1.69,1.69,1.57,1.6,0,0
DCR.V,D,20160624,000000,1.69,1.78,1.63,1.67,0,0
DCR.V,D,20160625,000000,1.69,1.73,1.58,1.65,0,0
DCR.V,D,20160626,000000,1.55,1.62,1.5,1.53,0,0
DCR.V,D,20160627,000000,1.58,2.15,1.54,1.9,0,0
DCR.V,D,20160628,000000,1.9,2.01,1.7,1.83,0,0
DCR.V,D,20160629,000000,1.81,2.17,1.79,2.08,0,0
DCR.V,D,20160630,000000,2.19,2.61,2.01,2.07,0,0
DCR.V,D,20160701,000000,2.08,2.17,1.96,1.97,0,0
DCR.V,D,20160702,000000,2.04,2.19,2,2.04,0,0
DCR.V,D,20160703,000000,1.93,2.01,1.78,1.97,0,0
DCR.V,D,20160704,000000,2.01,2.04,1.92,1.95,0,0
DCR.V,D,20160705,000000,1.92,1.99,1.83,1.87,0,0
DCR.V,D,20160706,000000,1.9,2.02,1.86,1.86,0,0
DCR.V,D,20160707,000000,1.75,1.84,1.6,1.66,0,0
DCR.V,D,20160708,000000,1.73,1.9,1.54,1.81,0,0
DCR.V,D,20160709,000000,1.78,1.9,1.65,1.67,0,0
DCR.V,D,20160710,000000,1.65,1.88,1.63,1.72,0,0
DCR.V,D,20160711,000000,1.72,1.84,1.67,1.69,0,0
DCR.V,D,20160712,000000,1.76,1.87,1.69,1.69,0,0
DCR.V,D,20160713,000000,1.67,1.77,1.67,1.7,0,0
DCR.V,D,20160714,000000,1.69,1.77,1.68,1.69,0,0
DCR.V,D,20160715,000000,1.7,2.04,1.69,1.84,0,0
DCR.V,D,20160716,000000,1.83,1.89,1.7,1.74,0,0
DCR.V,D,20160717,000000,1.78,1.95,1.74,1.79,0,0
DCR.V,D,20160718,000000,1.77,1.84,1.76,1.77,0,0
DCR.V,D,20160719,000000,1.77,1.92,1.76,1.77,0,0
DCR.V,D,20160720,000000,1.75,1.85,1.7,1.73,0,0
DCR.V,D,20160721,000000,1.73,1.83,1.71,1.75,0,0
DCR.V,D,20160722,000000,1.71,1.79,1.69,1.71,0,0
DCR.V,D,20160723,000000,1.72,1.78,1.71,1.73,0,0
DCR.V,D,20160724,000000,1.75,1.77,1.68,1.68,0,0
DCR.V,D,20160725,000000,1.67,1.93,1.63,1.93,0,0
DCR.V,D,20160726,000000,1.93,1.93,1.65,1.76,0,0
DCR.V,D,20160727,000000,1.76,1.81,1.65,1.69,0,0
DCR.V,D,20160728,000000,1.69,1.72,1.64,1.71,0,0
DCR.V,D,20160729,000000,1.71,1.71,1.65,1.69,0,0
DCR.V,D,20160730,000000,1.69,1.75,1.67,1.72,0,0
DCR.V,D,20160731,000000,1.63,2.18,1.62,1.86,0,0
DCR.V,D,20160801,000000,1.82,1.82,1.68,1.69,0,0
DCR.V,D,20160802,000000,1.43,1.54,1.34,1.39,0,0
DCR.V,D,20160803,000000,1.53,1.6,1.45,1.54,0,0
DCR.V,D,20160804,000000,1.57,1.66,1.55,1.62,0,0
DCR.V,D,20160805,000000,1.62,1.68,1.58,1.61,0,0
DCR.V,D,20160806,000000,1.64,1.71,1.61,1.62,0,0
DCR.V,D,20160807,000000,1.64,1.66,1.51,1.55,0,0
DCR.V,D,20160808,000000,1.55,1.62,1.53,1.54,0,0
DCR.V,D,20160809,000000,1.53,1.61,1.53,1.61,0,0
DCR.V,D,20160810,000000,1.63,1.64,1.55,1.57,0,0
DCR.V,D,20160811,000000,1.56,1.7,1.56,1.63,0,0
DCR.V,D,20160812,000000,1.63,1.85,1.6,1.73,0,0
DCR.V,D,20160813,000000,1.73,1.96,1.7,1.77,0,0
DCR.V,D,20160814,000000,1.72,1.72,1.58,1.63,0,0
DCR.V,D,20160815,000000,1.63,1.8,1.58,1.6,0,0
DCR.V,D,20160816,000000,1.64,1.73,1.58,1.61,0,0
DCR.V,D,20160817,000000,1.59,1.62,1.58,1.61,0,0
DCR.V,D,20160818,000000,1.61,1.62,1.58,1.59,0,0
DCR.V,D,20160819,000000,1.59,1.62,1.56,1.56,0,0
DCR.V,D,20160820,000000,1.58,1.62,1.56,1.56,0,0
DCR.V,D,20160821,000000,1.56,1.59,1.54,1.56,0,0
DCR.V,D,20160822,000000,1.58,1.59,1.53,1.54,0,0
DCR.V,D,20160823,000000,1.53,1.57,1.47,1.48,0,0
DCR.V,D,20160824,000000,1.47,1.61,1.46,1.57,0,0
DCR.V,D,20160825,000000,1.57,1.58,1.5,1.52,0,0
DCR.V,D,20160826,000000,1.52,1.66,1.49,1.51,0,0
DCR.V,D,20160827,000000,1.48,1.52,1.47,1.48,0,0
DCR.V,D,20160828,000000,1.49,1.53,1.47,1.49,0,0
DCR.V,D,20160829,000000,1.49,1.55,1.48,1.49,0,0
DCR.V,D,20160830,000000,1.5,1.53,1.45,1.48,0,0
DCR.V,D,20160831,000000,1.47,1.5,1.42,1.44,0,0
DCR.V,D,20160901,000000,1.44,1.53,1.41,1.46,0,0
DCR.V,D,20160902,000000,1.47,1.48,1.43,1.43,0,0
DCR.V,D,20160903,000000,1.49,1.56,1.49,1.5,0,0
DCR.V,D,20160904,000000,1.52,1.58,1.46,1.49,0,0
DCR.V,D,20160905,000000,1.48,1.56,1.45,1.51,0,0
DCR.V,D,20160906,000000,1.52,1.57,1.45,1.51,0,0
DCR.V,D,20160907,000000,1.52,1.56,1.47,1.51,0,0
DCR.V,D,20160908,000000,1.54,1.56,1.49,1.53,0,0
DCR.V,D,20160909,000000,1.52,1.56,1.49,1.54,0,0
DCR.V,D,20160910,000000,1.55,1.57,1.49,1.52,0,0
DCR.V,D,20160911,000000,1.47,1.51,1.45,1.47,0,0
DCR.V,D,20160912,000000,1.48,1.51,1.42,1.45,0,0
DCR.V,D,20160913,000000,1.45,1.49,1.39,1.48,0,0
DCR.V,D,20160914,000000,1.48,1.5,1.44,1.45,0,0
DCR.V,D,20160915,000000,1.45,1.49,1.44,1.44,0,0
DCR.V,D,20160916,000000,1.44,1.49,1.44,1.45,0,0
DCR.V,D,20160917,000000,1.45,1.46,1.4,1.41,0,0
DCR.V,D,20160918,000000,1.42,1.44,1.21,1.3,0,0
DCR.V,D,20160919,000000,1.3,1.38,1.23,1.25,0,0
DCR.V,D,20160920,000000,1.25,1.34,1.21,1.31,0,0
DCR.V,D,20160921,000000,1.28,1.28,1.12,1.18,0,0
DCR.V,D,20160922,000000,1.18,1.23,1.16,1.2,0,0
DCR.V,D,20160923,000000,1.22,1.25,1.18,1.19,0,0
DCR.V,D,20160924,000000,1.19,1.27,1.19,1.24,0,0
DCR.V,D,20160925,000000,1.24,1.25,1.19,1.21,0,0
DCR.V,D,20160926,000000,1.22,1.24,0.834,1.14,0,0
DCR.V,D,20160927,000000,1.14,1.17,1.03,1.08,0,0
DCR.V,D,20160928,000000,1.08,1.1,1.04,1.06,0,0
DCR.V,D,20160929,000000,1.06,1.08,1.02,1.02,0,0
DCR.V,D,20160930,000000,1.03,1.06,0.9554,0.9663,0,0
DCR.V,D,20161001,000000,0.9747,1.05,0.9606,1.02,0,0
DCR.V,D,20161002,000000,1.01,1.04,0.9319,0.9747,0,0
DCR.V,D,20161003,000000,0.9761,1.19,0.9761,1.11,0,0
DCR.V,D,20161004,000000,1.1,1.11,0.9792,1.01,0,0
DCR.V,D,20161005,000000,1.02,1.16,1.01,1.08,0,0
DCR.V,D,20161006,000000,1.08,1.17,1.01,1.07,0,0
DCR.V,D,20161007,000000,1.07,1.17,1.07,1.08,0,0
DCR.V,D,20161008,000000,1.09,1.13,1.01,1.01,0,0
DCR.V,D,20161009,000000,1.01,1.1,1,1.02,0,0
DCR.V,D,20161010,000000,1.02,1.06,0.9309,0.9728,0,0
DCR.V,D,20161011,000000,1.01,1.04,0.9523,0.9645,0,0
DCR.V,D,20161012,000000,0.9578,0.9788,0.9311,0.9553,0,0
DCR.V,D,20161013,000000,0.9547,0.9801,0.9375,0.9534,0,0
DCR.V,D,20161014,000000,0.9569,0.9945,0.9422,0.9511,0,0
DCR.V,D,20161015,000000,0.9498,0.9798,0.9313,0.9364,0,0
DCR.V,D,20161016,000000,0.941,0.957,0.8936,0.9032,0,0
DCR.V,D,20161017,000000,0.8993,1,0.8636,0.9669,0,0
DCR.V,D,20161018,000000,0.9638,1,0.8711,0.8819,0,0
DCR.V,D,20161019,000000,0.8731,0.8945,0.8587,0.8656,0,0
DCR.V,D,20161020,000000,0.8646,0.9186,0.864,0.8841,0,0
DCR.V,D,20161021,000000,0.887,0.9104,0.8713,0.8788,0,0
DCR.V,D,20161022,000000,0.9137,0.9504,0.9046,0.9111,0,0
DCR.V,D,20161023,000000,0.9077,0.9188,0.8992,0.8999,0,0
DCR.V,D,20161024,000000,0.8964,0.9087,0.8769,0.8814,0,0
DCR.V,D,20161025,000000,0.8821,0.899,0.8502,0.8502,0,0
DCR.V,D,20161026,000000,0.8811,0.9135,0.8514,0.8514,0,0
DCR.V,D,20161027,000000,0.8611,0.8856,0.8304,0.831,0,0
DCR.V,D,20161028,000000,0.8358,0.8516,0.7741,0.7755,0,0
DCR.V,D,20161029,000000,0.8079,1.04,0.4539,0.7721,0,0
DCR.V,D,20161030,000000,0.7531,0.8967,0.7245,0.767,0,0
DCR.V,D,20161031,000000,0.7685,0.8629,0.6764,0.7022,0,0
DCR.V,D,20161101,000000,0.7304,0.7609,0.6828,0.6828,0,0
DCR.V,D,20161102,000000,0.6891,0.7533,0.6665,0.72,0,0
DCR.V,D,20161103,000000,0.6723,0.6856,0.6232,0.653,0,0
DCR.V,D,20161104,000000,0.6694,0.726,0.6383,0.6489,0,0
DCR.V,D,20161105,000000,0.649,0.673,0.6176,0.6542,0,0
DCR.V,D,20161106,000000,0.6614,0.6636,0.6128,0.625,0,0
DCR.V,D,20161107,000000,0.621,0.6646,0.5987,0.6407,0,0
DCR.V,D,20161108,000000,0.6457,0.6813,0.6154,0.6231,0,0
DCR.V,D,20161109,000000,0.6323,0.9003,0.5996,0.7734,0,0
DCR.V,D,20161110,000000,0.766,0.8282,0.645,0.716,0,0
DCR.V,D,20161111,000000,0.7164,0.7328,0.6435,0.6435,0,0
DCR.V,D,20161112,000000,0.6339,0.6843,0.6323,0.6502,0,0
DCR.V,D,20161113,000000,0.6481,0.6813,0.6481,0.6662,0,0
DCR.V,D,20161114,000000,0.6687,0.6694,0.6311,0.6461,0,0
DCR.V,D,20161115,000000,0.6521,0.7566,0.6485,0.6981,0,0
DCR.V,D,20161116,000000,0.7267,0.8032,0.6859,0.737,0,0
DCR.V,D,20161117,000000,0.7343,0.7759,0.6994,0.7315,0,0
DCR.V,D,20161118,000000,0.7408,0.747,0.7163,0.7389,0,0
DCR.V,D,20161119,000000,0.7398,0.8668,0.7253,0.7554,0,0
DCR.V,D,20161120,000000,0.7358,0.7365,0.6914,0.7032,0,0
DCR.V,D,20161121,000000,0.7106,0.7344,0.6992,0.7141,0,0
DCR.V,D,20161122,000000,0.7269,0.7344,0.6622,0.6665,0,0
DCR.V,D,20161123,000000,0.6591,0.6821,0.6292,0.6556,0,0
DCR.V,D,20161124,000000,0.6505,0.6579,0.5752,0.6091,0,0
DCR.V,D,20161125,000000,0.6133,0.6678,0.5868,0.6059,0,0
DCR.V,D,20161126,000000,0.6007,0.6306,0.5599,0.5886,0,0
DCR.V,D,20161127,000000,0.5848,0.5991,0.5716,0.5822,0,0
DCR.V,D,20161128,000000,0.5852,0.6407,0.5852,0.5905,0,0
DCR.V,D,20161129,000000,0.5899,0.6184,0.5734,0.5945,0,0
DCR.V,D,20161130,000000,0.6026,0.665,0.5906,0.5969,0,0
DCR.V,D,20161201,000000,0.605,0.6271,0.6002,0.606,0,0
DCR.V,D,20161202,000000,0.6208,0.6244,0.5892,0.6079,0,0
DCR.V,D,20161203,000000,0.6026,0.6078,0.514,0.5561,0,0
DCR.V,D,20161204,000000,0.5577,0.5794,0.507,0.56,0,0
DCR.V,D,20161205,000000,0.5512,0.5623,0.5214,0.5286,0,0
DCR.V,D,20161206,000000,0.5314,0.5316,0.4843,0.4926,0,0
DCR.V,D,20161207,000000,0.4974,0.533,0.4682,0.4879,0,0
DCR.V,D,20161208,000000,0.4898,0.5199,0.4823,0.4881,0,0
DCR.V,D,20161209,000000,0.4893,0.5531,0.4879,0.5125,0,0
DCR.V,D,20161210,000000,0.5149,0.5639,0.5002,0.5208,0,0
DCR.V,D,20161211,000000,0.5167,0.527,0.4969,0.4995,0,0
DCR.V,D,20161212,000000,0.5064,0.5825,0.5064,0.5442,0,0
DCR.V,D,20161213,000000,0.5444,0.6066,0.5255,0.5474,0,0
DCR.V,D,20161214,000000,0.5458,0.5574,0.5345,0.5347,0,0
DCR.V,D,20161215,000000,0.5338,0.5468,0.5204,0.5205,0,0
DCR.V,D,20161216,000000,0.5251,0.5409,0.5241,0.5303,0,0
DCR.V,D,20161217,000000,0.5338,0.5688,0.5269,0.5367,0,0
DCR.V,D,20161218,000000,0.5379,0.5499,0.4961,0.5079,0,0
DCR.V,D,20161219,000000,0.5084,0.5483,0.4885,0.4952,0,0
DCR.V,D,20161220,000000,0.501,0.5293,0.4883,0.4974,0,0
DCR.V,D,20161221,000000,0.5161,0.5294,0.4586,0.4926,0,0
DCR.V,D,20161222,000000,0.511,0.5114,0.4469,0.4591,0,0
DCR.V,D,20161223,000000,0.4895,0.4902,0.449,0.4562,0,0
DCR.V,D,20161224,000000,0.4432,0.469,0.4228,0.4579,0,0
DCR.V,D,20161225,000000,0.4579,0.5068,0.4106,0.4489,0,0
DCR.V,D,20161226,000000,0.4526,0.4555,0.4336,0.4347,0,0
DCR.V,D,20161227,000000,0.448,0.4503,0.4328,0.4395,0,0
DCR.V,D,20161228,000000,0.4615,0.5321,0.3982,0.5136,0,0
DCR.V,D,20161229,000000,0.513,0.5298,0.4813,0.4896,0,0
DCR.V,D,20161230,000000,0.4835,0.5038,0.4786,0.4788,0,0
DCR.V,D,20161231,000000,0.4809,0.4857,0.4637,0.474,0,0
DCR.V,D,20170101,000000,0.4898,0.5144,0.483,0.489,0,0
DCR.V,D,20170102,000000,0.4996,0.5594,0.432,0.4761,0,0
DCR.V,D,20170103,000000,0.4837,0.5136,0.4554,0.4604,0,0
DCR.V,D,20170104,000000,0.5059,0.6998,0.4965,0.6303,0,0
DCR.V,D,20170105,000000,0.5492,0.573,0.5367,0.5382,0,0
DCR.V,D,20170106,000000,0.4821,0.5343,0.481,0.5314,0,0
DCR.V,D,20170107,000000,0.5331,0.8448,0.5238,0.6785,0,0
DCR.V,D,20170108,000000,0.6876,0.8637,0.6565,0.837,0,0
DCR.V,D,20170109,000000,0.836,0.8995,0.7668,0.7969,0,0
DCR.V,D,20170110,000000,0.801,0.8677,0.6908,0.6956,0,0
DCR.V,D,20170111,000000,0.6042,0.7685,0.5921,0.6895,0,0
DCR.V,D,20170112,000000,0.7112,0.8814,0.7072,0.815,0,0
DCR.V,D,20170113,000000,0.8298,1.16,0.8059,1.14,0,0
DCR.V,D,20170114,000000,1.14,1.23,0.9655,1.04,0,0
DCR.V,D,20170115,000000,1.04,1.09,0.9542,0.9846,0,0
DCR.V,D,20170116,000000,0.992,1,0.8803,0.9481,0,0
DCR.V,D,20170117,000000,1.03,1.04,0.8373,0.881,0,0
DCR.V,D,20170118,000000,0.854,0.9226,0.7728,0.8589,0,0
DCR.V,D,20170119,000000,0.8817,1.08,0.8687,1.01,0,0
DCR.V,D,20170120,000000,1,1.08,0.8847,0.8974,0,0
DCR.V,D,20170121,000000,0.9244,0.9576,0.8851,0.9192,0,0
DCR.V,D,20170122,000000,0.9182,0.9776,0.8768,0.9153,0,0
DCR.V,D,20170123,000000,0.918,1.04,0.9143,0.9887,0,0
DCR.V,D,20170124,000000,0.959,1.04,0.9223,1.01,0,0
DCR.V,D,20170125,000000,1.02,1.05,0.8776,0.9812,0,0
DCR.V,D,20170126,000000,1,1.78,0.9824,1.59,0,0
DCR.V,D,20170127,000000,1.6,1.68,1.33,1.37,0,0
DCR.V,D,20170128,000000,1.37,1.61,1.32,1.52,0,0
DCR.V,D,20170129,000000,1.52,2.21,1.51,1.88,0,0
DCR.V,D,20170130,000000,1.89,2.16,1.85,1.89,0,0
DCR.V,D,20170131,000000,1.98,2.4,1.77,2.39,0,0
DCR.V,D,20170201,000000,2.44,2.81,2.04,2.46,0,0
DCR.V,D,20170202,000000,2.51,2.7,2.42,2.58,0,0
DCR.V,D,20170203,000000,2.6,2.71,2.49,2.57,0,0
DCR.V,D,20170204,000000,2.62,3.49,2.62,3.25,0,0
DCR.V,D,20170205,000000,3.2,3.41,2.46,3,0,0
DCR.V,D,20170206,000000,3.02,3.2,2.55,2.62,0,0
DCR.V,D,20170207,000000,2.68,2.68,2.38,2.59,0,0
DCR.V,D,20170208,000000,2.6,2.91,2.53,2.59,0,0
DCR.V,D,20170209,000000,2.4,2.93,2.3,2.74,0,0
DCR.V,D,20170210,000000,2.79,2.82,2.4,2.63,0,0
DCR.V,D,20170211,000000,2.66,2.67,2.42,2.51,0,0
DCR.V,D,20170212,000000,2.48,2.49,2.34,2.4,0,0
DCR.V,D,20170213,000000,2.4,2.7,2.37,2.66,0,0
DCR.V,D,20170214,000000,2.7,2.73,2.2,2.37,0,0
DCR.V,D,20170215,000000,2.37,2.63,2.3,2.47,0,0
DCR.V,D,20170216,000000,2.53,2.54,1.98,2.21,0,0
DCR.V,D,20170217,000000,2.24,2.26,2.07,2.1,0,0
DCR.V,D,20170218,000000,2.11,2.14,1.8,1.84,0,0
DCR.V,D,20170219,000000,1.83,2.15,1.82,2.01,0,0
DCR.V,D,20170220,000000,2.06,2.09,1.83,1.87,0,0
DCR.V,D,20170221,000000,1.94,2,1.75,1.75,0,0
DCR.V,D,20170222,000000,1.76,2.18,1.71,2.13,0,0
DCR.V,D,20170223,000000,2.22,2.43,2.14,2.31,0,0
DCR.V,D,20170224,000000,2.31,2.35,1.91,2.35,0,0
DCR.V,D,20170225,000000,2.3,2.4,2.18,2.3,0,0
DCR.V,D,20170226,000000,2.34,2.59,2.33,2.42,0,0
DCR.V,D,20170227,000000,2.45,2.53,2.31,2.32,0,0
DCR.V,D,20170228,000000,2.33,2.37,2.16,2.16,0,0
DCR.V,D,20170301,000000,2.22,2.29,2.02,2.02,0,0
DCR.V,D,20170302,000000,2.08,2.17,1.91,2.1,0,0
DCR.V,D,20170303,000000,2.14,2.33,2.07,2.08,0,0
DCR.V,D,20170304,000000,2.04,2.21,1.95,2.16,0,0
DCR.V,D,20170305,000000,2.18,2.2,2.05,2.09,0,0
DCR.V,D,20170306,000000,2.1,2.39,2.09,2.3,0,0
DCR.V,D,20170307,000000,2.22,3.62,2.19,3.34,0,0
DCR.V,D,20170308,000000,3.11,3.37,2.52,2.79,0,0
DCR.V,D,20170309,000000,2.9,3.32,2.81,3.11,0,0
DCR.V,D,20170310,000000,2.9,3.24,2.54,3.12,0,0
DCR.V,D,20170311,000000,3.31,3.48,3.19,3.31,0,0
DCR.V,D,20170312,000000,3.44,5.28,3.41,4.64,0,0
DCR.V,D,20170313,000000,4.69,6.02,4.6,5.03,0,0
DCR.V,D,20170314,000000,5.05,5.46,4.25,4.65,0,0
DCR.V,D,20170315,000000,4.69,5.72,4.41,5.36,0,0
DCR.V,D,20170316,000000,5.02,5.83,4.79,5.06,0,0
DCR.V,D,20170317,000000,4.62,5.07,3.94,4.71,0,0
DCR.V,D,20170318,000000,4.27,6.66,3.88,6.27,0,0
DCR.V,D,20170319,000000,6.6,7.61,5.16,6.3,0,0
DCR.V,D,20170320,000000,6.46,6.59,5.55,6.09,0,0
DCR.V,D,20170321,000000,6.52,6.64,5.35,5.74,0,0
DCR.V,D,20170322,000000,5.35,6.06,5.27,5.89,0,0
DCR.V,D,20170323,000000,5.84,8.29,5.83,7.77,0,0
DCR.V,D,20170324,000000,7.06,7.36,6.32,7.31,0,0
DCR.V,D,20170325,000000,7.51,10.47,7.29,10.14,0,0
DCR.V,D,20170326,000000,10.17,21.13,10.11,15.2,0,0
DCR.V,D,20170327,000000,16.39,18.93,9.76,10.79,0,0
DCR.V,D,20170328,000000,10.78,14.95,10.44,12.96,0,0
DCR.V,D,20170329,000000,12.93,13.4,10.93,12.27,0,0
DCR.V,D,20170330,000000,12.23,14.23,11,12.36,0,0
DCR.V,D,20170331,000000,12.85,13.91,11.74,12.76,0,0
DCR.V,D,20170401,000000,12.84,13.5,12.4,12.92,0,0
DCR.V,D,20170402,000000,13.06,13.53,9.09,11.11,0,0
DCR.V,D,20170403,000000,11.61,12.54,9.2,10.87,0,0
DCR.V,D,20170404,000000,10.81,11.25,9.17,10.12,0,0
DCR.V,D,20170405,000000,10.01,10.73,8.64,10.34,0,0
DCR.V,D,20170406,000000,10.88,11.04,9.28,9.74,0,0
DCR.V,D,20170407,000000,9.76,9.84,8.7,8.97,0,0
DCR.V,D,20170408,000000,8.89,12.52,8.75,11.28,0,0
DCR.V,D,20170409,000000,11.51,13.85,10.71,12.16,0,0
DCR.V,D,20170410,000000,12.19,13.76,11.48,11.64,0,0
DCR.V,D,20170411,000000,11.78,12.6,11.18,11.54,0,0
DCR.V,D,20170412,000000,11.46,11.66,10.64,11.65,0,0
DCR.V,D,20170413,000000,11.3,11.77,10.71,11.14,0,0
DCR.V,D,20170414,000000,11.15,11.55,10.64,11.14,0,0
DCR.V,D,20170415,000000,11.14,12.81,11.07,12.21,0,0
DCR.V,D,20170416,000000,12.2,12.77,11.5,12.11,0,0
DCR.V,D,20170417,000000,12.29,12.68,11.68,12.04,0,0
DCR.V,D,20170418,000000,12.16,12.47,11.8,12.05,0,0
DCR.V,D,20170419,000000,12.14,16.03,12.03,13.54,0,0
DCR.V,D,20170420,000000,13.79,15.54,12.46,14.25,0,0
DCR.V,D,20170421,000000,14.38,15.27,13.46,15.25,0,0
DCR.V,D,20170422,000000,15.14,15.47,13.51,14.89,0,0
DCR.V,D,20170423,000000,14.99,17.46,14.5,17.08,0,0
DCR.V,D,20170424,000000,17.06,18.84,16.28,16.51,0,0
DCR.V,D,20170425,000000,16.73,18.17,14.96,15.08,0,0
DCR.V,D,20170426,000000,15.35,17.58,15.11,16.56,0,0
DCR.V,D,20170427,000000,17.15,17.19,14.17,14.73,0,0
DCR.V,D,20170428,000000,14.69,16.3,13.5,15.45,0,0
DCR.V,D,20170429,000000,15.53,16.29,14.58,15.82,0,0
DCR.V,D,20170430,000000,16.01,17.12,15.22,15.87,0,0
DCR.V,D,20170501,000000,16.62,16.79,13.77,15.04,0,0
DCR.V,D,20170502,000000,15.36,16.22,12.83,13.75,0,0
DCR.V,D,20170503,000000,14.12,15.75,13.78,14.36,0,0
DCR.V,D,20170504,000000,14.66,15.68,14.43,15.05,0,0
DCR.V,D,20170505,000000,14.96,16.27,14.5,15.45,0,0
DCR.V,D,20170506,000000,15.84,16.86,15.58,16.67,0,0
DCR.V,D,20170507,000000,16.77,19.06,15.89,16.71,0,0
DCR.V,D,20170508,000000,17.89,19.41,16.17,16.64,0,0
DCR.V,D,20170509,000000,16.98,17.14,13.72,14.99,0,0
DCR.V,D,20170510,000000,15.48,16.63,14.95,16.46,0,0
DCR.V,D,20170511,000000,17.09,17.27,15.03,15.25,0,0
DCR.V,D,20170512,000000,14.13,15.52,13.97,15.13,0,0
DCR.V,D,20170513,000000,15.83,20.72,15.8,18.75,0,0
DCR.V,D,20170514,000000,18.84,19.07,16.93,16.97,0,0
DCR.V,D,20170515,000000,16.36,16.66,14.88,15.4,0,0
DCR.V,D,20170516,000000,15.58,15.8,14.52,15.26,0,0
DCR.V,D,20170517,000000,15.9,29.16,14.43,21.04,0,0
DCR.V,D,20170518,000000,21.97,24.06,17.59,21.07,0,0
DCR.V,D,20170519,000000,21.97,22.01,19.1,19.91,0,0
DCR.V,D,20170520,000000,20.71,22.44,20.19,20.19,0,0
DCR.V,D,20170521,000000,20.23,21.06,19.94,20.44,0,0
DCR.V,D,20170522,000000,21.24,21.71,18,20.18,0,0
DCR.V,D,20170523,000000,21.59,23.82,21.36,22.46,0,0
DCR.V,D,20170524,000000,24.16,29.34,23.98,24.45,0,0
DCR.V,D,20170525,000000,23.07,24.64,21.22,22.01,0,0
DCR.V,D,20170526,000000,21.42,23.3,20.87,21.54,0,0
DCR.V,D,20170527,000000,19.71,19.79,17.79,19.07,0,0
DCR.V,D,20170528,000000,20.33,21.22,19.31,20.16,0,0
DCR.V,D,20170529,000000,20.98,21.91,20.42,20.85,0,0
DCR.V,D,20170530,000000,20.07,22.36,19.94,20.42,0,0
DCR.V,D,20170531,000000,21.45,22.56,21.11,21.98,0,0
DCR.V,D,20170601,000000,23.03,26.39,22.79,25.12,0,0
DCR.V,D,20170602,000000,25.95,31.98,25.77,30.93,0,0
DCR.V,D,20170603,000000,31.59,38.03,29.91,35.59,0,0
DCR.V,D,20170604,000000,35.29,35.29,29,32.03,0,0
DCR.V,D,20170605,000000,34.33,36.95,31.62,35.38,0,0
DCR.V,D,20170606,000000,37.55,37.69,31.2,34.65,0,0
DCR.V,D,20170607,000000,32.49,37.41,32.14,32.81,0,0
DCR.V,D,20170608,000000,34.12,36.38,32.72,34.37,0,0
DCR.V,D,20170609,000000,34.52,42.48,34.3,42.48,0,0
DCR.V,D,20170610,000000,43.82,46.55,37.82,41.18,0,0
DCR.V,D,20170611,000000,42.22,45.4,38.09,40.88,0,0
DCR.V,D,20170612,000000,36.53,38.6,32.86,33.79,0,0
DCR.V,D,20170613,000000,34.51,37.66,33.8,36.92,0,0
DCR.V,D,20170614,000000,33.58,33.58,31.26,31.33,0,0
DCR.V,D,20170615,000000,31.02,31.53,28.92,30.58,0,0
DCR.V,D,20170616,000000,31.41,33.16,30.81,32.74,0,0
DCR.V,D,20170617,000000,34.65,34.65,32.74,33.83,0,0
DCR.V,D,20170618,000000,32.35,53.28,32.1,42.74,0,0
DCR.V,D,20170619,000000,44.04,45.11,40.56,41.95,0,0
DCR.V,D,20170620,000000,44.15,44.92,37.54,39.66,0,0
DCR.V,D,20170621,000000,38.56,41.66,37.03,39.41,0,0
DCR.V,D,20170622,000000,40.08,49.2,39.73,47,0,0
DCR.V,D,20170623,000000,46.78,50.44,43.53,47.49,0,0
DCR.V,D,20170624,000000,45.38,46.36,42.35,43.54,0,0
DCR.V,D,20170625,000000,42.72,43.18,36.01,39.14,0,0
DCR.V,D,20170626,000000,37.67,39.16,30.75,35.17,0,0
DCR.V,D,20170627,000000,37.15,37.85,32.37,37.41,0,0
DCR.V,D,20170628,000000,37.33,38.59,35.16,36.37,0,0
DCR.V,D,20170629,000000,36.1,37.07,33.41,34.61,0,0
DCR.V,D,20170630,000000,33.56,33.93,31.31,32.74,0,0
DCR.V,D,20170701,000000,32,34.72,27.74,29.58,0,0
DCR.V,D,20170702,000000,30.94,31.53,28.89,30.36,0,0
DCR.V,D,20170703,000000,30.79,32.9,29.81,32.39,0,0
DCR.V,D,20170704,000000,32.95,37.53,32.74,36.72,0,0
DCR.V,D,20170705,000000,36.87,40.71,34.64,37.6,0,0
DCR.V,D,20170706,000000,37.41,37.46,35.32,35.42,0,0
DCR.V,D,20170707,000000,34.06,36.02,29.94,30.02,0,0
DCR.V,D,20170708,000000,30.62,38.4,30.44,36.96,0,0
DCR.V,D,20170709,000000,36.19,36.69,32,33.25,0,0
DCR.V,D,20170710,000000,31.03,31.78,24.54,24.57,0,0
DCR.V,D,20170711,000000,24.36,31.38,24.22,25.64,0,0
DCR.V,D,20170712,000000,26.51,28.55,24.1,28.45,0,0
DCR.V,D,20170713,000000,27.97,28.16,25.44,25.87,0,0
DCR.V,D,20170714,000000,24.46,24.58,21.27,22.52,0,0
DCR.V,D,20170715,000000,19.91,21,18.64,19.91,0,0
DCR.V,D,20170716,000000,19.29,19.79,17.83,19.02,0,0
DCR.V,D,20170717,000000,22.19,24.95,21.8,24.7,0,0
DCR.V,D,20170718,000000,25.66,26.15,23.88,24.85,0,0
DCR.V,D,20170719,000000,24.45,25.09,23.12,23.4,0,0
DCR.V,D,20170720,000000,29.38,30.49,26.39,26.53,0,0
DCR.V,D,20170721,000000,24.77,28.44,24.56,27.02,0,0
DCR.V,D,20170722,000000,28.65,30.32,26.9,30.07,0,0
DCR.V,D,20170723,000000,29.22,29.96,26.68,28.5,0,0
DCR.V,D,20170724,000000,28.57,29.29,27.6,28.44,0,0
DCR.V,D,20170725,000000,26.57,27.69,23.76,26.14,0,0
DCR.V,D,20170726,000000,25.9,26.44,24.54,26.26,0,0
DCR.V,D,20170727,000000,27.62,27.62,25.54,25.54,0,0
DCR.V,D,20170728,000000,26.63,26.99,21.9,23.31,0,0
DCR.V,D,20170729,000000,22.7,33.76,22.45,30.59,0,0
DCR.V,D,20170730,000000,30.96,32.73,26.33,26.57,0,0
DCR.V,D,20170731,000000,27.69,31.31,26.86,28.98,0,0
DCR.V,D,20170801,000000,27.61,31.62,27.14,29.53,0,0
DCR.V,D,20170802,000000,29.25,30.82,29,29.52,0,0
DCR.V,D,20170803,000000,30.49,30.57,28.8,28.86,0,0
DCR.V,D,20170804,000000,29.56,30.37,28.54,28.55,0,0
DCR.V,D,20170805,000000,32.37,32.76,29.94,30.45,0,0
DCR.V,D,20170806,000000,30.16,31.34,30.04,30.81,0,0
DCR.V,D,20170807,000000,32.43,32.58,29.06,30.63,0,0
DCR.V,D,20170808,000000,30.88,32.42,29.61,31.54,0,0
DCR.V,D,20170809,000000,30.8,31.76,27.76,29.53,0,0
DCR.V,D,20170810,000000,30.21,30.75,28.17,28.27,0,0
DCR.V,D,20170811,000000,30.16,30.5,26.31,26.76,0,0
DCR.V,D,20170812,000000,28.35,31.34,25.13,26.59,0,0
DCR.V,D,20170813,000000,27.91,27.91,23.5,25.63,0,0
DCR.V,D,20170814,000000,27.3,28.5,21.68,23.38,0,0
DCR.V,D,20170815,000000,22.49,30.92,21.69,30.11,0,0
DCR.V,D,20170816,000000,31.74,31.75,25.61,26.25,0,0
DCR.V,D,20170817,000000,25.6,27.02,23.36,24.39,0,0
DCR.V,D,20170818,000000,23.4,25.67,22.7,23.89,0,0
DCR.V,D,20170819,000000,24.15,28.15,23.15,27.64,0,0
DCR.V,D,20170820,000000,27.08,27.08,24.57,26.31,0,0
DCR.V,D,20170821,000000,25.91,28.01,25.15,27.43,0,0
DCR.V,D,20170822,000000,28.01,28.67,25.69,25.94,0,0
DCR.V,D,20170823,000000,26.26,27.66,25.36,26.5,0,0
DCR.V,D,20170824,000000,27.64,32.91,27.49,31.04,0,0
DCR.V,D,20170825,000000,31.37,34.67,30.07,34.61,0,0
DCR.V,D,20170826,000000,34.51,42.21,33.04,38.34,0,0
DCR.V,D,20170827,000000,38.29,43.37,35.97,40.72,0,0
DCR.V,D,20170828,000000,41.14,43.19,38.1,39.9,0,0
DCR.V,D,20170829,000000,41.78,42.2,34.48,35.28,0,0
DCR.V,D,20170830,000000,35.17,39.57,34.91,38.59,0,0
DCR.V,D,20170831,000000,39.87,39.89,36.69,38.08,0,0
DCR.V,D,20170901,000000,39.58,42.33,38.51,41.04,0,0
DCR.V,D,20170902,000000,38.14,39.6,35.13,35.98,0,0
DCR.V,D,20170903,000000,36.29,38.45,35.93,36.35,0,0
DCR.V,D,20170904,000000,33.63,34.22,29.92,32.15,0,0
DCR.V,D,20170905,000000,33.21,34.29,30.75,34.05,0,0
DCR.V,D,20170906,000000,35.67,35.82,33.42,34.7,0,0
DCR.V,D,20170907,000000,34.83,35.25,32.88,33.93,0,0
DCR.V,D,20170908,000000,31.67,34.2,31.08,31.58,0,0
DCR.V,D,20170909,000000,31.64,31.79,29.77,30.35,0,0
DCR.V,D,20170910,000000,29.73,30.76,27.98,28.62,0,0
DCR.V,D,20170911,000000,28.43,29.6,26.97,28.97,0,0
DCR.V,D,20170912,000000,28.56,29.27,26.8,27.7,0,0
DCR.V,D,20170913,000000,25.78,30.21,24.92,26.37,0,0
DCR.V,D,20170914,000000,22.1,25.78,21.68,24.15,0,0
DCR.V,D,20170915,000000,27.66,31.15,26.89,29.66,0,0
DCR.V,D,20170916,000000,29.54,31.9,29.24,30.97,0,0
DCR.V,D,20170917,000000,30.89,31.88,29.32,29.59,0,0
DCR.V,D,20170918,000000,32.89,33.79,30.36,31,0,0
DCR.V,D,20170919,000000,29.55,33.73,29.25,32.2,0,0
DCR.V,D,20170920,000000,31.99,39.56,31.96,36.06,0,0
DCR.V,D,20170921,000000,33.6,35.88,31.19,32.1,0,0
DCR.V,D,20170922,000000,31.95,34.23,30.87,30.99,0,0
DCR.V,D,20170923,000000,32.6,38.41,32.19,37,0,0
DCR.V,D,20170924,000000,35.82,36.79,32.91,33.62,0,0
DCR.V,D,20170925,000000,36.06,36.93,34.29,34.84,0,0
DCR.V,D,20170926,000000,34.48,34.95,33.39,33.46,0,0
DCR.V,D,20170927,000000,36.2,38.83,35.88,36.5,0,0
DCR.V,D,20170928,000000,36.36,36.44,33.98,34.65,0,0
DCR.V,D,20170929,000000,34.46,35.01,33.03,34.21,0,0
DCR.V,D,20170930,000000,35.75,36.43,34.5,34.74,0,0
DCR.V,D,20171001,000000,35.08,35.32,33.04,33.16,0,0
DCR.V,D,20171002,000000,33.15,36.46,32.3,34.26,0,0
DCR.V,D,20171003,000000,33.58,33.58,30.56,31.64,0,0
DCR.V,D,20171004,000000,30.94,33.66,30.32,30.79,0,0
DCR.V,D,20171005,000000,31.54,32.88,30.32,30.32,0,0
DCR.V,D,20171006,000000,30.67,30.85,29.49,30.51,0,0
DCR.V,D,20171007,000000,30.95,32.15,29.63,29.76,0,0
DCR.V,D,20171008,000000,30.94,31.15,26.85,27.14,0,0
DCR.V,D,20171009,000000,28.11,29.8,24.45,26.62,0,0
DCR.V,D,20171010,000000,26.54,28.74,25.02,27.95,0,0
DCR.V,D,20171011,000000,28.3,29.32,27.23,27.8,0,0
DCR.V,D,20171012,000000,31.31,31.57,28.42,28.91,0,0
DCR.V,D,20171013,000000,30,30.04,25.48,27.54,0,0
DCR.V,D,20171014,000000,28.45,30.15,28.05,28.06,0,0
DCR.V,D,20171015,000000,27.4,28.94,26.6,27.75,0,0
DCR.V,D,20171016,000000,28.09,28.79,26.85,27.14,0,0
DCR.V,D,20171017,000000,26.39,29.66,26.12,28.73,0,0
DCR.V,D,20171018,000000,28.61,29.2,27.32,27.36,0,0
DCR.V,D,20171019,000000,27.96,28.05,26.88,26.95,0,0
DCR.V,D,20171020,000000,28.35,29.53,24.63,24.69,0,0
DCR.V,D,20171021,000000,24.75,26.68,22.81,24.83,0,0
DCR.V,D,20171022,000000,24.66,26.53,24.13,26.11,0,0
DCR.V,D,20171023,000000,25.76,26,23.57,23.58,0,0
DCR.V,D,20171024,000000,22.02,27.68,22,27.52,0,0
DCR.V,D,20171025,000000,28.62,36.94,27.93,34.51,0,0
DCR.V,D,20171026,000000,35.6,36.36,28.45,30.22,0,0
DCR.V,D,20171027,000000,29.51,33.67,28.7,29.7,0,0
DCR.V,D,20171028,000000,29.5,32.48,29.22,30.91,0,0
DCR.V,D,20171029,000000,33.24,35.85,29.1,29.14,0,0
DCR.V,D,20171030,000000,29.03,30.55,27.98,30.14,0,0
DCR.V,D,20171031,000000,31.77,32.03,27.39,28.42,0,0
DCR.V,D,20171101,000000,29.68,30.05,26.95,26.95,0,0
DCR.V,D,20171102,000000,28.16,28.37,23.93,24.8,0,0
DCR.V,D,20171103,000000,25.25,28.03,24.36,27.59,0,0
DCR.V,D,20171104,000000,28.4,32.36,28.17,28.87,0,0
DCR.V,D,20171105,000000,28.97,30.74,26.85,29.13,0,0
DCR.V,D,20171106,000000,27.44,28.9,26.21,28.7,0,0
DCR.V,D,20171107,000000,29.29,29.75,28.04,29.19,0,0
DCR.V,D,20171108,000000,30.6,33.36,28.1,31.45,0,0
DCR.V,D,20171109,000000,30.12,33.67,28.8,33.2,0,0
DCR.V,D,20171110,000000,30.57,32.77,29.4,30.12,0,0
DCR.V,D,20171111,000000,29.09,30.88,28.01,30.42,0,0
DCR.V,D,20171112,000000,28.21,29.96,27.09,29.5,0,0
DCR.V,D,20171113,000000,32.74,34.58,31.44,31.82,0,0
DCR.V,D,20171114,000000,32.18,34.32,31.55,34.32,0,0
DCR.V,D,20171115,000000,37.89,37.94,33.8,34.46,0,0
DCR.V,D,20171116,000000,37.15,37.82,32.55,32.61,0,0
DCR.V,D,20171117,000000,31.97,34.3,31.36,31.97,0,0
DCR.V,D,20171118,000000,32.44,35.72,31.98,34.7,0,0
DCR.V,D,20171119,000000,35.87,37.7,33.79,35.03,0,0
DCR.V,D,20171120,000000,35.91,36.18,33.79,33.97,0,0
DCR.V,D,20171121,000000,33.37,34.89,32.52,34.1,0,0
DCR.V,D,20171122,000000,34.82,40.84,33.89,40.64,0,0
DCR.V,D,20171123,000000,39.37,45.32,37.8,42.64,0,0
DCR.V,D,20171124,000000,44.16,50.04,40.89,47.7,0,0
DCR.V,D,20171125,000000,51.23,52.48,46.22,50.25,0,0
DCR.V,D,20171126,000000,53.49,64.82,49.08,61.44,0,0
DCR.V,D,20171127,000000,63.48,68.75,55.48,59.81,0,0
DCR.V,D,20171128,000000,60.55,60.55,50.85,55.98,0,0
DCR.V,D,20171129,000000,55.58,64.9,46.82,49.75,0,0
DCR.V,D,20171130,000000,50.3,63.79,49.71,56.15,0,0
DCR.V,D,20171201,000000,61.31,61.81,56.14,58.25,0,0
DCR.V,D,20171202,000000,58.52,58.61,53.64,55.38,0,0
DCR.V,D,20171203,000000,57.07,58.69,51.47,54.26,0,0
DCR.V,D,20171204,000000,56.09,58.79,54.55,58.34,0,0
DCR.V,D,20171205,000000,58.56,60.69,54.21,55.8,0,0
DCR.V,D,20171206,000000,65.78,67.43,48.54,50.24,0,0
DCR.V,D,20171207,000000,61.59,63.09,47.21,48.65,0,0
DCR.V,D,20171208,000000,46.33,61.13,46.28,55.94,0,0
DCR.V,D,20171209,000000,51.86,56.66,49.18,53.07,0,0
DCR.V,D,20171210,000000,53.84,65.45,53.36,55.22,0,0
DCR.V,D,20171211,000000,61.36,64.12,57.09,57.59,0,0
DCR.V,D,20171212,000000,58.79,72.28,57.21,70.97,0,0
DCR.V,D,20171213,000000,66.81,79.37,63.05,72.3,0,0
DCR.V,D,20171214,000000,73.15,74.7,68.34,73.13,0,0
DCR.V,D,20171215,000000,78.18,78.9,63.06,71.23,0,0
DCR.V,D,20171216,000000,78.27,93.23,77.61,83.24,0,0
DCR.V,D,20171217,000000,81.89,92.09,81.51,85.41,0,0
DCR.V,D,20171218,000000,85,92.98,81.64,91.66,0,0
DCR.V,D,20171219,000000,85.31,95.31,80.35,91.4,0,0
DCR.V,D,20171220,000000,85.36,96.47,78.84,95.78,0,0
DCR.V,D,20171221,000000,90.49,103.2,88.65,93.46,0,0
DCR.V,D,20171222,000000,81.43,82.52,66.53,76.65,0,0
DCR.V,D,20171223,000000,80.72,86.87,77.02,85.05,0,0
DCR.V,D,20171224,000000,81.46,89.54,78.98,88.74,0,0
DCR.V,D,20171225,000000,88.99,92.24,87.44,90.28,0,0
DCR.V,D,20171226,000000,102.83,105.27,86.87,94,0,0
DCR.V,D,20171227,000000,92.33,102.24,87.97,95.31,0,0
DCR.V,D,20171228,000000,89.01,92.8,83.3,89.72,0,0
DCR.V,D,20171229,000000,89.46,99.24,89.41,98.55,0,0
DCR.V,D,20171230,000000,86.05,87.32,80.16,82.85,0,0
DCR.V,D,20171231,000000,91.56,98.68,90.12,96.01,0,0
DCR.V,D,20180101,000000,93.13,108.76,93.11,108.34,0,0
DCR.V,D,20180102,000000,119.12,123.01,103.28,106.91,0,0
DCR.V,D,20180103,000000,109.82,110.58,99.78,107.19,0,0
DCR.V,D,20180104,000000,107.34,113.49,101.54,110.68,0,0
DCR.V,D,20180105,000000,125.53,134.01,108.99,109.95,0,0
DCR.V,D,20180106,000000,111.55,122.63,111.55,113.99,0,0
DCR.V,D,20180107,000000,107.72,116.97,105.68,112.56,0,0
DCR.V,D,20180108,000000,103.89,111.21,99.37,110.36,0,0
DCR.V,D,20180109,000000,107.23,120.67,106.03,115.91,0,0
DCR.V,D,20180110,000000,119.73,121.76,112.12,113.03,0,0
DCR.V,D,20180111,000000,100.82,106.68,93.38,101.45,0,0
DCR.V,D,20180112,000000,105.51,116.92,103.02,116.85,0,0
DCR.V,D,20180113,000000,120.34,126.11,118.16,121.82,0,0
DCR.V,D,20180114,000000,116.66,117.22,108.26,110.76,0,0
DCR.V,D,20180115,000000,110.81,111.06,103.7,105.32,0,0
DCR.V,D,20180116,000000,86.62,91.94,78.98,81.69,0,0
DCR.V,D,20180117,000000,80.82,86.9,78.07,85.02,0,0
DCR.V,D,20180118,000000,85.11,90.06,79.94,81.74,0,0
DCR.V,D,20180119,000000,84.27,110.78,82.95,104.81,0,0
DCR.V,D,20180120,000000,115.68,120.3,110.21,118.6,0,0
DCR.V,D,20180121,000000,107.15,107.71,98.19,101.77,0,0
DCR.V,D,20180122,000000,95.29,99.02,89.08,89.83,0,0
DCR.V,D,20180123,000000,90.57,93.15,87.7,92.53,0,0
DCR.V,D,20180124,000000,96.74,100.11,94.28,96.07,0,0
DCR.V,D,20180125,000000,95.59,97.66,89.92,92.74,0,0
DCR.V,D,20180126,000000,92.74,98.14,82.39,87.64,0,0
DCR.V,D,20180127,000000,87.62,95.49,87.4,93.49,0,0
DCR.V,D,20180128,000000,93.49,97.13,91.76,94.71,0,0
DCR.V,D,20180129,000000,94.72,98.37,89.08,96.99,0,0
DCR.V,D,20180130,000000,97,104.03,88.96,91.91,0,0
DCR.V,D,20180131,000000,91.9,101.06,88.56,97.07,0,0
DCR.V,D,20180201,000000,97.04,99.62,79.6,83.58,0,0
DCR.V,D,20180202,000000,83.51,85.82,67.84,80.08,0,0
DCR.V,D,20180203,000000,80.06,90.6,74.43,86.87,0,0
DCR.V,D,20180204,000000,86.81,90.54,70.53,75.8,0,0
DCR.V,D,20180205,000000,75.85,75.94,56.45,58.87,0,0
DCR.V,D,20180206,000000,58.82,74.89,48.13,72.48,0,0
DCR.V,D,20180207,000000,72.5,78.5,64.46,72.54,0,0
DCR.V,D,20180208,000000,72.54,79.85,67.83,73.15,0,0
DCR.V,D,20180209,000000,73.16,82.29,70.22,80.34,0,0
DCR.V,D,20180210,000000,80.37,83.75,71.44,76.34,0,0
DCR.V,D,20180211,000000,76.3,77.16,69.98,72.21,0,0
DCR.V,D,20180212,000000,72.21,79.78,68.57,78.48,0,0
DCR.V,D,20180213,000000,78.52,79.6,71.7,73.78,0,0
DCR.V,D,20180214,000000,73.8,81.44,72.83,80.86,0,0
DCR.V,D,20180215,000000,80.86,90.33,80.19,87.75,0,0
DCR.V,D,20180216,000000,87.79,90.12,83.37,89.89,0,0
DCR.V,D,20180217,000000,89.86,98.53,89.02,96.32,0,0
DCR.V,D,20180218,000000,96.39,97.92,86.1,86.28,0,0
DCR.V,D,20180219,000000,86.27,92.1,84.34,88.34,0,0
DCR.V,D,20180220,000000,88.33,91.29,80.23,81.35,0,0
DCR.V,D,20180221,000000,81.19,84.19,74.2,75.88,0,0
DCR.V,D,20180222,000000,75.87,80.1,70.42,73.53,0,0
DCR.V,D,20180223,000000,73.53,79.29,70.01,76.12,0,0
DCR.V,D,20180224,000000,76.1,78.79,69.14,71.56,0,0
DCR.V,D,20180225,000000,71.56,83.13,69.3,73.47,0,0
DCR.V,D,20180226,000000,73.46,76.79,70.15,76.37,0,0
DCR.V,D,20180227,000000,76.38,79.35,74.65,78.95,0,0
DCR.V,D,20180228,000000,78.91,81.39,72.32,75.64,0,0
DCR.V,D,20180301,000000,75.66,80.92,73.84,80.47,0,0
DCR.V,D,20180302,000000,80.49,85.54,77.46,80.52,0,0
DCR.V,D,20180303,000000,80.53,84.13,79.05,80.87,0,0
DCR.V,D,20180304,000000,80.87,81.96,77.69,80.04,0,0
DCR.V,D,20180305,000000,80.03,83.59,79.25,82.67,0,0
DCR.V,D,20180306,000000,82.68,83.8,70.81,72.09,0,0
DCR.V,D,20180307,000000,72.05,76.25,61.03,65.47,0,0
DCR.V,D,20180308,000000,65.47,68.75,58.36,58.79,0,0
DCR.V,D,20180309,000000,58.76,61.26,52.06,60.83,0,0
DCR.V,D,20180310,000000,60.84,65.51,60.16,61.06,0,0
DCR.V,D,20180311,000000,61.06,65.2,58.29,63.29,0,0
DCR.V,D,20180312,000000,63.26,66,56.42,58.93,0,0
DCR.V,D,20180313,000000,58.92,62.17,57.59,59.54,0,0
DCR.V,D,20180314,000000,59.54,61.89,50.96,52.66,0,0
DCR.V,D,20180315,000000,52.67,57.06,46.4,54.8,0,0
DCR.V,D,20180316,000000,54.8,56.46,53.81,55.63,0,0
DCR.V,D,20180317,000000,55.63,56.11,47.98,49.22,0,0
DCR.V,D,20180318,000000,49.21,51.3,44.35,50.82,0,0
DCR.V,D,20180319,000000,50.83,53.87,49.24,52.53,0,0
DCR.V,D,20180320,000000,52.54,54.76,50.11,53.39,0,0
DCR.V,D,20180321,000000,53.39,54.75,51.35,51.64,0,0
DCR.V,D,20180322,000000,51.64,54.22,49.25,50.98,0,0
DCR.V,D,20180323,000000,50.99,52.61,48.79,52.55,0,0
DCR.V,D,20180324,000000,52.43,55.97,50.6,51.16,0,0
DCR.V,D,20180325,000000,51.15,54.09,49.91,51.93,0,0
DCR.V,D,20180326,000000,51.94,52.5,46.37,46.63,0,0
DCR.V,D,20180327,000000,46.63,49,45.67,46.82,0,0
DCR.V,D,20180328,000000,46.94,47.54,45.43,45.85,0,0
DCR.V,D,20180329,000000,45.85,46.76,39.66,40.41,0,0
DCR.V,D,20180330,000000,40.42,42.1,37.44,39.26,0,0
DCR.V,D,20180331,000000,39.25,41.52,38.34,39.42,0,0
DCR.V,D,20180401,000000,39.43,40.72,37.35,39.59,0,0
DCR.V,D,20180402,000000,39.59,42.19,39,41.48,0,0
DCR.V,D,20180403,000000,41.47,47.35,41.46,46.31,0,0
DCR.V,D,20180404,000000,46.29,47.48,42.06,42.62,0,0
DCR.V,D,20180405,000000,42.62,44.49,40.81,43.26,0,0
DCR.V,D,20180406,000000,43.26,45.65,42.19,44.17,0,0
DCR.V,D,20180407,000000,44.16,50.96,43.32,49.85,0,0
DCR.V,D,20180408,000000,49.85,51.69,49.42,49.58,0,0
DCR.V,D,20180409,000000,49.57,53.17,47.64,48.39,0,0
DCR.V,D,20180410,000000,48.38,51.66,47.56,51.54,0,0
DCR.V,D,20180411,000000,51.54,53.84,50.73,52.4,0,0
DCR.V,D,20180412,000000,52.4,61.63,51.21,60.53,0,0
DCR.V,D,20180413,000000,60.56,62.73,58.88,58.93,0,0
DCR.V,D,20180414,000000,58.97,61.01,57.53,59.11,0,0
DCR.V,D,20180415,000000,59.13,66.84,59.13,63.61,0,0
DCR.V,D,20180416,000000,63.62,64.91,61.16,62.18,0,0
DCR.V,D,20180417,000000,62.25,63.86,60.54,61.21,0,0
DCR.V,D,20180418,000000,61.2,63.5,60.19,63.35,0,0
DCR.V,D,20180419,000000,63.35,63.56,61.43,63.16,0,0
DCR.V,D,20180420,000000,63.16,65.4,62.05,63.92,0,0
DCR.V,D,20180421,000000,63.91,68.72,63.91,66.05,0,0
DCR.V,D,20180422,000000,66.04,67.45,64.84,65.72,0,0
DCR.V,D,20180423,000000,65.73,67.63,64.39,66.21,0,0
DCR.V,D,20180424,000000,66.21,77.95,65.8,74.91,0,0
DCR.V,D,20180425,000000,74.92,141.65,72.37,81,0,0
DCR.V,D,20180426,000000,81.55,84.67,75.24,82.06,0,0
DCR.V,D,20180427,000000,82.09,90.66,81.84,82.83,0,0
DCR.V,D,20180428,000000,82.81,88.11,82.22,86.3,0,0
DCR.V,D,20180429,000000,86.31,89.59,81.28,82.88,0,0
DCR.V,D,20180430,000000,82.89,84.55,79.39,83.29,0,0
DCR.V,D,20180501,000000,83.29,84.54,76.24,82.04,0,0
DCR.V,D,20180502,000000,82.05,82.06,77.86,80.71,0,0
DCR.V,D,20180503,000000,80.74,85.14,78.75,84.9,0,0
DCR.V,D,20180504,000000,84.9,122.09,82.29,91.95,0,0
DCR.V,D,20180505,000000,91.76,93.32,87.43,89.57,0,0
DCR.V,D,20180506,000000,89.17,90.91,81.78,85.82,0,0
DCR.V,D,20180507,000000,85.82,91.11,82.72,87.85,0,0
DCR.V,D,20180508,000000,87.85,88.49,83.29,86.1,0,0
DCR.V,D,20180509,000000,86.1,87.83,81.83,85.14,0,0
DCR.V,D,20180510,000000,85.14,90.03,84.4,88.6,0,0
DCR.V,D,20180511,000000,88.67,93.39,79.42,85.63,0,0
DCR.V,D,20180512,000000,85.63,87.93,80.31,84.9,0,0
DCR.V,D,20180513,000000,84.89,93.39,83.09,89.58,0,0
DCR.V,D,20180514,000000,89.59,100.84,86.29,99.7,0,0
DCR.V,D,20180515,000000,99.69,101.98,94.55,95.38,0,0
DCR.V,D,20180516,000000,95.35,98.88,87.23,93.42,0,0
DCR.V,D,20180517,000000,93.42,99.56,92.03,97.24,0,0
DCR.V,D,20180518,000000,97.24,107.59,88.19,107.58,0,0
DCR.V,D,20180519,000000,107.33,110.19,102.28,106.32,0,0
DCR.V,D,20180520,000000,106.32,118.23,105.53,111.43,0,0
DCR.V,D,20180521,000000,111.43,119.4,107.38,118.71,0,0
DCR.V,D,20180522,000000,118.71,118.95,108.31,110.32,0,0
DCR.V,D,20180523,000000,110.34,113.45,101.21,103.82,0,0
DCR.V,D,20180524,000000,103.84,109.51,96.93,101.84,0,0
DCR.V,D,20180525,000000,101.84,105.26,98.03,100.6,0,0
DCR.V,D,20180526,000000,100.61,101.92,94.23,94.27,0,0
DCR.V,D,20180527,000000,94.25,97.33,86.21,93.57,0,0
DCR.V,D,20180528,000000,93.55,94.8,85.29,89.36,0,0
DCR.V,D,20180529,000000,89.93,96.49,85.17,91.95,0,0
DCR.V,D,20180530,000000,91.95,94.11,88.28,89.56,0,0
DCR.V,D,20180531,000000,89.57,94.56,89.11,94.41,0,0
DCR.V,D,20180601,000000,94.4,98.59,92.24,97.29,0,0
DCR.V,D,20180602,000000,97.29,104.65,95.62,101.97,0,0
DCR.V,D,20180603,000000,101.98,103.19,97.73,97.73,0,0
DCR.V,D,20180604,000000,97.7,100.46,93.5,98.27,0,0
DCR.V,D,20180605,000000,98.27,102.81,94.84,101.43,0,0
DCR.V,D,20180606,000000,101.41,103.04,97.09,100.2,0,0
DCR.V,D,20180607,000000,100.18,105.14,99.02,104.63,0,0
DCR.V,D,20180608,000000,104.63,108.7,101.56,108.7,0,0
DCR.V,D,20180609,000000,108.7,110.52,104.69,105.04,0,0
DCR.V,D,20180610,000000,105.04,105.75,93.03,94.02,0,0
DCR.V,D,20180611,000000,94.04,96.4,91.9,95.68,0,0
DCR.V,D,20180612,000000,95.66,96.22,85.75,85.78,0,0
DCR.V,D,20180613,000000,85.78,95.2,84,85,0,0
DCR.V,D,20180614,000000,85,102,82.8,98.3,0,0
DCR.V,D,20180615,000000,98.3,100.35,89.44,91.01,0,0
DCR.V,D,20180616,000000,91.01,92.74,87.65,90.36,0,0
DCR.V,D,20180617,000000,90.36,94.12,89.88,91.31,0,0
DCR.V,D,20180618,000000,91.31,94.9,88.97,94,0,0
DCR.V,D,20180619,000000,94.01,94.98,91.52,93.52,0,0
DCR.V,D,20180620,000000,93.52,93.81,87.88,91.28,0,0
DCR.V,D,20180621,000000,91.26,93.91,89.1,89.1,0,0
DCR.V,D,20180622,000000,89.1,91.63,75,76,0,0
DCR.V,D,20180623,000000,76,79.43,70,74.53,0,0
DCR.V,D,20180624,000000,74.53,75.25,64.48,73.9,0,0
DCR.V,D,20180625,000000,73.9,76,68.56,74.52,0,0
DCR.V,D,20180626,000000,74.45,75.62,70.31,74.17,0,0
DCR.V,D,20180627,000000,74.17,74.17,66.76,70.32,0,0
DCR.V,D,20180628,000000,70.32,70.95,62.4,62.41,0,0
DCR.V,D,20180629,000000,62.41,62.98,57.8,60.49,0,0
DCR.V,D,20180630,000000,60.49,72.22,59.08,68,0,0
DCR.V,D,20180701,000000,68,69.58,64.06,66.8,0,0
DCR.V,D,20180702,000000,66.73,73,59.24,72,0,0
DCR.V,D,20180703,000000,72,72.19,67.82,70.5,0,0
DCR.V,D,20180704,000000,70.5,71.38,67.8,70.02,0,0
DCR.V,D,20180705,000000,70.02,70.35,65.27,65.38,0,0
DCR.V,D,20180706,000000,65.45,69.41,61.87,66.87,0,0
DCR.V,D,20180707,000000,66.88,67.79,62.71,63.66,0,0
DCR.V,D,20180708,000000,63.66,66.4,63.5,64.02,0,0
DCR.V,D,20180709,000000,64.01,64.48,61.45,63.26,0,0
DCR.V,D,20180710,000000,63.3,63.93,57.28,59.89,0,0
DCR.V,D,20180711,000000,59.89,60.74,57.57,59.83,0,0
DCR.V,D,20180712,000000,59.82,60.2,55.59,56.51,0,0
DCR.V,D,20180713,000000,56.5,58.62,55.68,56.95,0,0
DCR.V,D,20180714,000000,56.95,58.08,55.82,57.68,0,0
DCR.V,D,20180715,000000,57.67,63.62,57.23,63.13,0,0
DCR.V,D,20180716,000000,63.14,70.4,62.35,69.53,0,0
DCR.V,D,20180717,000000,69.52,77.89,68.48,77.57,0,0
DCR.V,D,20180718,000000,77.56,77.83,71.32,72.07,0,0
DCR.V,D,20180719,000000,72.07,77.21,70.76,72.62,0,0
DCR.V,D,20180720,000000,72.62,74.58,70.36,72.3,0,0
DCR.V,D,20180721,000000,72.31,73.95,71.3,72.72,0,0
DCR.V,D,20180722,000000,72.72,73.18,68.56,68.56,0,0
DCR.V,D,20180723,000000,68.58,72.07,68.46,68.99,0,0
DCR.V,D,20180724,000000,68.99,71.19,62.56,66.91,0,0
DCR.V,D,20180725,000000,66.89,68.02,63.83,66.94,0,0
DCR.V,D,20180726,000000,66.95,68.36,63.92,64.02,0,0
DCR.V,D,20180727,000000,64.04,65.8,60.6,64.77,0,0
DCR.V,D,20180728,000000,64.77,65.06,62.88,63.87,0,0
DCR.V,D,20180729,000000,63.87,65.64,62.84,63.45,0,0
DCR.V,D,20180730,000000,63.44,64.06,58.47,60.18,0,0
DCR.V,D,20180731,000000,60.19,60.53,55.62,56.33,0,0
DCR.V,D,20180801,000000,56.32,56.99,54.13,56.17,0,0
DCR.V,D,20180802,000000,56.17,59.43,53.96,54.13,0,0
DCR.V,D,20180803,000000,54.12,56.19,51.17,55.36,0,0
DCR.V,D,20180804,000000,55.36,55.79,49.57,49.77,0,0
DCR.V,D,20180805,000000,49.86,51.43,49.19,50.84,0,0
DCR.V,D,20180806,000000,50.83,51.64,48.57,48.74,0,0
DCR.V,D,20180807,000000,48.75,51.27,47.26,47.52,0,0
DCR.V,D,20180808,000000,47.55,47.98,42.09,46.74,0,0
DCR.V,D,20180809,000000,46.75,47.99,42.32,47.81,0,0
DCR.V,D,20180810,000000,47.81,47.92,42.18,42.49,0,0
DCR.V,D,20180811,000000,42.51,43.76,41.02,43.47,0,0
DCR.V,D,20180812,000000,43.47,43.97,40.91,41.79,0,0
DCR.V,D,20180813,000000,41.79,41.97,38.51,38.67,0,0
DCR.V,D,20180814,000000,38.67,39.03,32.43,34.99,0,0
DCR.V,D,20180815,000000,35.01,41.19,35.01,39.25,0,0
DCR.V,D,20180816,000000,39.25,39.8,36.53,37.5,0,0
DCR.V,D,20180817,000000,37.5,43.93,37.16,42.69,0,0
DCR.V,D,20180818,000000,42.69,43.71,37.49,39.1,0,0
DCR.V,D,20180819,000000,39.1,41.06,38.23,40.31,0,0
DCR.V,D,20180820,000000,40.3,41.16,37.85,38.29,0,0
DCR.V,D,20180821,000000,38.29,38.39,36.27,37.54,0,0
DCR.V,D,20180822,000000,37.44,40,35.99,36.63,0,0
DCR.V,D,20180823,000000,36.63,37.23,35.87,37.12,0,0
DCR.V,D,20180824,000000,37.12,40.76,35.02,40.74,0,0
DCR.V,D,20180825,000000,40.58,41.27,38.55,39.94,0,0
DCR.V,D,20180826,000000,39.94,40.35,36.92,38.44,0,0
DCR.V,D,20180827,000000,38.44,39.55,37.54,39.42,0,0
DCR.V,D,20180828,000000,39.43,42.02,39.35,41.03,0,0
DCR.V,D,20180829,000000,41.04,44.07,40.19,41.9,0,0
DCR.V,D,20180830,000000,41.9,44.04,39.66,41.79,0,0
DCR.V,D,20180831,000000,41.8,43.28,41.55,42.76,0,0
DCR.V,D,20180901,000000,42.76,45.25,42.72,44.97,0,0
DCR.V,D,20180902,000000,44.97,45.27,42.66,44.56,0,0
DCR.V,D,20180903,000000,44.56,44.9,42.64,43.67,0,0
DCR.V,D,20180904,000000,43.67,43.99,42.3,42.75,0,0
DCR.V,D,20180905,000000,42.75,43.53,37.52,37.97,0,0
DCR.V,D,20180906,000000,37.97,38,34.23,36.34,0,0
DCR.V,D,20180907,000000,36.34,39.18,35.52,37.25,0,0
DCR.V,D,20180908,000000,37.27,37.92,34.73,35.16,0,0
DCR.V,D,20180909,000000,35.16,38.25,35.04,38.17,0,0
DCR.V,D,20180910,000000,38.16,38.16,35.21,36.08,0,0
DCR.V,D,20180911,000000,36.08,37.83,34.2,34.9,0,0
DCR.V,D,20180912,000000,34.9,36.47,34.04,34.53,0,0
DCR.V,D,20180913,000000,34.53,37.36,34.33,36.84,0,0
DCR.V,D,20180914,000000,36.84,40.03,36.28,37.22,0,0
DCR.V,D,20180915,000000,37.21,38.98,36.97,38.55,0,0
DCR.V,D,20180916,000000,38.54,38.75,37.11,38.01,0,0
DCR.V,D,20180917,000000,38,38.25,36.3,36.38,0,0
DCR.V,D,20180918,000000,36.55,37.41,35.38,36.02,0,0
DCR.V,D,20180919,000000,36.05,37.04,34.98,36.06,0,0
DCR.V,D,20180920,000000,36.06,36.77,35.87,36.62,0,0
DCR.V,D,20180921,000000,36.6,38.7,36.19,38.35,0,0
DCR.V,D,20180922,000000,38.35,39.4,36.9,37.51,0,0
DCR.V,D,20180923,000000,37.51,38.95,37.46,38.35,0,0
DCR.V,D,20180924,000000,38.35,39.32,37.46,38.19,0,0
DCR.V,D,20180925,000000,38.19,38.35,35.97,36.74,0,0
DCR.V,D,20180926,000000,36.74,37.32,35.83,36.99,0,0
DCR.V,D,20180927,000000,36.99,38.94,36.34,38.91,0,0
DCR.V,D,20180928,000000,38.91,39.76,38.29,38.84,0,0
DCR.V,D,20180929,000000,38.84,39.12,37.75,38.52,0,0
DCR.V,D,20180930,000000,38.52,39.9,38.15,39,0,0
DCR.V,D,20181001,000000,39,39.49,38.08,38.64,0,0
DCR.V,D,20181002,000000,38.64,38.92,38.1,38.75,0,0
DCR.V,D,20181003,000000,38.75,38.94,37.75,38.33,0,0
DCR.V,D,20181004,000000,38.32,41.18,38.04,40.73,0,0
DCR.V,D,20181005,000000,40.72,42.33,40.68,41.64,0,0
DCR.V,D,20181006,000000,41.64,42.31,40.22,40.94,0,0
DCR.V,D,20181007,000000,40.94,41.36,39.72,40,0,0
DCR.V,D,20181008,000000,40,44.63,39.97,44.25,0,0
DCR.V,D,20181009,000000,44.25,45.78,40.26,41.13,0,0
DCR.V,D,20181010,000000,41.13,42.18,40.02,40.87,0,0
DCR.V,D,20181011,000000,40.85,41.64,36.01,37.07,0,0
DCR.V,D,20181012,000000,37.07,37.11,35.74,36.24,0,0
DCR.V,D,20181013,000000,36.28,38.32,35.89,37.96,0,0
DCR.V,D,20181014,000000,37.96,38.94,37.04,37.64,0,0
DCR.V,D,20181015,000000,37.64,42.61,37.1,39.15,0,0
DCR.V,D,20181016,000000,39.15,40.63,38.94,39.98,0,0
DCR.V,D,20181017,000000,39.98,40.28,39.28,39.9,0,0
DCR.V,D,20181018,000000,39.9,40.39,38.26,38.97,0,0
DCR.V,D,20181019,000000,38.97,39.23,38.04,38.65,0,0
DCR.V,D,20181020,000000,38.65,39.08,26.67,38.24,0,0
DCR.V,D,20181021,000000,38.23,39.25,38.21,38.59,0,0
DCR.V,D,20181022,000000,38.59,39.28,38.2,38.87,0,0
DCR.V,D,20181023,000000,38.87,54.74,38.5,50.71,0,0
DCR.V,D,20181024,000000,50.72,53.1,45.44,47.75,0,0
DCR.V,D,20181025,000000,47.75,47.91,43.27,44.86,0,0
DCR.V,D,20181026,000000,44.86,44.87,43.05,43.31,0,0
DCR.V,D,20181027,000000,43.31,43.96,43.1,43.38,0,0
DCR.V,D,20181028,000000,43.38,47.11,41.56,43.96,0,0
DCR.V,D,20181029,000000,43.95,44.49,39.68,40.07,0,0
DCR.V,D,20181030,000000,40.07,41.32,39.61,40.15,0,0
DCR.V,D,20181031,000000,40.13,40.49,39.15,40.32,0,0
DCR.V,D,20181101,000000,40.28,40.89,39.74,40.47,0,0
DCR.V,D,20181102,000000,40.49,41.94,40.37,41.9,0,0
DCR.V,D,20181103,000000,41.9,42.34,40.07,40.53,0,0
DCR.V,D,20181104,000000,40.55,40.78,39.63,40.38,0,0
DCR.V,D,20181105,000000,40.38,40.73,39.05,39.45,0,0
DCR.V,D,20181106,000000,39.45,41.03,39.38,41.03,0,0
DCR.V,D,20181107,000000,41.03,41.85,40.68,40.75,0,0
DCR.V,D,20181108,000000,40.8,41,39.24,39.56,0,0
DCR.V,D,20181109,000000,39.56,40.55,38.79,40.25,0,0
DCR.V,D,20181110,000000,40.25,40.99,39.23,40.4,0,0
DCR.V,D,20181111,000000,40.4,40.59,38.79,38.96,0,0
DCR.V,D,20181112,000000,38.96,40.45,38.76,40.01,0,0
DCR.V,D,20181113,000000,40.01,40.11,38.74,38.9,0,0
DCR.V,D,20181114,000000,38.9,39.26,33.66,34.23,0,0
DCR.V,D,20181115,000000,34.21,35.1,31.84,33.57,0,0
DCR.V,D,20181116,000000,33.57,34.95,32.07,32.73,0,0
DCR.V,D,20181117,000000,32.75,33.4,32.24,32.83,0,0
DCR.V,D,20181118,000000,32.83,34.22,32.68,33.53,0,0
DCR.V,D,20181119,000000,33.53,33.64,25.85,26.49,0,0
DCR.V,D,20181120,000000,26.47,27.08,22.23,23.23,0,0
DCR.V,D,20181121,000000,23.22,25.66,22.98,25.43,0,0
DCR.V,D,20181122,000000,25.43,26.64,24.93,25.04,0,0
DCR.V,D,20181123,000000,25.04,25.07,22.35,23.27,0,0
DCR.V,D,20181124,000000,23.26,23.55,19.92,20.2,0,0
DCR.V,D,20181125,000000,20.17,22.23,18.47,21.45,0,0
DCR.V,D,20181126,000000,21.45,22.14,18.73,19.43,0,0
DCR.V,D,20181127,000000,19.43,20.18,18.85,20,0,0
DCR.V,D,20181128,000000,20.01,23.28,19.7,21.81,0,0
DCR.V,D,20181129,000000,21.81,22.47,20.89,21.52,0,0
DCR.V,D,20181130,000000,21.55,21.94,19.3,19.81,0,0
DCR.V,D,20181201,000000,19.83,21.36,19.49,20.83,0,0
DCR.V,D,20181202,000000,20.83,21.55,20.29,20.77,0,0
DCR.V,D,20181203,000000,20.77,20.89,18.8,19.37,0,0
DCR.V,D,20181204,000000,19.38,20.45,18.79,19.69,0,0
DCR.V,D,20181205,000000,19.69,19.91,18.57,18.88,0,0
DCR.V,D,20181206,000000,18.87,19.56,18.19,18.52,0,0
DCR.V,D,20181207,000000,18.52,18.72,15.4,17.27,0,0
DCR.V,D,20181208,000000,17.29,17.69,16.07,17.44,0,0
DCR.V,D,20181209,000000,17.5,18.15,16.73,17.49,0,0
DCR.V,D,20181210,000000,17.46,17.72,15.49,15.53,0,0
DCR.V,D,20181211,000000,15.51,15.55,14.42,14.77,0,0
DCR.V,D,20181212,000000,14.77,15.41,14.32,14.82,0,0
DCR.V,D,20181213,000000,14.82,15.04,14.13,14.25,0,0
DCR.V,D,20181214,000000,14.25,16.74,14.21,15.49,0,0
DCR.V,D,20181215,000000,15.49,15.55,14.29,14.57,0,0
DCR.V,D,20181216,000000,14.57,15.52,14.46,15.15,0,0
DCR.V,D,20181217,000000,15.15,16.43,14.94,16.1,0,0
DCR.V,D,20181218,000000,16.1,18.03,16.03,18,0,0
DCR.V,D,20181219,000000,17.99,19.09,17.66,18.42,0,0
DCR.V,D,20181220,000000,18.42,19.97,17.52,19.15,0,0
DCR.V,D,20181221,000000,19.16,20.2,17.94,18.11,0,0
DCR.V,D,20181222,000000,18.11,18.94,17.97,18.45,0,0
DCR.V,D,20181223,000000,18.45,19.68,18.45,19.33,0,0
DCR.V,D,20181224,000000,19.33,21.63,19.24,19.78,0,0
DCR.V,D,20181225,000000,19.78,19.92,17.11,18.14,0,0
DCR.V,D,20181226,000000,18.14,18.57,17.45,17.94,0,0
DCR.V,D,20181227,000000,17.94,18.17,16.72,16.94,0,0
DCR.V,D,20181228,000000,16.93,21.84,16.14,19.84,0,0
DCR.V,D,20181229,000000,19.83,20.85,18.52,19.04,0,0
DCR.V,D,20181230,000000,19.04,19.51,17.91,18.8,0,0
DCR.V,D,20181231,000000,18.8,19.22,16.55,16.67,0,0
DCR.V,D,20190101,000000,16.67,17.47,16.5,17.41,0,0
DCR.V,D,20190102,000000,17.41,18.47,17.41,18.34,0,0
DCR.V,D,20190103,000000,18.34,19.09,17.93,18.25,0,0
DCR.V,D,20190104,000000,18.25,18.61,17.81,18.56,0,0
DCR.V,D,20190105,000000,18.57,19.1,18.43,18.72,0,0
DCR.V,D,20190106,000000,18.72,19.99,18.5,19.79,0,0
DCR.V,D,20190107,000000,19.79,19.97,18.79,19.12,0,0
DCR.V,D,20190108,000000,19.12,19.51,18.33,19.08,0,0
DCR.V,D,20190109,000000,19.06,19.38,18.28,19.12,0,0
DCR.V,D,20190110,000000,19.12,19.53,16.11,16.38,0,0
DCR.V,D,20190111,000000,16.38,17.66,16.37,17.04,0,0
DCR.V,D,20190112,000000,17.05,17.7,16.4,17.6,0,0
DCR.V,D,20190113,000000,17.61,17.61,16.12,16.13,0,0
DCR.V,D,20190114,000000,16.14,16.92,15.35,16.62,0,0
DCR.V,D,20190115,000000,16.65,16.96,16.35,16.48,0,0
DCR.V,D,20190116,000000,16.49,17.01,16.26,16.66,0,0
DCR.V,D,20190117,000000,16.65,17.4,16.57,17.21,0,0
DCR.V,D,20190118,000000,17.19,17.42,16.74,17.13,0,0
DCR.V,D,20190119,000000,17.14,17.91,17,17.72,0,0
DCR.V,D,20190120,000000,17.72,17.83,16.42,16.63,0,0
DCR.V,D,20190121,000000,16.61,17.11,16.41,17.08,0,0
DCR.V,D,20190122,000000,17.09,17.55,16.48,17.36,0,0
DCR.V,D,20190123,000000,17.36,17.47,16.96,17.18,0,0
DCR.V,D,20190124,000000,17.18,17.48,16.92,17.34,0,0
DCR.V,D,20190125,000000,17.34,17.61,16.8,17.05,0,0
DCR.V,D,20190126,000000,17.05,17.36,16.89,17.36,0,0
DCR.V,D,20190127,000000,17.36,17.55,16.79,17.01,0,0
DCR.V,D,20190128,000000,17.01,17.13,15.53,16.72,0,0
DCR.V,D,20190129,000000,16.71,16.84,15.57,16.11,0,0
DCR.V,D,20190130,000000,16.11,16.37,15.77,16.28,0,0
DCR.V,D,20190131,000000,16.28,16.42,15.57,15.7,0,0
DCR.V,D,20190201,000000,15.7,16.01,15.4,15.91,0,0
DCR.V,D,20190202,000000,15.91,15.94,15.64,15.76,0,0
DCR.V,D,20190203,000000,15.76,16.21,15.61,15.96,0,0
DCR.V,D,20190204,000000,15.93,16.08,15.52,15.58,0,0
DCR.V,D,20190205,000000,15.58,16.03,15.52,15.78,0,0
DCR.V,D,20190206,000000,15.78,15.91,14.88,14.89,0,0
DCR.V,D,20190207,000000,14.89,15.59,14.7,15.03,0,0
DCR.V,D,20190208,000000,15.03,16.9,14.91,16.46,0,0
DCR.V,D,20190209,000000,16.46,16.75,16.24,16.43,0,0
DCR.V,D,20190210,000000,16.44,16.9,16.3,16.9,0,0
DCR.V,D,20190211,000000,16.89,17.13,16.48,16.57,0,0
DCR.V,D,20190212,000000,16.57,16.86,16.32,16.69,0,0
DCR.V,D,20190213,000000,16.68,17.01,16.51,16.65,0,0
DCR.V,D,20190214,000000,16.65,16.77,16.44,16.65,0,0
DCR.V,D,20190215,000000,16.65,16.77,16.43,16.57,0,0
DCR.V,D,20190216,000000,16.57,16.94,16.48,16.72,0,0
DCR.V,D,20190217,000000,16.71,17.14,16.61,17.09,0,0
DCR.V,D,20190218,000000,17.09,18.28,16.82,17.99,0,0
DCR.V,D,20190219,000000,17.99,19.33,17.3,17.63,0,0
DCR.V,D,20190220,000000,17.63,17.69,16.78,17.05,0,0
DCR.V,D,20190221,000000,17.08,17.45,16.5,16.63,0,0
DCR.V,D,20190222,000000,16.61,17.29,16.61,17.18,0,0
DCR.V,D,20190223,000000,17.18,18.24,17.13,17.99,0,0
DCR.V,D,20190224,000000,18,18.47,15.91,16.15,0,0
DCR.V,D,20190225,000000,16.15,16.44,15.93,16.24,0,0
DCR.V,D,20190226,000000,16.25,16.96,16.15,16.79,0,0
DCR.V,D,20190227,000000,16.79,16.8,16,16.45,0,0
DCR.V,D,20190228,000000,16.45,16.93,16.39,16.62,0,0
DCR.V,D,20190301,000000,16.62,16.93,16.32,16.57,0,0
DCR.V,D,20190302,000000,16.56,16.9,16.41,16.83,0,0
DCR.V,D,20190303,000000,16.83,16.94,16.54,16.57,0,0
DCR.V,D,20190304,000000,16.56,16.59,15.75,15.96,0,0
DCR.V,D,20190305,000000,15.96,16.88,15.91,16.82,0,0
DCR.V,D,20190306,000000,16.81,16.96,16.49,16.56,0,0
DCR.V,D,20190307,000000,16.59,16.9,16.02,16.3,0,0
DCR.V,D,20190308,000000,16.29,16.49,15.94,16.04,0,0
DCR.V,D,20190309,000000,16.05,16.74,15.97,16.56,0,0
DCR.V,D,20190310,000000,16.54,16.9,16.49,16.8,0,0
DCR.V,D,20190311,000000,16.83,17.07,16.16,16.66,0,0
DCR.V,D,20190312,000000,16.66,24.35,16.46,18.8,0,0
DCR.V,D,20190313,000000,18.8,19.74,17.81,18.37,0,0
DCR.V,D,20190314,000000,18.37,22.94,18.03,19.56,0,0
DCR.V,D,20190315,000000,19.58,19.88,19.02,19.52,0,0
DCR.V,D,20190316,000000,19.52,19.92,19.05,19.32,0,0
DCR.V,D,20190317,000000,19.32,19.76,19.03,19.57,0,0
DCR.V,D,20190318,000000,19.57,19.85,18.89,19.31,0,0
DCR.V,D,20190319,000000,19.32,19.39,18.84,18.95,0,0
DCR.V,D,20190320,000000,18.95,19.24,18.62,19.19,0,0
DCR.V,D,20190321,000000,19.19,19.24,18.32,18.63,0,0
DCR.V,D,20190322,000000,18.63,18.93,18.1,18.77,0,0
DCR.V,D,20190323,000000,18.76,19.14,18.53,18.81,0,0
DCR.V,D,20190324,000000,18.81,18.91,18.6,18.68,0,0
DCR.V,D,20190325,000000,18.68,19.73,18.6,19.08,0,0
DCR.V,D,20190326,000000,19.07,19.52,18.21,18.52,0,0
DCR.V,D,20190327,000000,18.52,19.91,18.47,19.67,0,0
DCR.V,D,20190328,000000,19.67,20.12,19.3,20.03,0,0
DCR.V,D,20190329,000000,20.04,20.26,19.65,20.2,0,0
DCR.V,D,20190330,000000,20.19,20.42,19.68,19.96,0,0
DCR.V,D,20190331,000000,19.96,21.21,19.8,21.02,0,0
DCR.V,D,20190401,000000,21.03,21.35,20.28,20.4,0,0
DCR.V,D,20190402,000000,20.4,22.98,20.35,22.74,0,0
DCR.V,D,20190403,000000,22.75,25.63,22.74,24.63,0,0
DCR.V,D,20190404,000000,24.65,25.07,22.95,23.68,0,0
DCR.V,D,20190405,000000,23.67,25.71,23.38,25.46,0,0
DCR.V,D,20190406,000000,25.46,26.51,24.51,24.75,0,0
DCR.V,D,20190407,000000,24.75,25.99,24.74,25.73,0,0
DCR.V,D,20190408,000000,25.73,26.96,25.26,25.9,0,0
DCR.V,D,20190409,000000,25.9,26.14,25.25,25.48,0,0
DCR.V,D,20190410,000000,25.48,25.85,24.9,25.17,0,0
DCR.V,D,20190411,000000,25.16,25.31,22.4,23.52,0,0
DCR.V,D,20190412,000000,23.52,24.23,23.1,23.94,0,0
DCR.V,D,20190413,000000,23.95,24.53,23.86,24.37,0,0
DCR.V,D,20190414,000000,24.37,25.07,24.13,24.77,0,0
DCR.V,D,20190415,000000,24.77,25.18,23.35,23.49,0,0
DCR.V,D,20190416,000000,23.49,24.63,23.18,24.47,0,0
DCR.V,D,20190417,000000,24.47,24.88,24.26,24.75,0,0
DCR.V,D,20190418,000000,24.75,25.3,24.58,25.19,0,0
DCR.V,D,20190419,000000,25.19,25.63,24.73,24.91,0,0
DCR.V,D,20190420,000000,24.91,25.72,24.81,25.25,0,0
DCR.V,D,20190421,000000,25.26,26,24.88,25.33,0,0
DCR.V,D,20190422,000000,25.33,26.07,25.26,25.75,0,0
DCR.V,D,20190423,000000,25.74,26.63,25.22,25.25,0,0
DCR.V,D,20190424,000000,25.25,26.33,23.82,25.18,0,0
DCR.V,D,20190425,000000,25.18,25.36,23.65,23.91,0,0
DCR.V,D,20190426,000000,23.89,23.89,22.4,22.77,0,0
DCR.V,D,20190427,000000,22.77,23.43,22.68,23.41,0,0
DCR.V,D,20190428,000000,23.42,24.54,23.18,24.04,0,0
DCR.V,D,20190429,000000,24.04,24.51,22.84,22.98,0,0
DCR.V,D,20190430,000000,22.98,23.93,22.78,23.45,0,0
DCR.V,D,20190501,000000,23.45,24.52,23.44,24.27,0,0
DCR.V,D,20190502,000000,24.26,25,24.21,24.79,0,0
DCR.V,D,20190503,000000,24.77,26.7,24.67,26.33,0,0
DCR.V,D,20190504,000000,26.33,26.86,25.41,26.47,0,0
DCR.V,D,20190505,000000,26.49,26.75,25.94,26.53,0,0
DCR.V,D,20190506,000000,26.53,26.63,24.99,26.05,0,0
DCR.V,D,20190507,000000,26.05,27.36,25.72,26.09,0,0
DCR.V,D,20190508,000000,26.1,26.17,25.09,25.63,0,0
DCR.V,D,20190509,000000,25.64,26.19,25.26,25.56,0,0
DCR.V,D,20190510,000000,25.56,26.37,25.32,25.53,0,0
DCR.V,D,20190511,000000,25.54,29.62,24.92,29.52,0,0
DCR.V,D,20190512,000000,29.54,30.76,26.35,27.79,0,0
DCR.V,D,20190513,000000,27.79,29.94,26.45,29.19,0,0
DCR.V,D,20190514,000000,29.2,37.06,26.51,27.48,0,0
DCR.V,D,20190515,000000,27.49,33.96,27.49,33.73,0,0
DCR.V,D,20190516,000000,33.71,35.23,30.37,31.14,0,0
DCR.V,D,20190517,000000,31.11,31.23,25.69,27.89,0,0
DCR.V,D,20190518,000000,27.9,29.51,27.64,29.25,0,0
DCR.V,D,20190519,000000,29.24,32.13,28.94,29.82,0,0
DCR.V,D,20190520,000000,29.83,30.53,27.91,29.57,0,0
DCR.V,D,20190521,000000,29.56,30.24,28.81,29.73,0,0
DCR.V,D,20190522,000000,29.76,29.87,28.09,28.24,0,0
DCR.V,D,20190523,000000,28.25,28.46,25.64,27.75,0,0
DCR.V,D,20190524,000000,27.75,28.97,27.04,27.97,0,0
DCR.V,D,20190525,000000,27.96,28.67,27.52,27.99,0,0
DCR.V,D,20190526,000000,27.99,28.8,27.25,28.71,0,0
DCR.V,D,20190527,000000,28.65,30.05,27.96,29.25,0,0
DCR.V,D,20190528,000000,29.25,29.33,27.79,28.18,0,0
DCR.V,D,20190529,000000,28.19,28.95,27.21,28.31,0,0
DCR.V,D,20190530,000000,28.3,31.64,27.03,27.47,0,0
DCR.V,D,20190531,000000,27.46,28.6,26.92,27.93,0,0
DCR.V,D,20190601,000000,27.93,29.31,27.78,28.4,0,0
DCR.V,D,20190602,000000,28.4,29.46,28.17,28.98,0,0
DCR.V,D,20190603,000000,28.99,29.14,27.3,27.97,0,0
DCR.V,D,20190604,000000,27.97,27.98,24.77,24.83,0,0
DCR.V,D,20190605,000000,24.73,26.67,24.73,25.94,0,0
DCR.V,D,20190606,000000,25.94,26.46,24.4,25.33,0,0
DCR.V,D,20190607,000000,25.33,26.94,25.26,26.27,0,0
DCR.V,D,20190608,000000,26.26,27.49,26.15,26.48,0,0
DCR.V,D,20190609,000000,26.5,27.44,25.97,26.55,0,0
DCR.V,D,20190610,000000,26.54,27.31,26.03,27.14,0,0
DCR.V,D,20190611,000000,27.14,28.39,26.74,28.21,0,0
DCR.V,D,20190612,000000,28.18,28.95,27.61,28.24,0,0
DCR.V,D,20190613,000000,28.24,28.56,27.74,28.29,0,0
DCR.V,D,20190614,000000,28.29,28.38,24.86,26.36,0,0
DCR.V,D,20190615,000000,26.35,27.81,26.35,27.31,0,0
DCR.V,D,20190616,000000,27.31,28.59,27.03,27.61,0,0
DCR.V,D,20190617,000000,27.61,28.91,27.48,28.77,0,0
DCR.V,D,20190618,000000,28.77,29.29,27.96,28.29,0,0
DCR.V,D,20190619,000000,28.3,28.71,27.58,28.08,0,0
DCR.V,D,20190620,000000,28.1,28.69,27.03,28.31,0,0
DCR.V,D,20190621,000000,28.39,29.44,28.16,28.79,0,0
DCR.V,D,20190622,000000,28.79,30.07,28.24,29.83,0,0
DCR.V,D,20190623,000000,29.83,33.77,29.21,31.35,0,0
DCR.V,D,20190624,000000,31.45,34.18,31.45,32.26,0,0
DCR.V,D,20190625,000000,32.26,32.28,30.18,31.31,0,0
DCR.V,D,20190626,000000,31.3,37.94,31.24,33.18,0,0
DCR.V,D,20190627,000000,33.21,37.79,29.65,30.11,0,0
DCR.V,D,20190628,000000,30.12,33.48,30.12,33.37,0,0
DCR.V,D,20190629,000000,33.38,35.29,31.67,34.61,0,0
DCR.V,D,20190630,000000,34.61,35.73,29.79,31.76,0,0
DCR.V,D,20190701,000000,31.75,31.75,27.9,29.34,0,0
DCR.V,D,20190702,000000,29.31,29.67,26.57,28.8,0,0
DCR.V,D,20190703,000000,28.8,30.95,28.75,30.46,0,0
DCR.V,D,20190704,000000,30.48,32.44,30.46,31.32,0,0
DCR.V,D,20190705,000000,31.31,31.75,29.19,29.8,0,0
DCR.V,D,20190706,000000,29.81,31.4,29.17,30.42,0,0
DCR.V,D,20190707,000000,30.41,32.19,29.96,31.76,0,0
DCR.V,D,20190708,000000,31.77,32.54,30.56,32.54,0,0
DCR.V,D,20190709,000000,32.53,34.12,31.97,33.5,0,0
DCR.V,D,20190710,000000,33.56,36.01,31.25,32.06,0,0
DCR.V,D,20190711,000000,32.07,32.74,29.22,29.88,0,0
DCR.V,D,20190712,000000,29.88,32.01,29.47,31.59,0,0
DCR.V,D,20190713,000000,31.57,31.77,29.68,30.16,0,0
DCR.V,D,20190714,000000,30.14,31.02,28.43,29.32,0,0
DCR.V,D,20190715,000000,29.38,29.52,26.93,29.21,0,0
DCR.V,D,20190716,000000,29.23,30.36,26.25,26.82,0,0
DCR.V,D,20190717,000000,26.82,29.05,25.72,28.31,0,0
DCR.V,D,20190718,000000,28.32,29.35,26.08,29,0,0
DCR.V,D,20190719,000000,29,29.55,27.95,28.78,0,0
DCR.V,D,20190720,000000,28.8,30.06,28.56,29.97,0,0
DCR.V,D,20190721,000000,29.97,30.28,28.54,29.65,0,0
DCR.V,D,20190722,000000,29.66,29.89,28.22,28.66,0,0
DCR.V,D,20190723,000000,28.67,28.92,27.61,28.47,0,0
DCR.V,D,20190724,000000,28.47,28.57,26.55,27.2,0,0
DCR.V,D,20190725,000000,27.2,28.02,26.71,26.89,0,0
DCR.V,D,20190726,000000,26.89,27.08,26.23,26.65,0,0
DCR.V,D,20190727,000000,26.65,27.58,25.18,25.72,0,0
DCR.V,D,20190728,000000,25.72,25.78,25.17,25.43,0,0
DCR.V,D,20190729,000000,25.43,26.21,24.7,25.51,0,0
DCR.V,D,20190730,000000,25.51,25.9,24.99,25.19,0,0
DCR.V,D,20190731,000000,25.2,26.87,25.16,26.7,0,0
DCR.V,D,20190801,000000,26.7,28.01,26.44,27.77,0,0
DCR.V,D,20190802,000000,27.76,28.11,27.2,27.34,0,0
DCR.V,D,20190803,000000,27.34,28.79,27.27,28.11,0,0
DCR.V,D,20190804,000000,28.11,28.63,27.52,28.38,0,0
DCR.V,D,20190805,000000,28.38,33.7,28.34,31.05,0,0
DCR.V,D,20190806,000000,31.06,33,30.03,30.88,0,0
DCR.V,D,20190807,000000,30.87,32.9,30.15,30.28,0,0
DCR.V,D,20190808,000000,30.35,30.44,26.37,27.68,0,0
DCR.V,D,20190809,000000,27.69,27.88,26.08,27.08,0,0
DCR.V,D,20190810,000000,27.08,27.82,26.11,26.85,0,0
DCR.V,D,20190811,000000,26.85,27.94,26.49,27.9,0,0
DCR.V,D,20190812,000000,27.9,28.07,27.22,27.34,0,0
DCR.V,D,20190813,000000,27.36,27.61,25.92,26.15,0,0
DCR.V,D,20190814,000000,26.14,26.37,24.96,25.27,0,0
DCR.V,D,20190815,000000,25.27,25.69,23.51,25.38,0,0
DCR.V,D,20190816,000000,25.38,25.77,23.78,25.59,0,0
DCR.V,D,20190817,000000,25.59,26.12,24.75,25.16,0,0
DCR.V,D,20190818,000000,25.16,26.18,24.97,26.04,0,0
DCR.V,D,20190819,000000,26.05,26.71,25.58,26.35,0,0
DCR.V,D,20190820,000000,26.34,26.85,25.88,26.46,0,0
DCR.V,D,20190821,000000,26.47,26.64,24.11,24.75,0,0
DCR.V,D,20190822,000000,24.73,25.52,23.89,25.31,0,0
DCR.V,D,20190823,000000,25.31,26,24.87,25.19,0,0
DCR.V,D,20190824,000000,25.19,25.51,24.29,24.49,0,0
DCR.V,D,20190825,000000,24.54,25.4,24.25,24.64,0,0
DCR.V,D,20190826,000000,24.6,25.04,24.31,24.73,0,0
DCR.V,D,20190827,000000,24.72,25.11,24.08,24.13,0,0
DCR.V,D,20190828,000000,24.13,24.55,22.89,23.02,0,0
DCR.V,D,20190829,000000,23.02,23.16,22.06,22.65,0,0
DCR.V,D,20190830,000000,22.65,23.12,22.39,22.99,0,0
DCR.V,D,20190831,000000,22.99,23.23,22.56,22.94,0,0
DCR.V,D,20190901,000000,22.95,24.13,22.87,23.97,0,0
DCR.V,D,20190902,000000,23.97,25.22,23.61,24.95,0,0
DCR.V,D,20190903,000000,24.95,25.93,24.31,25.68,0,0
DCR.V,D,20190904,000000,25.68,25.86,24.76,25.07,0,0
DCR.V,D,20190905,000000,25.07,25.25,24.44,24.57,0,0
DCR.V,D,20190906,000000,24.57,25.46,23.76,24.22,0,0
DCR.V,D,20190907,000000,24.22,24.7,23.85,24.55,0,0
DCR.V,D,20190908,000000,24.54,25.35,24.3,25.02,0,0
DCR.V,D,20190909,000000,25.02,25.11,24.03,24.15,0,0
DCR.V,D,20190910,000000,24.15,24.38,22.77,22.83,0,0
DCR.V,D,20190911,000000,22.83,23.67,21.82,22.6,0,0
DCR.V,D,20190912,000000,22.59,23.45,22.05,23.35,0,0
DCR.V,D,20190913,000000,23.35,23.67,22.86,23.2,0,0
DCR.V,D,20190914,000000,23.2,23.42,22.99,23.19,0,0
DCR.V,D,20190915,000000,23.19,23.25,22.64,22.74,0,0
DCR.V,D,20190916,000000,22.74,22.91,21.46,22.04,0,0
DCR.V,D,20190917,000000,22.04,22.69,21.67,22.36,0,0
DCR.V,D,20190918,000000,22.36,23.14,21.91,23.1,0,0
DCR.V,D,20190919,000000,23.1,23.42,21.91,23.21,0,0
DCR.V,D,20190920,000000,23.22,23.6,22.63,23.02,0,0
DCR.V,D,20190921,000000,23.02,23.4,22.3,22.33,0,0
DCR.V,D,20190922,000000,22.34,22.56,21.93,22.11,0,0
DCR.V,D,20190923,000000,22.12,22.26,20.62,20.73,0,0
DCR.V,D,20190924,000000,20.74,20.79,17.02,18.04,0,0
DCR.V,D,20190925,000000,17.99,18.18,16.66,17.5,0,0
DCR.V,D,20190926,000000,17.51,17.67,16.02,16.9,0,0
DCR.V,D,20190927,000000,16.91,17.6,16.56,17.49,0,0
DCR.V,D,20190928,000000,17.49,17.96,17.28,17.83,0,0
DCR.V,D,20190929,000000,17.83,18.37,17.2,17.62,0,0
DCR.V,D,20190930,000000,17.62,17.85,16.76,17.21,0,0
DCR.V,D,20191001,000000,17.19,17.99,17.11,17.43,0,0
DCR.V,D,20191002,000000,17.42,17.62,16.99,17.1,0,0
DCR.V,D,20191003,000000,17.09,17.42,16.53,16.84,0,0
DCR.V,D,20191004,000000,16.84,17.01,16.48,16.87,0,0
DCR.V,D,20191005,000000,16.87,17.3,16.58,17.18,0,0
DCR.V,D,20191006,000000,17.19,17.44,16.65,16.78,0,0
DCR.V,D,20191007,000000,16.78,17.62,16.56,17.26,0,0
DCR.V,D,20191008,000000,17.26,17.4,16.75,16.86,0,0
DCR.V,D,20191009,000000,16.87,17.81,16.87,17.14,0,0
DCR.V,D,20191010,000000,17.13,17.33,16.83,16.89,0,0
DCR.V,D,20191011,000000,16.92,16.99,16.06,16.26,0,0
DCR.V,D,20191012,000000,16.26,16.43,16.08,16.14,0,0
DCR.V,D,20191013,000000,16.14,16.51,16.05,16.42,0,0
DCR.V,D,20191014,000000,15.86,16.29,15.85,16.09,0,0
DCR.V,D,20191015,000000,16.1,16.26,15.48,15.59,0,0
DCR.V,D,20191016,000000,15.58,15.63,14.24,14.78,0,0
DCR.V,D,20191017,000000,14.78,14.94,14.17,14.43,0,0
DCR.V,D,20191018,000000,14.43,14.72,13.95,14.51,0,0
DCR.V,D,20191019,000000,14.51,14.66,13.78,14.28,0,0
DCR.V,D,20191020,000000,14.28,14.76,14.05,14.57,0,0
DCR.V,D,20191021,000000,14.56,15,14.29,14.55,0,0
DCR.V,D,20191022,000000,14.53,14.63,13.94,14.01,0,0
DCR.V,D,20191023,000000,13.97,14.01,12.66,13.05,0,0
DCR.V,D,20191024,000000,13.05,13.15,12.74,12.97,0,0
DCR.V,D,20191025,000000,12.97,14.85,12.81,14.29,0,0
DCR.V,D,20191026,000000,14.29,16.23,14.24,14.82,0,0
DCR.V,D,20191027,000000,14.82,16.01,14.61,15.41,0,0
DCR.V,D,20191028,000000,15.46,15.91,15.05,15.43,0,0
DCR.V,D,20191029,000000,15.44,15.76,15.05,15.75,0,0
DCR.V,D,20191030,000000,15.75,15.86,15.16,15.84,0,0
DCR.V,D,20191031,000000,15.85,16.12,15.45,15.64,0,0
DCR.V,D,20191101,000000,15.64,18.57,15.6,17.68,0,0
DCR.V,D,20191102,000000,17.67,18.48,17.38,18.2,0,0
DCR.V,D,20191103,000000,18.2,20.84,18.2,20.84,0,0
DCR.V,D,20191104,000000,20.85,23.04,20.78,20.98,0,0
DCR.V,D,20191105,000000,20.95,21.11,18.43,19.55,0,0
DCR.V,D,20191106,000000,19.56,19.86,18.52,18.68,0,0
DCR.V,D,20191107,000000,18.67,22.99,18.66,20.56,0,0
DCR.V,D,20191108,000000,20.56,21.3,19.08,20.14,0,0
DCR.V,D,20191109,000000,20.14,20.92,19.38,19.97,0,0
DCR.V,D,20191110,000000,19.94,20.81,19.57,20.75,0,0
DCR.V,D,20191111,000000,20.79,22.63,20.36,21.02,0,0
DCR.V,D,20191112,000000,21.02,23.88,20.99,22.78,0,0
DCR.V,D,20191113,000000,22.77,23.35,21.43,21.96,0,0
DCR.V,D,20191114,000000,21.95,22.11,20.69,21.85,0,0
DCR.V,D,20191115,000000,21.85,24.84,21.84,24.01,0,0
DCR.V,D,20191116,000000,24.01,25.46,22.99,23.07,0,0
DCR.V,D,20191117,000000,23.07,23.74,22.16,23.18,0,0
DCR.V,D,20191118,000000,23.16,23.73,22.12,22.38,0,0
DCR.V,D,20191119,000000,22.38,22.41,19.47,20.52,0,0
DCR.V,D,20191120,000000,20.53,21.55,19.54,19.98,0,0
DCR.V,D,20191121,000000,19.98,20.59,18.43,18.54,0,0
DCR.V,D,20191122,000000,18.54,18.79,15.67,17.65,0,0
DCR.V,D,20191123,000000,17.64,18.98,16.96,18.83,0,0
DCR.V,D,20191124,000000,18.84,19.07,16.74,17.5,0,0
DCR.V,D,20191125,000000,17.5,17.89,15.4,17.72,0,0
DCR.V,D,20191126,000000,17.72,17.73,16.47,17.67,0,0
DCR.V,D,20191127,000000,17.78,18.96,16.66,18.31,0,0
DCR.V,D,20191128,000000,18.31,19,17.91,18.03,0,0
DCR.V,D,20191129,000000,18.05,19.79,18,19.67,0,0
DCR.V,D,20191130,000000,19.68,20.43,19.46,19.72,0,0
DCR.V,D,20191201,000000,19.72,19.74,18.32,19.32,0,0
DCR.V,D,20191202,000000,19.32,19.94,18.88,19.51,0,0
DCR.V,D,20191203,000000,19.57,19.72,18.05,18.49,0,0
DCR.V,D,20191204,000000,18.49,20.09,18.13,18.79,0,0
DCR.V,D,20191205,000000,18.8,19.74,18.8,19.71,0,0
DCR.V,D,20191206,000000,19.73,20.83,19.6,20.74,0,0
DCR.V,D,20191207,000000,20.74,21.06,20.35,21.01,0,0
DCR.V,D,20191208,000000,21.01,21.11,20.54,20.76,0,0
DCR.V,D,20191209,000000,20.76,20.78,19.4,19.72,0,0
DCR.V,D,20191210,000000,19.73,19.94,19.13,19.81,0,0
DCR.V,D,20191211,000000,19.81,20.21,19.44,19.92,0,0
DCR.V,D,20191212,000000,19.92,20.3,19.1,19.52,0,0
DCR.V,D,20191213,000000,19.52,19.77,19.15,19.53,0,0
DCR.V,D,20191214,000000,19.54,20.01,19.38,19.57,0,0
DCR.V,D,20191215,000000,19.57,20.81,19.3,20.68,0,0
DCR.V,D,20191216,000000,20.67,20.91,18.14,18.19,0,0
DCR.V,D,20191217,000000,18.2,18.33,16.46,16.61,0,0
DCR.V,D,20191218,000000,16.6,17.37,15.21,17.36,0,0
DCR.V,D,20191219,000000,17.45,17.79,16.5,17.28,0,0
DCR.V,D,20191220,000000,17.28,18.23,16.83,17.86,0,0
DCR.V,D,20191221,000000,17.87,17.98,17.53,17.7,0,0
DCR.V,D,20191222,000000,17.7,18.26,17.19,17.55,0,0
DCR.V,D,20191223,000000,17.55,17.94,16.76,16.81,0,0
DCR.V,D,20191224,000000,16.8,17.26,16.61,16.92,0,0
DCR.V,D,20191225,000000,16.91,17.27,16.16,16.44,0,0
DCR.V,D,20191226,000000,16.43,17.1,16.32,16.63,0,0
DCR.V,D,20191227,000000,16.63,17.2,16.57,16.86,0,0
DCR.V,D,20191228,000000,16.86,17.17,16.51,16.64,0,0
DCR.V,D,20191229,000000,16.61,16.71,16.34,16.49,0,0
DCR.V,D,20191230,000000,16.49,16.88,16.2,16.46,0,0
DCR.V,D,20191231,000000,16.46,17.05,16.28,16.77,0,0
DCR.V,D,20200101,000000,16.76,17.07,16.67,16.98,0,0
DCR.V,D,20200102,000000,16.94,17.02,16.14,16.37,0,0
DCR.V,D,20200103,000000,16.37,17.47,16.25,17.13,0,0
DCR.V,D,20200104,000000,17.13,17.47,17.12,17.41,0,0
DCR.V,D,20200105,000000,17.41,17.94,17.33,17.61,0,0
DCR.V,D,20200106,000000,17.61,18.66,17.6,18.58,0,0
DCR.V,D,20200107,000000,18.58,19.02,17,17.2,0,0
DCR.V,D,20200108,000000,17.18,17.74,16.62,16.96,0,0
DCR.V,D,20200109,000000,16.96,17.03,16.19,16.33,0,0
DCR.V,D,20200110,000000,16.33,17.02,16.07,16.66,0,0
DCR.V,D,20200111,000000,16.65,17.05,16.04,16.88,0,0
DCR.V,D,20200112,000000,16.88,17.27,16.65,17.04,0,0
DCR.V,D,20200113,000000,17.04,17.1,16.06,16.25,0,0
DCR.V,D,20200114,000000,16.25,17.71,16.12,17.51,0,0
DCR.V,D,20200115,000000,17.49,18.58,17.42,18.41,0,0
DCR.V,D,20200116,000000,18.41,23.12,17.72,20.58,0,0
DCR.V,D,20200117,000000,20.63,21.3,19.72,20.42,0,0
DCR.V,D,20200118,000000,20.42,20.73,19.92,20.19,0,0
DCR.V,D,20200119,000000,20.17,20.21,18.28,18.79,0,0
DCR.V,D,20200120,000000,18.79,19.17,18.18,18.98,0,0
DCR.V,D,20200121,000000,18.97,19.67,18.9,19.24,0,0
DCR.V,D,20200122,000000,19.25,19.33,18.64,18.81,0,0
DCR.V,D,20200123,000000,18.82,18.86,17.06,17.43,0,0
DCR.V,D,20200124,000000,17.43,18.05,17.08,17.66,0,0
DCR.V,D,20200125,000000,17.66,17.67,17.07,17.44,0,0
DCR.V,D,20200126,000000,17.44,18.08,17.37,17.97,0,0
DCR.V,D,20200127,000000,17.97,18.81,17.96,18.46,0,0
DCR.V,D,20200128,000000,18.46,19.13,18.41,18.9,0,0
DCR.V,D,20200129,000000,18.9,19.72,18.82,19.03,0,0
DCR.V,D,20200130,000000,19.03,19.6,18.36,19.23,0,0
DCR.V,D,20200131,000000,19.24,19.66,18.42,18.86,0,0
DCR.V,D,20200201,000000,18.87,19.21,18.68,18.84,0,0
DCR.V,D,20200202,000000,18.84,19.56,18.7,19.11,0,0
DCR.V,D,20200203,000000,19.1,19.64,18.91,19.51,0,0
DCR.V,D,20200204,000000,19.52,19.72,19.27,19.55,0,0
DCR.V,D,20200205,000000,19.55,20.52,19.26,20.38,0,0
DCR.V,D,20200206,000000,20.38,21.56,20.24,21.14,0,0
DCR.V,D,20200207,000000,21.13,21.85,21.05,21.61,0,0
DCR.V,D,20200208,000000,21.61,21.84,20.88,21.23,0,0
DCR.V,D,20200209,000000,21.22,21.78,20.81,21.66,0,0
DCR.V,D,20200210,000000,21.66,21.87,20.6,21.15,0,0
DCR.V,D,20200211,000000,21.15,22.2,20.47,21.72,0,0
DCR.V,D,20200212,000000,21.72,22.86,21.65,22.6,0,0
DCR.V,D,20200213,000000,22.6,24.78,22.33,24.66,0,0
DCR.V,D,20200214,000000,24.66,24.77,23,23.69,0,0
DCR.V,D,20200215,000000,23.69,23.87,21.36,21.48,0,0
DCR.V,D,20200216,000000,21.48,22.68,20.64,21.02,0,0
DCR.V,D,20200217,000000,21.02,21.3,18.8,19.84,0,0
DCR.V,D,20200218,000000,19.84,21.66,19.75,21.21,0,0
DCR.V,D,20200219,000000,21.21,21.48,19.11,19.5,0,0
DCR.V,D,20200220,000000,19.5,20.51,19.13,20.44,0,0
DCR.V,D,20200221,000000,20.44,20.73,19.94,20.02,0,0
DCR.V,D,20200222,000000,20.02,21.01,19.96,20.95,0,0
DCR.V,D,20200223,000000,20.94,21.83,20.73,21.78,0,0
DCR.V,D,20200224,000000,21.8,22.27,20.96,21.42,0,0
DCR.V,D,20200225,000000,21.42,21.64,19.76,20.11,0,0
DCR.V,D,20200226,000000,20.11,20.16,16.75,18.58,0,0
DCR.V,D,20200227,000000,18.58,18.62,17.51,18.03,0,0
DCR.V,D,20200228,000000,18.02,18.22,16.57,17.35,0,0
DCR.V,D,20200229,000000,17.36,17.71,17.17,17.62,0,0
DCR.V,D,20200301,000000,17.62,17.81,16.99,17.22,0,0
DCR.V,D,20200302,000000,17.2,18.43,17.05,18.26,0,0
DCR.V,D,20200303,000000,18.25,18.48,17.81,18.48,0,0
DCR.V,D,20200304,000000,18.48,19.25,18.4,19.07,0,0
DCR.V,D,20200305,000000,19.08,20,19.01,19.04,0,0
DCR.V,D,20200306,000000,19.04,19.17,18.68,18.85,0,0
DCR.V,D,20200307,000000,18.85,19.51,18.4,18.67,0,0
DCR.V,D,20200308,000000,18.67,18.71,16.59,16.68,0,0
DCR.V,D,20200309,000000,16.68,16.85,15.27,15.58,0,0
DCR.V,D,20200310,000000,15.57,16.92,15.55,16.46,0,0
DCR.V,D,20200311,000000,16.46,16.61,15.38,15.94,0,0
DCR.V,D,20200312,000000,15.9,16.06,10.74,11.57,0,0
DCR.V,D,20200313,000000,11.58,11.58,7.484,10.8,0,0
DCR.V,D,20200314,000000,10.8,11.61,10.26,10.93,0,0
DCR.V,D,20200315,000000,10.92,12.34,10.55,11.07,0,0
DCR.V,D,20200316,000000,11.07,11.24,8.494,9.183,0,0
DCR.V,D,20200317,000000,9.183,10.07,9.141,9.791,0,0
DCR.V,D,20200318,000000,9.786,10.18,9.186,10,0,0
DCR.V,D,20200319,000000,10.01,12.25,9.778,11.97,0,0
DCR.V,D,20200320,000000,11.98,13.03,10.07,11.15,0,0
DCR.V,D,20200321,000000,11.11,12.1,10.46,10.73,0,0
DCR.V,D,20200322,000000,11.7,13.6,11.1,12.61,0,0
DCR.V,D,20200323,000000,11.4,12.07,10.73,11.63,0,0
DCR.V,D,20200324,000000,11.63,12.82,11.28,11.9,0,0
DCR.V,D,20200325,000000,11.78,12.07,11.24,11.91,0,0
DCR.V,D,20200326,000000,11.9,12.16,11.37,11.67,0,0
DCR.V,D,20200327,000000,11.66,12.62,11.41,11.71,0,0
DCR.V,D,20200328,000000,11.7,11.74,10.54,10.93,0,0
DCR.V,D,20200329,000000,10.94,11.09,10.11,10.13,0,0
DCR.V,D,20200330,000000,10.12,11.33,10.08,11.24,0,0
DCR.V,D,20200331,000000,11.24,11.86,11.01,11.42,0,0
DCR.V,D,20200401,000000,11.42,11.62,10.99,11.14,0,0
DCR.V,D,20200402,000000,11.14,12.44,11.13,11.92,0,0
DCR.V,D,20200403,000000,11.92,12.09,11.42,11.64,0,0
DCR.V,D,20200404,000000,11.64,12.22,11.53,12.05,0,0
DCR.V,D,20200405,000000,12.01,12.26,11.65,11.66,0,0
DCR.V,D,20200406,000000,11.66,12.82,11.66,12.78,0,0
DCR.V,D,20200407,000000,12.78,13.03,12.2,12.37,0,0
DCR.V,D,20200408,000000,12.36,12.81,12.3,12.67,0,0
DCR.V,D,20200409,000000,12.68,12.89,12.45,12.78,0,0
DCR.V,D,20200410,000000,12.78,12.86,11.67,12.05,0,0
DCR.V,D,20200411,000000,12.05,12.17,11.77,12.02,0,0
DCR.V,D,20200412,000000,12.03,12.61,11.82,12.4,0,0
DCR.V,D,20200413,000000,12.41,12.43,11.48,12.03,0,0
DCR.V,D,20200414,000000,12.03,12.16,11.76,12.04,0,0
DCR.V,D,20200415,000000,12.04,12.29,11.7,11.8,0,0
DCR.V,D,20200416,000000,11.8,12.95,11.39,12.48,0,0
DCR.V,D,20200417,000000,12.48,12.77,12.24,12.4,0,0
DCR.V,D,20200418,000000,12.4,12.85,12.33,12.7,0,0
DCR.V,D,20200419,000000,12.7,13.01,12.39,12.66,0,0
DCR.V,D,20200420,000000,12.65,12.68,11.83,12,0,0
DCR.V,D,20200421,000000,12,12.15,11.81,11.87,0,0
DCR.V,D,20200422,000000,11.87,12.34,11.73,12.18,0,0
DCR.V,D,20200423,000000,12.18,12.97,12.09,12.74,0,0
DCR.V,D,20200424,000000,12.74,12.76,12.27,12.47,0,0
DCR.V,D,20200425,000000,12.46,12.9,12.38,12.76,0,0
DCR.V,D,20200426,000000,12.76,12.99,12.65,12.76,0,0
DCR.V,D,20200427,000000,12.76,13.43,12.74,13,0,0
DCR.V,D,20200428,000000,13,13.26,12.94,13.16,0,0
DCR.V,D,20200429,000000,13.16,14.32,13.04,14.19,0,0
DCR.V,D,20200430,000000,14.19,14.58,12.98,13.36,0,0
DCR.V,D,20200501,000000,13.36,14.77,13.21,14.31,0,0
DCR.V,D,20200502,000000,14.32,14.57,14.04,14.5,0,0
DCR.V,D,20200503,000000,14.5,15.09,14.23,14.49,0,0
DCR.V,D,20200504,000000,14.49,14.88,13.88,14.76,0,0
DCR.V,D,20200505,000000,14.76,15.01,14.43,14.78,0,0
DCR.V,D,20200506,000000,14.78,15.94,14.7,15.28,0,0
DCR.V,D,20200507,000000,15.27,15.48,14.72,15.15,0,0
DCR.V,D,20200508,000000,15.16,15.47,14.65,14.94,0,0
DCR.V,D,20200509,000000,14.94,15.39,14.62,14.63,0,0
DCR.V,D,20200510,000000,14.62,14.76,12.55,13.09,0,0
DCR.V,D,20200511,000000,13.09,13.53,12.25,12.85,0,0
DCR.V,D,20200512,000000,12.85,13.24,12.71,12.97,0,0
DCR.V,D,20200513,000000,12.97,13.61,12.97,13.46,0,0
DCR.V,D,20200514,000000,13.46,14.19,13.28,13.9,0,0
DCR.V,D,20200515,000000,13.9,14,13.07,13.31,0,0
DCR.V,D,20200516,000000,13.32,13.68,13.09,13.68,0,0
DCR.V,D,20200517,000000,13.68,14.73,13.65,14.34,0,0
DCR.V,D,20200518,000000,14.34,14.75,13.83,14.02,0,0
DCR.V,D,20200519,000000,14.04,14.18,13.71,14,0,0
DCR.V,D,20200520,000000,14,14.19,13.31,13.63,0,0
DCR.V,D,20200521,000000,13.63,13.85,12.91,13.22,0,0
DCR.V,D,20200522,000000,13.22,14.53,13.08,14.09,0,0
DCR.V,D,20200523,000000,14.09,14.5,13.64,14,0,0
DCR.V,D,20200524,000000,14,14.17,13.43,13.76,0,0
DCR.V,D,20200525,000000,13.76,14.26,13.21,14.17,0,0
DCR.V,D,20200526,000000,14.17,14.36,13.7,14.22,0,0
DCR.V,D,20200527,000000,14.22,14.74,14.17,14.19,0,0
DCR.V,D,20200528,000000,14.19,14.52,14.18,14.27,0,0
DCR.V,D,20200529,000000,14.27,14.64,14.26,14.62,0,0
DCR.V,D,20200530,000000,14.58,14.67,14.19,14.57,0,0
DCR.V,D,20200531,000000,14.57,15.11,14.5,14.74,0,0
DCR.V,D,20200601,000000,14.74,15.4,14.57,15.21,0,0
DCR.V,D,20200602,000000,15.21,16.58,14.95,16.55,0,0
DCR.V,D,20200603,000000,16.51,18.36,16.17,16.23,0,0
DCR.V,D,20200604,000000,16.23,19.04,16.19,18.24,0,0
DCR.V,D,20200605,000000,18.24,18.94,17.16,17.32,0,0
DCR.V,D,20200606,000000,17.34,17.65,17.06,17.36,0,0
DCR.V,D,20200607,000000,17.36,17.42,16.64,17.19,0,0
DCR.V,D,20200608,000000,17.19,17.87,16.97,17.47,0,0
DCR.V,D,20200609,000000,17.46,17.67,17.2,17.44,0,0
DCR.V,D,20200610,000000,17.44,17.6,17,17.32,0,0
DCR.V,D,20200611,000000,17.33,18.05,15.97,16.21,0,0
DCR.V,D,20200612,000000,16.2,17.42,15.74,17.37,0,0
DCR.V,D,20200613,000000,17.37,17.47,16.68,16.73,0,0
DCR.V,D,20200614,000000,16.73,17,16.1,16.12,0,0
DCR.V,D,20200615,000000,16.12,16.18,14.79,15.69,0,0
DCR.V,D,20200616,000000,15.71,15.96,15.46,15.71,0,0
DCR.V,D,20200617,000000,15.7,16.02,15.38,15.67,0,0
DCR.V,D,20200618,000000,15.67,15.84,15.01,15.14,0,0
DCR.V,D,20200619,000000,15.13,15.61,14.88,15.45,0,0
DCR.V,D,20200620,000000,15.45,15.55,15.08,15.38,0,0
DCR.V,D,20200621,000000,15.38,15.48,15.13,15.45,0,0
DCR.V,D,20200622,000000,15.45,15.92,15.25,15.7,0,0
DCR.V,D,20200623,000000,15.7,17.94,15.54,16.14,0,0
DCR.V,D,20200624,000000,16.14,16.18,15.45,15.71,0,0
DCR.V,D,20200625,000000,15.7,16.03,15.07,15.13,0,0
DCR.V,D,20200626,000000,15.13,15.26,14.5,14.79,0,0
DCR.V,D,20200627,000000,14.76,14.92,13.86,14.11,0,0
DCR.V,D,20200628,000000,14.11,14.51,13.92,14.34,0,0
DCR.V,D,20200629,000000,14.34,14.44,13.95,14.25,0,0
DCR.V,D,20200630,000000,14.25,14.33,13.98,14.13,0,0
DCR.V,D,20200701,000000,14.13,14.33,14.02,14.22,0,0
DCR.V,D,20200702,000000,14.21,14.52,13.84,14.1,0,0
DCR.V,D,20200703,000000,14.09,14.1,13.64,13.79,0,0
DCR.V,D,20200704,000000,13.79,14.13,13.66,13.95,0,0
DCR.V,D,20200705,000000,13.95,14.18,13.69,13.98,0,0
DCR.V,D,20200706,000000,13.97,14.74,13.97,14.65,0,0
DCR.V,D,20200707,000000,14.64,15.15,14.44,15.01,0,0
DCR.V,D,20200708,000000,15.01,15.7,14.94,15.38,0,0
DCR.V,D,20200709,000000,15.42,16.32,14.96,16.14,0,0
DCR.V,D,20200710,000000,16.14,16.49,15.62,15.85,0,0
DCR.V,D,20200711,000000,15.86,16,15.43,15.79,0,0
DCR.V,D,20200712,000000,15.79,15.88,15.32,15.47,0,0
DCR.V,D,20200713,000000,15.47,15.76,14.65,14.97,0,0
DCR.V,D,20200714,000000,14.97,15.41,14.57,15.23,0,0
DCR.V,D,20200715,000000,15.22,15.95,15.21,15.86,0,0
DCR.V,D,20200716,000000,15.86,15.86,15.02,15.39,0,0
DCR.V,D,20200717,000000,15.39,15.57,15.15,15.21,0,0
DCR.V,D,20200718,000000,15.22,15.62,15.08,15.49,0,0
DCR.V,D,20200719,000000,15.49,15.54,15.07,15.38,0,0
DCR.V,D,20200720,000000,15.38,15.64,15.25,15.35,0,0
DCR.V,D,20200721,000000,15.35,15.79,15.21,15.61,0,0
DCR.V,D,20200722,000000,15.51,16.12,15.46,16.07,0,0
DCR.V,D,20200723,000000,16.07,16.24,15.63,15.98,0,0
DCR.V,D,20200724,000000,15.98,15.98,15.26,15.34,0,0
DCR.V,D,20200725,000000,15.34,15.7,15.21,15.46,0,0
DCR.V,D,20200726,000000,15.47,15.76,14.86,14.91,0,0
DCR.V,D,20200727,000000,14.89,15.32,14.37,14.92,0,0
DCR.V,D,20200728,000000,14.92,15.52,14.52,15.29,0,0
DCR.V,D,20200729,000000,15.37,15.56,14.95,15.33,0,0
