<TICKER>,<PER>,<DATE>,<TIME>,<OPEN>,<HIGH>,<LOW>,<CLOSE>,<VOL>,<OPENINT>
DOGE.V,D,20160701,000000,0.00029,0.000294,0.00029,0.000294,0,0
DOGE.V,D,20160702,000000,0.000294,0.000298,0.00028,0.000298,0,0
DOGE.V,D,20160703,000000,0.000298,0.000298,0.00029,0.000298,0,0
DOGE.V,D,20160704,000000,0.000298,0.000299,0.000285,0.000299,0,0
DOGE.V,D,20160705,000000,0.000299,0.0003,0.000299,0.0003,0,0
DOGE.V,D,20160706,000000,0.0003,0.0003,0.000299,0.000299,0,0
DOGE.V,D,20160707,000000,0.000295,0.0003,0.000295,0.0003,0,0
DOGE.V,D,20160708,000000,0.0003,0.0003,0.0003,0.0003,0,0
DOGE.V,D,20160709,000000,0.0003,0.0003,0.0003,0.0003,0,0
DOGE.V,D,20160710,000000,0.000297,0.000297,0.00029,0.000296,0,0
DOGE.V,D,20160711,000000,0.00029,0.0003,0.000289,0.0003,0,0
DOGE.V,D,20160712,000000,0.00029,0.00029,0.000288,0.00029,0,0
DOGE.V,D,20160713,000000,0.00029,0.00029,0.000253,0.000275,0,0
DOGE.V,D,20160714,000000,0.000275,0.000275,0.000275,0.000275,0,0
DOGE.V,D,20160715,000000,0.000275,0.000275,0.000275,0.000275,0,0
DOGE.V,D,20160716,000000,0.000275,0.00028,0.000275,0.00028,0,0
DOGE.V,D,20160717,000000,0.00029,0.00029,0.00028,0.00028,0,0
DOGE.V,D,20160718,000000,0.00028,0.00029,0.00028,0.00029,0,0
DOGE.V,D,20160719,000000,0.00027,0.000285,0.00027,0.000285,0,0
DOGE.V,D,20160720,000000,0.000267,0.00027,0.00026,0.00027,0,0
DOGE.V,D,20160721,000000,0.00027,0.00027,0.00025,0.00027,0,0
DOGE.V,D,20160722,000000,0.00027,0.00027,0.00027,0.00027,0,0
DOGE.V,D,20160723,000000,0.00026,0.00027,0.00026,0.000265,0,0
DOGE.V,D,20160724,000000,0.000265,0.000265,0.000265,0.000265,0,0
DOGE.V,D,20160725,000000,0.000265,0.00027,0.000252,0.000252,0,0
DOGE.V,D,20160726,000000,0.00027,0.00029,0.00027,0.000271,0,0
DOGE.V,D,20160727,000000,0.000271,0.000271,0.000271,0.000271,0,0
DOGE.V,D,20160728,000000,0.000279,0.000279,0.00027,0.00027,0,0
DOGE.V,D,20160729,000000,0.00026,0.00026,0.00026,0.00026,0,0
DOGE.V,D,20160730,000000,0.000255,0.000275,0.000255,0.000275,0,0
DOGE.V,D,20160731,000000,0.000244,0.000269,0.000244,0.00025,0,0
DOGE.V,D,20160801,000000,0.00025,0.00025,0.000249,0.000249,0,0
DOGE.V,D,20160802,000000,0.000249,0.00025,0.000249,0.00025,0,0
DOGE.V,D,20160803,000000,0.00023,0.00025,0.00023,0.000249,0,0
DOGE.V,D,20160804,000000,0.000249,0.000249,0.00024,0.00024,0,0
DOGE.V,D,20160805,000000,0.000235,0.000248,0.000235,0.000245,0,0
DOGE.V,D,20160806,000000,0.00024,0.00024,0.0002,0.0002,0,0
DOGE.V,D,20160807,000000,0.00024,0.000288,0.00024,0.000288,0,0
DOGE.V,D,20160808,000000,0.000288,0.000288,0.000265,0.000276,0,0
DOGE.V,D,20160809,000000,0.000231,0.000276,0.000231,0.00027,0,0
DOGE.V,D,20160810,000000,0.00027,0.00029,0.000265,0.00028,0,0
DOGE.V,D,20160811,000000,0.00029,0.00029,0.000256,0.00026,0,0
DOGE.V,D,20160812,000000,0.00026,0.000289,0.00026,0.00027,0,0
DOGE.V,D,20160813,000000,0.000267,0.000287,0.00026,0.000275,0,0
DOGE.V,D,20160814,000000,0.00027,0.000274,0.00027,0.000272,0,0
DOGE.V,D,20160815,000000,0.000272,0.000272,0.000255,0.000255,0,0
DOGE.V,D,20160816,000000,0.000255,0.00026,0.000245,0.00026,0,0
DOGE.V,D,20160817,000000,0.00026,0.000265,0.00026,0.000265,0,0
DOGE.V,D,20160818,000000,0.000265,0.000265,0.000265,0.000265,0,0
DOGE.V,D,20160819,000000,0.000265,0.000265,0.000265,0.000265,0,0
DOGE.V,D,20160820,000000,0.000264,0.000264,0.000264,0.000264,0,0
DOGE.V,D,20160821,000000,0.000249,0.000262,0.000249,0.000262,0,0
DOGE.V,D,20160822,000000,0.000242,0.000262,0.000242,0.000262,0,0
DOGE.V,D,20160823,000000,0.000259,0.000259,0.000259,0.000259,0,0
DOGE.V,D,20160824,000000,0.00025,0.00025,0.000226,0.000245,0,0
DOGE.V,D,20160825,000000,0.000245,0.000249,0.000245,0.000245,0,0
DOGE.V,D,20160826,000000,0.000245,0.000245,0.000245,0.000245,0,0
DOGE.V,D,20160827,000000,0.000232,0.000232,0.000232,0.000232,0,0
DOGE.V,D,20160828,000000,0.00022,0.000249,0.00022,0.000249,0,0
DOGE.V,D,20160829,000000,0.000249,0.00025,0.000245,0.000245,0,0
DOGE.V,D,20160830,000000,0.000245,0.000245,0.000245,0.000245,0,0
DOGE.V,D,20160831,000000,0.000245,0.000245,0.000245,0.000245,0,0
DOGE.V,D,20160901,000000,0.000245,0.000245,0.00023,0.000245,0,0
DOGE.V,D,20160902,000000,0.000245,0.000245,0.00024,0.00024,0,0
DOGE.V,D,20160903,000000,0.00024,0.000259,0.00024,0.000255,0,0
DOGE.V,D,20160904,000000,0.000253,0.000253,0.000225,0.000245,0,0
DOGE.V,D,20160905,000000,0.000245,0.000245,0.00024,0.000241,0,0
DOGE.V,D,20160906,000000,0.000241,0.000241,0.000241,0.000241,0,0
DOGE.V,D,20160907,000000,0.000241,0.000241,0.000241,0.000241,0,0
DOGE.V,D,20160908,000000,0.000241,0.000241,0.000241,0.000241,0,0
DOGE.V,D,20160909,000000,0.000241,0.000241,0.000241,0.000241,0,0
DOGE.V,D,20160910,000000,0.000241,0.000241,0.000241,0.000241,0,0
DOGE.V,D,20160911,000000,0.000241,0.000241,0.000241,0.000241,0,0
DOGE.V,D,20160912,000000,0.000241,0.000241,0.000241,0.000241,0,0
DOGE.V,D,20160913,000000,0.000241,0.000241,0.000241,0.000241,0,0
DOGE.V,D,20160914,000000,0.000232,0.000232,0.000232,0.000232,0,0
DOGE.V,D,20160915,000000,0.000232,0.000245,0.000231,0.000231,0,0
DOGE.V,D,20160916,000000,0.000231,0.00024,0.000231,0.00024,0,0
DOGE.V,D,20160917,000000,0.00024,0.000241,0.00024,0.000241,0,0
DOGE.V,D,20160918,000000,0.000241,0.00026,0.000241,0.000245,0,0
DOGE.V,D,20160919,000000,0.000245,0.000245,0.000245,0.000245,0,0
DOGE.V,D,20160920,000000,0.000245,0.000246,0.000241,0.000246,0,0
DOGE.V,D,20160921,000000,0.000246,0.000247,0.000232,0.000246,0,0
DOGE.V,D,20160922,000000,0.000246,0.000246,0.000246,0.000246,0,0
DOGE.V,D,20160923,000000,0.000246,0.00025,0.000236,0.000249,0,0
DOGE.V,D,20160924,000000,0.000249,0.000249,0.000237,0.000241,0,0
DOGE.V,D,20160925,000000,0.000241,0.000248,0.000238,0.00024,0,0
DOGE.V,D,20160926,000000,0.00024,0.00024,0.000239,0.00024,0,0
DOGE.V,D,20160927,000000,0.00024,0.00024,0.000239,0.000239,0,0
DOGE.V,D,20160928,000000,0.000239,0.000247,0.000239,0.000239,0,0
DOGE.V,D,20160929,000000,0.000239,0.000248,0.000239,0.000239,0,0
DOGE.V,D,20160930,000000,0.000239,0.00024,0.000239,0.00024,0,0
DOGE.V,D,20161001,000000,0.00024,0.00024,0.000238,0.000238,0,0
DOGE.V,D,20161002,000000,0.000238,0.000238,0.000231,0.000231,0,0
DOGE.V,D,20161003,000000,0.000231,0.000231,0.000231,0.000231,0,0
DOGE.V,D,20161004,000000,0.000231,0.000231,0.000231,0.000231,0,0
DOGE.V,D,20161005,000000,0.000231,0.000231,0.000231,0.000231,0,0
DOGE.V,D,20161006,000000,0.000231,0.000231,0.000231,0.000231,0,0
DOGE.V,D,20161007,000000,0.000231,0.000231,0.000231,0.000231,0,0
DOGE.V,D,20161008,000000,0.000231,0.000231,0.000231,0.000231,0,0
DOGE.V,D,20161009,000000,0.000231,0.00024,0.000231,0.000231,0,0
DOGE.V,D,20161010,000000,0.000231,0.000231,0.000231,0.000231,0,0
DOGE.V,D,20161011,000000,0.000236,0.00024,0.000229,0.00024,0,0
DOGE.V,D,20161012,000000,0.000229,0.000249,0.000229,0.000249,0,0
DOGE.V,D,20161013,000000,0.000229,0.00023,0.000229,0.00023,0,0
DOGE.V,D,20161014,000000,0.000229,0.00023,0.000229,0.00023,0,0
DOGE.V,D,20161015,000000,0.00023,0.00024,0.00023,0.00024,0,0
DOGE.V,D,20161016,000000,0.00024,0.00024,0.00023,0.00023,0,0
DOGE.V,D,20161017,000000,0.00023,0.00023,0.00023,0.00023,0,0
DOGE.V,D,20161018,000000,0.00024,0.00024,0.00023,0.000239,0,0
DOGE.V,D,20161019,000000,0.000239,0.000239,0.00023,0.00023,0,0
DOGE.V,D,20161020,000000,0.00023,0.00024,0.00023,0.00024,0,0
DOGE.V,D,20161021,000000,0.00023,0.00023,0.00023,0.00023,0,0
DOGE.V,D,20161022,000000,0.00023,0.00023,0.00023,0.00023,0,0
DOGE.V,D,20161023,000000,0.00023,0.000237,0.000229,0.000229,0,0
DOGE.V,D,20161024,000000,0.000229,0.000244,0.000229,0.000229,0,0
DOGE.V,D,20161025,000000,0.000229,0.000244,0.000222,0.000244,0,0
DOGE.V,D,20161026,000000,0.00023,0.00023,0.000213,0.000213,0,0
DOGE.V,D,20161027,000000,0.00023,0.00023,0.00022,0.00022,0,0
DOGE.V,D,20161028,000000,0.00022,0.00022,0.00022,0.00022,0,0
DOGE.V,D,20161029,000000,0.00022,0.00022,0.00022,0.00022,0,0
DOGE.V,D,20161030,000000,0.000269,0.000289,0.000269,0.000289,0,0
DOGE.V,D,20161031,000000,0.000289,0.000289,0.0002,0.0002,0,0
DOGE.V,D,20161101,000000,0.0002,0.000223,0.0002,0.000223,0,0
DOGE.V,D,20161102,000000,0.000224,0.00025,0.00015,0.00015,0,0
DOGE.V,D,20161103,000000,0.000151,0.000235,0.000151,0.00022,0,0
DOGE.V,D,20161104,000000,0.00022,0.00022,0.00022,0.00022,0,0
DOGE.V,D,20161105,000000,0.00023,0.00024,0.000221,0.000221,0,0
DOGE.V,D,20161106,000000,0.000222,0.000245,0.000221,0.000221,0,0
DOGE.V,D,20161107,000000,0.000221,0.000231,0.000221,0.000221,0,0
DOGE.V,D,20161108,000000,0.000232,0.000242,0.000232,0.000242,0,0
DOGE.V,D,20161109,000000,0.000226,0.000228,0.000225,0.000225,0,0
DOGE.V,D,20161110,000000,0.000242,0.000242,0.000221,0.000221,0,0
DOGE.V,D,20161111,000000,0.000221,0.000221,0.000221,0.000221,0,0
DOGE.V,D,20161112,000000,0.00023,0.00024,0.000221,0.000221,0,0
DOGE.V,D,20161113,000000,0.000238,0.000238,0.000223,0.00023,0,0
DOGE.V,D,20161114,000000,0.000223,0.000223,0.000221,0.000221,0,0
DOGE.V,D,20161115,000000,0.000222,0.00024,0.000222,0.00024,0,0
DOGE.V,D,20161116,000000,0.00024,0.00024,0.00024,0.00024,0,0
DOGE.V,D,20161117,000000,0.00024,0.00024,0.000222,0.000222,0,0
DOGE.V,D,20161118,000000,0.000223,0.000239,0.000222,0.000222,0,0
DOGE.V,D,20161119,000000,0.000237,0.000237,0.000221,0.000221,0,0
DOGE.V,D,20161120,000000,0.00023,0.000236,0.0002,0.000236,0,0
DOGE.V,D,20161121,000000,0.0002,0.0002,0.0002,0.0002,0,0
DOGE.V,D,20161122,000000,0.000231,0.000231,0.00021,0.00021,0,0
DOGE.V,D,20161123,000000,0.000221,0.000231,0.000221,0.000231,0,0
DOGE.V,D,20161124,000000,0.000231,0.000236,0.000221,0.000222,0,0
DOGE.V,D,20161125,000000,0.000222,0.000222,0.000221,0.000221,0,0
DOGE.V,D,20161126,000000,0.000225,0.000226,0.000221,0.000221,0,0
DOGE.V,D,20161127,000000,0.000221,0.000235,0.000221,0.000221,0,0
DOGE.V,D,20161128,000000,0.000221,0.000221,0.000221,0.000221,0,0
DOGE.V,D,20161129,000000,0.000221,0.00023,0.000221,0.000225,0,0
DOGE.V,D,20161130,000000,0.000222,0.00023,0.000221,0.000221,0,0
DOGE.V,D,20161201,000000,0.000223,0.000223,0.000221,0.000221,0,0
DOGE.V,D,20161202,000000,0.000221,0.00023,0.00021,0.000215,0,0
DOGE.V,D,20161203,000000,0.000215,0.000235,0.00021,0.000232,0,0
DOGE.V,D,20161204,000000,0.000233,0.000233,0.00021,0.00022,0,0
DOGE.V,D,20161205,000000,0.00022,0.000234,0.000216,0.000217,0,0
DOGE.V,D,20161206,000000,0.000217,0.00022,0.000215,0.000215,0,0
DOGE.V,D,20161207,000000,0.000212,0.000212,0.00021,0.00021,0,0
DOGE.V,D,20161208,000000,0.00021,0.00021,0.00021,0.00021,0,0
DOGE.V,D,20161209,000000,0.000217,0.000217,0.00021,0.000211,0,0
DOGE.V,D,20161210,000000,0.000218,0.000218,0.000218,0.000218,0,0
DOGE.V,D,20161211,000000,0.000218,0.00022,0.000218,0.00022,0,0
DOGE.V,D,20161212,000000,0.00022,0.000221,0.000219,0.000221,0,0
DOGE.V,D,20161213,000000,0.000221,0.000221,0.000221,0.000221,0,0
DOGE.V,D,20161214,000000,0.000225,0.000225,0.00022,0.00022,0,0
DOGE.V,D,20161215,000000,0.000225,0.000225,0.000221,0.000221,0,0
DOGE.V,D,20161216,000000,0.000221,0.000221,0.000221,0.000221,0,0
DOGE.V,D,20161217,000000,0.000221,0.000221,0.000219,0.000219,0,0
DOGE.V,D,20161218,000000,0.00022,0.00022,0.000219,0.000219,0,0
DOGE.V,D,20161219,000000,0.000219,0.00022,0.000217,0.000217,0,0
DOGE.V,D,20161220,000000,0.000218,0.000218,0.000218,0.000218,0,0
DOGE.V,D,20161221,000000,0.000218,0.000218,0.000218,0.000218,0,0
DOGE.V,D,20161222,000000,0.000219,0.000226,0.000219,0.000219,0,0
DOGE.V,D,20161223,000000,0.000219,0.000232,0.000219,0.000232,0,0
DOGE.V,D,20161224,000000,0.000232,0.000232,0.000219,0.000221,0,0
DOGE.V,D,20161225,000000,0.00023,0.00026,0.000221,0.000221,0,0
DOGE.V,D,20161226,000000,0.00023,0.00023,0.000222,0.000222,0,0
DOGE.V,D,20161227,000000,0.000222,0.00023,0.000218,0.000218,0,0
DOGE.V,D,20161228,000000,0.000218,0.00023,0.000218,0.000218,0,0
DOGE.V,D,20161229,000000,0.00022,0.000225,0.00022,0.000225,0,0
DOGE.V,D,20161230,000000,0.000226,0.000226,0.000226,0.000226,0,0
DOGE.V,D,20161231,000000,0.000226,0.000239,0.000226,0.000226,0,0
DOGE.V,D,20170101,000000,0.00023,0.00023,0.000227,0.000227,0,0
DOGE.V,D,20170102,000000,0.000227,0.000228,0.00022,0.000221,0,0
DOGE.V,D,20170103,000000,0.000221,0.000234,0.00022,0.000222,0,0
DOGE.V,D,20170104,000000,0.000222,0.000239,0.000207,0.000221,0,0
DOGE.V,D,20170105,000000,0.00023,0.000234,0.000207,0.00023,0,0
DOGE.V,D,20170106,000000,0.00023,0.000238,0.000225,0.000238,0,0
DOGE.V,D,20170107,000000,0.000373,0.000373,0.000217,0.000217,0,0
DOGE.V,D,20170108,000000,0.000217,0.000223,0.000217,0.000222,0,0
DOGE.V,D,20170109,000000,0.000225,0.000234,0.000218,0.000222,0,0
DOGE.V,D,20170110,000000,0.000223,0.000223,0.000217,0.000221,0,0
DOGE.V,D,20170111,000000,0.000221,0.000229,0.000217,0.000225,0,0
DOGE.V,D,20170112,000000,0.000225,0.000225,0.000207,0.000207,0,0
DOGE.V,D,20170113,000000,0.00021,0.00022,0.000205,0.00022,0,0
DOGE.V,D,20170114,000000,0.000204,0.000204,0.000202,0.000202,0,0
DOGE.V,D,20170115,000000,0.000202,0.000222,0.000202,0.000205,0,0
DOGE.V,D,20170116,000000,0.000225,0.000225,0.000215,0.000215,0,0
DOGE.V,D,20170117,000000,0.000215,0.000215,0.000215,0.000215,0,0
DOGE.V,D,20170118,000000,0.000215,0.000215,0.00021,0.00021,0,0
DOGE.V,D,20170119,000000,0.000212,0.000212,0.000206,0.000206,0,0
DOGE.V,D,20170120,000000,0.000206,0.000218,0.000206,0.00021,0,0
DOGE.V,D,20170121,000000,0.000212,0.000212,0.000207,0.000207,0,0
DOGE.V,D,20170122,000000,0.00021,0.000219,0.0002,0.0002,0,0
DOGE.V,D,20170123,000000,0.0002,0.000214,0.0002,0.000205,0,0
DOGE.V,D,20170124,000000,0.000204,0.000212,0.000204,0.00021,0,0
DOGE.V,D,20170125,000000,0.000212,0.000215,0.00021,0.00021,0,0
DOGE.V,D,20170126,000000,0.00021,0.000372,0.00019,0.000372,0,0
DOGE.V,D,20170127,000000,0.00021,0.000217,0.000202,0.000204,0,0
DOGE.V,D,20170128,000000,0.000207,0.000209,0.000207,0.000208,0,0
DOGE.V,D,20170129,000000,0.000208,0.00022,0.000208,0.00021,0,0
DOGE.V,D,20170130,000000,0.000209,0.000219,0.000204,0.000204,0,0
DOGE.V,D,20170131,000000,0.00022,0.00022,0.000207,0.00021,0,0
DOGE.V,D,20170201,000000,0.00021,0.00021,0.000206,0.000209,0,0
DOGE.V,D,20170202,000000,0.00021,0.00021,0.000208,0.000208,0,0
DOGE.V,D,20170203,000000,0.000209,0.000211,0.000204,0.000208,0,0
DOGE.V,D,20170204,000000,0.000208,0.00021,0.000204,0.000206,0,0
DOGE.V,D,20170205,000000,0.000206,0.000223,0.000206,0.000223,0,0
DOGE.V,D,20170206,000000,0.00021,0.000212,0.000205,0.000205,0,0
DOGE.V,D,20170207,000000,0.000205,0.000218,0.000205,0.000209,0,0
DOGE.V,D,20170208,000000,0.00021,0.00021,0.000208,0.00021,0,0
DOGE.V,D,20170209,000000,0.00021,0.000215,0.000201,0.000201,0,0
DOGE.V,D,20170210,000000,0.000206,0.00022,0.000205,0.000208,0,0
DOGE.V,D,20170211,000000,0.000208,0.000225,0.000208,0.000211,0,0
DOGE.V,D,20170212,000000,0.000211,0.000215,0.000205,0.000205,0,0
DOGE.V,D,20170213,000000,0.000205,0.000215,0.000205,0.000205,0,0
DOGE.V,D,20170214,000000,0.000207,0.00021,0.000206,0.000208,0,0
DOGE.V,D,20170215,000000,0.000208,0.000208,0.000205,0.000206,0,0
DOGE.V,D,20170216,000000,0.000206,0.000206,0.000206,0.000206,0,0
DOGE.V,D,20170217,000000,0.000206,0.000221,0.000205,0.000217,0,0
DOGE.V,D,20170218,000000,0.000217,0.000217,0.000201,0.000201,0,0
DOGE.V,D,20170219,000000,0.000201,0.000201,0.000201,0.000201,0,0
DOGE.V,D,20170220,000000,0.000201,0.000214,0.000201,0.000205,0,0
DOGE.V,D,20170221,000000,0.000205,0.00021,0.000202,0.00021,0,0
DOGE.V,D,20170222,000000,0.000121,0.000203,0.000121,0.000201,0,0
DOGE.V,D,20170223,000000,0.000201,0.000207,0.0002,0.000204,0,0
DOGE.V,D,20170224,000000,0.000204,0.000205,0.0002,0.000202,0,0
DOGE.V,D,20170225,000000,0.000202,0.000204,0.0002,0.000201,0,0
DOGE.V,D,20170226,000000,0.000201,0.000202,0.0002,0.000201,0,0
DOGE.V,D,20170227,000000,0.000201,0.000204,0.000201,0.000204,0,0
DOGE.V,D,20170228,000000,0.000204,0.000204,0.000201,0.000202,0,0
DOGE.V,D,20170301,000000,0.000202,0.000206,0.000198,0.000199,0,0
DOGE.V,D,20170302,000000,0.000199,0.000206,0.000193,0.000195,0,0
DOGE.V,D,20170303,000000,0.000195,0.000201,0.000194,0.000199,0,0
DOGE.V,D,20170304,000000,0.000199,0.0002,0.000197,0.000197,0,0
DOGE.V,D,20170305,000000,0.000197,0.000206,0.000197,0.000204,0,0
DOGE.V,D,20170306,000000,0.000204,0.000208,0.000201,0.000202,0,0
DOGE.V,D,20170307,000000,0.000202,0.000208,0.000202,0.000202,0,0
DOGE.V,D,20170308,000000,0.000202,0.000208,0.000202,0.000202,0,0
DOGE.V,D,20170309,000000,0.000202,0.000208,0.000202,0.000206,0,0
DOGE.V,D,20170310,000000,0.000206,0.000212,0.000205,0.000211,0,0
DOGE.V,D,20170311,000000,0.000211,0.000211,0.000197,0.000199,0,0
DOGE.V,D,20170312,000000,0.000199,0.000208,0.000198,0.000203,0,0
DOGE.V,D,20170313,000000,0.000203,0.00022,0.000201,0.00022,0,0
DOGE.V,D,20170314,000000,0.00022,0.000247,0.00022,0.000238,0,0
DOGE.V,D,20170315,000000,0.000238,0.000241,0.00022,0.00022,0,0
DOGE.V,D,20170316,000000,0.00022,0.000232,0.00022,0.000228,0,0
DOGE.V,D,20170317,000000,0.000228,0.000235,0.000223,0.000226,0,0
DOGE.V,D,20170318,000000,0.000226,0.000227,0.000209,0.00021,0,0
DOGE.V,D,20170319,000000,0.00021,0.000228,0.000209,0.000221,0,0
DOGE.V,D,20170320,000000,0.000221,0.000235,0.00021,0.000217,0,0
DOGE.V,D,20170321,000000,0.000217,0.00024,0.000212,0.00023,0,0
DOGE.V,D,20170322,000000,0.00023,0.000244,0.00023,0.000243,0,0
DOGE.V,D,20170323,000000,0.000243,0.000243,0.000233,0.000241,0,0
DOGE.V,D,20170324,000000,0.000241,0.000302,0.000236,0.000276,0,0
DOGE.V,D,20170325,000000,0.000276,0.000298,0.000257,0.000298,0,0
DOGE.V,D,20170326,000000,0.000298,0.000327,0.000282,0.000289,0,0
DOGE.V,D,20170327,000000,0.000289,0.000296,0.000239,0.000256,0,0
DOGE.V,D,20170328,000000,0.000256,0.000272,0.00025,0.000267,0,0
DOGE.V,D,20170329,000000,0.000267,0.00028,0.00026,0.000265,0,0
DOGE.V,D,20170330,000000,0.000265,0.00032,0.00026,0.000312,0,0
DOGE.V,D,20170331,000000,0.000312,0.000407,0.000308,0.000339,0,0
DOGE.V,D,20170401,000000,0.000339,0.000363,0.000321,0.000335,0,0
DOGE.V,D,20170402,000000,0.000335,0.00057,0.000319,0.000517,0,0
DOGE.V,D,20170403,000000,0.000517,0.000623,0.000424,0.00043,0,0
DOGE.V,D,20170404,000000,0.00043,0.000496,0.000421,0.00043,0,0
DOGE.V,D,20170405,000000,0.00043,0.00045,0.000414,0.000439,0,0
DOGE.V,D,20170406,000000,0.000439,0.00048,0.00043,0.000444,0,0
DOGE.V,D,20170407,000000,0.000444,0.000452,0.000398,0.000399,0,0
DOGE.V,D,20170408,000000,0.000399,0.000437,0.000399,0.000424,0,0
DOGE.V,D,20170409,000000,0.000424,0.00044,0.000366,0.00039,0,0
DOGE.V,D,20170410,000000,0.00039,0.000395,0.000371,0.000385,0,0
DOGE.V,D,20170411,000000,0.000385,0.0004,0.000374,0.000398,0,0
DOGE.V,D,20170412,000000,0.000398,0.0004,0.000373,0.000394,0,0
DOGE.V,D,20170413,000000,0.000394,0.000446,0.000393,0.000436,0,0
DOGE.V,D,20170414,000000,0.000436,0.000469,0.000417,0.000451,0,0
DOGE.V,D,20170415,000000,0.000451,0.000453,0.000396,0.000428,0,0
DOGE.V,D,20170416,000000,0.000428,0.00046,0.000417,0.00044,0,0
DOGE.V,D,20170417,000000,0.00044,0.00046,0.00043,0.00043,0,0
DOGE.V,D,20170418,000000,0.00043,0.000473,0.00043,0.000466,0,0
DOGE.V,D,20170419,000000,0.000466,0.000475,0.000411,0.00044,0,0
DOGE.V,D,20170420,000000,0.00044,0.000467,0.000438,0.000456,0,0
DOGE.V,D,20170421,000000,0.000456,0.000461,0.000438,0.000446,0,0
DOGE.V,D,20170422,000000,0.000446,0.00046,0.000438,0.000455,0,0
DOGE.V,D,20170423,000000,0.000455,0.000558,0.00044,0.000521,0,0
DOGE.V,D,20170424,000000,0.000521,0.000521,0.00049,0.000508,0,0
DOGE.V,D,20170425,000000,0.000508,0.00053,0.0005,0.000525,0,0
DOGE.V,D,20170426,000000,0.000525,0.00055,0.00049,0.000538,0,0
DOGE.V,D,20170427,000000,0.000538,0.000551,0.00052,0.000544,0,0
DOGE.V,D,20170428,000000,0.000544,0.000719,0.000544,0.000674,0,0
DOGE.V,D,20170429,000000,0.000674,0.0008,0.000665,0.000747,0,0
DOGE.V,D,20170430,000000,0.000747,0.00078,0.000726,0.000726,0,0
DOGE.V,D,20170501,000000,0.000726,0.00075,0.000579,0.000661,0,0
DOGE.V,D,20170502,000000,0.000661,0.00067,0.00055,0.000634,0,0
DOGE.V,D,20170503,000000,0.000634,0.00065,0.000588,0.000638,0,0
DOGE.V,D,20170504,000000,0.000638,0.000774,0.00063,0.000726,0,0
DOGE.V,D,20170505,000000,0.000726,0.000854,0.000686,0.000798,0,0
DOGE.V,D,20170506,000000,0.000798,0.001058,0.000789,0.001,0,0
DOGE.V,D,20170507,000000,0.001,0.001505,0.001,0.001302,0,0
DOGE.V,D,20170508,000000,0.001302,0.001437,0.001253,0.001374,0,0
DOGE.V,D,20170509,000000,0.001374,0.001416,0.00107,0.001165,0,0
DOGE.V,D,20170510,000000,0.001165,0.001313,0.001151,0.001255,0,0
DOGE.V,D,20170511,000000,0.001255,0.001255,0.001093,0.001225,0,0
DOGE.V,D,20170512,000000,0.00128,0.001601,0.00114,0.00128,0,0
DOGE.V,D,20170513,000000,0.001225,0.001225,0.001123,0.001137,0,0
DOGE.V,D,20170514,000000,0.001137,0.0012,0.001098,0.001161,0,0
DOGE.V,D,20170515,000000,0.001161,0.001161,0.001095,0.001131,0,0
DOGE.V,D,20170516,000000,0.001131,0.00114,0.000976,0.00104,0,0
DOGE.V,D,20170517,000000,0.00104,0.00138,0.00099,0.001267,0,0
DOGE.V,D,20170518,000000,0.001267,0.0017,0.00126,0.001424,0,0
DOGE.V,D,20170519,000000,0.001424,0.001475,0.001385,0.001439,0,0
DOGE.V,D,20170520,000000,0.001439,0.00178,0.001439,0.001751,0,0
DOGE.V,D,20170521,000000,0.001751,0.00295,0.001751,0.002878,0,0
DOGE.V,D,20170522,000000,0.002878,0.0039,0.00261,0.003329,0,0
DOGE.V,D,20170523,000000,0.003329,0.0039,0.0029,0.003417,0,0
DOGE.V,D,20170524,000000,0.003417,0.003891,0.00318,0.003439,0,0
DOGE.V,D,20170525,000000,0.003439,0.003524,0.003,0.0031,0,0
DOGE.V,D,20170526,000000,0.0031,0.003184,0.002922,0.00315,0,0
DOGE.V,D,20170527,000000,0.00315,0.00315,0.002,0.002424,0,0
DOGE.V,D,20170528,000000,0.002424,0.003019,0.0023,0.002372,0,0
DOGE.V,D,20170529,000000,0.002372,0.0029,0.002242,0.002646,0,0
DOGE.V,D,20170530,000000,0.002646,0.00284,0.0026,0.00268,0,0
DOGE.V,D,20170531,000000,0.00268,0.00268,0.002301,0.002421,0,0
DOGE.V,D,20170601,000000,0.002421,0.002691,0.002418,0.002621,0,0
DOGE.V,D,20170602,000000,0.002621,0.003463,0.002521,0.002871,0,0
DOGE.V,D,20170603,000000,0.002871,0.00331,0.002682,0.003209,0,0
DOGE.V,D,20170604,000000,0.003209,0.003762,0.002553,0.003762,0,0
DOGE.V,D,20170605,000000,0.003762,0.003825,0.002925,0.003776,0,0
DOGE.V,D,20170606,000000,0.003776,0.003776,0.003298,0.003535,0,0
DOGE.V,D,20170607,000000,0.003535,0.003842,0.003154,0.003295,0,0
DOGE.V,D,20170608,000000,0.003295,0.003499,0.003086,0.003386,0,0
DOGE.V,D,20170609,000000,0.003386,0.003625,0.003292,0.00336,0,0
DOGE.V,D,20170610,000000,0.00336,0.00348,0.003124,0.003124,0,0
DOGE.V,D,20170611,000000,0.003124,0.003498,0.003042,0.003449,0,0
DOGE.V,D,20170612,000000,0.003449,0.003468,0.002716,0.003,0,0
DOGE.V,D,20170613,000000,0.003,0.003392,0.002966,0.003276,0,0
DOGE.V,D,20170614,000000,0.003276,0.003377,0.002739,0.003038,0,0
DOGE.V,D,20170615,000000,0.003038,0.003122,0.002544,0.003066,0,0
DOGE.V,D,20170616,000000,0.003066,0.003194,0.002752,0.00305,0,0
DOGE.V,D,20170617,000000,0.00305,0.003303,0.002932,0.003193,0,0
DOGE.V,D,20170618,000000,0.003193,0.003226,0.002932,0.003066,0,0
DOGE.V,D,20170619,000000,0.003066,0.003211,0.002933,0.003098,0,0
DOGE.V,D,20170620,000000,0.003098,0.00323,0.00304,0.003133,0,0
DOGE.V,D,20170621,000000,0.003133,0.003229,0.002825,0.002964,0,0
DOGE.V,D,20170622,000000,0.002964,0.003151,0.00285,0.003014,0,0
DOGE.V,D,20170623,000000,0.003014,0.003131,0.002941,0.00304,0,0
DOGE.V,D,20170624,000000,0.00304,0.003146,0.002712,0.002822,0,0
DOGE.V,D,20170625,000000,0.002822,0.003156,0.002378,0.002684,0,0
DOGE.V,D,20170626,000000,0.002684,0.002885,0.002235,0.00251,0,0
DOGE.V,D,20170627,000000,0.00251,0.002682,0.002233,0.002455,0,0
DOGE.V,D,20170628,000000,0.002455,0.002821,0.002446,0.002685,0,0
DOGE.V,D,20170629,000000,0.002685,0.002791,0.002474,0.00261,0,0
DOGE.V,D,20170630,000000,0.00261,0.002688,0.002473,0.002555,0,0
DOGE.V,D,20170701,000000,0.002555,0.002562,0.002173,0.002215,0,0
DOGE.V,D,20170702,000000,0.002215,0.002516,0.002163,0.002439,0,0
DOGE.V,D,20170703,000000,0.002439,0.002558,0.002269,0.00251,0,0
DOGE.V,D,20170704,000000,0.00251,0.002643,0.002436,0.002522,0,0
DOGE.V,D,20170705,000000,0.002522,0.002719,0.00237,0.00265,0,0
DOGE.V,D,20170706,000000,0.00265,0.00275,0.002568,0.002663,0,0
DOGE.V,D,20170707,000000,0.002663,0.002667,0.00236,0.002383,0,0
DOGE.V,D,20170708,000000,0.002383,0.002487,0.002168,0.002376,0,0
DOGE.V,D,20170709,000000,0.002376,0.002446,0.002237,0.002285,0,0
DOGE.V,D,20170710,000000,0.002285,0.002352,0.001862,0.001982,0,0
DOGE.V,D,20170711,000000,0.001982,0.0021,0.001621,0.001801,0,0
DOGE.V,D,20170712,000000,0.001801,0.002019,0.001742,0.001868,0,0
DOGE.V,D,20170713,000000,0.001868,0.002047,0.001733,0.001796,0,0
DOGE.V,D,20170714,000000,0.001796,0.001851,0.001558,0.001658,0,0
DOGE.V,D,20170715,000000,0.001658,0.001658,0.001446,0.001466,0,0
DOGE.V,D,20170716,000000,0.001466,0.001558,0.001224,0.001286,0,0
DOGE.V,D,20170717,000000,0.001286,0.001562,0.001284,0.001562,0,0
DOGE.V,D,20170718,000000,0.001562,0.001953,0.00143,0.001809,0,0
DOGE.V,D,20170719,000000,0.001809,0.002039,0.001622,0.001659,0,0
DOGE.V,D,20170720,000000,0.001659,0.001953,0.001614,0.001892,0,0
DOGE.V,D,20170721,000000,0.001892,0.002016,0.00183,0.001915,0,0
DOGE.V,D,20170722,000000,0.001915,0.002099,0.00186,0.00197,0,0
DOGE.V,D,20170723,000000,0.00197,0.002159,0.001959,0.001993,0,0
DOGE.V,D,20170724,000000,0.001993,0.002052,0.001903,0.002023,0,0
DOGE.V,D,20170725,000000,0.002023,0.002039,0.001685,0.00176,0,0
DOGE.V,D,20170726,000000,0.00176,0.001866,0.001668,0.001785,0,0
DOGE.V,D,20170727,000000,0.001785,0.001912,0.001731,0.001846,0,0
DOGE.V,D,20170728,000000,0.001846,0.001848,0.001696,0.001768,0,0
DOGE.V,D,20170729,000000,0.001768,0.001787,0.001626,0.001743,0,0
DOGE.V,D,20170730,000000,0.001743,0.001781,0.001621,0.001684,0,0
DOGE.V,D,20170731,000000,0.001684,0.001813,0.001613,0.001647,0,0
DOGE.V,D,20170801,000000,0.001647,0.001808,0.001594,0.00178,0,0
DOGE.V,D,20170802,000000,0.00178,0.001924,0.001677,0.001785,0,0
DOGE.V,D,20170803,000000,0.001785,0.001849,0.001656,0.001762,0,0
DOGE.V,D,20170804,000000,0.001762,0.001834,0.001689,0.001777,0,0
DOGE.V,D,20170805,000000,0.001777,0.002068,0.001756,0.002011,0,0
DOGE.V,D,20170806,000000,0.002011,0.002144,0.001801,0.001935,0,0
DOGE.V,D,20170807,000000,0.001935,0.002019,0.001858,0.001881,0,0
DOGE.V,D,20170808,000000,0.001881,0.002018,0.001881,0.001965,0,0
DOGE.V,D,20170809,000000,0.001965,0.001983,0.001853,0.001914,0,0
DOGE.V,D,20170810,000000,0.001914,0.00218,0.001843,0.001934,0,0
DOGE.V,D,20170811,000000,0.001934,0.001957,0.0018,0.001871,0,0
DOGE.V,D,20170812,000000,0.001871,0.001998,0.001745,0.001854,0,0
DOGE.V,D,20170813,000000,0.001854,0.001883,0.001405,0.001779,0,0
DOGE.V,D,20170814,000000,0.001779,0.001909,0.001688,0.001754,0,0
DOGE.V,D,20170815,000000,0.001754,0.001813,0.001591,0.001699,0,0
DOGE.V,D,20170816,000000,0.001699,0.001818,0.001663,0.001707,0,0
DOGE.V,D,20170817,000000,0.001707,0.001775,0.001608,0.001695,0,0
DOGE.V,D,20170818,000000,0.001695,0.001725,0.001609,0.00168,0,0
DOGE.V,D,20170819,000000,0.00168,0.001719,0.00159,0.001668,0,0
DOGE.V,D,20170820,000000,0.001668,0.001724,0.001595,0.001668,0,0
DOGE.V,D,20170821,000000,0.001668,0.001742,0.001638,0.001677,0,0
DOGE.V,D,20170822,000000,0.001677,0.001733,0.001589,0.001699,0,0
DOGE.V,D,20170823,000000,0.001699,0.001912,0.001678,0.001746,0,0
DOGE.V,D,20170824,000000,0.001746,0.001872,0.001668,0.001804,0,0
DOGE.V,D,20170825,000000,0.001804,0.001843,0.00169,0.001724,0,0
DOGE.V,D,20170826,000000,0.001724,0.001799,0.001644,0.001752,0,0
DOGE.V,D,20170827,000000,0.001752,0.001808,0.00171,0.001755,0,0
DOGE.V,D,20170828,000000,0.001755,0.00184,0.001703,0.001794,0,0
DOGE.V,D,20170829,000000,0.001794,0.00195,0.001777,0.001891,0,0
DOGE.V,D,20170830,000000,0.001891,0.002333,0.001777,0.002119,0,0
DOGE.V,D,20170831,000000,0.002119,0.00223,0.001963,0.0021,0,0
DOGE.V,D,20170901,000000,0.0021,0.0025,0.002048,0.002492,0,0
DOGE.V,D,20170902,000000,0.002492,0.002853,0.002117,0.002179,0,0
DOGE.V,D,20170903,000000,0.002179,0.002451,0.002089,0.00216,0,0
DOGE.V,D,20170904,000000,0.00216,0.00218,0.001833,0.001871,0,0
DOGE.V,D,20170905,000000,0.001879,0.002061,0.001708,0.002023,0,0
DOGE.V,D,20170906,000000,0.002023,0.002122,0.0019,0.002031,0,0
DOGE.V,D,20170907,000000,0.002031,0.002098,0.001954,0.002,0,0
DOGE.V,D,20170908,000000,0.002,0.002042,0.001713,0.0018,0,0
DOGE.V,D,20170909,000000,0.0018,0.001872,0.001672,0.001728,0,0
DOGE.V,D,20170910,000000,0.001728,0.001738,0.0014,0.001544,0,0
DOGE.V,D,20170911,000000,0.001544,0.001596,0.00147,0.001522,0,0
DOGE.V,D,20170912,000000,0.001522,0.001689,0.001457,0.001493,0,0
DOGE.V,D,20170913,000000,0.001493,0.001507,0.001299,0.001404,0,0
DOGE.V,D,20170914,000000,0.001404,0.001489,0.00095,0.000953,0,0
DOGE.V,D,20170915,000000,0.000953,0.00103,0.000669,0.000965,0,0
DOGE.V,D,20170916,000000,0.000965,0.00102,0.00081,0.000914,0,0
DOGE.V,D,20170917,000000,0.000914,0.000918,0.000786,0.000865,0,0
DOGE.V,D,20170918,000000,0.000865,0.00099,0.000865,0.00094,0,0
DOGE.V,D,20170919,000000,0.00094,0.001252,0.00084,0.000876,0,0
DOGE.V,D,20170920,000000,0.000876,0.00097,0.000815,0.000838,0,0
DOGE.V,D,20170921,000000,0.000838,0.000848,0.000717,0.000776,0,0
DOGE.V,D,20170922,000000,0.000776,0.000793,0.00069,0.000774,0,0
DOGE.V,D,20170923,000000,0.000774,0.000965,0.000757,0.000944,0,0
DOGE.V,D,20170924,000000,0.000944,0.00099,0.000854,0.00089,0,0
DOGE.V,D,20170925,000000,0.00089,0.001224,0.000881,0.001146,0,0
DOGE.V,D,20170926,000000,0.001146,0.001201,0.001045,0.00115,0,0
DOGE.V,D,20170927,000000,0.00115,0.001283,0.001123,0.001159,0,0
DOGE.V,D,20170928,000000,0.001159,0.001239,0.001061,0.001109,0,0
DOGE.V,D,20170929,000000,0.001109,0.001121,0.000988,0.001089,0,0
DOGE.V,D,20170930,000000,0.001089,0.001171,0.001084,0.001168,0,0
DOGE.V,D,20171001,000000,0.001168,0.001169,0.0009,0.001076,0,0
DOGE.V,D,20171002,000000,0.001076,0.001112,0.001042,0.001051,0,0
DOGE.V,D,20171003,000000,0.001051,0.001077,0.00099,0.001023,0,0
DOGE.V,D,20171004,000000,0.001023,0.001098,0.001004,0.001014,0,0
DOGE.V,D,20171005,000000,0.001014,0.001033,0.000958,0.001007,0,0
DOGE.V,D,20171006,000000,0.001007,0.001046,0.000979,0.001024,0,0
DOGE.V,D,20171007,000000,0.001024,0.001048,0.000999,0.001042,0,0
DOGE.V,D,20171008,000000,0.001042,0.001071,0.001028,0.00106,0,0
DOGE.V,D,20171009,000000,0.00106,0.00106,0.000961,0.000976,0,0
DOGE.V,D,20171010,000000,0.000976,0.001027,0.000956,0.000999,0,0
DOGE.V,D,20171011,000000,0.000999,0.00105,0.000975,0.001036,0,0
DOGE.V,D,20171012,000000,0.001036,0.001091,0.00103,0.001051,0,0
DOGE.V,D,20171013,000000,0.001051,0.001087,0.000984,0.00102,0,0
DOGE.V,D,20171014,000000,0.00102,0.001116,0.001009,0.001067,0,0
DOGE.V,D,20171015,000000,0.001067,0.001099,0.00099,0.001079,0,0
DOGE.V,D,20171016,000000,0.00108,0.001169,0.00103,0.001152,0,0
DOGE.V,D,20171017,000000,0.001151,0.001155,0.001056,0.001066,0,0
DOGE.V,D,20171018,000000,0.001066,0.00109,0.000981,0.001055,0,0
DOGE.V,D,20171019,000000,0.001052,0.001079,0.001038,0.001069,0,0
DOGE.V,D,20171020,000000,0.001069,0.001083,0.00102,0.001037,0,0
DOGE.V,D,20171021,000000,0.00104,0.001055,0.000932,0.00098,0,0
DOGE.V,D,20171022,000000,0.00098,0.00106,0.00096,0.001016,0,0
DOGE.V,D,20171023,000000,0.001013,0.001046,0.000966,0.00101,0,0
DOGE.V,D,20171024,000000,0.00101,0.001117,0.00095,0.00106,0,0
DOGE.V,D,20171025,000000,0.00106,0.0011,0.001001,0.001079,0,0
DOGE.V,D,20171026,000000,0.001079,0.001083,0.001019,0.00106,0,0
DOGE.V,D,20171027,000000,0.00106,0.00107,0.00102,0.001042,0,0
DOGE.V,D,20171028,000000,0.001042,0.001048,0.000991,0.001014,0,0
DOGE.V,D,20171029,000000,0.001014,0.001182,0.001,0.001181,0,0
DOGE.V,D,20171030,000000,0.001181,0.001182,0.0011,0.00116,0,0
DOGE.V,D,20171031,000000,0.00116,0.001178,0.001066,0.00115,0,0
DOGE.V,D,20171101,000000,0.001147,0.00118,0.00109,0.001125,0,0
DOGE.V,D,20171102,000000,0.001125,0.00116,0.001045,0.00112,0,0
DOGE.V,D,20171103,000000,0.00112,0.001158,0.001091,0.001133,0,0
DOGE.V,D,20171104,000000,0.001133,0.001194,0.001107,0.001179,0,0
DOGE.V,D,20171105,000000,0.001179,0.001225,0.001151,0.001165,0,0
DOGE.V,D,20171106,000000,0.001169,0.00121,0.001092,0.001143,0,0
DOGE.V,D,20171107,000000,0.001143,0.00119,0.001136,0.001168,0,0
DOGE.V,D,20171108,000000,0.001169,0.001239,0.001132,0.001193,0,0
DOGE.V,D,20171109,000000,0.001191,0.0014,0.001173,0.001385,0,0
DOGE.V,D,20171110,000000,0.001392,0.0014,0.00113,0.001158,0,0
DOGE.V,D,20171111,000000,0.001158,0.00123,0.001125,0.001171,0,0
DOGE.V,D,20171112,000000,0.001172,0.001172,0.001023,0.00106,0,0
DOGE.V,D,20171113,000000,0.00106,0.0012,0.001048,0.001161,0,0
DOGE.V,D,20171114,000000,0.001162,0.0012,0.001129,0.00117,0,0
DOGE.V,D,20171115,000000,0.001171,0.001326,0.00117,0.001295,0,0
DOGE.V,D,20171116,000000,0.001295,0.001392,0.001266,0.00132,0,0
DOGE.V,D,20171117,000000,0.001353,0.001368,0.001208,0.001299,0,0
DOGE.V,D,20171118,000000,0.001298,0.001332,0.001255,0.00132,0,0
DOGE.V,D,20171119,000000,0.00132,0.001362,0.001302,0.001359,0,0
DOGE.V,D,20171120,000000,0.001362,0.0014,0.001283,0.001373,0,0
DOGE.V,D,20171121,000000,0.001373,0.001494,0.00128,0.001376,0,0
DOGE.V,D,20171122,000000,0.001376,0.002082,0.001356,0.001843,0,0
DOGE.V,D,20171123,000000,0.001837,0.002448,0.001642,0.001911,0,0
DOGE.V,D,20171124,000000,0.001905,0.002,0.001731,0.001899,0,0
DOGE.V,D,20171125,000000,0.001903,0.002079,0.00177,0.002074,0,0
DOGE.V,D,20171126,000000,0.002074,0.002147,0.001847,0.001954,0,0
DOGE.V,D,20171127,000000,0.001956,0.002028,0.001851,0.001965,0,0
DOGE.V,D,20171128,000000,0.001965,0.00236,0.001925,0.00236,0,0
DOGE.V,D,20171129,000000,0.00236,0.0027,0.001909,0.002044,0,0
DOGE.V,D,20171130,000000,0.002043,0.002408,0.001835,0.002053,0,0
DOGE.V,D,20171201,000000,0.002053,0.00224,0.001971,0.002127,0,0
DOGE.V,D,20171202,000000,0.002127,0.002172,0.002041,0.002073,0,0
DOGE.V,D,20171203,000000,0.002073,0.002339,0.001978,0.002186,0,0
DOGE.V,D,20171204,000000,0.002186,0.00245,0.002131,0.002437,0,0
DOGE.V,D,20171205,000000,0.002439,0.00265,0.002394,0.002463,0,0
DOGE.V,D,20171206,000000,0.002467,0.0026,0.002202,0.002586,0,0
DOGE.V,D,20171207,000000,0.002586,0.002778,0.00238,0.002666,0,0
DOGE.V,D,20171208,000000,0.002666,0.00286,0.002304,0.002698,0,0
DOGE.V,D,20171209,000000,0.002692,0.00273,0.002221,0.002562,0,0
DOGE.V,D,20171210,000000,0.002564,0.002686,0.002201,0.002524,0,0
DOGE.V,D,20171211,000000,0.002519,0.0028,0.002377,0.002646,0,0
DOGE.V,D,20171212,000000,0.002646,0.003434,0.00258,0.003127,0,0
DOGE.V,D,20171213,000000,0.003126,0.0039,0.00301,0.003387,0,0
DOGE.V,D,20171214,000000,0.003382,0.003899,0.003301,0.003609,0,0
DOGE.V,D,20171215,000000,0.003591,0.00375,0.003417,0.003658,0,0
DOGE.V,D,20171216,000000,0.003659,0.0068,0.00361,0.005641,0,0
DOGE.V,D,20171217,000000,0.005634,0.007804,0.005306,0.005841,0,0
DOGE.V,D,20171218,000000,0.005841,0.007,0.005582,0.00627,0,0
DOGE.V,D,20171219,000000,0.00627,0.0067,0.005222,0.005409,0,0
DOGE.V,D,20171220,000000,0.005409,0.006998,0.004529,0.006376,0,0
DOGE.V,D,20171221,000000,0.006392,0.008765,0.006112,0.0075,0,0
DOGE.V,D,20171222,000000,0.007496,0.007619,0.004282,0.006071,0,0
DOGE.V,D,20171223,000000,0.006071,0.00787,0.005682,0.006951,0,0
DOGE.V,D,20171224,000000,0.006949,0.008583,0.005503,0.008356,0,0
DOGE.V,D,20171225,000000,0.008356,0.01102,0.008124,0.008643,0,0
DOGE.V,D,20171226,000000,0.008648,0.009686,0.008,0.009379,0,0
DOGE.V,D,20171227,000000,0.009332,0.0096,0.00809,0.008843,0,0
DOGE.V,D,20171228,000000,0.008861,0.008869,0.007221,0.008247,0,0
DOGE.V,D,20171229,000000,0.008244,0.00945,0.007577,0.009223,0,0
DOGE.V,D,20171230,000000,0.009228,0.0094,0.00699,0.007672,0,0
DOGE.V,D,20171231,000000,0.007672,0.0091,0.0075,0.008927,0,0
DOGE.V,D,20180101,000000,0.008927,0.00899,0.007961,0.008691,0,0
DOGE.V,D,20180102,000000,0.008678,0.009878,0.008316,0.008961,0,0
DOGE.V,D,20180103,000000,0.009,0.009345,0.00834,0.009218,0,0
DOGE.V,D,20180104,000000,0.009205,0.0103,0.008561,0.009613,0,0
DOGE.V,D,20180105,000000,0.009613,0.01395,0.009434,0.01264,0,0
DOGE.V,D,20180106,000000,0.01255,0.0175,0.01201,0.01464,0,0
DOGE.V,D,20180107,000000,0.01463,0.019,0.014,0.017,0,0
DOGE.V,D,20180108,000000,0.017,0.02121,0.01303,0.01472,0,0
DOGE.V,D,20180109,000000,0.01477,0.01607,0.012,0.0131,0,0
DOGE.V,D,20180110,000000,0.0131,0.01363,0.01052,0.01283,0,0
DOGE.V,D,20180111,000000,0.01287,0.015,0.0101,0.01119,0,0
DOGE.V,D,20180112,000000,0.01119,0.01323,0.0107,0.01257,0,0
DOGE.V,D,20180113,000000,0.01269,0.0134,0.01164,0.01226,0,0
DOGE.V,D,20180114,000000,0.01226,0.01256,0.01056,0.01124,0,0
DOGE.V,D,20180115,000000,0.01124,0.01145,0.009678,0.00973,0,0
DOGE.V,D,20180116,000000,0.009701,0.009757,0.005549,0.006551,0,0
DOGE.V,D,20180117,000000,0.006562,0.0085,0.0054,0.007626,0,0
DOGE.V,D,20180118,000000,0.007623,0.009311,0.007051,0.00753,0,0
DOGE.V,D,20180119,000000,0.007538,0.0087,0.007,0.007787,0,0
DOGE.V,D,20180120,000000,0.007779,0.008654,0.0076,0.008355,0,0
DOGE.V,D,20180121,000000,0.008359,0.008385,0.006751,0.006982,0,0
DOGE.V,D,20180122,000000,0.006982,0.0077,0.0061,0.00665,0,0
DOGE.V,D,20180123,000000,0.00665,0.007492,0.0059,0.00662,0,0
DOGE.V,D,20180124,000000,0.006609,0.007251,0.006365,0.007251,0,0
DOGE.V,D,20180125,000000,0.007249,0.008176,0.007038,0.007483,0,0
DOGE.V,D,20180126,000000,0.007485,0.008295,0.006506,0.007041,0,0
DOGE.V,D,20180127,000000,0.007041,0.0075,0.006896,0.0074,0,0
DOGE.V,D,20180128,000000,0.0074,0.0078,0.00731,0.007556,0,0
DOGE.V,D,20180129,000000,0.007571,0.007649,0.006869,0.006889,0,0
DOGE.V,D,20180130,000000,0.006889,0.006984,0.005876,0.006163,0,0
DOGE.V,D,20180131,000000,0.006163,0.006223,0.0057,0.005885,0,0
DOGE.V,D,20180201,000000,0.005885,0.006067,0.004808,0.005037,0,0
DOGE.V,D,20180202,000000,0.005033,0.005147,0.003264,0.004456,0,0
DOGE.V,D,20180203,000000,0.004456,0.005464,0.004207,0.005153,0,0
DOGE.V,D,20180204,000000,0.005131,0.005322,0.004168,0.004438,0,0
DOGE.V,D,20180205,000000,0.004438,0.004565,0.003384,0.003516,0,0
DOGE.V,D,20180206,000000,0.003516,0.004496,0.00296,0.004335,0,0
DOGE.V,D,20180207,000000,0.004333,0.004781,0.003908,0.004502,0,0
DOGE.V,D,20180208,000000,0.004502,0.004839,0.004199,0.004545,0,0
DOGE.V,D,20180209,000000,0.004545,0.005011,0.0044,0.004886,0,0
DOGE.V,D,20180210,000000,0.004886,0.005541,0.004714,0.004983,0,0
DOGE.V,D,20180211,000000,0.004974,0.005255,0.004562,0.005087,0,0
DOGE.V,D,20180212,000000,0.005087,0.005448,0.004909,0.005425,0,0
DOGE.V,D,20180213,000000,0.005424,0.005764,0.005241,0.005583,0,0
DOGE.V,D,20180214,000000,0.0056,0.006923,0.005553,0.006626,0,0
DOGE.V,D,20180215,000000,0.006634,0.00798,0.006625,0.007394,0,0
DOGE.V,D,20180216,000000,0.007409,0.007559,0.006448,0.007064,0,0
DOGE.V,D,20180217,000000,0.007052,0.00733,0.006809,0.006977,0,0
DOGE.V,D,20180218,000000,0.006977,0.007138,0.006342,0.006583,0,0
DOGE.V,D,20180219,000000,0.006585,0.006944,0.006411,0.006743,0,0
DOGE.V,D,20180220,000000,0.006743,0.008359,0.006402,0.007291,0,0
DOGE.V,D,20180221,000000,0.007294,0.007787,0.006563,0.006719,0,0
DOGE.V,D,20180222,000000,0.006719,0.007093,0.006276,0.006391,0,0
DOGE.V,D,20180223,000000,0.006391,0.00712,0.006014,0.006715,0,0
DOGE.V,D,20180224,000000,0.006727,0.006988,0.006208,0.006353,0,0
DOGE.V,D,20180225,000000,0.006353,0.006463,0.006029,0.0063,0,0
DOGE.V,D,20180226,000000,0.0063,0.006591,0.006074,0.006444,0,0
DOGE.V,D,20180227,000000,0.006444,0.006596,0.00626,0.006387,0,0
DOGE.V,D,20180228,000000,0.006387,0.00644,0.0061,0.006172,0,0
DOGE.V,D,20180301,000000,0.006172,0.006359,0.005989,0.006273,0,0
DOGE.V,D,20180302,000000,0.006273,0.006329,0.005549,0.005743,0,0
DOGE.V,D,20180303,000000,0.005744,0.005808,0.005185,0.005304,0,0
DOGE.V,D,20180304,000000,0.005318,0.005498,0.005234,0.005476,0,0
DOGE.V,D,20180305,000000,0.005477,0.005538,0.005254,0.005275,0,0
DOGE.V,D,20180306,000000,0.005275,0.005292,0.004511,0.004631,0,0
DOGE.V,D,20180307,000000,0.004626,0.00479,0.004131,0.004186,0,0
DOGE.V,D,20180308,000000,0.004184,0.004555,0.003984,0.004132,0,0
DOGE.V,D,20180309,000000,0.004132,0.004271,0.003795,0.004195,0,0
DOGE.V,D,20180310,000000,0.004195,0.004474,0.004047,0.00408,0,0
DOGE.V,D,20180311,000000,0.004079,0.004331,0.003941,0.004257,0,0
DOGE.V,D,20180312,000000,0.004257,0.004271,0.003902,0.004049,0,0
DOGE.V,D,20180313,000000,0.004049,0.004191,0.003929,0.00403,0,0
DOGE.V,D,20180314,000000,0.00403,0.004078,0.003664,0.003685,0,0
DOGE.V,D,20180315,000000,0.003685,0.003757,0.003399,0.003649,0,0
DOGE.V,D,20180316,000000,0.003644,0.003728,0.0035,0.003641,0,0
DOGE.V,D,20180317,000000,0.003641,0.003652,0.003331,0.003422,0,0
DOGE.V,D,20180318,000000,0.003421,0.003426,0.002899,0.003236,0,0
DOGE.V,D,20180319,000000,0.003236,0.003666,0.003215,0.003514,0,0
DOGE.V,D,20180320,000000,0.003514,0.003865,0.003461,0.003775,0,0
DOGE.V,D,20180321,000000,0.003775,0.003885,0.003701,0.003701,0,0
DOGE.V,D,20180322,000000,0.003703,0.003799,0.0035,0.003568,0,0
DOGE.V,D,20180323,000000,0.003568,0.003641,0.00342,0.003526,0,0
DOGE.V,D,20180324,000000,0.003526,0.003717,0.003526,0.003551,0,0
DOGE.V,D,20180325,000000,0.003559,0.00358,0.00344,0.003539,0,0
DOGE.V,D,20180326,000000,0.003537,0.003572,0.003149,0.0032,0,0
DOGE.V,D,20180327,000000,0.0032,0.00335,0.00312,0.003248,0,0
DOGE.V,D,20180328,000000,0.003247,0.003277,0.003128,0.003152,0,0
DOGE.V,D,20180329,000000,0.003152,0.003211,0.002883,0.002892,0,0
DOGE.V,D,20180330,000000,0.002897,0.003,0.002783,0.002873,0,0
DOGE.V,D,20180331,000000,0.002873,0.002947,0.002732,0.00285,0,0
DOGE.V,D,20180401,000000,0.002854,0.002877,0.0027,0.002803,0,0
DOGE.V,D,20180402,000000,0.002806,0.002936,0.00277,0.002835,0,0
DOGE.V,D,20180403,000000,0.002832,0.003112,0.002819,0.0031,0,0
DOGE.V,D,20180404,000000,0.003098,0.003131,0.002798,0.002814,0,0
DOGE.V,D,20180405,000000,0.002814,0.002867,0.002729,0.002787,0,0
DOGE.V,D,20180406,000000,0.002787,0.00287,0.002713,0.002747,0,0
DOGE.V,D,20180407,000000,0.002747,0.002921,0.002738,0.002897,0,0
DOGE.V,D,20180408,000000,0.002899,0.002942,0.002858,0.002872,0,0
DOGE.V,D,20180409,000000,0.002872,0.002991,0.00281,0.002828,0,0
DOGE.V,D,20180410,000000,0.002827,0.003195,0.002816,0.003165,0,0
DOGE.V,D,20180411,000000,0.003165,0.00362,0.003111,0.003466,0,0
DOGE.V,D,20180412,000000,0.003466,0.00381,0.003327,0.00376,0,0
DOGE.V,D,20180413,000000,0.00376,0.004446,0.003745,0.004088,0,0
DOGE.V,D,20180414,000000,0.004088,0.004327,0.004014,0.004254,0,0
DOGE.V,D,20180415,000000,0.004254,0.004785,0.004244,0.004746,0,0
DOGE.V,D,20180416,000000,0.004746,0.005065,0.004455,0.004729,0,0
DOGE.V,D,20180417,000000,0.004729,0.005041,0.00468,0.004933,0,0
DOGE.V,D,20180418,000000,0.004933,0.005611,0.004826,0.005611,0,0
DOGE.V,D,20180419,000000,0.005612,0.006043,0.005417,0.005924,0,0
DOGE.V,D,20180420,000000,0.005924,0.006133,0.00572,0.005856,0,0
DOGE.V,D,20180421,000000,0.005856,0.006,0.005268,0.005525,0,0
DOGE.V,D,20180422,000000,0.005525,0.005989,0.005411,0.005736,0,0
DOGE.V,D,20180423,000000,0.005736,0.005784,0.005579,0.005706,0,0
DOGE.V,D,20180424,000000,0.005706,0.005883,0.005662,0.005836,0,0
DOGE.V,D,20180425,000000,0.005836,0.005912,0.004973,0.00531,0,0
DOGE.V,D,20180426,000000,0.00531,0.005563,0.005,0.005502,0,0
DOGE.V,D,20180427,000000,0.005502,0.005805,0.005438,0.005478,0,0
DOGE.V,D,20180428,000000,0.005478,0.005656,0.00541,0.005464,0,0
DOGE.V,D,20180429,000000,0.005464,0.005608,0.005263,0.00547,0,0
DOGE.V,D,20180430,000000,0.00547,0.005538,0.005175,0.005279,0,0
DOGE.V,D,20180501,000000,0.005279,0.005316,0.004966,0.00514,0,0
DOGE.V,D,20180502,000000,0.00514,0.005359,0.005038,0.005321,0,0
DOGE.V,D,20180503,000000,0.005323,0.005683,0.005278,0.005503,0,0
DOGE.V,D,20180504,000000,0.005503,0.005593,0.005183,0.005337,0,0
DOGE.V,D,20180505,000000,0.005301,0.005391,0.005104,0.005198,0,0
DOGE.V,D,20180506,000000,0.005198,0.005269,0.004858,0.004912,0,0
DOGE.V,D,20180507,000000,0.004912,0.005046,0.004704,0.00496,0,0
DOGE.V,D,20180508,000000,0.00496,0.005414,0.004814,0.005252,0,0
DOGE.V,D,20180509,000000,0.005261,0.005339,0.004741,0.004986,0,0
DOGE.V,D,20180510,000000,0.005013,0.005197,0.004896,0.004976,0,0
DOGE.V,D,20180511,000000,0.004976,0.004976,0.00424,0.004335,0,0
DOGE.V,D,20180512,000000,0.004319,0.00448,0.004146,0.004253,0,0
DOGE.V,D,20180513,000000,0.004253,0.004612,0.004231,0.004563,0,0
DOGE.V,D,20180514,000000,0.004563,0.004592,0.004289,0.004557,0,0
DOGE.V,D,20180515,000000,0.004557,0.004745,0.004432,0.004567,0,0
DOGE.V,D,20180516,000000,0.004567,0.004572,0.00428,0.004348,0,0
DOGE.V,D,20180517,000000,0.004348,0.004423,0.004224,0.004268,0,0
DOGE.V,D,20180518,000000,0.004268,0.004273,0.004045,0.004254,0,0
DOGE.V,D,20180519,000000,0.004254,0.004309,0.004173,0.004226,0,0
DOGE.V,D,20180520,000000,0.004226,0.004388,0.004188,0.004363,0,0
DOGE.V,D,20180521,000000,0.004363,0.00439,0.004221,0.004248,0,0
DOGE.V,D,20180522,000000,0.004248,0.004249,0.003901,0.003901,0,0
DOGE.V,D,20180523,000000,0.003901,0.00392,0.003343,0.00352,0,0
DOGE.V,D,20180524,000000,0.003526,0.003587,0.00329,0.003521,0,0
DOGE.V,D,20180525,000000,0.003521,0.00361,0.003468,0.003479,0,0
DOGE.V,D,20180526,000000,0.003475,0.003577,0.003444,0.003522,0,0
DOGE.V,D,20180527,000000,0.003522,0.003524,0.003366,0.003375,0,0
DOGE.V,D,20180528,000000,0.003375,0.003429,0.00325,0.003268,0,0
DOGE.V,D,20180529,000000,0.003266,0.003471,0.003152,0.003443,0,0
DOGE.V,D,20180530,000000,0.003441,0.003559,0.003315,0.003335,0,0
DOGE.V,D,20180531,000000,0.003335,0.003481,0.003333,0.003444,0,0
DOGE.V,D,20180601,000000,0.003444,0.003521,0.003362,0.003422,0,0
DOGE.V,D,20180602,000000,0.003415,0.003796,0.00339,0.003575,0,0
DOGE.V,D,20180603,000000,0.003575,0.003724,0.00353,0.003661,0,0
DOGE.V,D,20180604,000000,0.003661,0.003692,0.003487,0.003551,0,0
DOGE.V,D,20180605,000000,0.003551,0.003695,0.003479,0.003635,0,0
DOGE.V,D,20180606,000000,0.003636,0.003799,0.0036,0.003753,0,0
DOGE.V,D,20180607,000000,0.003753,0.003829,0.003694,0.003737,0,0
DOGE.V,D,20180608,000000,0.003737,0.003748,0.003547,0.003673,0,0
DOGE.V,D,20180609,000000,0.003673,0.003693,0.003595,0.003607,0,0
DOGE.V,D,20180610,000000,0.003607,0.003611,0.003132,0.003163,0,0
DOGE.V,D,20180611,000000,0.003163,0.0034,0.003071,0.003334,0,0
DOGE.V,D,20180612,000000,0.003334,0.00344,0.003213,0.003296,0,0
DOGE.V,D,20180613,000000,0.003296,0.003296,0.002785,0.002898,0,0
DOGE.V,D,20180614,000000,0.002898,0.00345,0.002887,0.003185,0,0
DOGE.V,D,20180615,000000,0.003185,0.003185,0.002957,0.002977,0,0
DOGE.V,D,20180616,000000,0.002977,0.00314,0.002931,0.003035,0,0
DOGE.V,D,20180617,000000,0.003035,0.003035,0.0029,0.003,0,0
DOGE.V,D,20180618,000000,0.003,0.0031,0.002902,0.0031,0,0
DOGE.V,D,20180619,000000,0.0031,0.003198,0.00305,0.00314,0,0
DOGE.V,D,20180620,000000,0.00314,0.003171,0.003,0.003066,0,0
DOGE.V,D,20180621,000000,0.003066,0.003092,0.003031,0.003054,0,0
DOGE.V,D,20180622,000000,0.003054,0.003057,0.002754,0.00281,0,0
DOGE.V,D,20180623,000000,0.00281,0.002812,0.002709,0.002739,0,0
DOGE.V,D,20180624,000000,0.002739,0.002739,0.002469,0.002618,0,0
DOGE.V,D,20180625,000000,0.002618,0.0027,0.0025,0.00264,0,0
DOGE.V,D,20180626,000000,0.00264,0.002661,0.0025,0.002549,0,0
DOGE.V,D,20180627,000000,0.002549,0.00256,0.002453,0.002514,0,0
DOGE.V,D,20180628,000000,0.002514,0.002514,0.002453,0.002503,0,0
DOGE.V,D,20180629,000000,0.002503,0.002514,0.002313,0.002347,0,0
DOGE.V,D,20180630,000000,0.002347,0.0026,0.002347,0.002574,0,0
DOGE.V,D,20180701,000000,0.002574,0.002574,0.002447,0.002479,0,0
DOGE.V,D,20180702,000000,0.002542,0.002737,0.002391,0.0027,0,0
DOGE.V,D,20180703,000000,0.0027,0.002763,0.00266,0.002706,0,0
DOGE.V,D,20180704,000000,0.002706,0.00279,0.002648,0.002777,0,0
DOGE.V,D,20180705,000000,0.002777,0.00279,0.002602,0.002602,0,0
DOGE.V,D,20180706,000000,0.002602,0.002719,0.002589,0.002687,0,0
DOGE.V,D,20180707,000000,0.002687,0.002697,0.002573,0.002607,0,0
DOGE.V,D,20180708,000000,0.002607,0.002742,0.002561,0.002684,0,0
DOGE.V,D,20180709,000000,0.002684,0.002709,0.002646,0.002646,0,0
DOGE.V,D,20180710,000000,0.002646,0.002663,0.002401,0.002545,0,0
DOGE.V,D,20180711,000000,0.002545,0.002562,0.0023,0.002524,0,0
DOGE.V,D,20180712,000000,0.002524,0.00258,0.002352,0.002373,0,0
DOGE.V,D,20180713,000000,0.002373,0.00255,0.002355,0.002489,0,0
DOGE.V,D,20180714,000000,0.002489,0.002519,0.00242,0.002479,0,0
DOGE.V,D,20180715,000000,0.002479,0.002563,0.002311,0.002552,0,0
DOGE.V,D,20180716,000000,0.002552,0.00288,0.002464,0.002851,0,0
DOGE.V,D,20180717,000000,0.002851,0.003259,0.002756,0.003201,0,0
DOGE.V,D,20180718,000000,0.003201,0.004,0.003174,0.003691,0,0
DOGE.V,D,20180719,000000,0.003691,0.0039,0.003445,0.003777,0,0
DOGE.V,D,20180720,000000,0.003777,0.003836,0.0033,0.003366,0,0
DOGE.V,D,20180721,000000,0.003366,0.003559,0.00335,0.003538,0,0
DOGE.V,D,20180722,000000,0.003538,0.003563,0.00341,0.003502,0,0
DOGE.V,D,20180723,000000,0.003502,0.003686,0.0034,0.003418,0,0
DOGE.V,D,20180724,000000,0.003418,0.003655,0.00335,0.00353,0,0
DOGE.V,D,20180725,000000,0.00353,0.003699,0.0034,0.003435,0,0
DOGE.V,D,20180726,000000,0.003435,0.003565,0.003391,0.003409,0,0
DOGE.V,D,20180727,000000,0.003409,0.00355,0.0032,0.00337,0,0
DOGE.V,D,20180728,000000,0.00337,0.003488,0.0033,0.003387,0,0
DOGE.V,D,20180729,000000,0.003387,0.003391,0.003171,0.003276,0,0
DOGE.V,D,20180730,000000,0.003276,0.003297,0.003153,0.003235,0,0
DOGE.V,D,20180731,000000,0.003235,0.00325,0.0029,0.002969,0,0
DOGE.V,D,20180801,000000,0.002969,0.003048,0.00292,0.003021,0,0
DOGE.V,D,20180802,000000,0.003021,0.003078,0.002952,0.002989,0,0
DOGE.V,D,20180803,000000,0.002989,0.003003,0.002855,0.002983,0,0
DOGE.V,D,20180804,000000,0.002983,0.003,0.00274,0.002888,0,0
DOGE.V,D,20180805,000000,0.002888,0.002958,0.0028,0.002871,0,0
DOGE.V,D,20180806,000000,0.002871,0.002958,0.002801,0.002828,0,0
DOGE.V,D,20180807,000000,0.002828,0.002893,0.002702,0.002716,0,0
DOGE.V,D,20180808,000000,0.002716,0.002717,0.0025,0.002529,0,0
DOGE.V,D,20180809,000000,0.002529,0.002639,0.002451,0.00262,0,0
DOGE.V,D,20180810,000000,0.00262,0.00274,0.0025,0.002565,0,0
DOGE.V,D,20180811,000000,0.002565,0.002593,0.0024,0.002531,0,0
DOGE.V,D,20180812,000000,0.002531,0.00261,0.002457,0.002556,0,0
DOGE.V,D,20180813,000000,0.002556,0.00258,0.002381,0.00239,0,0
DOGE.V,D,20180814,000000,0.00239,0.002404,0.00212,0.002197,0,0
DOGE.V,D,20180815,000000,0.002197,0.0025,0.002197,0.002366,0,0
DOGE.V,D,20180816,000000,0.002366,0.002428,0.002299,0.002319,0,0
DOGE.V,D,20180817,000000,0.002319,0.00258,0.002276,0.002568,0,0
DOGE.V,D,20180818,000000,0.002568,0.002587,0.00242,0.002474,0,0
DOGE.V,D,20180819,000000,0.002474,0.002525,0.00242,0.00249,0,0
DOGE.V,D,20180820,000000,0.00249,0.00256,0.00245,0.002508,0,0
DOGE.V,D,20180821,000000,0.002508,0.00251,0.0024,0.002485,0,0
DOGE.V,D,20180822,000000,0.002485,0.002599,0.002256,0.00235,0,0
DOGE.V,D,20180823,000000,0.00235,0.0025,0.002313,0.00243,0,0
DOGE.V,D,20180824,000000,0.00243,0.0025,0.00241,0.002484,0,0
DOGE.V,D,20180825,000000,0.002484,0.0025,0.00236,0.002462,0,0
DOGE.V,D,20180826,000000,0.002462,0.002529,0.002385,0.002461,0,0
DOGE.V,D,20180827,000000,0.002461,0.0026,0.002461,0.002461,0,0
DOGE.V,D,20180828,000000,0.002461,0.0027,0.002461,0.002695,0,0
DOGE.V,D,20180829,000000,0.002695,0.00272,0.002553,0.002644,0,0
DOGE.V,D,20180830,000000,0.002644,0.003212,0.002626,0.0031,0,0
DOGE.V,D,20180831,000000,0.0031,0.00446,0.003,0.004,0,0
DOGE.V,D,20180901,000000,0.004,0.006489,0.004,0.005833,0,0
DOGE.V,D,20180902,000000,0.005833,0.006468,0.0044,0.004779,0,0
DOGE.V,D,20180903,000000,0.004779,0.005497,0.00477,0.005127,0,0
DOGE.V,D,20180904,000000,0.005127,0.005259,0.0049,0.005135,0,0
DOGE.V,D,20180905,000000,0.005135,0.00545,0.0048,0.004968,0,0
DOGE.V,D,20180906,000000,0.004968,0.005077,0.00474,0.005038,0,0
DOGE.V,D,20180907,000000,0.005038,0.00546,0.00503,0.005373,0,0
DOGE.V,D,20180908,000000,0.005373,0.005907,0.00534,0.00583,0,0
DOGE.V,D,20180909,000000,0.00583,0.006116,0.005644,0.00585,0,0
DOGE.V,D,20180910,000000,0.00585,0.00685,0.005735,0.006827,0,0
DOGE.V,D,20180911,000000,0.006827,0.0071,0.006051,0.006305,0,0
DOGE.V,D,20180912,000000,0.006305,0.006598,0.006222,0.006477,0,0
DOGE.V,D,20180913,000000,0.006477,0.006872,0.006443,0.006493,0,0
DOGE.V,D,20180914,000000,0.006493,0.006842,0.006,0.006218,0,0
DOGE.V,D,20180915,000000,0.006218,0.0064,0.006066,0.006172,0,0
DOGE.V,D,20180916,000000,0.006172,0.006667,0.006106,0.006455,0,0
DOGE.V,D,20180917,000000,0.006455,0.006581,0.00615,0.006278,0,0
DOGE.V,D,20180918,000000,0.006278,0.00642,0.005865,0.005865,0,0
DOGE.V,D,20180919,000000,0.005865,0.0061,0.005447,0.005616,0,0
DOGE.V,D,20180920,000000,0.005616,0.005926,0.005607,0.005747,0,0
DOGE.V,D,20180921,000000,0.005747,0.0059,0.0055,0.005679,0,0
DOGE.V,D,20180922,000000,0.005679,0.005882,0.0055,0.005775,0,0
DOGE.V,D,20180923,000000,0.005775,0.005878,0.005552,0.005846,0,0
DOGE.V,D,20180924,000000,0.005846,0.006,0.005651,0.005807,0,0
DOGE.V,D,20180925,000000,0.005807,0.0059,0.0057,0.0059,0,0
DOGE.V,D,20180926,000000,0.0059,0.0059,0.00573,0.005824,0,0
DOGE.V,D,20180927,000000,0.005824,0.006149,0.005712,0.006066,0,0
DOGE.V,D,20180928,000000,0.006066,0.00611,0.00588,0.005981,0,0
DOGE.V,D,20180929,000000,0.005981,0.006046,0.00585,0.0059,0,0
DOGE.V,D,20180930,000000,0.0059,0.006,0.00586,0.005969,0,0
DOGE.V,D,20181001,000000,0.005969,0.0061,0.00588,0.005986,0,0
DOGE.V,D,20181002,000000,0.005986,0.0061,0.005878,0.005878,0,0
DOGE.V,D,20181003,000000,0.005878,0.00593,0.005688,0.005698,0,0
DOGE.V,D,20181004,000000,0.005698,0.005899,0.00568,0.00568,0,0
DOGE.V,D,20181005,000000,0.00568,0.005789,0.00555,0.005649,0,0
DOGE.V,D,20181006,000000,0.005649,0.00569,0.005453,0.005577,0,0
DOGE.V,D,20181007,000000,0.005577,0.00565,0.005511,0.005527,0,0
DOGE.V,D,20181008,000000,0.005527,0.005616,0.005525,0.005581,0,0
DOGE.V,D,20181009,000000,0.005581,0.005697,0.005549,0.005621,0,0
DOGE.V,D,20181010,000000,0.005621,0.005701,0.0056,0.005675,0,0
DOGE.V,D,20181011,000000,0.005675,0.005675,0.00486,0.004944,0,0
DOGE.V,D,20181012,000000,0.004944,0.005371,0.004875,0.00522,0,0
DOGE.V,D,20181013,000000,0.00522,0.005295,0.005065,0.005113,0,0
DOGE.V,D,20181014,000000,0.005113,0.005193,0.005113,0.005164,0,0
DOGE.V,D,20181015,000000,0.005164,0.005164,0.004466,0.004996,0,0
DOGE.V,D,20181016,000000,0.004996,0.00515,0.00499,0.005102,0,0
DOGE.V,D,20181017,000000,0.005102,0.005102,0.004502,0.004538,0,0
DOGE.V,D,20181018,000000,0.004538,0.004599,0.004322,0.004347,0,0
DOGE.V,D,20181019,000000,0.004347,0.00475,0.00426,0.004573,0,0
DOGE.V,D,20181020,000000,0.004573,0.004624,0.004226,0.004529,0,0
DOGE.V,D,20181021,000000,0.004529,0.004595,0.00444,0.004514,0,0
DOGE.V,D,20181022,000000,0.004514,0.004521,0.0043,0.00432,0,0
DOGE.V,D,20181023,000000,0.00432,0.004337,0.00408,0.004194,0,0
DOGE.V,D,20181024,000000,0.004194,0.004282,0.003901,0.00403,0,0
DOGE.V,D,20181025,000000,0.00403,0.004031,0.003694,0.003764,0,0
DOGE.V,D,20181026,000000,0.003764,0.003971,0.003733,0.003841,0,0
DOGE.V,D,20181027,000000,0.003841,0.004286,0.00383,0.004168,0,0
DOGE.V,D,20181028,000000,0.004168,0.004268,0.004086,0.004111,0,0
DOGE.V,D,20181029,000000,0.004111,0.004111,0.003812,0.003839,0,0
DOGE.V,D,20181030,000000,0.003839,0.004017,0.003839,0.003923,0,0
DOGE.V,D,20181031,000000,0.003923,0.004041,0.003818,0.003932,0,0
DOGE.V,D,20181101,000000,0.003932,0.004062,0.00379,0.003798,0,0
DOGE.V,D,20181102,000000,0.003798,0.00394,0.003798,0.00386,0,0
DOGE.V,D,20181103,000000,0.00386,0.00393,0.003771,0.003882,0,0
DOGE.V,D,20181104,000000,0.003882,0.003882,0.00371,0.003753,0,0
DOGE.V,D,20181105,000000,0.003753,0.00399,0.003651,0.003663,0,0
DOGE.V,D,20181106,000000,0.003663,0.003761,0.003601,0.003692,0,0
DOGE.V,D,20181107,000000,0.003692,0.003739,0.003635,0.00364,0,0
DOGE.V,D,20181108,000000,0.00364,0.003673,0.003416,0.003453,0,0
DOGE.V,D,20181109,000000,0.003453,0.003476,0.003126,0.003221,0,0
DOGE.V,D,20181110,000000,0.003221,0.0034,0.003101,0.003347,0,0
DOGE.V,D,20181111,000000,0.003347,0.003355,0.003153,0.003153,0,0
DOGE.V,D,20181112,000000,0.003153,0.003188,0.00303,0.003098,0,0
DOGE.V,D,20181113,000000,0.003098,0.003148,0.003,0.003006,0,0
DOGE.V,D,20181114,000000,0.003006,0.003008,0.002784,0.002807,0,0
DOGE.V,D,20181115,000000,0.002807,0.003118,0.002674,0.003118,0,0
DOGE.V,D,20181116,000000,0.003118,0.003118,0.002831,0.002881,0,0
DOGE.V,D,20181117,000000,0.002881,0.002915,0.002603,0.002687,0,0
DOGE.V,D,20181118,000000,0.002687,0.002727,0.0026,0.002602,0,0
DOGE.V,D,20181119,000000,0.002602,0.002699,0.0024,0.002453,0,0
DOGE.V,D,20181120,000000,0.002453,0.002533,0.002302,0.002402,0,0
DOGE.V,D,20181121,000000,0.002402,0.00258,0.0023,0.002467,0,0
DOGE.V,D,20181122,000000,0.002467,0.002485,0.002373,0.002434,0,0
DOGE.V,D,20181123,000000,0.002434,0.002471,0.002249,0.002293,0,0
DOGE.V,D,20181124,000000,0.002293,0.002379,0.002205,0.002255,0,0
DOGE.V,D,20181125,000000,0.002255,0.002304,0.002049,0.002258,0,0
DOGE.V,D,20181126,000000,0.002258,0.0024,0.002032,0.00206,0,0
DOGE.V,D,20181127,000000,0.00206,0.002081,0.002003,0.002065,0,0
DOGE.V,D,20181128,000000,0.002065,0.002297,0.00204,0.002266,0,0
DOGE.V,D,20181129,000000,0.002266,0.002312,0.00216,0.00225,0,0
DOGE.V,D,20181130,000000,0.00225,0.00225,0.00212,0.00213,0,0
DOGE.V,D,20181201,000000,0.00213,0.002244,0.002107,0.002235,0,0
DOGE.V,D,20181202,000000,0.002235,0.002237,0.00217,0.002189,0,0
DOGE.V,D,20181203,000000,0.002189,0.002199,0.002085,0.002146,0,0
DOGE.V,D,20181204,000000,0.002146,0.002234,0.002146,0.00217,0,0
DOGE.V,D,20181205,000000,0.00217,0.002212,0.002135,0.002208,0,0
DOGE.V,D,20181206,000000,0.002208,0.002228,0.002096,0.002105,0,0
DOGE.V,D,20181207,000000,0.002105,0.00218,0.002061,0.002091,0,0
DOGE.V,D,20181208,000000,0.002091,0.002167,0.002051,0.002051,0,0
DOGE.V,D,20181209,000000,0.002051,0.002151,0.002049,0.00209,0,0
DOGE.V,D,20181210,000000,0.00209,0.002205,0.002053,0.002076,0,0
DOGE.V,D,20181211,000000,0.002076,0.002096,0.002,0.002026,0,0
DOGE.V,D,20181212,000000,0.002026,0.002065,0.002002,0.002045,0,0
DOGE.V,D,20181213,000000,0.002045,0.002096,0.002006,0.00202,0,0
DOGE.V,D,20181214,000000,0.00202,0.002082,0.002,0.002032,0,0
DOGE.V,D,20181215,000000,0.002032,0.002088,0.002008,0.002029,0,0
DOGE.V,D,20181216,000000,0.002029,0.002178,0.00201,0.002117,0,0
DOGE.V,D,20181217,000000,0.002117,0.002719,0.002099,0.002421,0,0
DOGE.V,D,20181218,000000,0.002421,0.002544,0.002373,0.002494,0,0
DOGE.V,D,20181219,000000,0.002494,0.002793,0.002483,0.002677,0,0
DOGE.V,D,20181220,000000,0.002677,0.002704,0.002539,0.002581,0,0
DOGE.V,D,20181221,000000,0.002581,0.002675,0.002468,0.002474,0,0
DOGE.V,D,20181222,000000,0.002474,0.00248,0.002366,0.002439,0,0
DOGE.V,D,20181223,000000,0.002439,0.002554,0.002424,0.002449,0,0
DOGE.V,D,20181224,000000,0.002449,0.0026,0.00242,0.002493,0,0
DOGE.V,D,20181225,000000,0.002493,0.002514,0.00235,0.002415,0,0
DOGE.V,D,20181226,000000,0.002415,0.002445,0.002371,0.002413,0,0
DOGE.V,D,20181227,000000,0.002413,0.002416,0.002345,0.00235,0,0
DOGE.V,D,20181228,000000,0.00235,0.002428,0.002302,0.00241,0,0
DOGE.V,D,20181229,000000,0.00241,0.002428,0.00238,0.00242,0,0
DOGE.V,D,20181230,000000,0.00242,0.002429,0.002342,0.002363,0,0
DOGE.V,D,20181231,000000,0.002363,0.0024,0.00235,0.00236,0,0
DOGE.V,D,20190101,000000,0.00236,0.002377,0.00233,0.002341,0,0
DOGE.V,D,20190102,000000,0.002341,0.002453,0.002341,0.002408,0,0
DOGE.V,D,20190103,000000,0.002408,0.002413,0.002334,0.002339,0,0
DOGE.V,D,20190104,000000,0.002339,0.002349,0.002234,0.002234,0,0
DOGE.V,D,20190105,000000,0.002234,0.002292,0.0022,0.002229,0,0
DOGE.V,D,20190106,000000,0.002229,0.00234,0.002218,0.002314,0,0
DOGE.V,D,20190107,000000,0.002314,0.002385,0.002255,0.002283,0,0
DOGE.V,D,20190108,000000,0.002283,0.002309,0.002181,0.002199,0,0
DOGE.V,D,20190109,000000,0.002199,0.002236,0.002171,0.002222,0,0
DOGE.V,D,20190110,000000,0.002222,0.002321,0.00204,0.002113,0,0
DOGE.V,D,20190111,000000,0.002113,0.002152,0.002078,0.002118,0,0
DOGE.V,D,20190112,000000,0.002118,0.00212,0.002081,0.002112,0,0
DOGE.V,D,20190113,000000,0.002112,0.002146,0.002027,0.002037,0,0
DOGE.V,D,20190114,000000,0.002037,0.002144,0.002032,0.002115,0,0
DOGE.V,D,20190115,000000,0.002115,0.00214,0.002083,0.002087,0,0
DOGE.V,D,20190116,000000,0.002087,0.002095,0.00207,0.00207,0,0
DOGE.V,D,20190117,000000,0.00207,0.002118,0.002057,0.002084,0,0
DOGE.V,D,20190118,000000,0.002084,0.002093,0.002025,0.002048,0,0
DOGE.V,D,20190119,000000,0.002048,0.00214,0.002021,0.002122,0,0
DOGE.V,D,20190120,000000,0.002122,0.002139,0.002055,0.002076,0,0
DOGE.V,D,20190121,000000,0.002076,0.002079,0.001913,0.002013,0,0
DOGE.V,D,20190122,000000,0.002013,0.002051,0.001954,0.002024,0,0
DOGE.V,D,20190123,000000,0.002024,0.002053,0.002,0.002015,0,0
DOGE.V,D,20190124,000000,0.002015,0.0021,0.001987,0.002034,0,0
DOGE.V,D,20190125,000000,0.002034,0.002078,0.001995,0.002038,0,0
DOGE.V,D,20190126,000000,0.002038,0.002061,0.002026,0.002031,0,0
DOGE.V,D,20190127,000000,0.002031,0.002043,0.002,0.002033,0,0
DOGE.V,D,20190128,000000,0.002033,0.002033,0.001893,0.001933,0,0
DOGE.V,D,20190129,000000,0.001933,0.001937,0.00185,0.001878,0,0
DOGE.V,D,20190130,000000,0.001878,0.001933,0.00187,0.001915,0,0
DOGE.V,D,20190131,000000,0.001915,0.001932,0.00187,0.001922,0,0
DOGE.V,D,20190201,000000,0.001922,0.001922,0.001837,0.001854,0,0
DOGE.V,D,20190202,000000,0.001854,0.00189,0.001852,0.001879,0,0
DOGE.V,D,20190203,000000,0.001879,0.001906,0.00182,0.001826,0,0
DOGE.V,D,20190204,000000,0.001826,0.001898,0.001822,0.001865,0,0
DOGE.V,D,20190205,000000,0.001865,0.001877,0.00182,0.001843,0,0
DOGE.V,D,20190206,000000,0.001843,0.001847,0.001722,0.001756,0,0
DOGE.V,D,20190207,000000,0.001756,0.001801,0.001722,0.001766,0,0
DOGE.V,D,20190208,000000,0.001766,0.001903,0.001754,0.001862,0,0
DOGE.V,D,20190209,000000,0.001862,0.001893,0.00183,0.001834,0,0
DOGE.V,D,20190210,000000,0.001834,0.001849,0.00183,0.001838,0,0
DOGE.V,D,20190211,000000,0.001838,0.001888,0.001834,0.001849,0,0
DOGE.V,D,20190212,000000,0.001849,0.001853,0.001801,0.001819,0,0
DOGE.V,D,20190213,000000,0.001819,0.001878,0.001814,0.001877,0,0
DOGE.V,D,20190214,000000,0.001877,0.001888,0.001865,0.001879,0,0
DOGE.V,D,20190215,000000,0.001879,0.001895,0.00187,0.001875,0,0
DOGE.V,D,20190216,000000,0.001875,0.0019,0.00187,0.0019,0,0
DOGE.V,D,20190217,000000,0.0019,0.002012,0.0019,0.001971,0,0
DOGE.V,D,20190218,000000,0.001971,0.002032,0.001949,0.001974,0,0
DOGE.V,D,20190219,000000,0.001974,0.002122,0.001974,0.002059,0,0
DOGE.V,D,20190220,000000,0.002059,0.002099,0.002009,0.002062,0,0
DOGE.V,D,20190221,000000,0.002062,0.002079,0.001997,0.002017,0,0
DOGE.V,D,20190222,000000,0.002017,0.002089,0.001999,0.002053,0,0
DOGE.V,D,20190223,000000,0.002053,0.002115,0.002009,0.002081,0,0
DOGE.V,D,20190224,000000,0.002081,0.002099,0.001925,0.001987,0,0
DOGE.V,D,20190225,000000,0.001988,0.002078,0.00196,0.002034,0,0
DOGE.V,D,20190226,000000,0.002034,0.002053,0.001966,0.002022,0,0
DOGE.V,D,20190227,000000,0.002022,0.002068,0.001972,0.002001,0,0
DOGE.V,D,20190228,000000,0.002001,0.002051,0.001969,0.001976,0,0
DOGE.V,D,20190301,000000,0.001976,0.00202,0.00196,0.002,0,0
DOGE.V,D,20190302,000000,0.002,0.00202,0.001966,0.002017,0,0
DOGE.V,D,20190303,000000,0.002017,0.00202,0.001984,0.002003,0,0
DOGE.V,D,20190304,000000,0.002003,0.002018,0.001947,0.001985,0,0
DOGE.V,D,20190305,000000,0.00199,0.002007,0.001935,0.00198,0,0
DOGE.V,D,20190306,000000,0.00198,0.001998,0.00193,0.001962,0,0
DOGE.V,D,20190307,000000,0.001962,0.00203,0.001886,0.002012,0,0
DOGE.V,D,20190308,000000,0.002012,0.00203,0.001966,0.001986,0,0
DOGE.V,D,20190309,000000,0.001986,0.002021,0.001966,0.002,0,0
DOGE.V,D,20190310,000000,0.002,0.002012,0.001965,0.001981,0,0
DOGE.V,D,20190311,000000,0.001982,0.002001,0.001904,0.001958,0,0
DOGE.V,D,20190312,000000,0.001958,0.002065,0.001923,0.002025,0,0
DOGE.V,D,20190313,000000,0.002025,0.002104,0.001974,0.001977,0,0
DOGE.V,D,20190314,000000,0.001977,0.002063,0.001973,0.002019,0,0
DOGE.V,D,20190315,000000,0.002019,0.002062,0.002016,0.002039,0,0
DOGE.V,D,20190316,000000,0.002039,0.002109,0.002002,0.002052,0,0
DOGE.V,D,20190317,000000,0.002052,0.002095,0.002026,0.002082,0,0
DOGE.V,D,20190318,000000,0.002082,0.002111,0.002022,0.002076,0,0
DOGE.V,D,20190319,000000,0.002076,0.002095,0.002026,0.002049,0,0
DOGE.V,D,20190320,000000,0.002049,0.002064,0.001998,0.002028,0,0
DOGE.V,D,20190321,000000,0.002027,0.002081,0.001988,0.00204,0,0
DOGE.V,D,20190322,000000,0.00204,0.002049,0.001992,0.002002,0,0
DOGE.V,D,20190323,000000,0.002002,0.00205,0.001992,0.002001,0,0
DOGE.V,D,20190324,000000,0.002001,0.002046,0.001985,0.001996,0,0
DOGE.V,D,20190325,000000,0.001996,0.002072,0.001983,0.002001,0,0
DOGE.V,D,20190326,000000,0.002001,0.00205,0.001992,0.002045,0,0
DOGE.V,D,20190327,000000,0.002045,0.002098,0.002006,0.002056,0,0
DOGE.V,D,20190328,000000,0.002056,0.002108,0.002048,0.002057,0,0
DOGE.V,D,20190329,000000,0.002057,0.002137,0.002045,0.002093,0,0
DOGE.V,D,20190330,000000,0.002092,0.002134,0.002043,0.002096,0,0
DOGE.V,D,20190331,000000,0.002096,0.002106,0.00205,0.002098,0,0
DOGE.V,D,20190401,000000,0.002098,0.002614,0.002048,0.002406,0,0
DOGE.V,D,20190402,000000,0.002406,0.002991,0.002345,0.002931,0,0
DOGE.V,D,20190403,000000,0.00293,0.003731,0.002765,0.003626,0,0
DOGE.V,D,20190404,000000,0.003628,0.004107,0.00282,0.003406,0,0
DOGE.V,D,20190405,000000,0.003406,0.003765,0.003332,0.003564,0,0
DOGE.V,D,20190406,000000,0.003564,0.003635,0.003317,0.003416,0,0
DOGE.V,D,20190407,000000,0.003416,0.003558,0.003223,0.00336,0,0
DOGE.V,D,20190408,000000,0.003361,0.003449,0.002924,0.003065,0,0
DOGE.V,D,20190409,000000,0.003065,0.003069,0.002725,0.002927,0,0
DOGE.V,D,20190410,000000,0.002927,0.003106,0.002849,0.00302,0,0
DOGE.V,D,20190411,000000,0.00302,0.00303,0.002651,0.002718,0,0
DOGE.V,D,20190412,000000,0.002718,0.002882,0.002658,0.002788,0,0
DOGE.V,D,20190413,000000,0.002788,0.002924,0.002784,0.00285,0,0
DOGE.V,D,20190414,000000,0.002849,0.002905,0.002768,0.002864,0,0
DOGE.V,D,20190415,000000,0.002864,0.002905,0.002711,0.002716,0,0
DOGE.V,D,20190416,000000,0.002716,0.002821,0.002681,0.002763,0,0
DOGE.V,D,20190417,000000,0.002763,0.002841,0.002753,0.002779,0,0
DOGE.V,D,20190418,000000,0.002779,0.00303,0.002764,0.003022,0,0
DOGE.V,D,20190419,000000,0.003022,0.003028,0.002836,0.002904,0,0
DOGE.V,D,20190420,000000,0.002904,0.002927,0.002796,0.002801,0,0
DOGE.V,D,20190421,000000,0.002802,0.002884,0.002643,0.002747,0,0
DOGE.V,D,20190422,000000,0.0028,0.002827,0.002686,0.002806,0,0
DOGE.V,D,20190423,000000,0.002805,0.002868,0.002725,0.002789,0,0
DOGE.V,D,20190424,000000,0.002789,0.002789,0.00248,0.002559,0,0
DOGE.V,D,20190425,000000,0.002559,0.002645,0.002488,0.002594,0,0
DOGE.V,D,20190426,000000,0.002595,0.002595,0.002356,0.002503,0,0
DOGE.V,D,20190427,000000,0.002503,0.002587,0.002444,0.002528,0,0
DOGE.V,D,20190428,000000,0.002529,0.002583,0.002463,0.002471,0,0
DOGE.V,D,20190429,000000,0.002471,0.002536,0.002391,0.002398,0,0
DOGE.V,D,20190430,000000,0.002398,0.002525,0.002387,0.002514,0,0
DOGE.V,D,20190501,000000,0.002514,0.002546,0.002464,0.002525,0,0
DOGE.V,D,20190502,000000,0.002524,0.002655,0.002479,0.00259,0,0
DOGE.V,D,20190503,000000,0.002642,0.002769,0.002579,0.002723,0,0
DOGE.V,D,20190504,000000,0.002722,0.002772,0.00252,0.002691,0,0
DOGE.V,D,20190505,000000,0.002692,0.002714,0.002571,0.002621,0,0
DOGE.V,D,20190506,000000,0.002621,0.002679,0.002484,0.002591,0,0
DOGE.V,D,20190507,000000,0.002592,0.002671,0.002468,0.002561,0,0
DOGE.V,D,20190508,000000,0.00256,0.002568,0.002446,0.002562,0,0
DOGE.V,D,20190509,000000,0.002562,0.002579,0.002371,0.002518,0,0
DOGE.V,D,20190510,000000,0.002518,0.00257,0.002398,0.002476,0,0
DOGE.V,D,20190511,000000,0.002476,0.00275,0.002475,0.00275,0,0
DOGE.V,D,20190512,000000,0.002751,0.002866,0.002533,0.002643,0,0
DOGE.V,D,20190513,000000,0.002644,0.002851,0.002543,0.002746,0,0
DOGE.V,D,20190514,000000,0.002747,0.003219,0.002609,0.002954,0,0
DOGE.V,D,20190515,000000,0.002955,0.003379,0.002922,0.003335,0,0
DOGE.V,D,20190516,000000,0.003335,0.00366,0.002969,0.003171,0,0
DOGE.V,D,20190517,000000,0.003167,0.003256,0.002548,0.002906,0,0
DOGE.V,D,20190518,000000,0.002907,0.003052,0.002813,0.002936,0,0
DOGE.V,D,20190519,000000,0.002935,0.003191,0.002901,0.00307,0,0
DOGE.V,D,20190520,000000,0.00307,0.003181,0.002852,0.003058,0,0
DOGE.V,D,20190521,000000,0.002976,0.003116,0.002902,0.003038,0,0
DOGE.V,D,20190522,000000,0.003038,0.003115,0.002855,0.002917,0,0
DOGE.V,D,20190523,000000,0.002918,0.003003,0.002769,0.002927,0,0
DOGE.V,D,20190524,000000,0.002928,0.003081,0.002887,0.003063,0,0
DOGE.V,D,20190525,000000,0.003062,0.003074,0.002941,0.002976,0,0
DOGE.V,D,20190526,000000,0.002976,0.003144,0.002922,0.003112,0,0
DOGE.V,D,20190527,000000,0.003113,0.003298,0.003024,0.003082,0,0
DOGE.V,D,20190528,000000,0.003083,0.003181,0.00303,0.003135,0,0
DOGE.V,D,20190529,000000,0.003136,0.003219,0.00297,0.003118,0,0
DOGE.V,D,20190530,000000,0.003119,0.003677,0.003038,0.003123,0,0
DOGE.V,D,20190531,000000,0.003121,0.003489,0.003091,0.00341,0,0
DOGE.V,D,20190601,000000,0.00341,0.003517,0.003305,0.003438,0,0
DOGE.V,D,20190602,000000,0.003438,0.003441,0.003284,0.003396,0,0
DOGE.V,D,20190603,000000,0.003397,0.003413,0.003171,0.003223,0,0
DOGE.V,D,20190604,000000,0.003223,0.003294,0.002882,0.002927,0,0
DOGE.V,D,20190605,000000,0.002916,0.003081,0.002856,0.002942,0,0
DOGE.V,D,20190606,000000,0.002941,0.003093,0.002931,0.00302,0,0
DOGE.V,D,20190607,000000,0.00302,0.00317,0.003008,0.003103,0,0
DOGE.V,D,20190608,000000,0.003103,0.003145,0.002968,0.003079,0,0
DOGE.V,D,20190609,000000,0.003079,0.003109,0.002896,0.002983,0,0
DOGE.V,D,20190610,000000,0.002982,0.003118,0.002874,0.003021,0,0
DOGE.V,D,20190611,000000,0.003021,0.003116,0.002935,0.003007,0,0
DOGE.V,D,20190612,000000,0.003007,0.003133,0.002929,0.003098,0,0
DOGE.V,D,20190613,000000,0.003017,0.00311,0.002983,0.003075,0,0
DOGE.V,D,20190614,000000,0.003076,0.003108,0.002934,0.003102,0,0
DOGE.V,D,20190615,000000,0.003101,0.003205,0.003023,0.003176,0,0
DOGE.V,D,20190616,000000,0.003176,0.00331,0.003081,0.003163,0,0
DOGE.V,D,20190617,000000,0.003164,0.003258,0.003101,0.003158,0,0
DOGE.V,D,20190618,000000,0.003158,0.003218,0.003041,0.003064,0,0
DOGE.V,D,20190619,000000,0.003065,0.003137,0.002991,0.003137,0,0
DOGE.V,D,20190620,000000,0.003138,0.003173,0.003007,0.003047,0,0
DOGE.V,D,20190621,000000,0.003047,0.003182,0.00303,0.003177,0,0
DOGE.V,D,20190622,000000,0.003177,0.003396,0.003158,0.003284,0,0
DOGE.V,D,20190623,000000,0.003284,0.003385,0.003179,0.003285,0,0
DOGE.V,D,20190624,000000,0.003282,0.00344,0.003171,0.003282,0,0
DOGE.V,D,20190625,000000,0.003282,0.00341,0.003168,0.003234,0,0
DOGE.V,D,20190626,000000,0.003233,0.003454,0.003065,0.003232,0,0
DOGE.V,D,20190627,000000,0.003235,0.003632,0.002832,0.003439,0,0
DOGE.V,D,20190628,000000,0.00344,0.003593,0.003181,0.003437,0,0
DOGE.V,D,20190629,000000,0.003437,0.003473,0.003197,0.003344,0,0
DOGE.V,D,20190630,000000,0.003344,0.003497,0.00315,0.003386,0,0
DOGE.V,D,20190701,000000,0.003385,0.003385,0.003002,0.003281,0,0
DOGE.V,D,20190702,000000,0.003277,0.003324,0.002984,0.0031,0,0
DOGE.V,D,20190703,000000,0.003101,0.003298,0.00303,0.003195,0,0
DOGE.V,D,20190704,000000,0.003194,0.003456,0.003128,0.003359,0,0
DOGE.V,D,20190705,000000,0.003358,0.00451,0.003128,0.003767,0,0
DOGE.V,D,20190706,000000,0.003768,0.003987,0.003357,0.00347,0,0
DOGE.V,D,20190707,000000,0.00347,0.003684,0.003322,0.003577,0,0
DOGE.V,D,20190708,000000,0.003577,0.003604,0.003404,0.003578,0,0
DOGE.V,D,20190709,000000,0.003577,0.003616,0.003319,0.003515,0,0
DOGE.V,D,20190710,000000,0.003516,0.003631,0.00318,0.003342,0,0
DOGE.V,D,20190711,000000,0.003343,0.003411,0.003042,0.003278,0,0
DOGE.V,D,20190712,000000,0.003277,0.003415,0.003122,0.003186,0,0
DOGE.V,D,20190713,000000,0.003186,0.003318,0.003101,0.003197,0,0
DOGE.V,D,20190714,000000,0.003198,0.00332,0.002893,0.002986,0,0
DOGE.V,D,20190715,000000,0.002986,0.003139,0.002778,0.00301,0,0
DOGE.V,D,20190716,000000,0.003012,0.00317,0.002726,0.002797,0,0
DOGE.V,D,20190717,000000,0.002797,0.003087,0.00268,0.002849,0,0
DOGE.V,D,20190718,000000,0.00285,0.003108,0.002784,0.003073,0,0
DOGE.V,D,20190719,000000,0.003072,0.003125,0.002881,0.003063,0,0
DOGE.V,D,20190720,000000,0.003065,0.003195,0.002937,0.003178,0,0
DOGE.V,D,20190721,000000,0.003178,0.003215,0.002997,0.003065,0,0
DOGE.V,D,20190722,000000,0.003065,0.003096,0.0029,0.002978,0,0
DOGE.V,D,20190723,000000,0.002979,0.003001,0.002779,0.002936,0,0
DOGE.V,D,20190724,000000,0.002936,0.002941,0.002767,0.002836,0,0
DOGE.V,D,20190725,000000,0.002835,0.003025,0.002826,0.002871,0,0
DOGE.V,D,20190726,000000,0.00287,0.002941,0.002804,0.002852,0,0
DOGE.V,D,20190727,000000,0.002852,0.002956,0.0027,0.002758,0,0
DOGE.V,D,20190728,000000,0.002758,0.002857,0.002718,0.002743,0,0
DOGE.V,D,20190729,000000,0.002742,0.002884,0.002718,0.002756,0,0
DOGE.V,D,20190730,000000,0.002756,0.002827,0.002724,0.00278,0,0
DOGE.V,D,20190731,000000,0.002781,0.002934,0.002758,0.002814,0,0
DOGE.V,D,20190801,000000,0.002814,0.002936,0.00278,0.002917,0,0
DOGE.V,D,20190802,000000,0.002917,0.002986,0.002806,0.002816,0,0
DOGE.V,D,20190803,000000,0.002815,0.002987,0.002813,0.002926,0,0
DOGE.V,D,20190804,000000,0.002926,0.002979,0.002855,0.002961,0,0
DOGE.V,D,20190805,000000,0.00296,0.003225,0.002914,0.003051,0,0
DOGE.V,D,20190806,000000,0.003052,0.003198,0.002847,0.002957,0,0
DOGE.V,D,20190807,000000,0.002956,0.003039,0.002866,0.002985,0,0
DOGE.V,D,20190808,000000,0.002984,0.003005,0.002807,0.00293,0,0
DOGE.V,D,20190809,000000,0.002931,0.00301,0.002802,0.00286,0,0
DOGE.V,D,20190810,000000,0.00286,0.002993,0.002733,0.002939,0,0
DOGE.V,D,20190811,000000,0.002939,0.002958,0.00278,0.002876,0,0
DOGE.V,D,20190812,000000,0.002876,0.002896,0.002811,0.002848,0,0
DOGE.V,D,20190813,000000,0.002848,0.002861,0.002727,0.002827,0,0
DOGE.V,D,20190814,000000,0.002826,0.002864,0.002637,0.002752,0,0
DOGE.V,D,20190815,000000,0.002753,0.002768,0.002518,0.002689,0,0
DOGE.V,D,20190816,000000,0.002689,0.002731,0.002458,0.002716,0,0
DOGE.V,D,20190817,000000,0.002716,0.002726,0.002539,0.002637,0,0
DOGE.V,D,20190818,000000,0.002637,0.002728,0.002558,0.00271,0,0
DOGE.V,D,20190819,000000,0.002711,0.00285,0.002673,0.002788,0,0
DOGE.V,D,20190820,000000,0.002787,0.002843,0.002647,0.002699,0,0
DOGE.V,D,20190821,000000,0.0027,0.002712,0.002567,0.002614,0,0
DOGE.V,D,20190822,000000,0.002612,0.002687,0.002542,0.002637,0,0
DOGE.V,D,20190823,000000,0.002637,0.00272,0.002597,0.00271,0,0
DOGE.V,D,20190824,000000,0.00271,0.002719,0.002578,0.00262,0,0
DOGE.V,D,20190825,000000,0.00262,0.002692,0.002561,0.002601,0,0
DOGE.V,D,20190826,000000,0.002601,0.002763,0.002554,0.00267,0,0
DOGE.V,D,20190827,000000,0.00267,0.002694,0.002511,0.002637,0,0
DOGE.V,D,20190828,000000,0.002637,0.002654,0.002417,0.002529,0,0
DOGE.V,D,20190829,000000,0.00253,0.002536,0.002337,0.002475,0,0
DOGE.V,D,20190830,000000,0.002475,0.002506,0.002359,0.002496,0,0
DOGE.V,D,20190831,000000,0.002496,0.002516,0.002382,0.002516,0,0
DOGE.V,D,20190901,000000,0.002516,0.002542,0.002395,0.002428,0,0
DOGE.V,D,20190902,000000,0.002428,0.002613,0.002428,0.0026,0,0
DOGE.V,D,20190903,000000,0.0026,0.002692,0.002471,0.002568,0,0
DOGE.V,D,20190904,000000,0.002568,0.002651,0.002444,0.00256,0,0
DOGE.V,D,20190905,000000,0.002561,0.002567,0.002411,0.002429,0,0
DOGE.V,D,20190906,000000,0.002429,0.002613,0.002358,0.002502,0,0
DOGE.V,D,20190907,000000,0.002502,0.002537,0.002372,0.002422,0,0
DOGE.V,D,20190908,000000,0.002422,0.002543,0.002371,0.002502,0,0
DOGE.V,D,20190909,000000,0.002502,0.002522,0.002332,0.002469,0,0
DOGE.V,D,20190910,000000,0.002469,0.002495,0.002305,0.002426,0,0
DOGE.V,D,20190911,000000,0.002426,0.002457,0.002279,0.002442,0,0
DOGE.V,D,20190912,000000,0.002441,0.002453,0.002313,0.002396,0,0
DOGE.V,D,20190913,000000,0.002396,0.002478,0.002344,0.002474,0,0
DOGE.V,D,20190914,000000,0.002371,0.002494,0.002361,0.002392,0,0
DOGE.V,D,20190915,000000,0.002392,0.002584,0.00237,0.00237,0,0
DOGE.V,D,20190916,000000,0.00237,0.002497,0.002332,0.002373,0,0
DOGE.V,D,20190917,000000,0.002373,0.002676,0.002343,0.002659,0,0
DOGE.V,D,20190918,000000,0.002556,0.00286,0.002547,0.002754,0,0
DOGE.V,D,20190919,000000,0.002755,0.002799,0.002521,0.002672,0,0
DOGE.V,D,20190920,000000,0.002672,0.002749,0.00262,0.002631,0,0
DOGE.V,D,20190921,000000,0.002631,0.002747,0.002495,0.002598,0,0
DOGE.V,D,20190922,000000,0.002597,0.002624,0.002472,0.002617,0,0
DOGE.V,D,20190923,000000,0.002618,0.002625,0.002417,0.002439,0,0
DOGE.V,D,20190924,000000,0.002439,0.002535,0.002036,0.002255,0,0
DOGE.V,D,20190925,000000,0.002254,0.002271,0.002064,0.002236,0,0
DOGE.V,D,20190926,000000,0.002237,0.002252,0.002017,0.002104,0,0
DOGE.V,D,20190927,000000,0.002104,0.002242,0.002069,0.002226,0,0
DOGE.V,D,20190928,000000,0.002226,0.002235,0.002109,0.002202,0,0
DOGE.V,D,20190929,000000,0.002203,0.00227,0.002145,0.002176,0,0
DOGE.V,D,20190930,000000,0.002176,0.002445,0.002176,0.002315,0,0
DOGE.V,D,20191001,000000,0.002314,0.002542,0.002308,0.002415,0,0
DOGE.V,D,20191002,000000,0.002415,0.002425,0.002292,0.002319,0,0
DOGE.V,D,20191003,000000,0.002319,0.002361,0.002241,0.002295,0,0
DOGE.V,D,20191004,000000,0.002295,0.002322,0.002247,0.002294,0,0
DOGE.V,D,20191005,000000,0.002294,0.002358,0.002255,0.002288,0,0
DOGE.V,D,20191006,000000,0.002288,0.002356,0.002201,0.002303,0,0
DOGE.V,D,20191007,000000,0.002303,0.002412,0.002262,0.0023,0,0
DOGE.V,D,20191008,000000,0.0023,0.00241,0.002276,0.002289,0,0
DOGE.V,D,20191009,000000,0.002289,0.002433,0.002278,0.002399,0,0
DOGE.V,D,20191010,000000,0.002399,0.002417,0.002287,0.002316,0,0
DOGE.V,D,20191011,000000,0.002316,0.002373,0.002195,0.002332,0,0
DOGE.V,D,20191012,000000,0.002332,0.002363,0.002239,0.002341,0,0
DOGE.V,D,20191013,000000,0.002341,0.002687,0.002328,0.002539,0,0
DOGE.V,D,20191014,000000,0.00258,0.002602,0.002471,0.00258,0,0
DOGE.V,D,20191015,000000,0.00258,0.002612,0.002437,0.002531,0,0
DOGE.V,D,20191016,000000,0.00253,0.002643,0.002447,0.002557,0,0
DOGE.V,D,20191017,000000,0.002556,0.002995,0.002553,0.00283,0,0
DOGE.V,D,20191018,000000,0.00283,0.002929,0.002608,0.002708,0,0
DOGE.V,D,20191019,000000,0.002708,0.002835,0.002618,0.002711,0,0
DOGE.V,D,20191020,000000,0.002711,0.002796,0.00262,0.002713,0,0
DOGE.V,D,20191021,000000,0.002712,0.002737,0.002555,0.002716,0,0
DOGE.V,D,20191022,000000,0.002714,0.002803,0.002513,0.002597,0,0
DOGE.V,D,20191023,000000,0.002597,0.002602,0.002315,0.002458,0,0
DOGE.V,D,20191024,000000,0.002457,0.002558,0.00238,0.002538,0,0
DOGE.V,D,20191025,000000,0.002537,0.002809,0.002454,0.002668,0,0
DOGE.V,D,20191026,000000,0.002668,0.003005,0.002501,0.002591,0,0
DOGE.V,D,20191027,000000,0.002591,0.002835,0.002515,0.002681,0,0
DOGE.V,D,20191028,000000,0.002683,0.002776,0.002572,0.002651,0,0
DOGE.V,D,20191029,000000,0.002651,0.002756,0.002546,0.00265,0,0
DOGE.V,D,20191030,000000,0.00265,0.002711,0.002525,0.002585,0,0
DOGE.V,D,20191031,000000,0.002678,0.002711,0.002513,0.002558,0,0
DOGE.V,D,20191101,000000,0.002558,0.002645,0.00254,0.002585,0,0
DOGE.V,D,20191102,000000,0.002583,0.002691,0.002495,0.002608,0,0
DOGE.V,D,20191103,000000,0.002609,0.002676,0.002471,0.002585,0,0
DOGE.V,D,20191104,000000,0.002586,0.002678,0.00247,0.002538,0,0
DOGE.V,D,20191105,000000,0.002538,0.002658,0.00249,0.002617,0,0
DOGE.V,D,20191106,000000,0.002617,0.002647,0.002506,0.002524,0,0
DOGE.V,D,20191107,000000,0.002524,0.002774,0.002508,0.002679,0,0
DOGE.V,D,20191108,000000,0.002678,0.002775,0.002532,0.002645,0,0
DOGE.V,D,20191109,000000,0.002644,0.002752,0.002558,0.002737,0,0
DOGE.V,D,20191110,000000,0.002645,0.002839,0.002631,0.002821,0,0
DOGE.V,D,20191111,000000,0.002821,0.002825,0.002592,0.002704,0,0
DOGE.V,D,20191112,000000,0.002703,0.002811,0.002593,0.002722,0,0
DOGE.V,D,20191113,000000,0.002722,0.00274,0.002617,0.002717,0,0
DOGE.V,D,20191114,000000,0.002716,0.002731,0.002578,0.002685,0,0
DOGE.V,D,20191115,000000,0.002685,0.002725,0.00253,0.002725,0,0
DOGE.V,D,20191116,000000,0.002725,0.002732,0.002549,0.002719,0,0
DOGE.V,D,20191117,000000,0.002718,0.002729,0.002554,0.002652,0,0
DOGE.V,D,20191118,000000,0.002652,0.002654,0.002454,0.002548,0,0
DOGE.V,D,20191119,000000,0.002548,0.002593,0.002425,0.002524,0,0
DOGE.V,D,20191120,000000,0.002524,0.002633,0.002496,0.002511,0,0
DOGE.V,D,20191121,000000,0.002511,0.002587,0.002306,0.002442,0,0
DOGE.V,D,20191122,000000,0.002442,0.002461,0.002147,0.002403,0,0
DOGE.V,D,20191123,000000,0.002402,0.00243,0.002279,0.002345,0,0
DOGE.V,D,20191124,000000,0.002345,0.002429,0.002228,0.002259,0,0
DOGE.V,D,20191125,000000,0.002258,0.002362,0.0021,0.00224,0,0
DOGE.V,D,20191126,000000,0.00224,0.002339,0.002184,0.002219,0,0
DOGE.V,D,20191127,000000,0.002291,0.00238,0.002191,0.002342,0,0
DOGE.V,D,20191128,000000,0.002342,0.002375,0.002239,0.002295,0,0
DOGE.V,D,20191129,000000,0.002297,0.002414,0.00224,0.002403,0,0
DOGE.V,D,20191130,000000,0.002326,0.002416,0.002247,0.002346,0,0
DOGE.V,D,20191201,000000,0.002346,0.002351,0.002203,0.002295,0,0
DOGE.V,D,20191202,000000,0.002295,0.002314,0.002115,0.002205,0,0
DOGE.V,D,20191203,000000,0.002205,0.0023,0.002108,0.002199,0,0
DOGE.V,D,20191204,000000,0.002199,0.002291,0.002087,0.002168,0,0
DOGE.V,D,20191205,000000,0.002168,0.002242,0.002091,0.00215,0,0
DOGE.V,D,20191206,000000,0.00215,0.002256,0.002073,0.002186,0,0
DOGE.V,D,20191207,000000,0.002186,0.002272,0.002176,0.002189,0,0
DOGE.V,D,20191208,000000,0.002189,0.002265,0.00215,0.002196,0,0
DOGE.V,D,20191209,000000,0.002196,0.002275,0.002119,0.002205,0,0
DOGE.V,D,20191210,000000,0.002205,0.002217,0.002086,0.002103,0,0
DOGE.V,D,20191211,000000,0.002104,0.002185,0.00208,0.002164,0,0
DOGE.V,D,20191212,000000,0.002165,0.00218,0.002062,0.002161,0,0
DOGE.V,D,20191213,000000,0.002161,0.002192,0.002089,0.002175,0,0
DOGE.V,D,20191214,000000,0.002175,0.002184,0.002041,0.002131,0,0
DOGE.V,D,20191215,000000,0.002131,0.002217,0.002043,0.002141,0,0
DOGE.V,D,20191216,000000,0.002141,0.002222,0.002061,0.002141,0,0
DOGE.V,D,20191217,000000,0.002072,0.002144,0.001915,0.001982,0,0
DOGE.V,D,20191218,000000,0.001981,0.002109,0.001871,0.002063,0,0
DOGE.V,D,20191219,000000,0.002074,0.002136,0.001976,0.002006,0,0
DOGE.V,D,20191220,000000,0.002006,0.002097,0.001988,0.002091,0,0
DOGE.V,D,20191221,000000,0.002091,0.002092,0.001998,0.002078,0,0
DOGE.V,D,20191222,000000,0.002079,0.002164,0.001996,0.002002,0,0
DOGE.V,D,20191223,000000,0.002077,0.002154,0.001978,0.002044,0,0
DOGE.V,D,20191224,000000,0.002044,0.002077,0.001959,0.002031,0,0
DOGE.V,D,20191225,000000,0.002031,0.002111,0.001953,0.002024,0,0
DOGE.V,D,20191226,000000,0.002023,0.0021,0.001986,0.002091,0,0
DOGE.V,D,20191227,000000,0.00209,0.002092,0.001935,0.00203,0,0
DOGE.V,D,20191228,000000,0.00203,0.002127,0.001957,0.001978,0,0
DOGE.V,D,20191229,000000,0.001978,0.002106,0.001976,0.002075,0,0
DOGE.V,D,20191230,000000,0.002075,0.002081,0.001955,0.002036,0,0
DOGE.V,D,20191231,000000,0.002036,0.00205,0.001932,0.002013,0,0
DOGE.V,D,20200101,000000,0.002013,0.002106,0.001942,0.002019,0,0
DOGE.V,D,20200102,000000,0.002017,0.002092,0.001945,0.001954,0,0
DOGE.V,D,20200103,000000,0.001954,0.002092,0.001933,0.002046,0,0
DOGE.V,D,20200104,000000,0.002046,0.002136,0.001973,0.002059,0,0
DOGE.V,D,20200105,000000,0.002059,0.002128,0.002005,0.002059,0,0
DOGE.V,D,20200106,000000,0.00206,0.002194,0.002027,0.002086,0,0
DOGE.V,D,20200107,000000,0.002085,0.002228,0.002071,0.002171,0,0
DOGE.V,D,20200108,000000,0.002172,0.002274,0.002048,0.002178,0,0
DOGE.V,D,20200109,000000,0.002179,0.002224,0.001986,0.002109,0,0
DOGE.V,D,20200110,000000,0.002109,0.002271,0.002077,0.002184,0,0
DOGE.V,D,20200111,000000,0.002184,0.002289,0.002119,0.002181,0,0
DOGE.V,D,20200112,000000,0.002181,0.002285,0.002153,0.002202,0,0
DOGE.V,D,20200113,000000,0.002202,0.002287,0.002103,0.002193,0,0
DOGE.V,D,20200114,000000,0.002193,0.002386,0.002087,0.002274,0,0
DOGE.V,D,20200115,000000,0.002272,0.002489,0.002267,0.002389,0,0
DOGE.V,D,20200116,000000,0.002388,0.002392,0.002235,0.002353,0,0
DOGE.V,D,20200117,000000,0.002353,0.002504,0.002272,0.002499,0,0
DOGE.V,D,20200118,000000,0.002499,0.002593,0.002382,0.002504,0,0
DOGE.V,D,20200119,000000,0.002504,0.002636,0.002316,0.002418,0,0
DOGE.V,D,20200120,000000,0.002418,0.002445,0.002302,0.002423,0,0
DOGE.V,D,20200121,000000,0.00242,0.002455,0.002297,0.002353,0,0
DOGE.V,D,20200122,000000,0.002353,0.002447,0.002262,0.002335,0,0
DOGE.V,D,20200123,000000,0.002335,0.002422,0.002163,0.002269,0,0
DOGE.V,D,20200124,000000,0.002269,0.002299,0.002141,0.002283,0,0
DOGE.V,D,20200125,000000,0.002283,0.002285,0.002156,0.002254,0,0
DOGE.V,D,20200126,000000,0.002254,0.002323,0.00216,0.002312,0,0
DOGE.V,D,20200127,000000,0.002313,0.002453,0.002229,0.002313,0,0
DOGE.V,D,20200128,000000,0.002313,0.002471,0.00231,0.002377,0,0
DOGE.V,D,20200129,000000,0.002377,0.002526,0.002312,0.002426,0,0
DOGE.V,D,20200130,000000,0.002426,0.002485,0.0023,0.002484,0,0
DOGE.V,D,20200131,000000,0.002485,0.002485,0.002311,0.002443,0,0
DOGE.V,D,20200201,000000,0.002444,0.002456,0.002324,0.002437,0,0
DOGE.V,D,20200202,000000,0.002437,0.002555,0.002333,0.002442,0,0
DOGE.V,D,20200203,000000,0.002536,0.002584,0.002401,0.002411,0,0
DOGE.V,D,20200204,000000,0.002411,0.00257,0.002363,0.002479,0,0
DOGE.V,D,20200205,000000,0.002479,0.002721,0.002472,0.002502,0,0
DOGE.V,D,20200206,000000,0.002502,0.002752,0.002488,0.002613,0,0
DOGE.V,D,20200207,000000,0.002613,0.00284,0.002607,0.00284,0,0
DOGE.V,D,20200208,000000,0.00284,0.00327,0.002706,0.003073,0,0
DOGE.V,D,20200209,000000,0.003172,0.003556,0.003047,0.003135,0,0
DOGE.V,D,20200210,000000,0.003236,0.003359,0.002834,0.002952,0,0
DOGE.V,D,20200211,000000,0.002952,0.003169,0.002821,0.003069,0,0
DOGE.V,D,20200212,000000,0.003069,0.003233,0.002965,0.003106,0,0
DOGE.V,D,20200213,000000,0.003106,0.003253,0.002929,0.003064,0,0
DOGE.V,D,20200214,000000,0.003064,0.00322,0.002931,0.003109,0,0
DOGE.V,D,20200215,000000,0.003109,0.00322,0.002847,0.002977,0,0
DOGE.V,D,20200216,000000,0.002977,0.003011,0.002603,0.002665,0,0
DOGE.V,D,20200217,000000,0.002666,0.002798,0.002561,0.002698,0,0
DOGE.V,D,20200218,000000,0.002698,0.002893,0.002603,0.002851,0,0
DOGE.V,D,20200219,000000,0.002851,0.00295,0.002526,0.002713,0,0
DOGE.V,D,20200220,000000,0.002713,0.002714,0.002541,0.0026,0,0
DOGE.V,D,20200221,000000,0.0026,0.002734,0.002587,0.00271,0,0
DOGE.V,D,20200222,000000,0.002709,0.002721,0.002502,0.002615,0,0
DOGE.V,D,20200223,000000,0.002614,0.002703,0.002517,0.00268,0,0
DOGE.V,D,20200224,000000,0.002681,0.002705,0.002496,0.002606,0,0
DOGE.V,D,20200225,000000,0.002605,0.002614,0.00236,0.002441,0,0
DOGE.V,D,20200226,000000,0.002441,0.002535,0.002172,0.002376,0,0
DOGE.V,D,20200227,000000,0.002375,0.002424,0.002221,0.002378,0,0
DOGE.V,D,20200228,000000,0.002375,0.002405,0.002199,0.002375,0,0
DOGE.V,D,20200229,000000,0.002377,0.002381,0.002238,0.00225,0,0
DOGE.V,D,20200301,000000,0.002251,0.002363,0.002196,0.002313,0,0
DOGE.V,D,20200302,000000,0.002314,0.002425,0.002216,0.002325,0,0
DOGE.V,D,20200303,000000,0.002323,0.002554,0.002279,0.00255,0,0
DOGE.V,D,20200304,000000,0.002549,0.002552,0.00235,0.002454,0,0
DOGE.V,D,20200305,000000,0.002455,0.00257,0.002368,0.002543,0,0
DOGE.V,D,20200306,000000,0.002543,0.002559,0.002434,0.002464,0,0
DOGE.V,D,20200307,000000,0.002464,0.00252,0.002369,0.002415,0,0
DOGE.V,D,20200308,000000,0.002415,0.002493,0.002209,0.002212,0,0
DOGE.V,D,20200309,000000,0.002212,0.002245,0.00207,0.00221,0,0
DOGE.V,D,20200310,000000,0.00221,0.002286,0.002131,0.002232,0,0
DOGE.V,D,20200311,000000,0.002232,0.002239,0.002065,0.002155,0,0
DOGE.V,D,20200312,000000,0.002154,0.002237,0.001563,0.001741,0,0
DOGE.V,D,20200313,000000,0.001685,0.001818,0.001226,0.001813,0,0
DOGE.V,D,20200314,000000,0.001812,0.001844,0.001648,0.001694,0,0
DOGE.V,D,20200315,000000,0.001692,0.001845,0.001624,0.001662,0,0
DOGE.V,D,20200316,000000,0.001661,0.001714,0.001405,0.001582,0,0
DOGE.V,D,20200317,000000,0.001583,0.001707,0.001537,0.001639,0,0
DOGE.V,D,20200318,000000,0.001638,0.001691,0.00153,0.001609,0,0
DOGE.V,D,20200319,000000,0.00161,0.001873,0.001539,0.001827,0,0
DOGE.V,D,20200320,000000,0.001828,0.001967,0.001631,0.001796,0,0
DOGE.V,D,20200321,000000,0.001765,0.001946,0.001696,0.001896,0,0
DOGE.V,D,20200322,000000,0.001896,0.001955,0.001733,0.001902,0,0
DOGE.V,D,20200323,000000,0.001902,0.002065,0.001699,0.002,0,0
DOGE.V,D,20200324,000000,0.002,0.002081,0.001799,0.001935,0,0
DOGE.V,D,20200325,000000,0.0019,0.001939,0.001755,0.001811,0,0
DOGE.V,D,20200326,000000,0.001809,0.001897,0.001789,0.001883,0,0
DOGE.V,D,20200327,000000,0.001883,0.001914,0.001785,0.001872,0,0
DOGE.V,D,20200328,000000,0.001872,0.001872,0.001662,0.001744,0,0
DOGE.V,D,20200329,000000,0.001806,0.001823,0.001706,0.001715,0,0
DOGE.V,D,20200330,000000,0.001715,0.001862,0.001679,0.001833,0,0
DOGE.V,D,20200331,000000,0.001833,0.00189,0.001779,0.001809,0,0
DOGE.V,D,20200401,000000,0.001808,0.001849,0.001728,0.001785,0,0
DOGE.V,D,20200402,000000,0.001785,0.001991,0.001785,0.001848,0,0
DOGE.V,D,20200403,000000,0.001847,0.001954,0.00179,0.001819,0,0
DOGE.V,D,20200404,000000,0.00182,0.001945,0.001805,0.001857,0,0
DOGE.V,D,20200405,000000,0.001858,0.001915,0.001808,0.001895,0,0
DOGE.V,D,20200406,000000,0.001895,0.002047,0.001828,0.001971,0,0
DOGE.V,D,20200407,000000,0.001971,0.002077,0.001924,0.002012,0,0
DOGE.V,D,20200408,000000,0.00201,0.002079,0.001934,0.00198,0,0
DOGE.V,D,20200409,000000,0.00198,0.00206,0.001957,0.002049,0,0
DOGE.V,D,20200410,000000,0.002049,0.00205,0.001844,0.002003,0,0
DOGE.V,D,20200411,000000,0.002003,0.002016,0.001903,0.001994,0,0
DOGE.V,D,20200412,000000,0.001994,0.002036,0.00192,0.001997,0,0
DOGE.V,D,20200413,000000,0.001997,0.002044,0.001858,0.001916,0,0
DOGE.V,D,20200414,000000,0.001917,0.002016,0.001898,0.00199,0,0
DOGE.V,D,20200415,000000,0.00199,0.002012,0.001876,0.001956,0,0
DOGE.V,D,20200416,000000,0.001956,0.002022,0.001883,0.001983,0,0
DOGE.V,D,20200417,000000,0.001983,0.002017,0.001962,0.001975,0,0
DOGE.V,D,20200418,000000,0.001975,0.002037,0.00197,0.002025,0,0
DOGE.V,D,20200419,000000,0.002025,0.002098,0.001983,0.002017,0,0
DOGE.V,D,20200420,000000,0.002017,0.002092,0.001903,0.00199,0,0
DOGE.V,D,20200421,000000,0.00199,0.002009,0.001904,0.002002,0,0
DOGE.V,D,20200422,000000,0.002002,0.00206,0.001913,0.001989,0,0
DOGE.V,D,20200423,000000,0.001989,0.002163,0.001972,0.002129,0,0
DOGE.V,D,20200424,000000,0.002128,0.00213,0.002002,0.002104,0,0
DOGE.V,D,20200425,000000,0.002104,0.002186,0.002022,0.002109,0,0
DOGE.V,D,20200426,000000,0.002109,0.00245,0.002106,0.002443,0,0
DOGE.V,D,20200427,000000,0.002443,0.002467,0.002292,0.002399,0,0
DOGE.V,D,20200428,000000,0.002399,0.002409,0.002302,0.002322,0,0
DOGE.V,D,20200429,000000,0.002321,0.002589,0.002246,0.002483,0,0
DOGE.V,D,20200430,000000,0.002483,0.00274,0.002358,0.002455,0,0
DOGE.V,D,20200501,000000,0.002454,0.002597,0.002409,0.002477,0,0
DOGE.V,D,20200502,000000,0.002478,0.002592,0.002424,0.002592,0,0
DOGE.V,D,20200503,000000,0.002592,0.002613,0.002447,0.002481,0,0
DOGE.V,D,20200504,000000,0.002481,0.002524,0.002307,0.002507,0,0
DOGE.V,D,20200505,000000,0.002507,0.002553,0.002382,0.002512,0,0
DOGE.V,D,20200506,000000,0.002512,0.002576,0.002414,0.002509,0,0
DOGE.V,D,20200507,000000,0.002509,0.00269,0.002446,0.002668,0,0
DOGE.V,D,20200508,000000,0.002668,0.002713,0.002538,0.002603,0,0
DOGE.V,D,20200509,000000,0.002603,0.00269,0.002512,0.002594,0,0
DOGE.V,D,20200510,000000,0.002594,0.002699,0.002286,0.002443,0,0
DOGE.V,D,20200511,000000,0.002443,0.002564,0.002308,0.002402,0,0
DOGE.V,D,20200512,000000,0.002402,0.002526,0.002384,0.00245,0,0
DOGE.V,D,20200513,000000,0.002451,0.002557,0.002434,0.002528,0,0
DOGE.V,D,20200514,000000,0.002528,0.00268,0.002483,0.002543,0,0
DOGE.V,D,20200515,000000,0.002543,0.002635,0.002455,0.002542,0,0
DOGE.V,D,20200516,000000,0.002543,0.002585,0.002452,0.002534,0,0
DOGE.V,D,20200517,000000,0.002533,0.002609,0.002464,0.002538,0,0
DOGE.V,D,20200518,000000,0.002538,0.002585,0.002472,0.002518,0,0
DOGE.V,D,20200519,000000,0.002518,0.002572,0.002465,0.002518,0,0
DOGE.V,D,20200520,000000,0.002518,0.002555,0.002426,0.002483,0,0
DOGE.V,D,20200521,000000,0.002483,0.002602,0.002379,0.002457,0,0
DOGE.V,D,20200522,000000,0.002549,0.002594,0.00242,0.002578,0,0
DOGE.V,D,20200523,000000,0.002578,0.002603,0.002459,0.002584,0,0
DOGE.V,D,20200524,000000,0.002584,0.002605,0.00244,0.002536,0,0
DOGE.V,D,20200525,000000,0.002536,0.002599,0.00242,0.002492,0,0
DOGE.V,D,20200526,000000,0.002492,0.00259,0.002438,0.002478,0,0
DOGE.V,D,20200527,000000,0.002477,0.002571,0.002448,0.002448,0,0
DOGE.V,D,20200528,000000,0.002448,0.002594,0.002447,0.002549,0,0
DOGE.V,D,20200529,000000,0.002548,0.002596,0.002438,0.002535,0,0
DOGE.V,D,20200530,000000,0.002536,0.002648,0.002522,0.00256,0,0
DOGE.V,D,20200531,000000,0.00256,0.002658,0.002546,0.002555,0,0
DOGE.V,D,20200601,000000,0.002555,0.002616,0.002512,0.002606,0,0
DOGE.V,D,20200602,000000,0.002607,0.002693,0.002441,0.002571,0,0
DOGE.V,D,20200603,000000,0.002571,0.002599,0.002477,0.002588,0,0
DOGE.V,D,20200604,000000,0.002588,0.002757,0.002503,0.00264,0,0
DOGE.V,D,20200605,000000,0.00264,0.00266,0.002503,0.002608,0,0
DOGE.V,D,20200606,000000,0.002609,0.002626,0.002494,0.002618,0,0
DOGE.V,D,20200607,000000,0.002618,0.002671,0.002498,0.002525,0,0
DOGE.V,D,20200608,000000,0.002525,0.002641,0.002513,0.002525,0,0
DOGE.V,D,20200609,000000,0.002525,0.002662,0.002499,0.002554,0,0
DOGE.V,D,20200610,000000,0.002554,0.002649,0.002524,0.002562,0,0
DOGE.V,D,20200611,000000,0.002562,0.002686,0.002365,0.00243,0,0
DOGE.V,D,20200612,000000,0.00243,0.002567,0.002402,0.002549,0,0
DOGE.V,D,20200613,000000,0.002549,0.002562,0.002435,0.002545,0,0
DOGE.V,D,20200614,000000,0.002545,0.002559,0.002422,0.002521,0,0
DOGE.V,D,20200615,000000,0.002522,0.002564,0.002328,0.002454,0,0
DOGE.V,D,20200616,000000,0.002454,0.002572,0.002358,0.002472,0,0
DOGE.V,D,20200617,000000,0.002472,0.002574,0.002404,0.002447,0,0
DOGE.V,D,20200618,000000,0.002447,0.002465,0.002412,0.002435,0,0
DOGE.V,D,20200619,000000,0.002435,0.002449,0.002402,0.002424,0,0
DOGE.V,D,20200620,000000,0.002424,0.002432,0.002388,0.002428,0,0
DOGE.V,D,20200621,000000,0.002428,0.002448,0.002419,0.002425,0,0
DOGE.V,D,20200622,000000,0.002425,0.002541,0.002394,0.002519,0,0
DOGE.V,D,20200623,000000,0.002519,0.002526,0.002396,0.002509,0,0
DOGE.V,D,20200624,000000,0.002509,0.002513,0.002394,0.002409,0,0
DOGE.V,D,20200625,000000,0.002409,0.002479,0.002341,0.002418,0,0
DOGE.V,D,20200626,000000,0.002418,0.002421,0.002352,0.002385,0,0
DOGE.V,D,20200627,000000,0.002386,0.002392,0.002231,0.002265,0,0
DOGE.V,D,20200628,000000,0.002265,0.002382,0.002237,0.002281,0,0
DOGE.V,D,20200629,000000,0.002281,0.002375,0.002257,0.002303,0,0
DOGE.V,D,20200630,000000,0.002303,0.002308,0.002267,0.002291,0,0
DOGE.V,D,20200701,000000,0.002291,0.002418,0.002274,0.002311,0,0
DOGE.V,D,20200702,000000,0.002311,0.002407,0.002239,0.00238,0,0
DOGE.V,D,20200703,000000,0.002377,0.002378,0.002265,0.002366,0,0
DOGE.V,D,20200704,000000,0.002366,0.002386,0.002265,0.002281,0,0
DOGE.V,D,20200705,000000,0.002281,0.002379,0.002235,0.00226,0,0
DOGE.V,D,20200706,000000,0.00226,0.002609,0.00226,0.0026,0,0
DOGE.V,D,20200707,000000,0.002598,0.002969,0.002504,0.002905,0,0
DOGE.V,D,20200708,000000,0.002905,0.005538,0.002905,0.004692,0,0
DOGE.V,D,20200709,000000,0.004692,0.005057,0.004046,0.004551,0,0
DOGE.V,D,20200710,000000,0.004551,0.004571,0.00294,0.003558,0,0
DOGE.V,D,20200711,000000,0.003558,0.003997,0.003393,0.003795,0,0
DOGE.V,D,20200712,000000,0.003795,0.003837,0.003606,0.003625,0,0
DOGE.V,D,20200713,000000,0.003625,0.003676,0.002984,0.003111,0,0
DOGE.V,D,20200714,000000,0.003111,0.003376,0.003034,0.003293,0,0
DOGE.V,D,20200715,000000,0.003293,0.003306,0.003028,0.003117,0,0
DOGE.V,D,20200716,000000,0.003117,0.003138,0.002811,0.002919,0,0
DOGE.V,D,20200717,000000,0.002919,0.00312,0.002919,0.003113,0,0
DOGE.V,D,20200718,000000,0.003111,0.003678,0.003018,0.003563,0,0
DOGE.V,D,20200719,000000,0.003563,0.003779,0.003313,0.003432,0,0
DOGE.V,D,20200720,000000,0.003432,0.003494,0.003152,0.003218,0,0
DOGE.V,D,20200721,000000,0.003218,0.00331,0.003182,0.00319,0,0
DOGE.V,D,20200722,000000,0.003377,0.003382,0.003163,0.003284,0,0
DOGE.V,D,20200723,000000,0.003284,0.003397,0.003188,0.003302,0,0
DOGE.V,D,20200724,000000,0.003302,0.003381,0.003115,0.003206,0,0
DOGE.V,D,20200725,000000,0.003206,0.003313,0.003107,0.003299,0,0
DOGE.V,D,20200726,000000,0.003299,0.003404,0.003133,0.003262,0,0
DOGE.V,D,20200727,000000,0.003259,0.003297,0.003026,0.003194,0,0
DOGE.V,D,20200728,000000,0.003194,0.003315,0.003054,0.003197,0,0
DOGE.V,D,20200729,000000,0.003197,0.003344,0.003058,0.003266,0,0
