<TICKER>,<PER>,<DATE>,<TIME>,<OPEN>,<HIGH>,<LOW>,<CLOSE>,<VOL>,<OPENINT>
DX.V,D,20190607,000000,0.000314,0.000319,0.000287,0.000297,0,0
DX.V,D,20190608,000000,0.000297,0.000301,0.000281,0.000298,0,0
DX.V,D,20190609,000000,0.000298,0.000303,0.000278,0.000285,0,0
DX.V,D,20190610,000000,0.000285,0.000315,0.000285,0.000295,0,0
DX.V,D,20190611,000000,0.000295,0.000324,0.000289,0.000299,0,0
DX.V,D,20190612,000000,0.000299,0.000321,0.000289,0.000302,0,0
DX.V,D,20190613,000000,0.000302,0.000355,0.000283,0.000298,0,0
DX.V,D,20190614,000000,0.000298,0.000322,0.000293,0.000306,0,0
DX.V,D,20190615,000000,0.000306,0.000318,0.000296,0.000307,0,0
DX.V,D,20190616,000000,0.000307,0.000309,0.000282,0.00029,0,0
DX.V,D,20190617,000000,0.00029,0.000301,0.000279,0.00029,0,0
DX.V,D,20190618,000000,0.00029,0.000304,0.00027,0.000278,0,0
DX.V,D,20190619,000000,0.000278,0.000299,0.000274,0.000291,0,0
DX.V,D,20190620,000000,0.000291,0.000308,0.000286,0.000294,0,0
DX.V,D,20190621,000000,0.000294,0.000323,0.000294,0.000305,0,0
DX.V,D,20190622,000000,0.000305,0.000337,0.000305,0.000319,0,0
DX.V,D,20190623,000000,0.000319,0.000332,0.00031,0.00032,0,0
DX.V,D,20190624,000000,0.00032,0.000342,0.000308,0.00033,0,0
DX.V,D,20190625,000000,0.00033,0.000339,0.000301,0.000326,0,0
DX.V,D,20190626,000000,0.000326,0.000364,0.00025,0.000327,0,0
DX.V,D,20190627,000000,0.000327,0.000327,0.000288,0.000306,0,0
DX.V,D,20190628,000000,0.000306,0.000322,0.000294,0.000309,0,0
DX.V,D,20190629,000000,0.000309,0.000324,0.000289,0.000302,0,0
DX.V,D,20190630,000000,0.000302,0.000302,0.000276,0.000278,0,0
DX.V,D,20190701,000000,0.000278,0.0003,0.000271,0.00028,0,0
DX.V,D,20190702,000000,0.00028,0.000297,0.000274,0.000292,0,0
DX.V,D,20190703,000000,0.000292,0.000305,0.000287,0.000293,0,0
DX.V,D,20190704,000000,0.000293,0.000293,0.000266,0.000277,0,0
DX.V,D,20190705,000000,0.000277,0.000296,0.000256,0.000271,0,0
DX.V,D,20190706,000000,0.000271,0.000288,0.000268,0.000285,0,0
DX.V,D,20190707,000000,0.000285,0.000306,0.000282,0.000291,0,0
DX.V,D,20190708,000000,0.000291,0.000332,0.000291,0.00031,0,0
DX.V,D,20190709,000000,0.00031,0.00032,0.000274,0.000302,0,0
DX.V,D,20190710,000000,0.000302,0.000303,0.000266,0.000286,0,0
DX.V,D,20190711,000000,0.000286,0.000286,0.00025,0.00026,0,0
DX.V,D,20190712,000000,0.00026,0.000281,0.00026,0.000273,0,0
DX.V,D,20190713,000000,0.000273,0.000274,0.000255,0.000258,0,0
DX.V,D,20190714,000000,0.000258,0.000258,0.00021,0.000228,0,0
DX.V,D,20190715,000000,0.000228,0.000244,0.000226,0.000239,0,0
DX.V,D,20190716,000000,0.000239,0.000239,0.000189,0.000199,0,0
DX.V,D,20190717,000000,0.000199,0.000262,0.000199,0.000251,0,0
DX.V,D,20190718,000000,0.000251,0.000285,0.000251,0.000276,0,0
DX.V,D,20190719,000000,0.000276,0.00029,0.000252,0.000277,0,0
DX.V,D,20190720,000000,0.000277,0.000302,0.000263,0.000284,0,0
DX.V,D,20190721,000000,0.000284,0.000304,0.000271,0.000273,0,0
DX.V,D,20190722,000000,0.000273,0.000293,0.000263,0.000282,0,0
DX.V,D,20190723,000000,0.000282,0.000287,0.000265,0.000276,0,0
DX.V,D,20190724,000000,0.000276,0.000284,0.000271,0.000277,0,0
DX.V,D,20190725,000000,0.000277,0.000283,0.000268,0.000276,0,0
DX.V,D,20190726,000000,0.000276,0.000292,0.00027,0.000274,0,0
DX.V,D,20190727,000000,0.000274,0.000274,0.000255,0.000269,0,0
DX.V,D,20190728,000000,0.000269,0.000281,0.000269,0.000275,0,0
DX.V,D,20190729,000000,0.000275,0.000287,0.000268,0.000282,0,0
DX.V,D,20190730,000000,0.000282,0.000285,0.00026,0.000264,0,0
DX.V,D,20190731,000000,0.000264,0.000284,0.000264,0.00028,0,0
DX.V,D,20190801,000000,0.00028,0.000283,0.000267,0.000272,0,0
DX.V,D,20190802,000000,0.000272,0.000283,0.000268,0.000283,0,0
DX.V,D,20190803,000000,0.000283,0.000289,0.000275,0.00028,0,0
DX.V,D,20190804,000000,0.00028,0.000287,0.000278,0.000285,0,0
DX.V,D,20190805,000000,0.000285,0.000301,0.000282,0.000289,0,0
DX.V,D,20190806,000000,0.000289,0.000289,0.000262,0.000271,0,0
DX.V,D,20190807,000000,0.000271,0.000282,0.000262,0.000282,0,0
DX.V,D,20190808,000000,0.000282,0.000282,0.000268,0.000272,0,0
DX.V,D,20190809,000000,0.000272,0.00028,0.000248,0.000274,0,0
DX.V,D,20190810,000000,0.000274,0.000274,0.000258,0.000266,0,0
DX.V,D,20190811,000000,0.000266,0.000286,0.000266,0.000275,0,0
DX.V,D,20190812,000000,0.000275,0.000283,0.000258,0.000266,0,0
DX.V,D,20190813,000000,0.000266,0.000275,0.000255,0.000271,0,0
DX.V,D,20190814,000000,0.000271,0.000271,0.000224,0.00025,0,0
DX.V,D,20190815,000000,0.00025,0.000254,0.000237,0.000243,0,0
DX.V,D,20190816,000000,0.000243,0.000248,0.000232,0.000247,0,0
DX.V,D,20190817,000000,0.000247,0.000258,0.000245,0.000254,0,0
DX.V,D,20190818,000000,0.000254,0.000271,0.000254,0.000259,0,0
DX.V,D,20190819,000000,0.000259,0.000275,0.000247,0.000269,0,0
DX.V,D,20190820,000000,0.000269,0.000281,0.00024,0.000281,0,0
DX.V,D,20190821,000000,0.000281,0.000281,0.000206,0.000234,0,0
DX.V,D,20190822,000000,0.000234,0.000267,0.000223,0.000237,0,0
DX.V,D,20190823,000000,0.000237,0.000245,0.000237,0.000241,0,0
DX.V,D,20190824,000000,0.000241,0.000241,0.000226,0.000229,0,0
DX.V,D,20190825,000000,0.000229,0.000229,0.00022,0.00022,0,0
DX.V,D,20190826,000000,0.00022,0.000236,0.00022,0.00023,0,0
DX.V,D,20190827,000000,0.00023,0.000258,0.000215,0.000225,0,0
DX.V,D,20190828,000000,0.000225,0.000225,0.000177,0.000211,0,0
DX.V,D,20190829,000000,0.000211,0.000211,0.000199,0.000211,0,0
DX.V,D,20190830,000000,0.000211,0.000224,0.000194,0.000219,0,0
DX.V,D,20190831,000000,0.000219,0.000227,0.000207,0.000219,0,0
DX.V,D,20190901,000000,0.000219,0.000223,0.000204,0.000214,0,0
DX.V,D,20190902,000000,0.000214,0.000239,0.000214,0.000227,0,0
DX.V,D,20190903,000000,0.000227,0.00024,0.000224,0.000224,0,0
DX.V,D,20190904,000000,0.000224,0.000228,0.000217,0.000224,0,0
DX.V,D,20190905,000000,0.000224,0.000232,0.000218,0.000225,0,0
DX.V,D,20190906,000000,0.000225,0.000225,0.000205,0.000207,0,0
DX.V,D,20190907,000000,0.000207,0.000248,0.000207,0.000218,0,0
DX.V,D,20190908,000000,0.000218,0.000242,0.000218,0.000242,0,0
DX.V,D,20190909,000000,0.000242,0.000242,0.000224,0.000237,0,0
DX.V,D,20190910,000000,0.000237,0.000241,0.000232,0.000239,0,0
DX.V,D,20190911,000000,0.000239,0.000239,0.000228,0.000234,0,0
DX.V,D,20190912,000000,0.000234,0.000248,0.000212,0.000232,0,0
DX.V,D,20190913,000000,0.000232,0.000238,0.000229,0.000234,0,0
DX.V,D,20190914,000000,0.000234,0.000251,0.000234,0.000246,0,0
DX.V,D,20190915,000000,0.000246,0.000263,0.000243,0.000258,0,0
DX.V,D,20190916,000000,0.000258,0.000317,0.000251,0.000301,0,0
DX.V,D,20190917,000000,0.000301,0.000374,0.000291,0.000343,0,0
DX.V,D,20190918,000000,0.000343,0.000585,0.000324,0.000459,0,0
DX.V,D,20190919,000000,0.000459,0.000506,0.000378,0.000444,0,0
DX.V,D,20190920,000000,0.000444,0.00048,0.000419,0.000471,0,0
DX.V,D,20190921,000000,0.000471,0.000505,0.000411,0.000456,0,0
DX.V,D,20190922,000000,0.000456,0.000463,0.000401,0.000425,0,0
DX.V,D,20190923,000000,0.000425,0.000472,0.000382,0.000446,0,0
DX.V,D,20190924,000000,0.000446,0.000446,0.000315,0.000371,0,0
DX.V,D,20190925,000000,0.000371,0.000443,0.000339,0.000439,0,0
DX.V,D,20190926,000000,0.000439,0.000447,0.000365,0.000435,0,0
DX.V,D,20190927,000000,0.000435,0.000495,0.000429,0.000469,0,0
DX.V,D,20190928,000000,0.000469,0.000496,0.000434,0.000482,0,0
DX.V,D,20190929,000000,0.000482,0.000501,0.000424,0.000472,0,0
DX.V,D,20190930,000000,0.000472,0.000566,0.000472,0.000495,0,0
DX.V,D,20191001,000000,0.000495,0.000529,0.000466,0.000497,0,0
DX.V,D,20191002,000000,0.000497,0.000534,0.000483,0.000512,0,0
DX.V,D,20191003,000000,0.000512,0.000512,0.000455,0.000476,0,0
DX.V,D,20191004,000000,0.000476,0.000516,0.000472,0.000497,0,0
DX.V,D,20191005,000000,0.000497,0.000504,0.000471,0.000485,0,0
DX.V,D,20191006,000000,0.000485,0.000485,0.000417,0.000468,0,0
DX.V,D,20191007,000000,0.000468,0.000536,0.000468,0.000505,0,0
DX.V,D,20191008,000000,0.000505,0.000558,0.000483,0.000502,0,0
DX.V,D,20191009,000000,0.000502,0.000545,0.000502,0.000528,0,0
DX.V,D,20191010,000000,0.000528,0.000539,0.000518,0.000527,0,0
DX.V,D,20191011,000000,0.000527,0.000527,0.00049,0.000507,0,0
DX.V,D,20191012,000000,0.000507,0.000517,0.000493,0.000504,0,0
DX.V,D,20191013,000000,0.000504,0.000528,0.000497,0.000524,0,0
DX.V,D,20191014,000000,0.000524,0.000639,0.000523,0.000561,0,0
DX.V,D,20191015,000000,0.000561,0.00058,0.000526,0.000571,0,0
DX.V,D,20191016,000000,0.000571,0.000571,0.000519,0.000545,0,0
DX.V,D,20191017,000000,0.000545,0.000563,0.000524,0.000536,0,0
DX.V,D,20191018,000000,0.000536,0.000541,0.000492,0.000534,0,0
DX.V,D,20191019,000000,0.000534,0.00055,0.000503,0.000527,0,0
DX.V,D,20191020,000000,0.000527,0.000545,0.00051,0.000535,0,0
DX.V,D,20191021,000000,0.000535,0.000541,0.000517,0.000533,0,0
DX.V,D,20191022,000000,0.000533,0.000533,0.000512,0.00052,0,0
DX.V,D,20191023,000000,0.00052,0.00052,0.000472,0.000498,0,0
DX.V,D,20191024,000000,0.000498,0.000512,0.00048,0.000486,0,0
DX.V,D,20191025,000000,0.000486,0.000575,0.000486,0.000554,0,0
DX.V,D,20191026,000000,0.000554,0.00056,0.000535,0.000558,0,0
DX.V,D,20191027,000000,0.000558,0.000583,0.000557,0.000577,0,0
DX.V,D,20191028,000000,0.000577,0.000577,0.000555,0.000561,0,0
DX.V,D,20191029,000000,0.000561,0.000606,0.000561,0.000596,0,0
DX.V,D,20191030,000000,0.000596,0.000629,0.000563,0.0006,0,0
DX.V,D,20191031,000000,0.0006,0.000634,0.000577,0.00061,0,0
DX.V,D,20191101,000000,0.00061,0.000695,0.000598,0.000653,0,0
DX.V,D,20191102,000000,0.000653,0.000666,0.000613,0.000644,0,0
DX.V,D,20191103,000000,0.000644,0.000702,0.000635,0.000666,0,0
DX.V,D,20191104,000000,0.000666,0.000696,0.000651,0.000684,0,0
DX.V,D,20191105,000000,0.000684,0.000788,0.000671,0.000739,0,0
DX.V,D,20191106,000000,0.000739,0.000813,0.000727,0.000813,0,0
DX.V,D,20191107,000000,0.000813,0.00103,0.000765,0.00103,0,0
DX.V,D,20191108,000000,0.00103,0.001351,0.001007,0.001292,0,0
DX.V,D,20191109,000000,0.001292,0.001623,0.001277,0.001599,0,0
DX.V,D,20191110,000000,0.001599,0.002171,0.001495,0.002116,0,0
DX.V,D,20191111,000000,0.002116,0.002838,0.001346,0.002132,0,0
DX.V,D,20191112,000000,0.002132,0.002572,0.001646,0.001873,0,0
DX.V,D,20191113,000000,0.001873,0.002118,0.001826,0.001881,0,0
DX.V,D,20191114,000000,0.001881,0.001881,0.001679,0.001849,0,0
DX.V,D,20191115,000000,0.001849,0.001849,0.001636,0.001636,0,0
DX.V,D,20191116,000000,0.001636,0.001689,0.001441,0.001507,0,0
DX.V,D,20191117,000000,0.001507,0.001531,0.001466,0.001512,0,0
DX.V,D,20191118,000000,0.001512,0.001866,0.001451,0.001615,0,0
DX.V,D,20191119,000000,0.001615,0.001631,0.00149,0.001552,0,0
DX.V,D,20191120,000000,0.001552,0.001555,0.001452,0.001467,0,0
DX.V,D,20191121,000000,0.001467,0.001467,0.001262,0.001293,0,0
DX.V,D,20191122,000000,0.001293,0.001293,0.000816,0.001103,0,0
DX.V,D,20191123,000000,0.001103,0.001137,0.001055,0.001081,0,0
DX.V,D,20191124,000000,0.001081,0.001081,0.000986,0.00106,0,0
DX.V,D,20191125,000000,0.00106,0.001104,0.001024,0.001053,0,0
DX.V,D,20191126,000000,0.001053,0.001079,0.001049,0.001058,0,0
DX.V,D,20191127,000000,0.001058,0.001094,0.00103,0.001044,0,0
DX.V,D,20191128,000000,0.001044,0.00107,0.001015,0.001047,0,0
DX.V,D,20191129,000000,0.001047,0.00108,0.001015,0.001049,0,0
DX.V,D,20191130,000000,0.001049,0.001049,0.001001,0.001011,0,0
DX.V,D,20191201,000000,0.001011,0.00102,0.000999,0.001007,0,0
DX.V,D,20191202,000000,0.001007,0.001007,0.000907,0.000907,0,0
DX.V,D,20191203,000000,0.000907,0.00091,0.000779,0.000839,0,0
DX.V,D,20191204,000000,0.000839,0.00131,0.000828,0.001284,0,0
DX.V,D,20191205,000000,0.001284,0.001335,0.001022,0.001102,0,0
DX.V,D,20191206,000000,0.001102,0.001213,0.001102,0.001152,0,0
DX.V,D,20191207,000000,0.001152,0.001188,0.001135,0.001172,0,0
DX.V,D,20191208,000000,0.001172,0.00121,0.00116,0.001172,0,0
DX.V,D,20191209,000000,0.001172,0.001172,0.001133,0.001167,0,0
DX.V,D,20191210,000000,0.001167,0.001167,0.001119,0.001138,0,0
DX.V,D,20191211,000000,0.001138,0.001142,0.00112,0.001142,0,0
DX.V,D,20191212,000000,0.001142,0.00123,0.001142,0.001185,0,0
DX.V,D,20191213,000000,0.001185,0.001206,0.001168,0.001189,0,0
DX.V,D,20191214,000000,0.001189,0.001189,0.001157,0.001173,0,0
DX.V,D,20191215,000000,0.001173,0.001209,0.001159,0.001182,0,0
DX.V,D,20191216,000000,0.001182,0.001182,0.001061,0.001109,0,0
DX.V,D,20191217,000000,0.001109,0.001109,0.001004,0.00102,0,0
DX.V,D,20191218,000000,0.00102,0.001127,0.00102,0.001102,0,0
DX.V,D,20191219,000000,0.001102,0.001102,0.001044,0.00108,0,0
DX.V,D,20191220,000000,0.00108,0.001083,0.001031,0.001054,0,0
DX.V,D,20191221,000000,0.001054,0.001076,0.001029,0.001061,0,0
DX.V,D,20191222,000000,0.001061,0.001103,0.00106,0.001088,0,0
DX.V,D,20191223,000000,0.001088,0.001088,0.000999,0.001049,0,0
DX.V,D,20191224,000000,0.001049,0.001049,0.001011,0.001019,0,0
DX.V,D,20191225,000000,0.001019,0.001026,0.000973,0.000984,0,0
DX.V,D,20191226,000000,0.000984,0.001005,0.000967,0.000984,0,0
DX.V,D,20191227,000000,0.000984,0.000999,0.000969,0.000982,0,0
DX.V,D,20191228,000000,0.000982,0.001001,0.000964,0.000974,0,0
DX.V,D,20191229,000000,0.000974,0.001023,0.000914,0.000915,0,0
DX.V,D,20191230,000000,0.000915,0.000971,0.000832,0.000884,0,0
DX.V,D,20191231,000000,0.000884,0.000886,0.000858,0.000877,0,0
DX.V,D,20200101,000000,0.000877,0.000909,0.000875,0.000892,0,0
DX.V,D,20200102,000000,0.000892,0.000892,0.000857,0.000878,0,0
DX.V,D,20200103,000000,0.000878,0.000926,0.000866,0.000894,0,0
DX.V,D,20200104,000000,0.000894,0.000978,0.000868,0.000895,0,0
DX.V,D,20200105,000000,0.000895,0.000975,0.000868,0.00089,0,0
DX.V,D,20200106,000000,0.00089,0.000968,0.00089,0.000929,0,0
DX.V,D,20200107,000000,0.000929,0.000955,0.000869,0.000872,0,0
DX.V,D,20200108,000000,0.000872,0.001072,0.000802,0.000941,0,0
DX.V,D,20200109,000000,0.000941,0.000941,0.000869,0.000884,0,0
DX.V,D,20200110,000000,0.000884,0.000958,0.000884,0.000924,0,0
DX.V,D,20200111,000000,0.000924,0.000939,0.000893,0.000899,0,0
DX.V,D,20200112,000000,0.000899,0.000939,0.000879,0.000914,0,0
DX.V,D,20200113,000000,0.000914,0.001315,0.000897,0.001221,0,0
DX.V,D,20200114,000000,0.001221,0.001446,0.001116,0.001169,0,0
DX.V,D,20200115,000000,0.001169,0.00126,0.001097,0.001167,0,0
DX.V,D,20200116,000000,0.001167,0.001244,0.001127,0.00119,0,0
DX.V,D,20200117,000000,0.00119,0.001273,0.001168,0.001207,0,0
DX.V,D,20200118,000000,0.001207,0.001249,0.001201,0.001228,0,0
DX.V,D,20200119,000000,0.001228,0.001299,0.00116,0.001279,0,0
DX.V,D,20200120,000000,0.001279,0.001331,0.001264,0.001277,0,0
DX.V,D,20200121,000000,0.001277,0.001341,0.001258,0.001269,0,0
DX.V,D,20200122,000000,0.001269,0.001284,0.001225,0.001252,0,0
DX.V,D,20200123,000000,0.001252,0.001252,0.001203,0.001231,0,0
DX.V,D,20200124,000000,0.001231,0.001243,0.001202,0.001236,0,0
DX.V,D,20200125,000000,0.001236,0.001262,0.001191,0.001199,0,0
DX.V,D,20200126,000000,0.001199,0.001255,0.001194,0.001199,0,0
DX.V,D,20200127,000000,0.001199,0.00123,0.001186,0.001193,0,0
DX.V,D,20200128,000000,0.001193,0.001301,0.001193,0.001202,0,0
DX.V,D,20200129,000000,0.001202,0.001227,0.001137,0.001149,0,0
DX.V,D,20200130,000000,0.001149,0.001254,0.001079,0.001101,0,0
DX.V,D,20200131,000000,0.001101,0.001101,0.001001,0.001053,0,0
DX.V,D,20200201,000000,0.001053,0.001082,0.000995,0.00101,0,0
DX.V,D,20200202,000000,0.00101,0.001042,0.000925,0.000993,0,0
DX.V,D,20200203,000000,0.000993,0.001021,0.000953,0.000966,0,0
DX.V,D,20200204,000000,0.000966,0.001131,0.000957,0.00105,0,0
DX.V,D,20200205,000000,0.00105,0.001172,0.001027,0.001042,0,0
DX.V,D,20200206,000000,0.001042,0.001141,0.000937,0.001069,0,0
DX.V,D,20200207,000000,0.001069,0.001122,0.00098,0.001044,0,0
DX.V,D,20200208,000000,0.001044,0.001123,0.000996,0.001031,0,0
DX.V,D,20200209,000000,0.001031,0.001097,0.001024,0.001036,0,0
DX.V,D,20200210,000000,0.001036,0.001069,0.000995,0.001058,0,0
DX.V,D,20200211,000000,0.001058,0.00126,0.001058,0.001208,0,0
DX.V,D,20200212,000000,0.001208,0.001408,0.001208,0.001315,0,0
DX.V,D,20200213,000000,0.001315,0.001415,0.001289,0.001329,0,0
DX.V,D,20200214,000000,0.001329,0.001529,0.001309,0.001315,0,0
DX.V,D,20200215,000000,0.001315,0.001383,0.001218,0.001306,0,0
DX.V,D,20200216,000000,0.001306,0.001388,0.001263,0.001318,0,0
DX.V,D,20200217,000000,0.001318,0.001474,0.001314,0.001343,0,0
DX.V,D,20200218,000000,0.001343,0.001695,0.001343,0.001491,0,0
DX.V,D,20200219,000000,0.001491,0.001501,0.001358,0.001501,0,0
DX.V,D,20200220,000000,0.001501,0.001624,0.001417,0.001624,0,0
DX.V,D,20200221,000000,0.001624,0.001859,0.001624,0.001774,0,0
DX.V,D,20200222,000000,0.001774,0.002009,0.001702,0.001876,0,0
DX.V,D,20200223,000000,0.001876,0.002067,0.001874,0.002054,0,0
DX.V,D,20200224,000000,0.002054,0.002091,0.001836,0.002006,0,0
DX.V,D,20200225,000000,0.002006,0.002088,0.001856,0.002041,0,0
DX.V,D,20200226,000000,0.002041,0.002041,0.001682,0.00177,0,0
DX.V,D,20200227,000000,0.00177,0.001923,0.00175,0.001816,0,0
DX.V,D,20200228,000000,0.001816,0.001825,0.001604,0.001648,0,0
DX.V,D,20200229,000000,0.001648,0.001822,0.001574,0.001807,0,0
DX.V,D,20200301,000000,0.001807,0.00182,0.001557,0.001557,0,0
DX.V,D,20200302,000000,0.001557,0.001659,0.001451,0.001518,0,0
DX.V,D,20200303,000000,0.001518,0.001584,0.001463,0.001578,0,0
DX.V,D,20200304,000000,0.001578,0.001663,0.001555,0.001629,0,0
DX.V,D,20200305,000000,0.001629,0.001711,0.001624,0.001695,0,0
DX.V,D,20200306,000000,0.001695,0.00188,0.001695,0.001868,0,0
DX.V,D,20200307,000000,0.001868,0.001876,0.001783,0.00184,0,0
DX.V,D,20200308,000000,0.00184,0.00184,0.001506,0.001657,0,0
DX.V,D,20200309,000000,0.001657,0.001712,0.001584,0.001665,0,0
DX.V,D,20200310,000000,0.001665,0.001665,0.001515,0.001565,0,0
DX.V,D,20200311,000000,0.001565,0.001615,0.001452,0.001594,0,0
DX.V,D,20200312,000000,0.001594,0.001594,0.00088,0.001084,0,0
DX.V,D,20200313,000000,0.001084,0.001595,0.001084,0.001399,0,0
DX.V,D,20200314,000000,0.001399,0.001399,0.001226,0.001267,0,0
DX.V,D,20200315,000000,0.001267,0.001408,0.001267,0.001355,0,0
DX.V,D,20200316,000000,0.001355,0.001358,0.001169,0.001275,0,0
DX.V,D,20200317,000000,0.001275,0.001384,0.001228,0.001344,0,0
DX.V,D,20200318,000000,0.001344,0.001371,0.001281,0.001282,0,0
DX.V,D,20200319,000000,0.001282,0.001493,0.001282,0.001344,0,0
DX.V,D,20200320,000000,0.001344,0.001387,0.001201,0.001294,0,0
DX.V,D,20200321,000000,0.001294,0.001335,0.001238,0.001287,0,0
DX.V,D,20200322,000000,0.001287,0.001287,0.001173,0.001217,0,0
DX.V,D,20200323,000000,0.001217,0.001365,0.001217,0.00132,0,0
DX.V,D,20200324,000000,0.00132,0.001349,0.001249,0.001279,0,0
DX.V,D,20200325,000000,0.001279,0.001336,0.001213,0.001281,0,0
DX.V,D,20200326,000000,0.001281,0.001324,0.001237,0.001299,0,0
DX.V,D,20200327,000000,0.001299,0.001299,0.001184,0.001218,0,0
DX.V,D,20200328,000000,0.001218,0.001252,0.001216,0.001223,0,0
DX.V,D,20200329,000000,0.001223,0.001223,0.001158,0.001179,0,0
DX.V,D,20200330,000000,0.001179,0.00129,0.001179,0.00127,0,0
DX.V,D,20200331,000000,0.00127,0.001318,0.001253,0.001296,0,0
DX.V,D,20200401,000000,0.001296,0.001347,0.001269,0.00129,0,0
DX.V,D,20200402,000000,0.00129,0.001347,0.001276,0.001287,0,0
DX.V,D,20200403,000000,0.001287,0.0013,0.001276,0.00128,0,0
DX.V,D,20200404,000000,0.00128,0.001329,0.00128,0.001315,0,0
DX.V,D,20200405,000000,0.001315,0.001315,0.001299,0.001302,0,0
DX.V,D,20200406,000000,0.001302,0.001582,0.001302,0.00151,0,0
DX.V,D,20200407,000000,0.00151,0.00151,0.00133,0.001395,0,0
DX.V,D,20200408,000000,0.001395,0.001469,0.001395,0.001432,0,0
DX.V,D,20200409,000000,0.001432,0.001432,0.001378,0.0014,0,0
DX.V,D,20200410,000000,0.001401,0.001406,0.001291,0.001348,0,0
DX.V,D,20200411,000000,0.001349,0.001365,0.001308,0.001345,0,0
DX.V,D,20200412,000000,0.001345,0.001404,0.001323,0.001372,0,0
DX.V,D,20200413,000000,0.001372,0.001376,0.001285,0.00135,0,0
DX.V,D,20200414,000000,0.001351,0.001462,0.001348,0.00145,0,0
DX.V,D,20200415,000000,0.00145,0.001496,0.001405,0.001415,0,0
DX.V,D,20200416,000000,0.001414,0.001529,0.001377,0.001509,0,0
DX.V,D,20200417,000000,0.001509,0.001557,0.001488,0.00152,0,0
DX.V,D,20200418,000000,0.00152,0.001601,0.001502,0.001567,0,0
DX.V,D,20200419,000000,0.001567,0.001591,0.001487,0.001539,0,0
DX.V,D,20200420,000000,0.001539,0.001552,0.001394,0.001423,0,0
DX.V,D,20200421,000000,0.001423,0.001456,0.0014,0.001433,0,0
DX.V,D,20200422,000000,0.001433,0.001509,0.001414,0.001487,0,0
DX.V,D,20200423,000000,0.001487,0.001589,0.001463,0.001545,0,0
DX.V,D,20200424,000000,0.001544,0.00155,0.001485,0.001538,0,0
DX.V,D,20200425,000000,0.001538,0.001584,0.001503,0.001524,0,0
DX.V,D,20200426,000000,0.001524,0.001601,0.001523,0.001573,0,0
DX.V,D,20200427,000000,0.001573,0.001747,0.001556,0.00168,0,0
DX.V,D,20200428,000000,0.001679,0.00169,0.001614,0.001658,0,0
DX.V,D,20200429,000000,0.001658,0.001806,0.001624,0.001763,0,0
DX.V,D,20200430,000000,0.001763,0.001824,0.001651,0.001701,0,0
DX.V,D,20200501,000000,0.001701,0.001858,0.001644,0.001782,0,0
DX.V,D,20200502,000000,0.001782,0.001825,0.001755,0.001817,0,0
DX.V,D,20200503,000000,0.001817,0.001857,0.001747,0.001802,0,0
DX.V,D,20200504,000000,0.001802,0.001811,0.001678,0.001776,0,0
DX.V,D,20200505,000000,0.001776,0.001891,0.001734,0.001779,0,0
DX.V,D,20200506,000000,0.001779,0.001886,0.001744,0.001812,0,0
DX.V,D,20200507,000000,0.001812,0.001866,0.001731,0.001841,0,0
DX.V,D,20200508,000000,0.001841,0.001849,0.001767,0.001832,0,0
DX.V,D,20200509,000000,0.001832,0.00188,0.001782,0.001795,0,0
DX.V,D,20200510,000000,0.001795,0.001814,0.001563,0.001715,0,0
DX.V,D,20200511,000000,0.001715,0.001734,0.001598,0.001658,0,0
DX.V,D,20200512,000000,0.001659,0.001739,0.001622,0.001666,0,0
DX.V,D,20200513,000000,0.001668,0.001751,0.001631,0.001748,0,0
DX.V,D,20200514,000000,0.001748,0.001793,0.001703,0.001765,0,0
DX.V,D,20200515,000000,0.001765,0.001777,0.001663,0.001702,0,0
DX.V,D,20200516,000000,0.001703,0.001761,0.001663,0.001755,0,0
DX.V,D,20200517,000000,0.001756,0.001807,0.001698,0.001796,0,0
DX.V,D,20200518,000000,0.001796,0.001875,0.001763,0.001804,0,0
DX.V,D,20200519,000000,0.001804,0.001882,0.001751,0.001817,0,0
DX.V,D,20200520,000000,0.001818,0.001842,0.001749,0.001768,0,0
DX.V,D,20200521,000000,0.001768,0.001784,0.001633,0.001687,0,0
DX.V,D,20200522,000000,0.001688,0.001768,0.001661,0.001767,0,0
DX.V,D,20200523,000000,0.001767,0.001772,0.001707,0.001734,0,0
DX.V,D,20200524,000000,0.001734,0.00176,0.001677,0.001704,0,0
DX.V,D,20200525,000000,0.001704,0.001708,0.001398,0.001602,0,0
DX.V,D,20200526,000000,0.001602,0.001661,0.001409,0.001509,0,0
DX.V,D,20200527,000000,0.001509,0.001653,0.001427,0.001541,0,0
DX.V,D,20200528,000000,0.001541,0.001627,0.001541,0.001613,0,0
DX.V,D,20200529,000000,0.001613,0.001665,0.001558,0.001569,0,0
DX.V,D,20200530,000000,0.001569,0.001643,0.001541,0.001603,0,0
DX.V,D,20200531,000000,0.001604,0.001649,0.001561,0.001583,0,0
DX.V,D,20200601,000000,0.001582,0.001613,0.001549,0.001607,0,0
DX.V,D,20200602,000000,0.001607,0.001636,0.001484,0.001555,0,0
DX.V,D,20200603,000000,0.001555,0.001593,0.001505,0.001575,0,0
DX.V,D,20200604,000000,0.001575,0.001684,0.001566,0.001616,0,0
DX.V,D,20200605,000000,0.001616,0.001721,0.001604,0.001646,0,0
DX.V,D,20200606,000000,0.001647,0.001691,0.001604,0.001664,0,0
DX.V,D,20200607,000000,0.001664,0.001696,0.001625,0.001687,0,0
DX.V,D,20200608,000000,0.001687,0.0017,0.001657,0.001684,0,0
DX.V,D,20200609,000000,0.001684,0.001704,0.001633,0.001674,0,0
DX.V,D,20200610,000000,0.001674,0.001707,0.001652,0.001674,0,0
DX.V,D,20200611,000000,0.001674,0.001703,0.001555,0.0016,0,0
DX.V,D,20200612,000000,0.0016,0.001646,0.00157,0.001629,0,0
DX.V,D,20200613,000000,0.001629,0.001649,0.001609,0.001633,0,0
DX.V,D,20200614,000000,0.001633,0.001649,0.001604,0.001611,0,0
DX.V,D,20200615,000000,0.001611,0.001634,0.001549,0.001625,0,0
DX.V,D,20200616,000000,0.001625,0.001663,0.001609,0.001636,0,0
DX.V,D,20200617,000000,0.001636,0.001662,0.001591,0.00163,0,0
DX.V,D,20200618,000000,0.00163,0.00166,0.001566,0.001591,0,0
DX.V,D,20200619,000000,0.001591,0.001645,0.001581,0.0016,0,0
DX.V,D,20200620,000000,0.0016,0.001632,0.001588,0.001603,0,0
DX.V,D,20200621,000000,0.001603,0.001644,0.001601,0.001629,0,0
DX.V,D,20200622,000000,0.001629,0.00174,0.001613,0.001709,0,0
DX.V,D,20200623,000000,0.001709,0.001869,0.001706,0.001858,0,0
DX.V,D,20200624,000000,0.001858,0.002223,0.001845,0.002038,0,0
DX.V,D,20200625,000000,0.002038,0.002052,0.001981,0.002044,0,0
DX.V,D,20200626,000000,0.002044,0.002046,0.001951,0.001974,0,0
DX.V,D,20200627,000000,0.001974,0.002072,0.001922,0.00196,0,0
DX.V,D,20200628,000000,0.00196,0.002041,0.001924,0.002013,0,0
DX.V,D,20200629,000000,0.002013,0.002042,0.001972,0.002001,0,0
DX.V,D,20200630,000000,0.002001,0.00201,0.001919,0.001971,0,0
DX.V,D,20200701,000000,0.00197,0.002055,0.001951,0.002021,0,0
DX.V,D,20200702,000000,0.002021,0.002029,0.001933,0.001987,0,0
DX.V,D,20200703,000000,0.001984,0.002046,0.001953,0.00201,0,0
DX.V,D,20200704,000000,0.00201,0.002011,0.001961,0.001984,0,0
DX.V,D,20200705,000000,0.001984,0.00201,0.001959,0.001972,0,0
DX.V,D,20200706,000000,0.001971,0.002105,0.001971,0.002017,0,0
DX.V,D,20200707,000000,0.002017,0.002093,0.00197,0.002027,0,0
DX.V,D,20200708,000000,0.002027,0.002111,0.001975,0.002045,0,0
DX.V,D,20200709,000000,0.002045,0.002093,0.001958,0.002,0,0
DX.V,D,20200710,000000,0.002,0.002031,0.001968,0.002001,0,0
DX.V,D,20200711,000000,0.002002,0.002021,0.001995,0.002015,0,0
DX.V,D,20200712,000000,0.002015,0.002054,0.001994,0.002024,0,0
DX.V,D,20200713,000000,0.002025,0.002095,0.002,0.002028,0,0
DX.V,D,20200714,000000,0.002028,0.002067,0.002,0.002045,0,0
DX.V,D,20200715,000000,0.002045,0.002086,0.002013,0.002077,0,0
DX.V,D,20200716,000000,0.002077,0.002088,0.002,0.002053,0,0
DX.V,D,20200717,000000,0.002053,0.0021,0.002034,0.002066,0,0
DX.V,D,20200718,000000,0.002056,0.002057,0.002003,0.002036,0,0
DX.V,D,20200719,000000,0.002036,0.002094,0.001999,0.002032,0,0
DX.V,D,20200720,000000,0.002032,0.00209,0.002032,0.002035,0,0
DX.V,D,20200721,000000,0.002035,0.002311,0.002029,0.002253,0,0
DX.V,D,20200722,000000,0.002251,0.002319,0.002236,0.002286,0,0
DX.V,D,20200723,000000,0.002288,0.002502,0.002285,0.002501,0,0
DX.V,D,20200724,000000,0.002501,0.002717,0.002455,0.002701,0,0
DX.V,D,20200725,000000,0.002701,0.003013,0.002669,0.003008,0,0
DX.V,D,20200726,000000,0.003008,0.003042,0.002659,0.002769,0,0
DX.V,D,20200727,000000,0.002769,0.003005,0.002747,0.002893,0,0
DX.V,D,20200728,000000,0.002892,0.002919,0.002623,0.002724,0,0
DX.V,D,20200729,000000,0.002724,0.00275,0.002661,0.002681,0,0
