<TICKER>,<PER>,<DATE>,<TIME>,<OPEN>,<HIGH>,<LOW>,<CLOSE>,<VOL>,<OPENINT>
ENJ.V,D,20171101,000000,0.03521,0.03706,0.007951,0.02345,0,0
ENJ.V,D,20171102,000000,0.02345,0.02452,0.0163,0.01819,0,0
ENJ.V,D,20171103,000000,0.01819,0.02575,0.01767,0.02203,0,0
ENJ.V,D,20171104,000000,0.02201,0.02408,0.01915,0.01922,0,0
ENJ.V,D,20171105,000000,0.01922,0.02062,0.01759,0.0201,0,0
ENJ.V,D,20171106,000000,0.0201,0.0215,0.0167,0.01782,0,0
ENJ.V,D,20171107,000000,0.01782,0.02067,0.0169,0.01747,0,0
ENJ.V,D,20171108,000000,0.01747,0.02166,0.01747,0.02092,0,0
ENJ.V,D,20171109,000000,0.02092,0.02495,0.01847,0.02289,0,0
ENJ.V,D,20171110,000000,0.02303,0.02303,0.01779,0.0195,0,0
ENJ.V,D,20171111,000000,0.0195,0.02149,0.01839,0.01915,0,0
ENJ.V,D,20171112,000000,0.01915,0.0194,0.01634,0.01857,0,0
ENJ.V,D,20171113,000000,0.01857,0.02544,0.01857,0.02394,0,0
ENJ.V,D,20171114,000000,0.02394,0.03028,0.02388,0.02857,0,0
ENJ.V,D,20171115,000000,0.02843,0.03277,0.02236,0.02498,0,0
ENJ.V,D,20171116,000000,0.02505,0.02733,0.01971,0.0216,0,0
ENJ.V,D,20171117,000000,0.02168,0.02168,0.01863,0.01925,0,0
ENJ.V,D,20171118,000000,0.01925,0.0214,0.01925,0.02078,0,0
ENJ.V,D,20171119,000000,0.02078,0.02654,0.02059,0.02381,0,0
ENJ.V,D,20171120,000000,0.02381,0.02581,0.02251,0.02284,0,0
ENJ.V,D,20171121,000000,0.02284,0.02438,0.02138,0.02155,0,0
ENJ.V,D,20171122,000000,0.02155,0.02372,0.01976,0.02281,0,0
ENJ.V,D,20171123,000000,0.02281,0.02797,0.02067,0.02396,0,0
ENJ.V,D,20171124,000000,0.02396,0.02583,0.02124,0.02395,0,0
ENJ.V,D,20171125,000000,0.02395,0.02556,0.02197,0.02294,0,0
ENJ.V,D,20171126,000000,0.02294,0.02544,0.02294,0.02423,0,0
ENJ.V,D,20171127,000000,0.02423,0.02852,0.02317,0.02774,0,0
ENJ.V,D,20171128,000000,0.02774,0.02873,0.02407,0.02556,0,0
ENJ.V,D,20171129,000000,0.02556,0.02627,0.02046,0.02154,0,0
ENJ.V,D,20171130,000000,0.02157,0.02298,0.02019,0.02278,0,0
ENJ.V,D,20171201,000000,0.02278,0.02628,0.02278,0.02444,0,0
ENJ.V,D,20171202,000000,0.02444,0.02794,0.02423,0.02706,0,0
ENJ.V,D,20171203,000000,0.02706,0.02857,0.02362,0.02519,0,0
ENJ.V,D,20171204,000000,0.0253,0.02743,0.02441,0.02662,0,0
ENJ.V,D,20171205,000000,0.02662,0.0287,0.0259,0.02742,0,0
ENJ.V,D,20171206,000000,0.02742,0.03891,0.02742,0.03644,0,0
ENJ.V,D,20171207,000000,0.03644,0.06218,0.03644,0.05156,0,0
ENJ.V,D,20171208,000000,0.05162,0.05162,0.03659,0.04124,0,0
ENJ.V,D,20171209,000000,0.0414,0.0423,0.03518,0.03963,0,0
ENJ.V,D,20171210,000000,0.03962,0.05045,0.03946,0.04322,0,0
ENJ.V,D,20171211,000000,0.04322,0.05087,0.04322,0.04668,0,0
ENJ.V,D,20171212,000000,0.04669,0.05176,0.04356,0.04766,0,0
ENJ.V,D,20171213,000000,0.04766,0.04805,0.04169,0.04739,0,0
ENJ.V,D,20171214,000000,0.04739,0.05418,0.04479,0.05385,0,0
ENJ.V,D,20171215,000000,0.05385,0.05986,0.05123,0.05933,0,0
ENJ.V,D,20171216,000000,0.05929,0.1105,0.05929,0.08783,0,0
ENJ.V,D,20171217,000000,0.08783,0.1512,0.08217,0.1155,0,0
ENJ.V,D,20171218,000000,0.1155,0.1322,0.1059,0.1212,0,0
ENJ.V,D,20171219,000000,0.1212,0.1316,0.1055,0.1277,0,0
ENJ.V,D,20171220,000000,0.1277,0.1277,0.08873,0.1068,0,0
ENJ.V,D,20171221,000000,0.1068,0.1152,0.09723,0.1041,0,0
ENJ.V,D,20171222,000000,0.1041,0.1041,0.07762,0.09388,0,0
ENJ.V,D,20171223,000000,0.09388,0.1802,0.09388,0.1555,0,0
ENJ.V,D,20171224,000000,0.1553,0.172,0.134,0.14,0,0
ENJ.V,D,20171225,000000,0.1401,0.1677,0.1385,0.1477,0,0
ENJ.V,D,20171226,000000,0.1477,0.1716,0.115,0.1481,0,0
ENJ.V,D,20171227,000000,0.1481,0.1825,0.1255,0.1565,0,0
ENJ.V,D,20171228,000000,0.1565,0.1652,0.1387,0.1496,0,0
ENJ.V,D,20171229,000000,0.1496,0.1721,0.149,0.1654,0,0
ENJ.V,D,20171230,000000,0.1654,0.1654,0.1306,0.1565,0,0
ENJ.V,D,20171231,000000,0.1565,0.2212,0.1558,0.1695,0,0
ENJ.V,D,20180101,000000,0.1695,0.199,0.1615,0.1776,0,0
ENJ.V,D,20180102,000000,0.1776,0.2157,0.1263,0.1945,0,0
ENJ.V,D,20180103,000000,0.1945,0.2414,0.1667,0.2242,0,0
ENJ.V,D,20180104,000000,0.224,0.4083,0.2169,0.3338,0,0
ENJ.V,D,20180105,000000,0.3337,0.5285,0.3337,0.364,0,0
ENJ.V,D,20180106,000000,0.3649,0.4643,0.3649,0.4475,0,0
ENJ.V,D,20180107,000000,0.4491,0.4774,0.2872,0.4266,0,0
ENJ.V,D,20180108,000000,0.4265,0.4481,0.3479,0.3843,0,0
ENJ.V,D,20180109,000000,0.382,0.4063,0.3446,0.3708,0,0
ENJ.V,D,20180110,000000,0.3708,0.4015,0.2993,0.3579,0,0
ENJ.V,D,20180111,000000,0.3576,0.3696,0.2682,0.3274,0,0
ENJ.V,D,20180112,000000,0.3278,0.4756,0.3197,0.4026,0,0
ENJ.V,D,20180113,000000,0.3986,0.4554,0.3565,0.3804,0,0
ENJ.V,D,20180114,000000,0.381,0.3869,0.3138,0.3219,0,0
ENJ.V,D,20180115,000000,0.3219,0.346,0.2733,0.2953,0,0
ENJ.V,D,20180116,000000,0.2953,0.2953,0.1537,0.1921,0,0
ENJ.V,D,20180117,000000,0.1921,0.2455,0.1677,0.2335,0,0
ENJ.V,D,20180118,000000,0.2334,0.2808,0.228,0.2404,0,0
ENJ.V,D,20180119,000000,0.2398,0.2647,0.2387,0.2471,0,0
ENJ.V,D,20180120,000000,0.2458,0.2811,0.2398,0.2556,0,0
ENJ.V,D,20180121,000000,0.2554,0.2554,0.2025,0.2158,0,0
ENJ.V,D,20180122,000000,0.2158,0.2158,0.1949,0.2008,0,0
ENJ.V,D,20180123,000000,0.2007,0.2366,0.1963,0.2218,0,0
ENJ.V,D,20180124,000000,0.2221,0.2647,0.2221,0.2346,0,0
ENJ.V,D,20180125,000000,0.2336,0.2987,0.2259,0.2963,0,0
ENJ.V,D,20180126,000000,0.2967,0.3199,0.2588,0.2764,0,0
ENJ.V,D,20180127,000000,0.2764,0.298,0.2704,0.28,0,0
ENJ.V,D,20180128,000000,0.28,0.2907,0.2577,0.2668,0,0
ENJ.V,D,20180129,000000,0.2668,0.2751,0.2478,0.2653,0,0
ENJ.V,D,20180130,000000,0.2663,0.2663,0.2176,0.2247,0,0
ENJ.V,D,20180131,000000,0.225,0.234,0.2046,0.2118,0,0
ENJ.V,D,20180201,000000,0.2118,0.2118,0.1714,0.1765,0,0
ENJ.V,D,20180202,000000,0.1764,0.1764,0.1465,0.172,0,0
ENJ.V,D,20180203,000000,0.172,0.1902,0.17,0.1808,0,0
ENJ.V,D,20180204,000000,0.1808,0.1808,0.1432,0.1461,0,0
ENJ.V,D,20180205,000000,0.1472,0.1472,0.09434,0.1031,0,0
ENJ.V,D,20180206,000000,0.1031,0.165,0.1031,0.1552,0,0
ENJ.V,D,20180207,000000,0.1552,0.1557,0.1285,0.132,0,0
ENJ.V,D,20180208,000000,0.1321,0.1662,0.1321,0.1517,0,0
ENJ.V,D,20180209,000000,0.1517,0.1667,0.1437,0.163,0,0
ENJ.V,D,20180210,000000,0.1631,0.1631,0.1458,0.1498,0,0
ENJ.V,D,20180211,000000,0.1498,0.1498,0.1303,0.1365,0,0
ENJ.V,D,20180212,000000,0.1365,0.1558,0.1365,0.1466,0,0
ENJ.V,D,20180213,000000,0.1466,0.1683,0.1243,0.1524,0,0
ENJ.V,D,20180214,000000,0.1524,0.1838,0.1524,0.1635,0,0
ENJ.V,D,20180215,000000,0.1635,0.1824,0.1635,0.1779,0,0
ENJ.V,D,20180216,000000,0.1778,0.1925,0.1778,0.1885,0,0
ENJ.V,D,20180217,000000,0.1885,0.2365,0.1885,0.2172,0,0
ENJ.V,D,20180218,000000,0.2172,0.2172,0.1878,0.1937,0,0
ENJ.V,D,20180219,000000,0.1937,0.2542,0.1937,0.2425,0,0
ENJ.V,D,20180220,000000,0.2425,0.2664,0.2025,0.2077,0,0
ENJ.V,D,20180221,000000,0.2077,0.2088,0.1812,0.1908,0,0
ENJ.V,D,20180222,000000,0.1907,0.1907,0.1699,0.1773,0,0
ENJ.V,D,20180223,000000,0.1773,0.1875,0.1741,0.1818,0,0
ENJ.V,D,20180224,000000,0.1818,0.1818,0.1648,0.1698,0,0
ENJ.V,D,20180225,000000,0.1698,0.1858,0.1644,0.1814,0,0
ENJ.V,D,20180226,000000,0.1814,0.2155,0.1814,0.1888,0,0
ENJ.V,D,20180227,000000,0.189,0.1984,0.1854,0.188,0,0
ENJ.V,D,20180228,000000,0.188,0.1888,0.1724,0.1815,0,0
ENJ.V,D,20180301,000000,0.1815,0.1971,0.1815,0.1884,0,0
ENJ.V,D,20180302,000000,0.1884,0.1938,0.184,0.1872,0,0
ENJ.V,D,20180303,000000,0.1873,0.1965,0.179,0.1799,0,0
ENJ.V,D,20180304,000000,0.1799,0.1891,0.1775,0.1815,0,0
ENJ.V,D,20180305,000000,0.1815,0.1845,0.1723,0.1755,0,0
ENJ.V,D,20180306,000000,0.1755,0.1755,0.1615,0.163,0,0
ENJ.V,D,20180307,000000,0.163,0.1666,0.1355,0.1517,0,0
ENJ.V,D,20180308,000000,0.1517,0.1517,0.1292,0.1302,0,0
ENJ.V,D,20180309,000000,0.1302,0.1451,0.1263,0.1372,0,0
ENJ.V,D,20180310,000000,0.1372,0.1372,0.1265,0.127,0,0
ENJ.V,D,20180311,000000,0.127,0.156,0.127,0.149,0,0
ENJ.V,D,20180312,000000,0.149,0.149,0.1338,0.136,0,0
ENJ.V,D,20180313,000000,0.1357,0.142,0.1309,0.1323,0,0
ENJ.V,D,20180314,000000,0.1323,0.1323,0.1091,0.1109,0,0
ENJ.V,D,20180315,000000,0.1109,0.1141,0.09831,0.107,0,0
ENJ.V,D,20180316,000000,0.107,0.1252,0.1037,0.1223,0,0
ENJ.V,D,20180317,000000,0.1222,0.1222,0.1015,0.1026,0,0
ENJ.V,D,20180318,000000,0.1026,0.1083,0.09398,0.1055,0,0
ENJ.V,D,20180319,000000,0.1056,0.1186,0.08382,0.1123,0,0
ENJ.V,D,20180320,000000,0.1122,0.1201,0.1092,0.119,0,0
ENJ.V,D,20180321,000000,0.119,0.1331,0.1174,0.123,0,0
ENJ.V,D,20180322,000000,0.123,0.1242,0.1092,0.1155,0,0
ENJ.V,D,20180323,000000,0.1155,0.1219,0.1081,0.1164,0,0
ENJ.V,D,20180324,000000,0.1164,0.1272,0.1104,0.1226,0,0
ENJ.V,D,20180325,000000,0.1226,0.1415,0.1174,0.1299,0,0
ENJ.V,D,20180326,000000,0.1297,0.1425,0.1198,0.1334,0,0
ENJ.V,D,20180327,000000,0.133,0.133,0.1171,0.1252,0,0
ENJ.V,D,20180328,000000,0.1252,0.1314,0.1242,0.1274,0,0
ENJ.V,D,20180329,000000,0.1274,0.1274,0.1036,0.1043,0,0
ENJ.V,D,20180330,000000,0.1042,0.105,0.09602,0.1034,0,0
ENJ.V,D,20180331,000000,0.1034,0.1062,0.09874,0.1004,0,0
ENJ.V,D,20180401,000000,0.1004,0.1004,0.09187,0.09413,0,0
ENJ.V,D,20180402,000000,0.09419,0.09982,0.09346,0.09749,0,0
ENJ.V,D,20180403,000000,0.09721,0.1055,0.09721,0.1051,0,0
ENJ.V,D,20180404,000000,0.1051,0.1051,0.0901,0.09051,0,0
ENJ.V,D,20180405,000000,0.09058,0.09187,0.0876,0.0895,0,0
ENJ.V,D,20180406,000000,0.0895,0.1016,0.08692,0.09548,0,0
ENJ.V,D,20180407,000000,0.09548,0.1051,0.08169,0.09504,0,0
ENJ.V,D,20180408,000000,0.09504,0.1125,0.09504,0.1105,0,0
ENJ.V,D,20180409,000000,0.1104,0.1104,0.09342,0.09757,0,0
ENJ.V,D,20180410,000000,0.09757,0.1005,0.09619,0.09709,0,0
ENJ.V,D,20180411,000000,0.09709,0.1005,0.09709,0.09949,0,0
ENJ.V,D,20180412,000000,0.09949,0.115,0.09949,0.11,0,0
ENJ.V,D,20180413,000000,0.11,0.1145,0.1078,0.1109,0,0
ENJ.V,D,20180414,000000,0.1109,0.1142,0.1101,0.1121,0,0
ENJ.V,D,20180415,000000,0.1121,0.1223,0.1121,0.1203,0,0
ENJ.V,D,20180416,000000,0.1203,0.1203,0.1128,0.1139,0,0
ENJ.V,D,20180417,000000,0.1139,0.1212,0.1115,0.1176,0,0
ENJ.V,D,20180418,000000,0.1176,0.1307,0.1176,0.1282,0,0
ENJ.V,D,20180419,000000,0.128,0.1327,0.1271,0.1315,0,0
ENJ.V,D,20180420,000000,0.1313,0.145,0.1313,0.1375,0,0
ENJ.V,D,20180421,000000,0.1375,0.1396,0.1273,0.1322,0,0
ENJ.V,D,20180422,000000,0.1323,0.1412,0.129,0.1388,0,0
ENJ.V,D,20180423,000000,0.1386,0.147,0.1386,0.1452,0,0
ENJ.V,D,20180424,000000,0.1451,0.168,0.1451,0.1551,0,0
ENJ.V,D,20180425,000000,0.1554,0.1554,0.1287,0.1358,0,0
ENJ.V,D,20180426,000000,0.1358,0.1541,0.1358,0.1493,0,0
ENJ.V,D,20180427,000000,0.1495,0.1505,0.1382,0.1454,0,0
ENJ.V,D,20180428,000000,0.1454,0.1565,0.1454,0.1541,0,0
ENJ.V,D,20180429,000000,0.154,0.163,0.1498,0.1617,0,0
ENJ.V,D,20180430,000000,0.1617,0.1689,0.1572,0.1589,0,0
ENJ.V,D,20180501,000000,0.1589,0.1603,0.1475,0.1561,0,0
ENJ.V,D,20180502,000000,0.1561,0.1611,0.1561,0.1579,0,0
ENJ.V,D,20180503,000000,0.1581,0.1841,0.1581,0.1673,0,0
ENJ.V,D,20180504,000000,0.1673,0.1802,0.1655,0.1719,0,0
ENJ.V,D,20180505,000000,0.1719,0.1812,0.1605,0.1626,0,0
ENJ.V,D,20180506,000000,0.1624,0.1634,0.1466,0.1554,0,0
ENJ.V,D,20180507,000000,0.1554,0.1593,0.1436,0.1566,0,0
ENJ.V,D,20180508,000000,0.1571,0.1586,0.1469,0.1508,0,0
ENJ.V,D,20180509,000000,0.1512,0.1566,0.1468,0.1501,0,0
ENJ.V,D,20180510,000000,0.1504,0.1583,0.1436,0.1531,0,0
ENJ.V,D,20180511,000000,0.1533,0.1533,0.1282,0.1352,0,0
ENJ.V,D,20180512,000000,0.1352,0.1409,0.1283,0.1392,0,0
ENJ.V,D,20180513,000000,0.1392,0.151,0.1392,0.1459,0,0
ENJ.V,D,20180514,000000,0.1459,0.1479,0.1369,0.1408,0,0
ENJ.V,D,20180515,000000,0.1408,0.1438,0.1344,0.1417,0,0
ENJ.V,D,20180516,000000,0.1418,0.1418,0.1306,0.1399,0,0
ENJ.V,D,20180517,000000,0.1398,0.1398,0.1268,0.1278,0,0
ENJ.V,D,20180518,000000,0.1278,0.1363,0.1278,0.1349,0,0
ENJ.V,D,20180519,000000,0.1349,0.1419,0.1341,0.1386,0,0
ENJ.V,D,20180520,000000,0.1388,0.1459,0.1388,0.1428,0,0
ENJ.V,D,20180521,000000,0.1433,0.1446,0.1387,0.1417,0,0
ENJ.V,D,20180522,000000,0.142,0.142,0.1295,0.1307,0,0
ENJ.V,D,20180523,000000,0.1307,0.1307,0.1136,0.1147,0,0
ENJ.V,D,20180524,000000,0.1148,0.1239,0.1122,0.1207,0,0
ENJ.V,D,20180525,000000,0.1207,0.1207,0.1123,0.1144,0,0
ENJ.V,D,20180526,000000,0.1144,0.1172,0.1105,0.1151,0,0
ENJ.V,D,20180527,000000,0.1151,0.1157,0.1108,0.1113,0,0
ENJ.V,D,20180528,000000,0.1113,0.1113,0.09746,0.09817,0,0
ENJ.V,D,20180529,000000,0.09817,0.1083,0.09717,0.1052,0,0
ENJ.V,D,20180530,000000,0.1052,0.1102,0.1022,0.1051,0,0
ENJ.V,D,20180531,000000,0.1052,0.1097,0.1047,0.1094,0,0
ENJ.V,D,20180601,000000,0.1094,0.1098,0.1029,0.1045,0,0
ENJ.V,D,20180602,000000,0.1045,0.1084,0.1033,0.1072,0,0
ENJ.V,D,20180603,000000,0.1072,0.1091,0.1048,0.106,0,0
ENJ.V,D,20180604,000000,0.106,0.106,0.09649,0.09769,0,0
ENJ.V,D,20180605,000000,0.09769,0.1019,0.09621,0.09972,0,0
ENJ.V,D,20180606,000000,0.09972,0.1011,0.09462,0.09685,0,0
ENJ.V,D,20180607,000000,0.09685,0.1188,0.09656,0.1136,0,0
ENJ.V,D,20180608,000000,0.1137,0.1182,0.1027,0.1057,0,0
ENJ.V,D,20180609,000000,0.1057,0.1105,0.1025,0.1032,0,0
ENJ.V,D,20180610,000000,0.1033,0.1033,0.08562,0.08772,0,0
ENJ.V,D,20180611,000000,0.08772,0.09009,0.08561,0.08864,0,0
ENJ.V,D,20180612,000000,0.08864,0.09285,0.08203,0.0857,0,0
ENJ.V,D,20180613,000000,0.08544,0.08544,0.07377,0.07541,0,0
ENJ.V,D,20180614,000000,0.07528,0.0839,0.07528,0.08158,0,0
ENJ.V,D,20180615,000000,0.08158,0.08158,0.07548,0.0758,0,0
ENJ.V,D,20180616,000000,0.0758,0.07843,0.0758,0.0781,0,0
ENJ.V,D,20180617,000000,0.07823,0.07823,0.07478,0.07562,0,0
ENJ.V,D,20180618,000000,0.07562,0.07876,0.06762,0.0746,0,0
ENJ.V,D,20180619,000000,0.0746,0.0753,0.07119,0.0726,0,0
ENJ.V,D,20180620,000000,0.07267,0.0737,0.06978,0.07052,0,0
ENJ.V,D,20180621,000000,0.07052,0.07057,0.06781,0.06875,0,0
ENJ.V,D,20180622,000000,0.06868,0.06868,0.05495,0.05713,0,0
ENJ.V,D,20180623,000000,0.05713,0.05889,0.0539,0.05599,0,0
ENJ.V,D,20180624,000000,0.05587,0.05702,0.05209,0.05573,0,0
ENJ.V,D,20180625,000000,0.05573,0.06191,0.05573,0.05734,0,0
ENJ.V,D,20180626,000000,0.05735,0.05735,0.05327,0.05437,0,0
ENJ.V,D,20180627,000000,0.05446,0.05509,0.05177,0.05392,0,0
ENJ.V,D,20180628,000000,0.05392,0.05392,0.05002,0.05032,0,0
ENJ.V,D,20180629,000000,0.05031,0.0541,0.04969,0.05106,0,0
ENJ.V,D,20180630,000000,0.05106,0.05913,0.05106,0.05689,0,0
ENJ.V,D,20180701,000000,0.05677,0.0573,0.05452,0.05711,0,0
ENJ.V,D,20180702,000000,0.05715,0.06384,0.05715,0.06311,0,0
ENJ.V,D,20180703,000000,0.06312,0.06312,0.05839,0.06021,0,0
ENJ.V,D,20180704,000000,0.0602,0.06709,0.0602,0.06386,0,0
ENJ.V,D,20180705,000000,0.06385,0.06692,0.0611,0.06241,0,0
ENJ.V,D,20180706,000000,0.06241,0.0645,0.05929,0.06094,0,0
ENJ.V,D,20180707,000000,0.06094,0.06812,0.06094,0.06549,0,0
ENJ.V,D,20180708,000000,0.06549,0.06754,0.06265,0.06432,0,0
ENJ.V,D,20180709,000000,0.06432,0.07082,0.06242,0.06595,0,0
ENJ.V,D,20180710,000000,0.06595,0.06595,0.06055,0.06219,0,0
ENJ.V,D,20180711,000000,0.06219,0.06612,0.06036,0.06145,0,0
ENJ.V,D,20180712,000000,0.06145,0.06216,0.05785,0.0586,0,0
ENJ.V,D,20180713,000000,0.0586,0.06087,0.05756,0.05844,0,0
ENJ.V,D,20180714,000000,0.0585,0.05943,0.05661,0.05723,0,0
ENJ.V,D,20180715,000000,0.05723,0.05912,0.05664,0.05855,0,0
ENJ.V,D,20180716,000000,0.05855,0.06248,0.05855,0.06134,0,0
ENJ.V,D,20180717,000000,0.06134,0.06733,0.06134,0.06616,0,0
ENJ.V,D,20180718,000000,0.06609,0.0683,0.06313,0.06357,0,0
ENJ.V,D,20180719,000000,0.0635,0.06498,0.06012,0.06064,0,0
ENJ.V,D,20180720,000000,0.06079,0.0608,0.05662,0.0575,0,0
ENJ.V,D,20180721,000000,0.05742,0.06043,0.05742,0.05991,0,0
ENJ.V,D,20180722,000000,0.05998,0.06082,0.05741,0.05823,0,0
ENJ.V,D,20180723,000000,0.05815,0.06128,0.05418,0.05433,0,0
ENJ.V,D,20180724,000000,0.05433,0.06943,0.05433,0.06717,0,0
ENJ.V,D,20180725,000000,0.06792,0.06838,0.05989,0.06152,0,0
ENJ.V,D,20180726,000000,0.06152,0.0627,0.05953,0.06064,0,0
ENJ.V,D,20180727,000000,0.06064,0.06276,0.06039,0.06096,0,0
ENJ.V,D,20180728,000000,0.06096,0.06437,0.06091,0.06255,0,0
ENJ.V,D,20180729,000000,0.06255,0.06426,0.06039,0.06327,0,0
ENJ.V,D,20180730,000000,0.06327,0.06418,0.05993,0.06067,0,0
ENJ.V,D,20180731,000000,0.06067,0.06067,0.05577,0.05639,0,0
ENJ.V,D,20180801,000000,0.05647,0.05701,0.05252,0.05411,0,0
ENJ.V,D,20180802,000000,0.05411,0.05423,0.05061,0.05091,0,0
ENJ.V,D,20180803,000000,0.05091,0.05118,0.04747,0.04948,0,0
ENJ.V,D,20180804,000000,0.04948,0.04948,0.04604,0.04786,0,0
ENJ.V,D,20180805,000000,0.04793,0.05021,0.04793,0.04909,0,0
ENJ.V,D,20180806,000000,0.04909,0.04932,0.04695,0.04737,0,0
ENJ.V,D,20180807,000000,0.04737,0.05036,0.04585,0.04827,0,0
ENJ.V,D,20180808,000000,0.04827,0.04827,0.04242,0.04356,0,0
ENJ.V,D,20180809,000000,0.04356,0.04606,0.04356,0.04502,0,0
ENJ.V,D,20180810,000000,0.04502,0.04502,0.04037,0.04074,0,0
ENJ.V,D,20180811,000000,0.04073,0.04139,0.03789,0.03976,0,0
ENJ.V,D,20180812,000000,0.03976,0.04154,0.03901,0.04021,0,0
ENJ.V,D,20180813,000000,0.04021,0.04121,0.03583,0.03645,0,0
ENJ.V,D,20180814,000000,0.03645,0.03645,0.03069,0.0359,0,0
ENJ.V,D,20180815,000000,0.0359,0.05013,0.0357,0.03639,0,0
ENJ.V,D,20180816,000000,0.03645,0.04578,0.03605,0.03876,0,0
ENJ.V,D,20180817,000000,0.03876,0.04779,0.03876,0.04284,0,0
ENJ.V,D,20180818,000000,0.04284,0.04284,0.03747,0.03946,0,0
ENJ.V,D,20180819,000000,0.03946,0.04031,0.03843,0.03979,0,0
ENJ.V,D,20180820,000000,0.04012,0.04012,0.03486,0.03593,0,0
ENJ.V,D,20180821,000000,0.03555,0.03875,0.03555,0.03726,0,0
ENJ.V,D,20180822,000000,0.03732,0.03762,0.03444,0.03463,0,0
ENJ.V,D,20180823,000000,0.0347,0.03681,0.03453,0.03642,0,0
ENJ.V,D,20180824,000000,0.03642,0.03878,0.03642,0.03757,0,0
ENJ.V,D,20180825,000000,0.03757,0.03969,0.03658,0.03773,0,0
ENJ.V,D,20180826,000000,0.03773,0.03804,0.03622,0.03777,0,0
ENJ.V,D,20180827,000000,0.03777,0.04053,0.03777,0.04039,0,0
ENJ.V,D,20180828,000000,0.04039,0.04694,0.04039,0.04446,0,0
ENJ.V,D,20180829,000000,0.04446,0.04556,0.04147,0.04238,0,0
ENJ.V,D,20180830,000000,0.04238,0.04402,0.04157,0.04304,0,0
ENJ.V,D,20180831,000000,0.04304,0.04406,0.0423,0.04336,0,0
ENJ.V,D,20180901,000000,0.04322,0.04761,0.04322,0.04718,0,0
ENJ.V,D,20180902,000000,0.04718,0.04892,0.04527,0.04571,0,0
ENJ.V,D,20180903,000000,0.04571,0.04718,0.04529,0.04646,0,0
ENJ.V,D,20180904,000000,0.04646,0.05631,0.04646,0.04997,0,0
ENJ.V,D,20180905,000000,0.05004,0.05004,0.04103,0.04137,0,0
ENJ.V,D,20180906,000000,0.04137,0.0546,0.03955,0.04769,0,0
ENJ.V,D,20180907,000000,0.04782,0.04892,0.04405,0.0452,0,0
ENJ.V,D,20180908,000000,0.04521,0.04582,0.03813,0.0403,0,0
ENJ.V,D,20180909,000000,0.0403,0.04112,0.03743,0.03806,0,0
ENJ.V,D,20180910,000000,0.03806,0.03991,0.03782,0.0394,0,0
ENJ.V,D,20180911,000000,0.0394,0.04105,0.03702,0.03834,0,0
ENJ.V,D,20180912,000000,0.03834,0.03872,0.03441,0.03657,0,0
ENJ.V,D,20180913,000000,0.03656,0.04194,0.03656,0.04096,0,0
ENJ.V,D,20180914,000000,0.0409,0.0419,0.03814,0.03976,0,0
ENJ.V,D,20180915,000000,0.03976,0.04422,0.03976,0.04246,0,0
ENJ.V,D,20180916,000000,0.0424,0.04318,0.04077,0.04233,0,0
ENJ.V,D,20180917,000000,0.04233,0.04308,0.03807,0.03957,0,0
ENJ.V,D,20180918,000000,0.03957,0.04151,0.03897,0.04093,0,0
ENJ.V,D,20180919,000000,0.04093,0.04178,0.03903,0.04044,0,0
ENJ.V,D,20180920,000000,0.04044,0.043,0.04044,0.0419,0,0
ENJ.V,D,20180921,000000,0.04209,0.04524,0.04192,0.04362,0,0
ENJ.V,D,20180922,000000,0.04362,0.0452,0.04164,0.04399,0,0
ENJ.V,D,20180923,000000,0.04399,0.04511,0.04337,0.04397,0,0
ENJ.V,D,20180924,000000,0.04404,0.04404,0.04141,0.04174,0,0
ENJ.V,D,20180925,000000,0.04174,0.04174,0.0394,0.04075,0,0
ENJ.V,D,20180926,000000,0.04075,0.04188,0.04007,0.04078,0,0
ENJ.V,D,20180927,000000,0.04071,0.0444,0.04071,0.04359,0,0
ENJ.V,D,20180928,000000,0.04359,0.08035,0.04313,0.06655,0,0
ENJ.V,D,20180929,000000,0.06655,0.07958,0.06016,0.06148,0,0
ENJ.V,D,20180930,000000,0.06148,0.06346,0.05716,0.05935,0,0
ENJ.V,D,20181001,000000,0.05928,0.05988,0.05685,0.05823,0,0
ENJ.V,D,20181002,000000,0.05823,0.05873,0.05592,0.05625,0,0
ENJ.V,D,20181003,000000,0.05625,0.05635,0.05213,0.05518,0,0
ENJ.V,D,20181004,000000,0.05512,0.05678,0.05349,0.05507,0,0
ENJ.V,D,20181005,000000,0.05507,0.06102,0.05492,0.05651,0,0
ENJ.V,D,20181006,000000,0.05645,0.05645,0.05391,0.05424,0,0
ENJ.V,D,20181007,000000,0.05424,0.05532,0.05327,0.05413,0,0
ENJ.V,D,20181008,000000,0.05413,0.05486,0.05353,0.05393,0,0
ENJ.V,D,20181009,000000,0.05393,0.05418,0.05239,0.05325,0,0
ENJ.V,D,20181010,000000,0.05325,0.05574,0.05219,0.05462,0,0
ENJ.V,D,20181011,000000,0.05462,0.05462,0.04502,0.04527,0,0
ENJ.V,D,20181012,000000,0.0452,0.04913,0.0452,0.04782,0,0
ENJ.V,D,20181013,000000,0.04808,0.04945,0.04763,0.04857,0,0
ENJ.V,D,20181014,000000,0.04857,0.05079,0.04771,0.04915,0,0
ENJ.V,D,20181015,000000,0.04915,0.05204,0.04662,0.0492,0,0
ENJ.V,D,20181016,000000,0.04913,0.04957,0.04845,0.04891,0,0
ENJ.V,D,20181017,000000,0.04891,0.05016,0.04767,0.04839,0,0
ENJ.V,D,20181018,000000,0.0484,0.04905,0.04626,0.04756,0,0
ENJ.V,D,20181019,000000,0.04776,0.04917,0.04748,0.04845,0,0
ENJ.V,D,20181020,000000,0.04845,0.05413,0.04835,0.05387,0,0
ENJ.V,D,20181021,000000,0.05387,0.05494,0.04889,0.04993,0,0
ENJ.V,D,20181022,000000,0.04993,0.05161,0.04901,0.05122,0,0
ENJ.V,D,20181023,000000,0.05142,0.0517,0.04956,0.05086,0,0
ENJ.V,D,20181024,000000,0.05086,0.05375,0.04987,0.05311,0,0
ENJ.V,D,20181025,000000,0.05311,0.05319,0.05002,0.0506,0,0
ENJ.V,D,20181026,000000,0.05054,0.05075,0.04933,0.05004,0,0
ENJ.V,D,20181027,000000,0.04998,0.05137,0.0482,0.04885,0,0
ENJ.V,D,20181028,000000,0.04872,0.05028,0.04847,0.04976,0,0
ENJ.V,D,20181029,000000,0.04976,0.04976,0.04584,0.04622,0,0
ENJ.V,D,20181030,000000,0.04622,0.04833,0.04593,0.04795,0,0
ENJ.V,D,20181031,000000,0.04795,0.05011,0.04719,0.04966,0,0
ENJ.V,D,20181101,000000,0.04966,0.05239,0.04966,0.05201,0,0
ENJ.V,D,20181102,000000,0.05201,0.05212,0.04924,0.05001,0,0
ENJ.V,D,20181103,000000,0.05001,0.05133,0.0482,0.04903,0,0
ENJ.V,D,20181104,000000,0.0491,0.0507,0.04831,0.0496,0,0
ENJ.V,D,20181105,000000,0.0496,0.05134,0.04761,0.048,0,0
ENJ.V,D,20181106,000000,0.04799,0.04938,0.04795,0.0486,0,0
ENJ.V,D,20181107,000000,0.0486,0.04982,0.0486,0.0493,0,0
ENJ.V,D,20181108,000000,0.04931,0.05021,0.04835,0.0497,0,0
ENJ.V,D,20181109,000000,0.0497,0.05147,0.04854,0.04981,0,0
ENJ.V,D,20181110,000000,0.04981,0.05219,0.04957,0.05104,0,0
ENJ.V,D,20181111,000000,0.05104,0.05146,0.04921,0.04966,0,0
ENJ.V,D,20181112,000000,0.04966,0.054,0.04928,0.05011,0,0
ENJ.V,D,20181113,000000,0.05011,0.05046,0.04849,0.04862,0,0
ENJ.V,D,20181114,000000,0.04862,0.04862,0.03003,0.04071,0,0
ENJ.V,D,20181115,000000,0.04064,0.04174,0.03761,0.04044,0,0
ENJ.V,D,20181116,000000,0.04044,0.04151,0.03871,0.03894,0,0
ENJ.V,D,20181117,000000,0.039,0.03954,0.03737,0.03792,0,0
ENJ.V,D,20181118,000000,0.03792,0.04138,0.03792,0.03948,0,0
ENJ.V,D,20181119,000000,0.03948,0.03948,0.02828,0.02934,0,0
ENJ.V,D,20181120,000000,0.02939,0.02939,0.02621,0.02861,0,0
ENJ.V,D,20181121,000000,0.02861,0.03211,0.02861,0.02976,0,0
ENJ.V,D,20181122,000000,0.02976,0.02976,0.02731,0.02778,0,0
ENJ.V,D,20181123,000000,0.02778,0.02819,0.02649,0.02689,0,0
ENJ.V,D,20181124,000000,0.02689,0.02689,0.02278,0.0232,0,0
ENJ.V,D,20181125,000000,0.0232,0.02455,0.02314,0.02362,0,0
ENJ.V,D,20181126,000000,0.02363,0.02363,0.02161,0.02218,0,0
ENJ.V,D,20181127,000000,0.02218,0.02321,0.02187,0.02279,0,0
ENJ.V,D,20181128,000000,0.02279,0.033,0.02279,0.02707,0,0
ENJ.V,D,20181129,000000,0.02707,0.02791,0.02623,0.02705,0,0
ENJ.V,D,20181130,000000,0.02705,0.02827,0.0249,0.02566,0,0
ENJ.V,D,20181201,000000,0.02566,0.03144,0.02566,0.03018,0,0
ENJ.V,D,20181202,000000,0.03006,0.03066,0.02814,0.02851,0,0
ENJ.V,D,20181203,000000,0.02851,0.02851,0.02567,0.02671,0,0
ENJ.V,D,20181204,000000,0.02671,0.02934,0.02669,0.02764,0,0
ENJ.V,D,20181205,000000,0.02764,0.029,0.02485,0.02605,0,0
ENJ.V,D,20181206,000000,0.02605,0.02605,0.02321,0.02349,0,0
ENJ.V,D,20181207,000000,0.02349,0.02648,0.02275,0.02596,0,0
ENJ.V,D,20181208,000000,0.02596,0.02803,0.02596,0.02665,0,0
ENJ.V,D,20181209,000000,0.02665,0.02957,0.02665,0.02738,0,0
ENJ.V,D,20181210,000000,0.02738,0.03408,0.02555,0.03297,0,0
ENJ.V,D,20181211,000000,0.03297,0.03367,0.02768,0.02925,0,0
ENJ.V,D,20181212,000000,0.02925,0.03085,0.02865,0.02883,0,0
ENJ.V,D,20181213,000000,0.02883,0.02883,0.02713,0.02826,0,0
ENJ.V,D,20181214,000000,0.02826,0.02863,0.0266,0.02844,0,0
ENJ.V,D,20181215,000000,0.02844,0.02993,0.02696,0.02887,0,0
ENJ.V,D,20181216,000000,0.02887,0.03643,0.02887,0.03275,0,0
ENJ.V,D,20181217,000000,0.03275,0.0358,0.03275,0.03385,0,0
ENJ.V,D,20181218,000000,0.03385,0.0379,0.03378,0.03686,0,0
ENJ.V,D,20181219,000000,0.03686,0.03763,0.03374,0.03535,0,0
ENJ.V,D,20181220,000000,0.03535,0.04204,0.03535,0.04179,0,0
ENJ.V,D,20181221,000000,0.04179,0.04928,0.03817,0.04304,0,0
ENJ.V,D,20181222,000000,0.04304,0.04648,0.04203,0.04284,0,0
ENJ.V,D,20181223,000000,0.04284,0.04585,0.04196,0.04364,0,0
ENJ.V,D,20181224,000000,0.04364,0.04576,0.04331,0.04486,0,0
ENJ.V,D,20181225,000000,0.04486,0.04486,0.03839,0.03892,0,0
ENJ.V,D,20181226,000000,0.03892,0.04326,0.03892,0.04049,0,0
ENJ.V,D,20181227,000000,0.04049,0.04583,0.03792,0.04054,0,0
ENJ.V,D,20181228,000000,0.04054,0.04485,0.04054,0.04291,0,0
ENJ.V,D,20181229,000000,0.04291,0.04321,0.04097,0.04207,0,0
ENJ.V,D,20181230,000000,0.04207,0.04329,0.0406,0.04075,0,0
ENJ.V,D,20181231,000000,0.04075,0.04075,0.0371,0.03751,0,0
ENJ.V,D,20190101,000000,0.03751,0.04249,0.03751,0.04094,0,0
ENJ.V,D,20190102,000000,0.04094,0.04436,0.0406,0.04112,0,0
ENJ.V,D,20190103,000000,0.04112,0.04112,0.03844,0.03897,0,0
ENJ.V,D,20190104,000000,0.03897,0.03963,0.03797,0.03882,0,0
ENJ.V,D,20190105,000000,0.03882,0.03882,0.03686,0.03732,0,0
ENJ.V,D,20190106,000000,0.03732,0.04013,0.03732,0.03955,0,0
ENJ.V,D,20190107,000000,0.03955,0.03955,0.03751,0.03876,0,0
ENJ.V,D,20190108,000000,0.03876,0.04235,0.03819,0.03895,0,0
ENJ.V,D,20190109,000000,0.03895,0.04032,0.0387,0.03963,0,0
ENJ.V,D,20190110,000000,0.03963,0.03963,0.03265,0.03331,0,0
ENJ.V,D,20190111,000000,0.03331,0.03464,0.03269,0.03423,0,0
ENJ.V,D,20190112,000000,0.03423,0.04027,0.03371,0.03628,0,0
ENJ.V,D,20190113,000000,0.03628,0.03628,0.03246,0.03281,0,0
ENJ.V,D,20190114,000000,0.03281,0.03474,0.03281,0.03452,0,0
ENJ.V,D,20190115,000000,0.03452,0.03542,0.0327,0.03466,0,0
ENJ.V,D,20190116,000000,0.03466,0.03557,0.03356,0.03433,0,0
ENJ.V,D,20190117,000000,0.03433,0.03486,0.03354,0.03427,0,0
ENJ.V,D,20190118,000000,0.03427,0.03427,0.03327,0.03364,0,0
ENJ.V,D,20190119,000000,0.03364,0.03517,0.03364,0.03439,0,0
ENJ.V,D,20190120,000000,0.03439,0.03439,0.03211,0.03297,0,0
ENJ.V,D,20190121,000000,0.03297,0.03422,0.03268,0.03365,0,0
ENJ.V,D,20190122,000000,0.03365,0.03505,0.03365,0.03472,0,0
ENJ.V,D,20190123,000000,0.03472,0.03597,0.0339,0.0344,0,0
ENJ.V,D,20190124,000000,0.0344,0.03541,0.03383,0.03491,0,0
ENJ.V,D,20190125,000000,0.03491,0.03536,0.03386,0.03468,0,0
ENJ.V,D,20190126,000000,0.03468,0.03492,0.0337,0.03402,0,0
ENJ.V,D,20190127,000000,0.03402,0.03402,0.0298,0.03219,0,0
ENJ.V,D,20190128,000000,0.03219,0.03219,0.02811,0.02929,0,0
ENJ.V,D,20190129,000000,0.02929,0.03227,0.02882,0.03196,0,0
ENJ.V,D,20190130,000000,0.03196,0.03256,0.03082,0.03166,0,0
ENJ.V,D,20190131,000000,0.03166,0.03166,0.02775,0.02892,0,0
ENJ.V,D,20190201,000000,0.02892,0.02998,0.02825,0.02887,0,0
ENJ.V,D,20190202,000000,0.02887,0.02954,0.02821,0.02867,0,0
ENJ.V,D,20190203,000000,0.02867,0.02884,0.02777,0.02818,0,0
ENJ.V,D,20190204,000000,0.02818,0.02848,0.02745,0.0279,0,0
ENJ.V,D,20190205,000000,0.0279,0.02851,0.02734,0.02765,0,0
ENJ.V,D,20190206,000000,0.02765,0.02765,0.02366,0.02509,0,0
ENJ.V,D,20190207,000000,0.02509,0.0266,0.02494,0.02636,0,0
ENJ.V,D,20190208,000000,0.02636,0.03082,0.02636,0.02888,0,0
ENJ.V,D,20190209,000000,0.02888,0.02893,0.02776,0.02798,0,0
ENJ.V,D,20190210,000000,0.02798,0.03129,0.02749,0.03037,0,0
ENJ.V,D,20190211,000000,0.03037,0.03416,0.02914,0.03091,0,0
ENJ.V,D,20190212,000000,0.03091,0.03194,0.03028,0.03057,0,0
ENJ.V,D,20190213,000000,0.03057,0.03069,0.03004,0.03051,0,0
ENJ.V,D,20190214,000000,0.03051,0.03208,0.03032,0.03076,0,0
ENJ.V,D,20190215,000000,0.03076,0.03144,0.03062,0.03105,0,0
ENJ.V,D,20190216,000000,0.03105,0.03158,0.03057,0.03071,0,0
ENJ.V,D,20190217,000000,0.03071,0.03366,0.03071,0.03307,0,0
ENJ.V,D,20190218,000000,0.03307,0.03866,0.03307,0.03529,0,0
ENJ.V,D,20190219,000000,0.03529,0.03551,0.03422,0.03508,0,0
ENJ.V,D,20190220,000000,0.03508,0.04161,0.03469,0.03716,0,0
ENJ.V,D,20190221,000000,0.03716,0.03811,0.03591,0.03744,0,0
ENJ.V,D,20190222,000000,0.03744,0.04151,0.03744,0.03932,0,0
ENJ.V,D,20190223,000000,0.03932,0.04207,0.03932,0.03979,0,0
ENJ.V,D,20190224,000000,0.03979,0.03979,0.03523,0.03621,0,0
ENJ.V,D,20190225,000000,0.03621,0.1113,0.03621,0.07899,0,0
ENJ.V,D,20190226,000000,0.07899,0.1082,0.07212,0.08499,0,0
ENJ.V,D,20190227,000000,0.08499,0.0891,0.07106,0.07466,0,0
ENJ.V,D,20190228,000000,0.07466,0.091,0.07402,0.08232,0,0
ENJ.V,D,20190301,000000,0.08232,0.08276,0.07628,0.07805,0,0
ENJ.V,D,20190302,000000,0.07805,0.09012,0.07375,0.08393,0,0
ENJ.V,D,20190303,000000,0.08393,0.08555,0.07789,0.08116,0,0
ENJ.V,D,20190304,000000,0.08116,0.08142,0.0744,0.0778,0,0
ENJ.V,D,20190305,000000,0.0778,0.1067,0.0778,0.1027,0,0
ENJ.V,D,20190306,000000,0.1027,0.1085,0.09478,0.09959,0,0
ENJ.V,D,20190307,000000,0.09959,0.1057,0.09555,0.1015,0,0
ENJ.V,D,20190308,000000,0.1015,0.2226,0.09732,0.2119,0,0
ENJ.V,D,20190309,000000,0.2119,0.2511,0.1888,0.2057,0,0
ENJ.V,D,20190310,000000,0.2057,0.2343,0.1821,0.1972,0,0
ENJ.V,D,20190311,000000,0.1972,0.2045,0.1598,0.1638,0,0
ENJ.V,D,20190312,000000,0.1638,0.1964,0.143,0.1886,0,0
ENJ.V,D,20190313,000000,0.1886,0.1928,0.1638,0.1742,0,0
ENJ.V,D,20190314,000000,0.1742,0.179,0.1612,0.1655,0,0
ENJ.V,D,20190315,000000,0.1655,0.1771,0.1655,0.1719,0,0
ENJ.V,D,20190316,000000,0.1719,0.1772,0.1582,0.167,0,0
ENJ.V,D,20190317,000000,0.167,0.1711,0.1572,0.1686,0,0
ENJ.V,D,20190318,000000,0.1686,0.2254,0.1626,0.2004,0,0
ENJ.V,D,20190319,000000,0.2004,0.2066,0.1806,0.1901,0,0
ENJ.V,D,20190320,000000,0.1901,0.1983,0.183,0.1878,0,0
ENJ.V,D,20190321,000000,0.1878,0.1973,0.1811,0.1897,0,0
ENJ.V,D,20190322,000000,0.1897,0.198,0.1859,0.1906,0,0
ENJ.V,D,20190323,000000,0.1906,0.191,0.1828,0.1847,0,0
ENJ.V,D,20190324,000000,0.1847,0.1866,0.1726,0.1848,0,0
ENJ.V,D,20190325,000000,0.1848,0.1848,0.1631,0.1687,0,0
ENJ.V,D,20190326,000000,0.1687,0.1719,0.158,0.1639,0,0
ENJ.V,D,20190327,000000,0.1639,0.1731,0.1637,0.1677,0,0
ENJ.V,D,20190328,000000,0.1677,0.1677,0.163,0.1641,0,0
ENJ.V,D,20190329,000000,0.1641,0.168,0.1562,0.159,0,0
ENJ.V,D,20190330,000000,0.159,0.1593,0.1462,0.1508,0,0
ENJ.V,D,20190331,000000,0.1508,0.1637,0.1472,0.1508,0,0
ENJ.V,D,20190401,000000,0.1508,0.1548,0.146,0.1499,0,0
ENJ.V,D,20190402,000000,0.1499,0.1773,0.1499,0.1565,0,0
ENJ.V,D,20190403,000000,0.1565,0.1617,0.1425,0.1491,0,0
ENJ.V,D,20190404,000000,0.1491,0.1749,0.1444,0.1633,0,0
ENJ.V,D,20190405,000000,0.1633,0.1707,0.1562,0.1579,0,0
ENJ.V,D,20190406,000000,0.1579,0.1606,0.1486,0.1527,0,0
ENJ.V,D,20190407,000000,0.1527,0.1602,0.1527,0.1551,0,0
ENJ.V,D,20190408,000000,0.1551,0.1579,0.1457,0.1466,0,0
ENJ.V,D,20190409,000000,0.1466,0.162,0.1436,0.1507,0,0
ENJ.V,D,20190410,000000,0.1507,0.1552,0.1445,0.1481,0,0
ENJ.V,D,20190411,000000,0.1481,0.1481,0.1305,0.1363,0,0
ENJ.V,D,20190412,000000,0.1363,0.1504,0.1334,0.1431,0,0
ENJ.V,D,20190413,000000,0.1431,0.1814,0.1424,0.1672,0,0
ENJ.V,D,20190414,000000,0.1672,0.1844,0.1596,0.1623,0,0
ENJ.V,D,20190415,000000,0.1623,0.1623,0.149,0.1513,0,0
ENJ.V,D,20190416,000000,0.1513,0.1608,0.1496,0.1525,0,0
ENJ.V,D,20190417,000000,0.1525,0.1807,0.1514,0.1717,0,0
ENJ.V,D,20190418,000000,0.1717,0.1856,0.1671,0.1774,0,0
ENJ.V,D,20190419,000000,0.1774,0.2023,0.1726,0.1893,0,0
ENJ.V,D,20190420,000000,0.1893,0.2113,0.1892,0.2023,0,0
ENJ.V,D,20190421,000000,0.2023,0.2023,0.1794,0.1872,0,0
ENJ.V,D,20190422,000000,0.1872,0.1969,0.1842,0.1883,0,0
ENJ.V,D,20190423,000000,0.1883,0.1944,0.1696,0.1739,0,0
ENJ.V,D,20190424,000000,0.1739,0.1739,0.1552,0.1605,0,0
ENJ.V,D,20190425,000000,0.1605,0.1643,0.1502,0.152,0,0
ENJ.V,D,20190426,000000,0.152,0.1596,0.1469,0.1542,0,0
ENJ.V,D,20190427,000000,0.1542,0.1596,0.1524,0.1557,0,0
ENJ.V,D,20190428,000000,0.1559,0.1603,0.153,0.1545,0,0
ENJ.V,D,20190429,000000,0.1545,0.1562,0.1449,0.1474,0,0
ENJ.V,D,20190430,000000,0.1474,0.1543,0.1474,0.1532,0,0
ENJ.V,D,20190501,000000,0.1532,0.1559,0.147,0.1489,0,0
ENJ.V,D,20190502,000000,0.1489,0.1557,0.1489,0.1515,0,0
ENJ.V,D,20190503,000000,0.1515,0.1591,0.1454,0.1493,0,0
ENJ.V,D,20190504,000000,0.1493,0.1516,0.1405,0.1422,0,0
ENJ.V,D,20190505,000000,0.1422,0.1484,0.1403,0.1459,0,0
ENJ.V,D,20190506,000000,0.1459,0.1469,0.1409,0.1443,0,0
ENJ.V,D,20190507,000000,0.1443,0.1468,0.1354,0.1364,0,0
ENJ.V,D,20190508,000000,0.1364,0.1413,0.1337,0.1342,0,0
ENJ.V,D,20190509,000000,0.1342,0.1381,0.1171,0.1174,0,0
ENJ.V,D,20190510,000000,0.1174,0.1512,0.1174,0.138,0,0
ENJ.V,D,20190511,000000,0.138,0.1727,0.138,0.1458,0,0
ENJ.V,D,20190512,000000,0.1458,0.1458,0.1349,0.1398,0,0
ENJ.V,D,20190513,000000,0.1398,0.1608,0.1319,0.1362,0,0
ENJ.V,D,20190514,000000,0.1362,0.1476,0.1359,0.1436,0,0
ENJ.V,D,20190515,000000,0.1436,0.1646,0.1422,0.1567,0,0
ENJ.V,D,20190516,000000,0.1567,0.161,0.1444,0.1524,0,0
ENJ.V,D,20190517,000000,0.1524,0.1638,0.1341,0.1616,0,0
ENJ.V,D,20190518,000000,0.1616,0.1616,0.146,0.1472,0,0
ENJ.V,D,20190519,000000,0.1472,0.1666,0.1472,0.1535,0,0
ENJ.V,D,20190520,000000,0.1535,0.1572,0.147,0.1545,0,0
ENJ.V,D,20190521,000000,0.1545,0.1811,0.1497,0.1702,0,0
ENJ.V,D,20190522,000000,0.1702,0.1859,0.1512,0.1551,0,0
ENJ.V,D,20190523,000000,0.1551,0.1728,0.1551,0.1678,0,0
ENJ.V,D,20190524,000000,0.1678,0.1802,0.1569,0.1614,0,0
ENJ.V,D,20190525,000000,0.1614,0.1738,0.161,0.1677,0,0
ENJ.V,D,20190526,000000,0.1677,0.1902,0.1592,0.1613,0,0
ENJ.V,D,20190527,000000,0.1613,0.1688,0.1586,0.1634,0,0
ENJ.V,D,20190528,000000,0.1634,0.1708,0.1601,0.1671,0,0
ENJ.V,D,20190529,000000,0.1671,0.1768,0.1621,0.1673,0,0
ENJ.V,D,20190530,000000,0.1673,0.1673,0.1475,0.1517,0,0
ENJ.V,D,20190531,000000,0.1517,0.1575,0.1517,0.156,0,0
ENJ.V,D,20190601,000000,0.156,0.1575,0.1499,0.1513,0,0
ENJ.V,D,20190602,000000,0.1513,0.1784,0.1513,0.1694,0,0
ENJ.V,D,20190603,000000,0.1694,0.1694,0.1494,0.1508,0,0
ENJ.V,D,20190604,000000,0.1508,0.1508,0.1382,0.1425,0,0
ENJ.V,D,20190605,000000,0.1425,0.1496,0.1422,0.1456,0,0
ENJ.V,D,20190606,000000,0.1456,0.1519,0.1447,0.1499,0,0
ENJ.V,D,20190607,000000,0.1499,0.1616,0.1499,0.1525,0,0
ENJ.V,D,20190608,000000,0.1525,0.1568,0.151,0.1538,0,0
ENJ.V,D,20190609,000000,0.1538,0.1538,0.1435,0.1447,0,0
ENJ.V,D,20190610,000000,0.1447,0.1562,0.1447,0.1524,0,0
ENJ.V,D,20190611,000000,0.1524,0.1642,0.1497,0.1593,0,0
ENJ.V,D,20190612,000000,0.1593,0.1654,0.1559,0.1574,0,0
ENJ.V,D,20190613,000000,0.1574,0.1602,0.1493,0.1504,0,0
ENJ.V,D,20190614,000000,0.1504,0.1667,0.1444,0.146,0,0
ENJ.V,D,20190615,000000,0.146,0.1524,0.146,0.1489,0,0
ENJ.V,D,20190616,000000,0.1489,0.1514,0.1397,0.1483,0,0
ENJ.V,D,20190617,000000,0.1483,0.1542,0.144,0.1462,0,0
ENJ.V,D,20190618,000000,0.1462,0.1462,0.1379,0.1398,0,0
ENJ.V,D,20190619,000000,0.1398,0.1454,0.1398,0.1427,0,0
ENJ.V,D,20190620,000000,0.1427,0.1468,0.1326,0.1351,0,0
ENJ.V,D,20190621,000000,0.1351,0.1456,0.1351,0.1367,0,0
ENJ.V,D,20190622,000000,0.1367,0.1464,0.1268,0.1364,0,0
ENJ.V,D,20190623,000000,0.1364,0.1436,0.1304,0.1353,0,0
ENJ.V,D,20190624,000000,0.1353,0.1435,0.135,0.1368,0,0
ENJ.V,D,20190625,000000,0.1368,0.1476,0.134,0.1343,0,0
ENJ.V,D,20190626,000000,0.1343,0.1482,0.1198,0.1254,0,0
ENJ.V,D,20190627,000000,0.1254,0.1254,0.1054,0.1162,0,0
ENJ.V,D,20190628,000000,0.1162,0.1302,0.1162,0.1206,0,0
ENJ.V,D,20190629,000000,0.1206,0.1249,0.1149,0.1237,0,0
ENJ.V,D,20190630,000000,0.1237,0.1237,0.1078,0.1213,0,0
ENJ.V,D,20190701,000000,0.1213,0.1322,0.1183,0.1273,0,0
ENJ.V,D,20190702,000000,0.1273,0.1352,0.1178,0.1217,0,0
ENJ.V,D,20190703,000000,0.1217,0.1344,0.1215,0.1215,0,0
ENJ.V,D,20190704,000000,0.1215,0.1215,0.1104,0.1157,0,0
ENJ.V,D,20190705,000000,0.1157,0.1189,0.1104,0.1164,0,0
ENJ.V,D,20190706,000000,0.1164,0.1235,0.1152,0.1218,0,0
ENJ.V,D,20190707,000000,0.1218,0.134,0.1218,0.1255,0,0
ENJ.V,D,20190708,000000,0.1255,0.1364,0.1188,0.1203,0,0
ENJ.V,D,20190709,000000,0.1203,0.1242,0.117,0.1205,0,0
ENJ.V,D,20190710,000000,0.1205,0.1205,0.109,0.1116,0,0
ENJ.V,D,20190711,000000,0.1116,0.1116,0.09698,0.09891,0,0
ENJ.V,D,20190712,000000,0.09891,0.1097,0.09891,0.1056,0,0
ENJ.V,D,20190713,000000,0.1056,0.1056,0.1001,0.1013,0,0
ENJ.V,D,20190714,000000,0.1013,0.1099,0.09082,0.1044,0,0
ENJ.V,D,20190715,000000,0.1044,0.1173,0.09819,0.101,0,0
ENJ.V,D,20190716,000000,0.101,0.101,0.07925,0.08198,0,0
ENJ.V,D,20190717,000000,0.08198,0.0895,0.08164,0.08455,0,0
ENJ.V,D,20190718,000000,0.08455,0.09404,0.08455,0.0884,0,0
ENJ.V,D,20190719,000000,0.0884,0.09027,0.08437,0.0889,0,0
ENJ.V,D,20190720,000000,0.0889,0.09264,0.08866,0.09006,0,0
ENJ.V,D,20190721,000000,0.09006,0.09006,0.08702,0.08819,0,0
ENJ.V,D,20190722,000000,0.08819,0.09014,0.08519,0.08963,0,0
ENJ.V,D,20190723,000000,0.08963,0.08963,0.08327,0.08524,0,0
ENJ.V,D,20190724,000000,0.08524,0.08707,0.08336,0.0859,0,0
ENJ.V,D,20190725,000000,0.0859,0.08874,0.08538,0.08716,0,0
ENJ.V,D,20190726,000000,0.08716,0.09109,0.08587,0.0905,0,0
ENJ.V,D,20190727,000000,0.0905,0.0905,0.08303,0.08369,0,0
ENJ.V,D,20190728,000000,0.08369,0.08569,0.08321,0.08455,0,0
ENJ.V,D,20190729,000000,0.08455,0.08499,0.08243,0.08309,0,0
ENJ.V,D,20190730,000000,0.08309,0.09164,0.08309,0.08953,0,0
ENJ.V,D,20190731,000000,0.08953,0.09645,0.08495,0.08697,0,0
ENJ.V,D,20190801,000000,0.08697,0.08973,0.08213,0.08442,0,0
ENJ.V,D,20190802,000000,0.08442,0.0856,0.08118,0.08328,0,0
ENJ.V,D,20190803,000000,0.08328,0.08646,0.08224,0.0831,0,0
ENJ.V,D,20190804,000000,0.0831,0.08432,0.07938,0.08015,0,0
ENJ.V,D,20190805,000000,0.08015,0.08667,0.07734,0.0784,0,0
ENJ.V,D,20190806,000000,0.0784,0.0784,0.06949,0.07224,0,0
ENJ.V,D,20190807,000000,0.07224,0.07759,0.06897,0.06981,0,0
ENJ.V,D,20190808,000000,0.06981,0.0725,0.06818,0.06854,0,0
ENJ.V,D,20190809,000000,0.06854,0.06854,0.06051,0.06087,0,0
ENJ.V,D,20190810,000000,0.06087,0.07386,0.05782,0.06912,0,0
ENJ.V,D,20190811,000000,0.06912,0.07796,0.06802,0.07114,0,0
ENJ.V,D,20190812,000000,0.07114,0.07618,0.07003,0.07163,0,0
ENJ.V,D,20190813,000000,0.07163,0.07163,0.06491,0.06828,0,0
ENJ.V,D,20190814,000000,0.06828,0.06828,0.05859,0.06009,0,0
ENJ.V,D,20190815,000000,0.06009,0.06185,0.05711,0.05979,0,0
ENJ.V,D,20190816,000000,0.05979,0.06392,0.05957,0.06175,0,0
ENJ.V,D,20190817,000000,0.06175,0.06807,0.05918,0.06388,0,0
ENJ.V,D,20190818,000000,0.06388,0.06681,0.06268,0.06423,0,0
ENJ.V,D,20190819,000000,0.06423,0.06936,0.06423,0.06564,0,0
ENJ.V,D,20190820,000000,0.06564,0.06742,0.06333,0.06581,0,0
ENJ.V,D,20190821,000000,0.06581,0.06581,0.06018,0.06383,0,0
ENJ.V,D,20190822,000000,0.06383,0.07295,0.06345,0.06972,0,0
ENJ.V,D,20190823,000000,0.06972,0.07693,0.0685,0.07194,0,0
ENJ.V,D,20190824,000000,0.07194,0.07917,0.07014,0.07247,0,0
ENJ.V,D,20190825,000000,0.07247,0.07485,0.06734,0.06734,0,0
ENJ.V,D,20190826,000000,0.06734,0.07048,0.06561,0.06706,0,0
ENJ.V,D,20190827,000000,0.06706,0.07174,0.06573,0.07072,0,0
ENJ.V,D,20190828,000000,0.07072,0.07263,0.06368,0.0666,0,0
ENJ.V,D,20190829,000000,0.0666,0.0666,0.06047,0.06332,0,0
ENJ.V,D,20190830,000000,0.06332,0.06596,0.06203,0.06385,0,0
ENJ.V,D,20190831,000000,0.06385,0.07016,0.06333,0.06641,0,0
ENJ.V,D,20190901,000000,0.06641,0.0757,0.06641,0.07082,0,0
ENJ.V,D,20190902,000000,0.07082,0.0912,0.07082,0.07946,0,0
ENJ.V,D,20190903,000000,0.07946,0.08128,0.07331,0.07544,0,0
ENJ.V,D,20190904,000000,0.07544,0.08627,0.07515,0.08161,0,0
ENJ.V,D,20190905,000000,0.08161,0.08952,0.08097,0.08265,0,0
ENJ.V,D,20190906,000000,0.08265,0.08265,0.07547,0.08031,0,0
ENJ.V,D,20190907,000000,0.08031,0.08226,0.07848,0.08026,0,0
ENJ.V,D,20190908,000000,0.08026,0.08305,0.07889,0.08253,0,0
ENJ.V,D,20190909,000000,0.08253,0.08253,0.07654,0.07777,0,0
ENJ.V,D,20190910,000000,0.07777,0.07845,0.07451,0.07481,0,0
ENJ.V,D,20190911,000000,0.07481,0.07603,0.07136,0.07298,0,0
ENJ.V,D,20190912,000000,0.07298,0.0754,0.07019,0.0706,0,0
ENJ.V,D,20190913,000000,0.0706,0.07105,0.06898,0.06929,0,0
ENJ.V,D,20190914,000000,0.06929,0.07132,0.06893,0.07121,0,0
ENJ.V,D,20190915,000000,0.07121,0.07302,0.07054,0.0725,0,0
ENJ.V,D,20190916,000000,0.0725,0.07314,0.0679,0.06964,0,0
ENJ.V,D,20190917,000000,0.06964,0.07272,0.06874,0.07119,0,0
ENJ.V,D,20190918,000000,0.07119,0.07541,0.07023,0.07338,0,0
ENJ.V,D,20190919,000000,0.07338,0.07505,0.07022,0.07114,0,0
ENJ.V,D,20190920,000000,0.07114,0.07256,0.07012,0.07195,0,0
ENJ.V,D,20190921,000000,0.07195,0.07195,0.06932,0.07012,0,0
ENJ.V,D,20190922,000000,0.07012,0.07076,0.06765,0.06795,0,0
ENJ.V,D,20190923,000000,0.06795,0.06795,0.06544,0.0665,0,0
ENJ.V,D,20190924,000000,0.0665,0.0665,0.05459,0.0551,0,0
ENJ.V,D,20190925,000000,0.0551,0.05676,0.05322,0.05626,0,0
ENJ.V,D,20190926,000000,0.05626,0.05626,0.05031,0.05241,0,0
ENJ.V,D,20190927,000000,0.05241,0.05544,0.05232,0.05446,0,0
ENJ.V,D,20190928,000000,0.05446,0.05937,0.05436,0.05691,0,0
ENJ.V,D,20190929,000000,0.05691,0.05791,0.05517,0.05549,0,0
ENJ.V,D,20190930,000000,0.05549,0.05895,0.05549,0.05737,0,0
ENJ.V,D,20191001,000000,0.05737,0.05929,0.0567,0.05804,0,0
ENJ.V,D,20191002,000000,0.05804,0.05891,0.0574,0.05824,0,0
ENJ.V,D,20191003,000000,0.05824,0.06094,0.0569,0.06036,0,0
ENJ.V,D,20191004,000000,0.06036,0.06886,0.05979,0.06551,0,0
ENJ.V,D,20191005,000000,0.06551,0.06816,0.06342,0.06652,0,0
ENJ.V,D,20191006,000000,0.06652,0.06652,0.06004,0.06059,0,0
ENJ.V,D,20191007,000000,0.06059,0.06539,0.06059,0.06506,0,0
ENJ.V,D,20191008,000000,0.06506,0.06676,0.06259,0.06652,0,0
ENJ.V,D,20191009,000000,0.06652,0.07021,0.06307,0.06479,0,0
ENJ.V,D,20191010,000000,0.06479,0.06594,0.06318,0.0637,0,0
ENJ.V,D,20191011,000000,0.0637,0.0637,0.05836,0.06159,0,0
ENJ.V,D,20191012,000000,0.06159,0.06479,0.06159,0.06329,0,0
ENJ.V,D,20191013,000000,0.06329,0.06546,0.06156,0.0633,0,0
ENJ.V,D,20191014,000000,0.0633,0.06499,0.06281,0.06332,0,0
ENJ.V,D,20191015,000000,0.06332,0.06332,0.05991,0.06097,0,0
ENJ.V,D,20191016,000000,0.06097,0.06097,0.05642,0.05802,0,0
ENJ.V,D,20191017,000000,0.05802,0.05933,0.05262,0.05811,0,0
ENJ.V,D,20191018,000000,0.05811,0.05811,0.05501,0.05716,0,0
ENJ.V,D,20191019,000000,0.05716,0.05821,0.05613,0.05661,0,0
ENJ.V,D,20191020,000000,0.05661,0.05872,0.05649,0.05691,0,0
ENJ.V,D,20191021,000000,0.05691,0.05855,0.05534,0.05781,0,0
ENJ.V,D,20191022,000000,0.05781,0.06098,0.05544,0.05962,0,0
ENJ.V,D,20191023,000000,0.05962,0.05962,0.05393,0.05879,0,0
ENJ.V,D,20191024,000000,0.05879,0.05933,0.0562,0.05918,0,0
ENJ.V,D,20191025,000000,0.05918,0.0692,0.05918,0.06235,0,0
ENJ.V,D,20191026,000000,0.06235,0.0687,0.05731,0.06046,0,0
ENJ.V,D,20191027,000000,0.06046,0.0679,0.05979,0.06437,0,0
ENJ.V,D,20191028,000000,0.06437,0.06492,0.06041,0.06446,0,0
ENJ.V,D,20191029,000000,0.06446,0.06612,0.06273,0.06386,0,0
ENJ.V,D,20191030,000000,0.06386,0.06437,0.06135,0.06346,0,0
ENJ.V,D,20191031,000000,0.06346,0.06529,0.05989,0.0641,0,0
ENJ.V,D,20191101,000000,0.0641,0.06853,0.0641,0.06677,0,0
ENJ.V,D,20191102,000000,0.06677,0.06761,0.06425,0.06602,0,0
ENJ.V,D,20191103,000000,0.06602,0.06649,0.06483,0.0664,0,0
ENJ.V,D,20191104,000000,0.0664,0.07123,0.06595,0.06718,0,0
ENJ.V,D,20191105,000000,0.06718,0.06806,0.06545,0.06694,0,0
ENJ.V,D,20191106,000000,0.06694,0.06777,0.06637,0.06739,0,0
ENJ.V,D,20191107,000000,0.06739,0.06768,0.06446,0.06501,0,0
ENJ.V,D,20191108,000000,0.06501,0.06501,0.06062,0.06184,0,0
ENJ.V,D,20191109,000000,0.06184,0.06326,0.06167,0.06317,0,0
ENJ.V,D,20191110,000000,0.06317,0.06522,0.06305,0.0635,0,0
ENJ.V,D,20191111,000000,0.0635,0.0635,0.06108,0.06143,0,0
ENJ.V,D,20191112,000000,0.06143,0.0632,0.06127,0.06171,0,0
ENJ.V,D,20191113,000000,0.06171,0.06405,0.06089,0.06203,0,0
ENJ.V,D,20191114,000000,0.06203,0.06506,0.06074,0.0648,0,0
ENJ.V,D,20191115,000000,0.0648,0.06665,0.0625,0.06555,0,0
ENJ.V,D,20191116,000000,0.06555,0.06927,0.064,0.06842,0,0
ENJ.V,D,20191117,000000,0.06842,0.06889,0.06523,0.06633,0,0
ENJ.V,D,20191118,000000,0.06633,0.06633,0.06053,0.06421,0,0
ENJ.V,D,20191119,000000,0.06421,0.06792,0.06043,0.06523,0,0
ENJ.V,D,20191120,000000,0.06523,0.07309,0.06475,0.07066,0,0
ENJ.V,D,20191121,000000,0.07066,0.07066,0.05953,0.06213,0,0
ENJ.V,D,20191122,000000,0.06213,0.06213,0.05527,0.05739,0,0
ENJ.V,D,20191123,000000,0.05739,0.06437,0.05593,0.0607,0,0
ENJ.V,D,20191124,000000,0.0607,0.0607,0.05274,0.05274,0,0
ENJ.V,D,20191125,000000,0.05274,0.05518,0.05147,0.05211,0,0
ENJ.V,D,20191126,000000,0.05211,0.056,0.05198,0.05471,0,0
ENJ.V,D,20191127,000000,0.05471,0.05935,0.05471,0.05837,0,0
ENJ.V,D,20191128,000000,0.05837,0.0608,0.05656,0.05991,0,0
ENJ.V,D,20191129,000000,0.05991,0.0634,0.05991,0.06153,0,0
ENJ.V,D,20191130,000000,0.06153,0.06153,0.05853,0.0605,0,0
ENJ.V,D,20191201,000000,0.0605,0.06263,0.05788,0.061,0,0
ENJ.V,D,20191202,000000,0.061,0.06223,0.05835,0.05893,0,0
ENJ.V,D,20191203,000000,0.05893,0.06334,0.05785,0.06268,0,0
ENJ.V,D,20191204,000000,0.06268,0.08858,0.05737,0.07539,0,0
ENJ.V,D,20191205,000000,0.07539,0.1056,0.0734,0.09451,0,0
ENJ.V,D,20191206,000000,0.09451,0.1107,0.09169,0.1045,0,0
ENJ.V,D,20191207,000000,0.1045,0.1045,0.08612,0.08665,0,0
ENJ.V,D,20191208,000000,0.08665,0.09749,0.08309,0.09093,0,0
ENJ.V,D,20191209,000000,0.09093,0.09122,0.08137,0.08247,0,0
ENJ.V,D,20191210,000000,0.08247,0.08247,0.06677,0.07422,0,0
ENJ.V,D,20191211,000000,0.07422,0.08705,0.07277,0.08337,0,0
ENJ.V,D,20191212,000000,0.08337,0.08956,0.07754,0.08251,0,0
ENJ.V,D,20191213,000000,0.08251,0.0875,0.08024,0.08257,0,0
ENJ.V,D,20191214,000000,0.08257,0.08257,0.07385,0.0759,0,0
ENJ.V,D,20191215,000000,0.0759,0.0868,0.07375,0.08666,0,0
ENJ.V,D,20191216,000000,0.08666,0.08911,0.07863,0.07994,0,0
ENJ.V,D,20191217,000000,0.07994,0.08467,0.07353,0.07611,0,0
ENJ.V,D,20191218,000000,0.07611,0.08695,0.07594,0.07761,0,0
ENJ.V,D,20191219,000000,0.07761,0.07918,0.07453,0.07782,0,0
ENJ.V,D,20191220,000000,0.07782,0.08219,0.07499,0.07744,0,0
ENJ.V,D,20191221,000000,0.07744,0.0809,0.07589,0.07689,0,0
ENJ.V,D,20191222,000000,0.07689,0.08848,0.07689,0.08172,0,0
ENJ.V,D,20191223,000000,0.08172,0.08172,0.07363,0.077,0,0
ENJ.V,D,20191224,000000,0.077,0.08023,0.07442,0.07805,0,0
ENJ.V,D,20191225,000000,0.07805,0.07973,0.07476,0.07527,0,0
ENJ.V,D,20191226,000000,0.07527,0.07676,0.07351,0.07568,0,0
ENJ.V,D,20191227,000000,0.07568,0.07754,0.07392,0.075,0,0
ENJ.V,D,20191228,000000,0.075,0.08289,0.0747,0.0807,0,0
ENJ.V,D,20191229,000000,0.0807,0.08583,0.07792,0.08206,0,0
ENJ.V,D,20191230,000000,0.08206,0.08457,0.07849,0.08218,0,0
ENJ.V,D,20191231,000000,0.08218,0.08506,0.07909,0.08003,0,0
ENJ.V,D,20200101,000000,0.08003,0.08182,0.07744,0.07966,0,0
ENJ.V,D,20200102,000000,0.07966,0.07966,0.07203,0.07398,0,0
ENJ.V,D,20200103,000000,0.07398,0.07956,0.07398,0.07846,0,0
ENJ.V,D,20200104,000000,0.07846,0.07998,0.07689,0.07703,0,0
ENJ.V,D,20200105,000000,0.07703,0.07765,0.07448,0.07684,0,0
ENJ.V,D,20200106,000000,0.07684,0.08151,0.07429,0.07561,0,0
ENJ.V,D,20200107,000000,0.07561,0.07965,0.071,0.07263,0,0
ENJ.V,D,20200108,000000,0.07263,0.07603,0.0683,0.07514,0,0
ENJ.V,D,20200109,000000,0.07514,0.07514,0.06997,0.07169,0,0
ENJ.V,D,20200110,000000,0.07169,0.07691,0.07142,0.07289,0,0
ENJ.V,D,20200111,000000,0.07289,0.07495,0.07022,0.0719,0,0
ENJ.V,D,20200112,000000,0.0719,0.07396,0.0719,0.07241,0,0
ENJ.V,D,20200113,000000,0.07241,0.07296,0.07077,0.07126,0,0
ENJ.V,D,20200114,000000,0.07126,0.07789,0.0703,0.07242,0,0
ENJ.V,D,20200115,000000,0.07242,0.07914,0.07165,0.07606,0,0
ENJ.V,D,20200116,000000,0.07606,0.08519,0.07455,0.08101,0,0
ENJ.V,D,20200117,000000,0.08101,0.08415,0.07534,0.08023,0,0
ENJ.V,D,20200118,000000,0.08023,0.08072,0.07617,0.07724,0,0
ENJ.V,D,20200119,000000,0.07724,0.07724,0.07171,0.07397,0,0
ENJ.V,D,20200120,000000,0.07397,0.07676,0.07287,0.07572,0,0
ENJ.V,D,20200121,000000,0.07572,0.07765,0.07572,0.07643,0,0
ENJ.V,D,20200122,000000,0.07643,0.07801,0.07541,0.07792,0,0
ENJ.V,D,20200123,000000,0.07792,0.09242,0.07521,0.08629,0,0
ENJ.V,D,20200124,000000,0.08629,0.09224,0.08297,0.08457,0,0
ENJ.V,D,20200125,000000,0.08457,0.08838,0.08229,0.08805,0,0
ENJ.V,D,20200126,000000,0.08805,0.09411,0.08671,0.08706,0,0
ENJ.V,D,20200127,000000,0.08706,0.09184,0.08706,0.09024,0,0
ENJ.V,D,20200128,000000,0.09024,0.09552,0.08791,0.08838,0,0
ENJ.V,D,20200129,000000,0.08838,0.08989,0.08692,0.08989,0,0
ENJ.V,D,20200130,000000,0.08989,0.1014,0.08989,0.1004,0,0
ENJ.V,D,20200131,000000,0.1004,0.1014,0.09445,0.09548,0,0
ENJ.V,D,20200201,000000,0.09548,0.1075,0.09525,0.1047,0,0
ENJ.V,D,20200202,000000,0.1047,0.1148,0.0996,0.1127,0,0
ENJ.V,D,20200203,000000,0.1127,0.1168,0.1054,0.1156,0,0
ENJ.V,D,20200204,000000,0.1156,0.1508,0.1117,0.1466,0,0
ENJ.V,D,20200205,000000,0.1466,0.1603,0.1245,0.1341,0,0
ENJ.V,D,20200206,000000,0.1341,0.142,0.1292,0.1375,0,0
ENJ.V,D,20200207,000000,0.1375,0.1425,0.126,0.1307,0,0
ENJ.V,D,20200208,000000,0.1307,0.1378,0.1227,0.128,0,0
ENJ.V,D,20200209,000000,0.128,0.1408,0.121,0.1341,0,0
ENJ.V,D,20200210,000000,0.1341,0.1422,0.1261,0.1409,0,0
ENJ.V,D,20200211,000000,0.1409,0.1471,0.1365,0.1392,0,0
ENJ.V,D,20200212,000000,0.1392,0.1492,0.1389,0.1419,0,0
ENJ.V,D,20200213,000000,0.1419,0.1419,0.1333,0.1358,0,0
ENJ.V,D,20200214,000000,0.1358,0.146,0.1358,0.1443,0,0
ENJ.V,D,20200215,000000,0.1443,0.1484,0.1317,0.1327,0,0
ENJ.V,D,20200216,000000,0.1327,0.136,0.1133,0.1235,0,0
ENJ.V,D,20200217,000000,0.1235,0.1591,0.1103,0.1374,0,0
ENJ.V,D,20200218,000000,0.1374,0.1526,0.1354,0.1407,0,0
ENJ.V,D,20200219,000000,0.1407,0.1574,0.1301,0.1358,0,0
ENJ.V,D,20200220,000000,0.1358,0.141,0.1265,0.1325,0,0
ENJ.V,D,20200221,000000,0.1325,0.137,0.1261,0.1282,0,0
ENJ.V,D,20200222,000000,0.1282,0.1282,0.122,0.1244,0,0
ENJ.V,D,20200223,000000,0.1244,0.1355,0.1244,0.1316,0,0
ENJ.V,D,20200224,000000,0.1316,0.1316,0.1179,0.1223,0,0
ENJ.V,D,20200225,000000,0.1223,0.1233,0.1092,0.1095,0,0
ENJ.V,D,20200226,000000,0.1095,0.1095,0.09233,0.09699,0,0
ENJ.V,D,20200227,000000,0.09699,0.1052,0.09157,0.1014,0,0
ENJ.V,D,20200228,000000,0.1014,0.1072,0.09661,0.1006,0,0
ENJ.V,D,20200229,000000,0.1006,0.1006,0.09537,0.09648,0,0
ENJ.V,D,20200301,000000,0.09648,0.1057,0.0961,0.1014,0,0
ENJ.V,D,20200302,000000,0.1014,0.1129,0.1014,0.1087,0,0
ENJ.V,D,20200303,000000,0.1087,0.1117,0.1061,0.1075,0,0
ENJ.V,D,20200304,000000,0.1075,0.1084,0.1032,0.1058,0,0
ENJ.V,D,20200305,000000,0.1058,0.114,0.1058,0.1106,0,0
ENJ.V,D,20200306,000000,0.1106,0.115,0.1068,0.1132,0,0
ENJ.V,D,20200307,000000,0.1132,0.1132,0.1036,0.1053,0,0
ENJ.V,D,20200308,000000,0.1053,0.1053,0.08606,0.08678,0,0
ENJ.V,D,20200309,000000,0.08678,0.09001,0.0835,0.08779,0,0
ENJ.V,D,20200310,000000,0.08779,0.08992,0.08518,0.08818,0,0
ENJ.V,D,20200311,000000,0.08818,0.09137,0.08104,0.08343,0,0
ENJ.V,D,20200312,000000,0.08343,0.08343,0.04273,0.04376,0,0
ENJ.V,D,20200313,000000,0.04376,0.05486,0.04376,0.05007,0,0
ENJ.V,D,20200314,000000,0.05007,0.05026,0.04539,0.04964,0,0
ENJ.V,D,20200315,000000,0.04964,0.05496,0.04964,0.05073,0,0
ENJ.V,D,20200316,000000,0.05073,0.05073,0.04369,0.04611,0,0
ENJ.V,D,20200317,000000,0.04611,0.05172,0.04611,0.05146,0,0
ENJ.V,D,20200318,000000,0.05146,0.0531,0.04942,0.05234,0,0
ENJ.V,D,20200319,000000,0.05234,0.08869,0.05234,0.07416,0,0
ENJ.V,D,20200320,000000,0.07416,0.08528,0.07019,0.07473,0,0
ENJ.V,D,20200321,000000,0.07473,0.07924,0.07292,0.07664,0,0
ENJ.V,D,20200322,000000,0.07664,0.07664,0.06941,0.07017,0,0
ENJ.V,D,20200323,000000,0.07017,0.07895,0.07017,0.0746,0,0
ENJ.V,D,20200324,000000,0.0746,0.08439,0.0746,0.08249,0,0
ENJ.V,D,20200325,000000,0.08249,0.08249,0.07732,0.08133,0,0
ENJ.V,D,20200326,000000,0.08133,0.0959,0.08116,0.09312,0,0
ENJ.V,D,20200327,000000,0.09312,0.09312,0.08125,0.08298,0,0
ENJ.V,D,20200328,000000,0.08298,0.08835,0.07828,0.0856,0,0
ENJ.V,D,20200329,000000,0.0856,0.08653,0.08,0.0817,0,0
ENJ.V,D,20200330,000000,0.0817,0.09887,0.0817,0.0924,0,0
ENJ.V,D,20200331,000000,0.0924,0.09623,0.09128,0.09314,0,0
ENJ.V,D,20200401,000000,0.09314,0.09676,0.09162,0.09336,0,0
ENJ.V,D,20200402,000000,0.09336,0.09737,0.08614,0.09186,0,0
ENJ.V,D,20200403,000000,0.09186,0.09279,0.08895,0.09037,0,0
ENJ.V,D,20200404,000000,0.09037,0.09853,0.09037,0.09757,0,0
ENJ.V,D,20200405,000000,0.09757,0.09894,0.0923,0.09365,0,0
ENJ.V,D,20200406,000000,0.09365,0.1033,0.09365,0.09941,0,0
ENJ.V,D,20200407,000000,0.09941,0.09941,0.09427,0.09513,0,0
ENJ.V,D,20200408,000000,0.09513,0.09916,0.09513,0.09762,0,0
ENJ.V,D,20200409,000000,0.09762,0.09792,0.09446,0.09689,0,0
ENJ.V,D,20200410,000000,0.09713,0.09752,0.08306,0.08867,0,0
ENJ.V,D,20200411,000000,0.08867,0.09193,0.0857,0.08676,0,0
ENJ.V,D,20200412,000000,0.08686,0.0929,0.08533,0.09056,0,0
ENJ.V,D,20200413,000000,0.09056,0.09081,0.08304,0.0889,0,0
ENJ.V,D,20200414,000000,0.08892,0.0927,0.08852,0.09167,0,0
ENJ.V,D,20200415,000000,0.09169,0.09843,0.08999,0.0967,0,0
ENJ.V,D,20200416,000000,0.0967,0.09751,0.08766,0.09623,0,0
ENJ.V,D,20200417,000000,0.09623,0.09785,0.0939,0.09394,0,0
ENJ.V,D,20200418,000000,0.09415,0.1037,0.09391,0.1033,0,0
ENJ.V,D,20200419,000000,0.1033,0.1072,0.09964,0.1015,0,0
ENJ.V,D,20200420,000000,0.1015,0.1086,0.09584,0.09847,0,0
ENJ.V,D,20200421,000000,0.09845,0.1144,0.09703,0.1099,0,0
ENJ.V,D,20200422,000000,0.1099,0.1172,0.1059,0.1125,0,0
ENJ.V,D,20200423,000000,0.1125,0.1251,0.1118,0.1246,0,0
ENJ.V,D,20200424,000000,0.1246,0.1322,0.12,0.1311,0,0
ENJ.V,D,20200425,000000,0.131,0.1569,0.1272,0.1463,0,0
ENJ.V,D,20200426,000000,0.1463,0.176,0.1381,0.1408,0,0
ENJ.V,D,20200427,000000,0.1408,0.1519,0.1299,0.1344,0,0
ENJ.V,D,20200428,000000,0.1344,0.1443,0.1304,0.1396,0,0
ENJ.V,D,20200429,000000,0.1396,0.147,0.1379,0.1446,0,0
ENJ.V,D,20200430,000000,0.1445,0.1452,0.1307,0.1355,0,0
ENJ.V,D,20200501,000000,0.1355,0.1438,0.135,0.1434,0,0
ENJ.V,D,20200502,000000,0.1434,0.1467,0.1383,0.1436,0,0
ENJ.V,D,20200503,000000,0.1436,0.1448,0.132,0.1378,0,0
ENJ.V,D,20200504,000000,0.1378,0.1394,0.1246,0.1376,0,0
ENJ.V,D,20200505,000000,0.1376,0.1467,0.1348,0.1455,0,0
ENJ.V,D,20200506,000000,0.1454,0.1561,0.1432,0.1492,0,0
ENJ.V,D,20200507,000000,0.1492,0.1494,0.139,0.1421,0,0
ENJ.V,D,20200508,000000,0.1421,0.149,0.1391,0.1454,0,0
ENJ.V,D,20200509,000000,0.1454,0.1502,0.1425,0.1471,0,0
ENJ.V,D,20200510,000000,0.1471,0.1477,0.1277,0.1421,0,0
ENJ.V,D,20200511,000000,0.1422,0.1528,0.1332,0.1466,0,0
ENJ.V,D,20200512,000000,0.1466,0.1655,0.1448,0.1573,0,0
ENJ.V,D,20200513,000000,0.1573,0.1745,0.1573,0.1631,0,0
ENJ.V,D,20200514,000000,0.1631,0.165,0.157,0.1624,0,0
ENJ.V,D,20200515,000000,0.1624,0.1697,0.1524,0.1619,0,0
ENJ.V,D,20200516,000000,0.1619,0.172,0.1612,0.1636,0,0
ENJ.V,D,20200517,000000,0.1636,0.1663,0.1582,0.1597,0,0
ENJ.V,D,20200518,000000,0.1597,0.1638,0.1557,0.1577,0,0
ENJ.V,D,20200519,000000,0.1577,0.1662,0.1566,0.1662,0,0
ENJ.V,D,20200520,000000,0.1663,0.1767,0.1562,0.1673,0,0
ENJ.V,D,20200521,000000,0.1673,0.1855,0.1645,0.1773,0,0
ENJ.V,D,20200522,000000,0.1773,0.1838,0.1653,0.1735,0,0
ENJ.V,D,20200523,000000,0.1735,0.1803,0.1702,0.1775,0,0
ENJ.V,D,20200524,000000,0.1775,0.1788,0.1648,0.174,0,0
ENJ.V,D,20200525,000000,0.1739,0.1951,0.1639,0.187,0,0
ENJ.V,D,20200526,000000,0.187,0.2097,0.1825,0.1858,0,0
ENJ.V,D,20200527,000000,0.1858,0.2341,0.1795,0.2115,0,0
ENJ.V,D,20200528,000000,0.2115,0.2313,0.2027,0.2116,0,0
ENJ.V,D,20200529,000000,0.2116,0.219,0.1975,0.2029,0,0
ENJ.V,D,20200530,000000,0.2029,0.2113,0.1989,0.2037,0,0
ENJ.V,D,20200531,000000,0.2037,0.2099,0.1995,0.2089,0,0
ENJ.V,D,20200601,000000,0.2089,0.2194,0.2028,0.2088,0,0
ENJ.V,D,20200602,000000,0.2088,0.2116,0.192,0.1984,0,0
ENJ.V,D,20200603,000000,0.1984,0.1995,0.1909,0.1956,0,0
ENJ.V,D,20200604,000000,0.1956,0.2054,0.1948,0.198,0,0
ENJ.V,D,20200605,000000,0.198,0.2035,0.1935,0.2019,0,0
ENJ.V,D,20200606,000000,0.2019,0.2067,0.1965,0.2006,0,0
ENJ.V,D,20200607,000000,0.2006,0.2017,0.1916,0.197,0,0
ENJ.V,D,20200608,000000,0.197,0.2071,0.1938,0.2027,0,0
ENJ.V,D,20200609,000000,0.2027,0.2117,0.2015,0.2045,0,0
ENJ.V,D,20200610,000000,0.2045,0.211,0.1969,0.2087,0,0
ENJ.V,D,20200611,000000,0.2085,0.2124,0.1881,0.1927,0,0
ENJ.V,D,20200612,000000,0.1927,0.2045,0.1769,0.1953,0,0
ENJ.V,D,20200613,000000,0.1953,0.197,0.189,0.1893,0,0
ENJ.V,D,20200614,000000,0.1896,0.191,0.1808,0.1819,0,0
ENJ.V,D,20200615,000000,0.182,0.1827,0.1597,0.1796,0,0
ENJ.V,D,20200616,000000,0.1796,0.1862,0.1702,0.1804,0,0
ENJ.V,D,20200617,000000,0.1803,0.1803,0.1683,0.1737,0,0
ENJ.V,D,20200618,000000,0.1737,0.1847,0.1718,0.1746,0,0
ENJ.V,D,20200619,000000,0.1753,0.1801,0.1709,0.1736,0,0
ENJ.V,D,20200620,000000,0.1734,0.1739,0.1675,0.1704,0,0
ENJ.V,D,20200621,000000,0.1704,0.1752,0.1688,0.1719,0,0
ENJ.V,D,20200622,000000,0.1719,0.1775,0.1699,0.1766,0,0
ENJ.V,D,20200623,000000,0.1766,0.19,0.1753,0.1829,0,0
ENJ.V,D,20200624,000000,0.1829,0.1874,0.1701,0.175,0,0
ENJ.V,D,20200625,000000,0.175,0.1766,0.1663,0.1688,0,0
ENJ.V,D,20200626,000000,0.1688,0.1732,0.1586,0.1596,0,0
ENJ.V,D,20200627,000000,0.1596,0.1607,0.1468,0.1518,0,0
ENJ.V,D,20200628,000000,0.1518,0.16,0.1451,0.1573,0,0
ENJ.V,D,20200629,000000,0.1573,0.1755,0.1528,0.1731,0,0
ENJ.V,D,20200630,000000,0.1731,0.1793,0.1703,0.1728,0,0
ENJ.V,D,20200701,000000,0.1728,0.173,0.163,0.1687,0,0
ENJ.V,D,20200702,000000,0.1687,0.1751,0.1611,0.1655,0,0
ENJ.V,D,20200703,000000,0.1654,0.1748,0.1654,0.1714,0,0
ENJ.V,D,20200704,000000,0.1714,0.1852,0.1709,0.1813,0,0
ENJ.V,D,20200705,000000,0.1813,0.1893,0.1685,0.1716,0,0
ENJ.V,D,20200706,000000,0.1717,0.1799,0.1713,0.1761,0,0
ENJ.V,D,20200707,000000,0.1761,0.1792,0.1736,0.1766,0,0
ENJ.V,D,20200708,000000,0.1766,0.185,0.1752,0.1826,0,0
ENJ.V,D,20200709,000000,0.1826,0.1945,0.1771,0.1822,0,0
ENJ.V,D,20200710,000000,0.1822,0.1859,0.1697,0.1759,0,0
ENJ.V,D,20200711,000000,0.1759,0.1816,0.1753,0.1801,0,0
ENJ.V,D,20200712,000000,0.1801,0.1823,0.173,0.1765,0,0
ENJ.V,D,20200713,000000,0.1765,0.1916,0.1745,0.1818,0,0
ENJ.V,D,20200714,000000,0.1818,0.1992,0.1775,0.1871,0,0
ENJ.V,D,20200715,000000,0.1871,0.192,0.1838,0.1855,0,0
ENJ.V,D,20200716,000000,0.1855,0.1954,0.1704,0.1929,0,0
ENJ.V,D,20200717,000000,0.1929,0.2158,0.1906,0.2063,0,0
ENJ.V,D,20200718,000000,0.2111,0.2173,0.1968,0.2046,0,0
ENJ.V,D,20200719,000000,0.2046,0.2117,0.1968,0.2055,0,0
ENJ.V,D,20200720,000000,0.2055,0.2083,0.1927,0.1948,0,0
ENJ.V,D,20200721,000000,0.1948,0.1973,0.186,0.1913,0,0
ENJ.V,D,20200722,000000,0.1926,0.1982,0.1915,0.1924,0,0
ENJ.V,D,20200723,000000,0.1925,0.1952,0.1848,0.1864,0,0
ENJ.V,D,20200724,000000,0.1864,0.1885,0.1836,0.185,0,0
ENJ.V,D,20200725,000000,0.185,0.1934,0.184,0.1875,0,0
ENJ.V,D,20200726,000000,0.1875,0.1898,0.1772,0.18,0,0
ENJ.V,D,20200727,000000,0.18,0.1803,0.1619,0.1662,0,0
ENJ.V,D,20200728,000000,0.1658,0.1769,0.1648,0.1742,0,0
ENJ.V,D,20200729,000000,0.1742,0.185,0.1741,0.1793,0,0
