<TICKER>,<PER>,<DATE>,<TIME>,<OPEN>,<HIGH>,<LOW>,<CLOSE>,<VOL>,<OPENINT>
EOS.V,D,20170629,000000,0.85,0.9845,0.6,0.85,0,0
EOS.V,D,20170630,000000,0.85,1.91,0.65,0.912,0,0
EOS.V,D,20170701,000000,0.912,1.35,0.8,1.05,0,0
EOS.V,D,20170702,000000,1.05,3.88,1.05,3,0,0
EOS.V,D,20170703,000000,3,6.9,2.5,4.2,0,0
EOS.V,D,20170704,000000,4.2,4.45,2.56,3.24,0,0
EOS.V,D,20170705,000000,3.24,3.35,2.61,2.86,0,0
EOS.V,D,20170706,000000,2.86,3.55,2.83,3.23,0,0
EOS.V,D,20170707,000000,3.23,3.33,2.62,2.65,0,0
EOS.V,D,20170708,000000,2.65,2.76,2.05,2.37,0,0
EOS.V,D,20170709,000000,2.37,2.51,2.07,2.22,0,0
EOS.V,D,20170710,000000,2.22,2.25,1.44,1.7,0,0
EOS.V,D,20170711,000000,1.7,1.84,1.4,1.53,0,0
EOS.V,D,20170712,000000,1.53,2.07,1.41,1.96,0,0
EOS.V,D,20170713,000000,1.96,2.02,1.58,1.71,0,0
EOS.V,D,20170714,000000,1.71,1.71,1.46,1.51,0,0
EOS.V,D,20170715,000000,1.51,1.52,1.28,1.29,0,0
EOS.V,D,20170716,000000,1.29,1.37,1.12,1.22,0,0
EOS.V,D,20170717,000000,1.22,1.59,1.2,1.51,0,0
EOS.V,D,20170718,000000,1.51,1.78,1.44,1.67,0,0
EOS.V,D,20170719,000000,1.67,1.8,1.39,1.45,0,0
EOS.V,D,20170720,000000,1.45,1.79,1.41,1.71,0,0
EOS.V,D,20170721,000000,1.71,1.98,1.68,1.79,0,0
EOS.V,D,20170722,000000,1.79,2.08,1.77,2.03,0,0
EOS.V,D,20170723,000000,2.03,2.18,1.8,1.91,0,0
EOS.V,D,20170724,000000,1.91,1.99,1.81,1.9,0,0
EOS.V,D,20170725,000000,1.9,1.91,1.53,1.67,0,0
EOS.V,D,20170726,000000,1.67,1.74,1.49,1.66,0,0
EOS.V,D,20170727,000000,1.66,1.94,1.64,1.91,0,0
EOS.V,D,20170728,000000,1.91,1.98,1.77,1.8,0,0
EOS.V,D,20170729,000000,1.8,1.87,1.6,1.81,0,0
EOS.V,D,20170730,000000,1.81,1.89,1.69,1.79,0,0
EOS.V,D,20170731,000000,1.79,1.81,1.64,1.72,0,0
EOS.V,D,20170801,000000,1.72,1.83,1.68,1.77,0,0
EOS.V,D,20170802,000000,1.77,1.93,1.69,1.76,0,0
EOS.V,D,20170803,000000,1.76,1.81,1.69,1.78,0,0
EOS.V,D,20170804,000000,1.78,1.85,1.7,1.78,0,0
EOS.V,D,20170805,000000,1.78,1.96,1.72,1.86,0,0
EOS.V,D,20170806,000000,1.86,1.88,1.75,1.76,0,0
EOS.V,D,20170807,000000,1.76,1.87,1.7,1.83,0,0
EOS.V,D,20170808,000000,1.83,1.98,1.79,1.86,0,0
EOS.V,D,20170809,000000,1.86,1.98,1.78,1.82,0,0
EOS.V,D,20170810,000000,1.82,1.91,1.79,1.84,0,0
EOS.V,D,20170811,000000,1.84,1.87,1.7,1.76,0,0
EOS.V,D,20170812,000000,1.76,1.83,1.6,1.65,0,0
EOS.V,D,20170813,000000,1.65,1.69,1.51,1.59,0,0
EOS.V,D,20170814,000000,1.59,1.69,1.51,1.61,0,0
EOS.V,D,20170815,000000,1.61,1.72,1.57,1.62,0,0
EOS.V,D,20170816,000000,1.62,1.64,1.55,1.59,0,0
EOS.V,D,20170817,000000,1.59,1.61,1.49,1.52,0,0
EOS.V,D,20170818,000000,1.52,1.53,1.35,1.4,0,0
EOS.V,D,20170819,000000,1.4,1.44,1.29,1.39,0,0
EOS.V,D,20170820,000000,1.39,1.42,1.33,1.36,0,0
EOS.V,D,20170821,000000,1.36,1.39,1.31,1.33,0,0
EOS.V,D,20170822,000000,1.33,1.33,1.24,1.27,0,0
EOS.V,D,20170823,000000,1.27,1.54,1.26,1.42,0,0
EOS.V,D,20170824,000000,1.42,1.42,1.33,1.37,0,0
EOS.V,D,20170825,000000,1.37,1.44,1.33,1.37,0,0
EOS.V,D,20170826,000000,1.37,1.39,1.33,1.36,0,0
EOS.V,D,20170827,000000,1.36,1.38,1.32,1.34,0,0
EOS.V,D,20170828,000000,1.34,1.36,1.29,1.33,0,0
EOS.V,D,20170829,000000,1.33,1.38,1.31,1.32,0,0
EOS.V,D,20170830,000000,1.32,1.35,1.22,1.25,0,0
EOS.V,D,20170831,000000,1.25,1.35,1.25,1.34,0,0
EOS.V,D,20170901,000000,1.34,1.35,1.28,1.32,0,0
EOS.V,D,20170902,000000,1.32,1.44,1.19,1.24,0,0
EOS.V,D,20170903,000000,1.24,1.33,1.21,1.3,0,0
EOS.V,D,20170904,000000,1.3,1.3,0.8219,0.9142,0,0
EOS.V,D,20170905,000000,0.9142,0.9777,0.7502,0.923,0,0
EOS.V,D,20170906,000000,0.923,1.16,0.856,0.9106,0,0
EOS.V,D,20170907,000000,0.9106,1.02,0.852,0.9828,0,0
EOS.V,D,20170908,000000,0.9828,0.9912,0.7804,0.8421,0,0
EOS.V,D,20170909,000000,0.8421,0.8487,0.7577,0.8174,0,0
EOS.V,D,20170910,000000,0.8174,0.8193,0.6992,0.745,0,0
EOS.V,D,20170911,000000,0.745,0.764,0.7101,0.735,0,0
EOS.V,D,20170912,000000,0.735,0.8944,0.729,0.859,0,0
EOS.V,D,20170913,000000,0.859,0.8595,0.6603,0.7272,0,0
EOS.V,D,20170914,000000,0.7272,0.7642,0.5207,0.5806,0,0
EOS.V,D,20170915,000000,0.5806,0.6782,0.5149,0.6511,0,0
EOS.V,D,20170916,000000,0.6511,0.6798,0.5781,0.624,0,0
EOS.V,D,20170917,000000,0.624,0.649,0.5678,0.6233,0,0
EOS.V,D,20170918,000000,0.6233,0.7075,0.6229,0.7049,0,0
EOS.V,D,20170919,000000,0.7049,0.7128,0.6465,0.6493,0,0
EOS.V,D,20170920,000000,0.6493,0.6673,0.6152,0.6166,0,0
EOS.V,D,20170921,000000,0.6166,0.6293,0.5434,0.5671,0,0
EOS.V,D,20170922,000000,0.5671,0.5793,0.5312,0.5659,0,0
EOS.V,D,20170923,000000,0.5659,0.6048,0.5579,0.578,0,0
EOS.V,D,20170924,000000,0.578,0.5861,0.5415,0.5454,0,0
EOS.V,D,20170925,000000,0.5454,0.5779,0.5245,0.5688,0,0
EOS.V,D,20170926,000000,0.5688,0.5854,0.5511,0.5614,0,0
EOS.V,D,20170927,000000,0.5614,0.6438,0.5569,0.6314,0,0
EOS.V,D,20170928,000000,0.6314,0.8237,0.6292,0.8085,0,0
EOS.V,D,20170929,000000,0.8085,0.8435,0.6979,0.7146,0,0
EOS.V,D,20170930,000000,0.7146,0.7585,0.7061,0.7274,0,0
EOS.V,D,20171001,000000,0.7274,0.7285,0.6631,0.7085,0,0
EOS.V,D,20171002,000000,0.7085,0.719,0.6331,0.6549,0,0
EOS.V,D,20171003,000000,0.6549,0.669,0.6057,0.6308,0,0
EOS.V,D,20171004,000000,0.6308,0.6347,0.5829,0.6008,0,0
EOS.V,D,20171005,000000,0.6008,0.6214,0.5752,0.6054,0,0
EOS.V,D,20171006,000000,0.6054,0.61,0.5862,0.6005,0,0
EOS.V,D,20171007,000000,0.6005,0.6075,0.5712,0.5895,0,0
EOS.V,D,20171008,000000,0.5895,0.6174,0.5754,0.606,0,0
EOS.V,D,20171009,000000,0.606,0.6061,0.5248,0.558,0,0
EOS.V,D,20171010,000000,0.558,0.5892,0.5474,0.552,0,0
EOS.V,D,20171011,000000,0.552,0.6278,0.5468,0.6076,0,0
EOS.V,D,20171012,000000,0.6076,0.642,0.5814,0.5947,0,0
EOS.V,D,20171013,000000,0.5947,0.6169,0.5483,0.5872,0,0
EOS.V,D,20171014,000000,0.5872,0.6185,0.5768,0.5836,0,0
EOS.V,D,20171015,000000,0.5836,0.5918,0.5629,0.5738,0,0
EOS.V,D,20171016,000000,0.574,0.5853,0.5593,0.5608,0,0
EOS.V,D,20171017,000000,0.5612,0.5675,0.5374,0.5501,0,0
EOS.V,D,20171018,000000,0.5519,0.5679,0.511,0.5432,0,0
EOS.V,D,20171019,000000,0.5434,0.5946,0.5424,0.5663,0,0
EOS.V,D,20171020,000000,0.5665,0.5888,0.5395,0.5395,0,0
EOS.V,D,20171021,000000,0.5396,0.541,0.5122,0.5284,0,0
EOS.V,D,20171022,000000,0.5282,0.5415,0.4979,0.5192,0,0
EOS.V,D,20171023,000000,0.5189,0.5239,0.4793,0.4924,0,0
EOS.V,D,20171024,000000,0.4925,0.5512,0.4776,0.5176,0,0
EOS.V,D,20171025,000000,0.5173,0.5278,0.4856,0.5041,0,0
EOS.V,D,20171026,000000,0.5038,0.5284,0.5023,0.5189,0,0
EOS.V,D,20171027,000000,0.5189,0.5237,0.5011,0.5213,0,0
EOS.V,D,20171028,000000,0.5218,0.5409,0.5165,0.5339,0,0
EOS.V,D,20171029,000000,0.5336,0.6793,0.5327,0.6668,0,0
EOS.V,D,20171030,000000,0.6671,0.747,0.6409,0.7125,0,0
EOS.V,D,20171031,000000,0.7125,0.7826,0.6676,0.7826,0,0
EOS.V,D,20171101,000000,0.7822,1.33,0.7522,1.05,0,0
EOS.V,D,20171102,000000,1.05,1.3,0.916,1.11,0,0
EOS.V,D,20171103,000000,1.11,1.42,1.06,1.2,0,0
EOS.V,D,20171104,000000,1.2,1.3,1.04,1.11,0,0
EOS.V,D,20171105,000000,1.11,1.18,0.973,1.09,0,0
EOS.V,D,20171106,000000,1.09,1.09,0.9015,0.9124,0,0
EOS.V,D,20171107,000000,0.9123,0.9937,0.9107,0.9518,0,0
EOS.V,D,20171108,000000,0.9517,1.19,0.9434,1.12,0,0
EOS.V,D,20171109,000000,1.12,1.21,1.12,1.18,0,0
EOS.V,D,20171110,000000,1.18,1.19,0.9844,1.03,0,0
EOS.V,D,20171111,000000,1.03,1.19,1,1.16,0,0
EOS.V,D,20171112,000000,1.16,1.19,1.02,1.09,0,0
EOS.V,D,20171113,000000,1.09,1.19,1.08,1.18,0,0
EOS.V,D,20171114,000000,1.18,1.69,1.18,1.68,0,0
EOS.V,D,20171115,000000,1.68,1.73,1.51,1.67,0,0
EOS.V,D,20171116,000000,1.67,1.87,1.56,1.67,0,0
EOS.V,D,20171117,000000,1.67,1.82,1.58,1.74,0,0
EOS.V,D,20171118,000000,1.74,1.99,1.65,1.92,0,0
EOS.V,D,20171119,000000,1.91,2.06,1.75,1.88,0,0
EOS.V,D,20171120,000000,1.88,2.05,1.83,1.99,0,0
EOS.V,D,20171121,000000,1.99,2.12,1.84,1.91,0,0
EOS.V,D,20171122,000000,1.91,1.99,1.76,1.89,0,0
EOS.V,D,20171123,000000,1.89,1.98,1.85,1.88,0,0
EOS.V,D,20171124,000000,1.88,1.91,1.71,1.88,0,0
EOS.V,D,20171125,000000,1.88,2.07,1.78,2.05,0,0
EOS.V,D,20171126,000000,2.05,2.71,1.93,2.46,0,0
EOS.V,D,20171127,000000,2.46,2.96,2.35,2.86,0,0
EOS.V,D,20171128,000000,2.86,3.06,2.71,2.76,0,0
EOS.V,D,20171129,000000,2.76,3.36,2.48,2.71,0,0
EOS.V,D,20171130,000000,2.71,2.98,2.44,2.84,0,0
EOS.V,D,20171201,000000,2.84,3.25,2.69,3.22,0,0
EOS.V,D,20171202,000000,3.22,3.98,3.16,3.91,0,0
EOS.V,D,20171203,000000,3.91,4.12,3.4,3.58,0,0
EOS.V,D,20171204,000000,3.58,4.2,3.41,4.04,0,0
EOS.V,D,20171205,000000,4.04,4.57,3.65,4.19,0,0
EOS.V,D,20171206,000000,4.19,5.12,4.16,4.47,0,0
EOS.V,D,20171207,000000,4.47,4.47,3.28,3.89,0,0
EOS.V,D,20171208,000000,3.89,4.5,3.53,4.22,0,0
EOS.V,D,20171209,000000,4.22,4.63,3.68,3.98,0,0
EOS.V,D,20171210,000000,3.98,4.01,3.4,3.67,0,0
EOS.V,D,20171211,000000,3.67,4.48,3.65,4.39,0,0
EOS.V,D,20171212,000000,4.39,5.88,4.23,5.08,0,0
EOS.V,D,20171213,000000,5.08,7.28,4.69,7.28,0,0
EOS.V,D,20171214,000000,7.28,8.7,7.04,8.2,0,0
EOS.V,D,20171215,000000,8.2,8.36,6.52,7.93,0,0
EOS.V,D,20171216,000000,7.93,9.29,7.89,8.35,0,0
EOS.V,D,20171217,000000,8.35,8.99,7.81,7.97,0,0
EOS.V,D,20171218,000000,7.97,8.97,7.22,8.88,0,0
EOS.V,D,20171219,000000,8.88,12.49,8.65,11.49,0,0
EOS.V,D,20171220,000000,11.49,11.7,9.69,10.44,0,0
EOS.V,D,20171221,000000,10.45,11.85,9.71,10.64,0,0
EOS.V,D,20171222,000000,10.65,10.66,3.14,7.69,0,0
EOS.V,D,20171223,000000,7.69,9.25,7.48,8.26,0,0
EOS.V,D,20171224,000000,8.26,8.42,6.71,7.99,0,0
EOS.V,D,20171225,000000,7.99,8.83,7.62,8.15,0,0
EOS.V,D,20171226,000000,8.15,8.71,8.05,8.6,0,0
EOS.V,D,20171227,000000,8.6,9.41,8.06,8.72,0,0
EOS.V,D,20171228,000000,8.72,8.76,7.26,8.1,0,0
EOS.V,D,20171229,000000,8.1,8.73,7.9,8.12,0,0
EOS.V,D,20171230,000000,8.12,8.19,6.52,7.08,0,0
EOS.V,D,20171231,000000,7.08,7.82,7,7.69,0,0
EOS.V,D,20180101,000000,7.69,7.95,7.2,7.64,0,0
EOS.V,D,20180102,000000,7.64,8.6,7.63,8.3,0,0
EOS.V,D,20180103,000000,8.3,9.43,7.84,9.43,0,0
EOS.V,D,20180104,000000,9.43,10.49,9.15,9.47,0,0
EOS.V,D,20180105,000000,9.47,9.85,8.51,9.29,0,0
EOS.V,D,20180106,000000,9.29,9.9,8.73,9.83,0,0
EOS.V,D,20180107,000000,9.83,10.89,9.76,10.16,0,0
EOS.V,D,20180108,000000,10.16,10.39,8.14,9.6,0,0
EOS.V,D,20180109,000000,9.6,9.74,8.8,9.23,0,0
EOS.V,D,20180110,000000,9.23,11.49,8.37,11.2,0,0
EOS.V,D,20180111,000000,11.2,12.46,8.91,11.27,0,0
EOS.V,D,20180112,000000,11.27,15.24,10.57,13.8,0,0
EOS.V,D,20180113,000000,13.8,18.67,13.43,16,0,0
EOS.V,D,20180114,000000,16,16.13,12.9,13.23,0,0
EOS.V,D,20180115,000000,13.23,14.7,12.68,12.78,0,0
EOS.V,D,20180116,000000,12.78,12.98,8.31,10,0,0
EOS.V,D,20180117,000000,10,10.56,7.5,10.15,0,0
EOS.V,D,20180118,000000,10.15,11.47,9.65,10.18,0,0
EOS.V,D,20180119,000000,10.18,11.43,9.74,11.07,0,0
EOS.V,D,20180120,000000,11.07,15.75,11.04,15.53,0,0
EOS.V,D,20180121,000000,15.51,15.57,12,13.47,0,0
EOS.V,D,20180122,000000,13.47,15.14,12.45,13.38,0,0
EOS.V,D,20180123,000000,13.38,13.92,11.6,12.88,0,0
EOS.V,D,20180124,000000,12.88,13.97,12.51,13.9,0,0
EOS.V,D,20180125,000000,13.9,15.09,13.47,14.3,0,0
EOS.V,D,20180126,000000,14.3,14.76,12.91,13.98,0,0
EOS.V,D,20180127,000000,13.97,14.7,13.87,14.39,0,0
EOS.V,D,20180128,000000,14.41,14.96,14.14,14.55,0,0
EOS.V,D,20180129,000000,14.55,14.85,13.33,13.33,0,0
EOS.V,D,20180130,000000,13.32,13.61,10.89,11.71,0,0
EOS.V,D,20180131,000000,11.7,12.17,10.35,11.74,0,0
EOS.V,D,20180201,000000,11.75,12.14,9.75,10.01,0,0
EOS.V,D,20180202,000000,10.01,11.09,8.42,10.31,0,0
EOS.V,D,20180203,000000,10.3,11.25,9.18,10.63,0,0
EOS.V,D,20180204,000000,10.61,10.82,8.38,9.16,0,0
EOS.V,D,20180205,000000,9.19,9.3,6.82,6.93,0,0
EOS.V,D,20180206,000000,6.98,8.39,5.83,8.11,0,0
EOS.V,D,20180207,000000,8.11,8.96,7.46,7.88,0,0
EOS.V,D,20180208,000000,7.88,8.75,7.54,8.25,0,0
EOS.V,D,20180209,000000,8.25,9.61,7.96,9.32,0,0
EOS.V,D,20180210,000000,9.32,9.88,8.4,8.93,0,0
EOS.V,D,20180211,000000,8.93,8.93,7.96,8.65,0,0
EOS.V,D,20180212,000000,8.65,9.3,8.3,9.13,0,0
EOS.V,D,20180213,000000,9.13,9.3,8.61,8.94,0,0
EOS.V,D,20180214,000000,8.95,9.9,8.87,9.9,0,0
EOS.V,D,20180215,000000,9.89,10.11,9.46,9.9,0,0
EOS.V,D,20180216,000000,9.92,9.93,9.34,9.82,0,0
EOS.V,D,20180217,000000,9.82,10.03,9.73,9.94,0,0
EOS.V,D,20180218,000000,9.94,10.04,8.91,9.25,0,0
EOS.V,D,20180219,000000,9.25,9.64,9.01,9.47,0,0
EOS.V,D,20180220,000000,9.47,9.8,8.93,8.98,0,0
EOS.V,D,20180221,000000,8.98,8.99,8.1,8.35,0,0
EOS.V,D,20180222,000000,8.35,8.65,7.61,7.83,0,0
EOS.V,D,20180223,000000,7.82,8.51,7.64,8.25,0,0
EOS.V,D,20180224,000000,8.25,8.46,7.64,7.87,0,0
EOS.V,D,20180225,000000,7.87,7.95,7.5,7.77,0,0
EOS.V,D,20180226,000000,7.77,8.32,7.39,8.02,0,0
EOS.V,D,20180227,000000,8.02,8.81,7.86,8.56,0,0
EOS.V,D,20180228,000000,8.56,9.12,8.29,8.31,0,0
EOS.V,D,20180301,000000,8.3,8.52,8.13,8.44,0,0
EOS.V,D,20180302,000000,8.44,8.68,7.93,8.04,0,0
EOS.V,D,20180303,000000,8.05,8.27,7.88,7.92,0,0
EOS.V,D,20180304,000000,7.92,8,7.74,7.98,0,0
EOS.V,D,20180305,000000,7.99,8.29,7.99,8.02,0,0
EOS.V,D,20180306,000000,8.02,8.03,7.02,7.21,0,0
EOS.V,D,20180307,000000,7.21,7.28,5.96,6.39,0,0
EOS.V,D,20180308,000000,6.39,6.67,5.89,6.06,0,0
EOS.V,D,20180309,000000,6.06,6.16,5.22,5.87,0,0
EOS.V,D,20180310,000000,5.87,6.43,5.65,5.77,0,0
EOS.V,D,20180311,000000,5.77,6.2,5.44,6.08,0,0
EOS.V,D,20180312,000000,6.08,6.17,5.59,5.69,0,0
EOS.V,D,20180313,000000,5.69,5.93,5.55,5.83,0,0
EOS.V,D,20180314,000000,5.83,6.03,5.16,5.22,0,0
EOS.V,D,20180315,000000,5.23,5.32,4.8,5.14,0,0
EOS.V,D,20180316,000000,5.14,5.32,4.88,5.15,0,0
EOS.V,D,20180317,000000,5.15,5.16,4.55,4.73,0,0
EOS.V,D,20180318,000000,4.73,4.75,3.9,4.53,0,0
EOS.V,D,20180319,000000,4.53,5.71,4.45,5.57,0,0
EOS.V,D,20180320,000000,5.56,6.35,5.34,6.1,0,0
EOS.V,D,20180321,000000,6.1,7.26,5.85,6.94,0,0
EOS.V,D,20180322,000000,6.93,7.25,6.14,6.84,0,0
EOS.V,D,20180323,000000,6.85,7.03,6.23,6.79,0,0
EOS.V,D,20180324,000000,6.79,7.05,6.56,6.59,0,0
EOS.V,D,20180325,000000,6.59,6.67,6.39,6.5,0,0
EOS.V,D,20180326,000000,6.5,6.55,5.27,5.39,0,0
EOS.V,D,20180327,000000,5.39,6.5,5.19,6.18,0,0
EOS.V,D,20180328,000000,6.18,6.46,5.63,6.12,0,0
EOS.V,D,20180329,000000,6.11,6.29,5.79,5.89,0,0
EOS.V,D,20180330,000000,5.9,6.17,5.71,5.99,0,0
EOS.V,D,20180331,000000,5.98,6.16,5.88,5.94,0,0
EOS.V,D,20180401,000000,5.94,5.99,5.12,5.57,0,0
EOS.V,D,20180402,000000,5.58,5.9,5.5,5.73,0,0
EOS.V,D,20180403,000000,5.73,6.14,5.72,6.11,0,0
EOS.V,D,20180404,000000,6.11,6.12,5.51,5.69,0,0
EOS.V,D,20180405,000000,5.69,6.14,5.42,5.97,0,0
EOS.V,D,20180406,000000,5.97,6.41,5.68,5.83,0,0
EOS.V,D,20180407,000000,5.83,6.01,5.75,5.92,0,0
EOS.V,D,20180408,000000,5.92,6.01,5.84,5.95,0,0
EOS.V,D,20180409,000000,5.95,6.09,5.77,5.81,0,0
EOS.V,D,20180410,000000,5.81,6.06,5.76,6.05,0,0
EOS.V,D,20180411,000000,6.05,7.99,5.93,7.69,0,0
EOS.V,D,20180412,000000,7.69,9.26,7.69,8.85,0,0
EOS.V,D,20180413,000000,8.85,9.52,8.61,8.8,0,0
EOS.V,D,20180414,000000,8.79,9.01,8.11,8.69,0,0
EOS.V,D,20180415,000000,8.7,9.07,7.83,8.44,0,0
EOS.V,D,20180416,000000,8.44,8.55,7.81,8.05,0,0
EOS.V,D,20180417,000000,8.05,9.08,7.99,8.51,0,0
EOS.V,D,20180418,000000,8.51,9.04,8.38,8.96,0,0
EOS.V,D,20180419,000000,8.96,9.44,8.94,9.39,0,0
EOS.V,D,20180420,000000,9.39,11.55,9.32,11.12,0,0
EOS.V,D,20180421,000000,11.12,11.67,10.23,10.81,0,0
EOS.V,D,20180422,000000,10.81,11.87,10.75,11.57,0,0
EOS.V,D,20180423,000000,11.57,11.98,11.22,11.64,0,0
EOS.V,D,20180424,000000,11.64,16.11,11.53,15.5,0,0
EOS.V,D,20180425,000000,15.5,15.8,13.37,15.06,0,0
EOS.V,D,20180426,000000,15.08,15.09,13.87,14.98,0,0
EOS.V,D,20180427,000000,14.98,17.9,14.85,16.66,0,0
EOS.V,D,20180428,000000,16.67,19.49,16.45,18.85,0,0
EOS.V,D,20180429,000000,18.87,23,18.76,20.12,0,0
EOS.V,D,20180430,000000,20.12,21.64,16.6,17.07,0,0
EOS.V,D,20180501,000000,17.1,18.09,15.93,18.03,0,0
EOS.V,D,20180502,000000,18.03,19.39,17.97,19.24,0,0
EOS.V,D,20180503,000000,19.22,19.58,16.88,17.75,0,0
EOS.V,D,20180504,000000,17.72,18.04,16.3,17.2,0,0
EOS.V,D,20180505,000000,17.2,18.62,16.96,17.85,0,0
EOS.V,D,20180506,000000,17.85,17.97,16.61,17.22,0,0
EOS.V,D,20180507,000000,17.22,18.38,16.67,18.01,0,0
EOS.V,D,20180508,000000,18.01,18.86,17.69,17.82,0,0
EOS.V,D,20180509,000000,17.84,18.08,17.02,17.65,0,0
EOS.V,D,20180510,000000,17.63,18.7,17.5,17.69,0,0
EOS.V,D,20180511,000000,17.69,17.72,13.92,14.63,0,0
EOS.V,D,20180512,000000,14.64,15.14,12.11,13.83,0,0
EOS.V,D,20180513,000000,13.84,15.07,13.46,14.79,0,0
EOS.V,D,20180514,000000,14.79,14.94,12.98,14.08,0,0
EOS.V,D,20180515,000000,14.1,14.37,12.54,12.81,0,0
EOS.V,D,20180516,000000,12.84,13.06,11.84,12.28,0,0
EOS.V,D,20180517,000000,12.28,13.93,12.28,12.44,0,0
EOS.V,D,20180518,000000,12.44,13.17,11.91,12.99,0,0
EOS.V,D,20180519,000000,13.01,13.34,12.47,12.89,0,0
EOS.V,D,20180520,000000,12.89,14.18,12.84,14.02,0,0
EOS.V,D,20180521,000000,14.02,14.13,13.13,13.31,0,0
EOS.V,D,20180522,000000,13.31,13.46,12.4,12.42,0,0
EOS.V,D,20180523,000000,12.42,12.49,10.5,11.15,0,0
EOS.V,D,20180524,000000,11.17,12.29,10.34,12.08,0,0
EOS.V,D,20180525,000000,12.1,12.87,11.58,12.12,0,0
EOS.V,D,20180526,000000,12.12,12.82,11.78,12.47,0,0
EOS.V,D,20180527,000000,12.47,12.53,11.96,12.4,0,0
EOS.V,D,20180528,000000,12.4,12.93,11.59,11.79,0,0
EOS.V,D,20180529,000000,11.79,12.46,10.73,12.2,0,0
EOS.V,D,20180530,000000,12.2,12.57,11.73,11.81,0,0
EOS.V,D,20180531,000000,11.81,12.69,11.71,12.46,0,0
EOS.V,D,20180601,000000,12.46,12.46,11.91,12.11,0,0
EOS.V,D,20180602,000000,12.11,15.53,12.07,14.29,0,0
EOS.V,D,20180603,000000,14.25,15.42,14,14.57,0,0
EOS.V,D,20180604,000000,14.56,14.83,13.26,13.71,0,0
EOS.V,D,20180605,000000,13.71,14.24,12.85,13.94,0,0
EOS.V,D,20180606,000000,13.95,14.27,13.36,13.82,0,0
EOS.V,D,20180607,000000,13.81,14.42,13.67,14.25,0,0
EOS.V,D,20180608,000000,14.25,14.78,13.58,14.27,0,0
EOS.V,D,20180609,000000,14.27,14.97,13.95,14.37,0,0
EOS.V,D,20180610,000000,14.37,14.38,10.54,11,0,0
EOS.V,D,20180611,000000,10.96,11.32,10.09,10.99,0,0
EOS.V,D,20180612,000000,10.99,11.43,9.77,10.06,0,0
EOS.V,D,20180613,000000,10.04,10.31,9.1,10.01,0,0
EOS.V,D,20180614,000000,10.02,11.63,9.46,11.24,0,0
EOS.V,D,20180615,000000,11.24,11.33,10.51,10.68,0,0
EOS.V,D,20180616,000000,10.68,10.8,10.17,10.65,0,0
EOS.V,D,20180617,000000,10.65,10.73,10.35,10.39,0,0
EOS.V,D,20180618,000000,10.4,10.89,10.14,10.68,0,0
EOS.V,D,20180619,000000,10.68,10.91,10.46,10.59,0,0
EOS.V,D,20180620,000000,10.59,10.82,10.21,10.47,0,0
EOS.V,D,20180621,000000,10.47,10.87,10.21,10.38,0,0
EOS.V,D,20180622,000000,10.38,10.46,8.26,8.66,0,0
EOS.V,D,20180623,000000,8.66,8.81,8.02,8.42,0,0
EOS.V,D,20180624,000000,8.41,8.51,6.92,8.2,0,0
EOS.V,D,20180625,000000,8.2,8.48,7.72,8.16,0,0
EOS.V,D,20180626,000000,8.16,8.25,7.54,7.82,0,0
EOS.V,D,20180627,000000,7.82,8.22,7.28,8,0,0
EOS.V,D,20180628,000000,8,8.14,7.41,7.48,0,0
EOS.V,D,20180629,000000,7.48,7.58,7.05,7.38,0,0
EOS.V,D,20180630,000000,7.38,8.3,7.38,8.15,0,0
EOS.V,D,20180701,000000,8.15,8.24,7.78,8.11,0,0
EOS.V,D,20180702,000000,8.11,9.15,7.92,9.09,0,0
EOS.V,D,20180703,000000,9.09,9.44,8.78,9.01,0,0
EOS.V,D,20180704,000000,9.01,9.39,8.52,9.09,0,0
EOS.V,D,20180705,000000,9.09,9.2,8.68,8.72,0,0
EOS.V,D,20180706,000000,8.72,8.9,8.33,8.57,0,0
EOS.V,D,20180707,000000,8.57,8.72,8.38,8.41,0,0
EOS.V,D,20180708,000000,8.41,9,8.41,8.77,0,0
EOS.V,D,20180709,000000,8.77,8.83,7.99,8.23,0,0
EOS.V,D,20180710,000000,8.23,8.29,7.08,7.39,0,0
EOS.V,D,20180711,000000,7.38,7.45,6.77,7.06,0,0
EOS.V,D,20180712,000000,7.07,7.18,6.56,6.73,0,0
EOS.V,D,20180713,000000,6.73,7.23,6.62,6.86,0,0
EOS.V,D,20180714,000000,6.86,7.1,6.79,7,0,0
EOS.V,D,20180715,000000,7,7.52,6.88,7.51,0,0
EOS.V,D,20180716,000000,7.51,8.17,7.25,8.07,0,0
EOS.V,D,20180717,000000,8.07,8.96,7.84,8.9,0,0
EOS.V,D,20180718,000000,8.9,9.33,8.51,8.56,0,0
EOS.V,D,20180719,000000,8.56,8.75,8.15,8.29,0,0
EOS.V,D,20180720,000000,8.29,8.51,7.77,7.81,0,0
EOS.V,D,20180721,000000,7.82,8.25,7.59,8.09,0,0
EOS.V,D,20180722,000000,8.09,8.26,7.74,7.74,0,0
EOS.V,D,20180723,000000,7.74,8.41,7.71,8,0,0
EOS.V,D,20180724,000000,8,8.68,7.71,8.48,0,0
EOS.V,D,20180725,000000,8.48,8.95,8.36,8.59,0,0
EOS.V,D,20180726,000000,8.59,8.87,8.22,8.31,0,0
EOS.V,D,20180727,000000,8.31,8.51,8.02,8.5,0,0
EOS.V,D,20180728,000000,8.5,8.52,8.13,8.24,0,0
EOS.V,D,20180729,000000,8.24,8.39,8.15,8.26,0,0
EOS.V,D,20180730,000000,8.26,8.45,7.42,7.73,0,0
EOS.V,D,20180731,000000,7.73,7.81,7.11,7.25,0,0
EOS.V,D,20180801,000000,7.25,7.4,6.94,6.95,0,0
EOS.V,D,20180802,000000,6.94,7.33,6.83,7.07,0,0
EOS.V,D,20180803,000000,7.07,7.25,6.86,7.19,0,0
EOS.V,D,20180804,000000,7.19,7.3,6.88,7,0,0
EOS.V,D,20180805,000000,7,7.09,6.9,7.04,0,0
EOS.V,D,20180806,000000,7.04,7.15,6.94,6.96,0,0
EOS.V,D,20180807,000000,6.97,7.19,6.51,6.62,0,0
EOS.V,D,20180808,000000,6.63,6.63,5.33,5.6,0,0
EOS.V,D,20180809,000000,5.6,5.92,5.42,5.9,0,0
EOS.V,D,20180810,000000,5.9,5.94,5.17,5.27,0,0
EOS.V,D,20180811,000000,5.26,5.33,4.83,5.15,0,0
EOS.V,D,20180812,000000,5.15,5.2,4.9,5.06,0,0
EOS.V,D,20180813,000000,5.06,5.17,4.57,4.58,0,0
EOS.V,D,20180814,000000,4.58,4.65,4.18,4.36,0,0
EOS.V,D,20180815,000000,4.36,4.91,4.33,4.75,0,0
EOS.V,D,20180816,000000,4.75,4.8,4.44,4.49,0,0
EOS.V,D,20180817,000000,4.49,5.47,4.43,5.4,0,0
EOS.V,D,20180818,000000,5.4,5.64,4.82,5.11,0,0
EOS.V,D,20180819,000000,5.11,5.38,4.94,5.25,0,0
EOS.V,D,20180820,000000,5.25,5.35,4.96,5.07,0,0
EOS.V,D,20180821,000000,5.07,5.08,4.66,4.86,0,0
EOS.V,D,20180822,000000,4.86,5.33,4.54,4.63,0,0
EOS.V,D,20180823,000000,4.63,4.95,4.52,4.86,0,0
EOS.V,D,20180824,000000,4.86,5.11,4.78,5.07,0,0
EOS.V,D,20180825,000000,5.07,5.08,4.91,5.01,0,0
EOS.V,D,20180826,000000,5.01,5.07,4.82,4.92,0,0
EOS.V,D,20180827,000000,4.92,5.28,4.9,5.18,0,0
EOS.V,D,20180828,000000,5.18,5.99,5.18,5.85,0,0
EOS.V,D,20180829,000000,5.85,6.46,5.8,6.25,0,0
EOS.V,D,20180830,000000,6.26,6.28,5.76,6.06,0,0
EOS.V,D,20180831,000000,6.06,6.48,5.94,6.42,0,0
EOS.V,D,20180901,000000,6.42,6.81,6.37,6.63,0,0
EOS.V,D,20180902,000000,6.63,6.69,6.33,6.53,0,0
EOS.V,D,20180903,000000,6.53,6.72,6.37,6.59,0,0
EOS.V,D,20180904,000000,6.59,6.65,6.32,6.5,0,0
EOS.V,D,20180905,000000,6.5,6.58,5.31,5.45,0,0
EOS.V,D,20180906,000000,5.45,5.46,4.84,5.06,0,0
EOS.V,D,20180907,000000,5.06,5.33,4.93,5.05,0,0
EOS.V,D,20180908,000000,5.05,5.15,4.63,4.7,0,0
EOS.V,D,20180909,000000,4.7,5.17,4.66,5.09,0,0
EOS.V,D,20180910,000000,5.09,5.11,4.88,4.99,0,0
EOS.V,D,20180911,000000,5,5.08,4.73,4.94,0,0
EOS.V,D,20180912,000000,4.94,5.04,4.77,4.9,0,0
EOS.V,D,20180913,000000,4.9,5.55,4.9,5.42,0,0
EOS.V,D,20180914,000000,5.42,5.54,5.13,5.31,0,0
EOS.V,D,20180915,000000,5.31,5.52,5.22,5.35,0,0
EOS.V,D,20180916,000000,5.35,5.49,5.2,5.41,0,0
EOS.V,D,20180917,000000,5.41,5.47,4.66,4.8,0,0
EOS.V,D,20180918,000000,4.8,5.27,4.75,5.05,0,0
EOS.V,D,20180919,000000,5.05,5.32,4.93,5.23,0,0
EOS.V,D,20180920,000000,5.23,5.54,5.18,5.54,0,0
EOS.V,D,20180921,000000,5.53,6.19,5.47,6.02,0,0
EOS.V,D,20180922,000000,6.02,6.29,5.78,5.94,0,0
EOS.V,D,20180923,000000,5.94,6.15,5.82,5.97,0,0
EOS.V,D,20180924,000000,5.97,6.11,5.6,5.72,0,0
EOS.V,D,20180925,000000,5.72,5.72,5,5.4,0,0
EOS.V,D,20180926,000000,5.4,5.77,5.24,5.57,0,0
EOS.V,D,20180927,000000,5.57,5.97,5.36,5.87,0,0
EOS.V,D,20180928,000000,5.87,6.04,5.66,5.76,0,0
EOS.V,D,20180929,000000,5.76,5.83,5.45,5.77,0,0
EOS.V,D,20180930,000000,5.77,5.92,5.35,5.54,0,0
EOS.V,D,20181001,000000,5.55,5.85,5.52,5.75,0,0
EOS.V,D,20181002,000000,5.75,5.78,5.54,5.65,0,0
EOS.V,D,20181003,000000,5.65,5.71,5.44,5.54,0,0
EOS.V,D,20181004,000000,5.54,5.85,5.53,5.71,0,0
EOS.V,D,20181005,000000,5.71,5.9,5.67,5.83,0,0
EOS.V,D,20181006,000000,5.83,5.91,5.68,5.75,0,0
EOS.V,D,20181007,000000,5.75,5.8,5.63,5.76,0,0
EOS.V,D,20181008,000000,5.76,6.03,5.73,6,0,0
EOS.V,D,20181009,000000,6,6,5.84,5.92,0,0
EOS.V,D,20181010,000000,5.92,5.96,5.81,5.91,0,0
EOS.V,D,20181011,000000,5.91,5.93,5.18,5.28,0,0
EOS.V,D,20181012,000000,5.28,5.32,5.01,5.22,0,0
EOS.V,D,20181013,000000,5.22,5.32,5.16,5.26,0,0
EOS.V,D,20181014,000000,5.26,5.33,5.19,5.23,0,0
EOS.V,D,20181015,000000,5.22,6.07,5.15,5.52,0,0
EOS.V,D,20181016,000000,5.52,5.67,5.49,5.55,0,0
EOS.V,D,20181017,000000,5.55,5.62,5.5,5.58,0,0
EOS.V,D,20181018,000000,5.58,5.63,5.39,5.43,0,0
EOS.V,D,20181019,000000,5.43,5.48,5.35,5.4,0,0
EOS.V,D,20181020,000000,5.4,5.51,5.38,5.47,0,0
EOS.V,D,20181021,000000,5.47,5.64,5.42,5.53,0,0
EOS.V,D,20181022,000000,5.53,5.56,5.44,5.46,0,0
EOS.V,D,20181023,000000,5.45,5.53,5.41,5.48,0,0
EOS.V,D,20181024,000000,5.48,5.52,5.43,5.44,0,0
EOS.V,D,20181025,000000,5.44,5.47,5.38,5.45,0,0
EOS.V,D,20181026,000000,5.45,5.5,5.39,5.44,0,0
EOS.V,D,20181027,000000,5.44,5.46,5.41,5.41,0,0
EOS.V,D,20181028,000000,5.41,5.45,5.41,5.43,0,0
EOS.V,D,20181029,000000,5.43,5.46,5.06,5.15,0,0
EOS.V,D,20181030,000000,5.15,5.18,5.11,5.13,0,0
EOS.V,D,20181031,000000,5.13,5.31,5.09,5.25,0,0
EOS.V,D,20181101,000000,5.25,5.31,5.23,5.29,0,0
EOS.V,D,20181102,000000,5.29,5.42,5.28,5.4,0,0
EOS.V,D,20181103,000000,5.4,5.41,5.29,5.31,0,0
EOS.V,D,20181104,000000,5.31,5.61,5.3,5.52,0,0
EOS.V,D,20181105,000000,5.52,5.55,5.43,5.48,0,0
EOS.V,D,20181106,000000,5.48,5.76,5.48,5.74,0,0
EOS.V,D,20181107,000000,5.74,5.83,5.62,5.71,0,0
EOS.V,D,20181108,000000,5.71,5.71,5.51,5.51,0,0
EOS.V,D,20181109,000000,5.51,5.58,5.37,5.4,0,0
EOS.V,D,20181110,000000,5.4,5.46,5.39,5.46,0,0
EOS.V,D,20181111,000000,5.46,5.46,5.29,5.35,0,0
EOS.V,D,20181112,000000,5.35,5.52,5.35,5.45,0,0
EOS.V,D,20181113,000000,5.45,5.47,5.14,5.31,0,0
EOS.V,D,20181114,000000,5.31,5.33,4.47,4.68,0,0
EOS.V,D,20181115,000000,4.67,4.81,4.28,4.66,0,0
EOS.V,D,20181116,000000,4.66,4.8,4.51,4.55,0,0
EOS.V,D,20181117,000000,4.55,4.64,4.53,4.61,0,0
EOS.V,D,20181118,000000,4.61,4.71,4.58,4.6,0,0
EOS.V,D,20181119,000000,4.6,4.65,4.04,4.12,0,0
EOS.V,D,20181120,000000,4.12,4.25,3.46,3.78,0,0
EOS.V,D,20181121,000000,3.78,3.95,3.63,3.82,0,0
EOS.V,D,20181122,000000,3.82,3.9,3.69,3.72,0,0
EOS.V,D,20181123,000000,3.72,3.73,3.41,3.67,0,0
EOS.V,D,20181124,000000,3.67,3.74,3.19,3.26,0,0
EOS.V,D,20181125,000000,3.25,3.51,3.07,3.39,0,0
EOS.V,D,20181126,000000,3.39,3.46,3.11,3.15,0,0
EOS.V,D,20181127,000000,3.15,3.25,2.87,3.07,0,0
EOS.V,D,20181128,000000,3.07,3.4,3.03,3.3,0,0
EOS.V,D,20181129,000000,3.3,3.32,2.91,3.01,0,0
EOS.V,D,20181130,000000,3.01,3.08,2.81,2.88,0,0
EOS.V,D,20181201,000000,2.88,3.05,2.82,2.99,0,0
EOS.V,D,20181202,000000,2.99,3.05,2.83,2.88,0,0
EOS.V,D,20181203,000000,2.88,2.91,2.53,2.61,0,0
EOS.V,D,20181204,000000,2.62,2.65,2.31,2.46,0,0
EOS.V,D,20181205,000000,2.46,2.47,2.17,2.23,0,0
EOS.V,D,20181206,000000,2.23,2.27,1.94,1.94,0,0
EOS.V,D,20181207,000000,1.94,1.98,1.55,1.78,0,0
EOS.V,D,20181208,000000,1.78,1.98,1.65,1.92,0,0
EOS.V,D,20181209,000000,1.92,2.17,1.78,2.04,0,0
EOS.V,D,20181210,000000,2.04,2.11,1.91,2,0,0
EOS.V,D,20181211,000000,2,2,1.79,1.86,0,0
EOS.V,D,20181212,000000,1.86,2.09,1.83,2.01,0,0
EOS.V,D,20181213,000000,2.01,2.02,1.84,1.87,0,0
EOS.V,D,20181214,000000,1.87,1.92,1.78,1.86,0,0
EOS.V,D,20181215,000000,1.86,1.96,1.81,1.93,0,0
EOS.V,D,20181216,000000,1.93,2.02,1.91,1.95,0,0
EOS.V,D,20181217,000000,1.95,2.55,1.93,2.43,0,0
EOS.V,D,20181218,000000,2.44,2.77,2.41,2.62,0,0
EOS.V,D,20181219,000000,2.62,2.87,2.51,2.56,0,0
EOS.V,D,20181220,000000,2.56,2.86,2.49,2.74,0,0
EOS.V,D,20181221,000000,2.74,2.89,2.56,2.64,0,0
EOS.V,D,20181222,000000,2.64,2.71,2.53,2.62,0,0
EOS.V,D,20181223,000000,2.62,3.07,2.62,2.88,0,0
EOS.V,D,20181224,000000,2.88,3.2,2.82,2.91,0,0
EOS.V,D,20181225,000000,2.91,2.91,2.48,2.55,0,0
EOS.V,D,20181226,000000,2.55,2.76,2.54,2.65,0,0
EOS.V,D,20181227,000000,2.65,2.67,2.33,2.36,0,0
EOS.V,D,20181228,000000,2.36,2.8,2.31,2.72,0,0
EOS.V,D,20181229,000000,2.72,2.88,2.66,2.81,0,0
EOS.V,D,20181230,000000,2.81,2.88,2.59,2.73,0,0
EOS.V,D,20181231,000000,2.73,2.77,2.54,2.63,0,0
EOS.V,D,20190101,000000,2.63,2.75,2.58,2.71,0,0
EOS.V,D,20190102,000000,2.71,3,2.7,2.98,0,0
EOS.V,D,20190103,000000,2.98,3,2.66,2.75,0,0
EOS.V,D,20190104,000000,2.75,2.85,2.66,2.79,0,0
EOS.V,D,20190105,000000,2.79,2.86,2.74,2.77,0,0
EOS.V,D,20190106,000000,2.77,3.01,2.68,2.94,0,0
EOS.V,D,20190107,000000,2.94,2.97,2.75,2.82,0,0
EOS.V,D,20190108,000000,2.82,2.94,2.78,2.85,0,0
EOS.V,D,20190109,000000,2.85,3.02,2.82,2.96,0,0
EOS.V,D,20190110,000000,2.96,3.05,2.35,2.47,0,0
EOS.V,D,20190111,000000,2.47,2.5,2.38,2.41,0,0
EOS.V,D,20190112,000000,2.41,2.48,2.4,2.43,0,0
EOS.V,D,20190113,000000,2.44,2.47,2.25,2.27,0,0
EOS.V,D,20190114,000000,2.27,2.53,2.26,2.51,0,0
EOS.V,D,20190115,000000,2.51,2.52,2.38,2.4,0,0
EOS.V,D,20190116,000000,2.4,2.5,2.39,2.46,0,0
EOS.V,D,20190117,000000,2.46,2.57,2.39,2.54,0,0
EOS.V,D,20190118,000000,2.54,2.55,2.44,2.46,0,0
EOS.V,D,20190119,000000,2.46,2.59,2.46,2.52,0,0
EOS.V,D,20190120,000000,2.52,2.52,2.31,2.36,0,0
EOS.V,D,20190121,000000,2.36,2.43,2.33,2.35,0,0
EOS.V,D,20190122,000000,2.36,2.54,2.3,2.49,0,0
EOS.V,D,20190123,000000,2.49,2.51,2.43,2.46,0,0
EOS.V,D,20190124,000000,2.46,2.5,2.43,2.48,0,0
EOS.V,D,20190125,000000,2.48,2.51,2.44,2.49,0,0
EOS.V,D,20190126,000000,2.49,2.53,2.45,2.46,0,0
EOS.V,D,20190127,000000,2.46,2.47,2.35,2.4,0,0
EOS.V,D,20190128,000000,2.4,2.4,2.19,2.25,0,0
EOS.V,D,20190129,000000,2.25,2.34,2.22,2.3,0,0
EOS.V,D,20190130,000000,2.3,2.39,2.27,2.37,0,0
EOS.V,D,20190131,000000,2.37,2.42,2.33,2.36,0,0
EOS.V,D,20190201,000000,2.36,2.41,2.31,2.39,0,0
EOS.V,D,20190202,000000,2.39,2.39,2.35,2.37,0,0
EOS.V,D,20190203,000000,2.37,2.49,2.37,2.4,0,0
EOS.V,D,20190204,000000,2.4,2.46,2.39,2.41,0,0
EOS.V,D,20190205,000000,2.41,2.43,2.38,2.42,0,0
EOS.V,D,20190206,000000,2.42,2.43,2.32,2.37,0,0
EOS.V,D,20190207,000000,2.37,2.4,2.35,2.37,0,0
EOS.V,D,20190208,000000,2.37,2.84,2.36,2.74,0,0
EOS.V,D,20190209,000000,2.74,2.87,2.71,2.8,0,0
EOS.V,D,20190210,000000,2.8,2.83,2.7,2.81,0,0
EOS.V,D,20190211,000000,2.81,2.9,2.75,2.81,0,0
EOS.V,D,20190212,000000,2.81,3.06,2.74,2.97,0,0
EOS.V,D,20190213,000000,2.97,3.05,2.85,2.89,0,0
EOS.V,D,20190214,000000,2.89,2.93,2.76,2.81,0,0
EOS.V,D,20190215,000000,2.81,2.92,2.78,2.82,0,0
EOS.V,D,20190216,000000,2.82,2.94,2.82,2.87,0,0
EOS.V,D,20190217,000000,2.87,2.97,2.82,2.9,0,0
EOS.V,D,20190218,000000,2.9,3.57,2.9,3.5,0,0
EOS.V,D,20190219,000000,3.5,3.88,3.5,3.67,0,0
EOS.V,D,20190220,000000,3.67,4.02,3.54,3.9,0,0
EOS.V,D,20190221,000000,3.9,4.01,3.74,3.8,0,0
EOS.V,D,20190222,000000,3.8,3.99,3.8,3.96,0,0
EOS.V,D,20190223,000000,3.96,4.41,3.86,4.36,0,0
EOS.V,D,20190224,000000,4.36,4.52,3.5,3.67,0,0
EOS.V,D,20190225,000000,3.67,3.79,3.35,3.61,0,0
EOS.V,D,20190226,000000,3.61,3.66,3.37,3.46,0,0
EOS.V,D,20190227,000000,3.46,3.64,3.4,3.5,0,0
EOS.V,D,20190228,000000,3.5,3.71,3.5,3.58,0,0
EOS.V,D,20190301,000000,3.58,3.77,3.56,3.69,0,0
EOS.V,D,20190302,000000,3.69,3.7,3.49,3.56,0,0
EOS.V,D,20190303,000000,3.56,3.67,3.55,3.58,0,0
EOS.V,D,20190304,000000,3.58,3.61,3.18,3.28,0,0
EOS.V,D,20190305,000000,3.27,3.87,3.26,3.78,0,0
EOS.V,D,20190306,000000,3.78,3.96,3.66,3.84,0,0
EOS.V,D,20190307,000000,3.84,3.98,3.77,3.84,0,0
EOS.V,D,20190308,000000,3.84,3.87,3.55,3.64,0,0
EOS.V,D,20190309,000000,3.65,3.9,3.62,3.79,0,0
EOS.V,D,20190310,000000,3.79,3.83,3.72,3.8,0,0
EOS.V,D,20190311,000000,3.81,3.81,3.56,3.65,0,0
EOS.V,D,20190312,000000,3.65,3.76,3.49,3.71,0,0
EOS.V,D,20190313,000000,3.71,3.73,3.55,3.63,0,0
EOS.V,D,20190314,000000,3.63,3.71,3.55,3.62,0,0
EOS.V,D,20190315,000000,3.62,3.79,3.62,3.74,0,0
EOS.V,D,20190316,000000,3.74,3.93,3.74,3.87,0,0
EOS.V,D,20190317,000000,3.87,3.88,3.8,3.83,0,0
EOS.V,D,20190318,000000,3.83,3.87,3.75,3.79,0,0
EOS.V,D,20190319,000000,3.79,3.82,3.74,3.81,0,0
EOS.V,D,20190320,000000,3.81,3.82,3.6,3.79,0,0
EOS.V,D,20190321,000000,3.79,3.79,3.59,3.67,0,0
EOS.V,D,20190322,000000,3.67,3.7,3.63,3.68,0,0
EOS.V,D,20190323,000000,3.68,3.76,3.65,3.71,0,0
EOS.V,D,20190324,000000,3.71,3.72,3.63,3.68,0,0
EOS.V,D,20190325,000000,3.68,3.71,3.62,3.68,0,0
EOS.V,D,20190326,000000,3.68,3.71,3.63,3.7,0,0
EOS.V,D,20190327,000000,3.7,4.4,3.7,4.33,0,0
EOS.V,D,20190328,000000,4.33,4.4,4.24,4.31,0,0
EOS.V,D,20190329,000000,4.31,4.47,4.27,4.37,0,0
EOS.V,D,20190330,000000,4.36,4.42,4.06,4.22,0,0
EOS.V,D,20190331,000000,4.22,4.32,4.15,4.24,0,0
EOS.V,D,20190401,000000,4.24,4.32,4.2,4.26,0,0
EOS.V,D,20190402,000000,4.26,4.93,4.21,4.9,0,0
EOS.V,D,20190403,000000,4.9,5.98,4.9,5.71,0,0
EOS.V,D,20190404,000000,5.71,5.82,4.83,5.14,0,0
EOS.V,D,20190405,000000,5.14,5.42,5.07,5.34,0,0
EOS.V,D,20190406,000000,5.34,5.76,5.1,5.34,0,0
EOS.V,D,20190407,000000,5.34,5.54,5.3,5.48,0,0
EOS.V,D,20190408,000000,5.48,5.68,5.3,5.59,0,0
EOS.V,D,20190409,000000,5.6,5.72,5.38,5.62,0,0
EOS.V,D,20190410,000000,5.63,6.06,5.56,5.73,0,0
EOS.V,D,20190411,000000,5.73,5.88,5.12,5.24,0,0
EOS.V,D,20190412,000000,5.24,5.49,5.11,5.39,0,0
EOS.V,D,20190413,000000,5.39,5.46,5.25,5.34,0,0
EOS.V,D,20190414,000000,5.34,5.4,5.28,5.39,0,0
EOS.V,D,20190415,000000,5.39,5.66,5.22,5.32,0,0
EOS.V,D,20190416,000000,5.32,5.55,5.31,5.54,0,0
EOS.V,D,20190417,000000,5.54,5.61,5.41,5.49,0,0
EOS.V,D,20190418,000000,5.49,5.6,5.46,5.53,0,0
EOS.V,D,20190419,000000,5.53,5.55,5.4,5.49,0,0
EOS.V,D,20190420,000000,5.49,5.55,5.42,5.43,0,0
EOS.V,D,20190421,000000,5.43,5.49,5.02,5.2,0,0
EOS.V,D,20190422,000000,5.2,5.35,5.14,5.31,0,0
EOS.V,D,20190423,000000,5.31,5.44,5.25,5.28,0,0
EOS.V,D,20190424,000000,5.28,5.28,4.63,4.78,0,0
EOS.V,D,20190425,000000,4.78,4.89,4.67,4.78,0,0
EOS.V,D,20190426,000000,4.78,4.94,4.52,4.84,0,0
EOS.V,D,20190427,000000,4.85,4.89,4.77,4.84,0,0
EOS.V,D,20190428,000000,4.84,4.95,4.7,4.86,0,0
EOS.V,D,20190429,000000,4.86,4.93,4.59,4.68,0,0
EOS.V,D,20190430,000000,4.68,4.97,4.64,4.91,0,0
EOS.V,D,20190501,000000,4.91,5.08,4.86,4.94,0,0
EOS.V,D,20190502,000000,4.94,5.02,4.85,4.97,0,0
EOS.V,D,20190503,000000,4.97,5.4,4.94,5.31,0,0
EOS.V,D,20190504,000000,5.31,5.38,4.96,5.15,0,0
EOS.V,D,20190505,000000,5.15,5.21,5.01,5.09,0,0
EOS.V,D,20190506,000000,5.09,5.2,4.86,5.19,0,0
EOS.V,D,20190507,000000,5.19,5.28,5.01,5.08,0,0
EOS.V,D,20190508,000000,5.08,5.12,4.91,5.03,0,0
EOS.V,D,20190509,000000,5.03,5.15,4.87,4.9,0,0
EOS.V,D,20190510,000000,4.9,4.99,4.61,4.87,0,0
EOS.V,D,20190511,000000,4.87,5.67,4.84,5.64,0,0
EOS.V,D,20190512,000000,5.64,5.75,5.24,5.4,0,0
EOS.V,D,20190513,000000,5.4,5.73,5.31,5.66,0,0
EOS.V,D,20190514,000000,5.66,6.2,5.42,5.81,0,0
EOS.V,D,20190515,000000,5.81,6.46,5.81,6.37,0,0
EOS.V,D,20190516,000000,6.37,6.88,6.28,6.6,0,0
EOS.V,D,20190517,000000,6.59,6.64,5.78,5.99,0,0
EOS.V,D,20190518,000000,6.01,6.1,5.83,5.94,0,0
EOS.V,D,20190519,000000,5.94,6.43,5.88,6.43,0,0
EOS.V,D,20190520,000000,6.43,6.59,6.02,6.28,0,0
EOS.V,D,20190521,000000,6.28,6.39,6.12,6.32,0,0
EOS.V,D,20190522,000000,6.32,6.36,5.77,5.88,0,0
EOS.V,D,20190523,000000,5.89,6.04,5.73,5.99,0,0
EOS.V,D,20190524,000000,5.99,6.61,5.98,6.5,0,0
EOS.V,D,20190525,000000,6.5,6.55,6.29,6.36,0,0
EOS.V,D,20190526,000000,6.36,7.03,6.22,6.93,0,0
EOS.V,D,20190527,000000,6.93,8,6.85,7.72,0,0
EOS.V,D,20190528,000000,7.72,8.26,7.66,8.04,0,0
EOS.V,D,20190529,000000,8.04,8.27,7.56,8.09,0,0
EOS.V,D,20190530,000000,8.09,8.48,6.87,7.2,0,0
EOS.V,D,20190531,000000,7.2,8.26,7.11,8.24,0,0
EOS.V,D,20190601,000000,8.25,8.69,7.77,8.21,0,0
EOS.V,D,20190602,000000,8.2,8.29,7.47,7.7,0,0
EOS.V,D,20190603,000000,7.7,7.77,6.81,6.97,0,0
EOS.V,D,20190604,000000,6.98,6.99,6.04,6.08,0,0
EOS.V,D,20190605,000000,6.05,6.54,6.05,6.4,0,0
EOS.V,D,20190606,000000,6.4,6.47,5.94,6.26,0,0
EOS.V,D,20190607,000000,6.26,6.8,6.24,6.63,0,0
EOS.V,D,20190608,000000,6.63,6.74,6.22,6.36,0,0
EOS.V,D,20190609,000000,6.36,6.49,6,6.09,0,0
EOS.V,D,20190610,000000,6.09,6.51,6.04,6.365,0,0
EOS.V,D,20190611,000000,6.365,6.509,6.147,6.344,0,0
EOS.V,D,20190612,000000,6.341,6.492,6.242,6.401,0,0
EOS.V,D,20190613,000000,6.401,6.643,6.371,6.563,0,0
EOS.V,D,20190614,000000,6.563,6.568,6.367,6.527,0,0
EOS.V,D,20190615,000000,6.527,6.961,6.515,6.881,0,0
EOS.V,D,20190616,000000,6.88,7.217,6.812,7.004,0,0
EOS.V,D,20190617,000000,7.005,7.256,6.971,7.143,0,0
EOS.V,D,20190618,000000,7.143,7.213,6.65,6.687,0,0
EOS.V,D,20190619,000000,6.704,6.976,6.667,6.923,0,0
EOS.V,D,20190620,000000,6.926,6.95,6.716,6.841,0,0
EOS.V,D,20190621,000000,6.841,7.153,6.814,7.021,0,0
EOS.V,D,20190622,000000,7.015,7.619,6.973,7.462,0,0
EOS.V,D,20190623,000000,7.46,7.631,7.274,7.415,0,0
EOS.V,D,20190624,000000,7.413,7.452,7.008,7.138,0,0
EOS.V,D,20190625,000000,7.138,7.311,6.94,7.06,0,0
EOS.V,D,20190626,000000,7.059,7.38,6.131,6.459,0,0
EOS.V,D,20190627,000000,6.466,6.752,5.572,5.896,0,0
EOS.V,D,20190628,000000,5.897,6.235,5.677,6.117,0,0
EOS.V,D,20190629,000000,6.117,6.352,5.95,6.245,0,0
EOS.V,D,20190630,000000,6.245,6.394,5.738,5.882,0,0
EOS.V,D,20190701,000000,5.882,6.009,5.56,5.934,0,0
EOS.V,D,20190702,000000,5.928,6.149,5.577,5.866,0,0
EOS.V,D,20190703,000000,5.866,6.091,5.822,5.986,0,0
EOS.V,D,20190704,000000,5.985,6.112,5.821,5.864,0,0
EOS.V,D,20190705,000000,5.864,5.908,5.666,5.755,0,0
EOS.V,D,20190706,000000,5.755,6.008,5.715,5.796,0,0
EOS.V,D,20190707,000000,5.796,6.056,5.759,6.004,0,0
EOS.V,D,20190708,000000,6.004,6.029,5.856,5.945,0,0
EOS.V,D,20190709,000000,5.945,6.032,5.839,5.883,0,0
EOS.V,D,20190710,000000,5.883,5.926,5.024,5.185,0,0
EOS.V,D,20190711,000000,5.185,5.28,4.353,4.668,0,0
EOS.V,D,20190712,000000,4.668,4.865,4.604,4.799,0,0
EOS.V,D,20190713,000000,4.799,4.82,4.566,4.669,0,0
EOS.V,D,20190714,000000,4.669,4.756,4.069,4.29,0,0
EOS.V,D,20190715,000000,4.29,4.41,3.974,4.298,0,0
EOS.V,D,20190716,000000,4.298,4.369,3.322,3.701,0,0
EOS.V,D,20190717,000000,3.707,4.105,3.523,3.95,0,0
EOS.V,D,20190718,000000,3.95,4.239,3.747,4.098,0,0
EOS.V,D,20190719,000000,4.099,4.15,3.816,4.014,0,0
EOS.V,D,20190720,000000,4.014,4.477,3.999,4.432,0,0
EOS.V,D,20190721,000000,4.432,4.459,4.156,4.279,0,0
EOS.V,D,20190722,000000,4.279,4.408,3.946,4.098,0,0
EOS.V,D,20190723,000000,4.098,4.275,3.957,4.223,0,0
EOS.V,D,20190724,000000,4.223,4.645,4.015,4.497,0,0
EOS.V,D,20190725,000000,4.496,4.711,4.443,4.538,0,0
EOS.V,D,20190726,000000,4.538,4.706,4.431,4.577,0,0
EOS.V,D,20190727,000000,4.577,4.769,4.033,4.293,0,0
EOS.V,D,20190728,000000,4.296,4.331,4.205,4.242,0,0
EOS.V,D,20190729,000000,4.242,4.379,3.878,4.187,0,0
EOS.V,D,20190730,000000,4.187,4.292,4.13,4.184,0,0
EOS.V,D,20190731,000000,4.184,4.372,4.181,4.327,0,0
EOS.V,D,20190801,000000,4.327,4.444,4.221,4.329,0,0
EOS.V,D,20190802,000000,4.329,4.347,4.049,4.142,0,0
EOS.V,D,20190803,000000,4.142,4.362,4.141,4.267,0,0
EOS.V,D,20190804,000000,4.268,4.31,4.186,4.224,0,0
EOS.V,D,20190805,000000,4.227,4.575,4.22,4.509,0,0
EOS.V,D,20190806,000000,4.508,4.541,4.054,4.162,0,0
EOS.V,D,20190807,000000,4.161,4.288,4.139,4.261,0,0
EOS.V,D,20190808,000000,4.26,4.271,4.098,4.157,0,0
EOS.V,D,20190809,000000,4.157,4.206,3.819,3.929,0,0
EOS.V,D,20190810,000000,3.929,4.133,3.862,4.082,0,0
EOS.V,D,20190811,000000,4.081,4.245,4.056,4.2,0,0
EOS.V,D,20190812,000000,4.2,4.207,4.085,4.122,0,0
EOS.V,D,20190813,000000,4.122,4.14,3.963,4.063,0,0
EOS.V,D,20190814,000000,4.063,4.123,3.575,3.692,0,0
EOS.V,D,20190815,000000,3.693,3.716,3.33,3.641,0,0
EOS.V,D,20190816,000000,3.641,3.669,3.487,3.626,0,0
EOS.V,D,20190817,000000,3.626,3.654,3.498,3.533,0,0
EOS.V,D,20190818,000000,3.533,3.768,3.516,3.736,0,0
EOS.V,D,20190819,000000,3.738,3.788,3.652,3.693,0,0
EOS.V,D,20190820,000000,3.692,3.731,3.601,3.702,0,0
EOS.V,D,20190821,000000,3.702,3.714,3.392,3.488,0,0
EOS.V,D,20190822,000000,3.488,3.712,3.456,3.647,0,0
EOS.V,D,20190823,000000,3.647,3.772,3.608,3.674,0,0
EOS.V,D,20190824,000000,3.674,3.693,3.559,3.654,0,0
EOS.V,D,20190825,000000,3.657,3.699,3.479,3.508,0,0
EOS.V,D,20190826,000000,3.508,3.702,3.503,3.569,0,0
EOS.V,D,20190827,000000,3.569,3.593,3.497,3.51,0,0
EOS.V,D,20190828,000000,3.51,3.565,3.121,3.245,0,0
EOS.V,D,20190829,000000,3.245,3.278,3.066,3.225,0,0
EOS.V,D,20190830,000000,3.225,3.29,3.173,3.217,0,0
EOS.V,D,20190831,000000,3.217,3.381,3.199,3.379,0,0
EOS.V,D,20190901,000000,3.38,3.419,3.122,3.255,0,0
EOS.V,D,20190902,000000,3.255,3.382,3.225,3.337,0,0
EOS.V,D,20190903,000000,3.337,3.464,3.316,3.401,0,0
EOS.V,D,20190904,000000,3.4,3.433,3.279,3.338,0,0
EOS.V,D,20190905,000000,3.338,3.346,3.209,3.232,0,0
EOS.V,D,20190906,000000,3.232,3.365,3.117,3.213,0,0
EOS.V,D,20190907,000000,3.212,3.675,3.2,3.66,0,0
EOS.V,D,20190908,000000,3.661,3.804,3.523,3.743,0,0
EOS.V,D,20190909,000000,3.743,3.935,3.63,3.88,0,0
EOS.V,D,20190910,000000,3.88,3.947,3.664,3.781,0,0
EOS.V,D,20190911,000000,3.781,3.813,3.655,3.734,0,0
EOS.V,D,20190912,000000,3.734,3.791,3.682,3.764,0,0
EOS.V,D,20190913,000000,3.764,3.776,3.686,3.731,0,0
EOS.V,D,20190914,000000,3.731,4.11,3.705,4.06,0,0
EOS.V,D,20190915,000000,4.06,4.158,4.018,4.079,0,0
EOS.V,D,20190916,000000,4.079,4.162,3.955,4.117,0,0
EOS.V,D,20190917,000000,4.117,4.233,4.04,4.172,0,0
EOS.V,D,20190918,000000,4.172,4.195,4.061,4.113,0,0
EOS.V,D,20190919,000000,4.114,4.136,3.822,3.994,0,0
EOS.V,D,20190920,000000,3.994,3.996,3.842,3.906,0,0
EOS.V,D,20190921,000000,3.906,4.079,3.906,3.994,0,0
EOS.V,D,20190922,000000,3.994,4.031,3.747,3.818,0,0
EOS.V,D,20190923,000000,3.818,3.865,3.663,3.746,0,0
EOS.V,D,20190924,000000,3.746,3.746,2.503,2.789,0,0
EOS.V,D,20190925,000000,2.793,2.954,2.708,2.903,0,0
EOS.V,D,20190926,000000,2.903,2.92,2.6,2.77,0,0
EOS.V,D,20190927,000000,2.77,2.893,2.707,2.871,0,0
EOS.V,D,20190928,000000,2.871,2.878,2.788,2.845,0,0
EOS.V,D,20190929,000000,2.845,2.87,2.692,2.788,0,0
EOS.V,D,20190930,000000,2.788,3.023,2.778,2.946,0,0
EOS.V,D,20191001,000000,2.946,3.116,2.882,2.94,0,0
EOS.V,D,20191002,000000,2.94,3.044,2.9,2.997,0,0
EOS.V,D,20191003,000000,2.997,3.03,2.824,2.914,0,0
EOS.V,D,20191004,000000,2.913,3.089,2.885,3.045,0,0
EOS.V,D,20191005,000000,3.043,3.049,2.935,2.995,0,0
EOS.V,D,20191006,000000,2.996,3.008,2.858,2.926,0,0
EOS.V,D,20191007,000000,2.926,3.245,2.897,3.175,0,0
EOS.V,D,20191008,000000,3.175,3.26,3.125,3.149,0,0
EOS.V,D,20191009,000000,3.149,3.322,3.124,3.222,0,0
EOS.V,D,20191010,000000,3.222,3.264,3.046,3.142,0,0
EOS.V,D,20191011,000000,3.142,3.206,3.046,3.071,0,0
EOS.V,D,20191012,000000,3.071,3.15,3.05,3.086,0,0
EOS.V,D,20191013,000000,3.086,3.14,3.069,3.134,0,0
EOS.V,D,20191014,000000,3.153,3.202,3.109,3.149,0,0
EOS.V,D,20191015,000000,3.149,3.177,2.833,2.951,0,0
EOS.V,D,20191016,000000,2.952,2.991,2.859,2.916,0,0
EOS.V,D,20191017,000000,2.917,2.968,2.888,2.948,0,0
EOS.V,D,20191018,000000,2.948,2.965,2.724,2.905,0,0
EOS.V,D,20191019,000000,2.905,2.932,2.854,2.891,0,0
EOS.V,D,20191020,000000,2.891,2.954,2.838,2.934,0,0
EOS.V,D,20191021,000000,2.932,2.976,2.893,2.939,0,0
EOS.V,D,20191022,000000,2.94,3.031,2.921,2.97,0,0
EOS.V,D,20191023,000000,2.969,2.969,2.558,2.674,0,0
EOS.V,D,20191024,000000,2.673,2.788,2.662,2.737,0,0
EOS.V,D,20191025,000000,2.737,3.332,2.73,3.167,0,0
EOS.V,D,20191026,000000,3.166,3.563,3.001,3.119,0,0
EOS.V,D,20191027,000000,3.119,3.493,3.09,3.35,0,0
EOS.V,D,20191028,000000,3.353,3.561,3.263,3.344,0,0
EOS.V,D,20191029,000000,3.344,3.46,3.283,3.426,0,0
EOS.V,D,20191030,000000,3.428,3.434,3.206,3.292,0,0
EOS.V,D,20191031,000000,3.292,3.335,3.182,3.254,0,0
EOS.V,D,20191101,000000,3.254,3.393,3.219,3.358,0,0
EOS.V,D,20191102,000000,3.358,3.397,3.306,3.334,0,0
EOS.V,D,20191103,000000,3.334,3.353,3.206,3.286,0,0
EOS.V,D,20191104,000000,3.286,3.51,3.25,3.435,0,0
EOS.V,D,20191105,000000,3.434,3.689,3.418,3.621,0,0
EOS.V,D,20191106,000000,3.62,3.683,3.56,3.608,0,0
EOS.V,D,20191107,000000,3.604,3.636,3.43,3.488,0,0
EOS.V,D,20191108,000000,3.487,3.547,3.326,3.434,0,0
EOS.V,D,20191109,000000,3.434,3.498,3.407,3.496,0,0
EOS.V,D,20191110,000000,3.487,3.658,3.455,3.608,0,0
EOS.V,D,20191111,000000,3.608,3.608,3.416,3.452,0,0
EOS.V,D,20191112,000000,3.452,3.521,3.394,3.475,0,0
EOS.V,D,20191113,000000,3.475,3.493,3.426,3.453,0,0
EOS.V,D,20191114,000000,3.453,3.491,3.348,3.394,0,0
EOS.V,D,20191115,000000,3.396,3.506,3.293,3.356,0,0
EOS.V,D,20191116,000000,3.356,3.404,3.321,3.384,0,0
EOS.V,D,20191117,000000,3.384,3.448,3.334,3.41,0,0
EOS.V,D,20191118,000000,3.41,3.413,3.032,3.204,0,0
EOS.V,D,20191119,000000,3.202,3.205,3.037,3.135,0,0
EOS.V,D,20191120,000000,3.135,3.155,3.06,3.091,0,0
EOS.V,D,20191121,000000,3.09,3.124,2.753,2.823,0,0
EOS.V,D,20191122,000000,2.823,2.852,2.463,2.63,0,0
EOS.V,D,20191123,000000,2.63,2.717,2.578,2.692,0,0
EOS.V,D,20191124,000000,2.693,2.71,2.376,2.504,0,0
EOS.V,D,20191125,000000,2.504,2.632,2.359,2.581,0,0
EOS.V,D,20191126,000000,2.581,2.647,2.535,2.636,0,0
EOS.V,D,20191127,000000,2.636,2.75,2.503,2.7,0,0
EOS.V,D,20191128,000000,2.699,2.705,2.618,2.622,0,0
EOS.V,D,20191129,000000,2.623,2.841,2.608,2.797,0,0
EOS.V,D,20191130,000000,2.797,2.831,2.73,2.772,0,0
EOS.V,D,20191201,000000,2.772,2.865,2.674,2.815,0,0
EOS.V,D,20191202,000000,2.817,2.819,2.666,2.704,0,0
EOS.V,D,20191203,000000,2.703,2.753,2.663,2.724,0,0
EOS.V,D,20191204,000000,2.724,2.779,2.578,2.651,0,0
EOS.V,D,20191205,000000,2.651,2.715,2.631,2.696,0,0
EOS.V,D,20191206,000000,2.696,2.754,2.678,2.736,0,0
EOS.V,D,20191207,000000,2.736,2.769,2.722,2.744,0,0
EOS.V,D,20191208,000000,2.744,2.788,2.712,2.768,0,0
EOS.V,D,20191209,000000,2.768,2.769,2.626,2.661,0,0
EOS.V,D,20191210,000000,2.661,2.675,2.585,2.609,0,0
EOS.V,D,20191211,000000,2.609,2.631,2.555,2.585,0,0
EOS.V,D,20191212,000000,2.585,2.621,2.521,2.587,0,0
EOS.V,D,20191213,000000,2.587,2.651,2.581,2.627,0,0
EOS.V,D,20191214,000000,2.627,2.642,2.56,2.589,0,0
EOS.V,D,20191215,000000,2.589,2.601,2.55,2.585,0,0
EOS.V,D,20191216,000000,2.585,2.585,2.301,2.38,0,0
EOS.V,D,20191217,000000,2.38,2.381,2.161,2.196,0,0
EOS.V,D,20191218,000000,2.196,2.526,2.173,2.504,0,0
EOS.V,D,20191219,000000,2.504,2.508,2.412,2.468,0,0
EOS.V,D,20191220,000000,2.469,2.554,2.432,2.497,0,0
EOS.V,D,20191221,000000,2.496,2.502,2.444,2.456,0,0
EOS.V,D,20191222,000000,2.455,2.559,2.447,2.551,0,0
EOS.V,D,20191223,000000,2.551,2.61,2.501,2.51,0,0
EOS.V,D,20191224,000000,2.51,2.572,2.487,2.555,0,0
EOS.V,D,20191225,000000,2.555,2.562,2.464,2.496,0,0
EOS.V,D,20191226,000000,2.496,2.638,2.472,2.532,0,0
EOS.V,D,20191227,000000,2.528,2.593,2.512,2.582,0,0
EOS.V,D,20191228,000000,2.582,2.678,2.573,2.65,0,0
EOS.V,D,20191229,000000,2.65,2.725,2.628,2.701,0,0
EOS.V,D,20191230,000000,2.701,2.724,2.607,2.644,0,0
EOS.V,D,20191231,000000,2.644,2.655,2.572,2.594,0,0
EOS.V,D,20200101,000000,2.594,2.643,2.579,2.613,0,0
EOS.V,D,20200102,000000,2.613,2.615,2.434,2.468,0,0
EOS.V,D,20200103,000000,2.467,2.667,2.438,2.646,0,0
EOS.V,D,20200104,000000,2.646,2.669,2.631,2.654,0,0
EOS.V,D,20200105,000000,2.654,2.775,2.646,2.685,0,0
EOS.V,D,20200106,000000,2.685,2.849,2.675,2.838,0,0
EOS.V,D,20200107,000000,2.838,2.883,2.761,2.827,0,0
EOS.V,D,20200108,000000,2.827,2.969,2.714,2.786,0,0
EOS.V,D,20200109,000000,2.786,2.795,2.696,2.755,0,0
EOS.V,D,20200110,000000,2.755,2.981,2.66,2.93,0,0
EOS.V,D,20200111,000000,2.929,3.128,2.922,3.039,0,0
EOS.V,D,20200112,000000,3.039,3.215,2.939,3.186,0,0
EOS.V,D,20200113,000000,3.185,3.211,3.068,3.114,0,0
EOS.V,D,20200114,000000,3.114,4.039,3.108,3.752,0,0
EOS.V,D,20200115,000000,3.752,3.93,3.573,3.824,0,0
EOS.V,D,20200116,000000,3.822,3.934,3.532,3.827,0,0
EOS.V,D,20200117,000000,3.827,4.062,3.745,3.985,0,0
EOS.V,D,20200118,000000,3.985,3.997,3.703,3.839,0,0
EOS.V,D,20200119,000000,3.839,3.931,3.429,3.568,0,0
EOS.V,D,20200120,000000,3.575,3.697,3.486,3.643,0,0
EOS.V,D,20200121,000000,3.638,3.681,3.559,3.643,0,0
EOS.V,D,20200122,000000,3.642,3.736,3.586,3.628,0,0
EOS.V,D,20200123,000000,3.628,3.648,3.495,3.555,0,0
EOS.V,D,20200124,000000,3.555,3.704,3.359,3.636,0,0
EOS.V,D,20200125,000000,3.636,3.656,3.506,3.557,0,0
EOS.V,D,20200126,000000,3.557,3.664,3.436,3.639,0,0
EOS.V,D,20200127,000000,3.639,4.056,3.636,3.982,0,0
EOS.V,D,20200128,000000,3.98,4.124,3.885,3.995,0,0
EOS.V,D,20200129,000000,3.993,4.113,3.965,4.004,0,0
EOS.V,D,20200130,000000,4.004,4.387,3.891,4.386,0,0
EOS.V,D,20200131,000000,4.386,4.393,4.026,4.152,0,0
EOS.V,D,20200201,000000,4.152,4.265,4.076,4.152,0,0
EOS.V,D,20200202,000000,4.152,4.333,4.051,4.231,0,0
EOS.V,D,20200203,000000,4.231,4.379,4.135,4.19,0,0
EOS.V,D,20200204,000000,4.19,4.262,4.068,4.237,0,0
EOS.V,D,20200205,000000,4.237,4.585,4.173,4.503,0,0
EOS.V,D,20200206,000000,4.503,4.663,4.439,4.539,0,0
EOS.V,D,20200207,000000,4.539,4.693,4.512,4.576,0,0
EOS.V,D,20200208,000000,4.576,4.844,4.432,4.788,0,0
EOS.V,D,20200209,000000,4.788,5.038,4.758,4.978,0,0
EOS.V,D,20200210,000000,4.979,5.035,4.738,4.897,0,0
EOS.V,D,20200211,000000,4.896,5.306,4.793,5.271,0,0
EOS.V,D,20200212,000000,5.272,5.462,5.22,5.369,0,0
EOS.V,D,20200213,000000,5.363,5.491,5.174,5.28,0,0
EOS.V,D,20200214,000000,5.28,5.427,5.222,5.362,0,0
EOS.V,D,20200215,000000,5.364,5.39,4.507,4.693,0,0
EOS.V,D,20200216,000000,4.693,4.853,4.042,4.342,0,0
EOS.V,D,20200217,000000,4.343,4.412,4.039,4.33,0,0
EOS.V,D,20200218,000000,4.328,4.663,4.262,4.597,0,0
EOS.V,D,20200219,000000,4.597,4.623,3.661,3.967,0,0
EOS.V,D,20200220,000000,3.972,4.067,3.793,4.005,0,0
EOS.V,D,20200221,000000,4,4.183,3.953,4.024,0,0
EOS.V,D,20200222,000000,4.024,4.16,3.979,4.102,0,0
EOS.V,D,20200223,000000,4.102,4.393,4.079,4.336,0,0
EOS.V,D,20200224,000000,4.338,4.414,3.919,4.071,0,0
EOS.V,D,20200225,000000,4.071,4.241,3.905,4.139,0,0
EOS.V,D,20200226,000000,4.141,4.145,3.329,3.568,0,0
EOS.V,D,20200227,000000,3.561,3.735,3.39,3.622,0,0
EOS.V,D,20200228,000000,3.619,3.681,3.357,3.584,0,0
EOS.V,D,20200229,000000,3.583,3.667,3.516,3.553,0,0
EOS.V,D,20200301,000000,3.556,3.657,3.429,3.534,0,0
EOS.V,D,20200302,000000,3.534,3.771,3.5,3.694,0,0
EOS.V,D,20200303,000000,3.694,3.726,3.567,3.652,0,0
EOS.V,D,20200304,000000,3.652,3.679,3.536,3.596,0,0
EOS.V,D,20200305,000000,3.596,3.847,3.594,3.741,0,0
EOS.V,D,20200306,000000,3.741,3.863,3.728,3.816,0,0
EOS.V,D,20200307,000000,3.816,3.855,3.634,3.68,0,0
EOS.V,D,20200308,000000,3.68,3.683,3.018,3.088,0,0
EOS.V,D,20200309,000000,3.087,3.176,2.858,3.039,0,0
EOS.V,D,20200310,000000,3.039,3.161,3.003,3.102,0,0
EOS.V,D,20200311,000000,3.103,3.117,2.856,3.1,0,0
EOS.V,D,20200312,000000,3.099,3.102,1.957,2.168,0,0
EOS.V,D,20200313,000000,2.174,2.226,1.424,2.124,0,0
EOS.V,D,20200314,000000,2.127,2.171,1.956,1.986,0,0
EOS.V,D,20200315,000000,1.986,2.152,1.94,2.044,0,0
EOS.V,D,20200316,000000,2.046,2.064,1.721,1.861,0,0
EOS.V,D,20200317,000000,1.861,2.04,1.857,2.004,0,0
EOS.V,D,20200318,000000,2.004,2.011,1.886,1.981,0,0
EOS.V,D,20200319,000000,1.981,2.394,1.977,2.361,0,0
EOS.V,D,20200320,000000,2.363,2.525,1.92,2.178,0,0
EOS.V,D,20200321,000000,2.166,2.364,2.114,2.27,0,0
EOS.V,D,20200322,000000,2.271,2.392,2.115,2.15,0,0
EOS.V,D,20200323,000000,2.155,2.351,2.064,2.285,0,0
EOS.V,D,20200324,000000,2.285,2.38,2.279,2.359,0,0
EOS.V,D,20200325,000000,2.36,2.375,2.232,2.299,0,0
EOS.V,D,20200326,000000,2.299,2.342,2.266,2.301,0,0
EOS.V,D,20200327,000000,2.301,2.372,2.285,2.311,0,0
EOS.V,D,20200328,000000,2.308,2.31,2.095,2.212,0,0
EOS.V,D,20200329,000000,2.213,2.217,2.104,2.123,0,0
EOS.V,D,20200330,000000,2.12,2.284,2.11,2.271,0,0
EOS.V,D,20200331,000000,2.272,2.28,2.189,2.227,0,0
EOS.V,D,20200401,000000,2.227,2.237,2.152,2.208,0,0
EOS.V,D,20200402,000000,2.208,2.516,2.207,2.314,0,0
EOS.V,D,20200403,000000,2.313,2.388,2.277,2.324,0,0
EOS.V,D,20200404,000000,2.324,2.403,2.289,2.356,0,0
EOS.V,D,20200405,000000,2.356,2.392,2.32,2.346,0,0
EOS.V,D,20200406,000000,2.346,2.763,2.346,2.742,0,0
EOS.V,D,20200407,000000,2.745,2.828,2.558,2.63,0,0
EOS.V,D,20200408,000000,2.63,2.797,2.589,2.738,0,0
EOS.V,D,20200409,000000,2.738,2.771,2.685,2.735,0,0
EOS.V,D,20200410,000000,2.736,2.75,2.418,2.502,0,0
EOS.V,D,20200411,000000,2.5,2.551,2.427,2.49,0,0
EOS.V,D,20200412,000000,2.49,2.595,2.46,2.582,0,0
EOS.V,D,20200413,000000,2.582,2.583,2.34,2.449,0,0
EOS.V,D,20200414,000000,2.449,2.506,2.419,2.461,0,0
EOS.V,D,20200415,000000,2.461,2.501,2.397,2.449,0,0
EOS.V,D,20200416,000000,2.45,2.717,2.339,2.675,0,0
EOS.V,D,20200417,000000,2.675,2.722,2.589,2.622,0,0
EOS.V,D,20200418,000000,2.622,2.75,2.616,2.719,0,0
EOS.V,D,20200419,000000,2.72,2.769,2.545,2.654,0,0
EOS.V,D,20200420,000000,2.651,2.694,2.442,2.503,0,0
EOS.V,D,20200421,000000,2.503,2.57,2.485,2.539,0,0
EOS.V,D,20200422,000000,2.54,2.658,2.51,2.611,0,0
EOS.V,D,20200423,000000,2.612,2.769,2.585,2.737,0,0
EOS.V,D,20200424,000000,2.739,2.741,2.661,2.708,0,0
EOS.V,D,20200425,000000,2.708,2.8,2.666,2.694,0,0
EOS.V,D,20200426,000000,2.694,2.78,2.676,2.719,0,0
EOS.V,D,20200427,000000,2.717,2.814,2.684,2.713,0,0
EOS.V,D,20200428,000000,2.713,2.752,2.69,2.738,0,0
EOS.V,D,20200429,000000,2.738,3.078,2.736,3.012,0,0
EOS.V,D,20200430,000000,3.012,3.113,2.757,2.848,0,0
EOS.V,D,20200501,000000,2.847,2.932,2.819,2.872,0,0
EOS.V,D,20200502,000000,2.873,2.94,2.855,2.936,0,0
EOS.V,D,20200503,000000,2.936,3.012,2.773,2.817,0,0
EOS.V,D,20200504,000000,2.817,2.85,2.633,2.788,0,0
EOS.V,D,20200505,000000,2.788,2.829,2.719,2.768,0,0
EOS.V,D,20200506,000000,2.768,2.822,2.737,2.767,0,0
EOS.V,D,20200507,000000,2.767,2.793,2.597,2.758,0,0
EOS.V,D,20200508,000000,2.758,2.824,2.702,2.801,0,0
EOS.V,D,20200509,000000,2.801,2.833,2.735,2.762,0,0
EOS.V,D,20200510,000000,2.762,2.772,2.289,2.453,0,0
EOS.V,D,20200511,000000,2.453,2.493,2.285,2.387,0,0
EOS.V,D,20200512,000000,2.388,2.466,2.386,2.404,0,0
EOS.V,D,20200513,000000,2.413,2.556,2.407,2.553,0,0
EOS.V,D,20200514,000000,2.553,2.65,2.478,2.62,0,0
EOS.V,D,20200515,000000,2.62,2.662,2.534,2.598,0,0
EOS.V,D,20200516,000000,2.598,2.681,2.571,2.637,0,0
EOS.V,D,20200517,000000,2.637,2.669,2.62,2.647,0,0
EOS.V,D,20200518,000000,2.647,2.739,2.597,2.636,0,0
EOS.V,D,20200519,000000,2.636,2.667,2.581,2.633,0,0
EOS.V,D,20200520,000000,2.633,2.671,2.542,2.601,0,0
EOS.V,D,20200521,000000,2.601,2.611,2.414,2.466,0,0
EOS.V,D,20200522,000000,2.466,2.632,2.442,2.616,0,0
EOS.V,D,20200523,000000,2.616,2.622,2.547,2.582,0,0
EOS.V,D,20200524,000000,2.582,2.607,2.505,2.561,0,0
EOS.V,D,20200525,000000,2.561,2.561,2.46,2.521,0,0
EOS.V,D,20200526,000000,2.521,2.536,2.461,2.501,0,0
EOS.V,D,20200527,000000,2.501,2.572,2.497,2.544,0,0
EOS.V,D,20200528,000000,2.543,2.598,2.521,2.58,0,0
EOS.V,D,20200529,000000,2.58,2.671,2.579,2.601,0,0
EOS.V,D,20200530,000000,2.602,2.716,2.6,2.709,0,0
EOS.V,D,20200531,000000,2.709,2.777,2.684,2.716,0,0
EOS.V,D,20200601,000000,2.716,2.728,2.65,2.723,0,0
EOS.V,D,20200602,000000,2.717,2.895,2.621,2.666,0,0
EOS.V,D,20200603,000000,2.666,2.697,2.636,2.681,0,0
EOS.V,D,20200604,000000,2.681,2.747,2.671,2.718,0,0
EOS.V,D,20200605,000000,2.718,2.862,2.711,2.827,0,0
EOS.V,D,20200606,000000,2.827,2.843,2.775,2.806,0,0
EOS.V,D,20200607,000000,2.806,2.823,2.733,2.791,0,0
EOS.V,D,20200608,000000,2.792,2.823,2.755,2.777,0,0
EOS.V,D,20200609,000000,2.777,2.801,2.698,2.753,0,0
EOS.V,D,20200610,000000,2.753,2.78,2.733,2.751,0,0
EOS.V,D,20200611,000000,2.75,2.776,2.453,2.544,0,0
EOS.V,D,20200612,000000,2.544,2.621,2.488,2.591,0,0
EOS.V,D,20200613,000000,2.591,2.619,2.557,2.595,0,0
EOS.V,D,20200614,000000,2.595,2.608,2.53,2.542,0,0
EOS.V,D,20200615,000000,2.542,2.577,2.425,2.531,0,0
EOS.V,D,20200616,000000,2.531,2.566,2.523,2.552,0,0
EOS.V,D,20200617,000000,2.552,2.601,2.521,2.566,0,0
EOS.V,D,20200618,000000,2.566,2.575,2.5,2.526,0,0
EOS.V,D,20200619,000000,2.526,2.546,2.503,2.526,0,0
EOS.V,D,20200620,000000,2.526,2.538,2.465,2.507,0,0
EOS.V,D,20200621,000000,2.507,2.557,2.506,2.526,0,0
EOS.V,D,20200622,000000,2.525,2.608,2.513,2.589,0,0
EOS.V,D,20200623,000000,2.589,2.601,2.558,2.583,0,0
EOS.V,D,20200624,000000,2.583,2.6,2.459,2.493,0,0
EOS.V,D,20200625,000000,2.493,2.53,2.439,2.488,0,0
EOS.V,D,20200626,000000,2.488,2.512,2.389,2.487,0,0
EOS.V,D,20200627,000000,2.487,2.49,2.226,2.334,0,0
EOS.V,D,20200628,000000,2.332,2.402,2.307,2.377,0,0
EOS.V,D,20200629,000000,2.377,2.391,2.326,2.382,0,0
EOS.V,D,20200630,000000,2.382,2.414,2.346,2.368,0,0
EOS.V,D,20200701,000000,2.368,2.404,2.358,2.383,0,0
EOS.V,D,20200702,000000,2.383,2.388,2.309,2.369,0,0
EOS.V,D,20200703,000000,2.368,2.455,2.353,2.428,0,0
EOS.V,D,20200704,000000,2.428,2.495,2.405,2.454,0,0
EOS.V,D,20200705,000000,2.454,2.472,2.334,2.381,0,0
EOS.V,D,20200706,000000,2.381,2.608,2.381,2.574,0,0
EOS.V,D,20200707,000000,2.573,2.638,2.527,2.542,0,0
EOS.V,D,20200708,000000,2.542,2.704,2.542,2.683,0,0
EOS.V,D,20200709,000000,2.683,2.728,2.584,2.633,0,0
EOS.V,D,20200710,000000,2.633,2.656,2.576,2.605,0,0
EOS.V,D,20200711,000000,2.605,2.639,2.594,2.619,0,0
EOS.V,D,20200712,000000,2.619,2.656,2.573,2.602,0,0
EOS.V,D,20200713,000000,2.602,2.647,2.46,2.554,0,0
EOS.V,D,20200714,000000,2.554,2.575,2.507,2.556,0,0
EOS.V,D,20200715,000000,2.556,2.567,2.511,2.538,0,0
EOS.V,D,20200716,000000,2.538,2.555,2.441,2.488,0,0
EOS.V,D,20200717,000000,2.488,2.52,2.476,2.489,0,0
EOS.V,D,20200718,000000,2.499,2.519,2.484,2.514,0,0
EOS.V,D,20200719,000000,2.512,2.611,2.474,2.595,0,0
EOS.V,D,20200720,000000,2.595,2.614,2.539,2.564,0,0
EOS.V,D,20200721,000000,2.564,2.634,2.557,2.618,0,0
EOS.V,D,20200722,000000,2.618,2.625,2.584,2.611,0,0
EOS.V,D,20200723,000000,2.612,2.691,2.606,2.659,0,0
EOS.V,D,20200724,000000,2.66,2.664,2.58,2.622,0,0
EOS.V,D,20200725,000000,2.619,2.749,2.596,2.732,0,0
EOS.V,D,20200726,000000,2.732,2.804,2.689,2.71,0,0
EOS.V,D,20200727,000000,2.71,2.905,2.65,2.9,0,0
EOS.V,D,20200728,000000,2.895,3.08,2.783,3.035,0,0
EOS.V,D,20200729,000000,3.035,3.153,2.958,3.094,0,0
