<TICKER>,<PER>,<DATE>,<TIME>,<OPEN>,<HIGH>,<LOW>,<CLOSE>,<VOL>,<OPENINT>
ETC.V,D,20160727,000000,2.2,2.3,1,1.6,0,0
ETC.V,D,20160728,000000,1.6,2.11,1.36,1.68,0,0
ETC.V,D,20160729,000000,1.68,1.79,1.52,1.64,0,0
ETC.V,D,20160730,000000,1.64,1.7,1.55,1.57,0,0
ETC.V,D,20160731,000000,1.57,1.92,1.41,1.79,0,0
ETC.V,D,20160801,000000,1.79,2.29,1.7,2.29,0,0
ETC.V,D,20160802,000000,2.29,3.64,2.07,2.6,0,0
ETC.V,D,20160803,000000,2.6,3.2,2.18,2.56,0,0
ETC.V,D,20160804,000000,2.56,2.77,2.1,2.28,0,0
ETC.V,D,20160805,000000,2.28,2.65,2.28,2.56,0,0
ETC.V,D,20160806,000000,2.56,2.88,2.5,2.67,0,0
ETC.V,D,20160807,000000,2.67,2.76,2.07,2.1,0,0
ETC.V,D,20160808,000000,2.1,2.4,1.95,2.13,0,0
ETC.V,D,20160809,000000,2.13,2.3,1.72,1.93,0,0
ETC.V,D,20160810,000000,1.93,2.06,1.6,1.69,0,0
ETC.V,D,20160811,000000,1.69,1.96,1.56,1.86,0,0
ETC.V,D,20160812,000000,1.86,2.09,1.81,1.82,0,0
ETC.V,D,20160813,000000,1.82,1.92,1.81,1.86,0,0
ETC.V,D,20160814,000000,1.86,1.99,1.86,1.92,0,0
ETC.V,D,20160815,000000,1.92,2,1.85,1.86,0,0
ETC.V,D,20160816,000000,1.86,1.89,1.8,1.86,0,0
ETC.V,D,20160817,000000,1.86,1.88,1.71,1.74,0,0
ETC.V,D,20160818,000000,1.74,1.78,1.63,1.69,0,0
ETC.V,D,20160819,000000,1.69,1.8,1.61,1.75,0,0
ETC.V,D,20160820,000000,1.75,1.76,1.69,1.74,0,0
ETC.V,D,20160821,000000,1.74,1.77,1.7,1.71,0,0
ETC.V,D,20160822,000000,1.71,1.74,1.62,1.66,0,0
ETC.V,D,20160823,000000,1.66,1.68,1.57,1.61,0,0
ETC.V,D,20160824,000000,1.61,1.79,1.42,1.47,0,0
ETC.V,D,20160825,000000,1.47,1.47,1.26,1.38,0,0
ETC.V,D,20160826,000000,1.38,1.46,1.32,1.43,0,0
ETC.V,D,20160827,000000,1.43,1.46,1.34,1.36,0,0
ETC.V,D,20160828,000000,1.36,1.36,1.3,1.36,0,0
ETC.V,D,20160829,000000,1.36,1.36,1.24,1.24,0,0
ETC.V,D,20160830,000000,1.24,1.31,1.15,1.24,0,0
ETC.V,D,20160831,000000,1.24,1.27,1.16,1.19,0,0
ETC.V,D,20160901,000000,1.19,1.49,1.17,1.48,0,0
ETC.V,D,20160902,000000,1.48,1.48,1.37,1.4,0,0
ETC.V,D,20160903,000000,1.4,1.41,1.32,1.36,0,0
ETC.V,D,20160904,000000,1.36,1.45,1.3,1.44,0,0
ETC.V,D,20160905,000000,1.44,1.55,1.44,1.46,0,0
ETC.V,D,20160906,000000,1.46,1.5,1.44,1.48,0,0
ETC.V,D,20160907,000000,1.48,1.49,1.45,1.48,0,0
ETC.V,D,20160908,000000,1.48,1.54,1.46,1.47,0,0
ETC.V,D,20160909,000000,1.47,1.47,1.38,1.41,0,0
ETC.V,D,20160910,000000,1.41,1.45,1.4,1.42,0,0
ETC.V,D,20160911,000000,1.42,1.43,1.33,1.34,0,0
ETC.V,D,20160912,000000,1.34,1.35,1.31,1.33,0,0
ETC.V,D,20160913,000000,1.33,1.33,1.29,1.29,0,0
ETC.V,D,20160914,000000,1.29,1.32,1.26,1.3,0,0
ETC.V,D,20160915,000000,1.3,1.31,1.27,1.28,0,0
ETC.V,D,20160916,000000,1.28,1.34,1.28,1.33,0,0
ETC.V,D,20160917,000000,1.33,1.33,1.31,1.32,0,0
ETC.V,D,20160918,000000,1.32,1.55,1.32,1.33,0,0
ETC.V,D,20160919,000000,1.33,1.34,1.25,1.28,0,0
ETC.V,D,20160920,000000,1.28,1.28,1.24,1.25,0,0
ETC.V,D,20160921,000000,1.25,1.26,1.21,1.23,0,0
ETC.V,D,20160922,000000,1.23,1.33,1.12,1.26,0,0
ETC.V,D,20160923,000000,1.26,1.29,1.22,1.24,0,0
ETC.V,D,20160924,000000,1.24,1.25,1.23,1.25,0,0
ETC.V,D,20160925,000000,1.25,1.26,1.21,1.21,0,0
ETC.V,D,20160926,000000,1.21,1.22,1.2,1.2,0,0
ETC.V,D,20160927,000000,1.2,1.21,1.16,1.19,0,0
ETC.V,D,20160928,000000,1.19,1.27,1.19,1.24,0,0
ETC.V,D,20160929,000000,1.24,1.28,1.22,1.28,0,0
ETC.V,D,20160930,000000,1.28,1.3,1.24,1.26,0,0
ETC.V,D,20161001,000000,1.26,1.26,1.18,1.18,0,0
ETC.V,D,20161002,000000,1.18,1.22,1.18,1.2,0,0
ETC.V,D,20161003,000000,1.2,1.22,1.17,1.19,0,0
ETC.V,D,20161004,000000,1.19,1.19,1.15,1.15,0,0
ETC.V,D,20161005,000000,1.15,1.24,1.15,1.19,0,0
ETC.V,D,20161006,000000,1.19,1.19,1.16,1.17,0,0
ETC.V,D,20161007,000000,1.17,1.19,1.16,1.16,0,0
ETC.V,D,20161008,000000,1.16,1.19,1.16,1.19,0,0
ETC.V,D,20161009,000000,1.19,1.19,1.17,1.17,0,0
ETC.V,D,20161010,000000,1.17,1.17,1.15,1.16,0,0
ETC.V,D,20161011,000000,1.16,1.17,1.09,1.1,0,0
ETC.V,D,20161012,000000,1.1,1.1,0.9903,1.03,0,0
ETC.V,D,20161013,000000,1.03,1.04,0.9557,1.01,0,0
ETC.V,D,20161014,000000,1.01,1.01,0.9733,0.9895,0,0
ETC.V,D,20161015,000000,0.9895,0.9998,0.9879,0.9915,0,0
ETC.V,D,20161016,000000,0.9915,1.23,0.9812,1.16,0,0
ETC.V,D,20161017,000000,1.16,1.21,1.06,1.08,0,0
ETC.V,D,20161018,000000,1.08,1.08,1,1.04,0,0
ETC.V,D,20161019,000000,1.04,1.08,1.03,1.05,0,0
ETC.V,D,20161020,000000,1.05,1.06,1.04,1.04,0,0
ETC.V,D,20161021,000000,1.04,1.05,1,1.03,0,0
ETC.V,D,20161022,000000,1.03,1.07,1.02,1.05,0,0
ETC.V,D,20161023,000000,1.05,1.06,1.03,1.05,0,0
ETC.V,D,20161024,000000,1.05,1.06,1.02,1.03,0,0
ETC.V,D,20161025,000000,1.03,1.05,1.01,1.02,0,0
ETC.V,D,20161026,000000,1.02,1.04,1.01,1.03,0,0
ETC.V,D,20161027,000000,1.03,1.04,0.9828,0.9865,0,0
ETC.V,D,20161028,000000,0.9865,1,0.9436,0.9464,0,0
ETC.V,D,20161029,000000,0.9464,0.9741,0.8707,0.9,0,0
ETC.V,D,20161030,000000,0.9,0.945,0.87,0.924,0,0
ETC.V,D,20161031,000000,0.924,0.9299,0.83,0.899,0,0
ETC.V,D,20161101,000000,0.899,0.9032,0.8704,0.8873,0,0
ETC.V,D,20161102,000000,0.8873,0.9127,0.8505,0.8505,0,0
ETC.V,D,20161103,000000,0.8505,0.9196,0.8505,0.9,0,0
ETC.V,D,20161104,000000,0.9,1,0.8955,0.9804,0,0
ETC.V,D,20161105,000000,0.9804,1.07,0.9591,1.05,0,0
ETC.V,D,20161106,000000,1.05,1.05,0.9767,0.986,0,0
ETC.V,D,20161107,000000,0.986,1.01,0.9301,0.9362,0,0
ETC.V,D,20161108,000000,0.9362,0.9579,0.9252,0.9344,0,0
ETC.V,D,20161109,000000,0.9344,0.9403,0.9084,0.9136,0,0
ETC.V,D,20161110,000000,0.9136,0.9591,0.9,0.9226,0,0
ETC.V,D,20161111,000000,0.9226,0.9397,0.9,0.9119,0,0
ETC.V,D,20161112,000000,0.9119,0.9393,0.9119,0.9199,0,0
ETC.V,D,20161113,000000,0.9199,0.9215,0.9005,0.9049,0,0
ETC.V,D,20161114,000000,0.9049,0.9105,0.89,0.896,0,0
ETC.V,D,20161115,000000,0.896,0.9323,0.885,0.9257,0,0
ETC.V,D,20161116,000000,0.9257,0.9333,0.9003,0.9083,0,0
ETC.V,D,20161117,000000,0.9083,0.9113,0.8867,0.8899,0,0
ETC.V,D,20161118,000000,0.8899,0.8988,0.8703,0.8703,0,0
ETC.V,D,20161119,000000,0.8703,0.8759,0.8553,0.8628,0,0
ETC.V,D,20161120,000000,0.8628,0.8784,0.8528,0.853,0,0
ETC.V,D,20161121,000000,0.853,0.8605,0.8419,0.8419,0,0
ETC.V,D,20161122,000000,0.8419,0.8617,0.8375,0.8375,0,0
ETC.V,D,20161123,000000,0.8375,0.8449,0.8078,0.8114,0,0
ETC.V,D,20161124,000000,0.8114,0.8181,0.7286,0.7719,0,0
ETC.V,D,20161125,000000,0.7719,0.8622,0.7642,0.8333,0,0
ETC.V,D,20161126,000000,0.8333,0.8647,0.78,0.7821,0,0
ETC.V,D,20161127,000000,0.7821,0.8237,0.7703,0.7738,0,0
ETC.V,D,20161128,000000,0.7738,0.785,0.7519,0.7537,0,0
ETC.V,D,20161129,000000,0.7537,0.78,0.71,0.7435,0,0
ETC.V,D,20161130,000000,0.7435,0.7546,0.7139,0.7447,0,0
ETC.V,D,20161201,000000,0.7447,0.7891,0.7427,0.7664,0,0
ETC.V,D,20161202,000000,0.7664,0.8121,0.7333,0.7982,0,0
ETC.V,D,20161203,000000,0.7982,0.8037,0.7652,0.7689,0,0
ETC.V,D,20161204,000000,0.7689,0.7859,0.7368,0.7577,0,0
ETC.V,D,20161205,000000,0.7577,0.82,0.7495,0.82,0,0
ETC.V,D,20161206,000000,0.82,0.85,0.7378,0.7742,0,0
ETC.V,D,20161207,000000,0.7742,0.838,0.7567,0.8276,0,0
ETC.V,D,20161208,000000,0.8276,0.89,0.777,0.8177,0,0
ETC.V,D,20161209,000000,0.8177,0.8404,0.7998,0.814,0,0
ETC.V,D,20161210,000000,0.814,0.87,0.807,0.8428,0,0
ETC.V,D,20161211,000000,0.8428,0.9572,0.8428,0.9328,0,0
ETC.V,D,20161212,000000,0.9328,0.9564,0.8911,0.9119,0,0
ETC.V,D,20161213,000000,0.9119,1,0.9011,0.9775,0,0
ETC.V,D,20161214,000000,0.9775,0.999,0.9606,0.9885,0,0
ETC.V,D,20161215,000000,0.9885,1.1,0.9742,1.08,0,0
ETC.V,D,20161216,000000,1.08,1.09,1.01,1.07,0,0
ETC.V,D,20161217,000000,1.07,1.07,0.9749,0.9978,0,0
ETC.V,D,20161218,000000,0.9978,1.07,0.9978,1.05,0,0
ETC.V,D,20161219,000000,1.05,1.19,1.05,1.19,0,0
ETC.V,D,20161220,000000,1.19,1.21,1.14,1.14,0,0
ETC.V,D,20161221,000000,1.14,1.17,1.11,1.13,0,0
ETC.V,D,20161222,000000,1.13,1.16,1.07,1.1,0,0
ETC.V,D,20161223,000000,1.1,1.11,1.02,1.06,0,0
ETC.V,D,20161224,000000,1.06,1.14,1.03,1.1,0,0
ETC.V,D,20161225,000000,1.1,1.12,1.06,1.06,0,0
ETC.V,D,20161226,000000,1.06,1.08,1.03,1.03,0,0
ETC.V,D,20161227,000000,1.03,1.1,1.03,1.05,0,0
ETC.V,D,20161228,000000,1.05,1.13,1.04,1.12,0,0
ETC.V,D,20161229,000000,1.12,1.5,1.1,1.4,0,0
ETC.V,D,20161230,000000,1.4,1.65,1.4,1.51,0,0
ETC.V,D,20161231,000000,1.51,1.57,1.33,1.45,0,0
ETC.V,D,20170101,000000,1.45,1.5,1.33,1.4,0,0
ETC.V,D,20170102,000000,1.4,1.45,1.35,1.43,0,0
ETC.V,D,20170103,000000,1.43,1.57,1.4,1.48,0,0
ETC.V,D,20170104,000000,1.48,1.76,1.43,1.74,0,0
ETC.V,D,20170105,000000,1.74,1.85,1.4,1.59,0,0
ETC.V,D,20170106,000000,1.59,1.64,1.41,1.51,0,0
ETC.V,D,20170107,000000,1.51,1.52,1.26,1.43,0,0
ETC.V,D,20170108,000000,1.43,1.49,1.42,1.44,0,0
ETC.V,D,20170109,000000,1.44,1.47,1.39,1.39,0,0
ETC.V,D,20170110,000000,1.39,1.45,1.39,1.43,0,0
ETC.V,D,20170111,000000,1.43,1.44,1.16,1.28,0,0
ETC.V,D,20170112,000000,1.28,1.28,1.14,1.24,0,0
ETC.V,D,20170113,000000,1.24,1.27,1.17,1.22,0,0
ETC.V,D,20170114,000000,1.22,1.24,1.2,1.22,0,0
ETC.V,D,20170115,000000,1.22,1.22,1.17,1.2,0,0
ETC.V,D,20170116,000000,1.2,1.2,1.18,1.19,0,0
ETC.V,D,20170117,000000,1.19,1.24,1.17,1.21,0,0
ETC.V,D,20170118,000000,1.21,1.23,1.18,1.21,0,0
ETC.V,D,20170119,000000,1.21,1.22,1.16,1.17,0,0
ETC.V,D,20170120,000000,1.17,1.4,1.15,1.34,0,0
ETC.V,D,20170121,000000,1.34,1.45,1.25,1.42,0,0
ETC.V,D,20170122,000000,1.42,1.47,1.33,1.37,0,0
ETC.V,D,20170123,000000,1.37,1.4,1.37,1.4,0,0
ETC.V,D,20170124,000000,1.4,1.4,1.36,1.37,0,0
ETC.V,D,20170125,000000,1.37,1.38,1.1,1.28,0,0
ETC.V,D,20170126,000000,1.28,1.36,1.28,1.33,0,0
ETC.V,D,20170127,000000,1.33,1.35,1.27,1.28,0,0
ETC.V,D,20170128,000000,1.28,1.31,1.28,1.31,0,0
ETC.V,D,20170129,000000,1.31,1.31,1.29,1.29,0,0
ETC.V,D,20170130,000000,1.29,1.34,1.29,1.34,0,0
ETC.V,D,20170131,000000,1.34,1.37,1.33,1.36,0,0
ETC.V,D,20170201,000000,1.36,1.39,1.34,1.35,0,0
ETC.V,D,20170202,000000,1.35,1.37,1.34,1.36,0,0
ETC.V,D,20170203,000000,1.36,1.37,1.31,1.33,0,0
ETC.V,D,20170204,000000,1.33,1.39,1.33,1.38,0,0
ETC.V,D,20170205,000000,1.38,1.38,1.34,1.37,0,0
ETC.V,D,20170206,000000,1.37,1.48,1.37,1.45,0,0
ETC.V,D,20170207,000000,1.45,1.51,1.42,1.46,0,0
ETC.V,D,20170208,000000,1.46,1.49,1.4,1.43,0,0
ETC.V,D,20170209,000000,1.43,1.5,1.2,1.28,0,0
ETC.V,D,20170210,000000,1.28,1.4,1.22,1.26,0,0
ETC.V,D,20170211,000000,1.26,1.3,1.23,1.23,0,0
ETC.V,D,20170212,000000,1.23,1.24,1.21,1.22,0,0
ETC.V,D,20170213,000000,1.22,1.23,1.15,1.19,0,0
ETC.V,D,20170214,000000,1.19,1.26,1.19,1.25,0,0
ETC.V,D,20170215,000000,1.25,1.28,1.25,1.26,0,0
ETC.V,D,20170216,000000,1.26,1.27,1.23,1.23,0,0
ETC.V,D,20170217,000000,1.23,1.26,1.23,1.23,0,0
ETC.V,D,20170218,000000,1.23,1.25,1.2,1.22,0,0
ETC.V,D,20170219,000000,1.22,1.24,1.22,1.22,0,0
ETC.V,D,20170220,000000,1.22,1.24,1.22,1.22,0,0
ETC.V,D,20170221,000000,1.22,1.26,1.21,1.26,0,0
ETC.V,D,20170222,000000,1.26,1.39,1.22,1.22,0,0
ETC.V,D,20170223,000000,1.22,1.24,1.2,1.22,0,0
ETC.V,D,20170224,000000,1.22,1.25,1.2,1.21,0,0
ETC.V,D,20170225,000000,1.21,1.22,1.18,1.21,0,0
ETC.V,D,20170226,000000,1.21,1.24,1.18,1.24,0,0
ETC.V,D,20170227,000000,1.24,1.26,1.22,1.24,0,0
ETC.V,D,20170228,000000,1.24,1.26,1.21,1.23,0,0
ETC.V,D,20170301,000000,1.23,1.43,1.22,1.39,0,0
ETC.V,D,20170302,000000,1.39,1.4,1.33,1.37,0,0
ETC.V,D,20170303,000000,1.37,1.44,1.32,1.44,0,0
ETC.V,D,20170304,000000,1.44,1.46,1.39,1.43,0,0
ETC.V,D,20170305,000000,1.43,1.44,1.35,1.37,0,0
ETC.V,D,20170306,000000,1.37,1.44,1.37,1.44,0,0
ETC.V,D,20170307,000000,1.44,1.44,1.34,1.38,0,0
ETC.V,D,20170308,000000,1.38,1.38,1.28,1.28,0,0
ETC.V,D,20170309,000000,1.28,1.34,1.25,1.32,0,0
ETC.V,D,20170310,000000,1.32,1.39,1.21,1.27,0,0
ETC.V,D,20170311,000000,1.27,1.38,1.27,1.38,0,0
ETC.V,D,20170312,000000,1.38,1.43,1.34,1.41,0,0
ETC.V,D,20170313,000000,1.41,1.65,1.35,1.64,0,0
ETC.V,D,20170314,000000,1.64,1.78,1.61,1.65,0,0
ETC.V,D,20170315,000000,1.65,1.8,1.5,1.77,0,0
ETC.V,D,20170316,000000,1.77,2.1,1.7,2.08,0,0
ETC.V,D,20170317,000000,2.08,2.17,1.66,1.73,0,0
ETC.V,D,20170318,000000,1.73,1.78,1.55,1.62,0,0
ETC.V,D,20170319,000000,1.62,2,1.62,1.94,0,0
ETC.V,D,20170320,000000,1.94,1.95,1.82,1.87,0,0
ETC.V,D,20170321,000000,1.87,2.39,1.87,2.38,0,0
ETC.V,D,20170322,000000,2.38,2.46,2.01,2.28,0,0
ETC.V,D,20170323,000000,2.28,2.36,2.1,2.24,0,0
ETC.V,D,20170324,000000,2.24,2.45,2.23,2.41,0,0
ETC.V,D,20170325,000000,2.41,2.42,2.21,2.21,0,0
ETC.V,D,20170326,000000,2.21,2.34,2.21,2.28,0,0
ETC.V,D,20170327,000000,2.28,2.31,1.85,2.1,0,0
ETC.V,D,20170328,000000,2.1,2.33,2.08,2.24,0,0
ETC.V,D,20170329,000000,2.24,2.38,1.9,2.32,0,0
ETC.V,D,20170330,000000,2.32,3.15,2.26,2.85,0,0
ETC.V,D,20170331,000000,2.85,3,2.58,2.83,0,0
ETC.V,D,20170401,000000,2.83,2.85,2.71,2.75,0,0
ETC.V,D,20170402,000000,2.75,2.82,2.51,2.69,0,0
ETC.V,D,20170403,000000,2.69,2.75,2.48,2.57,0,0
ETC.V,D,20170404,000000,2.57,2.71,2.55,2.66,0,0
ETC.V,D,20170405,000000,2.66,2.82,2.63,2.75,0,0
ETC.V,D,20170406,000000,2.75,2.83,2.45,2.67,0,0
ETC.V,D,20170407,000000,2.67,2.75,2.57,2.75,0,0
ETC.V,D,20170408,000000,2.75,2.81,2.66,2.72,0,0
ETC.V,D,20170409,000000,2.72,2.73,2.59,2.66,0,0
ETC.V,D,20170410,000000,2.66,2.66,2.54,2.64,0,0
ETC.V,D,20170411,000000,2.64,2.64,2.56,2.57,0,0
ETC.V,D,20170412,000000,2.57,2.7,2.52,2.63,0,0
ETC.V,D,20170413,000000,2.63,2.68,2.57,2.61,0,0
ETC.V,D,20170414,000000,2.61,2.71,2.55,2.63,0,0
ETC.V,D,20170415,000000,2.63,2.69,2.6,2.69,0,0
ETC.V,D,20170416,000000,2.69,2.69,2.58,2.59,0,0
ETC.V,D,20170417,000000,2.59,2.64,2.56,2.58,0,0
ETC.V,D,20170418,000000,2.58,2.92,2.58,2.82,0,0
ETC.V,D,20170419,000000,2.82,3.3,2.75,3.09,0,0
ETC.V,D,20170420,000000,3.09,3.4,3.02,3.21,0,0
ETC.V,D,20170421,000000,3.21,3.33,3,3.14,0,0
ETC.V,D,20170422,000000,3.14,3.23,3.12,3.18,0,0
ETC.V,D,20170423,000000,3.18,3.52,3.12,3.5,0,0
ETC.V,D,20170424,000000,3.5,4.14,3.5,4.03,0,0
ETC.V,D,20170425,000000,4.03,4.14,3.8,3.9,0,0
ETC.V,D,20170426,000000,3.9,4.74,3.88,4.6,0,0
ETC.V,D,20170427,000000,4.6,5.17,4.59,5,0,0
ETC.V,D,20170428,000000,5,5.19,4.61,4.92,0,0
ETC.V,D,20170429,000000,4.92,5.5,4.76,5.5,0,0
ETC.V,D,20170430,000000,5.5,6.53,5.34,6.38,0,0
ETC.V,D,20170501,000000,6.38,7.63,5.95,6.63,0,0
ETC.V,D,20170502,000000,6.63,6.9,6.03,6.41,0,0
ETC.V,D,20170503,000000,6.41,6.85,6.35,6.71,0,0
ETC.V,D,20170504,000000,6.71,7.45,6.66,7.37,0,0
ETC.V,D,20170505,000000,7.37,7.5,6.78,7.05,0,0
ETC.V,D,20170506,000000,7.05,7.17,6.63,6.88,0,0
ETC.V,D,20170507,000000,6.88,7.27,5.17,6.54,0,0
ETC.V,D,20170508,000000,6.54,6.8,6.17,6.3,0,0
ETC.V,D,20170509,000000,6.3,6.3,5,6.1,0,0
ETC.V,D,20170510,000000,6.1,6.83,5.9,6.42,0,0
ETC.V,D,20170511,000000,6.42,6.63,6,6.28,0,0
ETC.V,D,20170512,000000,6.28,6.45,5.95,5.95,0,0
ETC.V,D,20170513,000000,5.95,6.1,5.61,5.93,0,0
ETC.V,D,20170514,000000,5.93,6.87,5.93,6.61,0,0
ETC.V,D,20170515,000000,6.61,6.65,6.16,6.2,0,0
ETC.V,D,20170516,000000,6.2,6.31,5.8,6.09,0,0
ETC.V,D,20170517,000000,6.09,6.15,5.53,5.71,0,0
ETC.V,D,20170518,000000,5.71,6.87,5.71,6.55,0,0
ETC.V,D,20170519,000000,6.55,7.68,6.35,7.4,0,0
ETC.V,D,20170520,000000,7.4,7.68,6.9,6.9,0,0
ETC.V,D,20170521,000000,6.9,7.96,6.65,7.96,0,0
ETC.V,D,20170522,000000,7.96,9.26,7.67,8.4,0,0
ETC.V,D,20170523,000000,8.4,10.74,8.22,10.74,0,0
ETC.V,D,20170524,000000,10.74,18.75,10.51,18.3,0,0
ETC.V,D,20170525,000000,18.3,23,14.8,15.72,0,0
ETC.V,D,20170526,000000,15.72,18,12.5,14.45,0,0
ETC.V,D,20170527,000000,14.45,15.37,9.5,14.7,0,0
ETC.V,D,20170528,000000,14.7,17,13.3,15.7,0,0
ETC.V,D,20170529,000000,15.7,16.95,14.5,16.37,0,0
ETC.V,D,20170530,000000,16.37,17.75,15.63,17.4,0,0
ETC.V,D,20170531,000000,17.4,17.78,15.6,16.72,0,0
ETC.V,D,20170601,000000,16.72,17.41,15.75,16.08,0,0
ETC.V,D,20170602,000000,16.08,16.95,16.08,16.61,0,0
ETC.V,D,20170603,000000,16.61,17,15.85,15.93,0,0
ETC.V,D,20170604,000000,15.93,17.4,15.61,17.28,0,0
ETC.V,D,20170605,000000,17.28,17.4,16.56,17.07,0,0
ETC.V,D,20170606,000000,17.07,17.8,16.4,17.17,0,0
ETC.V,D,20170607,000000,17.17,18.71,16.68,17.1,0,0
ETC.V,D,20170608,000000,17.1,17.56,16.65,17.28,0,0
ETC.V,D,20170609,000000,17.28,17.71,17.01,17.23,0,0
ETC.V,D,20170610,000000,17.23,19,17.11,19,0,0
ETC.V,D,20170611,000000,19,22.27,17.2,21.58,0,0
ETC.V,D,20170612,000000,21.58,22.3,15.6,19.44,0,0
ETC.V,D,20170613,000000,19.44,20.6,19,20.14,0,0
ETC.V,D,20170614,000000,20.14,20.94,16.19,17.7,0,0
ETC.V,D,20170615,000000,17.7,17.98,13.5,17.15,0,0
ETC.V,D,20170616,000000,17.15,17.75,16.15,17.24,0,0
ETC.V,D,20170617,000000,17.24,22.7,16.92,21.98,0,0
ETC.V,D,20170618,000000,21.98,23.8,19.5,20.27,0,0
ETC.V,D,20170619,000000,20.27,22.4,20,21.5,0,0
ETC.V,D,20170620,000000,21.5,21.59,19.72,20.63,0,0
ETC.V,D,20170621,000000,20.63,21.04,17.69,19.17,0,0
ETC.V,D,20170622,000000,19.17,19.65,18.4,19.35,0,0
ETC.V,D,20170623,000000,19.35,20.07,19.25,19.75,0,0
ETC.V,D,20170624,000000,19.75,19.75,17.77,18.34,0,0
ETC.V,D,20170625,000000,18.34,21.27,17.45,18.42,0,0
ETC.V,D,20170626,000000,18.42,19.75,14.79,17.65,0,0
ETC.V,D,20170627,000000,17.65,18.36,15.05,18.2,0,0
ETC.V,D,20170628,000000,18.2,19.22,17,18.73,0,0
ETC.V,D,20170629,000000,18.73,18.92,17.58,17.75,0,0
ETC.V,D,20170630,000000,17.75,18.56,17.01,17.4,0,0
ETC.V,D,20170701,000000,17.4,17.55,15.86,16.5,0,0
ETC.V,D,20170702,000000,16.5,17.59,15.95,17.44,0,0
ETC.V,D,20170703,000000,17.44,17.91,16.82,17.19,0,0
ETC.V,D,20170704,000000,17.19,18.16,17.11,17.4,0,0
ETC.V,D,20170705,000000,17.4,17.58,16.82,17.34,0,0
ETC.V,D,20170706,000000,17.34,17.76,17,17.56,0,0
ETC.V,D,20170707,000000,17.56,17.7,15.61,16.08,0,0
ETC.V,D,20170708,000000,16.08,16.38,14.5,16.28,0,0
ETC.V,D,20170709,000000,16.28,16.8,15.56,15.56,0,0
ETC.V,D,20170710,000000,15.56,17.3,13.44,14.2,0,0
ETC.V,D,20170711,000000,14.2,15.41,12,14.03,0,0
ETC.V,D,20170712,000000,14.03,19.5,13.18,18.75,0,0
ETC.V,D,20170713,000000,18.75,19.8,16.27,17.55,0,0
ETC.V,D,20170714,000000,17.55,17.93,16,17,0,0
ETC.V,D,20170715,000000,17,17,14.59,14.66,0,0
ETC.V,D,20170716,000000,14.66,15.3,12.77,13.92,0,0
ETC.V,D,20170717,000000,13.92,15.42,13.83,15.02,0,0
ETC.V,D,20170718,000000,15.02,16.38,14.5,15.67,0,0
ETC.V,D,20170719,000000,15.67,16.09,13.67,14.14,0,0
ETC.V,D,20170720,000000,14.14,16.18,14.14,16.11,0,0
ETC.V,D,20170721,000000,16.11,17.61,15.73,15.95,0,0
ETC.V,D,20170722,000000,15.95,17,15.93,16.81,0,0
ETC.V,D,20170723,000000,16.81,16.93,15.55,16.09,0,0
ETC.V,D,20170724,000000,16.09,16.37,15.8,15.95,0,0
ETC.V,D,20170725,000000,15.95,16.04,13.59,14.66,0,0
ETC.V,D,20170726,000000,14.66,14.9,14.02,14.61,0,0
ETC.V,D,20170727,000000,14.61,14.74,14.25,14.46,0,0
ETC.V,D,20170728,000000,14.46,14.63,13.73,13.97,0,0
ETC.V,D,20170729,000000,13.97,14.48,13.27,14.26,0,0
ETC.V,D,20170730,000000,14.26,14.45,13.58,13.85,0,0
ETC.V,D,20170731,000000,13.85,14.07,13.32,13.74,0,0
ETC.V,D,20170801,000000,13.74,14.85,13.46,14.58,0,0
ETC.V,D,20170802,000000,14.58,15.31,14.26,14.52,0,0
ETC.V,D,20170803,000000,14.52,15.35,14.29,15.29,0,0
ETC.V,D,20170804,000000,15.29,15.37,14.77,14.97,0,0
ETC.V,D,20170805,000000,14.97,15.92,14.76,15.57,0,0
ETC.V,D,20170806,000000,15.57,16.11,15.36,15.57,0,0
ETC.V,D,20170807,000000,15.57,15.58,14.55,15.29,0,0
ETC.V,D,20170808,000000,15.29,16.06,15.14,16.05,0,0
ETC.V,D,20170809,000000,16.05,16.46,15.15,15.34,0,0
ETC.V,D,20170810,000000,15.34,15.71,15.16,15.21,0,0
ETC.V,D,20170811,000000,15.21,15.53,14.87,15.16,0,0
ETC.V,D,20170812,000000,15.16,15.31,14.44,14.65,0,0
ETC.V,D,20170813,000000,14.65,14.66,13.78,14.12,0,0
ETC.V,D,20170814,000000,14.12,14.52,13.77,13.98,0,0
ETC.V,D,20170815,000000,13.98,14.07,13.07,13.42,0,0
ETC.V,D,20170816,000000,13.42,14.38,13.17,14.08,0,0
ETC.V,D,20170817,000000,14.08,14.25,13.57,13.83,0,0
ETC.V,D,20170818,000000,13.83,14.37,12.51,13.44,0,0
ETC.V,D,20170819,000000,13.44,13.96,13.04,13.51,0,0
ETC.V,D,20170820,000000,13.51,14.18,13.27,13.76,0,0
ETC.V,D,20170821,000000,13.76,15.12,13.72,14.66,0,0
ETC.V,D,20170822,000000,14.66,15.11,13.37,14.41,0,0
ETC.V,D,20170823,000000,14.41,16.65,14.19,15.28,0,0
ETC.V,D,20170824,000000,15.28,15.99,15.04,15.13,0,0
ETC.V,D,20170825,000000,15.13,15.58,14.99,15.15,0,0
ETC.V,D,20170826,000000,15.15,15.33,14.87,15.28,0,0
ETC.V,D,20170827,000000,15.28,16.35,15.15,16.01,0,0
ETC.V,D,20170828,000000,16.01,16.41,15.52,15.74,0,0
ETC.V,D,20170829,000000,15.74,16.1,15.56,15.93,0,0
ETC.V,D,20170830,000000,15.93,16.06,15.73,15.96,0,0
ETC.V,D,20170831,000000,15.96,16.91,15.89,16.78,0,0
ETC.V,D,20170901,000000,16.78,22.89,16.31,22.42,0,0
ETC.V,D,20170902,000000,22.42,24.24,18.25,19.88,0,0
ETC.V,D,20170903,000000,19.88,20.79,18.32,19.18,0,0
ETC.V,D,20170904,000000,19.18,19.22,15.87,16.44,0,0
ETC.V,D,20170905,000000,16.44,17.44,15.39,17.08,0,0
ETC.V,D,20170906,000000,17.08,19.39,17.05,19.26,0,0
ETC.V,D,20170907,000000,19.26,19.32,17.98,18.51,0,0
ETC.V,D,20170908,000000,18.51,18.72,15.91,16.75,0,0
ETC.V,D,20170909,000000,16.75,16.75,15.39,16.32,0,0
ETC.V,D,20170910,000000,16.32,16.33,14.27,15.23,0,0
ETC.V,D,20170911,000000,15.23,16.01,14.83,15.22,0,0
ETC.V,D,20170912,000000,15.22,16.19,14.83,15.01,0,0
ETC.V,D,20170913,000000,15.01,15.04,13.51,14.11,0,0
ETC.V,D,20170914,000000,14.11,14.48,10.18,10.18,0,0
ETC.V,D,20170915,000000,10.18,12.26,8.47,11.4,0,0
ETC.V,D,20170916,000000,11.4,12.29,10.78,11.19,0,0
ETC.V,D,20170917,000000,11.19,11.4,10.26,11.03,0,0
ETC.V,D,20170918,000000,11.03,12.2,11.03,12.06,0,0
ETC.V,D,20170919,000000,12.06,12.25,11.28,11.54,0,0
ETC.V,D,20170920,000000,11.54,11.75,11.15,11.27,0,0
ETC.V,D,20170921,000000,11.27,11.29,10.01,10.04,0,0
ETC.V,D,20170922,000000,10.04,10.61,9.8,10.15,0,0
ETC.V,D,20170923,000000,10.15,10.86,10.03,10.58,0,0
ETC.V,D,20170924,000000,10.58,10.72,10.26,10.41,0,0
ETC.V,D,20170925,000000,10.41,11.14,10.39,11,0,0
ETC.V,D,20170926,000000,11,12.19,10.8,11.49,0,0
ETC.V,D,20170927,000000,11.49,13.3,11.43,12.96,0,0
ETC.V,D,20170928,000000,12.96,13.95,12.66,13.24,0,0
ETC.V,D,20170929,000000,13.24,13.74,12.13,12.7,0,0
ETC.V,D,20170930,000000,12.7,13.51,12.66,13.23,0,0
ETC.V,D,20171001,000000,13.23,13.24,12.62,12.92,0,0
ETC.V,D,20171002,000000,12.92,12.98,12.4,12.43,0,0
ETC.V,D,20171003,000000,12.43,12.54,11.78,12.29,0,0
ETC.V,D,20171004,000000,12.29,12.39,11.78,11.79,0,0
ETC.V,D,20171005,000000,11.79,12.08,11.51,11.91,0,0
ETC.V,D,20171006,000000,11.91,12.41,11.9,12.33,0,0
ETC.V,D,20171007,000000,12.33,12.55,12.04,12.37,0,0
ETC.V,D,20171008,000000,12.37,12.58,12.11,12.11,0,0
ETC.V,D,20171009,000000,12.11,12.17,10.94,11.43,0,0
ETC.V,D,20171010,000000,11.43,11.69,11.26,11.41,0,0
ETC.V,D,20171011,000000,11.41,11.53,11.27,11.45,0,0
ETC.V,D,20171012,000000,11.45,11.97,11.35,11.73,0,0
ETC.V,D,20171013,000000,11.73,12.39,11.31,12.05,0,0
ETC.V,D,20171014,000000,12.05,12.5,11.87,12.19,0,0
ETC.V,D,20171015,000000,12.19,12.48,11.54,11.96,0,0
ETC.V,D,20171016,000000,11.96,12.19,11.81,11.93,0,0
ETC.V,D,20171017,000000,11.93,12.49,11.6,11.86,0,0
ETC.V,D,20171018,000000,11.85,11.85,10.66,11.45,0,0
ETC.V,D,20171019,000000,11.45,11.51,11.12,11.29,0,0
ETC.V,D,20171020,000000,11.29,11.46,11.1,11.12,0,0
ETC.V,D,20171021,000000,11.09,11.26,10.64,10.84,0,0
ETC.V,D,20171022,000000,10.84,11.18,10.5,10.67,0,0
ETC.V,D,20171023,000000,10.66,10.66,9.66,10.05,0,0
ETC.V,D,20171024,000000,10.05,11.07,9.61,10.44,0,0
ETC.V,D,20171025,000000,10.44,10.57,10.12,10.47,0,0
ETC.V,D,20171026,000000,10.47,10.65,10.27,10.35,0,0
ETC.V,D,20171027,000000,10.38,10.61,9.8,10.28,0,0
ETC.V,D,20171028,000000,10.29,10.49,9.97,10.38,0,0
ETC.V,D,20171029,000000,10.37,11.09,10.37,10.83,0,0
ETC.V,D,20171030,000000,10.83,10.99,10.72,10.8,0,0
ETC.V,D,20171031,000000,10.81,10.88,10.51,10.52,0,0
ETC.V,D,20171101,000000,10.5,10.61,10.11,10.11,0,0
ETC.V,D,20171102,000000,10.11,10.24,9.43,10.03,0,0
ETC.V,D,20171103,000000,9.98,12.56,9.95,12.49,0,0
ETC.V,D,20171104,000000,12.34,12.51,11.27,11.77,0,0
ETC.V,D,20171105,000000,11.77,14.22,11.56,13.1,0,0
ETC.V,D,20171106,000000,13.1,15.24,12.94,13.84,0,0
ETC.V,D,20171107,000000,13.84,14.68,13.15,13.52,0,0
ETC.V,D,20171108,000000,13.51,14.2,13.45,13.9,0,0
ETC.V,D,20171109,000000,13.89,14.51,13.77,14.04,0,0
ETC.V,D,20171110,000000,14.04,15.37,13.51,14.39,0,0
ETC.V,D,20171111,000000,14.39,19.43,14.32,19.19,0,0
ETC.V,D,20171112,000000,19.19,21.35,14.45,14.67,0,0
ETC.V,D,20171113,000000,14.67,16.37,14.11,15.85,0,0
ETC.V,D,20171114,000000,15.85,18.42,15.83,17.37,0,0
ETC.V,D,20171115,000000,17.37,17.82,16.55,17.14,0,0
ETC.V,D,20171116,000000,17.14,17.19,16.11,16.84,0,0
ETC.V,D,20171117,000000,16.84,17.69,16.48,17.1,0,0
ETC.V,D,20171118,000000,17.1,18.17,16.73,17.62,0,0
ETC.V,D,20171119,000000,17.61,18.13,17.5,17.97,0,0
ETC.V,D,20171120,000000,17.97,18.87,17.91,18.48,0,0
ETC.V,D,20171121,000000,18.48,18.68,17.07,17.66,0,0
ETC.V,D,20171122,000000,17.66,18.17,17.6,17.98,0,0
ETC.V,D,20171123,000000,17.98,18.79,17.61,17.98,0,0
ETC.V,D,20171124,000000,17.98,21.24,17.61,21.01,0,0
ETC.V,D,20171125,000000,21,22.62,19.98,21.31,0,0
ETC.V,D,20171126,000000,21.31,21.85,20.63,21.64,0,0
ETC.V,D,20171127,000000,21.65,25.74,20.89,24.69,0,0
ETC.V,D,20171128,000000,24.69,32.79,24.54,31.42,0,0
ETC.V,D,20171129,000000,31.41,31.69,22.5,24.28,0,0
ETC.V,D,20171130,000000,24.28,27.08,21.66,26.1,0,0
ETC.V,D,20171201,000000,26.1,30.17,24.18,29.64,0,0
ETC.V,D,20171202,000000,29.62,30.71,28.13,28.89,0,0
ETC.V,D,20171203,000000,28.89,30.88,27.71,28.93,0,0
ETC.V,D,20171204,000000,28.93,29.65,27.47,29.25,0,0
ETC.V,D,20171205,000000,29.24,29.36,27.81,28.01,0,0
ETC.V,D,20171206,000000,27.98,28.17,23.85,24.95,0,0
ETC.V,D,20171207,000000,24.95,27.28,23.17,23.32,0,0
ETC.V,D,20171208,000000,23.31,27.64,22.13,27.58,0,0
ETC.V,D,20171209,000000,27.58,31.19,24.8,27.51,0,0
ETC.V,D,20171210,000000,27.51,27.75,23.35,25.27,0,0
ETC.V,D,20171211,000000,25.27,28.49,25.23,26.64,0,0
ETC.V,D,20171212,000000,26.64,31.9,26.58,29.2,0,0
ETC.V,D,20171213,000000,29.2,33.29,26.47,29,0,0
ETC.V,D,20171214,000000,28.99,33.58,28.79,31.3,0,0
ETC.V,D,20171215,000000,31.3,32.2,27.23,31.46,0,0
ETC.V,D,20171216,000000,31.46,37.57,30.3,33.76,0,0
ETC.V,D,20171217,000000,33.76,35.8,33.35,34.02,0,0
ETC.V,D,20171218,000000,34.02,40.87,31.34,38.04,0,0
ETC.V,D,20171219,000000,38.06,42.96,35.88,37.4,0,0
ETC.V,D,20171220,000000,37.4,41.33,34.2,38.93,0,0
ETC.V,D,20171221,000000,38.94,42.65,35.28,36.97,0,0
ETC.V,D,20171222,000000,36.97,37.39,18.53,27.23,0,0
ETC.V,D,20171223,000000,27.23,31.41,27.01,28.44,0,0
ETC.V,D,20171224,000000,28.44,28.77,23.67,27.47,0,0
ETC.V,D,20171225,000000,27.47,29.45,26.69,28.58,0,0
ETC.V,D,20171226,000000,28.58,30.46,28.53,29.99,0,0
ETC.V,D,20171227,000000,29.99,30.74,27.59,28.78,0,0
ETC.V,D,20171228,000000,28.78,28.95,25.18,26.89,0,0
ETC.V,D,20171229,000000,26.89,28.63,25.96,27.38,0,0
ETC.V,D,20171230,000000,27.35,27.37,22.77,23.84,0,0
ETC.V,D,20171231,000000,23.84,26.61,23.62,26.05,0,0
ETC.V,D,20180101,000000,26.05,31.69,25.24,29.23,0,0
ETC.V,D,20180102,000000,29.23,34.38,29.23,31.87,0,0
ETC.V,D,20180103,000000,31.87,33.77,30.1,33.11,0,0
ETC.V,D,20180104,000000,33.11,37.08,30.74,33.77,0,0
ETC.V,D,20180105,000000,33.77,35.25,30.55,31.16,0,0
ETC.V,D,20180106,000000,31.16,34.64,30.93,34,0,0
ETC.V,D,20180107,000000,34,36.07,33.95,35.45,0,0
ETC.V,D,20180108,000000,35.46,38.5,28.4,33.81,0,0
ETC.V,D,20180109,000000,33.81,38.46,31.18,37.5,0,0
ETC.V,D,20180110,000000,37.5,38.85,33.71,36.42,0,0
ETC.V,D,20180111,000000,36.42,37.71,30.14,32.4,0,0
ETC.V,D,20180112,000000,32.4,36.78,31.11,35.9,0,0
ETC.V,D,20180113,000000,35.9,42.52,35.14,42.33,0,0
ETC.V,D,20180114,000000,42.33,46.96,39.32,42.55,0,0
ETC.V,D,20180115,000000,42.55,43.68,39.81,40.01,0,0
ETC.V,D,20180116,000000,40.01,40.24,22.46,27.85,0,0
ETC.V,D,20180117,000000,27.85,30.43,22.12,29.01,0,0
ETC.V,D,20180118,000000,29.01,32.57,27.58,29.59,0,0
ETC.V,D,20180119,000000,29.59,33.86,28.4,31.65,0,0
ETC.V,D,20180120,000000,31.66,35.54,31.65,34.95,0,0
ETC.V,D,20180121,000000,34.95,36.13,28.94,30.36,0,0
ETC.V,D,20180122,000000,30.36,32.75,26.55,29.18,0,0
ETC.V,D,20180123,000000,29.18,30.31,26.19,28.2,0,0
ETC.V,D,20180124,000000,28.2,30.33,27.85,29.67,0,0
ETC.V,D,20180125,000000,29.67,30.32,28.61,29.09,0,0
ETC.V,D,20180126,000000,29.09,29.56,26.55,27.85,0,0
ETC.V,D,20180127,000000,27.84,30.25,27.83,30.09,0,0
ETC.V,D,20180128,000000,30.05,33.82,29.38,32.87,0,0
ETC.V,D,20180129,000000,32.88,33.17,30.36,30.7,0,0
ETC.V,D,20180130,000000,30.7,31.34,26.71,27.64,0,0
ETC.V,D,20180131,000000,27.63,28.3,26,27.9,0,0
ETC.V,D,20180201,000000,27.9,28.84,23.8,24.74,0,0
ETC.V,D,20180202,000000,24.72,25.26,18.61,23.01,0,0
ETC.V,D,20180203,000000,23.05,24.91,20.83,24.08,0,0
ETC.V,D,20180204,000000,24.07,24.8,19.72,21.38,0,0
ETC.V,D,20180205,000000,21.38,21.39,15.7,16.36,0,0
ETC.V,D,20180206,000000,16.42,19.34,14.04,18.73,0,0
ETC.V,D,20180207,000000,18.73,20.47,17.32,18.85,0,0
ETC.V,D,20180208,000000,18.85,21.9,18.09,21.47,0,0
ETC.V,D,20180209,000000,21.47,26.19,20.85,25.25,0,0
ETC.V,D,20180210,000000,25.23,26.22,22.49,24.02,0,0
ETC.V,D,20180211,000000,24.02,25.78,21.03,24.98,0,0
ETC.V,D,20180212,000000,25.02,29.99,23.67,29.92,0,0
ETC.V,D,20180213,000000,29.91,34.11,27.83,33.01,0,0
ETC.V,D,20180214,000000,33.08,35.84,32.36,34.08,0,0
ETC.V,D,20180215,000000,34.07,35.37,31.99,33.97,0,0
ETC.V,D,20180216,000000,33.98,34.93,32.21,34.74,0,0
ETC.V,D,20180217,000000,34.74,35.01,33.88,34.65,0,0
ETC.V,D,20180218,000000,34.65,34.89,30.7,34.19,0,0
ETC.V,D,20180219,000000,34.18,39.23,33.18,38.61,0,0
ETC.V,D,20180220,000000,38.58,42.82,36.82,37.12,0,0
ETC.V,D,20180221,000000,37.16,38.41,32.99,34.95,0,0
ETC.V,D,20180222,000000,34.93,35.95,30.22,31.66,0,0
ETC.V,D,20180223,000000,31.64,36.68,30.23,36.14,0,0
ETC.V,D,20180224,000000,36.14,38.89,34.55,36.12,0,0
ETC.V,D,20180225,000000,36.11,36.89,33.67,35.68,0,0
ETC.V,D,20180226,000000,35.7,36.38,33.44,35.45,0,0
ETC.V,D,20180227,000000,35.45,37.14,34.72,36.05,0,0
ETC.V,D,20180228,000000,36.06,36.25,32.94,33.08,0,0
ETC.V,D,20180301,000000,33.08,34.75,31.62,33.77,0,0
ETC.V,D,20180302,000000,33.77,33.9,30.06,31.03,0,0
ETC.V,D,20180303,000000,31.04,31.84,28.35,28.76,0,0
ETC.V,D,20180304,000000,28.76,31.06,28.69,29.02,0,0
ETC.V,D,20180305,000000,29.03,30.19,26.31,26.92,0,0
ETC.V,D,20180306,000000,26.92,27.26,24.88,25.21,0,0
ETC.V,D,20180307,000000,25.15,25.28,20.45,21.99,0,0
ETC.V,D,20180308,000000,21.98,24.88,20.91,22.24,0,0
ETC.V,D,20180309,000000,22.26,22.87,20.09,22,0,0
ETC.V,D,20180310,000000,22.01,22.73,20.46,20.81,0,0
ETC.V,D,20180311,000000,20.8,21.75,19.65,21.45,0,0
ETC.V,D,20180312,000000,21.44,21.72,19.87,20.21,0,0
ETC.V,D,20180313,000000,20.21,20.82,19.57,19.85,0,0
ETC.V,D,20180314,000000,19.85,20.24,16,16.87,0,0
ETC.V,D,20180315,000000,16.88,19.54,15.74,18.54,0,0
ETC.V,D,20180316,000000,18.53,18.53,17.15,18.14,0,0
ETC.V,D,20180317,000000,18.15,18.21,16.01,16.59,0,0
ETC.V,D,20180318,000000,16.59,17.06,14.37,16.57,0,0
ETC.V,D,20180319,000000,16.57,18.91,16.22,18.83,0,0
ETC.V,D,20180320,000000,18.83,20.95,17.8,20.21,0,0
ETC.V,D,20180321,000000,20.21,21.4,19.14,19.24,0,0
ETC.V,D,20180322,000000,19.24,20.6,18.37,19.53,0,0
ETC.V,D,20180323,000000,19.56,19.81,17.95,18.62,0,0
ETC.V,D,20180324,000000,18.63,19.32,18.35,18.48,0,0
ETC.V,D,20180325,000000,18.47,18.57,17.86,18.32,0,0
ETC.V,D,20180326,000000,18.32,18.38,15.39,15.61,0,0
ETC.V,D,20180327,000000,15.61,17.19,15.26,16.44,0,0
ETC.V,D,20180328,000000,16.44,16.79,15.7,15.96,0,0
ETC.V,D,20180329,000000,15.95,16.34,14.53,14.79,0,0
ETC.V,D,20180330,000000,14.82,15.21,13.81,14.53,0,0
ETC.V,D,20180331,000000,14.53,14.88,14.07,14.33,0,0
ETC.V,D,20180401,000000,14.33,14.51,13.08,13.65,0,0
ETC.V,D,20180402,000000,13.65,14.29,13.48,13.91,0,0
ETC.V,D,20180403,000000,13.91,15.21,13.89,15.07,0,0
ETC.V,D,20180404,000000,15.07,15.09,13.39,13.66,0,0
ETC.V,D,20180405,000000,13.66,13.72,13.17,13.53,0,0
ETC.V,D,20180406,000000,13.53,13.83,13.02,13.13,0,0
ETC.V,D,20180407,000000,13.13,13.83,13.03,13.64,0,0
ETC.V,D,20180408,000000,13.64,14.52,13.39,14.14,0,0
ETC.V,D,20180409,000000,14.14,14.52,13.28,13.53,0,0
ETC.V,D,20180410,000000,13.53,13.75,13.3,13.74,0,0
ETC.V,D,20180411,000000,13.74,14.1,13.6,14.02,0,0
ETC.V,D,20180412,000000,14.02,15.98,13.73,15.83,0,0
ETC.V,D,20180413,000000,15.85,16.76,15.59,15.86,0,0
ETC.V,D,20180414,000000,15.84,16.45,15.5,16.21,0,0
ETC.V,D,20180415,000000,16.21,16.94,16,16.7,0,0
ETC.V,D,20180416,000000,16.7,16.93,15.62,15.97,0,0
ETC.V,D,20180417,000000,15.97,16.85,15.94,16.16,0,0
ETC.V,D,20180418,000000,16.16,17.82,16.04,17.82,0,0
ETC.V,D,20180419,000000,17.86,18.38,17.49,18.23,0,0
ETC.V,D,20180420,000000,18.23,19.39,17.91,19.31,0,0
ETC.V,D,20180421,000000,19.27,19.99,17.54,18.46,0,0
ETC.V,D,20180422,000000,18.46,19.46,18.26,19.13,0,0
ETC.V,D,20180423,000000,19.13,20.89,18.64,20.44,0,0
ETC.V,D,20180424,000000,20.44,22.84,20.4,22.5,0,0
ETC.V,D,20180425,000000,22.5,22.85,18.1,19.72,0,0
ETC.V,D,20180426,000000,19.72,21.16,18.13,20.93,0,0
ETC.V,D,20180427,000000,20.94,21.96,20.05,20.45,0,0
ETC.V,D,20180428,000000,20.45,22.37,20.4,21.61,0,0
ETC.V,D,20180429,000000,21.62,22.35,20.37,21.71,0,0
ETC.V,D,20180430,000000,21.71,22.97,21.46,21.68,0,0
ETC.V,D,20180501,000000,21.68,21.79,20.43,21.34,0,0
ETC.V,D,20180502,000000,21.34,21.82,20.99,21.71,0,0
ETC.V,D,20180503,000000,21.73,23.49,21.46,22.92,0,0
ETC.V,D,20180504,000000,22.92,23.36,21.68,22.52,0,0
ETC.V,D,20180505,000000,22.52,23.21,22.32,22.67,0,0
ETC.V,D,20180506,000000,22.67,25.46,22.59,24.4,0,0
ETC.V,D,20180507,000000,24.4,25.7,22.36,23.48,0,0
ETC.V,D,20180508,000000,23.48,23.7,21.92,22.41,0,0
ETC.V,D,20180509,000000,22.41,22.63,20.18,21.37,0,0
ETC.V,D,20180510,000000,21.37,21.71,20.02,20.15,0,0
ETC.V,D,20180511,000000,20.16,20.27,16.95,17.51,0,0
ETC.V,D,20180512,000000,17.51,18.48,16.37,17.86,0,0
ETC.V,D,20180513,000000,17.86,19.07,17.67,18.74,0,0
ETC.V,D,20180514,000000,18.74,19.16,17.38,18.66,0,0
ETC.V,D,20180515,000000,18.66,19.88,18.17,18.3,0,0
ETC.V,D,20180516,000000,18.3,18.46,16.82,17.46,0,0
ETC.V,D,20180517,000000,17.46,18.31,17.13,17.13,0,0
ETC.V,D,20180518,000000,17.13,18.15,16.57,17.94,0,0
ETC.V,D,20180519,000000,17.94,18.08,17.45,17.5,0,0
ETC.V,D,20180520,000000,17.5,18.32,17.48,18.23,0,0
ETC.V,D,20180521,000000,18.23,18.27,17.42,17.63,0,0
ETC.V,D,20180522,000000,17.63,17.69,16.55,16.56,0,0
ETC.V,D,20180523,000000,16.56,16.56,14.48,15.27,0,0
ETC.V,D,20180524,000000,15.26,15.57,14.27,15.38,0,0
ETC.V,D,20180525,000000,15.38,15.74,14.82,14.9,0,0
ETC.V,D,20180526,000000,14.9,15.78,14.73,15.43,0,0
ETC.V,D,20180527,000000,15.42,15.43,14.94,15.06,0,0
ETC.V,D,20180528,000000,15.06,15.54,14.38,14.4,0,0
ETC.V,D,20180529,000000,14.4,15.48,14.12,15.32,0,0
ETC.V,D,20180530,000000,15.32,15.52,14.72,15.01,0,0
ETC.V,D,20180531,000000,15.01,15.54,15.01,15.38,0,0
ETC.V,D,20180601,000000,15.38,15.47,15.1,15.24,0,0
ETC.V,D,20180602,000000,15.24,16.13,15.23,15.82,0,0
ETC.V,D,20180603,000000,15.82,16.44,15.77,16.15,0,0
ETC.V,D,20180604,000000,16.15,16.36,15.08,15.28,0,0
ETC.V,D,20180605,000000,15.28,15.51,14.75,15.33,0,0
ETC.V,D,20180606,000000,15.33,15.63,14.91,15.25,0,0
ETC.V,D,20180607,000000,15.25,15.44,15.11,15.16,0,0
ETC.V,D,20180608,000000,15.16,15.63,15.08,15.49,0,0
ETC.V,D,20180609,000000,15.49,15.53,15.09,15.17,0,0
ETC.V,D,20180610,000000,15.17,15.17,12.03,12.21,0,0
ETC.V,D,20180611,000000,12.21,13,12.09,12.61,0,0
ETC.V,D,20180612,000000,12.62,16.27,12.61,14.65,0,0
ETC.V,D,20180613,000000,14.63,14.88,12.91,13.83,0,0
ETC.V,D,20180614,000000,13.81,14.32,13.13,14.08,0,0
ETC.V,D,20180615,000000,14.08,14.11,13.58,13.81,0,0
ETC.V,D,20180616,000000,13.81,14.82,13.59,14.56,0,0
ETC.V,D,20180617,000000,14.56,14.63,14.18,14.3,0,0
ETC.V,D,20180618,000000,14.3,15.58,14,15.14,0,0
ETC.V,D,20180619,000000,15.14,15.9,14.95,15.38,0,0
ETC.V,D,20180620,000000,15.38,16.68,14.83,16.56,0,0
ETC.V,D,20180621,000000,16.57,17.85,16.43,17.67,0,0
ETC.V,D,20180622,000000,17.67,17.82,14.16,14.48,0,0
ETC.V,D,20180623,000000,14.48,15.09,14.19,14.97,0,0
ETC.V,D,20180624,000000,14.97,15.32,13.16,14.9,0,0
ETC.V,D,20180625,000000,14.9,16.02,14.66,15.96,0,0
ETC.V,D,20180626,000000,15.98,16,15.26,15.67,0,0
ETC.V,D,20180627,000000,15.67,15.69,14.17,15.33,0,0
ETC.V,D,20180628,000000,15.33,15.69,14.51,14.56,0,0
ETC.V,D,20180629,000000,14.56,14.92,14.22,14.8,0,0
ETC.V,D,20180630,000000,14.8,16.87,14.79,15.88,0,0
ETC.V,D,20180701,000000,15.88,16.43,15.55,15.96,0,0
ETC.V,D,20180702,000000,15.96,17.07,15.63,16.85,0,0
ETC.V,D,20180703,000000,16.85,17.16,16.2,16.48,0,0
ETC.V,D,20180704,000000,16.48,17.49,15.76,17.21,0,0
ETC.V,D,20180705,000000,17.21,17.39,16.71,16.87,0,0
ETC.V,D,20180706,000000,16.87,18.48,16.84,18.23,0,0
ETC.V,D,20180707,000000,18.23,18.42,17.46,17.68,0,0
ETC.V,D,20180708,000000,17.68,18.97,17.66,18.59,0,0
ETC.V,D,20180709,000000,18.59,18.72,18.14,18.44,0,0
ETC.V,D,20180710,000000,18.45,18.69,16.48,16.68,0,0
ETC.V,D,20180711,000000,16.68,16.75,15.71,16.29,0,0
ETC.V,D,20180712,000000,16.29,16.46,15.71,15.95,0,0
ETC.V,D,20180713,000000,15.95,16.77,15.75,16.21,0,0
ETC.V,D,20180714,000000,16.21,16.71,16.09,16.5,0,0
ETC.V,D,20180715,000000,16.5,16.92,16.26,16.85,0,0
ETC.V,D,20180716,000000,16.83,17.54,16.56,17.29,0,0
ETC.V,D,20180717,000000,17.29,18.23,16.93,17.99,0,0
ETC.V,D,20180718,000000,18.01,18.38,17.12,17.39,0,0
ETC.V,D,20180719,000000,17.39,17.8,17.1,17.29,0,0
ETC.V,D,20180720,000000,17.29,17.63,15.74,15.91,0,0
ETC.V,D,20180721,000000,15.91,16.55,15.85,16.36,0,0
ETC.V,D,20180722,000000,16.36,16.54,16.09,16.09,0,0
ETC.V,D,20180723,000000,16.09,16.76,15.87,16.05,0,0
ETC.V,D,20180724,000000,16.05,16.84,15.75,16.53,0,0
ETC.V,D,20180725,000000,16.53,16.85,16.13,16.64,0,0
ETC.V,D,20180726,000000,16.64,17.44,16.3,16.57,0,0
ETC.V,D,20180727,000000,16.59,17.2,16.35,17.16,0,0
ETC.V,D,20180728,000000,17.16,17.17,16.62,16.87,0,0
ETC.V,D,20180729,000000,16.87,17.06,16.68,16.83,0,0
ETC.V,D,20180730,000000,16.83,17.38,16.61,17.09,0,0
ETC.V,D,20180731,000000,17.09,17.2,16.47,16.58,0,0
ETC.V,D,20180801,000000,16.58,16.58,14.97,15,0,0
ETC.V,D,20180802,000000,15,15.56,14.56,14.93,0,0
ETC.V,D,20180803,000000,14.92,16.94,14.13,16.82,0,0
ETC.V,D,20180804,000000,16.79,16.91,15.85,16.21,0,0
ETC.V,D,20180805,000000,16.21,17.8,16.21,17.79,0,0
ETC.V,D,20180806,000000,17.79,18.57,17.16,18.04,0,0
ETC.V,D,20180807,000000,18.04,20.98,16.83,17.33,0,0
ETC.V,D,20180808,000000,17.35,17.36,14.55,14.63,0,0
ETC.V,D,20180809,000000,14.63,15.4,14.34,15.21,0,0
ETC.V,D,20180810,000000,15.19,15.35,14.12,14.21,0,0
ETC.V,D,20180811,000000,14.21,14.34,12.4,13.51,0,0
ETC.V,D,20180812,000000,13.51,13.85,12.84,13.32,0,0
ETC.V,D,20180813,000000,13.32,13.44,12.42,12.43,0,0
ETC.V,D,20180814,000000,12.43,12.43,10.14,10.96,0,0
ETC.V,D,20180815,000000,10.96,12.63,10.89,12.5,0,0
ETC.V,D,20180816,000000,12.5,14.91,11.9,14.11,0,0
ETC.V,D,20180817,000000,14.11,14.5,13.05,14.24,0,0
ETC.V,D,20180818,000000,14.26,14.57,12.62,13.2,0,0
ETC.V,D,20180819,000000,13.2,13.76,12.85,13.36,0,0
ETC.V,D,20180820,000000,13.36,13.53,12.78,12.94,0,0
ETC.V,D,20180821,000000,12.94,12.95,12.18,12.6,0,0
ETC.V,D,20180822,000000,12.55,13.46,11.92,12.18,0,0
ETC.V,D,20180823,000000,12.18,12.49,11.91,12.42,0,0
ETC.V,D,20180824,000000,12.42,12.64,12.27,12.57,0,0
ETC.V,D,20180825,000000,12.56,12.79,12.42,12.52,0,0
ETC.V,D,20180826,000000,12.52,12.65,12.07,12.39,0,0
ETC.V,D,20180827,000000,12.39,12.64,12.27,12.4,0,0
ETC.V,D,20180828,000000,12.38,13.38,12.29,13.22,0,0
ETC.V,D,20180829,000000,13.21,13.36,12.81,13.08,0,0
ETC.V,D,20180830,000000,13.08,13.12,12.45,12.75,0,0
ETC.V,D,20180831,000000,12.75,12.95,12.52,12.74,0,0
ETC.V,D,20180901,000000,12.74,13.36,12.69,13.23,0,0
ETC.V,D,20180902,000000,13.23,13.39,13.01,13.27,0,0
ETC.V,D,20180903,000000,13.27,14.52,13.26,14.19,0,0
ETC.V,D,20180904,000000,14.19,14.25,13.75,13.97,0,0
ETC.V,D,20180905,000000,13.96,14.08,12.04,12.27,0,0
ETC.V,D,20180906,000000,12.27,12.3,11.1,11.7,0,0
ETC.V,D,20180907,000000,11.7,12.26,11.42,11.65,0,0
ETC.V,D,20180908,000000,11.65,11.83,10.7,10.82,0,0
ETC.V,D,20180909,000000,10.83,11.66,10.82,11.38,0,0
ETC.V,D,20180910,000000,11.38,11.47,10.94,11.2,0,0
ETC.V,D,20180911,000000,11.2,11.48,10.87,11.27,0,0
ETC.V,D,20180912,000000,11.27,11.28,10.07,10.59,0,0
ETC.V,D,20180913,000000,10.59,11.32,10.58,11.03,0,0
ETC.V,D,20180914,000000,11.03,11.37,10.91,11.06,0,0
ETC.V,D,20180915,000000,11.06,11.56,10.93,11.25,0,0
ETC.V,D,20180916,000000,11.25,11.5,10.96,11.2,0,0
ETC.V,D,20180917,000000,11.2,11.32,10.03,10.3,0,0
ETC.V,D,20180918,000000,10.3,10.8,10.17,10.56,0,0
ETC.V,D,20180919,000000,10.56,11.23,10.27,10.73,0,0
ETC.V,D,20180920,000000,10.73,10.94,10.61,10.93,0,0
ETC.V,D,20180921,000000,10.93,11.81,10.85,11.55,0,0
ETC.V,D,20180922,000000,11.55,11.86,11.22,11.43,0,0
ETC.V,D,20180923,000000,11.43,11.75,11.39,11.5,0,0
ETC.V,D,20180924,000000,11.5,11.62,11.02,11.15,0,0
ETC.V,D,20180925,000000,11.15,11.35,10.41,11.11,0,0
ETC.V,D,20180926,000000,11.11,11.31,10.84,10.99,0,0
ETC.V,D,20180927,000000,10.99,11.54,10.77,11.52,0,0
ETC.V,D,20180928,000000,11.52,11.6,11.1,11.2,0,0
ETC.V,D,20180929,000000,11.2,11.44,11.02,11.41,0,0
ETC.V,D,20180930,000000,11.41,11.43,11.14,11.27,0,0
ETC.V,D,20181001,000000,11.28,11.38,11.07,11.22,0,0
ETC.V,D,20181002,000000,11.22,11.36,11.11,11.16,0,0
ETC.V,D,20181003,000000,11.15,11.19,10.87,10.97,0,0
ETC.V,D,20181004,000000,10.97,11.2,10.97,11.05,0,0
ETC.V,D,20181005,000000,11.05,11.14,10.95,11.03,0,0
ETC.V,D,20181006,000000,11.03,11.16,10.86,10.93,0,0
ETC.V,D,20181007,000000,10.93,10.97,10.68,10.86,0,0
ETC.V,D,20181008,000000,10.86,11.04,10.85,11,0,0
ETC.V,D,20181009,000000,11,11,10.84,10.9,0,0
ETC.V,D,20181010,000000,10.9,10.93,10.73,10.85,0,0
ETC.V,D,20181011,000000,10.85,10.86,9.63,9.77,0,0
ETC.V,D,20181012,000000,9.77,9.77,9,9.48,0,0
ETC.V,D,20181013,000000,9.48,9.59,9.39,9.51,0,0
ETC.V,D,20181014,000000,9.51,9.66,9.45,9.51,0,0
ETC.V,D,20181015,000000,9.51,10.74,9.28,9.79,0,0
ETC.V,D,20181016,000000,9.79,10.02,9.67,9.72,0,0
ETC.V,D,20181017,000000,9.72,10.09,9.58,9.88,0,0
ETC.V,D,20181018,000000,9.87,9.93,9.6,9.63,0,0
ETC.V,D,20181019,000000,9.63,9.76,9.46,9.67,0,0
ETC.V,D,20181020,000000,9.67,9.72,9.52,9.65,0,0
ETC.V,D,20181021,000000,9.65,9.81,9.55,9.67,0,0
ETC.V,D,20181022,000000,9.67,10.29,9.53,10.07,0,0
ETC.V,D,20181023,000000,10.07,10.24,9.83,9.84,0,0
ETC.V,D,20181024,000000,9.84,9.99,9.66,9.82,0,0
ETC.V,D,20181025,000000,9.82,9.85,9.59,9.71,0,0
ETC.V,D,20181026,000000,9.71,9.79,9.57,9.66,0,0
ETC.V,D,20181027,000000,9.66,9.71,9.55,9.6,0,0
ETC.V,D,20181028,000000,9.59,9.64,9.52,9.58,0,0
ETC.V,D,20181029,000000,9.58,9.72,8.97,9.06,0,0
ETC.V,D,20181030,000000,9.06,9.18,8.91,9.01,0,0
ETC.V,D,20181031,000000,9.01,9.13,8.78,9.06,0,0
ETC.V,D,20181101,000000,9.06,9.09,8.95,9.07,0,0
ETC.V,D,20181102,000000,9.07,9.2,9.02,9.15,0,0
ETC.V,D,20181103,000000,9.16,9.18,9.07,9.12,0,0
ETC.V,D,20181104,000000,9.12,9.64,9.07,9.45,0,0
ETC.V,D,20181105,000000,9.44,9.52,9.29,9.4,0,0
ETC.V,D,20181106,000000,9.4,9.93,9.39,9.9,0,0
ETC.V,D,20181107,000000,9.91,10,9.6,9.65,0,0
ETC.V,D,20181108,000000,9.65,9.72,9.45,9.53,0,0
ETC.V,D,20181109,000000,9.53,9.64,9.43,9.46,0,0
ETC.V,D,20181110,000000,9.46,9.58,9.45,9.5,0,0
ETC.V,D,20181111,000000,9.5,9.5,8.99,9.15,0,0
ETC.V,D,20181112,000000,9.15,9.33,9.13,9.21,0,0
ETC.V,D,20181113,000000,9.21,9.25,8.98,9.1,0,0
ETC.V,D,20181114,000000,9.1,9.35,6.84,7.85,0,0
ETC.V,D,20181115,000000,7.85,8.09,7.14,7.67,0,0
ETC.V,D,20181116,000000,7.67,7.88,7.43,7.48,0,0
ETC.V,D,20181117,000000,7.48,7.54,7.37,7.38,0,0
ETC.V,D,20181118,000000,7.38,7.66,7.36,7.4,0,0
ETC.V,D,20181119,000000,7.4,7.47,6.13,6.22,0,0
ETC.V,D,20181120,000000,6.22,6.47,5.12,5.56,0,0
ETC.V,D,20181121,000000,5.57,5.96,5.36,5.68,0,0
ETC.V,D,20181122,000000,5.68,5.83,5.53,5.55,0,0
ETC.V,D,20181123,000000,5.55,5.55,4.99,5.28,0,0
ETC.V,D,20181124,000000,5.28,5.36,4.45,4.6,0,0
ETC.V,D,20181125,000000,4.59,4.94,4.24,4.77,0,0
ETC.V,D,20181126,000000,4.77,4.91,4.2,4.27,0,0
ETC.V,D,20181127,000000,4.27,4.69,4.2,4.6,0,0
ETC.V,D,20181128,000000,4.59,5.13,4.54,4.95,0,0
ETC.V,D,20181129,000000,4.95,5.1,4.79,4.89,0,0
ETC.V,D,20181130,000000,4.89,5.02,4.5,4.57,0,0
ETC.V,D,20181201,000000,4.57,4.97,4.47,4.89,0,0
ETC.V,D,20181202,000000,4.89,5.36,4.81,5.22,0,0
ETC.V,D,20181203,000000,5.22,5.23,4.48,4.52,0,0
ETC.V,D,20181204,000000,4.53,4.8,4.4,4.41,0,0
ETC.V,D,20181205,000000,4.41,4.48,4,4.05,0,0
ETC.V,D,20181206,000000,4.05,4.22,3.69,3.7,0,0
ETC.V,D,20181207,000000,3.7,4.15,3.28,3.99,0,0
ETC.V,D,20181208,000000,3.99,4.53,3.55,4.01,0,0
ETC.V,D,20181209,000000,4.04,4.35,3.83,3.95,0,0
ETC.V,D,20181210,000000,3.95,4.17,3.75,3.92,0,0
ETC.V,D,20181211,000000,3.92,4.19,3.66,3.74,0,0
ETC.V,D,20181212,000000,3.74,4.02,3.67,3.9,0,0
ETC.V,D,20181213,000000,3.9,4.01,3.77,3.9,0,0
ETC.V,D,20181214,000000,3.9,3.92,3.63,3.75,0,0
ETC.V,D,20181215,000000,3.75,3.76,3.52,3.64,0,0
ETC.V,D,20181216,000000,3.64,3.84,3.62,3.63,0,0
ETC.V,D,20181217,000000,3.63,4.21,3.63,4.01,0,0
ETC.V,D,20181218,000000,4.01,4.27,3.9,4.13,0,0
ETC.V,D,20181219,000000,4.13,4.83,4.11,4.56,0,0
ETC.V,D,20181220,000000,4.56,5.02,4.4,4.76,0,0
ETC.V,D,20181221,000000,4.76,4.92,4.54,4.58,0,0
ETC.V,D,20181222,000000,4.58,4.66,4.36,4.61,0,0
ETC.V,D,20181223,000000,4.61,5.11,4.6,4.96,0,0
ETC.V,D,20181224,000000,4.96,5.61,4.94,5.31,0,0
ETC.V,D,20181225,000000,5.31,5.34,4.55,4.73,0,0
ETC.V,D,20181226,000000,4.73,5.55,4.7,5.54,0,0
ETC.V,D,20181227,000000,5.54,5.82,4.79,4.82,0,0
ETC.V,D,20181228,000000,4.82,5.58,4.74,5.3,0,0
ETC.V,D,20181229,000000,5.3,5.52,5.24,5.48,0,0
ETC.V,D,20181230,000000,5.48,5.54,5.11,5.35,0,0
ETC.V,D,20181231,000000,5.35,5.41,4.99,5.06,0,0
ETC.V,D,20190101,000000,5.06,5.26,5.02,5.23,0,0
ETC.V,D,20190102,000000,5.23,5.52,5.22,5.49,0,0
ETC.V,D,20190103,000000,5.49,5.54,5,5.16,0,0
ETC.V,D,20190104,000000,5.16,5.4,5.09,5.32,0,0
ETC.V,D,20190105,000000,5.32,5.41,5.17,5.21,0,0
ETC.V,D,20190106,000000,5.21,5.66,5.16,5.43,0,0
ETC.V,D,20190107,000000,5.43,5.57,4.92,4.96,0,0
ETC.V,D,20190108,000000,4.96,5.17,4.89,5.01,0,0
ETC.V,D,20190109,000000,5.02,5.16,4.98,5.03,0,0
ETC.V,D,20190110,000000,5.03,5.11,4.3,4.4,0,0
ETC.V,D,20190111,000000,4.41,4.64,4.41,4.49,0,0
ETC.V,D,20190112,000000,4.49,4.81,4.42,4.59,0,0
ETC.V,D,20190113,000000,4.6,4.63,4.22,4.27,0,0
ETC.V,D,20190114,000000,4.27,4.55,4.26,4.45,0,0
ETC.V,D,20190115,000000,4.45,4.48,4.19,4.22,0,0
ETC.V,D,20190116,000000,4.22,4.45,4.22,4.34,0,0
ETC.V,D,20190117,000000,4.34,4.6,4.3,4.48,0,0
ETC.V,D,20190118,000000,4.48,4.54,4.34,4.39,0,0
ETC.V,D,20190119,000000,4.39,4.68,4.39,4.48,0,0
ETC.V,D,20190120,000000,4.48,4.5,4.23,4.29,0,0
ETC.V,D,20190121,000000,4.29,4.37,4.25,4.28,0,0
ETC.V,D,20190122,000000,4.28,4.4,4.19,4.36,0,0
ETC.V,D,20190123,000000,4.36,4.44,4.33,4.35,0,0
ETC.V,D,20190124,000000,4.35,4.4,4.28,4.38,0,0
ETC.V,D,20190125,000000,4.38,4.43,4.31,4.37,0,0
ETC.V,D,20190126,000000,4.37,4.47,4.32,4.35,0,0
ETC.V,D,20190127,000000,4.35,4.35,4.19,4.29,0,0
ETC.V,D,20190128,000000,4.29,4.29,3.82,3.95,0,0
ETC.V,D,20190129,000000,3.96,4.05,3.88,3.94,0,0
ETC.V,D,20190130,000000,3.94,4.07,3.89,4.01,0,0
ETC.V,D,20190131,000000,4.01,4.1,3.93,3.99,0,0
ETC.V,D,20190201,000000,3.99,4.02,3.89,3.99,0,0
ETC.V,D,20190202,000000,3.99,4,3.87,3.95,0,0
ETC.V,D,20190203,000000,3.95,4.06,3.87,3.92,0,0
ETC.V,D,20190204,000000,3.92,3.94,3.85,3.88,0,0
ETC.V,D,20190205,000000,3.88,3.9,3.83,3.88,0,0
ETC.V,D,20190206,000000,3.88,3.89,3.67,3.79,0,0
ETC.V,D,20190207,000000,3.79,3.91,3.7,3.88,0,0
ETC.V,D,20190208,000000,3.88,4.34,3.85,4.14,0,0
ETC.V,D,20190209,000000,4.14,4.2,4.05,4.11,0,0
ETC.V,D,20190210,000000,4.11,4.14,3.97,4.12,0,0
ETC.V,D,20190211,000000,4.12,4.22,4.01,4.11,0,0
ETC.V,D,20190212,000000,4.11,4.23,4.03,4.07,0,0
ETC.V,D,20190213,000000,4.08,4.21,4.08,4.16,0,0
ETC.V,D,20190214,000000,4.16,4.21,4.09,4.16,0,0
ETC.V,D,20190215,000000,4.16,4.26,4.07,4.13,0,0
ETC.V,D,20190216,000000,4.13,4.21,4.1,4.14,0,0
ETC.V,D,20190217,000000,4.14,4.25,4.07,4.19,0,0
ETC.V,D,20190218,000000,4.19,4.5,4.19,4.42,0,0
ETC.V,D,20190219,000000,4.42,4.87,4.41,4.69,0,0
ETC.V,D,20190220,000000,4.69,4.79,4.48,4.6,0,0
ETC.V,D,20190221,000000,4.62,4.71,4.45,4.47,0,0
ETC.V,D,20190222,000000,4.47,4.86,4.43,4.77,0,0
ETC.V,D,20190223,000000,4.77,4.96,4.67,4.91,0,0
ETC.V,D,20190224,000000,4.91,5.05,4.26,4.36,0,0
ETC.V,D,20190225,000000,4.36,4.47,4.2,4.39,0,0
ETC.V,D,20190226,000000,4.39,4.47,4.32,4.37,0,0
ETC.V,D,20190227,000000,4.37,4.48,4.25,4.36,0,0
ETC.V,D,20190228,000000,4.36,4.47,4.3,4.32,0,0
ETC.V,D,20190301,000000,4.32,4.55,4.3,4.4,0,0
ETC.V,D,20190302,000000,4.4,4.51,4.29,4.35,0,0
ETC.V,D,20190303,000000,4.35,4.48,4.29,4.34,0,0
ETC.V,D,20190304,000000,4.34,4.43,4.05,4.16,0,0
ETC.V,D,20190305,000000,4.16,4.45,4.14,4.33,0,0
ETC.V,D,20190306,000000,4.33,4.47,4.28,4.36,0,0
ETC.V,D,20190307,000000,4.36,4.56,4.36,4.45,0,0
ETC.V,D,20190308,000000,4.45,4.47,4.21,4.26,0,0
ETC.V,D,20190309,000000,4.26,4.43,4.25,4.37,0,0
ETC.V,D,20190310,000000,4.37,4.42,4.26,4.41,0,0
ETC.V,D,20190311,000000,4.41,4.43,4.27,4.3,0,0
ETC.V,D,20190312,000000,4.3,4.34,4.22,4.32,0,0
ETC.V,D,20190313,000000,4.32,4.32,4.2,4.26,0,0
ETC.V,D,20190314,000000,4.26,4.41,4.2,4.34,0,0
ETC.V,D,20190315,000000,4.34,4.49,4.32,4.44,0,0
ETC.V,D,20190316,000000,4.44,4.66,4.42,4.53,0,0
ETC.V,D,20190317,000000,4.53,4.54,4.41,4.47,0,0
ETC.V,D,20190318,000000,4.47,4.54,4.36,4.44,0,0
ETC.V,D,20190319,000000,4.44,4.68,4.34,4.59,0,0
ETC.V,D,20190320,000000,4.59,4.75,4.53,4.67,0,0
ETC.V,D,20190321,000000,4.67,4.92,4.53,4.83,0,0
ETC.V,D,20190322,000000,4.83,5.01,4.78,4.91,0,0
ETC.V,D,20190323,000000,4.91,4.94,4.79,4.89,0,0
ETC.V,D,20190324,000000,4.89,4.91,4.77,4.83,0,0
ETC.V,D,20190325,000000,4.83,4.86,4.62,4.67,0,0
ETC.V,D,20190326,000000,4.68,4.72,4.6,4.63,0,0
ETC.V,D,20190327,000000,4.63,4.85,4.62,4.8,0,0
ETC.V,D,20190328,000000,4.81,4.83,4.71,4.74,0,0
ETC.V,D,20190329,000000,4.74,5,4.7,4.92,0,0
ETC.V,D,20190330,000000,4.92,4.95,4.75,4.82,0,0
ETC.V,D,20190331,000000,4.82,4.86,4.75,4.86,0,0
ETC.V,D,20190401,000000,4.86,4.87,4.78,4.81,0,0
ETC.V,D,20190402,000000,4.81,5.41,4.81,5.35,0,0
ETC.V,D,20190403,000000,5.35,6.18,5.34,5.9,0,0
ETC.V,D,20190404,000000,5.9,6.01,5.12,5.38,0,0
ETC.V,D,20190405,000000,5.38,5.94,5.32,5.73,0,0
ETC.V,D,20190406,000000,5.73,6.1,5.53,5.93,0,0
ETC.V,D,20190407,000000,5.93,10.5,5.93,8.47,0,0
ETC.V,D,20190408,000000,8.47,8.51,6.85,7.43,0,0
ETC.V,D,20190409,000000,7.42,7.48,6.81,7.11,0,0
ETC.V,D,20190410,000000,7.11,7.27,6.92,6.98,0,0
ETC.V,D,20190411,000000,6.98,7.08,6,6.18,0,0
ETC.V,D,20190412,000000,6.18,6.54,5.95,6.41,0,0
ETC.V,D,20190413,000000,6.41,6.46,6.26,6.32,0,0
ETC.V,D,20190414,000000,6.32,6.38,6.18,6.37,0,0
ETC.V,D,20190415,000000,6.37,6.58,5.96,6.13,0,0
ETC.V,D,20190416,000000,6.13,6.32,6.05,6.26,0,0
ETC.V,D,20190417,000000,6.26,6.35,6.16,6.23,0,0
ETC.V,D,20190418,000000,6.23,6.36,6.19,6.32,0,0
ETC.V,D,20190419,000000,6.32,6.42,6.22,6.28,0,0
ETC.V,D,20190420,000000,6.28,6.35,6.19,6.2,0,0
ETC.V,D,20190421,000000,6.2,6.26,5.74,5.88,0,0
ETC.V,D,20190422,000000,5.88,6,5.84,5.98,0,0
ETC.V,D,20190423,000000,5.98,6.16,5.9,6.01,0,0
ETC.V,D,20190424,000000,6.01,6.03,5.28,5.55,0,0
ETC.V,D,20190425,000000,5.55,5.77,5.53,5.53,0,0
ETC.V,D,20190426,000000,5.52,5.52,5.2,5.38,0,0
ETC.V,D,20190427,000000,5.38,5.81,5.34,5.6,0,0
ETC.V,D,20190428,000000,5.6,5.66,5.37,5.41,0,0
ETC.V,D,20190429,000000,5.41,5.73,5.4,5.62,0,0
ETC.V,D,20190430,000000,5.62,5.92,5.52,5.84,0,0
ETC.V,D,20190501,000000,5.84,6,5.67,5.83,0,0
ETC.V,D,20190502,000000,5.82,5.86,5.68,5.81,0,0
ETC.V,D,20190503,000000,5.82,6.24,5.69,6.13,0,0
ETC.V,D,20190504,000000,6.13,6.18,5.7,5.96,0,0
ETC.V,D,20190505,000000,5.96,5.97,5.69,5.81,0,0
ETC.V,D,20190506,000000,5.82,5.88,5.51,5.83,0,0
ETC.V,D,20190507,000000,5.83,6.03,5.65,5.74,0,0
ETC.V,D,20190508,000000,5.75,5.82,5.56,5.72,0,0
ETC.V,D,20190509,000000,5.72,5.81,5.53,5.6,0,0
ETC.V,D,20190510,000000,5.6,5.71,5.52,5.65,0,0
ETC.V,D,20190511,000000,5.65,6.35,5.59,6.28,0,0
ETC.V,D,20190512,000000,6.28,6.4,5.75,5.93,0,0
ETC.V,D,20190513,000000,5.93,6.28,5.8,6.18,0,0
ETC.V,D,20190514,000000,6.17,6.71,5.98,6.24,0,0
ETC.V,D,20190515,000000,6.24,7.69,6.24,7.53,0,0
ETC.V,D,20190516,000000,7.54,8.61,6.98,7.64,0,0
ETC.V,D,20190517,000000,7.64,7.81,6.77,7.14,0,0
ETC.V,D,20190518,000000,7.15,7.46,7.09,7.28,0,0
ETC.V,D,20190519,000000,7.28,7.89,7.15,7.81,0,0
ETC.V,D,20190520,000000,7.81,7.9,7.14,7.46,0,0
ETC.V,D,20190521,000000,7.46,7.65,7.22,7.51,0,0
ETC.V,D,20190522,000000,7.5,7.51,6.83,6.89,0,0
ETC.V,D,20190523,000000,6.89,7.05,6.68,7.04,0,0
ETC.V,D,20190524,000000,7.03,7.44,6.99,7.39,0,0
ETC.V,D,20190525,000000,7.39,7.43,7.19,7.3,0,0
ETC.V,D,20190526,000000,7.3,7.76,7.14,7.72,0,0
ETC.V,D,20190527,000000,7.72,8.28,7.6,7.9,0,0
ETC.V,D,20190528,000000,7.9,8.49,7.87,8.23,0,0
ETC.V,D,20190529,000000,8.23,8.45,7.69,8.26,0,0
ETC.V,D,20190530,000000,8.26,8.89,7.76,7.9,0,0
ETC.V,D,20190531,000000,7.9,8.52,7.89,8.5,0,0
ETC.V,D,20190601,000000,8.5,8.9,8.42,8.73,0,0
ETC.V,D,20190602,000000,8.73,9.65,8.5,9.46,0,0
ETC.V,D,20190603,000000,9.46,9.83,9.03,9.48,0,0
ETC.V,D,20190604,000000,9.48,9.76,7.55,7.79,0,0
ETC.V,D,20190605,000000,7.79,8.5,7.74,8.06,0,0
ETC.V,D,20190606,000000,8.06,8.23,7.37,7.83,0,0
ETC.V,D,20190607,000000,7.83,8.44,7.76,8.2,0,0
ETC.V,D,20190608,000000,8.18,8.8,8.08,8.33,0,0
ETC.V,D,20190609,000000,8.33,8.55,7.91,8.09,0,0
ETC.V,D,20190610,000000,8.09,8.43,7.91,8.222,0,0
ETC.V,D,20190611,000000,8.221,8.355,8.044,8.279,0,0
ETC.V,D,20190612,000000,8.279,8.838,8.124,8.52,0,0
ETC.V,D,20190613,000000,8.52,8.765,8.5,8.702,0,0
ETC.V,D,20190614,000000,8.702,8.702,8.167,8.562,0,0
ETC.V,D,20190615,000000,8.562,8.715,8.398,8.567,0,0
ETC.V,D,20190616,000000,8.567,8.944,8.518,8.808,0,0
ETC.V,D,20190617,000000,8.808,8.885,8.658,8.863,0,0
ETC.V,D,20190618,000000,8.863,8.898,8.318,8.409,0,0
ETC.V,D,20190619,000000,8.409,8.678,8.354,8.587,0,0
ETC.V,D,20190620,000000,8.59,8.611,8.392,8.553,0,0
ETC.V,D,20190621,000000,8.553,8.846,8.493,8.815,0,0
ETC.V,D,20190622,000000,8.815,9.337,8.746,9.159,0,0
ETC.V,D,20190623,000000,9.159,9.653,9.007,9.314,0,0
ETC.V,D,20190624,000000,9.314,9.404,8.876,9.252,0,0
ETC.V,D,20190625,000000,9.252,9.361,9.058,9.173,0,0
ETC.V,D,20190626,000000,9.173,9.693,8.708,8.909,0,0
ETC.V,D,20190627,000000,8.924,9.118,7.162,7.62,0,0
ETC.V,D,20190628,000000,7.62,8.181,7.584,7.947,0,0
ETC.V,D,20190629,000000,7.929,8.268,7.59,8.206,0,0
ETC.V,D,20190630,000000,8.202,8.667,7.722,8.026,0,0
ETC.V,D,20190701,000000,8.024,8.032,7.308,7.769,0,0
ETC.V,D,20190702,000000,7.769,7.911,7.364,7.705,0,0
ETC.V,D,20190703,000000,7.704,7.955,7.682,7.859,0,0
ETC.V,D,20190704,000000,7.859,8.451,7.757,8.145,0,0
ETC.V,D,20190705,000000,8.145,8.214,7.657,7.971,0,0
ETC.V,D,20190706,000000,7.946,8.175,7.805,7.952,0,0
ETC.V,D,20190707,000000,7.952,8.133,7.761,8.107,0,0
ETC.V,D,20190708,000000,8.108,8.148,7.895,8.099,0,0
ETC.V,D,20190709,000000,8.141,8.293,7.812,7.962,0,0
ETC.V,D,20190710,000000,7.962,8.024,7.058,7.316,0,0
ETC.V,D,20190711,000000,7.33,7.371,6.249,6.739,0,0
ETC.V,D,20190712,000000,6.739,7.008,6.555,6.908,0,0
ETC.V,D,20190713,000000,6.908,6.965,6.456,6.603,0,0
ETC.V,D,20190714,000000,6.593,6.762,5.808,5.97,0,0
ETC.V,D,20190715,000000,5.969,6.013,5.159,5.761,0,0
ETC.V,D,20190716,000000,5.761,6.099,5.158,5.492,0,0
ETC.V,D,20190717,000000,5.495,5.985,5.251,5.828,0,0
ETC.V,D,20190718,000000,5.828,6.071,5.442,6.03,0,0
ETC.V,D,20190719,000000,6.03,6.09,5.672,5.86,0,0
ETC.V,D,20190720,000000,5.859,6.332,5.835,6.299,0,0
ETC.V,D,20190721,000000,6.302,6.329,6.053,6.263,0,0
ETC.V,D,20190722,000000,6.265,6.49,6.226,6.341,0,0
ETC.V,D,20190723,000000,6.339,6.367,5.952,6.115,0,0
ETC.V,D,20190724,000000,6.115,6.235,5.779,6.063,0,0
ETC.V,D,20190725,000000,6.063,6.285,5.99,6.02,0,0
ETC.V,D,20190726,000000,6.02,6.249,5.912,6.213,0,0
ETC.V,D,20190727,000000,6.213,6.33,5.787,5.919,0,0
ETC.V,D,20190728,000000,5.92,6.013,5.868,5.924,0,0
ETC.V,D,20190729,000000,5.924,6.087,5.564,5.947,0,0
ETC.V,D,20190730,000000,5.95,6.002,5.809,5.949,0,0
ETC.V,D,20190731,000000,5.948,6.088,5.817,6.028,0,0
ETC.V,D,20190801,000000,6.028,6.079,5.843,5.972,0,0
ETC.V,D,20190802,000000,5.971,6.021,5.816,5.854,0,0
ETC.V,D,20190803,000000,5.854,5.973,5.85,5.872,0,0
ETC.V,D,20190804,000000,5.872,6.162,5.842,6.073,0,0
ETC.V,D,20190805,000000,6.073,6.358,6.072,6.223,0,0
ETC.V,D,20190806,000000,6.223,6.253,5.819,5.854,0,0
ETC.V,D,20190807,000000,5.854,6.011,5.809,5.917,0,0
ETC.V,D,20190808,000000,5.917,6.187,5.869,5.926,0,0
ETC.V,D,20190809,000000,5.926,6.033,5.735,5.82,0,0
ETC.V,D,20190810,000000,5.82,5.889,5.54,5.685,0,0
ETC.V,D,20190811,000000,5.685,5.884,5.62,5.809,0,0
ETC.V,D,20190812,000000,5.809,5.896,5.683,5.788,0,0
ETC.V,D,20190813,000000,5.788,6.003,5.742,5.968,0,0
ETC.V,D,20190814,000000,5.969,6.162,5.478,5.631,0,0
ETC.V,D,20190815,000000,5.631,5.769,5.304,5.626,0,0
ETC.V,D,20190816,000000,5.613,5.67,5.451,5.581,0,0
ETC.V,D,20190817,000000,5.581,5.603,5.414,5.465,0,0
ETC.V,D,20190818,000000,5.466,5.674,5.434,5.62,0,0
ETC.V,D,20190819,000000,5.619,5.665,5.447,5.501,0,0
ETC.V,D,20190820,000000,5.501,6.178,5.478,5.941,0,0
ETC.V,D,20190821,000000,5.941,6.381,5.871,5.95,0,0
ETC.V,D,20190822,000000,5.95,7.719,5.95,7.176,0,0
ETC.V,D,20190823,000000,7.167,7.564,6.87,6.895,0,0
ETC.V,D,20190824,000000,6.895,7.248,6.774,6.959,0,0
ETC.V,D,20190825,000000,6.959,7.425,6.819,7.176,0,0
ETC.V,D,20190826,000000,7.182,7.508,7.115,7.267,0,0
ETC.V,D,20190827,000000,7.267,7.361,7.116,7.211,0,0
ETC.V,D,20190828,000000,7.211,7.248,6.257,6.5,0,0
ETC.V,D,20190829,000000,6.497,6.524,5.71,5.984,0,0
ETC.V,D,20190830,000000,5.984,6.487,5.762,6.369,0,0
ETC.V,D,20190831,000000,6.37,6.453,6.173,6.402,0,0
ETC.V,D,20190901,000000,6.411,6.421,6.108,6.269,0,0
ETC.V,D,20190902,000000,6.269,6.894,6.221,6.768,0,0
ETC.V,D,20190903,000000,6.768,7.034,6.638,6.839,0,0
ETC.V,D,20190904,000000,6.835,6.899,6.679,6.825,0,0
ETC.V,D,20190905,000000,6.825,7.217,6.724,6.966,0,0
ETC.V,D,20190906,000000,6.966,7.135,6.779,6.832,0,0
ETC.V,D,20190907,000000,6.832,6.84,6.283,6.798,0,0
ETC.V,D,20190908,000000,6.799,6.831,6.601,6.66,0,0
ETC.V,D,20190909,000000,6.66,6.791,6.394,6.564,0,0
ETC.V,D,20190910,000000,6.564,6.752,6.452,6.478,0,0
ETC.V,D,20190911,000000,6.479,6.587,6.145,6.343,0,0
ETC.V,D,20190912,000000,6.343,6.38,6.213,6.338,0,0
ETC.V,D,20190913,000000,6.338,6.348,6.122,6.166,0,0
ETC.V,D,20190914,000000,6.173,6.325,6.11,6.298,0,0
ETC.V,D,20190915,000000,6.298,6.364,6.244,6.276,0,0
ETC.V,D,20190916,000000,6.276,6.355,6.159,6.259,0,0
ETC.V,D,20190917,000000,6.259,6.446,6.183,6.386,0,0
ETC.V,D,20190918,000000,6.386,6.541,6.298,6.407,0,0
ETC.V,D,20190919,000000,6.398,6.439,5.788,6.237,0,0
ETC.V,D,20190920,000000,6.236,6.286,5.978,6.134,0,0
ETC.V,D,20190921,000000,6.134,6.207,6.053,6.184,0,0
ETC.V,D,20190922,000000,6.184,6.184,5.971,6.059,0,0
ETC.V,D,20190923,000000,6.059,6.099,5.837,5.891,0,0
ETC.V,D,20190924,000000,5.891,5.891,4.44,4.782,0,0
ETC.V,D,20190925,000000,4.782,5.089,4.587,4.967,0,0
ETC.V,D,20190926,000000,4.967,4.994,4.515,4.715,0,0
ETC.V,D,20190927,000000,4.715,4.769,4.512,4.72,0,0
ETC.V,D,20190928,000000,4.72,4.778,4.622,4.695,0,0
ETC.V,D,20190929,000000,4.695,4.721,4.464,4.558,0,0
ETC.V,D,20190930,000000,4.558,4.8,4.556,4.698,0,0
ETC.V,D,20191001,000000,4.698,4.87,4.618,4.673,0,0
ETC.V,D,20191002,000000,4.673,4.699,4.6,4.634,0,0
ETC.V,D,20191003,000000,4.636,4.738,4.539,4.595,0,0
ETC.V,D,20191004,000000,4.595,4.699,4.526,4.642,0,0
ETC.V,D,20191005,000000,4.642,4.691,4.569,4.654,0,0
ETC.V,D,20191006,000000,4.654,4.666,4.44,4.552,0,0
ETC.V,D,20191007,000000,4.552,4.757,4.482,4.678,0,0
ETC.V,D,20191008,000000,4.678,4.751,4.586,4.609,0,0
ETC.V,D,20191009,000000,4.609,5.232,4.608,5.077,0,0
ETC.V,D,20191010,000000,5.076,5.12,4.891,4.946,0,0
ETC.V,D,20191011,000000,4.946,4.965,4.659,4.66,0,0
ETC.V,D,20191012,000000,4.661,4.764,4.646,4.722,0,0
ETC.V,D,20191013,000000,4.722,4.835,4.709,4.8,0,0
ETC.V,D,20191014,000000,4.829,4.872,4.752,4.761,0,0
ETC.V,D,20191015,000000,4.767,4.816,4.488,4.532,0,0
ETC.V,D,20191016,000000,4.532,4.706,4.27,4.425,0,0
ETC.V,D,20191017,000000,4.423,4.586,4.389,4.482,0,0
ETC.V,D,20191018,000000,4.484,4.551,4.373,4.448,0,0
ETC.V,D,20191019,000000,4.448,4.48,4.395,4.453,0,0
ETC.V,D,20191020,000000,4.453,4.591,4.394,4.572,0,0
ETC.V,D,20191021,000000,4.572,4.688,4.452,4.599,0,0
ETC.V,D,20191022,000000,4.599,4.673,4.534,4.545,0,0
ETC.V,D,20191023,000000,4.545,4.552,4.031,4.247,0,0
ETC.V,D,20191024,000000,4.247,4.398,4.206,4.284,0,0
ETC.V,D,20191025,000000,4.281,5.007,4.254,4.74,0,0
ETC.V,D,20191026,000000,4.74,5.128,4.491,4.606,0,0
ETC.V,D,20191027,000000,4.606,4.943,4.551,4.832,0,0
ETC.V,D,20191028,000000,4.832,5.025,4.755,4.813,0,0
ETC.V,D,20191029,000000,4.813,5.158,4.747,4.968,0,0
ETC.V,D,20191030,000000,4.968,4.982,4.733,4.828,0,0
ETC.V,D,20191031,000000,4.828,4.972,4.696,4.791,0,0
ETC.V,D,20191101,000000,4.791,4.954,4.774,4.875,0,0
ETC.V,D,20191102,000000,4.867,5.039,4.848,4.954,0,0
ETC.V,D,20191103,000000,4.954,5.007,4.845,4.906,0,0
ETC.V,D,20191104,000000,4.906,5.046,4.867,4.95,0,0
ETC.V,D,20191105,000000,4.952,5.079,4.864,5.011,0,0
ETC.V,D,20191106,000000,5.015,5.17,5.001,5.062,0,0
ETC.V,D,20191107,000000,5.067,5.325,5.041,5.243,0,0
ETC.V,D,20191108,000000,5.25,5.281,4.774,4.998,0,0
ETC.V,D,20191109,000000,4.992,5.054,4.93,4.953,0,0
ETC.V,D,20191110,000000,4.952,5.163,4.927,5.063,0,0
ETC.V,D,20191111,000000,5.062,5.073,4.835,4.939,0,0
ETC.V,D,20191112,000000,4.939,4.949,4.815,4.913,0,0
ETC.V,D,20191113,000000,4.913,4.916,4.831,4.841,0,0
ETC.V,D,20191114,000000,4.841,4.864,4.667,4.741,0,0
ETC.V,D,20191115,000000,4.741,4.808,4.465,4.601,0,0
ETC.V,D,20191116,000000,4.601,4.675,4.55,4.672,0,0
ETC.V,D,20191117,000000,4.672,4.713,4.611,4.646,0,0
ETC.V,D,20191118,000000,4.646,4.66,4.201,4.4,0,0
ETC.V,D,20191119,000000,4.399,4.535,4.261,4.396,0,0
ETC.V,D,20191120,000000,4.396,4.445,4.308,4.351,0,0
ETC.V,D,20191121,000000,4.356,4.421,4.062,4.176,0,0
ETC.V,D,20191122,000000,4.175,4.234,3.599,3.873,0,0
ETC.V,D,20191123,000000,3.873,4.098,3.82,4.001,0,0
ETC.V,D,20191124,000000,4,4.034,3.767,3.837,0,0
ETC.V,D,20191125,000000,3.832,3.998,3.59,3.845,0,0
ETC.V,D,20191126,000000,3.844,3.937,3.778,3.899,0,0
ETC.V,D,20191127,000000,3.899,4.063,3.704,3.963,0,0
ETC.V,D,20191128,000000,3.963,4.059,3.877,3.963,0,0
ETC.V,D,20191129,000000,3.962,4.147,3.899,4.09,0,0
ETC.V,D,20191130,000000,4.09,4.125,3.892,3.977,0,0
ETC.V,D,20191201,000000,3.977,4.049,3.836,3.98,0,0
ETC.V,D,20191202,000000,3.98,3.991,3.824,3.88,0,0
ETC.V,D,20191203,000000,3.883,3.964,3.85,3.867,0,0
ETC.V,D,20191204,000000,3.867,3.924,3.735,3.765,0,0
ETC.V,D,20191205,000000,3.767,3.835,3.75,3.835,0,0
ETC.V,D,20191206,000000,3.835,3.932,3.798,3.916,0,0
ETC.V,D,20191207,000000,3.916,3.963,3.881,3.904,0,0
ETC.V,D,20191208,000000,3.903,3.976,3.859,3.94,0,0
ETC.V,D,20191209,000000,3.94,3.964,3.789,3.828,0,0
ETC.V,D,20191210,000000,3.828,3.829,3.751,3.8,0,0
ETC.V,D,20191211,000000,3.796,3.837,3.769,3.779,0,0
ETC.V,D,20191212,000000,3.779,3.898,3.737,3.81,0,0
ETC.V,D,20191213,000000,3.81,3.94,3.806,3.877,0,0
ETC.V,D,20191214,000000,3.877,3.904,3.769,3.823,0,0
ETC.V,D,20191215,000000,3.823,3.875,3.779,3.807,0,0
ETC.V,D,20191216,000000,3.807,3.859,3.635,3.688,0,0
ETC.V,D,20191217,000000,3.687,3.716,3.436,3.459,0,0
ETC.V,D,20191218,000000,3.459,3.819,3.392,3.819,0,0
ETC.V,D,20191219,000000,3.819,3.841,3.67,3.734,0,0
ETC.V,D,20191220,000000,3.731,4.214,3.703,4.08,0,0
ETC.V,D,20191221,000000,4.08,4.18,4.009,4.115,0,0
ETC.V,D,20191222,000000,4.115,4.266,4.066,4.194,0,0
ETC.V,D,20191223,000000,4.194,4.248,3.959,3.983,0,0
ETC.V,D,20191224,000000,3.979,4.008,3.903,3.973,0,0
ETC.V,D,20191225,000000,3.973,4.096,3.927,4.046,0,0
ETC.V,D,20191226,000000,4.046,4.709,4.033,4.454,0,0
ETC.V,D,20191227,000000,4.454,4.654,4.378,4.467,0,0
ETC.V,D,20191228,000000,4.467,4.555,4.383,4.447,0,0
ETC.V,D,20191229,000000,4.447,4.835,4.399,4.677,0,0
ETC.V,D,20191230,000000,4.677,4.835,4.542,4.656,0,0
ETC.V,D,20191231,000000,4.656,4.75,4.432,4.498,0,0
ETC.V,D,20200101,000000,4.498,4.57,4.471,4.505,0,0
ETC.V,D,20200102,000000,4.505,4.512,4.179,4.261,0,0
ETC.V,D,20200103,000000,4.261,4.635,4.19,4.585,0,0
ETC.V,D,20200104,000000,4.582,4.728,4.534,4.66,0,0
ETC.V,D,20200105,000000,4.66,5.002,4.629,4.86,0,0
ETC.V,D,20200106,000000,4.86,5.136,4.855,4.999,0,0
ETC.V,D,20200107,000000,4.996,5.075,4.724,4.826,0,0
ETC.V,D,20200108,000000,4.826,5.053,4.717,5.003,0,0
ETC.V,D,20200109,000000,5.002,5.199,4.88,5.094,0,0
ETC.V,D,20200110,000000,5.094,5.298,4.923,5.197,0,0
ETC.V,D,20200111,000000,5.208,5.81,5.191,5.689,0,0
ETC.V,D,20200112,000000,5.689,5.7,5.372,5.506,0,0
ETC.V,D,20200113,000000,5.505,5.59,5.334,5.496,0,0
ETC.V,D,20200114,000000,5.486,6.975,5.469,6.819,0,0
ETC.V,D,20200115,000000,6.818,8.098,6.644,8.074,0,0
ETC.V,D,20200116,000000,8.08,8.591,7.297,8.305,0,0
ETC.V,D,20200117,000000,8.296,12,8.157,10.03,0,0
ETC.V,D,20200118,000000,10.03,10.21,8.096,8.714,0,0
ETC.V,D,20200119,000000,8.718,9.425,7.801,8.39,0,0
ETC.V,D,20200120,000000,8.39,9.083,8.053,8.864,0,0
ETC.V,D,20200121,000000,8.852,9.121,8.528,8.906,0,0
ETC.V,D,20200122,000000,8.906,9.492,8.906,9.18,0,0
ETC.V,D,20200123,000000,9.18,9.356,8.189,8.434,0,0
ETC.V,D,20200124,000000,8.434,8.817,7.884,8.61,0,0
ETC.V,D,20200125,000000,8.624,8.653,8.121,8.415,0,0
ETC.V,D,20200126,000000,8.415,9.36,8.247,9.114,0,0
ETC.V,D,20200127,000000,9.114,11.1,9.078,10.34,0,0
ETC.V,D,20200128,000000,10.35,11.65,10.29,11.27,0,0
ETC.V,D,20200129,000000,11.26,12.87,11.26,12.35,0,0
ETC.V,D,20200130,000000,12.34,12.66,11.67,12.43,0,0
ETC.V,D,20200131,000000,12.43,12.43,10.77,11.44,0,0
ETC.V,D,20200201,000000,11.45,11.79,11.09,11.54,0,0
ETC.V,D,20200202,000000,11.55,11.74,11.15,11.51,0,0
ETC.V,D,20200203,000000,11.5,12.2,11.3,11.6,0,0
ETC.V,D,20200204,000000,11.6,11.89,11.13,11.49,0,0
ETC.V,D,20200205,000000,11.49,12.62,11.31,12.37,0,0
ETC.V,D,20200206,000000,12.37,13.17,11.12,11.9,0,0
ETC.V,D,20200207,000000,11.88,12.27,11.39,11.68,0,0
ETC.V,D,20200208,000000,11.68,11.93,11.16,11.7,0,0
ETC.V,D,20200209,000000,11.7,12.16,11.31,11.69,0,0
ETC.V,D,20200210,000000,11.69,12.04,11.38,11.78,0,0
ETC.V,D,20200211,000000,11.78,12.13,11.59,12,0,0
ETC.V,D,20200212,000000,12,12.47,11.97,12.29,0,0
ETC.V,D,20200213,000000,12.29,13.01,11.33,11.94,0,0
ETC.V,D,20200214,000000,11.94,12.09,11.68,12.02,0,0
ETC.V,D,20200215,000000,12.02,12.08,9.806,10.45,0,0
ETC.V,D,20200216,000000,10.45,10.68,8.859,9.543,0,0
ETC.V,D,20200217,000000,9.595,9.886,8.778,9.438,0,0
ETC.V,D,20200218,000000,9.433,10.23,9.213,10,0,0
ETC.V,D,20200219,000000,10.01,10.07,8.841,9.168,0,0
ETC.V,D,20200220,000000,9.17,9.189,8.378,9.016,0,0
ETC.V,D,20200221,000000,9.007,9.882,8.803,9.298,0,0
ETC.V,D,20200222,000000,9.298,9.738,9.284,9.527,0,0
ETC.V,D,20200223,000000,9.529,9.991,9.439,9.808,0,0
ETC.V,D,20200224,000000,9.808,9.871,8.995,9.323,0,0
ETC.V,D,20200225,000000,9.323,9.468,8.926,9.306,0,0
ETC.V,D,20200226,000000,9.306,9.348,7.283,7.727,0,0
ETC.V,D,20200227,000000,7.727,8.18,7.368,7.775,0,0
ETC.V,D,20200228,000000,7.784,7.877,7.217,7.624,0,0
ETC.V,D,20200229,000000,7.623,7.699,7.37,7.445,0,0
ETC.V,D,20200301,000000,7.464,7.932,7.378,7.755,0,0
ETC.V,D,20200302,000000,7.755,8.693,7.714,8.497,0,0
ETC.V,D,20200303,000000,8.48,8.516,8.202,8.446,0,0
ETC.V,D,20200304,000000,8.446,8.677,7.69,7.96,0,0
ETC.V,D,20200305,000000,7.96,8.455,7.955,8.184,0,0
ETC.V,D,20200306,000000,8.183,8.333,7.951,8.135,0,0
ETC.V,D,20200307,000000,8.157,8.257,7.788,7.868,0,0
ETC.V,D,20200308,000000,7.868,7.885,6.29,6.766,0,0
ETC.V,D,20200309,000000,6.766,7.063,6.403,6.942,0,0
ETC.V,D,20200310,000000,6.942,7.009,6.632,6.885,0,0
ETC.V,D,20200311,000000,6.885,6.899,6.135,6.579,0,0
ETC.V,D,20200312,000000,6.579,6.654,4.258,4.527,0,0
ETC.V,D,20200313,000000,4.527,5.791,3.488,5.333,0,0
ETC.V,D,20200314,000000,5.333,5.473,4.709,4.847,0,0
ETC.V,D,20200315,000000,4.847,5.297,4.628,4.993,0,0
ETC.V,D,20200316,000000,4.988,5.084,4.044,4.369,0,0
ETC.V,D,20200317,000000,4.371,5.001,4.358,4.719,0,0
ETC.V,D,20200318,000000,4.719,4.719,4.332,4.565,0,0
ETC.V,D,20200319,000000,4.567,5.331,4.501,5.242,0,0
ETC.V,D,20200320,000000,5.243,5.515,4.456,4.883,0,0
ETC.V,D,20200321,000000,4.856,5.164,4.689,5.01,0,0
ETC.V,D,20200322,000000,5.01,5.23,4.59,4.633,0,0
ETC.V,D,20200323,000000,4.633,5.091,4.531,4.935,0,0
ETC.V,D,20200324,000000,4.935,5.202,4.887,5.091,0,0
ETC.V,D,20200325,000000,5.09,5.283,4.911,5.02,0,0
ETC.V,D,20200326,000000,5.02,5.111,4.94,5.071,0,0
ETC.V,D,20200327,000000,5.072,5.219,5.046,5.113,0,0
ETC.V,D,20200328,000000,5.112,5.112,4.658,4.799,0,0
ETC.V,D,20200329,000000,4.799,5.072,4.775,4.873,0,0
ETC.V,D,20200330,000000,4.873,5.068,4.805,5.046,0,0
ETC.V,D,20200331,000000,5.046,5.058,4.874,4.953,0,0
ETC.V,D,20200401,000000,4.952,5.053,4.822,4.989,0,0
ETC.V,D,20200402,000000,4.989,5.36,4.97,5.13,0,0
ETC.V,D,20200403,000000,5.13,5.243,4.996,5.085,0,0
ETC.V,D,20200404,000000,5.085,5.248,5.051,5.18,0,0
ETC.V,D,20200405,000000,5.181,5.198,4.94,5.032,0,0
ETC.V,D,20200406,000000,5.032,5.605,5.031,5.557,0,0
ETC.V,D,20200407,000000,5.557,5.828,5.377,5.523,0,0
ETC.V,D,20200408,000000,5.519,5.899,5.403,5.836,0,0
ETC.V,D,20200409,000000,5.836,5.934,5.57,5.869,0,0
ETC.V,D,20200410,000000,5.879,5.988,5.087,5.26,0,0
ETC.V,D,20200411,000000,5.26,5.414,5.151,5.219,0,0
ETC.V,D,20200412,000000,5.219,5.512,5.195,5.428,0,0
ETC.V,D,20200413,000000,5.428,5.443,5.04,5.187,0,0
ETC.V,D,20200414,000000,5.187,5.357,5.124,5.228,0,0
ETC.V,D,20200415,000000,5.228,5.365,5.178,5.214,0,0
ETC.V,D,20200416,000000,5.214,5.549,4.881,5.505,0,0
ETC.V,D,20200417,000000,5.505,5.572,5.335,5.396,0,0
ETC.V,D,20200418,000000,5.396,5.65,5.387,5.6,0,0
ETC.V,D,20200419,000000,5.6,5.719,5.423,5.581,0,0
ETC.V,D,20200420,000000,5.587,5.617,5.171,5.278,0,0
ETC.V,D,20200421,000000,5.277,5.337,5.136,5.24,0,0
ETC.V,D,20200422,000000,5.24,5.458,5.168,5.369,0,0
ETC.V,D,20200423,000000,5.369,5.787,5.314,5.733,0,0
ETC.V,D,20200424,000000,5.733,5.735,5.522,5.621,0,0
ETC.V,D,20200425,000000,5.621,5.867,5.543,5.712,0,0
ETC.V,D,20200426,000000,5.712,6.253,5.703,6.146,0,0
ETC.V,D,20200427,000000,6.146,6.333,5.952,6.09,0,0
ETC.V,D,20200428,000000,6.083,6.16,5.972,6.096,0,0
ETC.V,D,20200429,000000,6.096,7.042,6.096,6.806,0,0
ETC.V,D,20200430,000000,6.806,6.996,6.329,6.479,0,0
ETC.V,D,20200501,000000,6.473,6.706,6.424,6.651,0,0
ETC.V,D,20200502,000000,6.651,7.629,6.583,7.563,0,0
ETC.V,D,20200503,000000,7.588,7.636,7.044,7.252,0,0
ETC.V,D,20200504,000000,7.257,7.338,6.685,7.291,0,0
ETC.V,D,20200505,000000,7.291,7.492,7.067,7.208,0,0
ETC.V,D,20200506,000000,7.208,7.327,7.073,7.163,0,0
ETC.V,D,20200507,000000,7.165,7.221,6.818,7.1,0,0
ETC.V,D,20200508,000000,7.1,7.303,6.95,7.303,0,0
ETC.V,D,20200509,000000,7.304,7.329,7.017,7.079,0,0
ETC.V,D,20200510,000000,7.086,7.11,5.669,6.229,0,0
ETC.V,D,20200511,000000,6.229,6.327,5.644,5.969,0,0
ETC.V,D,20200512,000000,5.969,6.228,5.918,5.918,0,0
ETC.V,D,20200513,000000,5.943,6.275,5.943,6.256,0,0
ETC.V,D,20200514,000000,6.256,6.363,6.092,6.269,0,0
ETC.V,D,20200515,000000,6.274,6.698,6.099,6.518,0,0
ETC.V,D,20200516,000000,6.517,6.847,6.437,6.711,0,0
ETC.V,D,20200517,000000,6.7,6.782,6.517,6.708,0,0
ETC.V,D,20200518,000000,6.708,6.917,6.589,6.673,0,0
ETC.V,D,20200519,000000,6.673,6.728,6.55,6.633,0,0
ETC.V,D,20200520,000000,6.633,6.68,6.285,6.464,0,0
ETC.V,D,20200521,000000,6.463,6.524,5.934,6.127,0,0
ETC.V,D,20200522,000000,6.127,6.607,6.082,6.528,0,0
ETC.V,D,20200523,000000,6.533,6.627,6.389,6.597,0,0
ETC.V,D,20200524,000000,6.597,6.785,6.498,6.732,0,0
ETC.V,D,20200525,000000,6.732,6.912,6.506,6.777,0,0
ETC.V,D,20200526,000000,6.777,6.831,6.535,6.698,0,0
ETC.V,D,20200527,000000,6.698,6.828,6.665,6.677,0,0
ETC.V,D,20200528,000000,6.677,6.839,6.677,6.765,0,0
ETC.V,D,20200529,000000,6.765,7.288,6.765,7.119,0,0
ETC.V,D,20200530,000000,7.119,7.428,7.119,7.361,0,0
ETC.V,D,20200531,000000,7.361,7.536,6.729,6.913,0,0
ETC.V,D,20200601,000000,6.913,7.148,6.834,7.068,0,0
ETC.V,D,20200602,000000,7.068,7.314,6.786,6.968,0,0
ETC.V,D,20200603,000000,6.968,7.008,6.859,6.91,0,0
ETC.V,D,20200604,000000,6.91,7.035,6.812,6.909,0,0
ETC.V,D,20200605,000000,6.909,6.969,6.787,6.828,0,0
ETC.V,D,20200606,000000,6.828,6.909,6.783,6.882,0,0
ETC.V,D,20200607,000000,6.882,6.891,6.633,6.812,0,0
ETC.V,D,20200608,000000,6.812,6.903,6.74,6.901,0,0
ETC.V,D,20200609,000000,6.901,6.929,6.739,6.793,0,0
ETC.V,D,20200610,000000,6.793,6.832,6.73,6.779,0,0
ETC.V,D,20200611,000000,6.778,6.838,6.149,6.342,0,0
ETC.V,D,20200612,000000,6.342,6.489,6.213,6.42,0,0
ETC.V,D,20200613,000000,6.42,6.501,6.336,6.451,0,0
ETC.V,D,20200614,000000,6.451,6.494,6.314,6.32,0,0
ETC.V,D,20200615,000000,6.32,6.339,5.988,6.264,0,0
ETC.V,D,20200616,000000,6.264,6.312,6.183,6.236,0,0
ETC.V,D,20200617,000000,6.236,6.358,6.141,6.243,0,0
ETC.V,D,20200618,000000,6.243,6.291,6.092,6.176,0,0
ETC.V,D,20200619,000000,6.176,6.404,6.146,6.374,0,0
ETC.V,D,20200620,000000,6.376,6.391,6.157,6.25,0,0
ETC.V,D,20200621,000000,6.25,6.285,6.179,6.228,0,0
ETC.V,D,20200622,000000,6.228,6.398,6.189,6.371,0,0
ETC.V,D,20200623,000000,6.371,6.434,6.289,6.394,0,0
ETC.V,D,20200624,000000,6.394,6.513,6.133,6.197,0,0
ETC.V,D,20200625,000000,6.197,6.235,6.046,6.181,0,0
ETC.V,D,20200626,000000,6.181,6.183,5.994,6.06,0,0
ETC.V,D,20200627,000000,6.06,6.07,5.361,5.623,0,0
ETC.V,D,20200628,000000,5.624,5.83,5.553,5.742,0,0
ETC.V,D,20200629,000000,5.742,5.854,5.72,5.826,0,0
ETC.V,D,20200630,000000,5.826,5.88,5.686,5.742,0,0
ETC.V,D,20200701,000000,5.742,5.789,5.64,5.721,0,0
ETC.V,D,20200702,000000,5.72,5.789,5.563,5.644,0,0
ETC.V,D,20200703,000000,5.643,5.729,5.604,5.69,0,0
ETC.V,D,20200704,000000,5.69,5.742,5.626,5.677,0,0
ETC.V,D,20200705,000000,5.68,5.72,5.524,5.61,0,0
ETC.V,D,20200706,000000,5.61,6.116,5.61,6.051,0,0
ETC.V,D,20200707,000000,6.051,6.32,5.986,6.234,0,0
ETC.V,D,20200708,000000,6.234,6.549,6.123,6.496,0,0
ETC.V,D,20200709,000000,6.496,6.791,6.409,6.63,0,0
ETC.V,D,20200710,000000,6.63,6.676,6.265,6.345,0,0
ETC.V,D,20200711,000000,6.345,6.576,6.341,6.492,0,0
ETC.V,D,20200712,000000,6.492,6.559,6.354,6.419,0,0
ETC.V,D,20200713,000000,6.419,6.557,6.192,6.309,0,0
ETC.V,D,20200714,000000,6.309,6.314,6.174,6.277,0,0
ETC.V,D,20200715,000000,6.277,6.361,6.185,6.235,0,0
ETC.V,D,20200716,000000,6.235,6.259,5.918,6.009,0,0
ETC.V,D,20200717,000000,6.009,6.11,5.97,6.018,0,0
ETC.V,D,20200718,000000,6.033,6.117,5.957,6.087,0,0
ETC.V,D,20200719,000000,6.087,6.121,5.956,6.084,0,0
ETC.V,D,20200720,000000,6.084,6.19,6.003,6.039,0,0
ETC.V,D,20200721,000000,6.039,6.183,6.023,6.164,0,0
ETC.V,D,20200722,000000,6.164,6.293,6.101,6.254,0,0
ETC.V,D,20200723,000000,6.254,6.497,6.246,6.468,0,0
ETC.V,D,20200724,000000,6.466,6.485,6.219,6.347,0,0
ETC.V,D,20200725,000000,6.347,6.735,6.244,6.672,0,0
ETC.V,D,20200726,000000,6.676,6.891,6.49,6.625,0,0
ETC.V,D,20200727,000000,6.625,7.342,6.615,7.117,0,0
ETC.V,D,20200728,000000,7.118,7.405,6.831,7.296,0,0
ETC.V,D,20200729,000000,7.295,7.545,7.151,7.338,0,0
