<TICKER>,<PER>,<DATE>,<TIME>,<OPEN>,<HIGH>,<LOW>,<CLOSE>,<VOL>,<OPENINT>
EURS.V,D,20180823,000000,1.199,1.243,1.19,1.223,0,0
EURS.V,D,20180824,000000,1.223,1.255,1.197,1.247,0,0
EURS.V,D,20180825,000000,1.247,1.254,1.227,1.23,0,0
EURS.V,D,20180826,000000,1.23,1.23,1.138,1.158,0,0
EURS.V,D,20180827,000000,1.158,1.217,1.148,1.216,0,0
EURS.V,D,20180828,000000,1.216,1.257,1.194,1.248,0,0
EURS.V,D,20180829,000000,1.248,1.254,1.201,1.219,0,0
EURS.V,D,20180830,000000,1.219,1.228,1.15,1.2,0,0
EURS.V,D,20180831,000000,1.2,1.202,1.168,1.189,0,0
EURS.V,D,20180901,000000,1.189,1.276,1.188,1.247,0,0
EURS.V,D,20180902,000000,1.247,1.264,1.221,1.246,0,0
EURS.V,D,20180903,000000,1.246,1.25,1.207,1.22,0,0
EURS.V,D,20180904,000000,1.22,1.22,1.123,1.153,0,0
EURS.V,D,20180905,000000,1.153,1.292,1.016,1.025,0,0
EURS.V,D,20180906,000000,1.025,1.212,1.025,1.195,0,0
EURS.V,D,20180907,000000,1.196,1.219,1.114,1.12,0,0
EURS.V,D,20180908,000000,1.12,1.252,1.082,1.12,0,0
EURS.V,D,20180909,000000,1.12,1.186,1.053,1.115,0,0
EURS.V,D,20180910,000000,1.115,1.153,1.064,1.122,0,0
EURS.V,D,20180911,000000,1.122,1.133,1.001,1.054,0,0
EURS.V,D,20180912,000000,1.054,1.054,0.9536,1.041,0,0
EURS.V,D,20180913,000000,1.041,1.223,1.041,1.202,0,0
EURS.V,D,20180914,000000,1.202,1.274,1.154,1.188,0,0
EURS.V,D,20180915,000000,1.188,1.295,1.186,1.261,0,0
EURS.V,D,20180916,000000,1.261,1.271,1.183,1.252,0,0
EURS.V,D,20180917,000000,1.252,1.343,1.146,1.167,0,0
EURS.V,D,20180918,000000,1.167,1.201,1.085,1.166,0,0
EURS.V,D,20180919,000000,1.166,1.205,1.105,1.174,0,0
EURS.V,D,20180920,000000,1.174,1.279,1.157,1.256,0,0
EURS.V,D,20180921,000000,1.256,1.256,1.048,1.173,0,0
EURS.V,D,20180922,000000,1.173,1.237,1.131,1.169,0,0
EURS.V,D,20180923,000000,1.169,1.209,1.15,1.186,0,0
EURS.V,D,20180924,000000,1.186,1.241,1.137,1.151,0,0
EURS.V,D,20180925,000000,1.151,1.277,1.136,1.228,0,0
EURS.V,D,20180926,000000,1.228,1.228,1.127,1.164,0,0
EURS.V,D,20180927,000000,1.164,1.188,1.066,1.162,0,0
EURS.V,D,20180928,000000,1.162,1.187,1.091,1.124,0,0
EURS.V,D,20180929,000000,1.124,1.178,1.06,1.149,0,0
EURS.V,D,20180930,000000,1.149,1.213,1.149,1.181,0,0
EURS.V,D,20181001,000000,1.181,1.196,1.14,1.173,0,0
EURS.V,D,20181002,000000,1.173,1.185,1.138,1.153,0,0
EURS.V,D,20181003,000000,1.153,1.154,1.1,1.125,0,0
EURS.V,D,20181004,000000,1.125,1.158,1.12,1.134,0,0
EURS.V,D,20181005,000000,1.134,1.186,1.12,1.166,0,0
EURS.V,D,20181006,000000,1.166,1.18,1.152,1.161,0,0
EURS.V,D,20181007,000000,1.161,1.172,1.141,1.166,0,0
EURS.V,D,20181008,000000,1.166,1.166,1.118,1.146,0,0
EURS.V,D,20181009,000000,1.146,1.15,1.13,1.137,0,0
EURS.V,D,20181010,000000,1.137,1.137,1.113,1.126,0,0
EURS.V,D,20181011,000000,1.126,1.294,1.074,1.091,0,0
EURS.V,D,20181012,000000,1.091,1.149,1.083,1.126,0,0
EURS.V,D,20181013,000000,1.126,1.155,1.123,1.146,0,0
EURS.V,D,20181014,000000,1.146,1.157,1.106,1.119,0,0
EURS.V,D,20181015,000000,1.119,1.276,1.06,1.159,0,0
EURS.V,D,20181016,000000,1.159,1.162,1.123,1.136,0,0
EURS.V,D,20181017,000000,1.136,1.136,1.105,1.116,0,0
EURS.V,D,20181018,000000,1.116,1.126,1.077,1.089,0,0
EURS.V,D,20181019,000000,1.089,1.101,1.081,1.091,0,0
EURS.V,D,20181020,000000,1.091,1.113,1.085,1.103,0,0
EURS.V,D,20181021,000000,1.103,1.121,1.096,1.101,0,0
EURS.V,D,20181022,000000,1.101,1.107,1.089,1.095,0,0
EURS.V,D,20181023,000000,1.095,1.101,1.078,1.095,0,0
EURS.V,D,20181024,000000,1.095,1.141,1.095,1.127,0,0
EURS.V,D,20181025,000000,1.127,1.133,1.11,1.118,0,0
EURS.V,D,20181026,000000,1.118,1.148,1.114,1.13,0,0
EURS.V,D,20181027,000000,1.13,1.133,1.12,1.127,0,0
EURS.V,D,20181028,000000,1.127,1.135,1.125,1.132,0,0
EURS.V,D,20181029,000000,1.132,1.134,1.078,1.087,0,0
EURS.V,D,20181030,000000,1.087,1.095,1.079,1.09,0,0
EURS.V,D,20181031,000000,1.09,1.112,1.069,1.099,0,0
EURS.V,D,20181101,000000,1.099,1.145,1.099,1.14,0,0
EURS.V,D,20181102,000000,1.14,1.163,1.14,1.153,0,0
EURS.V,D,20181103,000000,1.153,1.155,1.133,1.145,0,0
EURS.V,D,20181104,000000,1.145,1.252,1.14,1.212,0,0
EURS.V,D,20181105,000000,1.212,1.218,1.187,1.203,0,0
EURS.V,D,20181106,000000,1.203,1.203,1.106,1.167,0,0
EURS.V,D,20181107,000000,1.167,1.189,1.151,1.159,0,0
EURS.V,D,20181108,000000,1.159,1.167,1.122,1.123,0,0
EURS.V,D,20181109,000000,1.123,1.135,1.103,1.113,0,0
EURS.V,D,20181110,000000,1.113,1.141,1.111,1.126,0,0
EURS.V,D,20181111,000000,1.126,1.13,1.098,1.125,0,0
EURS.V,D,20181112,000000,1.125,1.133,1.111,1.12,0,0
EURS.V,D,20181113,000000,1.12,1.126,1.098,1.102,0,0
EURS.V,D,20181114,000000,1.102,1.286,1.059,1.128,0,0
EURS.V,D,20181115,000000,1.128,1.178,1.069,1.151,0,0
EURS.V,D,20181116,000000,1.152,1.157,1.083,1.109,0,0
EURS.V,D,20181117,000000,1.109,1.115,1.095,1.105,0,0
EURS.V,D,20181118,000000,1.105,1.15,1.104,1.126,0,0
EURS.V,D,20181119,000000,1.126,1.348,1.1,1.125,0,0
EURS.V,D,20181120,000000,1.125,1.218,0.9954,1.046,0,0
EURS.V,D,20181121,000000,1.046,1.152,1.028,1.127,0,0
EURS.V,D,20181122,000000,1.127,1.143,1.022,1.03,0,0
EURS.V,D,20181123,000000,1.03,1.156,1.03,1.122,0,0
EURS.V,D,20181124,000000,1.122,1.167,0.9968,1.025,0,0
EURS.V,D,20181125,000000,1.025,1.146,0.9595,1.11,0,0
EURS.V,D,20181126,000000,1.109,1.238,1.089,1.13,0,0
EURS.V,D,20181127,000000,1.13,1.149,1.023,1.118,0,0
EURS.V,D,20181128,000000,1.119,1.212,1.054,1.176,0,0
EURS.V,D,20181129,000000,1.176,1.202,1.107,1.139,0,0
EURS.V,D,20181130,000000,1.139,1.197,1.103,1.125,0,0
EURS.V,D,20181201,000000,1.125,1.21,1.105,1.182,0,0
EURS.V,D,20181202,000000,1.182,1.207,1.15,1.156,0,0
EURS.V,D,20181203,000000,1.156,1.219,1.11,1.134,0,0
EURS.V,D,20181204,000000,1.134,1.191,1.106,1.151,0,0
EURS.V,D,20181205,000000,1.151,1.201,1.101,1.105,0,0
EURS.V,D,20181206,000000,1.105,1.158,1.002,1.006,0,0
EURS.V,D,20181207,000000,1.006,1.134,0.9521,1.086,0,0
EURS.V,D,20181208,000000,1.086,1.178,1.013,1.093,0,0
EURS.V,D,20181209,000000,1.093,1.179,1.05,1.109,0,0
EURS.V,D,20181210,000000,1.109,1.13,1.044,1.066,0,0
EURS.V,D,20181211,000000,1.066,1.087,1.013,1.035,0,0
EURS.V,D,20181212,000000,1.035,1.136,1.035,1.11,0,0
EURS.V,D,20181213,000000,1.11,1.12,1.038,1.059,0,0
EURS.V,D,20181214,000000,1.059,1.168,1.059,1.126,0,0
EURS.V,D,20181215,000000,1.126,1.127,1.085,1.114,0,0
EURS.V,D,20181216,000000,1.114,1.172,1.113,1.129,0,0
EURS.V,D,20181217,000000,1.129,1.13,0.9747,1.096,0,0
EURS.V,D,20181218,000000,1.096,1.147,1.032,1.137,0,0
EURS.V,D,20181219,000000,1.137,1.209,1.105,1.114,0,0
EURS.V,D,20181220,000000,1.114,1.17,0.982,1.146,0,0
EURS.V,D,20181221,000000,1.146,1.222,1.082,1.108,0,0
EURS.V,D,20181222,000000,1.108,1.233,1.108,1.231,0,0
EURS.V,D,20181223,000000,1.231,1.231,1.007,1.12,0,0
EURS.V,D,20181224,000000,1.12,1.372,1.119,1.199,0,0
EURS.V,D,20181225,000000,1.199,1.207,1.055,1.115,0,0
EURS.V,D,20181226,000000,1.115,1.194,1.078,1.138,0,0
EURS.V,D,20181227,000000,1.138,1.283,1.098,1.118,0,0
EURS.V,D,20181228,000000,1.118,1.351,1.105,1.338,0,0
EURS.V,D,20181229,000000,1.338,1.438,1.287,1.315,0,0
EURS.V,D,20181230,000000,1.315,1.366,1.264,1.353,0,0
EURS.V,D,20181231,000000,1.353,1.353,1.075,1.096,0,0
EURS.V,D,20190101,000000,1.096,1.185,1.087,1.172,0,0
EURS.V,D,20190102,000000,1.172,1.315,1.163,1.286,0,0
EURS.V,D,20190103,000000,1.286,1.286,1.112,1.149,0,0
EURS.V,D,20190104,000000,1.149,1.192,1.106,1.171,0,0
EURS.V,D,20190105,000000,1.171,1.228,1.161,1.173,0,0
EURS.V,D,20190106,000000,1.173,1.224,1.129,1.19,0,0
EURS.V,D,20190107,000000,1.19,1.202,1.127,1.141,0,0
EURS.V,D,20190108,000000,1.141,1.164,1.109,1.134,0,0
EURS.V,D,20190109,000000,1.134,1.184,1.126,1.135,0,0
EURS.V,D,20190110,000000,1.135,1.146,0.9311,0.9603,0,0
EURS.V,D,20190111,000000,0.9603,1.177,0.9603,1.15,0,0
EURS.V,D,20190112,000000,1.15,1.163,1.128,1.138,0,0
EURS.V,D,20190113,000000,1.138,1.144,1.038,1.055,0,0
EURS.V,D,20190114,000000,1.055,1.267,1.055,1.238,0,0
EURS.V,D,20190115,000000,1.238,1.257,1.128,1.156,0,0
EURS.V,D,20190116,000000,1.156,1.23,1.149,1.175,0,0
EURS.V,D,20190117,000000,1.175,1.192,1.129,1.18,0,0
EURS.V,D,20190118,000000,1.18,1.183,1.139,1.15,0,0
EURS.V,D,20190119,000000,1.15,1.227,1.15,1.191,0,0
EURS.V,D,20190120,000000,1.191,1.191,1.056,1.107,0,0
EURS.V,D,20190121,000000,1.107,1.115,1.07,1.091,0,0
EURS.V,D,20190122,000000,1.091,1.166,1.083,1.151,0,0
EURS.V,D,20190123,000000,1.151,1.16,1.121,1.136,0,0
EURS.V,D,20190124,000000,1.136,1.146,1.108,1.137,0,0
EURS.V,D,20190125,000000,1.137,1.144,1.113,1.12,0,0
EURS.V,D,20190126,000000,1.12,1.153,1.118,1.124,0,0
EURS.V,D,20190127,000000,1.124,1.131,1.078,1.085,0,0
EURS.V,D,20190128,000000,1.085,1.19,1.071,1.118,0,0
EURS.V,D,20190129,000000,1.118,1.122,1.082,1.101,0,0
EURS.V,D,20190130,000000,1.101,1.161,1.09,1.146,0,0
EURS.V,D,20190131,000000,1.146,1.174,1.111,1.123,0,0
EURS.V,D,20190201,000000,1.123,1.155,1.106,1.137,0,0
EURS.V,D,20190202,000000,1.137,1.189,1.128,1.179,0,0
EURS.V,D,20190203,000000,1.179,1.189,1.124,1.139,0,0
EURS.V,D,20190204,000000,1.139,1.158,1.13,1.135,0,0
EURS.V,D,20190205,000000,1.135,1.14,1.124,1.136,0,0
EURS.V,D,20190206,000000,1.136,1.14,1.075,1.11,0,0
EURS.V,D,20190207,000000,1.11,1.126,1.101,1.108,0,0
EURS.V,D,20190208,000000,1.108,1.309,1.099,1.269,0,0
EURS.V,D,20190209,000000,1.269,1.291,1.248,1.269,0,0
EURS.V,D,20190210,000000,1.269,1.269,1.115,1.204,0,0
EURS.V,D,20190211,000000,1.204,1.204,1.147,1.157,0,0
EURS.V,D,20190212,000000,1.157,1.191,1.133,1.175,0,0
EURS.V,D,20190213,000000,1.175,1.215,1.161,1.172,0,0
EURS.V,D,20190214,000000,1.172,1.196,1.151,1.158,0,0
EURS.V,D,20190215,000000,1.158,1.196,1.156,1.169,0,0
EURS.V,D,20190216,000000,1.169,1.201,1.169,1.181,0,0
EURS.V,D,20190217,000000,1.181,1.306,1.18,1.287,0,0
EURS.V,D,20190218,000000,1.287,1.287,1.054,1.161,0,0
EURS.V,D,20190219,000000,1.161,1.198,1.14,1.144,0,0
EURS.V,D,20190220,000000,1.144,1.191,1.12,1.182,0,0
EURS.V,D,20190221,000000,1.182,1.182,1.083,1.104,0,0
EURS.V,D,20190222,000000,1.104,1.131,1.088,1.124,0,0
EURS.V,D,20190223,000000,1.124,1.158,1.055,1.143,0,0
EURS.V,D,20190224,000000,1.143,1.203,0.9551,0.957,0,0
EURS.V,D,20190225,000000,0.957,1.022,0.9555,0.9972,0,0
EURS.V,D,20190226,000000,0.9972,1,0.9645,0.9836,0,0
EURS.V,D,20190227,000000,0.9836,1.016,0.9161,0.9751,0,0
EURS.V,D,20190228,000000,0.9751,1.009,0.9613,0.9776,0,0
EURS.V,D,20190301,000000,0.9776,0.9975,0.9733,0.9766,0,0
EURS.V,D,20190302,000000,0.9766,0.9813,0.9406,0.9598,0,0
EURS.V,D,20190303,000000,0.9598,0.9754,0.9245,0.9412,0,0
EURS.V,D,20190304,000000,0.9412,0.9449,0.8892,0.9069,0,0
EURS.V,D,20190305,000000,0.9069,0.997,0.9042,0.9894,0,0
EURS.V,D,20190306,000000,0.9894,1.016,0.9662,0.9934,0,0
EURS.V,D,20190307,000000,0.9934,1.012,0.9754,0.9874,0,0
EURS.V,D,20190308,000000,0.9874,1.008,0.944,0.9642,0,0
EURS.V,D,20190309,000000,0.9642,1.003,0.9593,0.9916,0,0
EURS.V,D,20190310,000000,0.9916,0.9937,0.9689,0.9781,0,0
EURS.V,D,20190311,000000,0.9781,0.9835,0.9465,0.9579,0,0
EURS.V,D,20190312,000000,0.9579,0.977,0.9263,0.9638,0,0
EURS.V,D,20190313,000000,0.9638,0.9642,0.944,0.9535,0,0
EURS.V,D,20190314,000000,0.9535,0.979,0.9346,0.9532,0,0
EURS.V,D,20190315,000000,0.9532,0.9964,0.953,0.9872,0,0
EURS.V,D,20190316,000000,0.9872,1.181,0.9872,1.146,0,0
EURS.V,D,20190317,000000,1.146,1.147,1.118,1.131,0,0
EURS.V,D,20190318,000000,1.131,1.156,1.11,1.121,0,0
EURS.V,D,20190319,000000,1.121,1.134,1.115,1.129,0,0
EURS.V,D,20190320,000000,1.129,1.139,1.106,1.135,0,0
EURS.V,D,20190321,000000,1.135,1.138,1.081,1.097,0,0
EURS.V,D,20190322,000000,1.097,1.117,1.093,1.107,0,0
EURS.V,D,20190323,000000,1.107,1.122,1.104,1.115,0,0
EURS.V,D,20190324,000000,1.115,1.115,1.093,1.102,0,0
EURS.V,D,20190325,000000,1.102,1.108,1.066,1.084,0,0
EURS.V,D,20190326,000000,1.084,1.119,1.084,1.114,0,0
EURS.V,D,20190327,000000,1.114,1.129,1.078,1.126,0,0
EURS.V,D,20190328,000000,1.126,1.126,1.105,1.112,0,0
EURS.V,D,20190329,000000,1.112,1.126,1.075,1.125,0,0
EURS.V,D,20190330,000000,1.125,1.145,1.099,1.115,0,0
EURS.V,D,20190331,000000,1.115,1.128,1.112,1.12,0,0
EURS.V,D,20190401,000000,1.12,1.123,1.093,1.107,0,0
EURS.V,D,20190402,000000,1.107,1.121,0.9459,1.102,0,0
EURS.V,D,20190403,000000,1.102,1.237,1.052,1.108,0,0
EURS.V,D,20190404,000000,1.108,1.158,1.084,1.111,0,0
EURS.V,D,20190405,000000,1.111,1.13,1.049,1.113,0,0
EURS.V,D,20190406,000000,1.113,1.158,1.073,1.109,0,0
EURS.V,D,20190407,000000,1.109,1.127,1.048,1.115,0,0
EURS.V,D,20190408,000000,1.115,1.158,1.08,1.119,0,0
EURS.V,D,20190409,000000,1.119,1.132,1.094,1.102,0,0
EURS.V,D,20190410,000000,1.102,1.174,1.077,1.122,0,0
EURS.V,D,20190411,000000,1.122,1.193,1.08,1.11,0,0
EURS.V,D,20190412,000000,1.11,1.138,1.086,1.117,0,0
EURS.V,D,20190413,000000,1.117,1.138,1.111,1.125,0,0
EURS.V,D,20190414,000000,1.125,1.127,1.078,1.12,0,0
EURS.V,D,20190415,000000,1.12,1.181,1.085,1.113,0,0
EURS.V,D,20190416,000000,1.113,1.133,1.074,1.124,0,0
EURS.V,D,20190417,000000,1.124,1.134,1.108,1.121,0,0
EURS.V,D,20190418,000000,1.121,1.137,1.073,1.124,0,0
EURS.V,D,20190419,000000,1.124,1.128,1.096,1.124,0,0
EURS.V,D,20190420,000000,1.124,1.155,1.109,1.127,0,0
EURS.V,D,20190421,000000,1.127,1.158,1.105,1.129,0,0
EURS.V,D,20190422,000000,1.129,1.129,1.087,1.108,0,0
EURS.V,D,20190423,000000,1.108,1.151,1.097,1.106,0,0
EURS.V,D,20190424,000000,1.106,1.174,1.103,1.138,0,0
EURS.V,D,20190425,000000,1.138,1.192,1.064,1.094,0,0
EURS.V,D,20190426,000000,1.094,1.138,1.074,1.123,0,0
EURS.V,D,20190427,000000,1.123,1.135,1.091,1.114,0,0
EURS.V,D,20190428,000000,1.117,1.141,1.114,1.121,0,0
EURS.V,D,20190429,000000,1.121,1.144,1.096,1.127,0,0
EURS.V,D,20190430,000000,1.127,1.148,1.089,1.142,0,0
EURS.V,D,20190501,000000,1.142,1.16,1.112,1.122,0,0
EURS.V,D,20190502,000000,1.122,1.122,1.087,1.107,0,0
EURS.V,D,20190503,000000,1.107,1.148,1.062,1.114,0,0
EURS.V,D,20190504,000000,1.114,1.169,1.089,1.114,0,0
EURS.V,D,20190505,000000,1.114,1.121,1.079,1.112,0,0
EURS.V,D,20190506,000000,1.112,1.15,1.033,1.117,0,0
EURS.V,D,20190507,000000,1.117,1.193,1.093,1.097,0,0
EURS.V,D,20190508,000000,1.097,1.126,1.067,1.11,0,0
EURS.V,D,20190509,000000,1.11,1.139,1.088,1.116,0,0
EURS.V,D,20190510,000000,1.116,1.145,1.093,1.119,0,0
EURS.V,D,20190511,000000,1.119,1.135,0.951,1.061,0,0
EURS.V,D,20190512,000000,1.061,1.219,1.061,1.129,0,0
EURS.V,D,20190513,000000,1.129,1.177,1.052,1.109,0,0
EURS.V,D,20190514,000000,1.109,1.126,0.9963,1.11,0,0
EURS.V,D,20190515,000000,1.11,1.126,0.9769,1.119,0,0
EURS.V,D,20190516,000000,1.119,1.214,1.052,1.147,0,0
EURS.V,D,20190517,000000,1.147,1.285,1.074,1.17,0,0
EURS.V,D,20190518,000000,1.17,1.17,1.081,1.093,0,0
EURS.V,D,20190519,000000,1.093,1.14,1.002,1.124,0,0
EURS.V,D,20190520,000000,1.124,1.152,1.057,1.114,0,0
EURS.V,D,20190521,000000,1.114,1.142,1.072,1.103,0,0
EURS.V,D,20190522,000000,1.106,1.197,1.102,1.115,0,0
EURS.V,D,20190523,000000,1.115,1.118,1.041,1.106,0,0
EURS.V,D,20190524,000000,1.106,1.122,1.064,1.095,0,0
EURS.V,D,20190525,000000,1.095,1.138,1.094,1.108,0,0
EURS.V,D,20190526,000000,1.108,1.153,1.044,1.138,0,0
EURS.V,D,20190527,000000,1.138,1.16,1.096,1.127,0,0
EURS.V,D,20190528,000000,1.127,1.134,1.089,1.114,0,0
EURS.V,D,20190529,000000,1.114,1.134,1.078,1.114,0,0
EURS.V,D,20190530,000000,1.114,1.269,1.053,1.118,0,0
EURS.V,D,20190531,000000,1.118,1.145,1.046,1.141,0,0
EURS.V,D,20190601,000000,1.141,1.153,1.094,1.109,0,0
EURS.V,D,20190602,000000,1.109,1.148,1.106,1.129,0,0
EURS.V,D,20190603,000000,1.129,1.202,1.1,1.112,0,0
EURS.V,D,20190604,000000,1.112,1.177,1.096,1.13,0,0
EURS.V,D,20190605,000000,1.13,1.132,1.081,1.119,0,0
EURS.V,D,20190606,000000,1.119,1.13,1.061,1.122,0,0
EURS.V,D,20190607,000000,1.122,1.145,1.104,1.124,0,0
EURS.V,D,20190608,000000,1.124,1.162,1.12,1.132,0,0
EURS.V,D,20190609,000000,1.132,1.192,1.102,1.126,0,0
EURS.V,D,20190610,000000,1.126,1.141,1.047,1.14,0,0
EURS.V,D,20190611,000000,1.14,1.148,1.096,1.13,0,0
EURS.V,D,20190612,000000,1.13,1.142,1.054,1.141,0,0
EURS.V,D,20190613,000000,1.141,1.162,1.116,1.12,0,0
EURS.V,D,20190614,000000,1.12,1.123,1.064,1.114,0,0
EURS.V,D,20190615,000000,1.114,1.147,1.099,1.13,0,0
EURS.V,D,20190616,000000,1.13,1.171,1.107,1.127,0,0
EURS.V,D,20190617,000000,1.127,1.13,1.097,1.123,0,0
EURS.V,D,20190618,000000,1.123,1.17,1.115,1.129,0,0
EURS.V,D,20190619,000000,1.129,1.129,1.102,1.124,0,0
EURS.V,D,20190620,000000,1.124,1.158,1.124,1.148,0,0
EURS.V,D,20190621,000000,1.148,1.152,1.055,1.148,0,0
EURS.V,D,20190622,000000,1.148,1.164,1.084,1.143,0,0
EURS.V,D,20190623,000000,1.143,1.155,1.104,1.112,0,0
EURS.V,D,20190624,000000,1.112,1.156,1.084,1.147,0,0
EURS.V,D,20190625,000000,1.147,1.175,1.135,1.173,0,0
EURS.V,D,20190626,000000,1.173,1.244,1.075,1.142,0,0
EURS.V,D,20190627,000000,1.142,1.331,1.069,1.143,0,0
EURS.V,D,20190628,000000,1.143,1.161,1.08,1.15,0,0
EURS.V,D,20190629,000000,1.15,1.165,1.049,1.141,0,0
EURS.V,D,20190630,000000,1.141,1.274,1.13,1.142,0,0
EURS.V,D,20190701,000000,1.142,1.169,1.077,1.14,0,0
EURS.V,D,20190702,000000,1.14,1.156,1.059,1.137,0,0
EURS.V,D,20190703,000000,1.137,1.137,1.075,1.121,0,0
EURS.V,D,20190704,000000,1.121,1.204,1.111,1.122,0,0
EURS.V,D,20190705,000000,1.122,1.135,1.079,1.107,0,0
EURS.V,D,20190706,000000,1.107,1.166,1.107,1.126,0,0
EURS.V,D,20190707,000000,1.126,1.129,1.033,1.113,0,0
EURS.V,D,20190708,000000,1.113,1.132,1.088,1.126,0,0
EURS.V,D,20190709,000000,1.126,1.166,1.111,1.128,0,0
EURS.V,D,20190710,000000,1.128,1.228,1.099,1.127,0,0
EURS.V,D,20190711,000000,1.127,1.212,1.105,1.128,0,0
EURS.V,D,20190712,000000,1.128,1.128,1.069,1.105,0,0
EURS.V,D,20190713,000000,1.105,1.143,1.085,1.114,0,0
EURS.V,D,20190714,000000,1.114,1.313,1.086,1.101,0,0
EURS.V,D,20190715,000000,1.101,1.13,0.9774,1.095,0,0
EURS.V,D,20190716,000000,1.095,1.316,1.073,1.116,0,0
EURS.V,D,20190717,000000,1.116,1.158,1.014,1.113,0,0
EURS.V,D,20190718,000000,1.113,1.131,1.016,1.113,0,0
EURS.V,D,20190719,000000,1.113,1.16,1.096,1.133,0,0
EURS.V,D,20190720,000000,1.133,1.144,1.069,1.11,0,0
EURS.V,D,20190721,000000,1.11,1.142,1.081,1.12,0,0
EURS.V,D,20190722,000000,1.12,1.163,1.081,1.108,0,0
EURS.V,D,20190723,000000,1.108,1.135,1.08,1.099,0,0
EURS.V,D,20190724,000000,1.099,1.127,1.04,1.119,0,0
EURS.V,D,20190725,000000,1.119,1.128,1.079,1.097,0,0
EURS.V,D,20190726,000000,1.097,1.12,1.08,1.112,0,0
EURS.V,D,20190727,000000,1.112,1.197,1.084,1.108,0,0
EURS.V,D,20190728,000000,1.108,1.111,1.031,1.1,0,0
EURS.V,D,20190729,000000,1.1,1.133,1.087,1.111,0,0
EURS.V,D,20190730,000000,1.111,1.138,1.086,1.114,0,0
EURS.V,D,20190731,000000,1.114,1.114,1.065,1.11,0,0
EURS.V,D,20190801,000000,1.11,1.11,1.065,1.098,0,0
EURS.V,D,20190802,000000,1.098,1.135,1.096,1.11,0,0
EURS.V,D,20190803,000000,1.11,1.127,1.085,1.114,0,0
EURS.V,D,20190804,000000,1.114,1.114,1.082,1.108,0,0
EURS.V,D,20190805,000000,1.108,1.123,1.057,1.106,0,0
EURS.V,D,20190806,000000,1.106,1.184,1.101,1.117,0,0
EURS.V,D,20190807,000000,1.117,1.141,1.091,1.116,0,0
EURS.V,D,20190808,000000,1.116,1.146,1.088,1.119,0,0
EURS.V,D,20190809,000000,1.119,1.173,1.096,1.114,0,0
EURS.V,D,20190810,000000,1.114,1.173,1.098,1.127,0,0
EURS.V,D,20190811,000000,1.127,1.127,1.069,1.123,0,0
EURS.V,D,20190812,000000,1.123,1.146,1.11,1.118,0,0
EURS.V,D,20190813,000000,1.118,1.128,1.086,1.114,0,0
EURS.V,D,20190814,000000,1.114,1.237,1.08,1.102,0,0
EURS.V,D,20190815,000000,1.102,1.104,1.01,1.094,0,0
EURS.V,D,20190816,000000,1.094,1.111,1.055,1.095,0,0
EURS.V,D,20190817,000000,1.095,1.1,1.071,1.092,0,0
EURS.V,D,20190818,000000,1.092,1.107,1.025,1.088,0,0
EURS.V,D,20190819,000000,1.088,1.112,1.055,1.106,0,0
EURS.V,D,20190820,000000,1.106,1.128,1.083,1.093,0,0
EURS.V,D,20190821,000000,1.093,1.179,1.078,1.12,0,0
EURS.V,D,20190822,000000,1.12,1.12,1.046,1.091,0,0
EURS.V,D,20190823,000000,1.091,1.114,1.07,1.103,0,0
EURS.V,D,20190824,000000,1.103,1.158,1.103,1.136,0,0
EURS.V,D,20190825,000000,1.136,1.136,1.077,1.097,0,0
EURS.V,D,20190826,000000,1.097,1.142,1.093,1.108,0,0
EURS.V,D,20190827,000000,1.108,1.122,1.097,1.111,0,0
EURS.V,D,20190828,000000,1.111,1.175,1.04,1.081,0,0
EURS.V,D,20190829,000000,1.081,1.115,1.055,1.085,0,0
EURS.V,D,20190830,000000,1.085,1.123,1.085,1.11,0,0
EURS.V,D,20190831,000000,1.11,1.154,1.096,1.135,0,0
EURS.V,D,20190901,000000,1.135,1.135,1.082,1.102,0,0
EURS.V,D,20190902,000000,1.102,1.137,1.07,1.12,0,0
EURS.V,D,20190903,000000,1.12,1.123,1.073,1.099,0,0
EURS.V,D,20190904,000000,1.099,1.133,1.093,1.099,0,0
EURS.V,D,20190905,000000,1.099,1.112,1.076,1.103,0,0
EURS.V,D,20190906,000000,1.103,1.158,1.075,1.1,0,0
EURS.V,D,20190907,000000,1.1,1.114,1.037,1.096,0,0
EURS.V,D,20190908,000000,1.096,1.126,1.08,1.108,0,0
EURS.V,D,20190909,000000,1.108,1.125,1.068,1.095,0,0
EURS.V,D,20190910,000000,1.095,1.131,1.085,1.104,0,0
EURS.V,D,20190911,000000,1.104,1.124,1.076,1.1,0,0
EURS.V,D,20190912,000000,1.1,1.127,1.09,1.117,0,0
EURS.V,D,20190913,000000,1.117,1.117,1.079,1.102,0,0
EURS.V,D,20190914,000000,1.102,1.102,1.05,1.099,0,0
EURS.V,D,20190915,000000,1.099,1.108,1.081,1.099,0,0
EURS.V,D,20190916,000000,1.099,1.11,1.048,1.099,0,0
EURS.V,D,20190917,000000,1.099,1.112,1.015,1.075,0,0
EURS.V,D,20190918,000000,1.075,1.122,1.073,1.086,0,0
EURS.V,D,20190919,000000,1.086,1.124,1.016,1.11,0,0
EURS.V,D,20190920,000000,1.11,1.127,1.078,1.107,0,0
EURS.V,D,20190921,000000,1.107,1.132,1.093,1.1,0,0
EURS.V,D,20190922,000000,1.1,1.125,1.077,1.102,0,0
EURS.V,D,20190923,000000,1.102,1.154,1.082,1.095,0,0
EURS.V,D,20190924,000000,1.095,1.331,1.023,1.093,0,0
EURS.V,D,20190925,000000,1.093,1.143,1.061,1.11,0,0
EURS.V,D,20190926,000000,1.11,1.138,1.016,1.104,0,0
EURS.V,D,20190927,000000,1.104,1.122,1.022,1.103,0,0
EURS.V,D,20190928,000000,1.103,1.106,1.061,1.094,0,0
EURS.V,D,20190929,000000,1.094,1.152,1.084,1.116,0,0
EURS.V,D,20190930,000000,1.116,1.116,0.9978,1.094,0,0
EURS.V,D,20191001,000000,1.094,1.155,1.08,1.095,0,0
EURS.V,D,20191002,000000,1.095,1.104,1.059,1.099,0,0
EURS.V,D,20191003,000000,1.099,1.146,1.075,1.107,0,0
EURS.V,D,20191004,000000,1.107,1.12,1.068,1.098,0,0
EURS.V,D,20191005,000000,1.098,1.107,1.078,1.104,0,0
EURS.V,D,20191006,000000,1.104,1.165,1.104,1.119,0,0
EURS.V,D,20191007,000000,1.119,1.119,1.029,1.099,0,0
EURS.V,D,20191008,000000,1.099,1.132,1.086,1.106,0,0
EURS.V,D,20191009,000000,1.106,1.115,1.021,1.101,0,0
EURS.V,D,20191010,000000,1.101,1.119,1.078,1.101,0,0
EURS.V,D,20191011,000000,1.101,1.192,1.086,1.093,0,0
EURS.V,D,20191012,000000,1.093,1.139,1.093,1.109,0,0
EURS.V,D,20191013,000000,1.109,1.129,1.094,1.107,0,0
EURS.V,D,20191014,000000,1.107,1.116,1.075,1.111,0,0
EURS.V,D,20191015,000000,1.111,1.167,1.099,1.119,0,0
EURS.V,D,20191016,000000,1.119,1.145,1.088,1.104,0,0
EURS.V,D,20191017,000000,1.104,1.135,1.095,1.124,0,0
EURS.V,D,20191018,000000,1.124,1.138,1.08,1.11,0,0
EURS.V,D,20191019,000000,1.11,1.141,1.108,1.122,0,0
EURS.V,D,20191020,000000,1.122,1.126,1.08,1.119,0,0
EURS.V,D,20191021,000000,1.119,1.143,1.104,1.12,0,0
EURS.V,D,20191022,000000,1.12,1.134,1.104,1.108,0,0
EURS.V,D,20191023,000000,1.108,1.2,1.076,1.137,0,0
EURS.V,D,20191024,000000,1.137,1.137,1.099,1.112,0,0
EURS.V,D,20191025,000000,1.112,1.154,0.9891,1.117,0,0
EURS.V,D,20191026,000000,1.117,1.226,1.075,1.112,0,0
EURS.V,D,20191027,000000,1.112,1.138,1.066,1.11,0,0
EURS.V,D,20191028,000000,1.11,1.149,1.095,1.101,0,0
EURS.V,D,20191029,000000,1.101,1.14,1.073,1.128,0,0
EURS.V,D,20191030,000000,1.128,1.171,1.099,1.118,0,0
EURS.V,D,20191031,000000,1.118,1.141,1.095,1.123,0,0
EURS.V,D,20191101,000000,1.123,1.127,1.083,1.118,0,0
EURS.V,D,20191102,000000,1.118,1.129,1.106,1.113,0,0
EURS.V,D,20191103,000000,1.113,1.138,1.102,1.118,0,0
EURS.V,D,20191104,000000,1.118,1.135,1.083,1.117,0,0
EURS.V,D,20191105,000000,1.117,1.117,1.057,1.093,0,0
EURS.V,D,20191106,000000,1.093,1.127,1.089,1.108,0,0
EURS.V,D,20191107,000000,1.108,1.135,1.09,1.102,0,0
EURS.V,D,20191108,000000,1.102,1.133,1.09,1.107,0,0
EURS.V,D,20191109,000000,1.107,1.108,1.091,1.105,0,0
EURS.V,D,20191110,000000,1.105,1.107,1.059,1.092,0,0
EURS.V,D,20191111,000000,1.092,1.124,1.087,1.091,0,0
EURS.V,D,20191112,000000,1.091,1.101,1.072,1.099,0,0
EURS.V,D,20191113,000000,1.099,1.11,1.085,1.101,0,0
EURS.V,D,20191114,000000,1.101,1.113,1.079,1.089,0,0
EURS.V,D,20191115,000000,1.089,1.144,1.088,1.103,0,0
EURS.V,D,20191116,000000,1.103,1.125,1.099,1.119,0,0
EURS.V,D,20191117,000000,1.119,1.143,1.106,1.129,0,0
EURS.V,D,20191118,000000,1.129,1.149,1.091,1.111,0,0
EURS.V,D,20191119,000000,1.111,1.123,1.089,1.108,0,0
EURS.V,D,20191120,000000,1.108,1.124,1.099,1.106,0,0
EURS.V,D,20191121,000000,1.106,1.209,1.077,1.109,0,0
EURS.V,D,20191122,000000,1.109,1.191,1.012,1.098,0,0
EURS.V,D,20191123,000000,1.098,1.116,1.059,1.1,0,0
EURS.V,D,20191124,000000,1.1,1.167,1.06,1.069,0,0
EURS.V,D,20191125,000000,1.069,1.208,1.053,1.163,0,0
EURS.V,D,20191126,000000,1.163,1.163,1.093,1.123,0,0
EURS.V,D,20191127,000000,1.123,1.123,1.012,1.095,0,0
EURS.V,D,20191128,000000,1.095,1.135,1.095,1.108,0,0
EURS.V,D,20191129,000000,1.108,1.108,1.058,1.087,0,0
EURS.V,D,20191130,000000,1.087,1.092,1.054,1.068,0,0
EURS.V,D,20191201,000000,1.068,1.135,1.068,1.124,0,0
EURS.V,D,20191202,000000,1.124,1.124,1.073,1.087,0,0
EURS.V,D,20191203,000000,1.087,1.125,1.087,1.106,0,0
EURS.V,D,20191204,000000,1.106,1.129,1.062,1.077,0,0
EURS.V,D,20191205,000000,1.077,1.131,1.077,1.124,0,0
EURS.V,D,20191206,000000,1.124,1.127,1.101,1.121,0,0
EURS.V,D,20191207,000000,1.121,1.121,1.1,1.101,0,0
EURS.V,D,20191208,000000,1.101,1.134,1.094,1.125,0,0
EURS.V,D,20191209,000000,1.125,1.129,1.095,1.1,0,0
EURS.V,D,20191210,000000,1.1,1.118,1.087,1.099,0,0
EURS.V,D,20191211,000000,1.099,1.126,1.095,1.103,0,0
EURS.V,D,20191212,000000,1.103,1.13,1.08,1.122,0,0
EURS.V,D,20191213,000000,1.122,1.126,1.11,1.123,0,0
EURS.V,D,20191214,000000,1.123,1.131,1.102,1.106,0,0
EURS.V,D,20191215,000000,1.106,1.122,1.093,1.111,0,0
EURS.V,D,20191216,000000,1.111,1.204,1.094,1.117,0,0
EURS.V,D,20191217,000000,1.117,1.213,1.095,1.115,0,0
EURS.V,D,20191218,000000,1.115,1.119,0.9687,1.105,0,0
EURS.V,D,20191219,000000,1.105,1.17,1.099,1.119,0,0
EURS.V,D,20191220,000000,1.119,1.119,1.083,1.105,0,0
EURS.V,D,20191221,000000,1.105,1.106,1.091,1.096,0,0
EURS.V,D,20191222,000000,1.096,1.113,1.063,1.106,0,0
EURS.V,D,20191223,000000,1.106,1.153,1.077,1.091,0,0
EURS.V,D,20191224,000000,1.091,1.119,1.091,1.105,0,0
EURS.V,D,20191225,000000,1.105,1.106,1.067,1.08,0,0
EURS.V,D,20191226,000000,1.08,1.142,1.074,1.085,0,0
EURS.V,D,20191227,000000,1.085,1.117,1.078,1.113,0,0
EURS.V,D,20191228,000000,1.113,1.122,1.09,1.108,0,0
EURS.V,D,20191229,000000,1.108,1.193,1.103,1.163,0,0
EURS.V,D,20191230,000000,1.163,1.177,1.126,1.136,0,0
EURS.V,D,20191231,000000,1.136,1.154,1.107,1.115,0,0
EURS.V,D,20200101,000000,1.115,1.149,1.111,1.129,0,0
EURS.V,D,20200102,000000,1.129,1.129,1.082,1.088,0,0
EURS.V,D,20200103,000000,1.088,1.128,1.053,1.122,0,0
EURS.V,D,20200104,000000,1.122,1.126,1.1,1.113,0,0
EURS.V,D,20200105,000000,1.113,1.147,1.112,1.122,0,0
EURS.V,D,20200106,000000,1.122,1.125,1.052,1.124,0,0
EURS.V,D,20200107,000000,1.124,1.127,1.079,1.111,0,0
EURS.V,D,20200108,000000,1.111,1.184,1.097,1.125,0,0
EURS.V,D,20200109,000000,1.125,1.13,1.082,1.101,0,0
EURS.V,D,20200110,000000,1.101,1.111,1.037,1.109,0,0
EURS.V,D,20200111,000000,1.109,1.121,1.077,1.081,0,0
EURS.V,D,20200112,000000,1.081,1.122,1.081,1.122,0,0
EURS.V,D,20200113,000000,1.122,1.13,1.093,1.104,0,0
EURS.V,D,20200114,000000,1.104,1.168,0.9855,1.138,0,0
EURS.V,D,20200115,000000,1.138,1.144,1.062,1.109,0,0
EURS.V,D,20200116,000000,1.109,1.115,1.058,1.095,0,0
EURS.V,D,20200117,000000,1.095,1.125,1.048,1.096,0,0
EURS.V,D,20200118,000000,1.096,1.114,1.027,1.082,0,0
EURS.V,D,20200119,000000,1.082,1.2,1.082,1.126,0,0
EURS.V,D,20200120,000000,1.126,1.126,1.071,1.108,0,0
EURS.V,D,20200121,000000,1.108,1.128,1.095,1.125,0,0
EURS.V,D,20200122,000000,1.125,1.136,1.101,1.114,0,0
EURS.V,D,20200123,000000,1.114,1.138,1.078,1.103,0,0
EURS.V,D,20200124,000000,1.103,1.115,1.055,1.103,0,0
EURS.V,D,20200125,000000,1.103,1.109,1.075,1.094,0,0
EURS.V,D,20200126,000000,1.094,1.117,1.061,1.116,0,0
EURS.V,D,20200127,000000,1.116,1.116,1.063,1.093,0,0
EURS.V,D,20200128,000000,1.093,1.109,1.068,1.107,0,0
EURS.V,D,20200129,000000,1.107,1.118,1.086,1.087,0,0
EURS.V,D,20200130,000000,1.087,1.112,1.017,1.099,0,0
EURS.V,D,20200131,000000,1.099,1.105,1.044,1.071,0,0
EURS.V,D,20200201,000000,1.071,1.116,1.071,1.113,0,0
EURS.V,D,20200202,000000,1.113,1.113,1.025,1.077,0,0
EURS.V,D,20200203,000000,1.077,1.134,1.077,1.103,0,0
EURS.V,D,20200204,000000,1.103,1.13,1.09,1.113,0,0
EURS.V,D,20200205,000000,1.113,1.113,1.003,1.088,0,0
EURS.V,D,20200206,000000,1.088,1.114,1.036,1.097,0,0
EURS.V,D,20200207,000000,1.097,1.104,1.048,1.098,0,0
EURS.V,D,20200208,000000,1.098,1.115,1.044,1.092,0,0
EURS.V,D,20200209,000000,1.092,1.112,1.076,1.103,0,0
EURS.V,D,20200210,000000,1.103,1.12,1.058,1.089,0,0
EURS.V,D,20200211,000000,1.089,1.101,1.002,1.092,0,0
EURS.V,D,20200212,000000,1.092,1.098,0.9483,1.062,0,0
EURS.V,D,20200213,000000,1.062,1.13,1.043,1.094,0,0
EURS.V,D,20200214,000000,1.094,1.099,0.9952,1.093,0,0
EURS.V,D,20200215,000000,1.093,1.188,1.08,1.09,0,0
EURS.V,D,20200216,000000,1.09,1.182,1.025,1.12,0,0
EURS.V,D,20200217,000000,1.12,1.187,1.073,1.184,0,0
EURS.V,D,20200218,000000,1.184,1.184,0.9944,1.084,0,0
EURS.V,D,20200219,000000,1.084,1.18,1.045,1.065,0,0
EURS.V,D,20200220,000000,1.065,1.114,1.037,1.087,0,0
EURS.V,D,20200221,000000,1.087,1.098,1.04,1.086,0,0
EURS.V,D,20200222,000000,1.086,1.109,1.065,1.089,0,0
EURS.V,D,20200223,000000,1.089,1.1,1.042,1.098,0,0
EURS.V,D,20200224,000000,1.098,1.132,1.045,1.082,0,0
EURS.V,D,20200225,000000,1.082,1.153,1.061,1.069,0,0
EURS.V,D,20200226,000000,1.069,1.218,1.052,1.09,0,0
EURS.V,D,20200227,000000,1.09,1.147,1.012,1.096,0,0
EURS.V,D,20200228,000000,1.096,1.139,1.039,1.104,0,0
EURS.V,D,20200229,000000,1.104,1.132,1.056,1.056,0,0
EURS.V,D,20200301,000000,1.056,1.16,1.056,1.109,0,0
EURS.V,D,20200302,000000,1.109,1.124,1.035,1.111,0,0
EURS.V,D,20200303,000000,1.111,1.16,1.096,1.114,0,0
EURS.V,D,20200304,000000,1.114,1.138,1.098,1.117,0,0
EURS.V,D,20200305,000000,1.117,1.121,1.074,1.093,0,0
EURS.V,D,20200306,000000,1.093,1.15,1.066,1.149,0,0
EURS.V,D,20200307,000000,1.149,1.174,1.102,1.105,0,0
EURS.V,D,20200308,000000,1.105,1.332,1.101,1.118,0,0
EURS.V,D,20200309,000000,1.118,1.212,1.105,1.178,0,0
EURS.V,D,20200310,000000,1.178,1.178,1.069,1.096,0,0
EURS.V,D,20200311,000000,1.096,1.187,1.063,1.139,0,0
EURS.V,D,20200312,000000,1.139,1.852,0.981,1.038,0,0
EURS.V,D,20200313,000000,1.038,1.144,0.7113,1.069,0,0
EURS.V,D,20200314,000000,1.069,1.152,1.029,1.042,0,0
EURS.V,D,20200315,000000,1.042,1.17,1.042,1.083,0,0
EURS.V,D,20200316,000000,1.083,1.255,1.023,1.128,0,0
EURS.V,D,20200317,000000,1.128,1.128,0.9988,1.057,0,0
EURS.V,D,20200318,000000,1.057,1.088,1.009,1.086,0,0
EURS.V,D,20200319,000000,1.086,1.106,0.8934,1.055,0,0
EURS.V,D,20200320,000000,1.055,1.285,0.9761,1.121,0,0
EURS.V,D,20200321,000000,1.121,1.121,0.9853,1.038,0,0
EURS.V,D,20200322,000000,1.038,1.16,1.023,1.034,0,0
EURS.V,D,20200323,000000,1.034,1.068,0.928,1.06,0,0
EURS.V,D,20200324,000000,1.06,1.091,1.009,1.055,0,0
EURS.V,D,20200325,000000,1.055,1.115,1.04,1.065,0,0
EURS.V,D,20200326,000000,1.065,1.13,1.065,1.121,0,0
EURS.V,D,20200327,000000,1.121,1.144,1.049,1.06,0,0
EURS.V,D,20200328,000000,1.06,1.067,1,1.051,0,0
EURS.V,D,20200329,000000,1.051,1.1,1.032,1.037,0,0
EURS.V,D,20200330,000000,1.037,1.049,0.9634,1.026,0,0
EURS.V,D,20200331,000000,1.026,1.049,1.012,1.032,0,0
EURS.V,D,20200401,000000,1.032,1.087,1.022,1.078,0,0
EURS.V,D,20200402,000000,1.078,1.141,1.031,1.076,0,0
EURS.V,D,20200403,000000,1.076,1.116,1.048,1.075,0,0
EURS.V,D,20200404,000000,1.075,1.119,1.063,1.103,0,0
EURS.V,D,20200405,000000,1.103,1.103,1.049,1.064,0,0
EURS.V,D,20200406,000000,1.064,1.119,0.9297,1.117,0,0
EURS.V,D,20200407,000000,1.117,1.149,1.059,1.072,0,0
EURS.V,D,20200408,000000,1.072,1.097,1.029,1.09,0,0
EURS.V,D,20200409,000000,1.09,1.1,1.049,1.09,0,0
EURS.V,D,20200410,000000,1.09,1.129,1.042,1.115,0,0
EURS.V,D,20200411,000000,1.115,1.133,0.0001,1.095,0,0
EURS.V,D,20200412,000000,1.095,1.109,0.0001,1.086,0,0
EURS.V,D,20200413,000000,1.086,1.117,1.057,1.081,0,0
EURS.V,D,20200414,000000,1.082,1.115,1.068,1.084,0,0
EURS.V,D,20200415,000000,1.084,1.097,1.064,1.082,0,0
EURS.V,D,20200416,000000,1.082,1.144,1.062,1.102,0,0
EURS.V,D,20200417,000000,1.103,1.111,1.061,1.082,0,0
EURS.V,D,20200418,000000,1.082,1.138,1.065,1.081,0,0
EURS.V,D,20200419,000000,1.081,1.094,1.025,1.065,0,0
EURS.V,D,20200420,000000,1.065,1.1,1.038,1.075,0,0
EURS.V,D,20200421,000000,1.075,1.096,1.048,1.083,0,0
EURS.V,D,20200422,000000,1.084,1.114,1.068,1.074,0,0
EURS.V,D,20200423,000000,1.074,1.112,1.062,1.085,0,0
EURS.V,D,20200424,000000,1.085,1.09,1.046,1.063,0,0
EURS.V,D,20200425,000000,1.063,1.101,1.055,1.07,0,0
EURS.V,D,20200426,000000,1.07,1.104,1.042,1.074,0,0
EURS.V,D,20200427,000000,1.074,1.087,1.063,1.074,0,0
EURS.V,D,20200428,000000,1.074,1.081,1.063,1.079,0,0
EURS.V,D,20200429,000000,1.078,1.124,1.055,1.07,0,0
EURS.V,D,20200430,000000,1.07,1.137,1.029,1.079,0,0
EURS.V,D,20200501,000000,1.079,1.103,1.059,1.098,0,0
EURS.V,D,20200502,000000,1.098,1.107,1.075,1.092,0,0
EURS.V,D,20200503,000000,1.092,1.103,1.059,1.089,0,0
EURS.V,D,20200504,000000,1.088,1.112,1.048,1.092,0,0
EURS.V,D,20200505,000000,1.092,1.105,1.055,1.071,0,0
EURS.V,D,20200506,000000,1.071,1.109,1.044,1.058,0,0
EURS.V,D,20200507,000000,1.058,1.101,1.049,1.086,0,0
EURS.V,D,20200508,000000,1.086,1.103,1.052,1.095,0,0
EURS.V,D,20200509,000000,1.095,1.105,1.046,1.079,0,0
EURS.V,D,20200510,000000,1.079,1.102,0.9817,1.074,0,0
EURS.V,D,20200511,000000,1.094,1.102,1.015,1.064,0,0
EURS.V,D,20200512,000000,1.064,1.089,1.057,1.077,0,0
EURS.V,D,20200513,000000,1.078,1.094,1.058,1.078,0,0
EURS.V,D,20200514,000000,1.078,1.126,1.054,1.082,0,0
EURS.V,D,20200515,000000,1.082,1.085,1.028,1.043,0,0
EURS.V,D,20200516,000000,1.079,1.087,1.034,1.075,0,0
EURS.V,D,20200517,000000,1.075,1.086,1.065,1.076,0,0
EURS.V,D,20200518,000000,1.076,1.09,1.061,1.085,0,0
EURS.V,D,20200519,000000,1.085,1.097,1.067,1.089,0,0
EURS.V,D,20200520,000000,1.089,1.109,1.061,1.086,0,0
EURS.V,D,20200521,000000,1.086,1.12,1.067,1.086,0,0
EURS.V,D,20200522,000000,1.086,1.108,1.07,1.087,0,0
EURS.V,D,20200523,000000,1.087,1.113,1.07,1.09,0,0
EURS.V,D,20200524,000000,1.09,1.119,1.061,1.09,0,0
EURS.V,D,20200525,000000,1.091,1.112,1.052,1.084,0,0
EURS.V,D,20200526,000000,1.084,1.104,1.077,1.1,0,0
EURS.V,D,20200527,000000,1.099,1.131,1.082,1.096,0,0
EURS.V,D,20200528,000000,1.096,1.127,1.084,1.095,0,0
EURS.V,D,20200529,000000,1.095,1.119,1.088,1.093,0,0
EURS.V,D,20200530,000000,1.094,1.126,1.087,1.111,0,0
EURS.V,D,20200531,000000,1.111,1.144,1.066,1.107,0,0
EURS.V,D,20200601,000000,1.107,1.152,1.092,1.111,0,0
EURS.V,D,20200602,000000,1.111,1.159,1.072,1.134,0,0
EURS.V,D,20200603,000000,1.134,1.14,1.107,1.121,0,0
EURS.V,D,20200604,000000,1.121,1.133,1.107,1.124,0,0
EURS.V,D,20200605,000000,1.124,1.139,1.111,1.113,0,0
EURS.V,D,20200606,000000,1.114,1.131,1.111,1.125,0,0
EURS.V,D,20200607,000000,1.125,1.139,1.106,1.121,0,0
EURS.V,D,20200608,000000,1.121,1.131,1.114,1.123,0,0
EURS.V,D,20200609,000000,1.123,1.142,1.1,1.135,0,0
EURS.V,D,20200610,000000,1.135,1.151,1.105,1.124,0,0
EURS.V,D,20200611,000000,1.124,1.144,1.095,1.115,0,0
EURS.V,D,20200612,000000,1.115,1.138,1.091,1.117,0,0
EURS.V,D,20200613,000000,1.125,1.133,1.113,1.121,0,0
EURS.V,D,20200614,000000,1.121,1.126,1.101,1.109,0,0
EURS.V,D,20200615,000000,1.109,1.155,1.073,1.125,0,0
EURS.V,D,20200616,000000,1.124,1.14,1.111,1.122,0,0
EURS.V,D,20200617,000000,1.122,1.133,1.098,1.124,0,0
EURS.V,D,20200618,000000,1.124,1.134,1.106,1.121,0,0
EURS.V,D,20200619,000000,1.121,1.125,1.107,1.115,0,0
EURS.V,D,20200620,000000,1.113,1.118,1.102,1.112,0,0
EURS.V,D,20200621,000000,1.112,1.123,1.105,1.109,0,0
EURS.V,D,20200622,000000,1.115,1.167,1.103,1.104,0,0
EURS.V,D,20200623,000000,1.104,1.137,1.101,1.132,0,0
EURS.V,D,20200624,000000,1.132,1.154,1.085,1.125,0,0
EURS.V,D,20200625,000000,1.125,1.13,1.103,1.119,0,0
EURS.V,D,20200626,000000,1.119,1.124,1.094,1.115,0,0
EURS.V,D,20200627,000000,1.115,1.128,1.048,1.125,0,0
EURS.V,D,20200628,000000,1.125,1.134,1.104,1.11,0,0
EURS.V,D,20200629,000000,1.126,1.14,1.104,1.137,0,0
EURS.V,D,20200630,000000,1.137,1.144,1.098,1.123,0,0
EURS.V,D,20200701,000000,1.123,1.13,1.111,1.123,0,0
EURS.V,D,20200702,000000,1.123,1.139,1.09,1.132,0,0
EURS.V,D,20200703,000000,1.13,1.132,1.11,1.122,0,0
EURS.V,D,20200704,000000,1.122,1.129,1.11,1.116,0,0
EURS.V,D,20200705,000000,1.116,1.13,1.1,1.113,0,0
EURS.V,D,20200706,000000,1.112,1.142,1.112,1.131,0,0
EURS.V,D,20200707,000000,1.131,1.145,1.1,1.133,0,0
EURS.V,D,20200708,000000,1.133,1.152,1.113,1.138,0,0
EURS.V,D,20200709,000000,1.138,1.154,1.104,1.114,0,0
EURS.V,D,20200710,000000,1.114,1.132,1.099,1.124,0,0
EURS.V,D,20200711,000000,1.125,1.136,1.031,1.109,0,0
EURS.V,D,20200712,000000,1.109,1.135,1.088,1.133,0,0
EURS.V,D,20200713,000000,1.134,1.155,1.099,1.131,0,0
EURS.V,D,20200714,000000,1.131,1.143,1.117,1.123,0,0
EURS.V,D,20200715,000000,1.123,1.193,1.121,1.144,0,0
EURS.V,D,20200716,000000,1.145,1.195,1.112,1.129,0,0
EURS.V,D,20200717,000000,1.129,1.145,1.12,1.142,0,0
EURS.V,D,20200718,000000,1.142,1.15,1.131,1.132,0,0
EURS.V,D,20200719,000000,1.132,1.144,1.123,1.134,0,0
EURS.V,D,20200720,000000,1.134,1.152,1.127,1.137,0,0
EURS.V,D,20200721,000000,1.137,1.154,1.128,1.14,0,0
EURS.V,D,20200722,000000,1.139,1.157,1.139,1.156,0,0
EURS.V,D,20200723,000000,1.157,1.202,1.124,1.157,0,0
EURS.V,D,20200724,000000,1.157,1.182,1.135,1.16,0,0
EURS.V,D,20200725,000000,1.16,1.194,1.131,1.154,0,0
EURS.V,D,20200726,000000,1.154,1.187,1.12,1.16,0,0
EURS.V,D,20200727,000000,1.16,1.202,1.137,1.165,0,0
EURS.V,D,20200728,000000,1.204,1.208,1.141,1.164,0,0
EURS.V,D,20200729,000000,1.164,1.188,1.142,1.171,0,0
