<TICKER>,<PER>,<DATE>,<TIME>,<OPEN>,<HIGH>,<LOW>,<CLOSE>,<VOL>,<OPENINT>
FTT.V,D,20190807,000000,2.16,2.289,2.16,2.232,0,0
FTT.V,D,20190808,000000,2.232,2.774,2.168,2.252,0,0
FTT.V,D,20190809,000000,2.252,2.252,1.86,1.881,0,0
FTT.V,D,20190810,000000,1.881,1.918,1.714,1.8,0,0
FTT.V,D,20190811,000000,1.8,1.939,1.74,1.842,0,0
FTT.V,D,20190812,000000,1.842,1.919,1.755,1.918,0,0
FTT.V,D,20190813,000000,1.918,1.918,1.718,1.72,0,0
FTT.V,D,20190814,000000,1.72,1.72,1.421,1.546,0,0
FTT.V,D,20190815,000000,1.546,1.589,1.184,1.24,0,0
FTT.V,D,20190816,000000,1.24,1.67,1.166,1.607,0,0
FTT.V,D,20190817,000000,1.607,1.607,1.422,1.459,0,0
FTT.V,D,20190818,000000,1.459,1.609,1.458,1.588,0,0
FTT.V,D,20190819,000000,1.588,1.68,1.42,1.422,0,0
FTT.V,D,20190820,000000,1.422,1.452,1.386,1.386,0,0
FTT.V,D,20190821,000000,1.386,1.386,1.243,1.263,0,0
FTT.V,D,20190822,000000,1.263,1.308,1.208,1.231,0,0
FTT.V,D,20190823,000000,1.231,1.366,1.231,1.268,0,0
FTT.V,D,20190824,000000,1.268,1.347,1.228,1.312,0,0
FTT.V,D,20190825,000000,1.312,1.353,1.268,1.275,0,0
FTT.V,D,20190826,000000,1.275,1.318,1.252,1.288,0,0
FTT.V,D,20190827,000000,1.288,1.307,1.236,1.236,0,0
FTT.V,D,20190828,000000,1.236,1.245,1.131,1.212,0,0
FTT.V,D,20190829,000000,1.212,1.222,1.151,1.152,0,0
FTT.V,D,20190830,000000,1.152,1.2,1.147,1.152,0,0
FTT.V,D,20190831,000000,1.152,1.169,1.135,1.161,0,0
FTT.V,D,20190901,000000,1.161,1.185,1.158,1.17,0,0
FTT.V,D,20190902,000000,1.17,1.248,1.121,1.178,0,0
FTT.V,D,20190903,000000,1.178,1.219,1.174,1.177,0,0
FTT.V,D,20190904,000000,1.177,1.208,1.166,1.18,0,0
FTT.V,D,20190905,000000,1.18,1.18,1.139,1.149,0,0
FTT.V,D,20190906,000000,1.149,1.186,1.098,1.162,0,0
FTT.V,D,20190907,000000,1.162,1.208,1.162,1.206,0,0
FTT.V,D,20190908,000000,1.206,1.243,1.186,1.239,0,0
FTT.V,D,20190909,000000,1.239,1.306,1.218,1.238,0,0
FTT.V,D,20190910,000000,1.238,1.284,1.198,1.243,0,0
FTT.V,D,20190911,000000,1.243,1.254,1.176,1.236,0,0
FTT.V,D,20190912,000000,1.236,1.281,1.233,1.234,0,0
FTT.V,D,20190913,000000,1.234,1.255,1.192,1.221,0,0
FTT.V,D,20190914,000000,1.221,1.307,1.21,1.232,0,0
FTT.V,D,20190915,000000,1.232,1.264,1.225,1.262,0,0
FTT.V,D,20190916,000000,1.262,1.305,1.232,1.258,0,0
FTT.V,D,20190917,000000,1.258,1.307,1.24,1.294,0,0
FTT.V,D,20190918,000000,1.294,1.321,1.282,1.289,0,0
FTT.V,D,20190919,000000,1.289,1.392,1.285,1.305,0,0
FTT.V,D,20190920,000000,1.305,1.33,1.286,1.323,0,0
FTT.V,D,20190921,000000,1.323,1.339,1.287,1.311,0,0
FTT.V,D,20190922,000000,1.311,1.348,1.301,1.31,0,0
FTT.V,D,20190923,000000,1.31,1.31,1.243,1.277,0,0
FTT.V,D,20190924,000000,1.277,1.367,1.079,1.266,0,0
FTT.V,D,20190925,000000,1.266,1.27,1.194,1.248,0,0
FTT.V,D,20190926,000000,1.248,1.264,1.176,1.229,0,0
FTT.V,D,20190927,000000,1.229,1.325,1.229,1.278,0,0
FTT.V,D,20190928,000000,1.278,1.316,1.252,1.262,0,0
FTT.V,D,20190929,000000,1.262,1.306,1.233,1.283,0,0
FTT.V,D,20190930,000000,1.283,1.374,1.26,1.286,0,0
FTT.V,D,20191001,000000,1.286,1.306,1.239,1.3,0,0
FTT.V,D,20191002,000000,1.3,1.331,1.297,1.298,0,0
FTT.V,D,20191003,000000,1.298,1.325,1.271,1.305,0,0
FTT.V,D,20191004,000000,1.305,1.332,1.291,1.324,0,0
FTT.V,D,20191005,000000,1.324,1.342,1.313,1.325,0,0
FTT.V,D,20191006,000000,1.325,1.325,1.264,1.304,0,0
FTT.V,D,20191007,000000,1.304,1.372,1.269,1.297,0,0
FTT.V,D,20191008,000000,1.297,1.358,1.275,1.345,0,0
FTT.V,D,20191009,000000,1.345,1.473,1.345,1.428,0,0
FTT.V,D,20191010,000000,1.428,1.441,1.356,1.358,0,0
FTT.V,D,20191011,000000,1.358,1.405,1.302,1.386,0,0
FTT.V,D,20191012,000000,1.386,1.394,1.366,1.38,0,0
FTT.V,D,20191013,000000,1.38,1.38,1.331,1.357,0,0
FTT.V,D,20191014,000000,1.357,1.398,1.357,1.37,0,0
FTT.V,D,20191015,000000,1.37,1.435,1.334,1.39,0,0
FTT.V,D,20191016,000000,1.39,1.407,1.165,1.356,0,0
FTT.V,D,20191017,000000,1.356,1.378,1.318,1.349,0,0
FTT.V,D,20191018,000000,1.349,1.362,1.31,1.317,0,0
FTT.V,D,20191019,000000,1.317,1.344,1.296,1.338,0,0
FTT.V,D,20191020,000000,1.338,1.417,1.337,1.356,0,0
FTT.V,D,20191021,000000,1.356,1.359,1.307,1.328,0,0
FTT.V,D,20191022,000000,1.328,1.33,1.286,1.327,0,0
FTT.V,D,20191023,000000,1.327,1.327,1.224,1.246,0,0
FTT.V,D,20191024,000000,1.246,1.285,1.226,1.246,0,0
FTT.V,D,20191025,000000,1.246,1.497,1.246,1.302,0,0
FTT.V,D,20191026,000000,1.302,1.399,1.251,1.324,0,0
FTT.V,D,20191027,000000,1.324,1.408,1.324,1.4,0,0
FTT.V,D,20191028,000000,1.4,1.4,1.33,1.379,0,0
FTT.V,D,20191029,000000,1.379,1.5,1.379,1.466,0,0
FTT.V,D,20191030,000000,1.466,1.466,1.386,1.402,0,0
FTT.V,D,20191031,000000,1.402,1.418,1.374,1.385,0,0
FTT.V,D,20191101,000000,1.385,1.411,1.375,1.379,0,0
FTT.V,D,20191102,000000,1.379,1.396,1.379,1.384,0,0
FTT.V,D,20191103,000000,1.384,1.384,1.348,1.362,0,0
FTT.V,D,20191104,000000,1.362,1.392,1.357,1.367,0,0
FTT.V,D,20191105,000000,1.367,1.367,1.307,1.326,0,0
FTT.V,D,20191106,000000,1.326,1.358,1.312,1.335,0,0
FTT.V,D,20191107,000000,1.335,1.374,1.31,1.357,0,0
FTT.V,D,20191108,000000,1.357,1.357,1.276,1.32,0,0
FTT.V,D,20191109,000000,1.32,1.341,1.304,1.341,0,0
FTT.V,D,20191110,000000,1.341,1.4,1.341,1.398,0,0
FTT.V,D,20191111,000000,1.398,1.415,1.346,1.362,0,0
FTT.V,D,20191112,000000,1.362,1.405,1.36,1.383,0,0
FTT.V,D,20191113,000000,1.383,1.421,1.376,1.403,0,0
FTT.V,D,20191114,000000,1.403,1.439,1.376,1.43,0,0
FTT.V,D,20191115,000000,1.43,1.532,1.4,1.479,0,0
FTT.V,D,20191116,000000,1.479,1.498,1.471,1.474,0,0
FTT.V,D,20191117,000000,1.474,1.485,1.454,1.475,0,0
FTT.V,D,20191118,000000,1.475,1.475,1.399,1.427,0,0
FTT.V,D,20191119,000000,1.427,1.458,1.412,1.433,0,0
FTT.V,D,20191120,000000,1.433,1.437,1.404,1.426,0,0
FTT.V,D,20191121,000000,1.426,1.452,1.34,1.419,0,0
FTT.V,D,20191122,000000,1.419,1.503,1.339,1.404,0,0
FTT.V,D,20191123,000000,1.404,1.448,1.404,1.408,0,0
FTT.V,D,20191124,000000,1.408,1.409,1.326,1.403,0,0
FTT.V,D,20191125,000000,1.403,1.537,1.391,1.399,0,0
FTT.V,D,20191126,000000,1.399,1.415,1.379,1.397,0,0
FTT.V,D,20191127,000000,1.397,1.532,1.397,1.457,0,0
FTT.V,D,20191128,000000,1.457,1.579,1.424,1.441,0,0
FTT.V,D,20191129,000000,1.441,1.514,1.441,1.504,0,0
FTT.V,D,20191130,000000,1.504,1.504,1.461,1.478,0,0
FTT.V,D,20191201,000000,1.478,1.48,1.44,1.477,0,0
FTT.V,D,20191202,000000,1.477,1.522,1.456,1.497,0,0
FTT.V,D,20191203,000000,1.497,1.578,1.493,1.556,0,0
FTT.V,D,20191204,000000,1.556,1.795,1.528,1.79,0,0
FTT.V,D,20191205,000000,1.79,1.952,1.79,1.912,0,0
FTT.V,D,20191206,000000,1.912,2.013,1.912,1.973,0,0
FTT.V,D,20191207,000000,1.973,1.994,1.933,1.934,0,0
FTT.V,D,20191208,000000,1.934,1.944,1.788,1.845,0,0
FTT.V,D,20191209,000000,1.845,1.845,1.794,1.828,0,0
FTT.V,D,20191210,000000,1.828,1.828,1.736,1.743,0,0
FTT.V,D,20191211,000000,1.743,1.743,1.696,1.736,0,0
FTT.V,D,20191212,000000,1.736,1.862,1.733,1.845,0,0
FTT.V,D,20191213,000000,1.845,1.932,1.845,1.906,0,0
FTT.V,D,20191214,000000,1.906,1.906,1.843,1.866,0,0
FTT.V,D,20191215,000000,1.866,1.906,1.866,1.879,0,0
FTT.V,D,20191216,000000,1.879,1.922,1.814,1.859,0,0
FTT.V,D,20191217,000000,1.859,1.859,1.779,1.814,0,0
FTT.V,D,20191218,000000,1.814,2.064,1.814,1.9,0,0
FTT.V,D,20191219,000000,1.9,2.05,1.861,2.044,0,0
FTT.V,D,20191220,000000,2.044,2.244,2.044,2.16,0,0
FTT.V,D,20191221,000000,2.16,2.16,2.136,2.154,0,0
FTT.V,D,20191222,000000,2.154,2.291,2.154,2.282,0,0
FTT.V,D,20191223,000000,2.282,2.282,2.175,2.191,0,0
FTT.V,D,20191224,000000,2.191,2.191,2.118,2.161,0,0
FTT.V,D,20191225,000000,2.161,2.162,2.121,2.138,0,0
FTT.V,D,20191226,000000,2.138,2.156,2.123,2.141,0,0
FTT.V,D,20191227,000000,2.141,2.193,2.141,2.152,0,0
FTT.V,D,20191228,000000,2.152,2.185,2.152,2.181,0,0
FTT.V,D,20191229,000000,2.181,2.221,2.181,2.211,0,0
FTT.V,D,20191230,000000,2.211,2.211,2.148,2.158,0,0
FTT.V,D,20191231,000000,2.158,2.158,2.138,2.141,0,0
FTT.V,D,20200101,000000,2.141,2.152,2.132,2.142,0,0
FTT.V,D,20200102,000000,2.142,2.157,2.072,2.142,0,0
FTT.V,D,20200103,000000,2.142,2.286,2.142,2.206,0,0
FTT.V,D,20200104,000000,2.206,2.216,2.168,2.17,0,0
FTT.V,D,20200105,000000,2.17,2.176,2.102,2.14,0,0
FTT.V,D,20200106,000000,2.14,2.26,2.14,2.184,0,0
FTT.V,D,20200107,000000,2.184,2.304,2.14,2.163,0,0
FTT.V,D,20200108,000000,2.163,2.196,2.043,2.176,0,0
FTT.V,D,20200109,000000,2.176,2.176,2.089,2.159,0,0
FTT.V,D,20200110,000000,2.159,2.279,2.159,2.232,0,0
FTT.V,D,20200111,000000,2.232,2.232,2.083,2.144,0,0
FTT.V,D,20200112,000000,2.144,2.21,2.133,2.183,0,0
FTT.V,D,20200113,000000,2.183,2.249,2.146,2.151,0,0
FTT.V,D,20200114,000000,2.151,2.342,2.151,2.174,0,0
FTT.V,D,20200115,000000,2.174,2.365,2.169,2.363,0,0
FTT.V,D,20200116,000000,2.363,2.4,2.313,2.398,0,0
FTT.V,D,20200117,000000,2.398,2.472,2.375,2.38,0,0
FTT.V,D,20200118,000000,2.38,2.392,2.356,2.377,0,0
FTT.V,D,20200119,000000,2.377,2.383,2.274,2.284,0,0
FTT.V,D,20200120,000000,2.284,2.284,2.226,2.264,0,0
FTT.V,D,20200121,000000,2.264,2.357,2.264,2.343,0,0
FTT.V,D,20200122,000000,2.343,2.343,2.294,2.318,0,0
FTT.V,D,20200123,000000,2.318,2.318,2.174,2.228,0,0
FTT.V,D,20200124,000000,2.228,2.266,2.228,2.259,0,0
FTT.V,D,20200125,000000,2.259,2.259,2.21,2.216,0,0
FTT.V,D,20200126,000000,2.216,2.293,2.216,2.287,0,0
FTT.V,D,20200127,000000,2.287,2.395,2.287,2.37,0,0
FTT.V,D,20200128,000000,2.37,2.505,2.37,2.446,0,0
FTT.V,D,20200129,000000,2.446,2.446,2.34,2.345,0,0
FTT.V,D,20200130,000000,2.345,2.426,2.345,2.401,0,0
FTT.V,D,20200131,000000,2.401,2.401,2.336,2.369,0,0
FTT.V,D,20200201,000000,2.369,2.382,2.34,2.347,0,0
FTT.V,D,20200202,000000,2.347,2.351,2.308,2.319,0,0
FTT.V,D,20200203,000000,2.319,2.33,2.257,2.298,0,0
FTT.V,D,20200204,000000,2.298,2.298,2.216,2.239,0,0
FTT.V,D,20200205,000000,2.239,2.381,2.239,2.341,0,0
FTT.V,D,20200206,000000,2.341,2.416,2.341,2.406,0,0
FTT.V,D,20200207,000000,2.406,2.45,2.361,2.38,0,0
FTT.V,D,20200208,000000,2.38,2.41,2.38,2.383,0,0
FTT.V,D,20200209,000000,2.383,2.447,2.383,2.409,0,0
FTT.V,D,20200210,000000,2.409,2.54,2.312,2.493,0,0
FTT.V,D,20200211,000000,2.493,2.619,2.493,2.567,0,0
FTT.V,D,20200212,000000,2.567,2.61,2.557,2.576,0,0
FTT.V,D,20200213,000000,2.576,2.576,2.455,2.519,0,0
FTT.V,D,20200214,000000,2.519,2.583,2.515,2.57,0,0
FTT.V,D,20200215,000000,2.57,2.57,2.447,2.521,0,0
FTT.V,D,20200216,000000,2.521,3.561,2.52,2.961,0,0
FTT.V,D,20200217,000000,2.961,2.961,2.568,2.732,0,0
FTT.V,D,20200218,000000,2.732,2.913,2.732,2.852,0,0
FTT.V,D,20200219,000000,2.852,2.852,2.618,2.662,0,0
FTT.V,D,20200220,000000,2.662,2.676,2.594,2.626,0,0
FTT.V,D,20200221,000000,2.626,2.71,2.626,2.69,0,0
FTT.V,D,20200222,000000,2.69,2.69,2.664,2.677,0,0
FTT.V,D,20200223,000000,2.677,2.775,2.677,2.764,0,0
FTT.V,D,20200224,000000,2.764,2.764,2.583,2.633,0,0
FTT.V,D,20200225,000000,2.633,2.633,2.442,2.465,0,0
FTT.V,D,20200226,000000,2.465,2.465,2.169,2.285,0,0
FTT.V,D,20200227,000000,2.285,2.455,2.283,2.448,0,0
FTT.V,D,20200228,000000,2.448,2.631,2.42,2.631,0,0
FTT.V,D,20200229,000000,2.631,2.635,2.574,2.583,0,0
FTT.V,D,20200301,000000,2.583,2.604,2.538,2.562,0,0
FTT.V,D,20200302,000000,2.562,2.716,2.562,2.688,0,0
FTT.V,D,20200303,000000,2.688,2.688,2.632,2.643,0,0
FTT.V,D,20200304,000000,2.643,2.68,2.633,2.651,0,0
FTT.V,D,20200305,000000,2.651,2.773,2.651,2.725,0,0
FTT.V,D,20200306,000000,2.725,2.813,2.725,2.813,0,0
FTT.V,D,20200307,000000,2.813,2.813,2.675,2.689,0,0
FTT.V,D,20200308,000000,2.689,2.689,2.351,2.443,0,0
FTT.V,D,20200309,000000,2.443,2.502,2.365,2.413,0,0
FTT.V,D,20200310,000000,2.413,2.459,2.354,2.451,0,0
FTT.V,D,20200311,000000,2.451,2.478,2.361,2.403,0,0
FTT.V,D,20200312,000000,2.403,2.403,1.443,2.101,0,0
FTT.V,D,20200313,000000,2.101,2.896,1.939,2.082,0,0
FTT.V,D,20200314,000000,2.082,2.082,1.905,2.03,0,0
FTT.V,D,20200315,000000,2.03,2.124,2.03,2.088,0,0
FTT.V,D,20200316,000000,2.088,2.27,1.952,2.026,0,0
FTT.V,D,20200317,000000,2.026,2.181,2.026,2.109,0,0
FTT.V,D,20200318,000000,2.109,2.197,2.109,2.125,0,0
FTT.V,D,20200319,000000,2.125,2.457,2.125,2.431,0,0
FTT.V,D,20200320,000000,2.431,2.453,2.316,2.374,0,0
FTT.V,D,20200321,000000,2.374,2.39,2.358,2.386,0,0
FTT.V,D,20200322,000000,2.386,2.386,2.221,2.231,0,0
FTT.V,D,20200323,000000,2.231,2.498,2.231,2.462,0,0
FTT.V,D,20200324,000000,2.462,2.565,2.462,2.5,0,0
FTT.V,D,20200325,000000,2.5,2.5,2.462,2.465,0,0
FTT.V,D,20200326,000000,2.465,2.529,2.465,2.517,0,0
FTT.V,D,20200327,000000,2.517,2.517,2.334,2.351,0,0
FTT.V,D,20200328,000000,2.351,2.351,2.298,2.316,0,0
FTT.V,D,20200329,000000,2.316,2.316,2.17,2.185,0,0
FTT.V,D,20200330,000000,2.185,2.404,2.185,2.399,0,0
FTT.V,D,20200331,000000,2.399,2.423,2.397,2.404,0,0
FTT.V,D,20200401,000000,2.404,2.506,2.404,2.454,0,0
FTT.V,D,20200402,000000,2.454,2.518,2.454,2.485,0,0
FTT.V,D,20200403,000000,2.485,2.486,2.461,2.485,0,0
FTT.V,D,20200404,000000,2.485,2.567,2.485,2.543,0,0
FTT.V,D,20200405,000000,2.543,2.543,2.507,2.516,0,0
FTT.V,D,20200406,000000,2.516,2.79,2.516,2.785,0,0
FTT.V,D,20200407,000000,2.785,2.785,2.656,2.671,0,0
FTT.V,D,20200408,000000,2.671,2.761,2.671,2.749,0,0
FTT.V,D,20200409,000000,2.749,2.749,2.695,2.729,0,0
FTT.V,D,20200410,000000,2.73,2.732,2.479,2.545,0,0
FTT.V,D,20200411,000000,2.545,2.57,2.492,2.524,0,0
FTT.V,D,20200412,000000,2.525,2.666,2.504,2.641,0,0
FTT.V,D,20200413,000000,2.641,2.65,2.445,2.566,0,0
FTT.V,D,20200414,000000,2.566,2.683,2.563,2.617,0,0
FTT.V,D,20200415,000000,2.618,2.655,2.542,2.563,0,0
FTT.V,D,20200416,000000,2.563,2.72,2.441,2.707,0,0
FTT.V,D,20200417,000000,2.707,2.743,2.666,2.693,0,0
FTT.V,D,20200418,000000,2.693,2.803,2.693,2.788,0,0
FTT.V,D,20200419,000000,2.788,2.827,2.71,2.774,0,0
FTT.V,D,20200420,000000,2.773,2.799,2.561,2.605,0,0
FTT.V,D,20200421,000000,2.604,2.638,2.564,2.609,0,0
FTT.V,D,20200422,000000,2.609,2.732,2.573,2.701,0,0
FTT.V,D,20200423,000000,2.7,2.894,2.672,2.832,0,0
FTT.V,D,20200424,000000,2.831,2.834,2.765,2.797,0,0
FTT.V,D,20200425,000000,2.794,2.893,2.771,2.819,0,0
FTT.V,D,20200426,000000,2.819,2.881,2.805,2.84,0,0
FTT.V,D,20200427,000000,2.841,2.895,2.809,2.86,0,0
FTT.V,D,20200428,000000,2.86,2.903,2.852,2.877,0,0
FTT.V,D,20200429,000000,2.876,3.206,2.871,3.165,0,0
FTT.V,D,20200430,000000,3.165,3.355,3.018,3.133,0,0
FTT.V,D,20200501,000000,3.132,3.243,3.079,3.183,0,0
FTT.V,D,20200502,000000,3.184,3.214,3.153,3.194,0,0
FTT.V,D,20200503,000000,3.193,3.271,3.102,3.145,0,0
FTT.V,D,20200504,000000,3.144,3.176,3.001,3.15,0,0
FTT.V,D,20200505,000000,3.153,3.205,3.092,3.15,0,0
FTT.V,D,20200506,000000,3.15,3.258,3.067,3.098,0,0
FTT.V,D,20200507,000000,3.098,3.206,2.983,3.175,0,0
FTT.V,D,20200508,000000,3.175,3.204,3.095,3.16,0,0
FTT.V,D,20200509,000000,3.161,3.162,3.021,3.039,0,0
FTT.V,D,20200510,000000,3.038,3.056,2.674,2.748,0,0
FTT.V,D,20200511,000000,2.747,2.845,2.592,2.716,0,0
FTT.V,D,20200512,000000,2.716,2.863,2.7,2.785,0,0
FTT.V,D,20200513,000000,2.781,2.943,2.781,2.94,0,0
FTT.V,D,20200514,000000,2.94,3.059,2.891,2.999,0,0
FTT.V,D,20200515,000000,2.998,3.016,2.839,2.902,0,0
FTT.V,D,20200516,000000,2.903,2.971,2.854,2.926,0,0
FTT.V,D,20200517,000000,2.926,3.049,2.909,3.015,0,0
FTT.V,D,20200518,000000,3.015,3.085,2.97,3.016,0,0
FTT.V,D,20200519,000000,3.016,3.077,2.949,3.021,0,0
FTT.V,D,20200520,000000,3.021,3.057,2.903,2.948,0,0
FTT.V,D,20200521,000000,2.947,2.959,2.725,2.811,0,0
FTT.V,D,20200522,000000,2.81,2.886,2.77,2.88,0,0
FTT.V,D,20200523,000000,2.881,2.911,2.827,2.863,0,0
FTT.V,D,20200524,000000,2.863,2.9,2.763,2.806,0,0
FTT.V,D,20200525,000000,2.807,2.812,2.686,2.78,0,0
FTT.V,D,20200526,000000,2.78,2.827,2.763,2.815,0,0
FTT.V,D,20200527,000000,2.814,2.881,2.804,2.827,0,0
FTT.V,D,20200528,000000,2.827,2.94,2.826,2.917,0,0
FTT.V,D,20200529,000000,2.916,2.989,2.893,2.914,0,0
FTT.V,D,20200530,000000,2.914,3.036,2.905,3.008,0,0
FTT.V,D,20200531,000000,3.008,3.076,2.942,2.961,0,0
FTT.V,D,20200601,000000,2.961,3.037,2.925,3.027,0,0
FTT.V,D,20200602,000000,3.027,3.196,2.86,2.932,0,0
FTT.V,D,20200603,000000,2.932,2.975,2.899,2.967,0,0
FTT.V,D,20200604,000000,2.967,3.02,2.915,2.987,0,0
FTT.V,D,20200605,000000,2.987,3.03,2.957,2.97,0,0
FTT.V,D,20200606,000000,2.97,2.999,2.937,2.986,0,0
FTT.V,D,20200607,000000,2.986,2.987,2.878,2.964,0,0
FTT.V,D,20200608,000000,2.964,2.997,2.948,2.975,0,0
FTT.V,D,20200609,000000,2.975,3.027,2.944,3.007,0,0
FTT.V,D,20200610,000000,3.007,3.042,2.961,2.967,0,0
FTT.V,D,20200611,000000,2.966,3.008,2.745,2.833,0,0
FTT.V,D,20200612,000000,2.833,2.888,2.786,2.86,0,0
FTT.V,D,20200613,000000,2.86,2.901,2.841,2.876,0,0
FTT.V,D,20200614,000000,2.877,2.894,2.834,2.843,0,0
FTT.V,D,20200615,000000,2.843,3.047,2.765,3.027,0,0
FTT.V,D,20200616,000000,3.028,3.065,2.96,2.994,0,0
FTT.V,D,20200617,000000,2.994,3.023,2.927,2.999,0,0
FTT.V,D,20200618,000000,2.999,3.046,2.964,2.993,0,0
FTT.V,D,20200619,000000,2.992,3.016,2.953,2.982,0,0
FTT.V,D,20200620,000000,2.982,2.989,2.937,2.968,0,0
FTT.V,D,20200621,000000,2.968,2.998,2.967,2.975,0,0
FTT.V,D,20200622,000000,2.975,3.088,2.956,3.057,0,0
FTT.V,D,20200623,000000,3.057,3.073,3.027,3.05,0,0
FTT.V,D,20200624,000000,3.05,3.064,2.913,2.945,0,0
FTT.V,D,20200625,000000,2.944,2.955,2.856,2.95,0,0
FTT.V,D,20200626,000000,2.95,2.953,2.874,2.914,0,0
FTT.V,D,20200627,000000,2.914,2.927,2.788,2.842,0,0
FTT.V,D,20200628,000000,2.842,2.891,2.803,2.87,0,0
FTT.V,D,20200629,000000,2.87,2.914,2.835,2.907,0,0
FTT.V,D,20200630,000000,2.907,2.915,2.853,2.893,0,0
FTT.V,D,20200701,000000,2.893,2.947,2.87,2.934,0,0
FTT.V,D,20200702,000000,2.934,2.948,2.84,2.887,0,0
FTT.V,D,20200703,000000,2.883,2.885,2.861,2.872,0,0
FTT.V,D,20200704,000000,2.872,2.902,2.853,2.881,0,0
FTT.V,D,20200705,000000,2.881,2.895,2.818,2.845,0,0
FTT.V,D,20200706,000000,2.845,2.971,2.845,2.964,0,0
FTT.V,D,20200707,000000,2.962,3.012,2.95,2.971,0,0
FTT.V,D,20200708,000000,2.97,3.075,2.969,3.07,0,0
FTT.V,D,20200709,000000,3.07,3.079,2.967,3.014,0,0
FTT.V,D,20200710,000000,3.014,3.022,2.955,3.02,0,0
FTT.V,D,20200711,000000,3.021,3.059,3.018,3.044,0,0
FTT.V,D,20200712,000000,3.044,3.141,3.042,3.096,0,0
FTT.V,D,20200713,000000,3.096,3.151,3.07,3.095,0,0
FTT.V,D,20200714,000000,3.095,3.122,3.067,3.093,0,0
FTT.V,D,20200715,000000,3.093,3.109,3.037,3.054,0,0
FTT.V,D,20200716,000000,3.054,3.059,2.936,2.973,0,0
FTT.V,D,20200717,000000,2.973,2.981,2.939,2.942,0,0
FTT.V,D,20200718,000000,2.94,2.946,2.908,2.933,0,0
FTT.V,D,20200719,000000,2.933,2.951,2.903,2.95,0,0
FTT.V,D,20200720,000000,2.949,2.952,2.879,2.89,0,0
FTT.V,D,20200721,000000,2.89,3.004,2.883,2.963,0,0
FTT.V,D,20200722,000000,2.966,2.987,2.932,2.955,0,0
FTT.V,D,20200723,000000,2.956,3.049,2.954,3.005,0,0
FTT.V,D,20200724,000000,3.005,3.031,2.932,3.019,0,0
FTT.V,D,20200725,000000,3.019,3.045,2.965,3.029,0,0
FTT.V,D,20200726,000000,3.029,3.167,3.012,3.102,0,0
FTT.V,D,20200727,000000,3.102,3.452,3.102,3.448,0,0
FTT.V,D,20200728,000000,3.447,3.504,3.241,3.365,0,0
FTT.V,D,20200729,000000,3.367,3.398,3.307,3.377,0,0
