<TICKER>,<PER>,<DATE>,<TIME>,<OPEN>,<HIGH>,<LOW>,<CLOSE>,<VOL>,<OPENINT>
HBAR.V,D,20190920,000000,0.05058,0.05638,0.04986,0.05159,0,0
HBAR.V,D,20190921,000000,0.05159,0.05484,0.04545,0.04814,0,0
HBAR.V,D,20190922,000000,0.04814,0.04858,0.03844,0.03924,0,0
HBAR.V,D,20190923,000000,0.03924,0.03924,0.03403,0.03791,0,0
HBAR.V,D,20190924,000000,0.03791,0.04041,0.0287,0.02947,0,0
HBAR.V,D,20190925,000000,0.02947,0.03075,0.02635,0.03024,0,0
HBAR.V,D,20190926,000000,0.03024,0.03024,0.02794,0.02899,0,0
HBAR.V,D,20190927,000000,0.02899,0.03805,0.0287,0.03764,0,0
HBAR.V,D,20190928,000000,0.03764,0.0426,0.03734,0.0398,0,0
HBAR.V,D,20190929,000000,0.0398,0.04154,0.03242,0.03565,0,0
HBAR.V,D,20190930,000000,0.03565,0.04465,0.03565,0.03808,0,0
HBAR.V,D,20191001,000000,0.03808,0.04005,0.03747,0.0388,0,0
HBAR.V,D,20191002,000000,0.0388,0.03986,0.03659,0.03759,0,0
HBAR.V,D,20191003,000000,0.03759,0.03909,0.03661,0.03769,0,0
HBAR.V,D,20191004,000000,0.03769,0.03929,0.03684,0.03872,0,0
HBAR.V,D,20191005,000000,0.03872,0.04282,0.03857,0.04209,0,0
HBAR.V,D,20191006,000000,0.04209,0.04209,0.03745,0.038,0,0
HBAR.V,D,20191007,000000,0.038,0.03968,0.03746,0.03828,0,0
HBAR.V,D,20191008,000000,0.03828,0.03924,0.03695,0.03891,0,0
HBAR.V,D,20191009,000000,0.03891,0.04185,0.03867,0.03918,0,0
HBAR.V,D,20191010,000000,0.03918,0.0392,0.03714,0.03843,0,0
HBAR.V,D,20191011,000000,0.03843,0.03843,0.03485,0.03584,0,0
HBAR.V,D,20191012,000000,0.03584,0.03634,0.03476,0.03518,0,0
HBAR.V,D,20191013,000000,0.03518,0.03534,0.0331,0.03319,0,0
HBAR.V,D,20191014,000000,0.03319,0.03839,0.0327,0.03705,0,0
HBAR.V,D,20191015,000000,0.03705,0.04079,0.03523,0.03801,0,0
HBAR.V,D,20191016,000000,0.03801,0.03801,0.03526,0.03751,0,0
HBAR.V,D,20191017,000000,0.03751,0.03783,0.03378,0.03516,0,0
HBAR.V,D,20191018,000000,0.03516,0.03596,0.03364,0.03396,0,0
HBAR.V,D,20191019,000000,0.03396,0.03429,0.03293,0.03365,0,0
HBAR.V,D,20191020,000000,0.03365,0.03513,0.03299,0.03324,0,0
HBAR.V,D,20191021,000000,0.03324,0.03437,0.03314,0.03339,0,0
HBAR.V,D,20191022,000000,0.03339,0.03339,0.03101,0.03158,0,0
HBAR.V,D,20191023,000000,0.03158,0.03158,0.02723,0.02805,0,0
HBAR.V,D,20191024,000000,0.02805,0.02978,0.02702,0.02866,0,0
HBAR.V,D,20191025,000000,0.02866,0.0352,0.02866,0.0307,0,0
HBAR.V,D,20191026,000000,0.0307,0.03463,0.02898,0.03055,0,0
HBAR.V,D,20191027,000000,0.03055,0.03219,0.0298,0.03199,0,0
HBAR.V,D,20191028,000000,0.03199,0.03274,0.02923,0.03172,0,0
HBAR.V,D,20191029,000000,0.03172,0.0349,0.03172,0.03415,0,0
HBAR.V,D,20191030,000000,0.03415,0.03415,0.03154,0.03283,0,0
HBAR.V,D,20191031,000000,0.03283,0.03342,0.03159,0.03324,0,0
HBAR.V,D,20191101,000000,0.03324,0.03547,0.03324,0.03491,0,0
HBAR.V,D,20191102,000000,0.03491,0.0352,0.03334,0.03445,0,0
HBAR.V,D,20191103,000000,0.03445,0.03726,0.03301,0.03698,0,0
HBAR.V,D,20191104,000000,0.03698,0.04023,0.03571,0.03656,0,0
HBAR.V,D,20191105,000000,0.03656,0.03711,0.03524,0.03618,0,0
HBAR.V,D,20191106,000000,0.03618,0.03636,0.03384,0.03421,0,0
HBAR.V,D,20191107,000000,0.03421,0.03421,0.03168,0.03269,0,0
HBAR.V,D,20191108,000000,0.03269,0.035,0.03114,0.03281,0,0
HBAR.V,D,20191109,000000,0.03281,0.03961,0.03281,0.03688,0,0
HBAR.V,D,20191110,000000,0.03688,0.0379,0.03465,0.03537,0,0
HBAR.V,D,20191111,000000,0.03537,0.03537,0.03316,0.03456,0,0
HBAR.V,D,20191112,000000,0.03456,0.03579,0.03438,0.03517,0,0
HBAR.V,D,20191113,000000,0.03517,0.03562,0.03317,0.03536,0,0
HBAR.V,D,20191114,000000,0.03536,0.03536,0.0337,0.03387,0,0
HBAR.V,D,20191115,000000,0.03387,0.03387,0.0293,0.03235,0,0
HBAR.V,D,20191116,000000,0.03235,0.03323,0.03196,0.03281,0,0
HBAR.V,D,20191117,000000,0.03281,0.03474,0.03236,0.0327,0,0
HBAR.V,D,20191118,000000,0.0327,0.0327,0.02998,0.03063,0,0
HBAR.V,D,20191119,000000,0.03063,0.03091,0.02863,0.03034,0,0
HBAR.V,D,20191120,000000,0.03034,0.03076,0.02873,0.0293,0,0
HBAR.V,D,20191121,000000,0.0293,0.0293,0.02633,0.0274,0,0
HBAR.V,D,20191122,000000,0.0274,0.02771,0.02618,0.0264,0,0
HBAR.V,D,20191123,000000,0.0264,0.0276,0.02466,0.02569,0,0
HBAR.V,D,20191124,000000,0.02569,0.02569,0.02363,0.02405,0,0
HBAR.V,D,20191125,000000,0.02405,0.02627,0.02327,0.02413,0,0
HBAR.V,D,20191126,000000,0.02413,0.02502,0.02395,0.02445,0,0
HBAR.V,D,20191127,000000,0.02445,0.02576,0.02395,0.02433,0,0
HBAR.V,D,20191128,000000,0.02433,0.02575,0.02382,0.02516,0,0
HBAR.V,D,20191129,000000,0.02516,0.02766,0.02516,0.02618,0,0
HBAR.V,D,20191130,000000,0.02618,0.02635,0.02431,0.02499,0,0
HBAR.V,D,20191201,000000,0.02499,0.02597,0.02404,0.02553,0,0
HBAR.V,D,20191202,000000,0.02553,0.02562,0.02409,0.02423,0,0
HBAR.V,D,20191203,000000,0.02423,0.02435,0.02362,0.02384,0,0
HBAR.V,D,20191204,000000,0.02384,0.024,0.02206,0.02278,0,0
HBAR.V,D,20191205,000000,0.02278,0.02348,0.0217,0.02259,0,0
HBAR.V,D,20191206,000000,0.02259,0.02426,0.02259,0.02366,0,0
HBAR.V,D,20191207,000000,0.02366,0.02555,0.02352,0.02465,0,0
HBAR.V,D,20191208,000000,0.02465,0.02646,0.0239,0.02631,0,0
HBAR.V,D,20191209,000000,0.02631,0.02808,0.0247,0.02529,0,0
HBAR.V,D,20191210,000000,0.02529,0.02529,0.02185,0.02337,0,0
HBAR.V,D,20191211,000000,0.02337,0.02524,0.02329,0.02474,0,0
HBAR.V,D,20191212,000000,0.02474,0.02498,0.02311,0.02333,0,0
HBAR.V,D,20191213,000000,0.02333,0.02447,0.02331,0.02346,0,0
HBAR.V,D,20191214,000000,0.02346,0.02464,0.0228,0.02329,0,0
HBAR.V,D,20191215,000000,0.02329,0.02354,0.02225,0.02282,0,0
HBAR.V,D,20191216,000000,0.02282,0.02282,0.0209,0.0209,0,0
HBAR.V,D,20191217,000000,0.0209,0.0209,0.01845,0.01851,0,0
HBAR.V,D,20191218,000000,0.01851,0.0221,0.01851,0.01948,0,0
HBAR.V,D,20191219,000000,0.01948,0.01948,0.01797,0.01818,0,0
HBAR.V,D,20191220,000000,0.01818,0.01945,0.01818,0.0188,0,0
HBAR.V,D,20191221,000000,0.0188,0.01919,0.01776,0.01833,0,0
HBAR.V,D,20191222,000000,0.01833,0.02097,0.01833,0.01857,0,0
HBAR.V,D,20191223,000000,0.01857,0.01857,0.01429,0.01561,0,0
HBAR.V,D,20191224,000000,0.01561,0.01576,0.01496,0.01518,0,0
HBAR.V,D,20191225,000000,0.01518,0.01577,0.01448,0.01469,0,0
HBAR.V,D,20191226,000000,0.01469,0.01514,0.01434,0.0147,0,0
HBAR.V,D,20191227,000000,0.0147,0.0148,0.014,0.01414,0,0
HBAR.V,D,20191228,000000,0.01414,0.01478,0.01414,0.01427,0,0
HBAR.V,D,20191229,000000,0.01427,0.0145,0.0128,0.0131,0,0
HBAR.V,D,20191230,000000,0.0131,0.0131,0.01085,0.01107,0,0
HBAR.V,D,20191231,000000,0.01107,0.01178,0.01013,0.01027,0,0
HBAR.V,D,20200101,000000,0.01027,0.01093,0.01014,0.01028,0,0
HBAR.V,D,20200102,000000,0.01028,0.01052,0.009822,0.0101,0,0
HBAR.V,D,20200103,000000,0.0101,0.01101,0.0101,0.01035,0,0
HBAR.V,D,20200104,000000,0.01035,0.01214,0.01008,0.01111,0,0
HBAR.V,D,20200105,000000,0.01111,0.01244,0.01089,0.01156,0,0
HBAR.V,D,20200106,000000,0.01156,0.01227,0.01087,0.0111,0,0
HBAR.V,D,20200107,000000,0.0111,0.01167,0.01053,0.01061,0,0
HBAR.V,D,20200108,000000,0.01061,0.01061,0.009735,0.01022,0,0
HBAR.V,D,20200109,000000,0.01022,0.01063,0.009772,0.01008,0,0
HBAR.V,D,20200110,000000,0.01008,0.01179,0.01008,0.01057,0,0
HBAR.V,D,20200111,000000,0.01057,0.01148,0.01027,0.01131,0,0
HBAR.V,D,20200112,000000,0.01131,0.0117,0.01088,0.01096,0,0
HBAR.V,D,20200113,000000,0.01096,0.01102,0.0103,0.01054,0,0
HBAR.V,D,20200114,000000,0.01054,0.01147,0.01014,0.01023,0,0
HBAR.V,D,20200115,000000,0.01023,0.01075,0.01014,0.0104,0,0
HBAR.V,D,20200116,000000,0.0104,0.01186,0.0102,0.01151,0,0
HBAR.V,D,20200117,000000,0.01151,0.01227,0.01085,0.01165,0,0
HBAR.V,D,20200118,000000,0.01165,0.01221,0.0114,0.01185,0,0
HBAR.V,D,20200119,000000,0.01185,0.01185,0.01053,0.01088,0,0
HBAR.V,D,20200120,000000,0.01088,0.01097,0.01045,0.01053,0,0
HBAR.V,D,20200121,000000,0.01053,0.01082,0.01021,0.01038,0,0
HBAR.V,D,20200122,000000,0.01038,0.01109,0.009967,0.01075,0,0
HBAR.V,D,20200123,000000,0.01075,0.01075,0.01007,0.01024,0,0
HBAR.V,D,20200124,000000,0.01024,0.01121,0.0102,0.01121,0,0
HBAR.V,D,20200125,000000,0.01121,0.0126,0.0106,0.0121,0,0
HBAR.V,D,20200126,000000,0.0121,0.01273,0.01161,0.0117,0,0
HBAR.V,D,20200127,000000,0.0117,0.01273,0.01121,0.01139,0,0
HBAR.V,D,20200128,000000,0.01139,0.01249,0.01139,0.01155,0,0
HBAR.V,D,20200129,000000,0.01155,0.01189,0.01105,0.01161,0,0
HBAR.V,D,20200130,000000,0.01161,0.01235,0.01161,0.01197,0,0
HBAR.V,D,20200131,000000,0.01197,0.01336,0.01168,0.01317,0,0
HBAR.V,D,20200201,000000,0.01317,0.0137,0.01286,0.01333,0,0
HBAR.V,D,20200202,000000,0.01333,0.01363,0.01279,0.01316,0,0
HBAR.V,D,20200203,000000,0.01316,0.01607,0.01263,0.01598,0,0
HBAR.V,D,20200204,000000,0.01598,0.01935,0.01486,0.01807,0,0
HBAR.V,D,20200205,000000,0.01807,0.02364,0.0174,0.02239,0,0
HBAR.V,D,20200206,000000,0.02239,0.0241,0.02019,0.02078,0,0
HBAR.V,D,20200207,000000,0.02078,0.02109,0.01981,0.0203,0,0
HBAR.V,D,20200208,000000,0.0203,0.02079,0.01792,0.01851,0,0
HBAR.V,D,20200209,000000,0.01851,0.02123,0.01808,0.01971,0,0
HBAR.V,D,20200210,000000,0.01971,0.01972,0.01863,0.01893,0,0
HBAR.V,D,20200211,000000,0.01893,0.03676,0.01893,0.0342,0,0
HBAR.V,D,20200212,000000,0.0342,0.0834,0.03373,0.06892,0,0
HBAR.V,D,20200213,000000,0.06892,0.07818,0.05147,0.05546,0,0
HBAR.V,D,20200214,000000,0.05546,0.06082,0.0488,0.05481,0,0
HBAR.V,D,20200215,000000,0.05481,0.05481,0.04685,0.04814,0,0
HBAR.V,D,20200216,000000,0.04814,0.05509,0.0402,0.05191,0,0
HBAR.V,D,20200217,000000,0.05191,0.05938,0.04667,0.05152,0,0
HBAR.V,D,20200218,000000,0.05152,0.05641,0.04928,0.05101,0,0
HBAR.V,D,20200219,000000,0.05101,0.05128,0.04542,0.04648,0,0
HBAR.V,D,20200220,000000,0.04648,0.04881,0.04372,0.04631,0,0
HBAR.V,D,20200221,000000,0.04631,0.04994,0.0449,0.04626,0,0
HBAR.V,D,20200222,000000,0.04626,0.04894,0.04488,0.04536,0,0
HBAR.V,D,20200223,000000,0.04536,0.04689,0.0425,0.0429,0,0
HBAR.V,D,20200224,000000,0.0429,0.0429,0.03634,0.03788,0,0
HBAR.V,D,20200225,000000,0.03788,0.03788,0.03345,0.0354,0,0
HBAR.V,D,20200226,000000,0.0354,0.03561,0.02955,0.03254,0,0
HBAR.V,D,20200227,000000,0.03254,0.03873,0.0314,0.03626,0,0
HBAR.V,D,20200228,000000,0.03626,0.03697,0.03287,0.0354,0,0
HBAR.V,D,20200229,000000,0.0354,0.037,0.03393,0.03401,0,0
HBAR.V,D,20200301,000000,0.03401,0.03574,0.03343,0.0342,0,0
HBAR.V,D,20200302,000000,0.0342,0.04103,0.0342,0.03853,0,0
HBAR.V,D,20200303,000000,0.03853,0.04155,0.03699,0.04146,0,0
HBAR.V,D,20200304,000000,0.04146,0.04562,0.04071,0.04141,0,0
HBAR.V,D,20200305,000000,0.04141,0.04828,0.04141,0.04583,0,0
HBAR.V,D,20200306,000000,0.04583,0.06302,0.04583,0.05918,0,0
HBAR.V,D,20200307,000000,0.05918,0.06322,0.05235,0.056,0,0
HBAR.V,D,20200308,000000,0.056,0.05842,0.04859,0.05068,0,0
HBAR.V,D,20200309,000000,0.05068,0.05498,0.04377,0.04528,0,0
HBAR.V,D,20200310,000000,0.04528,0.04824,0.04358,0.04476,0,0
HBAR.V,D,20200311,000000,0.04476,0.05419,0.04457,0.04815,0,0
HBAR.V,D,20200312,000000,0.04815,0.04815,0.02193,0.02616,0,0
HBAR.V,D,20200313,000000,0.02616,0.03605,0.02574,0.03537,0,0
HBAR.V,D,20200314,000000,0.03537,0.0441,0.03228,0.04006,0,0
HBAR.V,D,20200315,000000,0.04006,0.04618,0.03846,0.03964,0,0
HBAR.V,D,20200316,000000,0.03964,0.03964,0.03289,0.03597,0,0
HBAR.V,D,20200317,000000,0.03597,0.03923,0.0356,0.0371,0,0
HBAR.V,D,20200318,000000,0.0371,0.04011,0.03551,0.03686,0,0
HBAR.V,D,20200319,000000,0.03686,0.04688,0.03686,0.04088,0,0
HBAR.V,D,20200320,000000,0.04088,0.04233,0.03724,0.03811,0,0
HBAR.V,D,20200321,000000,0.03811,0.03841,0.03593,0.0373,0,0
HBAR.V,D,20200322,000000,0.0373,0.0373,0.03322,0.0334,0,0
HBAR.V,D,20200323,000000,0.0334,0.03759,0.0333,0.03447,0,0
HBAR.V,D,20200324,000000,0.03447,0.03702,0.03316,0.03363,0,0
HBAR.V,D,20200325,000000,0.03363,0.03535,0.0322,0.03273,0,0
HBAR.V,D,20200326,000000,0.03273,0.0346,0.03237,0.03392,0,0
HBAR.V,D,20200327,000000,0.03392,0.03392,0.03064,0.03179,0,0
HBAR.V,D,20200328,000000,0.03179,0.03264,0.03032,0.03101,0,0
HBAR.V,D,20200329,000000,0.03101,0.03182,0.02894,0.03047,0,0
HBAR.V,D,20200330,000000,0.03047,0.03368,0.03047,0.03176,0,0
HBAR.V,D,20200331,000000,0.03176,0.03237,0.03103,0.03193,0,0
HBAR.V,D,20200401,000000,0.03193,0.03492,0.03193,0.03265,0,0
HBAR.V,D,20200402,000000,0.03265,0.03484,0.03198,0.03341,0,0
HBAR.V,D,20200403,000000,0.03341,0.03426,0.03264,0.03399,0,0
HBAR.V,D,20200404,000000,0.03399,0.03465,0.03328,0.03355,0,0
HBAR.V,D,20200405,000000,0.03355,0.03355,0.03248,0.03289,0,0
HBAR.V,D,20200406,000000,0.03289,0.03563,0.03289,0.03512,0,0
HBAR.V,D,20200407,000000,0.03512,0.03512,0.03284,0.03363,0,0
HBAR.V,D,20200408,000000,0.03363,0.03492,0.03352,0.03396,0,0
HBAR.V,D,20200409,000000,0.03396,0.0352,0.03321,0.03491,0,0
HBAR.V,D,20200410,000000,0.03499,0.03806,0.03193,0.03287,0,0
HBAR.V,D,20200411,000000,0.03287,0.03348,0.03201,0.03272,0,0
HBAR.V,D,20200412,000000,0.03273,0.03459,0.03231,0.03451,0,0
HBAR.V,D,20200413,000000,0.03451,0.03493,0.03162,0.03237,0,0
HBAR.V,D,20200414,000000,0.03238,0.03336,0.03205,0.03307,0,0
HBAR.V,D,20200415,000000,0.03308,0.03347,0.03215,0.03237,0,0
HBAR.V,D,20200416,000000,0.03237,0.0335,0.03091,0.03293,0,0
HBAR.V,D,20200417,000000,0.03293,0.03346,0.03205,0.03251,0,0
HBAR.V,D,20200418,000000,0.03251,0.03445,0.03249,0.03384,0,0
HBAR.V,D,20200419,000000,0.03384,0.03454,0.03265,0.03322,0,0
HBAR.V,D,20200420,000000,0.0332,0.03368,0.03034,0.03129,0,0
HBAR.V,D,20200421,000000,0.03128,0.03159,0.03049,0.03106,0,0
HBAR.V,D,20200422,000000,0.03106,0.03368,0.03068,0.03303,0,0
HBAR.V,D,20200423,000000,0.03303,0.0339,0.03135,0.0333,0,0
HBAR.V,D,20200424,000000,0.03329,0.03392,0.03271,0.03322,0,0
HBAR.V,D,20200425,000000,0.03321,0.03406,0.03277,0.03337,0,0
HBAR.V,D,20200426,000000,0.03337,0.03503,0.033,0.03443,0,0
HBAR.V,D,20200427,000000,0.03451,0.03474,0.03336,0.03375,0,0
HBAR.V,D,20200428,000000,0.03374,0.0342,0.03338,0.03382,0,0
HBAR.V,D,20200429,000000,0.03374,0.03547,0.03349,0.03503,0,0
HBAR.V,D,20200430,000000,0.03512,0.03696,0.03399,0.03496,0,0
HBAR.V,D,20200501,000000,0.03496,0.04286,0.0349,0.04286,0,0
HBAR.V,D,20200502,000000,0.04286,0.04892,0.04169,0.044,0,0
HBAR.V,D,20200503,000000,0.044,0.045,0.03818,0.0387,0,0
HBAR.V,D,20200504,000000,0.0387,0.04199,0.036,0.03988,0,0
HBAR.V,D,20200505,000000,0.03988,0.04283,0.03851,0.03993,0,0
HBAR.V,D,20200506,000000,0.03993,0.04102,0.03897,0.04024,0,0
HBAR.V,D,20200507,000000,0.04024,0.04028,0.03762,0.03924,0,0
HBAR.V,D,20200508,000000,0.03923,0.04118,0.03837,0.04044,0,0
HBAR.V,D,20200509,000000,0.04045,0.04055,0.03879,0.03939,0,0
HBAR.V,D,20200510,000000,0.03939,0.03959,0.03271,0.03429,0,0
HBAR.V,D,20200511,000000,0.03429,0.03584,0.03157,0.0338,0,0
HBAR.V,D,20200512,000000,0.0338,0.03626,0.03321,0.03501,0,0
HBAR.V,D,20200513,000000,0.03501,0.036,0.03474,0.03577,0,0
HBAR.V,D,20200514,000000,0.03586,0.0388,0.03496,0.03776,0,0
HBAR.V,D,20200515,000000,0.03775,0.03861,0.03534,0.03615,0,0
HBAR.V,D,20200516,000000,0.03607,0.0371,0.03566,0.03603,0,0
HBAR.V,D,20200517,000000,0.03603,0.03657,0.03578,0.03622,0,0
HBAR.V,D,20200518,000000,0.03622,0.03709,0.03549,0.03554,0,0
HBAR.V,D,20200519,000000,0.03554,0.03657,0.03546,0.03612,0,0
HBAR.V,D,20200520,000000,0.03612,0.03944,0.03609,0.03772,0,0
HBAR.V,D,20200521,000000,0.03772,0.0387,0.03507,0.03595,0,0
HBAR.V,D,20200522,000000,0.03595,0.03816,0.03567,0.03747,0,0
HBAR.V,D,20200523,000000,0.03747,0.03856,0.03663,0.03728,0,0
HBAR.V,D,20200524,000000,0.03729,0.03854,0.03619,0.03831,0,0
HBAR.V,D,20200525,000000,0.03832,0.04079,0.03661,0.03988,0,0
HBAR.V,D,20200526,000000,0.03988,0.04794,0.03956,0.0455,0,0
HBAR.V,D,20200527,000000,0.0455,0.0456,0.04021,0.043,0,0
HBAR.V,D,20200528,000000,0.043,0.05099,0.043,0.04699,0,0
HBAR.V,D,20200529,000000,0.04699,0.04739,0.04333,0.0445,0,0
HBAR.V,D,20200530,000000,0.0445,0.04591,0.04412,0.04571,0,0
HBAR.V,D,20200531,000000,0.04571,0.04619,0.04434,0.04448,0,0
HBAR.V,D,20200601,000000,0.04448,0.04518,0.04324,0.04401,0,0
HBAR.V,D,20200602,000000,0.04402,0.04479,0.04037,0.04265,0,0
HBAR.V,D,20200603,000000,0.04265,0.04448,0.04143,0.04371,0,0
HBAR.V,D,20200604,000000,0.04371,0.04459,0.04225,0.04352,0,0
HBAR.V,D,20200605,000000,0.04352,0.04539,0.04346,0.04444,0,0
HBAR.V,D,20200606,000000,0.04445,0.04447,0.04317,0.04402,0,0
HBAR.V,D,20200607,000000,0.04402,0.0443,0.04179,0.0438,0,0
HBAR.V,D,20200608,000000,0.0438,0.04407,0.04309,0.0439,0,0
HBAR.V,D,20200609,000000,0.0439,0.0445,0.04295,0.04361,0,0
HBAR.V,D,20200610,000000,0.04361,0.04503,0.04314,0.04503,0,0
HBAR.V,D,20200611,000000,0.04504,0.04576,0.04084,0.04134,0,0
HBAR.V,D,20200612,000000,0.04134,0.04302,0.04,0.04191,0,0
HBAR.V,D,20200613,000000,0.04179,0.04264,0.04137,0.04213,0,0
HBAR.V,D,20200614,000000,0.04213,0.04307,0.0409,0.04109,0,0
HBAR.V,D,20200615,000000,0.0411,0.04141,0.03832,0.04077,0,0
HBAR.V,D,20200616,000000,0.04077,0.04318,0.04045,0.04145,0,0
HBAR.V,D,20200617,000000,0.04145,0.04284,0.04105,0.04281,0,0
HBAR.V,D,20200618,000000,0.04281,0.04996,0.04217,0.04542,0,0
HBAR.V,D,20200619,000000,0.04542,0.04632,0.04307,0.04379,0,0
HBAR.V,D,20200620,000000,0.04379,0.04473,0.04261,0.04393,0,0
HBAR.V,D,20200621,000000,0.04393,0.04433,0.0433,0.04394,0,0
HBAR.V,D,20200622,000000,0.04394,0.04418,0.04322,0.0439,0,0
HBAR.V,D,20200623,000000,0.04389,0.0441,0.04239,0.04269,0,0
HBAR.V,D,20200624,000000,0.04269,0.04286,0.04056,0.04122,0,0
HBAR.V,D,20200625,000000,0.04122,0.04169,0.03979,0.0405,0,0
HBAR.V,D,20200626,000000,0.0405,0.04075,0.03874,0.039,0,0
HBAR.V,D,20200627,000000,0.03902,0.0398,0.03691,0.03724,0,0
HBAR.V,D,20200628,000000,0.0373,0.03912,0.03648,0.03816,0,0
HBAR.V,D,20200629,000000,0.03816,0.03893,0.03718,0.0386,0,0
HBAR.V,D,20200630,000000,0.03859,0.03909,0.03771,0.0384,0,0
HBAR.V,D,20200701,000000,0.03839,0.03934,0.03805,0.03917,0,0
HBAR.V,D,20200702,000000,0.03917,0.03993,0.03716,0.03789,0,0
HBAR.V,D,20200703,000000,0.03789,0.04065,0.03766,0.03998,0,0
HBAR.V,D,20200704,000000,0.03998,0.04119,0.03932,0.04077,0,0
HBAR.V,D,20200705,000000,0.04076,0.04128,0.03873,0.03898,0,0
HBAR.V,D,20200706,000000,0.03898,0.04062,0.03898,0.0401,0,0
HBAR.V,D,20200707,000000,0.0401,0.04155,0.03969,0.04081,0,0
HBAR.V,D,20200708,000000,0.04081,0.04185,0.04003,0.04126,0,0
HBAR.V,D,20200709,000000,0.04126,0.0423,0.03973,0.04075,0,0
HBAR.V,D,20200710,000000,0.04075,0.04169,0.04011,0.0408,0,0
HBAR.V,D,20200711,000000,0.0408,0.04166,0.0408,0.04142,0,0
HBAR.V,D,20200712,000000,0.04142,0.04312,0.04052,0.043,0,0
HBAR.V,D,20200713,000000,0.043,0.04353,0.04079,0.04145,0,0
HBAR.V,D,20200714,000000,0.04145,0.04146,0.04016,0.04065,0,0
HBAR.V,D,20200715,000000,0.04065,0.04135,0.04005,0.0406,0,0
HBAR.V,D,20200716,000000,0.04041,0.04069,0.03808,0.03879,0,0
HBAR.V,D,20200717,000000,0.03879,0.03969,0.03846,0.03936,0,0
HBAR.V,D,20200718,000000,0.03935,0.04019,0.03906,0.03976,0,0
HBAR.V,D,20200719,000000,0.03984,0.04057,0.03933,0.04028,0,0
HBAR.V,D,20200720,000000,0.04028,0.04208,0.0399,0.04074,0,0
HBAR.V,D,20200721,000000,0.04074,0.04173,0.04051,0.04082,0,0
HBAR.V,D,20200722,000000,0.04072,0.04355,0.04072,0.0422,0,0
HBAR.V,D,20200723,000000,0.0422,0.04372,0.04186,0.04279,0,0
HBAR.V,D,20200724,000000,0.04279,0.0429,0.0416,0.04236,0,0
HBAR.V,D,20200725,000000,0.04236,0.0438,0.04223,0.04313,0,0
HBAR.V,D,20200726,000000,0.04313,0.04354,0.04064,0.04153,0,0
HBAR.V,D,20200727,000000,0.04153,0.04202,0.03909,0.04007,0,0
HBAR.V,D,20200728,000000,0.04007,0.04348,0.03972,0.04206,0,0
HBAR.V,D,20200729,000000,0.04206,0.04504,0.04205,0.04446,0,0
