<TICKER>,<PER>,<DATE>,<TIME>,<OPEN>,<HIGH>,<LOW>,<CLOSE>,<VOL>,<OPENINT>
HOT.V,D,20180418,000000,0.02928,0.0326,0.0275,0.03056,0,0
HOT.V,D,20180419,000000,0.03056,0.035,0.03056,0.03379,0,0
HOT.V,D,20180420,000000,0.03379,0.03946,0.03228,0.03888,0,0
HOT.V,D,20180421,000000,0.03888,0.0436,0.03512,0.03934,0,0
HOT.V,D,20180422,000000,0.03934,0.05522,0.03934,0.04613,0,0
HOT.V,D,20180423,000000,0.04613,0.05797,0.04613,0.05495,0,0
HOT.V,D,20180424,000000,0.05495,0.06059,0.0526,0.05514,0,0
HOT.V,D,20180425,000000,0.05515,0.05515,0.03781,0.04571,0,0
HOT.V,D,20180426,000000,0.0457,0.05622,0.045,0.05181,0,0
HOT.V,D,20180427,000000,0.05181,0.05286,0.04568,0.05222,0,0
HOT.V,D,20180428,000000,0.0522,0.06045,0.04918,0.05362,0,0
HOT.V,D,20180429,000000,0.05362,0.06879,0.05148,0.06613,0,0
HOT.V,D,20180430,000000,0.06613,0.08711,0.06235,0.07947,0,0
HOT.V,D,20180501,000000,0.07947,0.09391,0.07345,0.07976,0,0
HOT.V,D,20180502,000000,0.07976,0.08715,0.07843,0.08158,0,0
HOT.V,D,20180503,000000,0.08158,0.1002,0.07854,0.09246,0,0
HOT.V,D,20180504,000000,0.09248,0.1294,0.07842,0.0894,0,0
HOT.V,D,20180505,000000,0.0894,0.1143,0.0894,0.1021,0,0
HOT.V,D,20180506,000000,0.1021,0.1034,0.08007,0.09793,0,0
HOT.V,D,20180507,000000,0.09793,0.09793,0.07149,0.08036,0,0
HOT.V,D,20180508,000000,0.08036,0.08226,0.07261,0.07312,0,0
HOT.V,D,20180509,000000,0.07312,0.08189,0.06652,0.07836,0,0
HOT.V,D,20180510,000000,0.07836,0.07836,0.06513,0.0678,0,0
HOT.V,D,20180511,000000,0.0678,0.0678,0.04147,0.05136,0,0
HOT.V,D,20180512,000000,0.05136,0.06741,0.05056,0.053,0,0
HOT.V,D,20180513,000000,0.053,0.06929,0.053,0.05992,0,0
HOT.V,D,20180514,000000,0.05992,0.08729,0.05368,0.08052,0,0
HOT.V,D,20180515,000000,0.08052,0.08298,0.05687,0.07367,0,0
HOT.V,D,20180516,000000,0.07367,0.07456,0.06036,0.0672,0,0
HOT.V,D,20180517,000000,0.0672,0.06991,0.06063,0.06558,0,0
HOT.V,D,20180518,000000,0.06558,0.07074,0.06497,0.06797,0,0
HOT.V,D,20180519,000000,0.06797,0.07657,0.06612,0.06612,0,0
HOT.V,D,20180520,000000,0.06612,0.06974,0.0616,0.06487,0,0
HOT.V,D,20180521,000000,0.06487,0.06487,0.06171,0.06307,0,0
HOT.V,D,20180522,000000,0.06307,0.06307,0.05575,0.05862,0,0
HOT.V,D,20180523,000000,0.05864,0.05864,0.04737,0.05277,0,0
HOT.V,D,20180524,000000,0.05277,0.06598,0.05089,0.06207,0,0
HOT.V,D,20180525,000000,0.06207,0.07602,0.05848,0.07175,0,0
HOT.V,D,20180526,000000,0.07175,0.07187,0.06443,0.06754,0,0
HOT.V,D,20180527,000000,0.06754,0.06754,0.06192,0.06403,0,0
HOT.V,D,20180528,000000,0.06403,0.06403,0.05412,0.05668,0,0
HOT.V,D,20180529,000000,0.05668,0.06272,0.05668,0.06272,0,0
HOT.V,D,20180530,000000,0.06273,0.06273,0.06167,0.06167,0,0
HOT.V,D,20180531,000000,0.06167,0.0639,0.06167,0.0639,0,0
HOT.V,D,20180601,000000,0.0639,0.0641,0.0639,0.0641,0,0
HOT.V,D,20180602,000000,0.0641,0.06537,0.0641,0.06537,0,0
HOT.V,D,20180603,000000,0.06537,0.06853,0.06537,0.06853,0,0
HOT.V,D,20180604,000000,0.06853,0.06853,0.06546,0.06546,0,0
HOT.V,D,20180605,000000,0.06546,0.06733,0.05616,0.05687,0,0
HOT.V,D,20180606,000000,0.05687,0.05696,0.05484,0.05654,0,0
HOT.V,D,20180607,000000,0.05654,0.05696,0.0538,0.05513,0,0
HOT.V,D,20180608,000000,0.05513,0.05513,0.05241,0.05475,0,0
HOT.V,D,20180609,000000,0.05475,0.05475,0.04922,0.04922,0,0
HOT.V,D,20180610,000000,0.04922,0.04922,0.0406,0.04088,0,0
HOT.V,D,20180611,000000,0.04088,0.04362,0.03267,0.04362,0,0
HOT.V,D,20180612,000000,0.04362,0.04362,0.03707,0.03867,0,0
HOT.V,D,20180613,000000,0.03867,0.03938,0.03633,0.03648,0,0
HOT.V,D,20180614,000000,0.03648,0.04097,0.03648,0.03897,0,0
HOT.V,D,20180615,000000,0.03897,0.04337,0.03573,0.03973,0,0
HOT.V,D,20180616,000000,0.03973,0.04226,0.03891,0.04113,0,0
HOT.V,D,20180617,000000,0.04113,0.04259,0.03818,0.03868,0,0
HOT.V,D,20180618,000000,0.03869,0.04072,0.03733,0.03843,0,0
HOT.V,D,20180619,000000,0.03843,0.04182,0.03843,0.03905,0,0
HOT.V,D,20180620,000000,0.03905,0.0397,0.03485,0.03485,0,0
HOT.V,D,20180621,000000,0.03485,0.0355,0.03073,0.0324,0,0
HOT.V,D,20180622,000000,0.0324,0.0324,0.02595,0.02619,0,0
HOT.V,D,20180623,000000,0.02619,0.02863,0.02428,0.02611,0,0
HOT.V,D,20180624,000000,0.02611,0.03684,0.02331,0.02707,0,0
HOT.V,D,20180625,000000,0.02707,0.03011,0.02602,0.02812,0,0
HOT.V,D,20180626,000000,0.02812,0.02853,0.02594,0.02837,0,0
HOT.V,D,20180627,000000,0.02839,0.0292,0.02651,0.02783,0,0
HOT.V,D,20180628,000000,0.02784,0.02784,0.02588,0.02658,0,0
HOT.V,D,20180629,000000,0.02658,0.02791,0.02658,0.02686,0,0
HOT.V,D,20180630,000000,0.02686,0.02944,0.02686,0.02916,0,0
HOT.V,D,20180701,000000,0.02916,0.02916,0.02757,0.02757,0,0
HOT.V,D,20180702,000000,0.02758,0.03238,0.02653,0.02961,0,0
HOT.V,D,20180703,000000,0.02955,0.03002,0.02692,0.02854,0,0
HOT.V,D,20180704,000000,0.02853,0.02943,0.02523,0.02796,0,0
HOT.V,D,20180705,000000,0.02796,0.02878,0.02338,0.02557,0,0
HOT.V,D,20180706,000000,0.02557,0.0329,0.02479,0.02914,0,0
HOT.V,D,20180707,000000,0.02914,0.03643,0.02914,0.03192,0,0
HOT.V,D,20180708,000000,0.03192,0.03277,0.02874,0.03093,0,0
HOT.V,D,20180709,000000,0.03093,0.03093,0.02452,0.02723,0,0
HOT.V,D,20180710,000000,0.02723,0.03133,0.02353,0.03133,0,0
HOT.V,D,20180711,000000,0.03133,0.03565,0.02804,0.03108,0,0
HOT.V,D,20180712,000000,0.03108,0.0329,0.02982,0.03172,0,0
HOT.V,D,20180713,000000,0.03172,0.03458,0.02383,0.02964,0,0
HOT.V,D,20180714,000000,0.02964,0.04906,0.02801,0.02828,0,0
HOT.V,D,20180715,000000,0.02828,0.02947,0.02828,0.02901,0,0
HOT.V,D,20180716,000000,0.02901,0.0318,0.02901,0.03139,0,0
HOT.V,D,20180717,000000,0.03139,0.03743,0.03139,0.03284,0,0
HOT.V,D,20180718,000000,0.03284,0.03284,0.03018,0.03165,0,0
HOT.V,D,20180719,000000,0.03165,0.03165,0.02902,0.02905,0,0
HOT.V,D,20180720,000000,0.02905,0.02999,0.02779,0.0294,0,0
HOT.V,D,20180721,000000,0.0294,0.03458,0.02766,0.02861,0,0
HOT.V,D,20180722,000000,0.02861,0.03308,0.02803,0.02989,0,0
HOT.V,D,20180723,000000,0.02989,0.03821,0.02878,0.03082,0,0
HOT.V,D,20180724,000000,0.03082,0.0374,0.028,0.02937,0,0
HOT.V,D,20180725,000000,0.02936,0.03051,0.02883,0.02913,0,0
HOT.V,D,20180726,000000,0.02913,0.03103,0.02546,0.02884,0,0
HOT.V,D,20180727,000000,0.02884,0.02959,0.02884,0.02939,0,0
HOT.V,D,20180728,000000,0.02939,0.02949,0.0288,0.02895,0,0
HOT.V,D,20180729,000000,0.02895,0.03245,0.02876,0.02928,0,0
HOT.V,D,20180730,000000,0.02928,0.02928,0.02798,0.02838,0,0
HOT.V,D,20180731,000000,0.02838,0.02838,0.02554,0.02556,0,0
HOT.V,D,20180801,000000,0.02556,0.02556,0.02098,0.02098,0,0
HOT.V,D,20180802,000000,0.02098,0.02267,0.01921,0.01934,0,0
HOT.V,D,20180803,000000,0.01934,0.01972,0.01817,0.01837,0,0
HOT.V,D,20180804,000000,0.01837,0.01906,0.01774,0.0185,0,0
HOT.V,D,20180805,000000,0.0185,0.01899,0.01816,0.01839,0,0
HOT.V,D,20180806,000000,0.01839,0.02045,0.01799,0.01851,0,0
HOT.V,D,20180807,000000,0.01851,0.01929,0.01674,0.01828,0,0
HOT.V,D,20180808,000000,0.01828,0.01921,0.01675,0.01866,0,0
HOT.V,D,20180809,000000,0.01866,0.02006,0.01808,0.01841,0,0
HOT.V,D,20180810,000000,0.01841,0.01841,0.01655,0.01745,0,0
HOT.V,D,20180811,000000,0.01745,0.01745,0.01525,0.01531,0,0
HOT.V,D,20180812,000000,0.01531,0.01537,0.0149,0.0151,0,0
HOT.V,D,20180813,000000,0.01511,0.01511,0.01317,0.01345,0,0
HOT.V,D,20180814,000000,0.01345,0.0137,0.01183,0.01193,0,0
HOT.V,D,20180815,000000,0.01193,0.01372,0.01193,0.01284,0,0
HOT.V,D,20180816,000000,0.01284,0.0132,0.01176,0.01178,0,0
HOT.V,D,20180817,000000,0.01178,0.01444,0.01178,0.0127,0,0
HOT.V,D,20180818,000000,0.0127,0.0127,0.01134,0.01218,0,0
HOT.V,D,20180819,000000,0.01218,0.01255,0.01177,0.01222,0,0
HOT.V,D,20180820,000000,0.01222,0.01222,0.01098,0.01128,0,0
HOT.V,D,20180821,000000,0.01127,0.01201,0.01127,0.01168,0,0
HOT.V,D,20180822,000000,0.01168,0.01168,0.01096,0.01153,0,0
HOT.V,D,20180823,000000,0.01153,0.01206,0.01153,0.01195,0,0
HOT.V,D,20180824,000000,0.01195,0.01226,0.01187,0.01212,0,0
HOT.V,D,20180825,000000,0.01212,0.01221,0.01194,0.01219,0,0
HOT.V,D,20180826,000000,0.01219,0.01226,0.01203,0.01223,0,0
HOT.V,D,20180827,000000,0.01223,0.01296,0.01223,0.01266,0,0
HOT.V,D,20180828,000000,0.01266,0.01318,0.01266,0.01309,0,0
HOT.V,D,20180829,000000,0.01309,0.01396,0.01156,0.01323,0,0
HOT.V,D,20180830,000000,0.01323,0.01356,0.01276,0.01305,0,0
HOT.V,D,20180831,000000,0.01305,0.01333,0.0129,0.01328,0,0
HOT.V,D,20180901,000000,0.01328,0.01593,0.01328,0.01443,0,0
HOT.V,D,20180902,000000,0.01443,0.01443,0.001097,0.001171,0,0
HOT.V,D,20180903,000000,0.001171,0.0139,0.001171,0.01361,0,0
HOT.V,D,20180904,000000,0.01361,0.01375,0.01335,0.01374,0,0
HOT.V,D,20180905,000000,0.01374,0.01374,0.01078,0.01194,0,0
HOT.V,D,20180906,000000,0.01194,0.0125,0.01161,0.01186,0,0
HOT.V,D,20180907,000000,0.01186,0.01186,0.01104,0.01172,0,0
HOT.V,D,20180908,000000,0.01172,0.01172,0.01042,0.01114,0,0
HOT.V,D,20180909,000000,0.01114,0.01156,0.01078,0.01117,0,0
HOT.V,D,20180910,000000,0.01117,0.01134,0.01098,0.01102,0,0
HOT.V,D,20180911,000000,0.01102,0.01102,0.009624,0.01061,0,0
HOT.V,D,20180912,000000,0.01061,0.01126,0.01036,0.01068,0,0
HOT.V,D,20180913,000000,0.01068,0.01234,0.01068,0.01139,0,0
HOT.V,D,20180914,000000,0.01139,0.01216,0.009829,0.01139,0,0
HOT.V,D,20180915,000000,0.01139,0.01213,0.01139,0.0117,0,0
HOT.V,D,20180916,000000,0.0117,0.01206,0.01153,0.01169,0,0
HOT.V,D,20180917,000000,0.01169,0.01169,0.009769,0.01018,0,0
HOT.V,D,20180918,000000,0.01018,0.01272,0.01005,0.01028,0,0
HOT.V,D,20180919,000000,0.01028,0.01071,0.01005,0.01016,0,0
HOT.V,D,20180920,000000,0.01016,0.01175,0.01016,0.01061,0,0
HOT.V,D,20180921,000000,0.01061,0.01214,0.01061,0.01115,0,0
HOT.V,D,20180922,000000,0.01115,0.01115,0.01051,0.01089,0,0
HOT.V,D,20180923,000000,0.01089,0.01137,0.01079,0.01088,0,0
HOT.V,D,20180924,000000,0.01088,0.01114,0.009673,0.01065,0,0
HOT.V,D,20180925,000000,0.01065,0.01143,0.0095,0.01044,0,0
HOT.V,D,20180926,000000,0.01044,0.01052,0.009978,0.01026,0,0
HOT.V,D,20180927,000000,0.01026,0.01111,0.01026,0.01068,0,0
HOT.V,D,20180928,000000,0.01068,0.01068,0.01014,0.0104,0,0
HOT.V,D,20180929,000000,0.0104,0.01107,0.01007,0.01049,0,0
HOT.V,D,20180930,000000,0.01049,0.01102,0.01016,0.01067,0,0
HOT.V,D,20181001,000000,0.01067,0.01069,0.01036,0.01043,0,0
HOT.V,D,20181002,000000,0.01043,0.01043,0.01003,0.01021,0,0
HOT.V,D,20181003,000000,0.01021,0.01048,0.009954,0.01043,0,0
HOT.V,D,20181004,000000,0.01043,0.01057,0.01023,0.01037,0,0
HOT.V,D,20181005,000000,0.01037,0.01085,0.01023,0.01036,0,0
HOT.V,D,20181006,000000,0.01036,0.01066,0.01016,0.01041,0,0
HOT.V,D,20181007,000000,0.01041,0.0105,0.01024,0.01035,0,0
HOT.V,D,20181008,000000,0.01035,0.01084,0.01035,0.01041,0,0
HOT.V,D,20181009,000000,0.01041,0.01049,0.01029,0.01041,0,0
HOT.V,D,20181010,000000,0.01041,0.01041,0.01018,0.01023,0,0
HOT.V,D,20181011,000000,0.01023,0.01023,0.008614,0.009146,0,0
HOT.V,D,20181012,000000,0.009146,0.009557,0.009146,0.009295,0,0
HOT.V,D,20181013,000000,0.009295,0.009496,0.009295,0.009398,0,0
HOT.V,D,20181014,000000,0.009398,0.009398,0.009007,0.00928,0,0
HOT.V,D,20181015,000000,0.00928,0.01006,0.009222,0.009785,0,0
HOT.V,D,20181016,000000,0.009785,0.009785,0.006876,0.009716,0,0
HOT.V,D,20181017,000000,0.009716,0.009838,0.009527,0.009795,0,0
HOT.V,D,20181018,000000,0.009795,0.01096,0.009543,0.01031,0,0
HOT.V,D,20181019,000000,0.01031,0.01173,0.01031,0.01157,0,0
HOT.V,D,20181020,000000,0.01157,0.01187,0.01006,0.01049,0,0
HOT.V,D,20181021,000000,0.01049,0.01049,0.01014,0.0103,0,0
HOT.V,D,20181022,000000,0.0103,0.01059,0.01024,0.01048,0,0
HOT.V,D,20181023,000000,0.01048,0.01067,0.01032,0.01036,0,0
HOT.V,D,20181024,000000,0.01036,0.0104,0.01022,0.01035,0,0
HOT.V,D,20181025,000000,0.01035,0.01035,0.009816,0.009842,0,0
HOT.V,D,20181026,000000,0.009842,0.009955,0.009638,0.009709,0,0
HOT.V,D,20181027,000000,0.009709,0.009709,0.009635,0.009677,0,0
HOT.V,D,20181028,000000,0.009677,0.00973,0.009622,0.00965,0,0
HOT.V,D,20181029,000000,0.009651,0.009651,0.009185,0.009273,0,0
HOT.V,D,20181030,000000,0.009273,0.009305,0.009095,0.009186,0,0
HOT.V,D,20181031,000000,0.009187,0.009275,0.008998,0.008998,0,0
HOT.V,D,20181101,000000,0.008998,0.009138,0.008998,0.009086,0,0
HOT.V,D,20181102,000000,0.009086,0.009235,0.009,0.009002,0,0
HOT.V,D,20181103,000000,0.009002,0.009002,0.008878,0.008878,0,0
HOT.V,D,20181104,000000,0.008878,0.009506,0.008878,0.009094,0,0
HOT.V,D,20181105,000000,0.009095,0.009139,0.008822,0.008835,0,0
HOT.V,D,20181106,000000,0.008835,0.009514,0.008703,0.008765,0,0
HOT.V,D,20181107,000000,0.008764,0.008765,0.008574,0.008765,0,0
HOT.V,D,20181108,000000,0.008767,0.008767,0.008291,0.008606,0,0
HOT.V,D,20181109,000000,0.008606,0.008606,0.007806,0.008397,0,0
HOT.V,D,20181110,000000,0.008397,0.009436,0.008397,0.008887,0,0
HOT.V,D,20181111,000000,0.008887,0.008995,0.008826,0.008995,0,0
HOT.V,D,20181112,000000,0.008887,0.008947,0.00858,0.008683,0,0
HOT.V,D,20181113,000000,0.008683,0.008683,0.008449,0.008521,0,0
HOT.V,D,20181114,000000,0.008521,0.008521,0.007418,0.007464,0,0
HOT.V,D,20181115,000000,0.007464,0.007466,0.007058,0.007214,0,0
HOT.V,D,20181116,000000,0.007215,0.007215,0.006897,0.007025,0,0
HOT.V,D,20181117,000000,0.007025,0.007026,0.006934,0.007007,0,0
HOT.V,D,20181118,000000,0.007007,0.007336,0.007007,0.00732,0,0
HOT.V,D,20181119,000000,0.00732,0.00732,0.006111,0.006397,0,0
HOT.V,D,20181120,000000,0.006397,0.006397,0.00489,0.005294,0,0
HOT.V,D,20181121,000000,0.005294,0.006309,0.004095,0.005072,0,0
HOT.V,D,20181122,000000,0.005072,0.005072,0.004007,0.004694,0,0
HOT.V,D,20181123,000000,0.004694,0.004741,0.004176,0.004429,0,0
HOT.V,D,20181124,000000,0.004429,0.004429,0.003694,0.003769,0,0
HOT.V,D,20181125,000000,0.003769,0.003977,0.003073,0.003249,0,0
HOT.V,D,20181126,000000,0.003247,0.003247,0.002958,0.002978,0,0
HOT.V,D,20181127,000000,0.002978,0.003083,0.002755,0.003003,0,0
HOT.V,D,20181128,000000,0.003003,0.003597,0.003003,0.003471,0,0
HOT.V,D,20181129,000000,0.003471,0.003499,0.003137,0.003453,0,0
HOT.V,D,20181130,000000,0.003453,0.0037,0.003227,0.003528,0,0
HOT.V,D,20181201,000000,0.003528,0.003858,0.003463,0.0036,0,0
HOT.V,D,20181202,000000,0.0036,0.0036,0.003338,0.003475,0,0
HOT.V,D,20181203,000000,0.003476,0.003476,0.0022,0.003104,0,0
HOT.V,D,20181204,000000,0.003104,0.003764,0.003104,0.00342,0,0
HOT.V,D,20181205,000000,0.00342,0.003555,0.003064,0.003353,0,0
HOT.V,D,20181206,000000,0.003353,0.003353,0.002718,0.002991,0,0
HOT.V,D,20181207,000000,0.002991,0.003275,0.002807,0.003083,0,0
HOT.V,D,20181208,000000,0.003083,0.003102,0.002743,0.00299,0,0
HOT.V,D,20181209,000000,0.00299,0.003302,0.00296,0.003244,0,0
HOT.V,D,20181210,000000,0.003244,0.003244,0.002866,0.003056,0,0
HOT.V,D,20181211,000000,0.003056,0.003056,0.002642,0.002842,0,0
HOT.V,D,20181212,000000,0.002842,0.003073,0.002818,0.00295,0,0
HOT.V,D,20181213,000000,0.00295,0.003286,0.002483,0.003129,0,0
HOT.V,D,20181214,000000,0.003129,0.003129,0.002425,0.002604,0,0
HOT.V,D,20181215,000000,0.002604,0.003185,0.002424,0.002713,0,0
HOT.V,D,20181216,000000,0.002713,0.003223,0.002246,0.002753,0,0
HOT.V,D,20181217,000000,0.002753,0.0034,0.002686,0.002887,0,0
HOT.V,D,20181218,000000,0.002887,0.003214,0.002887,0.003125,0,0
HOT.V,D,20181219,000000,0.003125,0.003141,0.002898,0.003078,0,0
HOT.V,D,20181220,000000,0.003078,0.003676,0.003078,0.003496,0,0
HOT.V,D,20181221,000000,0.003496,0.003496,0.002955,0.003214,0,0
HOT.V,D,20181222,000000,0.003214,0.004025,0.003214,0.003815,0,0
HOT.V,D,20181223,000000,0.003815,0.00447,0.003453,0.003939,0,0
HOT.V,D,20181224,000000,0.003939,0.005129,0.003757,0.004508,0,0
HOT.V,D,20181225,000000,0.004508,0.004581,0.00339,0.004448,0,0
HOT.V,D,20181226,000000,0.004448,0.004509,0.003656,0.004509,0,0
HOT.V,D,20181227,000000,0.004509,0.004509,0.003874,0.004389,0,0
HOT.V,D,20181228,000000,0.004389,0.005561,0.004389,0.005433,0,0
HOT.V,D,20181229,000000,0.005433,0.005433,0.004996,0.005143,0,0
HOT.V,D,20181230,000000,0.005143,0.005311,0.005064,0.005215,0,0
HOT.V,D,20181231,000000,0.005215,0.005215,0.004296,0.004987,0,0
HOT.V,D,20190101,000000,0.004987,0.005364,0.004987,0.005364,0,0
HOT.V,D,20190102,000000,0.005364,0.005887,0.005208,0.005208,0,0
HOT.V,D,20190103,000000,0.005208,0.005208,0.004609,0.004991,0,0
HOT.V,D,20190104,000000,0.004991,0.005212,0.004809,0.004809,0,0
HOT.V,D,20190105,000000,0.004809,0.005135,0.004587,0.004837,0,0
HOT.V,D,20190106,000000,0.004837,0.005336,0.004769,0.004969,0,0
HOT.V,D,20190107,000000,0.004969,0.00515,0.004662,0.004736,0,0
HOT.V,D,20190108,000000,0.004736,0.005103,0.004459,0.004658,0,0
HOT.V,D,20190109,000000,0.004658,0.005128,0.004658,0.004859,0,0
HOT.V,D,20190110,000000,0.004859,0.004859,0.00409,0.00409,0,0
HOT.V,D,20190111,000000,0.00409,0.00409,0.004064,0.004064,0,0
HOT.V,D,20190112,000000,0.004064,0.004345,0.003798,0.003884,0,0
HOT.V,D,20190113,000000,0.003884,0.003884,0.003598,0.003598,0,0
HOT.V,D,20190114,000000,0.003598,0.004005,0.003273,0.003273,0,0
HOT.V,D,20190115,000000,0.003273,0.004363,0.003058,0.003149,0,0
HOT.V,D,20190116,000000,0.003149,0.003247,0.002899,0.003041,0,0
HOT.V,D,20190117,000000,0.003041,0.003089,0.002546,0.00261,0,0
HOT.V,D,20190118,000000,0.00261,0.00261,0.00238,0.00244,0,0
HOT.V,D,20190119,000000,0.00244,0.00303,0.002338,0.002601,0,0
HOT.V,D,20190120,000000,0.002601,0.002684,0.002466,0.002569,0,0
HOT.V,D,20190121,000000,0.002569,0.002569,0.002434,0.002434,0,0
HOT.V,D,20190122,000000,0.002434,0.002484,0.002434,0.002484,0,0
HOT.V,D,20190123,000000,0.002484,0.002891,0.002451,0.002768,0,0
HOT.V,D,20190124,000000,0.002768,0.002771,0.002585,0.002585,0,0
HOT.V,D,20190125,000000,0.002585,0.002852,0.002546,0.002561,0,0
HOT.V,D,20190126,000000,0.002561,0.002886,0.002492,0.002701,0,0
HOT.V,D,20190127,000000,0.002701,0.002701,0.002431,0.002628,0,0
HOT.V,D,20190128,000000,0.002628,0.002766,0.00249,0.002498,0,0
HOT.V,D,20190129,000000,0.002498,0.002498,0.002391,0.002391,0,0
HOT.V,D,20190130,000000,0.002391,0.002489,0.002391,0.002489,0,0
HOT.V,D,20190131,000000,0.002489,0.002771,0.00244,0.002598,0,0
HOT.V,D,20190201,000000,0.002598,0.002782,0.002598,0.002612,0,0
HOT.V,D,20190202,000000,0.002612,0.002829,0.002611,0.002664,0,0
HOT.V,D,20190203,000000,0.002664,0.002664,0.002573,0.002573,0,0
HOT.V,D,20190204,000000,0.002573,0.002573,0.002566,0.002566,0,0
HOT.V,D,20190205,000000,0.002566,0.002566,0.002566,0.002566,0,0
HOT.V,D,20190206,000000,0.002566,0.002569,0.002508,0.002569,0,0
HOT.V,D,20190207,000000,0.002569,0.002569,0.002435,0.002435,0,0
HOT.V,D,20190208,000000,0.002435,0.00279,0.002435,0.002581,0,0
HOT.V,D,20190209,000000,0.002581,0.002581,0.00258,0.00258,0,0
HOT.V,D,20190210,000000,0.00258,0.002713,0.00258,0.002713,0,0
HOT.V,D,20190211,000000,0.002713,0.003362,0.002608,0.003362,0,0
HOT.V,D,20190212,000000,0.003362,0.003414,0.003362,0.003414,0,0
HOT.V,D,20190213,000000,0.003414,0.003414,0.003405,0.003405,0,0
HOT.V,D,20190214,000000,0.003405,0.003405,0.001889,0.001891,0,0
HOT.V,D,20190215,000000,0.001891,0.00191,0.001891,0.00191,0,0
HOT.V,D,20190216,000000,0.00191,0.002609,0.00191,0.002513,0,0
HOT.V,D,20190217,000000,0.002513,0.002738,0.002513,0.002738,0,0
HOT.V,D,20190218,000000,0.002738,0.003241,0.002738,0.002989,0,0
HOT.V,D,20190219,000000,0.002989,0.002989,0.002787,0.002787,0,0
HOT.V,D,20190220,000000,0.002787,0.003067,0.002787,0.002923,0,0
HOT.V,D,20190221,000000,0.002923,0.002923,0.002867,0.002867,0,0
HOT.V,D,20190222,000000,0.002867,0.00292,0.002789,0.002789,0,0
HOT.V,D,20190223,000000,0.002789,0.003167,0.002789,0.003167,0,0
HOT.V,D,20190224,000000,0.003167,0.003167,0.00245,0.00256,0,0
HOT.V,D,20190225,000000,0.00256,0.002828,0.002351,0.002828,0,0
HOT.V,D,20190226,000000,0.002828,0.002828,0.002789,0.002789,0,0
HOT.V,D,20190227,000000,0.002789,0.002789,0.002765,0.002765,0,0
HOT.V,D,20190228,000000,0.002765,0.002772,0.002765,0.002772,0,0
HOT.V,D,20190301,000000,0.002772,0.002772,0.00262,0.00262,0,0
HOT.V,D,20190302,000000,0.00262,0.00262,0.002575,0.002575,0,0
HOT.V,D,20190303,000000,0.002575,0.002633,0.002524,0.002633,0,0
HOT.V,D,20190304,000000,0.002633,0.002682,0.002537,0.002682,0,0
HOT.V,D,20190305,000000,0.002682,0.002925,0.002682,0.002752,0,0
HOT.V,D,20190306,000000,0.002752,0.002968,0.002752,0.002968,0,0
HOT.V,D,20190307,000000,0.002968,0.003004,0.00282,0.003004,0,0
HOT.V,D,20190308,000000,0.003004,0.003042,0.002905,0.002924,0,0
HOT.V,D,20190309,000000,0.002924,0.00401,0.002924,0.003217,0,0
HOT.V,D,20190310,000000,0.003217,0.003217,0.003173,0.003173,0,0
HOT.V,D,20190311,000000,0.003173,0.003216,0.002925,0.003216,0,0
HOT.V,D,20190312,000000,0.003216,0.003344,0.002971,0.003158,0,0
HOT.V,D,20190313,000000,0.003158,0.00325,0.003124,0.00325,0,0
HOT.V,D,20190314,000000,0.00325,0.00325,0.003249,0.003249,0,0
HOT.V,D,20190315,000000,0.003249,0.003365,0.003076,0.003165,0,0
HOT.V,D,20190316,000000,0.003165,0.003259,0.003038,0.003038,0,0
HOT.V,D,20190317,000000,0.003038,0.003038,0.002996,0.002996,0,0
HOT.V,D,20190318,000000,0.002996,0.00318,0.002969,0.00318,0,0
HOT.V,D,20190319,000000,0.00318,0.003202,0.00318,0.003202,0,0
HOT.V,D,20190320,000000,0.003202,0.003219,0.003202,0.003219,0,0
HOT.V,D,20190321,000000,0.003219,0.003219,0.002971,0.002971,0,0
HOT.V,D,20190322,000000,0.002971,0.003259,0.002971,0.003259,0,0
HOT.V,D,20190323,000000,0.003259,0.005219,0.003259,0.005124,0,0
HOT.V,D,20190324,000000,0.005124,0.006688,0.005067,0.005734,0,0
HOT.V,D,20190325,000000,0.005734,0.005739,0.00475,0.00475,0,0
HOT.V,D,20190326,000000,0.00475,0.006332,0.004668,0.006181,0,0
HOT.V,D,20190327,000000,0.006181,0.006455,0.005207,0.005207,0,0
HOT.V,D,20190328,000000,0.005207,0.005207,0.004967,0.004967,0,0
HOT.V,D,20190329,000000,0.004967,0.005713,0.004967,0.005293,0,0
HOT.V,D,20190330,000000,0.005293,0.005293,0.005252,0.005252,0,0
HOT.V,D,20190331,000000,0.005252,0.005252,0.005219,0.005219,0,0
HOT.V,D,20190401,000000,0.005219,0.005735,0.005199,0.005402,0,0
HOT.V,D,20190402,000000,0.005402,0.006281,0.005063,0.005063,0,0
HOT.V,D,20190403,000000,0.005063,0.007106,0.004948,0.005633,0,0
HOT.V,D,20190404,000000,0.005633,0.005787,0.005109,0.005787,0,0
HOT.V,D,20190405,000000,0.005787,0.006238,0.005266,0.005569,0,0
HOT.V,D,20190406,000000,0.005569,0.006137,0.005565,0.006137,0,0
HOT.V,D,20190407,000000,0.006137,0.008275,0.006137,0.007056,0,0
HOT.V,D,20190408,000000,0.007056,0.01027,0.006549,0.01027,0,0
HOT.V,D,20190409,000000,0.01027,0.01151,0.006735,0.006869,0,0
HOT.V,D,20190410,000000,0.006869,0.007301,0.006656,0.006787,0,0
HOT.V,D,20190411,000000,0.006787,0.006787,0.005369,0.005643,0,0
HOT.V,D,20190412,000000,0.005643,0.006874,0.00562,0.006602,0,0
HOT.V,D,20190413,000000,0.006602,0.007236,0.006601,0.00693,0,0
HOT.V,D,20190414,000000,0.00693,0.007123,0.006202,0.006398,0,0
HOT.V,D,20190415,000000,0.006398,0.006457,0.00608,0.006317,0,0
HOT.V,D,20190416,000000,0.006317,0.006724,0.005751,0.005751,0,0
HOT.V,D,20190417,000000,0.005751,0.006424,0.005751,0.006424,0,0
HOT.V,D,20190418,000000,0.006424,0.006993,0.006233,0.006492,0,0
HOT.V,D,20190419,000000,0.006492,0.006492,0.006229,0.006229,0,0
HOT.V,D,20190420,000000,0.006229,0.006229,0.005977,0.005977,0,0
HOT.V,D,20190421,000000,0.005977,0.006517,0.005649,0.005751,0,0
HOT.V,D,20190422,000000,0.005751,0.007218,0.005578,0.006735,0,0
HOT.V,D,20190423,000000,0.006735,0.006735,0.005714,0.005929,0,0
HOT.V,D,20190424,000000,0.005929,0.006041,0.005124,0.005339,0,0
HOT.V,D,20190425,000000,0.005339,0.005339,0.004492,0.004492,0,0
HOT.V,D,20190426,000000,0.004492,0.00498,0.00408,0.00408,0,0
HOT.V,D,20190427,000000,0.00408,0.005159,0.00408,0.004901,0,0
HOT.V,D,20190428,000000,0.004912,0.005309,0.004892,0.00507,0,0
HOT.V,D,20190429,000000,0.00507,0.005089,0.004837,0.004889,0,0
HOT.V,D,20190430,000000,0.004889,0.005264,0.004889,0.005264,0,0
HOT.V,D,20190501,000000,0.005264,0.005296,0.004889,0.004893,0,0
HOT.V,D,20190502,000000,0.004893,0.004989,0.004621,0.004898,0,0
HOT.V,D,20190503,000000,0.004898,0.005345,0.00482,0.005345,0,0
HOT.V,D,20190504,000000,0.005345,0.005345,0.004684,0.005177,0,0
HOT.V,D,20190505,000000,0.005177,0.006197,0.005177,0.006128,0,0
HOT.V,D,20190506,000000,0.006128,0.007759,0.006043,0.007559,0,0
HOT.V,D,20190507,000000,0.007559,0.00894,0.006646,0.006862,0,0
HOT.V,D,20190508,000000,0.006862,0.007044,0.006043,0.006202,0,0
HOT.V,D,20190509,000000,0.006202,0.006202,0.005715,0.005715,0,0
HOT.V,D,20190510,000000,0.005715,0.00577,0.005453,0.005649,0,0
HOT.V,D,20190511,000000,0.005649,0.006504,0.005392,0.005433,0,0
HOT.V,D,20190512,000000,0.005433,0.005556,0.005195,0.005546,0,0
HOT.V,D,20190513,000000,0.005546,0.006719,0.004663,0.0059,0,0
HOT.V,D,20190514,000000,0.0059,0.006797,0.005546,0.005664,0,0
HOT.V,D,20190515,000000,0.005664,0.007166,0.005664,0.006278,0,0
HOT.V,D,20190516,000000,0.006278,0.006678,0.005382,0.005853,0,0
HOT.V,D,20190517,000000,0.005853,0.00617,0.004948,0.005749,0,0
HOT.V,D,20190518,000000,0.005749,0.005896,0.005119,0.005379,0,0
HOT.V,D,20190519,000000,0.005379,0.007156,0.005379,0.006476,0,0
HOT.V,D,20190520,000000,0.006476,0.006955,0.005786,0.006091,0,0
HOT.V,D,20190521,000000,0.006091,0.00656,0.00543,0.006101,0,0
HOT.V,D,20190522,000000,0.006101,0.006101,0.005217,0.006045,0,0
HOT.V,D,20190523,000000,0.006045,0.006489,0.005352,0.006007,0,0
HOT.V,D,20190524,000000,0.006007,0.006385,0.005661,0.006076,0,0
HOT.V,D,20190525,000000,0.006076,0.00625,0.005593,0.005643,0,0
HOT.V,D,20190526,000000,0.005643,0.006688,0.005643,0.00636,0,0
HOT.V,D,20190527,000000,0.00636,0.006962,0.005613,0.006347,0,0
HOT.V,D,20190528,000000,0.006347,0.00794,0.005958,0.007489,0,0
HOT.V,D,20190529,000000,0.007489,0.0075,0.00654,0.006934,0,0
HOT.V,D,20190530,000000,0.006934,0.006934,0.005954,0.006201,0,0
HOT.V,D,20190531,000000,0.006201,0.007199,0.006201,0.006613,0,0
HOT.V,D,20190601,000000,0.006613,0.006885,0.006192,0.006258,0,0
HOT.V,D,20190602,000000,0.006258,0.006875,0.006167,0.006625,0,0
HOT.V,D,20190603,000000,0.006625,0.006625,0.005444,0.005808,0,0
HOT.V,D,20190604,000000,0.005808,0.005808,0.005422,0.005425,0,0
HOT.V,D,20190605,000000,0.005425,0.005836,0.005312,0.005329,0,0
HOT.V,D,20190606,000000,0.005329,0.006094,0.005329,0.006094,0,0
HOT.V,D,20190607,000000,0.006094,0.006408,0.006094,0.006408,0,0
HOT.V,D,20190608,000000,0.006408,0.006408,0.006276,0.006276,0,0
HOT.V,D,20190609,000000,0.006276,0.006276,0.005943,0.005943,0,0
HOT.V,D,20190610,000000,0.005943,0.006368,0.005943,0.006368,0,0
HOT.V,D,20190611,000000,0.006368,0.006368,0.006296,0.006296,0,0
HOT.V,D,20190612,000000,0.006296,0.006755,0.006296,0.006755,0,0
HOT.V,D,20190613,000000,0.006755,0.00791,0.006551,0.00791,0,0
HOT.V,D,20190614,000000,0.00791,0.008179,0.00791,0.008179,0,0
HOT.V,D,20190615,000000,0.008179,0.008349,0.008179,0.008349,0,0
HOT.V,D,20190616,000000,0.008349,0.008349,0.008327,0.008327,0,0
HOT.V,D,20190617,000000,0.008327,0.008494,0.008327,0.008494,0,0
HOT.V,D,20190618,000000,0.008494,0.008494,0.008202,0.008202,0,0
HOT.V,D,20190619,000000,0.008202,0.008342,0.008202,0.008342,0,0
HOT.V,D,20190620,000000,0.008342,0.008441,0.008342,0.008441,0,0
HOT.V,D,20190621,000000,0.008441,0.00918,0.006456,0.006456,0,0
HOT.V,D,20190622,000000,0.006456,0.006748,0.006456,0.006566,0,0
HOT.V,D,20190623,000000,0.006566,0.006566,0.006522,0.006522,0,0
HOT.V,D,20190624,000000,0.006522,0.006604,0.006522,0.006604,0,0
HOT.V,D,20190625,000000,0.006604,0.00672,0.006604,0.006717,0,0
HOT.V,D,20190626,000000,0.006717,0.007082,0.006717,0.006895,0,0
HOT.V,D,20190627,000000,0.006895,0.006895,0.005623,0.005623,0,0
HOT.V,D,20190628,000000,0.005623,0.005915,0.005623,0.005915,0,0
HOT.V,D,20190629,000000,0.005915,0.006067,0.005915,0.006067,0,0
HOT.V,D,20190630,000000,0.006067,0.006067,0.005548,0.005548,0,0
HOT.V,D,20190701,000000,0.005548,0.005625,0.005548,0.005625,0,0
HOT.V,D,20190702,000000,0.005625,0.005625,0.005576,0.005576,0,0
HOT.V,D,20190703,000000,0.005576,0.005777,0.005576,0.005777,0,0
HOT.V,D,20190704,000000,0.005777,0.01209,0.005413,0.01209,0,0
HOT.V,D,20190705,000000,0.01209,0.01461,0.006979,0.01458,0,0
HOT.V,D,20190706,000000,0.01458,0.01459,0.01458,0.01459,0,0
HOT.V,D,20190707,000000,0.01459,0.01552,0.01459,0.01552,0,0
HOT.V,D,20190708,000000,0.01552,0.01587,0.01552,0.01587,0,0
HOT.V,D,20190709,000000,0.01587,0.01587,0.01559,0.01563,0,0
HOT.V,D,20190710,000000,0.01563,0.01563,0.01465,0.01465,0,0
HOT.V,D,20190711,000000,0.01465,0.01465,0.007281,0.007281,0,0
HOT.V,D,20190712,000000,0.007281,0.007466,0.007281,0.007466,0,0
HOT.V,D,20190713,000000,0.007466,0.007466,0.007291,0.007291,0,0
HOT.V,D,20190714,000000,0.007291,0.007291,0.006131,0.006131,0,0
HOT.V,D,20190715,000000,0.006131,0.006185,0.006131,0.006185,0,0
HOT.V,D,20190716,000000,0.006185,0.006185,0.005387,0.005387,0,0
HOT.V,D,20190717,000000,0.005387,0.005728,0.005387,0.005728,0,0
HOT.V,D,20190718,000000,0.005728,0.006129,0.005728,0.006129,0,0
HOT.V,D,20190719,000000,0.006129,0.006318,0.005999,0.006318,0,0
HOT.V,D,20190720,000000,0.006318,0.00653,0.006318,0.00653,0,0
HOT.V,D,20190721,000000,0.00653,0.00653,0.006435,0.006435,0,0
HOT.V,D,20190722,000000,0.006435,0.006435,0.006202,0.006202,0,0
HOT.V,D,20190723,000000,0.006202,0.006202,0.006059,0.006059,0,0
HOT.V,D,20190724,000000,0.006059,0.006186,0.006059,0.006186,0,0
HOT.V,D,20190725,000000,0.006186,0.008969,0.005847,0.008969,0,0
HOT.V,D,20190726,000000,0.008969,0.008969,0.007344,0.007381,0,0
HOT.V,D,20190727,000000,0.007381,0.007381,0.006975,0.006975,0,0
HOT.V,D,20190728,000000,0.006975,0.008395,0.006975,0.008395,0,0
HOT.V,D,20190729,000000,0.008395,0.008395,0.008383,0.008383,0,0
HOT.V,D,20190730,000000,0.008383,0.008383,0.008342,0.008342,0,0
HOT.V,D,20190731,000000,0.008342,0.008696,0.008342,0.008696,0,0
HOT.V,D,20190801,000000,0.008696,0.009903,0.008648,0.009903,0,0
HOT.V,D,20190802,000000,0.009903,0.009912,0.009901,0.009901,0,0
HOT.V,D,20190803,000000,0.009901,0.01609,0.009901,0.01301,0,0
HOT.V,D,20190804,000000,0.01301,0.01305,0.01301,0.01305,0,0
HOT.V,D,20190805,000000,0.01305,0.01367,0.01305,0.01367,0,0
HOT.V,D,20190806,000000,0.01367,0.01367,0.01324,0.01324,0,0
HOT.V,D,20190807,000000,0.01324,0.01325,0.01324,0.01325,0,0
HOT.V,D,20190808,000000,0.01325,0.01325,0.01297,0.01297,0,0
HOT.V,D,20190809,000000,0.01297,0.01297,0.01234,0.01234,0,0
HOT.V,D,20190810,000000,0.01234,0.01234,0.01209,0.01209,0,0
HOT.V,D,20190811,000000,0.01209,0.01268,0.01209,0.01268,0,0
HOT.V,D,20190812,000000,0.01268,0.01268,0.01239,0.01239,0,0
HOT.V,D,20190813,000000,0.01239,0.01239,0.01223,0.01223,0,0
HOT.V,D,20190814,000000,0.01223,0.01223,0.01093,0.01093,0,0
HOT.V,D,20190815,000000,0.01093,0.01103,0.01093,0.01103,0,0
HOT.V,D,20190816,000000,0.01103,0.01103,0.01087,0.01087,0,0
HOT.V,D,20190817,000000,0.01087,0.01089,0.01087,0.01089,0,0
HOT.V,D,20190818,000000,0.01089,0.01142,0.01089,0.01142,0,0
HOT.V,D,20190819,000000,0.01142,0.01187,0.01142,0.01187,0,0
HOT.V,D,20190820,000000,0.01187,0.01187,0.01152,0.01152,0,0
HOT.V,D,20190821,000000,0.01152,0.01152,0.01098,0.01098,0,0
HOT.V,D,20190822,000000,0.01098,0.01118,0.01098,0.01118,0,0
HOT.V,D,20190823,000000,0.01118,0.01141,0.01118,0.01141,0,0
HOT.V,D,20190824,000000,0.01141,0.01141,0.0112,0.0112,0,0
HOT.V,D,20190825,000000,0.0112,0.0112,0.01094,0.01094,0,0
HOT.V,D,20190826,000000,0.01094,0.01105,0.01094,0.01105,0,0
HOT.V,D,20190827,000000,0.01105,0.01105,0.007575,0.007575,0,0
HOT.V,D,20190828,000000,0.007575,0.007575,0.007002,0.007022,0,0
HOT.V,D,20190829,000000,0.007022,0.007022,0.006858,0.006858,0,0
HOT.V,D,20190830,000000,0.006858,0.006858,0.00684,0.00684,0,0
HOT.V,D,20190831,000000,0.00684,0.006988,0.00684,0.006988,0,0
HOT.V,D,20190901,000000,0.006988,0.006988,0.006958,0.006958,0,0
HOT.V,D,20190902,000000,0.006958,0.007256,0.006958,0.007256,0,0
HOT.V,D,20190903,000000,0.007256,0.01198,0.007256,0.01198,0,0
HOT.V,D,20190904,000000,0.01198,0.01225,0.0117,0.01225,0,0
HOT.V,D,20190905,000000,0.01225,0.01225,0.0122,0.0122,0,0
HOT.V,D,20190906,000000,0.0122,0.0122,0.01186,0.01186,0,0
HOT.V,D,20190907,000000,0.01186,0.01248,0.01186,0.01248,0,0
HOT.V,D,20190908,000000,0.01248,0.01271,0.01248,0.01271,0,0
HOT.V,D,20190909,000000,0.01271,0.01271,0.01266,0.01266,0,0
HOT.V,D,20190910,000000,0.01266,0.01266,0.0126,0.0126,0,0
HOT.V,D,20190911,000000,0.0126,0.0126,0.01249,0.01249,0,0
HOT.V,D,20190912,000000,0.01249,0.01268,0.01249,0.01268,0,0
HOT.V,D,20190913,000000,0.01268,0.01271,0.01268,0.01271,0,0
HOT.V,D,20190914,000000,0.01271,0.01322,0.01271,0.01322,0,0
HOT.V,D,20190915,000000,0.01322,0.01326,0.01322,0.01326,0,0
HOT.V,D,20190916,000000,0.01326,0.01385,0.01319,0.01319,0,0
HOT.V,D,20190917,000000,0.01319,0.01386,0.01319,0.01386,0,0
HOT.V,D,20190918,000000,0.01386,0.01403,0.01386,0.01403,0,0
HOT.V,D,20190919,000000,0.01403,0.01477,0.006599,0.006599,0,0
HOT.V,D,20190920,000000,0.006599,0.006599,0.005917,0.006168,0,0
HOT.V,D,20190921,000000,0.006168,0.006168,0.006079,0.006079,0,0
HOT.V,D,20190922,000000,0.006079,0.006079,0.005969,0.005969,0,0
HOT.V,D,20190923,000000,0.005969,0.005969,0.005679,0.005679,0,0
HOT.V,D,20190924,000000,0.005679,0.005768,0.004704,0.005768,0,0
HOT.V,D,20190925,000000,0.005768,0.005898,0.005644,0.005644,0,0
HOT.V,D,20190926,000000,0.005644,0.005644,0.005507,0.005507,0,0
HOT.V,D,20190927,000000,0.005507,0.005783,0.005507,0.005783,0,0
HOT.V,D,20190928,000000,0.005783,0.005783,0.005774,0.005774,0,0
HOT.V,D,20190929,000000,0.005774,0.005774,0.005627,0.005627,0,0
HOT.V,D,20190930,000000,0.005627,0.01034,0.004375,0.004375,0,0
HOT.V,D,20191001,000000,0.004375,0.004375,0.004253,0.004253,0,0
HOT.V,D,20191002,000000,0.004253,0.008899,0.004253,0.008899,0,0
HOT.V,D,20191003,000000,0.008899,0.008899,0.00861,0.00861,0,0
HOT.V,D,20191004,000000,0.00861,0.008661,0.00861,0.008661,0,0
HOT.V,D,20191005,000000,0.008661,0.008695,0.004936,0.004936,0,0
HOT.V,D,20191006,000000,0.004936,0.004936,0.00475,0.00475,0,0
HOT.V,D,20191007,000000,0.00475,0.005036,0.00475,0.005036,0,0
HOT.V,D,20191008,000000,0.005036,0.005052,0.005036,0.005052,0,0
HOT.V,D,20191009,000000,0.005052,0.005397,0.005052,0.005397,0,0
HOT.V,D,20191010,000000,0.005397,0.005397,0.005349,0.005349,0,0
HOT.V,D,20191011,000000,0.005349,0.005349,0.005048,0.005048,0,0
HOT.V,D,20191012,000000,0.005048,0.005048,0.005025,0.005025,0,0
HOT.V,D,20191013,000000,0.005025,0.00506,0.005025,0.00506,0,0
HOT.V,D,20191014,000000,0.00506,0.005216,0.00506,0.005216,0,0
HOT.V,D,20191015,000000,0.005216,0.005216,0.005043,0.005043,0,0
HOT.V,D,20191016,000000,0.005043,0.008549,0.003343,0.008368,0,0
HOT.V,D,20191017,000000,0.008368,0.008499,0.004006,0.004006,0,0
HOT.V,D,20191018,000000,0.004006,0.004006,0.003911,0.003911,0,0
HOT.V,D,20191019,000000,0.003911,0.003911,0.003699,0.003699,0,0
HOT.V,D,20191020,000000,0.003699,0.003774,0.003699,0.003774,0,0
HOT.V,D,20191021,000000,0.003774,0.003774,0.003493,0.003493,0,0
HOT.V,D,20191022,000000,0.003493,0.003493,0.003392,0.003392,0,0
HOT.V,D,20191023,000000,0.003392,0.003392,0.003215,0.00322,0,0
HOT.V,D,20191024,000000,0.00322,0.00322,0.003188,0.003188,0,0
HOT.V,D,20191025,000000,0.003188,0.003598,0.003188,0.003598,0,0
HOT.V,D,20191026,000000,0.003598,0.003598,0.003565,0.003565,0,0
HOT.V,D,20191027,000000,0.003565,0.003648,0.003526,0.003526,0,0
HOT.V,D,20191028,000000,0.003526,0.003526,0.003483,0.003498,0,0
HOT.V,D,20191029,000000,0.003498,0.003671,0.003498,0.003671,0,0
HOT.V,D,20191030,000000,0.003671,0.003671,0.003525,0.003525,0,0
HOT.V,D,20191031,000000,0.003525,0.003525,0.003508,0.003508,0,0
HOT.V,D,20191101,000000,0.003508,0.003655,0.003508,0.003655,0,0
HOT.V,D,20191102,000000,0.003655,0.003656,0.003655,0.003656,0,0
HOT.V,D,20191103,000000,0.003656,0.003656,0.003626,0.003626,0,0
HOT.V,D,20191104,000000,0.003626,0.003717,0.003626,0.003717,0,0
HOT.V,D,20191105,000000,0.003717,0.003766,0.003717,0.003766,0,0
HOT.V,D,20191106,000000,0.003766,0.003811,0.003766,0.003811,0,0
HOT.V,D,20191107,000000,0.003811,0.003811,0.003718,0.003718,0,0
HOT.V,D,20191108,000000,0.003718,0.003718,0.003664,0.003664,0,0
HOT.V,D,20191109,000000,0.003664,0.003689,0.003664,0.003689,0,0
HOT.V,D,20191110,000000,0.003689,0.003773,0.003689,0.003773,0,0
HOT.V,D,20191111,000000,0.003773,0.003773,0.003685,0.003685,0,0
HOT.V,D,20191112,000000,0.003685,0.003815,0.003685,0.003815,0,0
HOT.V,D,20191113,000000,0.003815,0.003967,0.003815,0.003967,0,0
HOT.V,D,20191114,000000,0.003967,0.004039,0.003895,0.004039,0,0
HOT.V,D,20191115,000000,0.004039,0.004039,0.003937,0.003937,0,0
HOT.V,D,20191116,000000,0.003937,0.003994,0.003937,0.003994,0,0
HOT.V,D,20191117,000000,0.003994,0.006511,0.003994,0.006511,0,0
HOT.V,D,20191118,000000,0.006511,0.006511,0.0063,0.006327,0,0
HOT.V,D,20191119,000000,0.006327,0.006327,0.003889,0.003889,0,0
HOT.V,D,20191120,000000,0.003889,0.003889,0.00386,0.00386,0,0
HOT.V,D,20191121,000000,0.00386,0.00386,0.003562,0.003562,0,0
HOT.V,D,20191122,000000,0.003562,0.003562,0.00332,0.00332,0,0
HOT.V,D,20191123,000000,0.00332,0.003368,0.00332,0.003368,0,0
HOT.V,D,20191124,000000,0.003368,0.003368,0.003103,0.003103,0,0
HOT.V,D,20191125,000000,0.003103,0.003231,0.002775,0.002775,0,0
HOT.V,D,20191126,000000,0.002775,0.002809,0.002775,0.002809,0,0
HOT.V,D,20191127,000000,0.002809,0.002905,0.002809,0.002905,0,0
HOT.V,D,20191128,000000,0.002905,0.002905,0.002872,0.002872,0,0
HOT.V,D,20191129,000000,0.002872,0.002941,0.002872,0.002941,0,0
HOT.V,D,20191130,000000,0.002941,0.002941,0.002889,0.002889,0,0
HOT.V,D,20191201,000000,0.002889,0.002889,0.002873,0.002873,0,0
HOT.V,D,20191202,000000,0.002873,0.002873,0.002835,0.002835,0,0
HOT.V,D,20191203,000000,0.002835,0.002835,0.002529,0.002542,0,0
HOT.V,D,20191204,000000,0.002542,0.002594,0.002508,0.002509,0,0
HOT.V,D,20191205,000000,0.002509,0.0026,0.002509,0.0026,0,0
HOT.V,D,20191206,000000,0.0026,0.002701,0.0026,0.002701,0,0
HOT.V,D,20191207,000000,0.002701,0.002701,0.002623,0.002641,0,0
HOT.V,D,20191208,000000,0.002641,0.002757,0.002573,0.002619,0,0
HOT.V,D,20191209,000000,0.002619,0.002619,0.002363,0.00244,0,0
HOT.V,D,20191210,000000,0.00244,0.003022,0.002387,0.00251,0,0
HOT.V,D,20191211,000000,0.00251,0.003095,0.002374,0.002561,0,0
HOT.V,D,20191212,000000,0.002561,0.002592,0.002557,0.002557,0,0
HOT.V,D,20191213,000000,0.002557,0.002566,0.002337,0.002421,0,0
HOT.V,D,20191214,000000,0.002421,0.002525,0.002374,0.002525,0,0
HOT.V,D,20191215,000000,0.002525,0.002535,0.002181,0.002181,0,0
HOT.V,D,20191216,000000,0.002181,0.002691,0.002027,0.002585,0,0
HOT.V,D,20191217,000000,0.002585,0.002585,0.001865,0.001915,0,0
HOT.V,D,20191218,000000,0.001915,0.00223,0.001597,0.002057,0,0
HOT.V,D,20191219,000000,0.002057,0.002144,0.001691,0.00194,0,0
HOT.V,D,20191220,000000,0.00194,0.001993,0.00194,0.00197,0,0
HOT.V,D,20191221,000000,0.00197,0.00208,0.001947,0.002011,0,0
HOT.V,D,20191222,000000,0.002011,0.00212,0.002011,0.002081,0,0
HOT.V,D,20191223,000000,0.002081,0.002081,0.001873,0.001982,0,0
HOT.V,D,20191224,000000,0.001982,0.001982,0.001966,0.001966,0,0
HOT.V,D,20191225,000000,0.001966,0.001966,0.001922,0.001935,0,0
HOT.V,D,20191226,000000,0.001935,0.001945,0.001885,0.001892,0,0
HOT.V,D,20191227,000000,0.001892,0.001904,0.001825,0.001825,0,0
HOT.V,D,20191228,000000,0.001825,0.00185,0.001808,0.001828,0,0
HOT.V,D,20191229,000000,0.001828,0.001919,0.001811,0.001823,0,0
HOT.V,D,20191230,000000,0.001823,0.001848,0.001739,0.001745,0,0
HOT.V,D,20191231,000000,0.001745,0.001745,0.001214,0.001375,0,0
HOT.V,D,20200101,000000,0.001375,0.001503,0.001339,0.001383,0,0
HOT.V,D,20200102,000000,0.001383,0.001383,0.001295,0.001357,0,0
HOT.V,D,20200103,000000,0.001357,0.001449,0.001357,0.001435,0,0
HOT.V,D,20200104,000000,0.001435,0.001464,0.001435,0.001447,0,0
HOT.V,D,20200105,000000,0.001447,0.001704,0.000733,0.001243,0,0
HOT.V,D,20200106,000000,0.001243,0.002272,0.001134,0.00149,0,0
HOT.V,D,20200107,000000,0.00149,0.001533,0.001429,0.001505,0,0
HOT.V,D,20200108,000000,0.001505,0.002189,0.001452,0.001476,0,0
HOT.V,D,20200109,000000,0.001476,0.001476,0.001311,0.001311,0,0
HOT.V,D,20200110,000000,0.001311,0.00142,0.001311,0.001413,0,0
HOT.V,D,20200111,000000,0.001413,0.001413,0.001377,0.001391,0,0
HOT.V,D,20200112,000000,0.001391,0.001439,0.001391,0.001439,0,0
HOT.V,D,20200113,000000,0.001439,0.001439,0.001411,0.001417,0,0
HOT.V,D,20200114,000000,0.001417,0.001672,0.001315,0.001315,0,0
HOT.V,D,20200115,000000,0.001315,0.00138,0.00124,0.001376,0,0
HOT.V,D,20200116,000000,0.001376,0.001388,0.001352,0.001355,0,0
HOT.V,D,20200117,000000,0.001355,0.002524,0.001355,0.001402,0,0
HOT.V,D,20200118,000000,0.001402,0.001437,0.001382,0.001397,0,0
HOT.V,D,20200119,000000,0.001397,0.001449,0.001341,0.001402,0,0
HOT.V,D,20200120,000000,0.001402,0.001418,0.001401,0.001418,0,0
HOT.V,D,20200121,000000,0.001418,0.001448,0.001412,0.001433,0,0
HOT.V,D,20200122,000000,0.001433,0.001433,0.001416,0.001416,0,0
HOT.V,D,20200123,000000,0.001416,0.001416,0.001373,0.001407,0,0
HOT.V,D,20200124,000000,0.001407,0.002593,0.0014,0.001506,0,0
HOT.V,D,20200125,000000,0.001506,0.001517,0.001276,0.00144,0,0
HOT.V,D,20200126,000000,0.00144,0.001652,0.00144,0.001652,0,0
HOT.V,D,20200127,000000,0.001652,0.001842,0.001652,0.001827,0,0
HOT.V,D,20200128,000000,0.001827,0.002288,0.001827,0.002191,0,0
HOT.V,D,20200129,000000,0.002191,0.003124,0.00151,0.002018,0,0
HOT.V,D,20200130,000000,0.002018,0.002669,0.002018,0.002352,0,0
HOT.V,D,20200131,000000,0.002352,0.003128,0.002243,0.002731,0,0
HOT.V,D,20200201,000000,0.002731,0.003157,0.002074,0.002342,0,0
HOT.V,D,20200202,000000,0.002342,0.002498,0.002067,0.00207,0,0
HOT.V,D,20200203,000000,0.00207,0.003651,0.00207,0.002473,0,0
HOT.V,D,20200204,000000,0.002473,0.003254,0.001997,0.00238,0,0
HOT.V,D,20200205,000000,0.00238,0.002575,0.002071,0.002316,0,0
HOT.V,D,20200206,000000,0.002316,0.003395,0.002142,0.003395,0,0
HOT.V,D,20200207,000000,0.003395,0.003909,0.0028,0.002803,0,0
HOT.V,D,20200208,000000,0.002803,0.003951,0.002803,0.002917,0,0
HOT.V,D,20200209,000000,0.002917,0.003555,0.002517,0.002704,0,0
HOT.V,D,20200210,000000,0.002704,0.002751,0.002559,0.002749,0,0
HOT.V,D,20200211,000000,0.002749,0.002937,0.002749,0.002904,0,0
HOT.V,D,20200212,000000,0.002904,0.004303,0.002395,0.003319,0,0
HOT.V,D,20200213,000000,0.003319,0.003483,0.002815,0.002815,0,0
HOT.V,D,20200214,000000,0.002815,0.005073,0.002815,0.003067,0,0
HOT.V,D,20200215,000000,0.003067,0.003345,0.002778,0.003035,0,0
HOT.V,D,20200216,000000,0.003035,0.003035,0.00235,0.002854,0,0
HOT.V,D,20200217,000000,0.002854,0.002949,0.002854,0.002927,0,0
HOT.V,D,20200218,000000,0.002927,0.003089,0.002917,0.002971,0,0
HOT.V,D,20200219,000000,0.002971,0.002971,0.002647,0.002647,0,0
HOT.V,D,20200220,000000,0.002647,0.002835,0.002636,0.002729,0,0
HOT.V,D,20200221,000000,0.002729,0.003062,0.002729,0.002964,0,0
HOT.V,D,20200222,000000,0.002964,0.002964,0.002631,0.002631,0,0
HOT.V,D,20200223,000000,0.002631,0.002839,0.002631,0.002839,0,0
HOT.V,D,20200224,000000,0.002839,0.002839,0.002737,0.002742,0,0
HOT.V,D,20200225,000000,0.002742,0.002955,0.002431,0.002644,0,0
HOT.V,D,20200226,000000,0.002644,0.002644,0.002298,0.002298,0,0
HOT.V,D,20200227,000000,0.002298,0.002713,0.002207,0.002207,0,0
HOT.V,D,20200228,000000,0.002207,0.002235,0.002194,0.002194,0,0
HOT.V,D,20200229,000000,0.002194,0.002194,0.00209,0.00209,0,0
HOT.V,D,20200301,000000,0.00209,0.002272,0.00209,0.002272,0,0
HOT.V,D,20200302,000000,0.002272,0.002418,0.002022,0.00217,0,0
HOT.V,D,20200303,000000,0.00217,0.00217,0.002061,0.002128,0,0
HOT.V,D,20200304,000000,0.002128,0.002471,0.002128,0.002445,0,0
HOT.V,D,20200305,000000,0.002445,0.0025,0.00218,0.002385,0,0
HOT.V,D,20200306,000000,0.002385,0.00258,0.002308,0.002404,0,0
HOT.V,D,20200307,000000,0.002404,0.002611,0.002325,0.002578,0,0
HOT.V,D,20200308,000000,0.002578,0.002578,0.001961,0.001961,0,0
HOT.V,D,20200309,000000,0.001961,0.002199,0.001704,0.002199,0,0
HOT.V,D,20200310,000000,0.002199,0.002201,0.001994,0.002161,0,0
HOT.V,D,20200311,000000,0.002161,0.002161,0.002036,0.002036,0,0
HOT.V,D,20200312,000000,0.002036,0.002036,0.001147,0.001204,0,0
HOT.V,D,20200313,000000,0.001204,0.001612,0.001204,0.001426,0,0
HOT.V,D,20200314,000000,0.001426,0.001433,0.001291,0.001433,0,0
HOT.V,D,20200315,000000,0.001433,0.001444,0.001433,0.001443,0,0
HOT.V,D,20200316,000000,0.001443,0.001443,0.0013,0.001322,0,0
HOT.V,D,20200317,000000,0.001322,0.001382,0.001093,0.001119,0,0
HOT.V,D,20200318,000000,0.001119,0.001387,0.001119,0.001184,0,0
HOT.V,D,20200319,000000,0.001184,0.001593,0.001184,0.001593,0,0
HOT.V,D,20200320,000000,0.001593,0.001593,0.001331,0.001461,0,0
HOT.V,D,20200321,000000,0.001461,0.001548,0.000962,0.001548,0,0
HOT.V,D,20200322,000000,0.001548,0.001548,0.001213,0.001213,0,0
HOT.V,D,20200323,000000,0.001213,0.001609,0.001213,0.001477,0,0
HOT.V,D,20200324,000000,0.001477,0.001652,0.001477,0.001603,0,0
HOT.V,D,20200325,000000,0.001603,0.001616,0.000978,0.001522,0,0
HOT.V,D,20200326,000000,0.001522,0.001588,0.001374,0.001374,0,0
HOT.V,D,20200327,000000,0.001374,0.001566,0.001301,0.00154,0,0
HOT.V,D,20200328,000000,0.00154,0.00154,0.001327,0.001428,0,0
HOT.V,D,20200329,000000,0.001428,0.001428,0.001354,0.001354,0,0
HOT.V,D,20200330,000000,0.001354,0.001487,0.001332,0.001487,0,0
HOT.V,D,20200331,000000,0.001487,0.001517,0.00137,0.001499,0,0
HOT.V,D,20200401,000000,0.001499,0.001532,0.001351,0.001359,0,0
HOT.V,D,20200402,000000,0.001359,0.001548,0.001359,0.001548,0,0
HOT.V,D,20200403,000000,0.001548,0.00155,0.001525,0.001549,0,0
HOT.V,D,20200404,000000,0.001549,0.001639,0.00126,0.001517,0,0
HOT.V,D,20200405,000000,0.001517,0.001517,0.001395,0.001497,0,0
HOT.V,D,20200406,000000,0.001497,0.001799,0.001497,0.001711,0,0
HOT.V,D,20200407,000000,0.001711,0.001792,0.00138,0.001416,0,0
HOT.V,D,20200408,000000,0.001416,0.001734,0.001416,0.001529,0,0
HOT.V,D,20200409,000000,0.001529,0.001529,0.001355,0.001375,0,0
HOT.V,D,20200410,000000,0.001375,0.0016,0.001295,0.001588,0,0
HOT.V,D,20200411,000000,0.001588,0.001602,0.001389,0.001416,0,0
HOT.V,D,20200412,000000,0.001416,0.001516,0.001372,0.001436,0,0
HOT.V,D,20200413,000000,0.001436,0.001481,0.001317,0.001402,0,0
HOT.V,D,20200414,000000,0.001403,0.001504,0.001357,0.001487,0,0
HOT.V,D,20200415,000000,0.001487,0.00199,0.001343,0.001482,0,0
HOT.V,D,20200416,000000,0.001482,0.00199,0.001389,0.001634,0,0
HOT.V,D,20200417,000000,0.001634,0.001652,0.00141,0.001596,0,0
HOT.V,D,20200418,000000,0.001596,0.001688,0.001373,0.00146,0,0
HOT.V,D,20200419,000000,0.00146,0.001508,0.0014,0.001441,0,0
HOT.V,D,20200420,000000,0.00144,0.001567,0.001195,0.001559,0,0
HOT.V,D,20200421,000000,0.001559,0.001588,0.001234,0.00145,0,0
HOT.V,D,20200422,000000,0.001545,0.001607,0.001264,0.001384,0,0
HOT.V,D,20200423,000000,0.001384,0.001713,0.001303,0.001678,0,0
HOT.V,D,20200424,000000,0.001678,0.001717,0.001266,0.001486,0,0
HOT.V,D,20200425,000000,0.001486,0.001558,0.001251,0.001484,0,0
HOT.V,D,20200426,000000,0.001484,0.00199,0.001172,0.001581,0,0
HOT.V,D,20200427,000000,0.001581,0.001606,0.001529,0.001571,0,0
HOT.V,D,20200428,000000,0.00157,0.001591,0.0009391,0.0009391,0,0
HOT.V,D,20200429,000000,0.0009391,0.0009391,0.0009391,0.0009391,0,0
HOT.V,D,20200430,000000,0.0009391,0.001951,0.0009391,0.00167,0,0
HOT.V,D,20200501,000000,0.00167,0.00167,0.00167,0.00167,0,0
HOT.V,D,20200502,000000,0.00167,0.00167,0.00167,0.00167,0,0
HOT.V,D,20200503,000000,0.00167,0.00167,0.001023,0.001023,0,0
HOT.V,D,20200504,000000,0.001023,0.001023,0.001023,0.001023,0,0
HOT.V,D,20200505,000000,0.001023,0.001935,0.001023,0.0014,0,0
HOT.V,D,20200506,000000,0.0014,0.001951,0.0014,0.001951,0,0
HOT.V,D,20200507,000000,0.001951,0.001951,0.001951,0.001951,0,0
HOT.V,D,20200508,000000,0.001951,0.002132,0.001907,0.002132,0,0
HOT.V,D,20200509,000000,0.002132,0.002132,0.002131,0.002132,0,0
HOT.V,D,20200510,000000,0.002132,0.002132,0.002132,0.002132,0,0
HOT.V,D,20200511,000000,0.002132,0.00222,0.002132,0.00222,0,0
HOT.V,D,20200512,000000,0.00222,0.00222,0.00222,0.00222,0,0
HOT.V,D,20200513,000000,0.00222,0.00222,0.00222,0.00222,0,0
HOT.V,D,20200514,000000,0.00222,0.0027,0.00222,0.0027,0,0
HOT.V,D,20200515,000000,0.0027,0.0027,0.0027,0.0027,0,0
HOT.V,D,20200516,000000,0.0027,0.0027,0.0027,0.0027,0,0
HOT.V,D,20200517,000000,0.0027,0.003,0.0027,0.003,0,0
HOT.V,D,20200518,000000,0.003,0.003797,0.003,0.003797,0,0
HOT.V,D,20200519,000000,0.003797,0.003797,0.003797,0.003797,0,0
HOT.V,D,20200520,000000,0.003797,0.003797,0.003797,0.003797,0,0
HOT.V,D,20200521,000000,0.003797,0.003797,0.003797,0.003797,0,0
HOT.V,D,20200522,000000,0.003797,0.003797,0.001495,0.001495,0,0
HOT.V,D,20200523,000000,0.001495,0.001495,0.001495,0.001495,0,0
HOT.V,D,20200524,000000,0.001495,0.001495,0.001495,0.001495,0,0
HOT.V,D,20200525,000000,0.001495,0.001495,0.001495,0.001495,0,0
HOT.V,D,20200526,000000,0.001495,0.001928,0.001495,0.001928,0,0
HOT.V,D,20200527,000000,0.001928,0.001928,0.001928,0.001928,0,0
HOT.V,D,20200528,000000,0.001928,0.001928,0.001928,0.001928,0,0
HOT.V,D,20200529,000000,0.001928,0.001928,0.001928,0.001928,0,0
HOT.V,D,20200530,000000,0.001928,0.001928,0.001928,0.001928,0,0
HOT.V,D,20200531,000000,0.001928,0.002463,0.001928,0.002427,0,0
HOT.V,D,20200601,000000,0.002427,0.002427,0.002427,0.002427,0,0
HOT.V,D,20200602,000000,0.002427,0.002427,0.002427,0.002427,0,0
HOT.V,D,20200603,000000,0.002427,0.002427,0.002427,0.002427,0,0
HOT.V,D,20200604,000000,0.002427,0.002427,0.002427,0.002427,0,0
HOT.V,D,20200605,000000,0.002427,0.002427,0.002,0.002,0,0
HOT.V,D,20200606,000000,0.002,0.002,0.002,0.002,0,0
HOT.V,D,20200607,000000,0.002,0.002,0.002,0.002,0,0
HOT.V,D,20200608,000000,0.002,0.002,0.002,0.002,0,0
HOT.V,D,20200609,000000,0.002,0.002,0.002,0.002,0,0
HOT.V,D,20200610,000000,0.002,0.002,0.002,0.002,0,0
HOT.V,D,20200611,000000,0.002,0.002,0.002,0.002,0,0
HOT.V,D,20200612,000000,0.002,0.002,0.002,0.002,0,0
HOT.V,D,20200613,000000,0.002,0.002,0.002,0.002,0,0
HOT.V,D,20200614,000000,0.002,0.002,0.002,0.002,0,0
HOT.V,D,20200615,000000,0.002,0.002,0.002,0.002,0,0
HOT.V,D,20200616,000000,0.002,0.003948,0.002,0.002,0,0
HOT.V,D,20200617,000000,0.002,0.002,0.002,0.002,0,0
HOT.V,D,20200618,000000,0.002,0.002,0.002,0.002,0,0
HOT.V,D,20200619,000000,0.002,0.0039,0.002,0.0039,0,0
HOT.V,D,20200620,000000,0.0039,0.0039,0.0039,0.0039,0,0
HOT.V,D,20200621,000000,0.0039,0.0039,0.0039,0.0039,0,0
HOT.V,D,20200622,000000,0.0039,0.0058,0.0039,0.004424,0,0
HOT.V,D,20200623,000000,0.004424,0.004863,0.004046,0.004046,0,0
HOT.V,D,20200624,000000,0.004046,0.0055,0.004046,0.0055,0,0
HOT.V,D,20200625,000000,0.0055,0.00641,0.004603,0.00469,0,0
HOT.V,D,20200626,000000,0.00469,0.00735,0.00469,0.00735,0,0
HOT.V,D,20200627,000000,0.00735,0.022,0.00735,0.0097,0,0
HOT.V,D,20200628,000000,0.0097,0.018,0.0053,0.006913,0,0
HOT.V,D,20200629,000000,0.006913,0.017,0.006913,0.006913,0,0
HOT.V,D,20200630,000000,0.006913,0.007103,0.006913,0.007103,0,0
HOT.V,D,20200701,000000,0.007103,0.01128,0.007103,0.0075,0,0
HOT.V,D,20200702,000000,0.0075,0.0083,0.00591,0.00591,0,0
HOT.V,D,20200703,000000,0.00591,0.00591,0.005385,0.0058,0,0
HOT.V,D,20200704,000000,0.0058,0.0058,0.0058,0.0058,0,0
HOT.V,D,20200705,000000,0.0058,0.0058,0.00551,0.00551,0,0
HOT.V,D,20200706,000000,0.00551,0.00575,0.00551,0.00575,0,0
HOT.V,D,20200707,000000,0.00575,0.006114,0.00575,0.006015,0,0
HOT.V,D,20200708,000000,0.006015,0.006113,0.006015,0.006113,0,0
HOT.V,D,20200709,000000,0.006113,0.006943,0.006113,0.0062,0,0
HOT.V,D,20200710,000000,0.0062,0.007012,0.005712,0.007012,0,0
HOT.V,D,20200711,000000,0.007012,0.007012,0.006113,0.006113,0,0
HOT.V,D,20200712,000000,0.006113,0.0062,0.006113,0.006113,0,0
HOT.V,D,20200713,000000,0.006113,0.006113,0.006113,0.006113,0,0
HOT.V,D,20200714,000000,0.006113,0.006113,0.00552,0.00552,0,0
HOT.V,D,20200715,000000,0.00552,0.009421,0.005512,0.009337,0,0
HOT.V,D,20200716,000000,0.009337,0.009337,0.006071,0.006071,0,0
HOT.V,D,20200717,000000,0.006071,0.008867,0.006071,0.0084,0,0
HOT.V,D,20200718,000000,0.0084,0.0084,0.0084,0.0084,0,0
HOT.V,D,20200719,000000,0.0084,0.00859,0.006672,0.00859,0,0
HOT.V,D,20200720,000000,0.00859,0.00859,0.007574,0.00858,0,0
HOT.V,D,20200721,000000,0.00858,0.00858,0.00858,0.00858,0,0
HOT.V,D,20200722,000000,0.00858,0.00858,0.008,0.008,0,0
HOT.V,D,20200723,000000,0.008,0.008,0.0061,0.0079,0,0
HOT.V,D,20200724,000000,0.0079,0.0079,0.00628,0.00628,0,0
HOT.V,D,20200725,000000,0.00628,0.00628,0.00628,0.00628,0,0
HOT.V,D,20200726,000000,0.00628,0.007686,0.00628,0.0068,0,0
HOT.V,D,20200727,000000,0.0068,0.007686,0.0061,0.006552,0,0
HOT.V,D,20200728,000000,0.006552,0.006552,0.005556,0.005556,0,0
HOT.V,D,20200729,000000,0.005556,0.00767,0.005556,0.005563,0,0
