<TICKER>,<PER>,<DATE>,<TIME>,<OPEN>,<HIGH>,<LOW>,<CLOSE>,<VOL>,<OPENINT>
HT.V,D,20190829,000000,4.027,4.05,3.81,3.873,0,0
HT.V,D,20190830,000000,3.873,3.954,3.772,3.862,0,0
HT.V,D,20190831,000000,3.864,3.899,3.826,3.874,0,0
HT.V,D,20190901,000000,3.875,3.961,3.689,3.767,0,0
HT.V,D,20190902,000000,3.762,4.002,3.757,3.984,0,0
HT.V,D,20190903,000000,3.986,4.143,3.937,4.132,0,0
HT.V,D,20190904,000000,4.132,4.175,4.012,4.108,0,0
HT.V,D,20190905,000000,4.109,4.13,3.903,3.946,0,0
HT.V,D,20190906,000000,3.947,4.092,3.93,3.945,0,0
HT.V,D,20190907,000000,3.945,4.084,3.928,4.059,0,0
HT.V,D,20190908,000000,4.056,4.089,4.004,4.038,0,0
HT.V,D,20190909,000000,4.038,4.089,3.975,4.012,0,0
HT.V,D,20190910,000000,4.012,4.201,3.999,4.137,0,0
HT.V,D,20190911,000000,4.137,4.36,4.077,4.181,0,0
HT.V,D,20190912,000000,4.18,4.194,4.046,4.102,0,0
HT.V,D,20190913,000000,4.101,4.139,4.027,4.051,0,0
HT.V,D,20190914,000000,4.051,4.122,4.013,4.099,0,0
HT.V,D,20190915,000000,4.1,4.121,4.042,4.057,0,0
HT.V,D,20190916,000000,4.056,4.1,3.983,4.05,0,0
HT.V,D,20190917,000000,4.05,4.165,4.025,4.092,0,0
HT.V,D,20190918,000000,4.094,4.229,4.066,4.151,0,0
HT.V,D,20190919,000000,4.151,4.164,4,4.123,0,0
HT.V,D,20190920,000000,4.123,4.16,4.057,4.071,0,0
HT.V,D,20190921,000000,4.07,4.125,4.051,4.061,0,0
HT.V,D,20190922,000000,4.06,4.095,3.992,4.016,0,0
HT.V,D,20190923,000000,4.017,4.03,3.781,3.787,0,0
HT.V,D,20190924,000000,3.786,3.854,3.246,3.388,0,0
HT.V,D,20190925,000000,3.384,3.416,3.117,3.24,0,0
HT.V,D,20190926,000000,3.243,3.279,2.911,3.029,0,0
HT.V,D,20190927,000000,3.029,3.195,2.989,3.157,0,0
HT.V,D,20190928,000000,3.16,3.22,3.094,3.152,0,0
HT.V,D,20190929,000000,3.155,3.186,3.019,3.076,0,0
HT.V,D,20190930,000000,3.075,3.232,3.062,3.187,0,0
HT.V,D,20191001,000000,3.188,3.306,3.138,3.15,0,0
HT.V,D,20191002,000000,3.149,3.186,3.114,3.183,0,0
HT.V,D,20191003,000000,3.183,3.217,3.101,3.152,0,0
HT.V,D,20191004,000000,3.154,3.188,3.109,3.175,0,0
HT.V,D,20191005,000000,3.173,3.181,3.112,3.155,0,0
HT.V,D,20191006,000000,3.155,3.176,3.009,3.035,0,0
HT.V,D,20191007,000000,3.038,3.2,3.004,3.148,0,0
HT.V,D,20191008,000000,3.148,3.302,3.134,3.156,0,0
HT.V,D,20191009,000000,3.158,3.3,3.156,3.231,0,0
HT.V,D,20191010,000000,3.231,3.515,3.229,3.461,0,0
HT.V,D,20191011,000000,3.461,3.499,3.292,3.372,0,0
HT.V,D,20191012,000000,3.373,3.441,3.333,3.414,0,0
HT.V,D,20191013,000000,3.412,3.476,3.402,3.467,0,0
HT.V,D,20191014,000000,3.571,3.677,3.568,3.644,0,0
HT.V,D,20191015,000000,3.646,3.734,3.548,3.609,0,0
HT.V,D,20191016,000000,3.611,3.649,3.387,3.454,0,0
HT.V,D,20191017,000000,3.452,3.504,3.404,3.485,0,0
HT.V,D,20191018,000000,3.48,3.583,3.41,3.457,0,0
HT.V,D,20191019,000000,3.458,3.47,3.419,3.426,0,0
HT.V,D,20191020,000000,3.43,3.468,3.32,3.437,0,0
HT.V,D,20191021,000000,3.436,3.45,3.377,3.406,0,0
HT.V,D,20191022,000000,3.402,3.44,3.36,3.369,0,0
HT.V,D,20191023,000000,3.369,3.372,3.094,3.184,0,0
HT.V,D,20191024,000000,3.184,3.214,3.126,3.188,0,0
HT.V,D,20191025,000000,3.188,3.613,3.147,3.518,0,0
HT.V,D,20191026,000000,3.518,3.756,3.462,3.513,0,0
HT.V,D,20191027,000000,3.513,3.809,3.41,3.612,0,0
HT.V,D,20191028,000000,3.614,3.939,3.572,3.862,0,0
HT.V,D,20191029,000000,3.864,3.867,3.731,3.835,0,0
HT.V,D,20191030,000000,3.838,3.844,3.651,3.773,0,0
HT.V,D,20191031,000000,3.773,4.039,3.748,3.908,0,0
HT.V,D,20191101,000000,3.907,3.979,3.877,3.951,0,0
HT.V,D,20191102,000000,3.95,3.984,3.892,3.946,0,0
HT.V,D,20191103,000000,3.948,4,3.847,3.901,0,0
HT.V,D,20191104,000000,3.906,3.994,3.862,3.908,0,0
HT.V,D,20191105,000000,3.908,3.943,3.852,3.918,0,0
HT.V,D,20191106,000000,3.918,4.088,3.888,3.988,0,0
HT.V,D,20191107,000000,3.987,4.047,3.938,3.958,0,0
HT.V,D,20191108,000000,3.959,3.994,3.727,3.873,0,0
HT.V,D,20191109,000000,3.872,3.882,3.796,3.838,0,0
HT.V,D,20191110,000000,3.852,3.941,3.807,3.908,0,0
HT.V,D,20191111,000000,3.908,3.919,3.756,3.811,0,0
HT.V,D,20191112,000000,3.81,3.837,3.756,3.806,0,0
HT.V,D,20191113,000000,3.806,3.872,3.795,3.843,0,0
HT.V,D,20191114,000000,3.844,3.897,3.77,3.786,0,0
HT.V,D,20191115,000000,3.786,3.814,3.57,3.676,0,0
HT.V,D,20191116,000000,3.678,3.687,3.62,3.645,0,0
HT.V,D,20191117,000000,3.646,3.657,3.555,3.638,0,0
HT.V,D,20191118,000000,3.641,3.643,3.477,3.502,0,0
HT.V,D,20191119,000000,3.502,3.52,3.311,3.385,0,0
HT.V,D,20191120,000000,3.386,3.461,3.326,3.368,0,0
HT.V,D,20191121,000000,3.368,3.372,3.019,3.098,0,0
HT.V,D,20191122,000000,3.098,3.168,2.638,2.79,0,0
HT.V,D,20191123,000000,2.79,2.858,2.629,2.816,0,0
HT.V,D,20191124,000000,2.816,2.82,2.424,2.467,0,0
HT.V,D,20191125,000000,2.468,2.61,2.201,2.511,0,0
HT.V,D,20191126,000000,2.51,2.664,2.429,2.554,0,0
HT.V,D,20191127,000000,2.554,2.669,2.382,2.63,0,0
HT.V,D,20191128,000000,2.63,2.761,2.595,2.659,0,0
HT.V,D,20191129,000000,2.659,2.826,2.646,2.782,0,0
HT.V,D,20191130,000000,2.783,2.928,2.708,2.807,0,0
HT.V,D,20191201,000000,2.807,2.863,2.681,2.809,0,0
HT.V,D,20191202,000000,2.809,3.002,2.775,2.954,0,0
HT.V,D,20191203,000000,2.954,3.078,2.821,2.954,0,0
HT.V,D,20191204,000000,2.953,2.98,2.763,2.816,0,0
HT.V,D,20191205,000000,2.814,2.888,2.789,2.825,0,0
HT.V,D,20191206,000000,2.822,2.885,2.796,2.835,0,0
HT.V,D,20191207,000000,2.838,2.865,2.817,2.837,0,0
HT.V,D,20191208,000000,2.838,2.84,2.777,2.824,0,0
HT.V,D,20191209,000000,2.824,2.851,2.753,2.763,0,0
HT.V,D,20191210,000000,2.764,2.771,2.66,2.71,0,0
HT.V,D,20191211,000000,2.711,2.744,2.693,2.727,0,0
HT.V,D,20191212,000000,2.728,2.783,2.694,2.755,0,0
HT.V,D,20191213,000000,2.754,2.809,2.752,2.789,0,0
HT.V,D,20191214,000000,2.79,2.798,2.692,2.712,0,0
HT.V,D,20191215,000000,2.71,2.751,2.663,2.719,0,0
HT.V,D,20191216,000000,2.719,2.728,2.604,2.604,0,0
HT.V,D,20191217,000000,2.604,2.604,2.407,2.408,0,0
HT.V,D,20191218,000000,2.407,2.741,2.385,2.725,0,0
HT.V,D,20191219,000000,2.741,2.743,2.625,2.686,0,0
HT.V,D,20191220,000000,2.686,2.778,2.675,2.76,0,0
HT.V,D,20191221,000000,2.759,2.829,2.719,2.806,0,0
HT.V,D,20191222,000000,2.806,2.85,2.729,2.833,0,0
HT.V,D,20191223,000000,2.833,2.925,2.804,2.809,0,0
HT.V,D,20191224,000000,2.809,2.869,2.796,2.829,0,0
HT.V,D,20191225,000000,2.828,2.846,2.735,2.796,0,0
HT.V,D,20191226,000000,2.794,2.825,2.743,2.77,0,0
HT.V,D,20191227,000000,2.769,2.786,2.732,2.767,0,0
HT.V,D,20191228,000000,2.767,2.817,2.765,2.789,0,0
HT.V,D,20191229,000000,2.789,2.839,2.776,2.813,0,0
HT.V,D,20191230,000000,2.813,2.842,2.745,2.784,0,0
HT.V,D,20191231,000000,2.783,2.784,2.632,2.74,0,0
HT.V,D,20200101,000000,2.739,2.841,2.718,2.822,0,0
HT.V,D,20200102,000000,2.82,2.859,2.75,2.766,0,0
HT.V,D,20200103,000000,2.766,2.865,2.686,2.832,0,0
HT.V,D,20200104,000000,2.832,2.904,2.809,2.898,0,0
HT.V,D,20200105,000000,2.898,2.961,2.892,2.912,0,0
HT.V,D,20200106,000000,2.912,3.023,2.908,3.001,0,0
HT.V,D,20200107,000000,2.999,3.129,2.992,3.113,0,0
HT.V,D,20200108,000000,3.113,3.212,3.006,3.053,0,0
HT.V,D,20200109,000000,3.053,3.066,2.96,3.014,0,0
HT.V,D,20200110,000000,3.014,3.121,2.964,3.078,0,0
HT.V,D,20200111,000000,3.077,3.25,3.072,3.18,0,0
HT.V,D,20200112,000000,3.179,3.199,3.049,3.079,0,0
HT.V,D,20200113,000000,3.079,3.099,3,3.035,0,0
HT.V,D,20200114,000000,3.036,3.287,3.031,3.232,0,0
HT.V,D,20200115,000000,3.228,3.347,3.099,3.291,0,0
HT.V,D,20200116,000000,3.291,3.303,3.113,3.221,0,0
HT.V,D,20200117,000000,3.221,3.308,3.194,3.289,0,0
HT.V,D,20200118,000000,3.287,3.292,3.197,3.229,0,0
HT.V,D,20200119,000000,3.229,3.286,3.063,3.143,0,0
HT.V,D,20200120,000000,3.144,3.208,3.073,3.178,0,0
HT.V,D,20200121,000000,3.175,3.309,3.163,3.258,0,0
HT.V,D,20200122,000000,3.257,3.291,3.208,3.216,0,0
HT.V,D,20200123,000000,3.217,3.241,3.051,3.113,0,0
HT.V,D,20200124,000000,3.114,3.147,3.039,3.118,0,0
HT.V,D,20200125,000000,3.118,3.123,3.054,3.079,0,0
HT.V,D,20200126,000000,3.08,3.148,3.061,3.129,0,0
HT.V,D,20200127,000000,3.131,3.2,3.123,3.185,0,0
HT.V,D,20200128,000000,3.186,3.25,3.163,3.224,0,0
HT.V,D,20200129,000000,3.223,3.446,3.212,3.395,0,0
HT.V,D,20200130,000000,3.396,3.497,3.325,3.49,0,0
HT.V,D,20200131,000000,3.491,3.55,3.352,3.46,0,0
HT.V,D,20200201,000000,3.46,3.495,3.409,3.467,0,0
HT.V,D,20200202,000000,3.467,3.514,3.35,3.487,0,0
HT.V,D,20200203,000000,3.486,3.536,3.406,3.438,0,0
HT.V,D,20200204,000000,3.438,3.472,3.326,3.421,0,0
HT.V,D,20200205,000000,3.421,3.602,3.405,3.563,0,0
HT.V,D,20200206,000000,3.563,3.792,3.543,3.714,0,0
HT.V,D,20200207,000000,3.717,4.086,3.701,3.919,0,0
HT.V,D,20200208,000000,3.919,3.953,3.764,3.84,0,0
HT.V,D,20200209,000000,3.838,3.995,3.821,3.952,0,0
HT.V,D,20200210,000000,3.952,4.788,3.814,4.618,0,0
HT.V,D,20200211,000000,4.618,4.763,4.39,4.685,0,0
HT.V,D,20200212,000000,4.685,4.923,4.628,4.875,0,0
HT.V,D,20200213,000000,4.874,5.012,4.596,4.754,0,0
HT.V,D,20200214,000000,4.755,4.983,4.731,4.978,0,0
HT.V,D,20200215,000000,4.974,5.316,4.807,4.98,0,0
HT.V,D,20200216,000000,4.98,5.314,4.542,4.962,0,0
HT.V,D,20200217,000000,4.967,5.112,4.468,4.697,0,0
HT.V,D,20200218,000000,4.695,4.999,4.609,4.954,0,0
HT.V,D,20200219,000000,4.954,5.132,4.747,4.837,0,0
HT.V,D,20200220,000000,4.851,4.866,4.508,4.76,0,0
HT.V,D,20200221,000000,4.761,4.818,4.687,4.78,0,0
HT.V,D,20200222,000000,4.779,4.796,4.522,4.542,0,0
HT.V,D,20200223,000000,4.544,4.815,4.521,4.744,0,0
HT.V,D,20200224,000000,4.742,4.805,4.546,4.658,0,0
HT.V,D,20200225,000000,4.659,4.682,4.188,4.321,0,0
HT.V,D,20200226,000000,4.322,4.322,3.883,4.013,0,0
HT.V,D,20200227,000000,4.019,4.346,3.916,4.234,0,0
HT.V,D,20200228,000000,4.23,4.885,4.098,4.696,0,0
HT.V,D,20200229,000000,4.703,5.448,4.67,4.948,0,0
HT.V,D,20200301,000000,4.951,5.026,4.462,4.545,0,0
HT.V,D,20200302,000000,4.546,4.8,4.521,4.764,0,0
HT.V,D,20200303,000000,4.762,4.791,4.567,4.609,0,0
HT.V,D,20200304,000000,4.609,4.716,4.577,4.622,0,0
HT.V,D,20200305,000000,4.623,4.8,4.619,4.755,0,0
HT.V,D,20200306,000000,4.755,4.799,4.665,4.743,0,0
HT.V,D,20200307,000000,4.743,4.791,4.629,4.656,0,0
HT.V,D,20200308,000000,4.657,4.657,4.212,4.309,0,0
HT.V,D,20200309,000000,4.307,4.356,3.831,4.037,0,0
HT.V,D,20200310,000000,4.039,4.158,3.908,4.07,0,0
HT.V,D,20200311,000000,4.069,4.089,3.836,4.002,0,0
HT.V,D,20200312,000000,3.997,4.025,2.73,2.795,0,0
HT.V,D,20200313,000000,2.796,2.974,1.902,2.925,0,0
HT.V,D,20200314,000000,2.926,3.056,2.78,2.878,0,0
HT.V,D,20200315,000000,2.878,3.174,2.784,3.072,0,0
HT.V,D,20200316,000000,3.072,3.12,2.596,2.826,0,0
HT.V,D,20200317,000000,2.829,3.046,2.79,3.019,0,0
HT.V,D,20200318,000000,3.017,3.074,2.815,2.989,0,0
HT.V,D,20200319,000000,2.989,3.453,2.938,3.38,0,0
HT.V,D,20200320,000000,3.381,3.62,3.03,3.265,0,0
HT.V,D,20200321,000000,3.277,3.445,3.183,3.373,0,0
HT.V,D,20200322,000000,3.373,3.426,3.164,3.194,0,0
HT.V,D,20200323,000000,3.187,3.443,3.106,3.348,0,0
HT.V,D,20200324,000000,3.348,3.454,3.306,3.447,0,0
HT.V,D,20200325,000000,3.445,3.476,3.32,3.391,0,0
HT.V,D,20200326,000000,3.385,3.407,3.321,3.387,0,0
HT.V,D,20200327,000000,3.386,3.447,3.338,3.374,0,0
HT.V,D,20200328,000000,3.375,3.375,3.15,3.246,0,0
HT.V,D,20200329,000000,3.245,3.279,3.081,3.096,0,0
HT.V,D,20200330,000000,3.095,3.327,3.062,3.319,0,0
HT.V,D,20200331,000000,3.319,3.349,3.247,3.329,0,0
HT.V,D,20200401,000000,3.329,3.337,3.246,3.301,0,0
HT.V,D,20200402,000000,3.301,3.601,3.3,3.469,0,0
HT.V,D,20200403,000000,3.467,3.603,3.404,3.511,0,0
HT.V,D,20200404,000000,3.512,3.816,3.497,3.652,0,0
HT.V,D,20200405,000000,3.653,3.784,3.638,3.693,0,0
HT.V,D,20200406,000000,3.693,3.967,3.684,3.963,0,0
HT.V,D,20200407,000000,3.963,4.049,3.843,3.937,0,0
HT.V,D,20200408,000000,3.935,4.012,3.866,3.947,0,0
HT.V,D,20200409,000000,3.946,3.977,3.874,3.912,0,0
HT.V,D,20200410,000000,3.912,3.921,3.524,3.662,0,0
HT.V,D,20200411,000000,3.664,3.727,3.59,3.711,0,0
HT.V,D,20200412,000000,3.709,3.899,3.652,3.837,0,0
HT.V,D,20200413,000000,3.837,3.846,3.59,3.667,0,0
HT.V,D,20200414,000000,3.668,3.813,3.668,3.742,0,0
HT.V,D,20200415,000000,3.742,3.859,3.659,3.722,0,0
HT.V,D,20200416,000000,3.72,3.867,3.568,3.84,0,0
HT.V,D,20200417,000000,3.832,3.889,3.777,3.816,0,0
HT.V,D,20200418,000000,3.817,3.985,3.8,3.929,0,0
HT.V,D,20200419,000000,3.929,3.986,3.826,3.904,0,0
HT.V,D,20200420,000000,3.9,3.912,3.673,3.738,0,0
HT.V,D,20200421,000000,3.738,3.771,3.658,3.712,0,0
HT.V,D,20200422,000000,3.712,3.877,3.668,3.827,0,0
HT.V,D,20200423,000000,3.828,4.045,3.772,3.997,0,0
HT.V,D,20200424,000000,3.992,4.014,3.905,3.973,0,0
HT.V,D,20200425,000000,3.973,4.024,3.941,3.954,0,0
HT.V,D,20200426,000000,3.954,4.076,3.94,4.025,0,0
HT.V,D,20200427,000000,4.025,4.104,3.99,4.035,0,0
HT.V,D,20200428,000000,4.031,4.069,4.01,4.036,0,0
HT.V,D,20200429,000000,4.036,4.34,4.032,4.301,0,0
HT.V,D,20200430,000000,4.308,4.483,4.087,4.246,0,0
HT.V,D,20200501,000000,4.246,4.307,4.181,4.223,0,0
HT.V,D,20200502,000000,4.219,4.275,4.189,4.264,0,0
HT.V,D,20200503,000000,4.26,4.333,4.103,4.18,0,0
HT.V,D,20200504,000000,4.174,4.245,4.019,4.244,0,0
HT.V,D,20200505,000000,4.244,4.257,4.11,4.177,0,0
HT.V,D,20200506,000000,4.177,4.255,4.135,4.195,0,0
HT.V,D,20200507,000000,4.197,4.222,4.063,4.218,0,0
HT.V,D,20200508,000000,4.215,4.301,4.159,4.213,0,0
HT.V,D,20200509,000000,4.216,4.229,4.106,4.124,0,0
HT.V,D,20200510,000000,4.122,4.129,3.683,3.864,0,0
HT.V,D,20200511,000000,3.864,3.94,3.658,3.778,0,0
HT.V,D,20200512,000000,3.779,3.914,3.744,3.837,0,0
HT.V,D,20200513,000000,3.839,3.978,3.839,3.968,0,0
HT.V,D,20200514,000000,3.97,4.092,3.936,4.067,0,0
HT.V,D,20200515,000000,4.067,4.128,3.964,4.034,0,0
HT.V,D,20200516,000000,4.035,4.084,3.989,4.047,0,0
HT.V,D,20200517,000000,4.043,4.151,4.028,4.126,0,0
HT.V,D,20200518,000000,4.126,4.191,4.067,4.133,0,0
HT.V,D,20200519,000000,4.133,4.163,4.084,4.121,0,0
HT.V,D,20200520,000000,4.124,4.158,4.004,4.053,0,0
HT.V,D,20200521,000000,4.055,4.091,3.139,3.927,0,0
HT.V,D,20200522,000000,3.93,4.004,3.866,3.988,0,0
HT.V,D,20200523,000000,3.988,4.043,3.924,3.944,0,0
HT.V,D,20200524,000000,3.947,4.002,3.856,3.903,0,0
HT.V,D,20200525,000000,3.903,3.93,3.797,3.897,0,0
HT.V,D,20200526,000000,3.895,3.913,3.807,3.863,0,0
HT.V,D,20200527,000000,3.867,3.958,3.852,3.915,0,0
HT.V,D,20200528,000000,3.915,4.029,3.905,3.981,0,0
HT.V,D,20200529,000000,3.982,4.08,3.944,4.017,0,0
HT.V,D,20200530,000000,4.015,4.119,4.014,4.092,0,0
HT.V,D,20200531,000000,4.093,4.17,4.041,4.056,0,0
HT.V,D,20200601,000000,4.051,4.102,4.037,4.095,0,0
HT.V,D,20200602,000000,4.094,4.254,3.86,4.102,0,0
HT.V,D,20200603,000000,4.102,4.109,4.017,4.067,0,0
HT.V,D,20200604,000000,4.067,4.131,4.033,4.106,0,0
HT.V,D,20200605,000000,4.105,4.415,4.092,4.334,0,0
HT.V,D,20200606,000000,4.336,4.404,4.258,4.398,0,0
HT.V,D,20200607,000000,4.398,4.583,4.305,4.473,0,0
HT.V,D,20200608,000000,4.474,4.483,4.386,4.407,0,0
HT.V,D,20200609,000000,4.408,4.504,4.337,4.485,0,0
HT.V,D,20200610,000000,4.481,4.495,4.369,4.438,0,0
HT.V,D,20200611,000000,4.437,4.523,4.069,4.202,0,0
HT.V,D,20200612,000000,4.203,4.335,4.134,4.304,0,0
HT.V,D,20200613,000000,4.304,4.322,4.25,4.286,0,0
HT.V,D,20200614,000000,4.284,4.307,4.193,4.2,0,0
HT.V,D,20200615,000000,4.2,4.224,4.024,4.192,0,0
HT.V,D,20200616,000000,4.189,4.273,4.157,4.224,0,0
HT.V,D,20200617,000000,4.224,4.259,4.136,4.184,0,0
HT.V,D,20200618,000000,4.184,4.209,4.085,4.14,0,0
HT.V,D,20200619,000000,4.14,4.17,4.049,4.068,0,0
HT.V,D,20200620,000000,4.068,4.098,4.026,4.064,0,0
HT.V,D,20200621,000000,4.066,4.114,4.053,4.068,0,0
HT.V,D,20200622,000000,4.068,4.296,4.013,4.272,0,0
HT.V,D,20200623,000000,4.271,4.282,4.228,4.256,0,0
HT.V,D,20200624,000000,4.258,4.49,4.179,4.272,0,0
HT.V,D,20200625,000000,4.272,4.313,4.144,4.253,0,0
HT.V,D,20200626,000000,4.253,4.255,4.161,4.208,0,0
HT.V,D,20200627,000000,4.208,4.25,4.036,4.128,0,0
HT.V,D,20200628,000000,4.125,4.159,4.069,4.118,0,0
HT.V,D,20200629,000000,4.118,4.216,4.104,4.198,0,0
HT.V,D,20200630,000000,4.198,4.218,4.114,4.153,0,0
HT.V,D,20200701,000000,4.151,4.192,4.101,4.162,0,0
HT.V,D,20200702,000000,4.163,4.167,4.054,4.109,0,0
HT.V,D,20200703,000000,4.099,4.12,4.069,4.089,0,0
HT.V,D,20200704,000000,4.089,4.136,4.078,4.126,0,0
HT.V,D,20200705,000000,4.126,4.136,4.051,4.072,0,0
HT.V,D,20200706,000000,4.071,4.246,4.068,4.224,0,0
HT.V,D,20200707,000000,4.222,4.282,4.126,4.138,0,0
HT.V,D,20200708,000000,4.138,4.243,4.114,4.222,0,0
HT.V,D,20200709,000000,4.221,4.234,4.133,4.157,0,0
HT.V,D,20200710,000000,4.157,4.206,4.113,4.189,0,0
HT.V,D,20200711,000000,4.19,4.223,4.179,4.182,0,0
HT.V,D,20200712,000000,4.182,4.258,4.175,4.202,0,0
HT.V,D,20200713,000000,4.206,4.259,4.19,4.209,0,0
HT.V,D,20200714,000000,4.209,4.246,4.177,4.217,0,0
HT.V,D,20200715,000000,4.219,4.271,4.205,4.225,0,0
HT.V,D,20200716,000000,4.225,4.259,4.126,4.165,0,0
HT.V,D,20200717,000000,4.165,4.203,4.154,4.163,0,0
HT.V,D,20200718,000000,4.167,4.192,4.158,4.181,0,0
HT.V,D,20200719,000000,4.181,4.203,4.165,4.188,0,0
HT.V,D,20200720,000000,4.188,4.228,4.184,4.219,0,0
HT.V,D,20200721,000000,4.219,4.265,4.193,4.244,0,0
HT.V,D,20200722,000000,4.239,4.333,4.231,4.268,0,0
HT.V,D,20200723,000000,4.271,4.441,4.263,4.348,0,0
HT.V,D,20200724,000000,4.348,4.361,4.189,4.198,0,0
HT.V,D,20200725,000000,4.196,4.285,4.177,4.264,0,0
HT.V,D,20200726,000000,4.264,4.362,4.244,4.296,0,0
HT.V,D,20200727,000000,4.295,4.499,4.292,4.482,0,0
HT.V,D,20200728,000000,4.481,4.556,4.328,4.479,0,0
HT.V,D,20200729,000000,4.479,4.534,4.421,4.499,0,0
