<TICKER>,<PER>,<DATE>,<TIME>,<OPEN>,<HIGH>,<LOW>,<CLOSE>,<VOL>,<OPENINT>
ICX.V,D,20170923,000000,0.166,0.1714,0.09443,0.09729,0,0
ICX.V,D,20170924,000000,0.09608,0.1693,0.09608,0.1631,0,0
ICX.V,D,20170925,000000,0.1702,0.1702,0.1129,0.1474,0,0
ICX.V,D,20170926,000000,0.1443,0.517,0.1443,0.1443,0,0
ICX.V,D,20170927,000000,0.155,0.2557,0.155,0.2446,0,0
ICX.V,D,20170928,000000,0.2389,0.2389,0.1514,0.1968,0,0
ICX.V,D,20170929,000000,0.1902,0.1902,0.1463,0.1858,0,0
ICX.V,D,20170930,000000,0.1923,0.221,0.1789,0.221,0,0
ICX.V,D,20171001,000000,0.2219,0.3039,0.2158,0.3036,0,0
ICX.V,D,20171002,000000,0.2965,0.2968,0.1989,0.2466,0,0
ICX.V,D,20171003,000000,0.2425,0.2918,0.2224,0.2442,0,0
ICX.V,D,20171004,000000,0.2441,0.4081,0.2441,0.4081,0,0
ICX.V,D,20171005,000000,0.4127,0.4127,0.2891,0.295,0,0
ICX.V,D,20171006,000000,0.3083,0.4307,0.3083,0.4307,0,0
ICX.V,D,20171007,000000,0.4348,0.5572,0.4261,0.4859,0,0
ICX.V,D,20171008,000000,0.4831,0.619,0.4679,0.619,0,0
ICX.V,D,20171009,000000,0.5939,0.6533,0.3652,0.4885,0,0
ICX.V,D,20171010,000000,0.491,0.5781,0.3913,0.4984,0,0
ICX.V,D,20171011,000000,0.5058,0.5058,0.421,0.424,0,0
ICX.V,D,20171012,000000,0.424,0.4695,0.3686,0.3998,0,0
ICX.V,D,20171013,000000,0.4446,0.5696,0.3402,0.5696,0,0
ICX.V,D,20171014,000000,0.5729,0.6359,0.4642,0.517,0,0
ICX.V,D,20171015,000000,0.5136,0.5136,0.3938,0.4702,0,0
ICX.V,D,20171016,000000,0.3994,0.4596,0.3419,0.4596,0,0
ICX.V,D,20171017,000000,0.4347,0.6158,0.3705,0.6158,0,0
ICX.V,D,20171018,000000,0.4549,0.5644,0.4327,0.5644,0,0
ICX.V,D,20171019,000000,0.5533,0.5533,0.415,0.5069,0,0
ICX.V,D,20171020,000000,0.4998,0.5152,0.4195,0.4549,0,0
ICX.V,D,20171021,000000,0.4496,0.4496,0.3379,0.3379,0,0
ICX.V,D,20171022,000000,0.3317,0.3822,0.3317,0.3822,0,0
ICX.V,D,20171023,000000,0.3709,0.4553,0.3623,0.3697,0,0
ICX.V,D,20171024,000000,0.3843,0.4744,0.384,0.4258,0,0
ICX.V,D,20171025,000000,0.4256,0.441,0.3838,0.441,0,0
ICX.V,D,20171026,000000,0.4398,0.4398,0.3969,0.4073,0,0
ICX.V,D,20171027,000000,0.4084,0.5927,0.4051,0.4923,0,0
ICX.V,D,20171028,000000,0.4873,0.5867,0.408,0.4975,0,0
ICX.V,D,20171029,000000,0.5157,0.5157,0.4266,0.45,0,0
ICX.V,D,20171030,000000,0.4541,0.6424,0.4372,0.5136,0,0
ICX.V,D,20171031,000000,0.5083,0.7895,0.4861,0.6984,0,0
ICX.V,D,20171101,000000,0.6657,1.16,0.6251,1.09,0,0
ICX.V,D,20171102,000000,1.08,1.24,0.8263,1.24,0,0
ICX.V,D,20171103,000000,1.32,1.32,1.04,1.25,0,0
ICX.V,D,20171104,000000,1.23,1.42,1.19,1.42,0,0
ICX.V,D,20171105,000000,1.4,1.54,1.28,1.54,0,0
ICX.V,D,20171106,000000,1.54,2.02,1.48,1.74,0,0
ICX.V,D,20171107,000000,1.71,1.94,0.7617,1.36,0,0
ICX.V,D,20171108,000000,1.43,1.56,0.8959,1.38,0,0
ICX.V,D,20171109,000000,1.44,1.6,1.16,1.26,0,0
ICX.V,D,20171110,000000,1.17,1.28,0.7748,0.9595,0,0
ICX.V,D,20171111,000000,1.02,1.09,0.7796,1.07,0,0
ICX.V,D,20171112,000000,1.04,1.13,0.8082,1.03,0,0
ICX.V,D,20171113,000000,1.05,1.13,0.9441,0.9441,0,0
ICX.V,D,20171114,000000,1,1.17,0.9325,1.11,0,0
ICX.V,D,20171115,000000,1.1,1.1,0.9837,1,0,0
ICX.V,D,20171116,000000,1,1.16,1,1.07,0,0
ICX.V,D,20171117,000000,1.08,1.15,0.9013,1.12,0,0
ICX.V,D,20171118,000000,1.17,1.17,0.92,0.9207,0,0
ICX.V,D,20171119,000000,0.9418,1.09,0.9411,1.08,0,0
ICX.V,D,20171120,000000,1.12,1.12,0.9744,0.9755,0,0
ICX.V,D,20171121,000000,0.9565,1.04,0.8905,1.04,0,0
ICX.V,D,20171122,000000,1.1,1.14,1.01,1.1,0,0
ICX.V,D,20171123,000000,1.17,1.17,0.988,1.01,0,0
ICX.V,D,20171124,000000,1.17,1.29,1.08,1.08,0,0
ICX.V,D,20171125,000000,1.07,1.2,1.07,1.13,0,0
ICX.V,D,20171126,000000,1.14,1.22,0.9928,0.9928,0,0
ICX.V,D,20171127,000000,1,1.9,1,1.38,0,0
ICX.V,D,20171128,000000,1.36,1.7,1.35,1.49,0,0
ICX.V,D,20171129,000000,1.37,1.66,1.05,1.12,0,0
ICX.V,D,20171130,000000,1.14,1.48,1.14,1.27,0,0
ICX.V,D,20171201,000000,1.34,1.59,1.34,1.59,0,0
ICX.V,D,20171202,000000,1.58,1.58,1.47,1.58,0,0
ICX.V,D,20171203,000000,1.6,1.64,1.47,1.47,0,0
ICX.V,D,20171204,000000,1.48,1.62,1.18,1.18,0,0
ICX.V,D,20171205,000000,1.14,1.65,1.14,1.59,0,0
ICX.V,D,20171206,000000,1.48,1.77,1.47,1.75,0,0
ICX.V,D,20171207,000000,1.74,1.98,1.7,1.79,0,0
ICX.V,D,20171208,000000,1.92,1.92,1.57,1.79,0,0
ICX.V,D,20171209,000000,1.87,1.96,1.64,1.89,0,0
ICX.V,D,20171210,000000,1.75,1.86,1.64,1.77,0,0
ICX.V,D,20171211,000000,2.09,2.31,1.91,2.21,0,0
ICX.V,D,20171212,000000,2.82,3.01,2.19,2.19,0,0
ICX.V,D,20171213,000000,2.33,2.46,1.9,1.96,0,0
ICX.V,D,20171214,000000,1.95,2.16,1.81,2.04,0,0
ICX.V,D,20171215,000000,2.01,2.83,1.92,2.41,0,0
ICX.V,D,20171216,000000,2.44,3.12,2.44,2.63,0,0
ICX.V,D,20171217,000000,2.73,3.16,2.22,2.87,0,0
ICX.V,D,20171218,000000,3.14,3.93,1.47,2.59,0,0
ICX.V,D,20171219,000000,2.68,2.93,2.26,2.52,0,0
ICX.V,D,20171220,000000,2.48,2.75,2.09,2.63,0,0
ICX.V,D,20171221,000000,2.6,3.38,2.32,2.38,0,0
ICX.V,D,20171222,000000,1.98,2.55,1.84,2.55,0,0
ICX.V,D,20171223,000000,2.72,4.12,2.61,3.63,0,0
ICX.V,D,20171224,000000,3.5,3.92,3.26,3.44,0,0
ICX.V,D,20171225,000000,3.68,8.65,1.52,6.15,0,0
ICX.V,D,20171226,000000,6.4,7.53,4.2,5.35,0,0
ICX.V,D,20171227,000000,5.25,5.55,4.4,4.72,0,0
ICX.V,D,20171228,000000,4.57,5.73,4.19,5.73,0,0
ICX.V,D,20171229,000000,5.91,6.06,5.18,5.66,0,0
ICX.V,D,20171230,000000,5.3,5.47,4.24,5.47,0,0
ICX.V,D,20171231,000000,5.85,5.93,4.74,5.19,0,0
ICX.V,D,20180101,000000,5.29,6.43,4.61,5.99,0,0
ICX.V,D,20180102,000000,6.83,6.94,5.74,5.95,0,0
ICX.V,D,20180103,000000,6.5,7.52,5.04,5.83,0,0
ICX.V,D,20180104,000000,5.86,7.55,5.67,7.09,0,0
ICX.V,D,20180105,000000,7.25,7.69,6.48,6.91,0,0
ICX.V,D,20180106,000000,7.13,7.95,6.91,7.76,0,0
ICX.V,D,20180107,000000,8.65,10.77,8.16,9.84,0,0
ICX.V,D,20180108,000000,9.9,10.73,9.59,10.33,0,0
ICX.V,D,20180109,000000,11.72,13.6,11.62,12.09,0,0
ICX.V,D,20180110,000000,11.71,11.99,9.33,11.04,0,0
ICX.V,D,20180111,000000,10.07,10.11,7.14,9.1,0,0
ICX.V,D,20180112,000000,10.03,10.47,9.17,9.86,0,0
ICX.V,D,20180113,000000,10.83,11.01,9.36,9.85,0,0
ICX.V,D,20180114,000000,9.67,10.79,9.62,10.53,0,0
ICX.V,D,20180115,000000,9.9,10.1,9.18,9.88,0,0
ICX.V,D,20180116,000000,8.11,8.11,6.85,7.42,0,0
ICX.V,D,20180117,000000,7.24,7.94,6.46,7.57,0,0
ICX.V,D,20180118,000000,7.48,8.1,7.3,7.8,0,0
ICX.V,D,20180119,000000,7.98,8.82,7.67,8.54,0,0
ICX.V,D,20180120,000000,9.47,10.81,9.37,10.29,0,0
ICX.V,D,20180121,000000,9.38,9.44,8.45,8.96,0,0
ICX.V,D,20180122,000000,8.52,8.67,7.92,8.13,0,0
ICX.V,D,20180123,000000,8.01,8.66,7.54,8.25,0,0
ICX.V,D,20180124,000000,8.88,9.55,7.54,8.4,0,0
ICX.V,D,20180125,000000,8.37,8.79,6.71,7.86,0,0
ICX.V,D,20180126,000000,7.86,8.5,6,7.22,0,0
ICX.V,D,20180127,000000,7.22,8.05,7.22,7.89,0,0
ICX.V,D,20180128,000000,7.9,9.7,7,9,0,0
ICX.V,D,20180129,000000,9,9.67,8.05,8.7,0,0
ICX.V,D,20180130,000000,8.7,10.09,7.53,7.53,0,0
ICX.V,D,20180131,000000,7.53,9.2,6.84,7.58,0,0
ICX.V,D,20180201,000000,7.58,7.78,5.35,6,0,0
ICX.V,D,20180202,000000,6,6.3,3.65,5.14,0,0
ICX.V,D,20180203,000000,5.14,5.98,4.6,5.36,0,0
ICX.V,D,20180204,000000,5.36,5.5,4,4.48,0,0
ICX.V,D,20180205,000000,4.48,4.49,2.6,2.99,0,0
ICX.V,D,20180206,000000,2.97,5,1.89,4.28,0,0
ICX.V,D,20180207,000000,4.28,5.25,3.27,3.97,0,0
ICX.V,D,20180208,000000,3.97,5.14,3,5.1,0,0
ICX.V,D,20180209,000000,5.1,5.11,4,4.43,0,0
ICX.V,D,20180210,000000,4.43,4.8,3.8,3.8,0,0
ICX.V,D,20180211,000000,3.8,4.13,3,4.04,0,0
ICX.V,D,20180212,000000,4.04,4.7,3.77,4.22,0,0
ICX.V,D,20180213,000000,4.22,4.31,3.51,3.9,0,0
ICX.V,D,20180214,000000,3.9,4.56,3,4.49,0,0
ICX.V,D,20180215,000000,4.5,4.84,3.96,4.73,0,0
ICX.V,D,20180216,000000,4.74,4.99,3.9,4.41,0,0
ICX.V,D,20180217,000000,4.41,5.7,4.32,4.32,0,0
ICX.V,D,20180218,000000,4.32,5.38,4.32,4.81,0,0
ICX.V,D,20180219,000000,4.81,4.97,4.66,4.76,0,0
ICX.V,D,20180220,000000,4.76,4.86,4.22,4.25,0,0
ICX.V,D,20180221,000000,4.24,4.61,3,4.01,0,0
ICX.V,D,20180222,000000,4.01,4.33,3.08,3.78,0,0
ICX.V,D,20180223,000000,3.78,4.22,3,4.02,0,0
ICX.V,D,20180224,000000,4.02,4.12,3.16,3.77,0,0
ICX.V,D,20180225,000000,3.77,3.9,3.27,3.9,0,0
ICX.V,D,20180226,000000,3.9,4.29,3,4.04,0,0
ICX.V,D,20180227,000000,4.04,4.11,3.47,4.02,0,0
ICX.V,D,20180228,000000,4.02,4.04,3.59,3.63,0,0
ICX.V,D,20180301,000000,3.63,3.87,3.49,3.84,0,0
ICX.V,D,20180302,000000,3.84,3.9,3.22,3.28,0,0
ICX.V,D,20180303,000000,3.28,3.91,3.28,3.69,0,0
ICX.V,D,20180304,000000,3.69,3.76,3.5,3.63,0,0
ICX.V,D,20180305,000000,3.62,3.68,3,3.56,0,0
ICX.V,D,20180306,000000,3.55,3.61,2.75,3.44,0,0
ICX.V,D,20180307,000000,3.44,3.48,2,3.01,0,0
ICX.V,D,20180308,000000,3.01,3.07,2,2.6,0,0
ICX.V,D,20180309,000000,2.6,3,2.2,2.59,0,0
ICX.V,D,20180310,000000,2.59,2.84,2.3,2.53,0,0
ICX.V,D,20180311,000000,2.52,2.83,2.36,2.77,0,0
ICX.V,D,20180312,000000,2.77,2.87,2.52,2.6,0,0
ICX.V,D,20180313,000000,2.6,2.95,2.01,2.86,0,0
ICX.V,D,20180314,000000,2.86,3.17,2.26,2.39,0,0
ICX.V,D,20180315,000000,2.39,2.45,2.16,2.31,0,0
ICX.V,D,20180316,000000,2.31,2.41,2.15,2.31,0,0
ICX.V,D,20180317,000000,2.31,2.33,1.9,2.02,0,0
ICX.V,D,20180318,000000,2.02,2.1,1.6,2.03,0,0
ICX.V,D,20180319,000000,2.03,2.33,1.95,2.28,0,0
ICX.V,D,20180320,000000,2.28,2.75,2.13,2.71,0,0
ICX.V,D,20180321,000000,2.71,3.66,2,3.43,0,0
ICX.V,D,20180322,000000,3.42,3.98,2.76,3.47,0,0
ICX.V,D,20180323,000000,3.47,4.05,2.74,3.89,0,0
ICX.V,D,20180324,000000,3.89,4.11,2.9,3.58,0,0
ICX.V,D,20180325,000000,3.58,3.7,2.96,3.52,0,0
ICX.V,D,20180326,000000,3.52,3.57,2,2.84,0,0
ICX.V,D,20180327,000000,2.84,3.19,2.73,2.94,0,0
ICX.V,D,20180328,000000,2.94,3,2.77,2.81,0,0
ICX.V,D,20180329,000000,2.81,2.89,1.9,1.9,0,0
ICX.V,D,20180330,000000,1.9,2.47,1.9,2.28,0,0
ICX.V,D,20180331,000000,2.28,2.4,2.14,2.18,0,0
ICX.V,D,20180401,000000,2.18,2.21,1.87,2.1,0,0
ICX.V,D,20180402,000000,2.1,2.22,2.01,2.11,0,0
ICX.V,D,20180403,000000,2.1,2.36,2.09,2.34,0,0
ICX.V,D,20180404,000000,2.34,2.4,2.05,2.09,0,0
ICX.V,D,20180405,000000,2.09,2.11,1.94,1.99,0,0
ICX.V,D,20180406,000000,1.99,2.09,1.86,1.95,0,0
ICX.V,D,20180407,000000,1.95,2.21,1.9,2.09,0,0
ICX.V,D,20180408,000000,2.1,2.16,2.06,2.11,0,0
ICX.V,D,20180409,000000,2.11,2.21,1.95,1.99,0,0
ICX.V,D,20180410,000000,1.99,2.19,1.96,2.19,0,0
ICX.V,D,20180411,000000,2.19,2.41,2.11,2.32,0,0
ICX.V,D,20180412,000000,2.32,3.49,2.24,2.6,0,0
ICX.V,D,20180413,000000,2.6,2.85,2.32,2.45,0,0
ICX.V,D,20180414,000000,2.45,2.72,2.42,2.61,0,0
ICX.V,D,20180415,000000,2.62,2.9,2.59,2.85,0,0
ICX.V,D,20180416,000000,2.85,3.14,2.51,2.87,0,0
ICX.V,D,20180417,000000,2.87,2.99,2.81,2.87,0,0
ICX.V,D,20180418,000000,2.87,3.34,2.84,3.33,0,0
ICX.V,D,20180419,000000,3.33,3.43,2.86,3.4,0,0
ICX.V,D,20180420,000000,3.39,3.68,3,3.05,0,0
ICX.V,D,20180421,000000,3.05,3.72,3.05,3.48,0,0
ICX.V,D,20180422,000000,3.48,3.64,3.42,3.64,0,0
ICX.V,D,20180423,000000,3.64,3.94,3.51,3.9,0,0
ICX.V,D,20180424,000000,3.9,4.41,3.89,4.21,0,0
ICX.V,D,20180425,000000,4.21,4.36,3.38,3.96,0,0
ICX.V,D,20180426,000000,3.96,4.08,3.2,4.04,0,0
ICX.V,D,20180427,000000,4.05,5,3.71,4.34,0,0
ICX.V,D,20180428,000000,4.33,4.92,4,4.81,0,0
ICX.V,D,20180429,000000,4.81,4.88,4.2,4.6,0,0
ICX.V,D,20180430,000000,4.6,4.76,4.08,4.26,0,0
ICX.V,D,20180501,000000,4.26,4.42,4,4.41,0,0
ICX.V,D,20180502,000000,4.41,4.42,3.92,4.38,0,0
ICX.V,D,20180503,000000,4.38,4.7,4.11,4.7,0,0
ICX.V,D,20180504,000000,4.7,4.7,4,4.47,0,0
ICX.V,D,20180505,000000,4.46,4.7,4.11,4.22,0,0
ICX.V,D,20180506,000000,4.22,4.89,4.09,4.22,0,0
ICX.V,D,20180507,000000,4.23,4.4,3.85,4.25,0,0
ICX.V,D,20180508,000000,4.25,4.48,4.08,4.39,0,0
ICX.V,D,20180509,000000,4.38,4.46,4.04,4.14,0,0
ICX.V,D,20180510,000000,4.14,4.31,3.98,3.99,0,0
ICX.V,D,20180511,000000,4,4.23,3.48,3.68,0,0
ICX.V,D,20180512,000000,3.68,4.17,3.6,3.77,0,0
ICX.V,D,20180513,000000,3.77,4.16,3.6,4.03,0,0
ICX.V,D,20180514,000000,4.03,4.06,3.68,3.97,0,0
ICX.V,D,20180515,000000,3.97,4.3,3.86,3.97,0,0
ICX.V,D,20180516,000000,3.97,4.02,3.66,3.78,0,0
ICX.V,D,20180517,000000,3.78,3.91,3.56,3.61,0,0
ICX.V,D,20180518,000000,3.61,3.62,3.36,3.59,0,0
ICX.V,D,20180519,000000,3.59,3.62,3.46,3.5,0,0
ICX.V,D,20180520,000000,3.5,3.7,3.33,3.65,0,0
ICX.V,D,20180521,000000,3.65,3.66,3.4,3.43,0,0
ICX.V,D,20180522,000000,3.43,3.48,3.08,3.09,0,0
ICX.V,D,20180523,000000,3.09,3.12,2.6,2.77,0,0
ICX.V,D,20180524,000000,2.77,2.83,2.52,2.76,0,0
ICX.V,D,20180525,000000,2.76,2.84,2.62,2.65,0,0
ICX.V,D,20180526,000000,2.65,2.76,2.59,2.68,0,0
ICX.V,D,20180527,000000,2.68,2.68,2.46,2.52,0,0
ICX.V,D,20180528,000000,2.52,2.54,2.25,2.25,0,0
ICX.V,D,20180529,000000,2.25,2.69,2.19,2.66,0,0
ICX.V,D,20180530,000000,2.66,2.82,2.52,2.57,0,0
ICX.V,D,20180531,000000,2.56,2.85,2.56,2.84,0,0
ICX.V,D,20180601,000000,2.84,2.85,2.65,2.66,0,0
ICX.V,D,20180602,000000,2.66,2.85,2.66,2.78,0,0
ICX.V,D,20180603,000000,2.78,2.91,2.75,2.79,0,0
ICX.V,D,20180604,000000,2.79,2.87,2.57,2.66,0,0
ICX.V,D,20180605,000000,2.66,2.74,2.52,2.68,0,0
ICX.V,D,20180606,000000,2.68,2.7,2.59,2.68,0,0
ICX.V,D,20180607,000000,2.67,2.72,2.6,2.61,0,0
ICX.V,D,20180608,000000,2.61,2.64,2.51,2.59,0,0
ICX.V,D,20180609,000000,2.59,2.61,2.49,2.5,0,0
ICX.V,D,20180610,000000,2.51,2.51,2.08,2.11,0,0
ICX.V,D,20180611,000000,2.11,2.15,2.03,2.07,0,0
ICX.V,D,20180612,000000,2.07,2.17,1.88,1.89,0,0
ICX.V,D,20180613,000000,1.89,2.08,1.8,1.93,0,0
ICX.V,D,20180614,000000,1.93,2.39,1.93,2.3,0,0
ICX.V,D,20180615,000000,2.3,2.31,2.08,2.1,0,0
ICX.V,D,20180616,000000,2.1,2.1,1.87,2.03,0,0
ICX.V,D,20180617,000000,2.03,2.1,2,2.01,0,0
ICX.V,D,20180618,000000,2.01,2.17,1.94,2.12,0,0
ICX.V,D,20180619,000000,2.12,2.2,2.06,2.1,0,0
ICX.V,D,20180620,000000,2.1,2.13,2.01,2.08,0,0
ICX.V,D,20180621,000000,2.08,2.11,1.98,1.99,0,0
ICX.V,D,20180622,000000,1.99,2,1.69,1.72,0,0
ICX.V,D,20180623,000000,1.72,1.81,1.7,1.78,0,0
ICX.V,D,20180624,000000,1.77,1.78,1.45,1.61,0,0
ICX.V,D,20180625,000000,1.61,1.69,1.55,1.64,0,0
ICX.V,D,20180626,000000,1.64,1.65,1.53,1.6,0,0
ICX.V,D,20180627,000000,1.59,1.6,1.44,1.51,0,0
ICX.V,D,20180628,000000,1.51,1.59,1.43,1.44,0,0
ICX.V,D,20180629,000000,1.44,1.46,1.37,1.4,0,0
ICX.V,D,20180630,000000,1.4,1.64,1.4,1.53,0,0
ICX.V,D,20180701,000000,1.53,1.71,1.53,1.63,0,0
ICX.V,D,20180702,000000,1.63,1.82,1.45,1.82,0,0
ICX.V,D,20180703,000000,1.82,1.82,1.68,1.72,0,0
ICX.V,D,20180704,000000,1.72,1.83,1.58,1.77,0,0
ICX.V,D,20180705,000000,1.77,1.78,1.63,1.64,0,0
ICX.V,D,20180706,000000,1.64,1.71,1.55,1.69,0,0
ICX.V,D,20180707,000000,1.69,1.7,1.6,1.62,0,0
ICX.V,D,20180708,000000,1.62,1.79,1.62,1.77,0,0
ICX.V,D,20180709,000000,1.77,1.78,1.65,1.66,0,0
ICX.V,D,20180710,000000,1.66,1.69,1.43,1.45,0,0
ICX.V,D,20180711,000000,1.45,1.48,1.38,1.43,0,0
ICX.V,D,20180712,000000,1.43,1.44,1.31,1.32,0,0
ICX.V,D,20180713,000000,1.32,1.39,1.26,1.32,0,0
ICX.V,D,20180714,000000,1.32,1.34,1.28,1.33,0,0
ICX.V,D,20180715,000000,1.33,1.41,1.32,1.39,0,0
ICX.V,D,20180716,000000,1.39,1.51,1.36,1.48,0,0
ICX.V,D,20180717,000000,1.48,1.67,1.44,1.65,0,0
ICX.V,D,20180718,000000,1.65,1.77,1.53,1.54,0,0
ICX.V,D,20180719,000000,1.54,1.6,1.46,1.48,0,0
ICX.V,D,20180720,000000,1.48,1.51,1.31,1.31,0,0
ICX.V,D,20180721,000000,1.31,1.42,1.28,1.39,0,0
ICX.V,D,20180722,000000,1.39,1.44,1.35,1.35,0,0
ICX.V,D,20180723,000000,1.35,1.43,1.28,1.31,0,0
ICX.V,D,20180724,000000,1.31,1.36,1.23,1.31,0,0
ICX.V,D,20180725,000000,1.31,1.41,1.29,1.37,0,0
ICX.V,D,20180726,000000,1.37,1.39,1.28,1.29,0,0
ICX.V,D,20180727,000000,1.29,1.32,1.26,1.31,0,0
ICX.V,D,20180728,000000,1.31,1.32,1.28,1.32,0,0
ICX.V,D,20180729,000000,1.32,1.32,1.27,1.29,0,0
ICX.V,D,20180730,000000,1.29,1.3,1.16,1.2,0,0
ICX.V,D,20180731,000000,1.2,1.21,1.08,1.11,0,0
ICX.V,D,20180801,000000,1.11,1.11,1.02,1.03,0,0
ICX.V,D,20180802,000000,1.03,1.09,0.9128,0.9436,0,0
ICX.V,D,20180803,000000,0.942,0.9636,0.8518,0.9182,0,0
ICX.V,D,20180804,000000,0.9197,0.95,0.8361,0.8571,0,0
ICX.V,D,20180805,000000,0.8572,0.8988,0.8441,0.8939,0,0
ICX.V,D,20180806,000000,0.8931,0.9325,0.8474,0.8558,0,0
ICX.V,D,20180807,000000,0.8508,0.9979,0.8228,0.844,0,0
ICX.V,D,20180808,000000,0.8445,0.8607,0.7067,0.7414,0,0
ICX.V,D,20180809,000000,0.7415,0.8189,0.7174,0.809,0,0
ICX.V,D,20180810,000000,0.8084,0.8161,0.7006,0.7054,0,0
ICX.V,D,20180811,000000,0.7045,0.7202,0.6253,0.6797,0,0
ICX.V,D,20180812,000000,0.6791,0.6939,0.6431,0.6904,0,0
ICX.V,D,20180813,000000,0.6904,0.6976,0.5712,0.5796,0,0
ICX.V,D,20180814,000000,0.5796,0.5805,0.456,0.4966,0,0
ICX.V,D,20180815,000000,0.4948,0.5771,0.4939,0.5381,0,0
ICX.V,D,20180816,000000,0.5381,0.5662,0.4954,0.5375,0,0
ICX.V,D,20180817,000000,0.5375,0.7025,0.537,0.674,0,0
ICX.V,D,20180818,000000,0.674,0.764,0.5825,0.6217,0,0
ICX.V,D,20180819,000000,0.6216,0.6931,0.6151,0.6743,0,0
ICX.V,D,20180820,000000,0.6736,0.7017,0.6401,0.6465,0,0
ICX.V,D,20180821,000000,0.6465,0.6557,0.5959,0.6367,0,0
ICX.V,D,20180822,000000,0.636,0.7038,0.5601,0.5787,0,0
ICX.V,D,20180823,000000,0.5811,0.6419,0.5542,0.6388,0,0
ICX.V,D,20180824,000000,0.6387,0.6941,0.6332,0.6852,0,0
ICX.V,D,20180825,000000,0.6851,0.7622,0.6659,0.743,0,0
ICX.V,D,20180826,000000,0.743,0.8979,0.6896,0.8906,0,0
ICX.V,D,20180827,000000,0.8906,0.9702,0.8567,0.8774,0,0
ICX.V,D,20180828,000000,0.8774,0.9719,0.87,0.931,0,0
ICX.V,D,20180829,000000,0.9311,0.9585,0.8265,0.8974,0,0
ICX.V,D,20180830,000000,0.8973,0.9015,0.7885,0.8654,0,0
ICX.V,D,20180831,000000,0.8657,0.933,0.8347,0.9124,0,0
ICX.V,D,20180901,000000,0.9124,0.9947,0.9022,0.9628,0,0
ICX.V,D,20180902,000000,0.9628,0.9764,0.8983,0.9217,0,0
ICX.V,D,20180903,000000,0.9196,0.9389,0.8783,0.9119,0,0
ICX.V,D,20180904,000000,0.9119,1.49,0.8903,1.45,0,0
ICX.V,D,20180905,000000,1.45,1.77,0.7592,0.7934,0,0
ICX.V,D,20180906,000000,0.7934,0.8193,0.6967,0.7492,0,0
ICX.V,D,20180907,000000,0.7492,0.8032,0.6939,0.7301,0,0
ICX.V,D,20180908,000000,0.7302,0.7831,0.643,0.6824,0,0
ICX.V,D,20180909,000000,0.6824,0.7405,0.6469,0.7048,0,0
ICX.V,D,20180910,000000,0.7046,0.714,0.6116,0.6212,0,0
ICX.V,D,20180911,000000,0.6208,0.6385,0.5849,0.6042,0,0
ICX.V,D,20180912,000000,0.6046,0.608,0.4281,0.519,0,0
ICX.V,D,20180913,000000,0.519,0.6615,0.4821,0.543,0,0
ICX.V,D,20180914,000000,0.5431,0.6346,0.5195,0.5703,0,0
ICX.V,D,20180915,000000,0.5702,0.67,0.4992,0.5919,0,0
ICX.V,D,20180916,000000,0.5905,0.6195,0.5527,0.5925,0,0
ICX.V,D,20180917,000000,0.5928,0.6143,0.5378,0.5577,0,0
ICX.V,D,20180918,000000,0.5577,0.5909,0.5291,0.5652,0,0
ICX.V,D,20180919,000000,0.5652,0.603,0.5429,0.5752,0,0
ICX.V,D,20180920,000000,0.5779,0.6059,0.5658,0.592,0,0
ICX.V,D,20180921,000000,0.5959,0.6994,0.584,0.6749,0,0
ICX.V,D,20180922,000000,0.6756,0.7755,0.6666,0.7352,0,0
ICX.V,D,20180923,000000,0.7506,0.773,0.5743,0.7355,0,0
ICX.V,D,20180924,000000,0.7348,0.7601,0.612,0.6519,0,0
ICX.V,D,20180925,000000,0.6519,0.7283,0.6139,0.6747,0,0
ICX.V,D,20180926,000000,0.6625,0.7616,0.6116,0.6382,0,0
ICX.V,D,20180927,000000,0.6427,0.681,0.6116,0.6743,0,0
ICX.V,D,20180928,000000,0.6744,0.6861,0.5787,0.6445,0,0
ICX.V,D,20180929,000000,0.6445,0.6538,0.5682,0.6261,0,0
ICX.V,D,20180930,000000,0.6264,0.7712,0.4954,0.6522,0,0
ICX.V,D,20181001,000000,0.6521,0.7666,0.5446,0.6581,0,0
ICX.V,D,20181002,000000,0.6581,0.7436,0.5579,0.6774,0,0
ICX.V,D,20181003,000000,0.6774,0.7372,0.6084,0.6749,0,0
ICX.V,D,20181004,000000,0.7012,0.8295,0.5384,0.7535,0,0
ICX.V,D,20181005,000000,0.7533,0.8331,0.6631,0.7086,0,0
ICX.V,D,20181006,000000,0.7086,0.7421,0.5532,0.647,0,0
ICX.V,D,20181007,000000,0.647,0.8434,0.4973,0.8407,0,0
ICX.V,D,20181008,000000,0.848,0.8501,0.666,0.7793,0,0
ICX.V,D,20181009,000000,0.7793,0.825,0.686,0.7722,0,0
ICX.V,D,20181010,000000,0.7696,0.8304,0.6786,0.7434,0,0
ICX.V,D,20181011,000000,0.7414,0.8188,0.5531,0.624,0,0
ICX.V,D,20181012,000000,0.6215,0.6882,0.5179,0.5372,0,0
ICX.V,D,20181013,000000,0.5326,0.7028,0.5111,0.6998,0,0
ICX.V,D,20181014,000000,0.6666,0.7243,0.5062,0.6888,0,0
ICX.V,D,20181015,000000,0.6888,0.7227,0.5219,0.657,0,0
ICX.V,D,20181016,000000,0.6759,0.7417,0.6504,0.7036,0,0
ICX.V,D,20181017,000000,0.7037,0.8073,0.6448,0.769,0,0
ICX.V,D,20181018,000000,0.769,0.773,0.6262,0.7038,0,0
ICX.V,D,20181019,000000,0.7038,0.784,0.661,0.6932,0,0
ICX.V,D,20181020,000000,0.6932,0.7807,0.4828,0.6987,0,0
ICX.V,D,20181021,000000,0.7019,0.7355,0.5489,0.7018,0,0
ICX.V,D,20181022,000000,0.7025,0.7071,0.6687,0.6872,0,0
ICX.V,D,20181023,000000,0.6853,0.6966,0.6568,0.6681,0,0
ICX.V,D,20181024,000000,0.6681,0.6828,0.6602,0.6745,0,0
ICX.V,D,20181025,000000,0.6745,0.6771,0.6553,0.6593,0,0
ICX.V,D,20181026,000000,0.6594,0.7901,0.6532,0.6729,0,0
ICX.V,D,20181027,000000,0.6729,0.6885,0.4914,0.5482,0,0
ICX.V,D,20181028,000000,0.5488,0.7573,0.523,0.6423,0,0
ICX.V,D,20181029,000000,0.6423,0.7403,0.4281,0.6545,0,0
ICX.V,D,20181030,000000,0.6545,0.7158,0.4406,0.5572,0,0
ICX.V,D,20181031,000000,0.5573,0.6672,0.3837,0.6484,0,0
ICX.V,D,20181101,000000,0.6484,0.7004,0.4466,0.5716,0,0
ICX.V,D,20181102,000000,0.571,0.6849,0.4045,0.6425,0,0
ICX.V,D,20181103,000000,0.6431,0.7776,0.3995,0.6757,0,0
ICX.V,D,20181104,000000,0.6758,0.785,0.3671,0.6545,0,0
ICX.V,D,20181105,000000,0.6557,0.6907,0.4494,0.5464,0,0
ICX.V,D,20181106,000000,0.5553,0.6767,0.4047,0.6159,0,0
ICX.V,D,20181107,000000,0.6159,0.6707,0.2867,0.5659,0,0
ICX.V,D,20181108,000000,0.5663,0.6412,0.423,0.6149,0,0
ICX.V,D,20181109,000000,0.6149,0.6163,0.5831,0.5881,0,0
ICX.V,D,20181110,000000,0.5881,0.6049,0.5872,0.5995,0,0
ICX.V,D,20181111,000000,0.5995,0.6004,0.5692,0.5759,0,0
ICX.V,D,20181112,000000,0.5759,0.5868,0.55,0.5562,0,0
ICX.V,D,20181113,000000,0.5562,0.563,0.5394,0.5422,0,0
ICX.V,D,20181114,000000,0.5422,0.5587,0.4254,0.4555,0,0
ICX.V,D,20181115,000000,0.4541,0.4618,0.3935,0.4316,0,0
ICX.V,D,20181116,000000,0.4316,0.4519,0.4149,0.4167,0,0
ICX.V,D,20181117,000000,0.4169,0.4261,0.4076,0.414,0,0
ICX.V,D,20181118,000000,0.414,0.4271,0.4137,0.4178,0,0
ICX.V,D,20181119,000000,0.4178,0.4202,0.3143,0.3291,0,0
ICX.V,D,20181120,000000,0.3284,0.3409,0.2506,0.2706,0,0
ICX.V,D,20181121,000000,0.2702,0.3084,0.2662,0.2928,0,0
ICX.V,D,20181122,000000,0.2928,0.3047,0.2828,0.2892,0,0
ICX.V,D,20181123,000000,0.2891,0.2891,0.2578,0.2747,0,0
ICX.V,D,20181124,000000,0.2746,0.2788,0.2252,0.2313,0,0
ICX.V,D,20181125,000000,0.231,0.2481,0.2046,0.2397,0,0
ICX.V,D,20181126,000000,0.2382,0.2529,0.2059,0.2166,0,0
ICX.V,D,20181127,000000,0.2166,0.2307,0.2124,0.2275,0,0
ICX.V,D,20181128,000000,0.2275,0.2893,0.2271,0.2705,0,0
ICX.V,D,20181129,000000,0.2705,0.3089,0.2625,0.2823,0,0
ICX.V,D,20181130,000000,0.2822,0.2918,0.2414,0.2523,0,0
ICX.V,D,20181201,000000,0.2524,0.2889,0.2495,0.281,0,0
ICX.V,D,20181202,000000,0.281,0.2903,0.27,0.2769,0,0
ICX.V,D,20181203,000000,0.2766,0.2799,0.238,0.2473,0,0
ICX.V,D,20181204,000000,0.2474,0.2689,0.2362,0.2543,0,0
ICX.V,D,20181205,000000,0.2543,0.258,0.2325,0.2336,0,0
ICX.V,D,20181206,000000,0.2335,0.2438,0.2177,0.2182,0,0
ICX.V,D,20181207,000000,0.2182,0.223,0.1917,0.2118,0,0
ICX.V,D,20181208,000000,0.212,0.224,0.1979,0.2171,0,0
ICX.V,D,20181209,000000,0.2178,0.2318,0.2093,0.2189,0,0
ICX.V,D,20181210,000000,0.2193,0.2246,0.2039,0.2096,0,0
ICX.V,D,20181211,000000,0.2096,0.2113,0.1973,0.2051,0,0
ICX.V,D,20181212,000000,0.2047,0.2137,0.1993,0.2094,0,0
ICX.V,D,20181213,000000,0.2097,0.212,0.1937,0.1961,0,0
ICX.V,D,20181214,000000,0.1961,0.1993,0.1818,0.188,0,0
ICX.V,D,20181215,000000,0.1883,0.1905,0.1826,0.1881,0,0
ICX.V,D,20181216,000000,0.1881,0.1955,0.186,0.1896,0,0
ICX.V,D,20181217,000000,0.1896,0.2192,0.1881,0.2094,0,0
ICX.V,D,20181218,000000,0.2094,0.2163,0.2015,0.2157,0,0
ICX.V,D,20181219,000000,0.2157,0.2502,0.2149,0.2292,0,0
ICX.V,D,20181220,000000,0.2288,0.2545,0.2225,0.2497,0,0
ICX.V,D,20181221,000000,0.2498,0.2748,0.2376,0.242,0,0
ICX.V,D,20181222,000000,0.242,0.2564,0.239,0.249,0,0
ICX.V,D,20181223,000000,0.249,0.2749,0.2486,0.2659,0,0
ICX.V,D,20181224,000000,0.2659,0.2967,0.2641,0.279,0,0
ICX.V,D,20181225,000000,0.279,0.2807,0.2377,0.2465,0,0
ICX.V,D,20181226,000000,0.2465,0.2565,0.2386,0.2463,0,0
ICX.V,D,20181227,000000,0.2463,0.248,0.2213,0.2237,0,0
ICX.V,D,20181228,000000,0.2237,0.256,0.2203,0.25,0,0
ICX.V,D,20181229,000000,0.2499,0.2562,0.2393,0.2482,0,0
ICX.V,D,20181230,000000,0.2482,0.2517,0.2335,0.2467,0,0
ICX.V,D,20181231,000000,0.2467,0.2488,0.2337,0.2359,0,0
ICX.V,D,20190101,000000,0.2358,0.2426,0.2331,0.2416,0,0
ICX.V,D,20190102,000000,0.2416,0.2601,0.24,0.2583,0,0
ICX.V,D,20190103,000000,0.2582,0.2714,0.252,0.2622,0,0
ICX.V,D,20190104,000000,0.2622,0.2807,0.2574,0.276,0,0
ICX.V,D,20190105,000000,0.276,0.2909,0.2685,0.2707,0,0
ICX.V,D,20190106,000000,0.2707,0.2946,0.2632,0.2891,0,0
ICX.V,D,20190107,000000,0.2891,0.296,0.2771,0.2781,0,0
ICX.V,D,20190108,000000,0.2781,0.2888,0.2664,0.277,0,0
ICX.V,D,20190109,000000,0.2766,0.29,0.275,0.2867,0,0
ICX.V,D,20190110,000000,0.2867,0.3007,0.2323,0.2415,0,0
ICX.V,D,20190111,000000,0.2416,0.246,0.2361,0.2396,0,0
ICX.V,D,20190112,000000,0.2401,0.2429,0.2359,0.2413,0,0
ICX.V,D,20190113,000000,0.241,0.2423,0.2137,0.2173,0,0
ICX.V,D,20190114,000000,0.2173,0.2378,0.2151,0.2316,0,0
ICX.V,D,20190115,000000,0.2316,0.2367,0.2208,0.223,0,0
ICX.V,D,20190116,000000,0.2227,0.2364,0.2224,0.2308,0,0
ICX.V,D,20190117,000000,0.2307,0.2437,0.2277,0.2428,0,0
ICX.V,D,20190118,000000,0.2428,0.2525,0.2332,0.2359,0,0
ICX.V,D,20190119,000000,0.2359,0.2485,0.2359,0.2455,0,0
ICX.V,D,20190120,000000,0.2451,0.2464,0.2261,0.2305,0,0
ICX.V,D,20190121,000000,0.2305,0.2346,0.2267,0.2292,0,0
ICX.V,D,20190122,000000,0.2292,0.235,0.2194,0.232,0,0
ICX.V,D,20190123,000000,0.232,0.2351,0.222,0.2277,0,0
ICX.V,D,20190124,000000,0.2278,0.2319,0.2255,0.229,0,0
ICX.V,D,20190125,000000,0.229,0.2315,0.2222,0.226,0,0
ICX.V,D,20190126,000000,0.2264,0.2317,0.2247,0.2265,0,0
ICX.V,D,20190127,000000,0.2265,0.2273,0.2135,0.2206,0,0
ICX.V,D,20190128,000000,0.2207,0.2209,0.1968,0.2043,0,0
ICX.V,D,20190129,000000,0.2043,0.206,0.1943,0.1986,0,0
ICX.V,D,20190130,000000,0.1985,0.2093,0.1967,0.2046,0,0
ICX.V,D,20190131,000000,0.2046,0.2072,0.185,0.1906,0,0
ICX.V,D,20190201,000000,0.1906,0.194,0.184,0.192,0,0
ICX.V,D,20190202,000000,0.192,0.1927,0.1887,0.1887,0,0
ICX.V,D,20190203,000000,0.1887,0.1929,0.1844,0.1855,0,0
ICX.V,D,20190204,000000,0.1856,0.1891,0.185,0.1862,0,0
ICX.V,D,20190205,000000,0.1862,0.1885,0.1849,0.1873,0,0
ICX.V,D,20190206,000000,0.1873,0.1877,0.1788,0.1834,0,0
ICX.V,D,20190207,000000,0.1831,0.2272,0.1831,0.2124,0,0
ICX.V,D,20190208,000000,0.2124,0.2292,0.2026,0.2223,0,0
ICX.V,D,20190209,000000,0.2223,0.2241,0.2148,0.2184,0,0
ICX.V,D,20190210,000000,0.2185,0.228,0.213,0.2186,0,0
ICX.V,D,20190211,000000,0.2186,0.2271,0.2142,0.2251,0,0
ICX.V,D,20190212,000000,0.2251,0.2325,0.2218,0.2244,0,0
ICX.V,D,20190213,000000,0.2244,0.231,0.2163,0.2171,0,0
ICX.V,D,20190214,000000,0.2171,0.2205,0.213,0.217,0,0
ICX.V,D,20190215,000000,0.217,0.2275,0.2155,0.2221,0,0
ICX.V,D,20190216,000000,0.2221,0.226,0.2169,0.2233,0,0
ICX.V,D,20190217,000000,0.2233,0.2374,0.2219,0.236,0,0
ICX.V,D,20190218,000000,0.236,0.2474,0.2279,0.2419,0,0
ICX.V,D,20190219,000000,0.2419,0.2476,0.2334,0.2419,0,0
ICX.V,D,20190220,000000,0.242,0.245,0.2334,0.241,0,0
ICX.V,D,20190221,000000,0.2409,0.251,0.2386,0.241,0,0
ICX.V,D,20190222,000000,0.241,0.251,0.2405,0.2504,0,0
ICX.V,D,20190223,000000,0.2504,0.2776,0.2474,0.2732,0,0
ICX.V,D,20190224,000000,0.2733,0.2905,0.2341,0.2409,0,0
ICX.V,D,20190225,000000,0.2409,0.2509,0.2339,0.2468,0,0
ICX.V,D,20190226,000000,0.2468,0.288,0.2452,0.2691,0,0
ICX.V,D,20190227,000000,0.2691,0.2805,0.2594,0.2656,0,0
ICX.V,D,20190228,000000,0.2656,0.2953,0.2656,0.2915,0,0
ICX.V,D,20190301,000000,0.2915,0.3143,0.2871,0.2927,0,0
ICX.V,D,20190302,000000,0.2927,0.2954,0.2772,0.279,0,0
ICX.V,D,20190303,000000,0.279,0.2974,0.2789,0.2829,0,0
ICX.V,D,20190304,000000,0.2829,0.283,0.2579,0.2665,0,0
ICX.V,D,20190305,000000,0.2664,0.2947,0.2613,0.2834,0,0
ICX.V,D,20190306,000000,0.2834,0.2898,0.2787,0.2829,0,0
ICX.V,D,20190307,000000,0.2829,0.3371,0.2801,0.3267,0,0
ICX.V,D,20190308,000000,0.3268,0.3475,0.3085,0.3134,0,0
ICX.V,D,20190309,000000,0.3134,0.3784,0.3092,0.3638,0,0
ICX.V,D,20190310,000000,0.3638,0.3887,0.3386,0.3547,0,0
ICX.V,D,20190311,000000,0.3547,0.3583,0.3148,0.3287,0,0
ICX.V,D,20190312,000000,0.3287,0.3548,0.3124,0.3408,0,0
ICX.V,D,20190313,000000,0.3408,0.3556,0.3272,0.3319,0,0
ICX.V,D,20190314,000000,0.3319,0.3361,0.3154,0.3316,0,0
ICX.V,D,20190315,000000,0.3317,0.3469,0.3243,0.3389,0,0
ICX.V,D,20190316,000000,0.3389,0.3448,0.3335,0.3405,0,0
ICX.V,D,20190317,000000,0.3405,0.3427,0.3231,0.3314,0,0
ICX.V,D,20190318,000000,0.3314,0.3403,0.3209,0.3261,0,0
ICX.V,D,20190319,000000,0.3261,0.3505,0.3247,0.3421,0,0
ICX.V,D,20190320,000000,0.3421,0.3465,0.3301,0.337,0,0
ICX.V,D,20190321,000000,0.3369,0.343,0.3025,0.3184,0,0
ICX.V,D,20190322,000000,0.3183,0.3278,0.3148,0.3205,0,0
ICX.V,D,20190323,000000,0.3205,0.3281,0.3172,0.3249,0,0
ICX.V,D,20190324,000000,0.3249,0.354,0.3175,0.3362,0,0
ICX.V,D,20190325,000000,0.3362,0.3564,0.3032,0.318,0,0
ICX.V,D,20190326,000000,0.318,0.3196,0.3017,0.3106,0,0
ICX.V,D,20190327,000000,0.3106,0.3324,0.3092,0.328,0,0
ICX.V,D,20190328,000000,0.328,0.33,0.3196,0.3245,0,0
ICX.V,D,20190329,000000,0.3245,0.3338,0.323,0.3324,0,0
ICX.V,D,20190330,000000,0.3324,0.3478,0.3292,0.3345,0,0
ICX.V,D,20190331,000000,0.3345,0.3538,0.3324,0.3502,0,0
ICX.V,D,20190401,000000,0.3502,0.3674,0.3422,0.351,0,0
ICX.V,D,20190402,000000,0.351,0.3903,0.3506,0.3854,0,0
ICX.V,D,20190403,000000,0.3853,0.4456,0.3853,0.4271,0,0
ICX.V,D,20190404,000000,0.4273,0.4388,0.375,0.3983,0,0
ICX.V,D,20190405,000000,0.3982,0.4328,0.3972,0.4294,0,0
ICX.V,D,20190406,000000,0.4293,0.4631,0.4205,0.4398,0,0
ICX.V,D,20190407,000000,0.4399,0.4684,0.4327,0.4455,0,0
ICX.V,D,20190408,000000,0.4455,0.4474,0.4135,0.4296,0,0
ICX.V,D,20190409,000000,0.4296,0.4471,0.398,0.4117,0,0
ICX.V,D,20190410,000000,0.4117,0.422,0.3974,0.4001,0,0
ICX.V,D,20190411,000000,0.4001,0.406,0.3451,0.3637,0,0
ICX.V,D,20190412,000000,0.3637,0.384,0.3532,0.3744,0,0
ICX.V,D,20190413,000000,0.3744,0.384,0.3638,0.3668,0,0
ICX.V,D,20190414,000000,0.3666,0.3817,0.3644,0.379,0,0
ICX.V,D,20190415,000000,0.3791,0.3853,0.3484,0.3552,0,0
ICX.V,D,20190416,000000,0.3552,0.367,0.3518,0.363,0,0
ICX.V,D,20190417,000000,0.363,0.3728,0.3561,0.3638,0,0
ICX.V,D,20190418,000000,0.3638,0.3827,0.3614,0.3756,0,0
ICX.V,D,20190419,000000,0.3756,0.3788,0.3617,0.3683,0,0
ICX.V,D,20190420,000000,0.3684,0.388,0.3677,0.3758,0,0
ICX.V,D,20190421,000000,0.376,0.38,0.3466,0.3585,0,0
ICX.V,D,20190422,000000,0.3585,0.426,0.3576,0.4166,0,0
ICX.V,D,20190423,000000,0.4165,0.428,0.3892,0.3977,0,0
ICX.V,D,20190424,000000,0.3977,0.3979,0.3495,0.3684,0,0
ICX.V,D,20190425,000000,0.3684,0.4054,0.3672,0.3698,0,0
ICX.V,D,20190426,000000,0.3698,0.3698,0.3429,0.3514,0,0
ICX.V,D,20190427,000000,0.3514,0.3639,0.3472,0.3606,0,0
ICX.V,D,20190428,000000,0.3606,0.3633,0.35,0.35,0,0
ICX.V,D,20190429,000000,0.35,0.3547,0.3207,0.3239,0,0
ICX.V,D,20190430,000000,0.3238,0.3402,0.3173,0.3383,0,0
ICX.V,D,20190501,000000,0.3383,0.3468,0.3288,0.3323,0,0
ICX.V,D,20190502,000000,0.3322,0.3427,0.331,0.3342,0,0
ICX.V,D,20190503,000000,0.3346,0.3509,0.3327,0.3392,0,0
ICX.V,D,20190504,000000,0.3392,0.3505,0.327,0.3385,0,0
ICX.V,D,20190505,000000,0.3387,0.3437,0.3316,0.3382,0,0
ICX.V,D,20190506,000000,0.3382,0.3437,0.3206,0.3381,0,0
ICX.V,D,20190507,000000,0.3381,0.3505,0.3251,0.3279,0,0
ICX.V,D,20190508,000000,0.3279,0.3292,0.3074,0.3193,0,0
ICX.V,D,20190509,000000,0.3193,0.3221,0.2912,0.2969,0,0
ICX.V,D,20190510,000000,0.2969,0.3241,0.2923,0.3148,0,0
ICX.V,D,20190511,000000,0.3148,0.3628,0.3119,0.3535,0,0
ICX.V,D,20190512,000000,0.3536,0.3621,0.3133,0.3302,0,0
ICX.V,D,20190513,000000,0.3303,0.3518,0.3205,0.3432,0,0
ICX.V,D,20190514,000000,0.3434,0.372,0.3288,0.3587,0,0
ICX.V,D,20190515,000000,0.3588,0.415,0.3582,0.3967,0,0
ICX.V,D,20190516,000000,0.3967,0.4338,0.3667,0.3906,0,0
ICX.V,D,20190517,000000,0.3902,0.3958,0.3256,0.3631,0,0
ICX.V,D,20190518,000000,0.3633,0.3932,0.3615,0.3775,0,0
ICX.V,D,20190519,000000,0.3773,0.3936,0.3713,0.3875,0,0
ICX.V,D,20190520,000000,0.3876,0.3917,0.3564,0.3723,0,0
ICX.V,D,20190521,000000,0.3721,0.4338,0.3692,0.4158,0,0
ICX.V,D,20190522,000000,0.4158,0.4192,0.372,0.3743,0,0
ICX.V,D,20190523,000000,0.3744,0.3912,0.3496,0.3844,0,0
ICX.V,D,20190524,000000,0.3837,0.3992,0.3774,0.3838,0,0
ICX.V,D,20190525,000000,0.3837,0.3901,0.3723,0.3747,0,0
ICX.V,D,20190526,000000,0.3747,0.3867,0.3636,0.3848,0,0
ICX.V,D,20190527,000000,0.3849,0.4095,0.3779,0.3923,0,0
ICX.V,D,20190528,000000,0.3924,0.4057,0.3778,0.4051,0,0
ICX.V,D,20190529,000000,0.4051,0.4231,0.379,0.4092,0,0
ICX.V,D,20190530,000000,0.4093,0.4483,0.3685,0.3784,0,0
ICX.V,D,20190531,000000,0.3782,0.3957,0.3651,0.3931,0,0
ICX.V,D,20190601,000000,0.3932,0.4015,0.3821,0.3932,0,0
ICX.V,D,20190602,000000,0.3932,0.4559,0.3849,0.4375,0,0
ICX.V,D,20190603,000000,0.4376,0.4384,0.3942,0.3997,0,0
ICX.V,D,20190604,000000,0.3998,0.4022,0.3496,0.3496,0,0
ICX.V,D,20190605,000000,0.3482,0.3742,0.3473,0.3609,0,0
ICX.V,D,20190606,000000,0.3608,0.3713,0.3486,0.3631,0,0
ICX.V,D,20190607,000000,0.3631,0.3905,0.3606,0.3788,0,0
ICX.V,D,20190608,000000,0.3787,0.3902,0.3699,0.3751,0,0
ICX.V,D,20190609,000000,0.3751,0.3801,0.3513,0.3518,0,0
ICX.V,D,20190610,000000,0.3517,0.3815,0.3464,0.3779,0,0
ICX.V,D,20190611,000000,0.378,0.3835,0.3651,0.3795,0,0
ICX.V,D,20190612,000000,0.3795,0.4035,0.3782,0.3942,0,0
ICX.V,D,20190613,000000,0.3942,0.4001,0.3864,0.388,0,0
ICX.V,D,20190614,000000,0.388,0.3901,0.3577,0.3675,0,0
ICX.V,D,20190615,000000,0.3674,0.382,0.3658,0.3752,0,0
ICX.V,D,20190616,000000,0.3751,0.3846,0.3609,0.3684,0,0
ICX.V,D,20190617,000000,0.3685,0.3759,0.3585,0.3618,0,0
ICX.V,D,20190618,000000,0.3618,0.3642,0.3507,0.357,0,0
ICX.V,D,20190619,000000,0.357,0.3686,0.3525,0.3595,0,0
ICX.V,D,20190620,000000,0.3596,0.3643,0.3401,0.3421,0,0
ICX.V,D,20190621,000000,0.3422,0.3508,0.3292,0.3297,0,0
ICX.V,D,20190622,000000,0.3297,0.3591,0.3273,0.35,0,0
ICX.V,D,20190623,000000,0.35,0.3582,0.3336,0.3383,0,0
ICX.V,D,20190624,000000,0.338,0.3487,0.3269,0.3424,0,0
ICX.V,D,20190625,000000,0.3424,0.3527,0.3286,0.331,0,0
ICX.V,D,20190626,000000,0.3309,0.3857,0.3276,0.3342,0,0
ICX.V,D,20190627,000000,0.3345,0.3514,0.2893,0.3047,0,0
ICX.V,D,20190628,000000,0.3047,0.322,0.298,0.3158,0,0
ICX.V,D,20190629,000000,0.3159,0.3347,0.3007,0.3294,0,0
ICX.V,D,20190630,000000,0.3294,0.3363,0.3023,0.3115,0,0
ICX.V,D,20190701,000000,0.3114,0.3255,0.2976,0.3091,0,0
ICX.V,D,20190702,000000,0.3088,0.3159,0.2887,0.3003,0,0
ICX.V,D,20190703,000000,0.3003,0.3154,0.2927,0.3013,0,0
ICX.V,D,20190704,000000,0.3013,0.3211,0.297,0.3118,0,0
ICX.V,D,20190705,000000,0.3117,0.3207,0.2971,0.3045,0,0
ICX.V,D,20190706,000000,0.3046,0.3236,0.299,0.3121,0,0
ICX.V,D,20190707,000000,0.3121,0.3764,0.3066,0.3764,0,0
ICX.V,D,20190708,000000,0.377,0.3974,0.34,0.34,0,0
ICX.V,D,20190709,000000,0.3399,0.3456,0.3248,0.3308,0,0
ICX.V,D,20190710,000000,0.3309,0.3465,0.3118,0.3258,0,0
ICX.V,D,20190711,000000,0.3259,0.3348,0.287,0.2935,0,0
ICX.V,D,20190712,000000,0.2936,0.3183,0.2822,0.3082,0,0
ICX.V,D,20190713,000000,0.3082,0.3185,0.2886,0.2947,0,0
ICX.V,D,20190714,000000,0.2947,0.4652,0.2922,0.3328,0,0
ICX.V,D,20190715,000000,0.3317,0.3395,0.2847,0.3128,0,0
ICX.V,D,20190716,000000,0.313,0.3494,0.2561,0.2705,0,0
ICX.V,D,20190717,000000,0.2702,0.2733,0.2386,0.2678,0,0
ICX.V,D,20190718,000000,0.2679,0.2881,0.2483,0.2843,0,0
ICX.V,D,20190719,000000,0.2841,0.2898,0.2708,0.2814,0,0
ICX.V,D,20190720,000000,0.2816,0.3028,0.2748,0.3006,0,0
ICX.V,D,20190721,000000,0.303,0.3239,0.2897,0.307,0,0
ICX.V,D,20190722,000000,0.3082,0.3226,0.2773,0.2876,0,0
ICX.V,D,20190723,000000,0.2871,0.3008,0.2783,0.2879,0,0
ICX.V,D,20190724,000000,0.2871,0.289,0.2693,0.2766,0,0
ICX.V,D,20190725,000000,0.2774,0.2914,0.2751,0.2823,0,0
ICX.V,D,20190726,000000,0.2823,0.2912,0.273,0.287,0,0
ICX.V,D,20190727,000000,0.287,0.2909,0.2626,0.2678,0,0
ICX.V,D,20190728,000000,0.2678,0.2709,0.2611,0.2617,0,0
ICX.V,D,20190729,000000,0.2617,0.264,0.2468,0.2588,0,0
ICX.V,D,20190730,000000,0.2597,0.2666,0.2498,0.2605,0,0
ICX.V,D,20190731,000000,0.2605,0.2724,0.2579,0.2663,0,0
ICX.V,D,20190801,000000,0.2663,0.2706,0.2452,0.2526,0,0
ICX.V,D,20190802,000000,0.2526,0.2587,0.247,0.2585,0,0
ICX.V,D,20190803,000000,0.259,0.2617,0.2374,0.241,0,0
ICX.V,D,20190804,000000,0.2411,0.2462,0.2363,0.2424,0,0
ICX.V,D,20190805,000000,0.2423,0.2457,0.2355,0.2417,0,0
ICX.V,D,20190806,000000,0.2417,0.244,0.227,0.2311,0,0
ICX.V,D,20190807,000000,0.2312,0.2429,0.2207,0.2246,0,0
ICX.V,D,20190808,000000,0.2245,0.2265,0.2121,0.2198,0,0
ICX.V,D,20190809,000000,0.2198,0.2247,0.1937,0.1952,0,0
ICX.V,D,20190810,000000,0.1952,0.2048,0.1924,0.2009,0,0
ICX.V,D,20190811,000000,0.2009,0.2097,0.1996,0.2042,0,0
ICX.V,D,20190812,000000,0.2042,0.2088,0.1987,0.2014,0,0
ICX.V,D,20190813,000000,0.2013,0.2053,0.1927,0.204,0,0
ICX.V,D,20190814,000000,0.2039,0.221,0.188,0.2164,0,0
ICX.V,D,20190815,000000,0.2165,0.3085,0.2129,0.2274,0,0
ICX.V,D,20190816,000000,0.2276,0.2293,0.2007,0.2025,0,0
ICX.V,D,20190817,000000,0.2025,0.2074,0.1966,0.1995,0,0
ICX.V,D,20190818,000000,0.1995,0.211,0.195,0.2066,0,0
ICX.V,D,20190819,000000,0.2067,0.2202,0.2005,0.2102,0,0
ICX.V,D,20190820,000000,0.2101,0.2744,0.2081,0.214,0,0
ICX.V,D,20190821,000000,0.2139,0.2172,0.1845,0.1973,0,0
ICX.V,D,20190822,000000,0.1971,0.2672,0.1908,0.224,0,0
ICX.V,D,20190823,000000,0.2242,0.2533,0.2211,0.2459,0,0
ICX.V,D,20190824,000000,0.2459,0.2767,0.2364,0.2416,0,0
ICX.V,D,20190825,000000,0.2416,0.2481,0.2253,0.226,0,0
ICX.V,D,20190826,000000,0.226,0.2429,0.2205,0.2331,0,0
ICX.V,D,20190827,000000,0.2331,0.2407,0.223,0.2243,0,0
ICX.V,D,20190828,000000,0.2242,0.2285,0.2027,0.2051,0,0
ICX.V,D,20190829,000000,0.2051,0.2269,0.2036,0.2211,0,0
ICX.V,D,20190830,000000,0.221,0.2215,0.2084,0.2128,0,0
ICX.V,D,20190831,000000,0.2128,0.2151,0.2023,0.2054,0,0
ICX.V,D,20190901,000000,0.2055,0.2143,0.203,0.2102,0,0
ICX.V,D,20190902,000000,0.2102,0.2229,0.2094,0.213,0,0
ICX.V,D,20190903,000000,0.213,0.2194,0.208,0.2097,0,0
ICX.V,D,20190904,000000,0.2097,0.2123,0.2011,0.2025,0,0
ICX.V,D,20190905,000000,0.2025,0.2052,0.1928,0.1965,0,0
ICX.V,D,20190906,000000,0.1966,0.1991,0.1883,0.192,0,0
ICX.V,D,20190907,000000,0.192,0.1997,0.1901,0.1981,0,0
ICX.V,D,20190908,000000,0.1981,0.2076,0.1979,0.2011,0,0
ICX.V,D,20190909,000000,0.2011,0.2181,0.195,0.2088,0,0
ICX.V,D,20190910,000000,0.2089,0.2102,0.2004,0.2041,0,0
ICX.V,D,20190911,000000,0.2042,0.2068,0.1902,0.1923,0,0
ICX.V,D,20190912,000000,0.1922,0.214,0.1881,0.2032,0,0
ICX.V,D,20190913,000000,0.2031,0.2051,0.1961,0.198,0,0
ICX.V,D,20190914,000000,0.198,0.201,0.1957,0.1976,0,0
ICX.V,D,20190915,000000,0.1976,0.2029,0.1969,0.2011,0,0
ICX.V,D,20190916,000000,0.2011,0.2034,0.1958,0.201,0,0
ICX.V,D,20190917,000000,0.2011,0.2127,0.1975,0.2119,0,0
ICX.V,D,20190918,000000,0.212,0.2193,0.2073,0.2178,0,0
ICX.V,D,20190919,000000,0.2178,0.2191,0.2026,0.211,0,0
ICX.V,D,20190920,000000,0.211,0.2131,0.2056,0.2071,0,0
ICX.V,D,20190921,000000,0.2071,0.2115,0.2053,0.206,0,0
ICX.V,D,20190922,000000,0.206,0.2075,0.1979,0.2012,0,0
ICX.V,D,20190923,000000,0.2012,0.205,0.1919,0.1941,0,0
ICX.V,D,20190924,000000,0.194,0.1957,0.1538,0.166,0,0
ICX.V,D,20190925,000000,0.1659,0.169,0.1586,0.1688,0,0
ICX.V,D,20190926,000000,0.1689,0.1708,0.1519,0.1583,0,0
ICX.V,D,20190927,000000,0.1583,0.1668,0.1569,0.1662,0,0
ICX.V,D,20190928,000000,0.1662,0.1692,0.163,0.167,0,0
ICX.V,D,20190929,000000,0.167,0.169,0.1566,0.1622,0,0
ICX.V,D,20190930,000000,0.1622,0.1695,0.1613,0.1674,0,0
ICX.V,D,20191001,000000,0.1672,0.1721,0.1639,0.1651,0,0
ICX.V,D,20191002,000000,0.1651,0.1677,0.1646,0.1657,0,0
ICX.V,D,20191003,000000,0.1657,0.1712,0.1629,0.1647,0,0
ICX.V,D,20191004,000000,0.1646,0.175,0.162,0.1707,0,0
ICX.V,D,20191005,000000,0.1708,0.1748,0.1665,0.1708,0,0
ICX.V,D,20191006,000000,0.1707,0.1734,0.166,0.1678,0,0
ICX.V,D,20191007,000000,0.1678,0.1737,0.1639,0.173,0,0
ICX.V,D,20191008,000000,0.1726,0.1816,0.1705,0.1778,0,0
ICX.V,D,20191009,000000,0.1778,0.184,0.171,0.176,0,0
ICX.V,D,20191010,000000,0.176,0.1777,0.1709,0.1738,0,0
ICX.V,D,20191011,000000,0.1739,0.1759,0.1643,0.165,0,0
ICX.V,D,20191012,000000,0.1651,0.1671,0.1631,0.166,0,0
ICX.V,D,20191013,000000,0.1663,0.1698,0.1648,0.168,0,0
ICX.V,D,20191014,000000,0.1649,0.1673,0.1634,0.1659,0,0
ICX.V,D,20191015,000000,0.1659,0.1681,0.1592,0.1596,0,0
ICX.V,D,20191016,000000,0.1596,0.1618,0.1523,0.1548,0,0
ICX.V,D,20191017,000000,0.1548,0.1617,0.1538,0.1605,0,0
ICX.V,D,20191018,000000,0.1605,0.1618,0.1532,0.1544,0,0
ICX.V,D,20191019,000000,0.1544,0.1569,0.1532,0.1541,0,0
ICX.V,D,20191020,000000,0.154,0.1591,0.1529,0.1578,0,0
ICX.V,D,20191021,000000,0.1577,0.1589,0.1545,0.1569,0,0
ICX.V,D,20191022,000000,0.1569,0.159,0.1545,0.1549,0,0
ICX.V,D,20191023,000000,0.1549,0.1554,0.1376,0.1407,0,0
ICX.V,D,20191024,000000,0.1407,0.1437,0.1385,0.142,0,0
ICX.V,D,20191025,000000,0.142,0.1544,0.1401,0.1515,0,0
ICX.V,D,20191026,000000,0.1515,0.1616,0.143,0.1447,0,0
ICX.V,D,20191027,000000,0.1447,0.1716,0.1438,0.1667,0,0
ICX.V,D,20191028,000000,0.1668,0.1779,0.1618,0.1692,0,0
ICX.V,D,20191029,000000,0.1692,0.1743,0.1626,0.1683,0,0
ICX.V,D,20191030,000000,0.1683,0.1725,0.1622,0.1677,0,0
ICX.V,D,20191031,000000,0.1677,0.1703,0.1574,0.1611,0,0
ICX.V,D,20191101,000000,0.161,0.1665,0.161,0.1624,0,0
ICX.V,D,20191102,000000,0.162,0.1658,0.1618,0.165,0,0
ICX.V,D,20191103,000000,0.1651,0.1664,0.1621,0.1655,0,0
ICX.V,D,20191104,000000,0.1655,0.174,0.1653,0.1725,0,0
ICX.V,D,20191105,000000,0.1725,0.1823,0.1709,0.1815,0,0
ICX.V,D,20191106,000000,0.1815,0.1842,0.1781,0.1817,0,0
ICX.V,D,20191107,000000,0.1816,0.1854,0.1746,0.1791,0,0
ICX.V,D,20191108,000000,0.1791,0.1809,0.1598,0.1652,0,0
ICX.V,D,20191109,000000,0.1652,0.1666,0.1622,0.1638,0,0
ICX.V,D,20191110,000000,0.1635,0.17,0.1618,0.1691,0,0
ICX.V,D,20191111,000000,0.1691,0.1693,0.1586,0.1608,0,0
ICX.V,D,20191112,000000,0.1608,0.163,0.1595,0.1609,0,0
ICX.V,D,20191113,000000,0.1609,0.1656,0.1594,0.1632,0,0
ICX.V,D,20191114,000000,0.1631,0.1649,0.1576,0.16,0,0
ICX.V,D,20191115,000000,0.16,0.1615,0.1554,0.1575,0,0
ICX.V,D,20191116,000000,0.1575,0.1609,0.1562,0.1603,0,0
ICX.V,D,20191117,000000,0.1603,0.1681,0.1587,0.1651,0,0
ICX.V,D,20191118,000000,0.1651,0.1727,0.1524,0.1574,0,0
ICX.V,D,20191119,000000,0.1574,0.1709,0.154,0.1617,0,0
ICX.V,D,20191120,000000,0.1618,0.1642,0.1548,0.1564,0,0
ICX.V,D,20191121,000000,0.1564,0.1582,0.1401,0.1442,0,0
ICX.V,D,20191122,000000,0.1442,0.1458,0.123,0.1339,0,0
ICX.V,D,20191123,000000,0.1339,0.1374,0.1309,0.1364,0,0
ICX.V,D,20191124,000000,0.1364,0.137,0.1251,0.1282,0,0
ICX.V,D,20191125,000000,0.1282,0.131,0.1152,0.1292,0,0
ICX.V,D,20191126,000000,0.1292,0.1301,0.1251,0.1286,0,0
ICX.V,D,20191127,000000,0.1286,0.1397,0.123,0.1383,0,0
ICX.V,D,20191128,000000,0.1383,0.1386,0.1325,0.1326,0,0
ICX.V,D,20191129,000000,0.1327,0.1394,0.1324,0.1364,0,0
ICX.V,D,20191130,000000,0.1365,0.1379,0.1322,0.1331,0,0
ICX.V,D,20191201,000000,0.1331,0.1348,0.1277,0.1325,0,0
ICX.V,D,20191202,000000,0.1324,0.1337,0.1275,0.13,0,0
ICX.V,D,20191203,000000,0.1299,0.1341,0.127,0.1313,0,0
ICX.V,D,20191204,000000,0.1314,0.1371,0.1225,0.1246,0,0
ICX.V,D,20191205,000000,0.1243,0.1307,0.1204,0.1276,0,0
ICX.V,D,20191206,000000,0.1275,0.1316,0.1219,0.1287,0,0
ICX.V,D,20191207,000000,0.1287,0.1339,0.1241,0.13,0,0
ICX.V,D,20191208,000000,0.1301,0.1344,0.1273,0.1322,0,0
ICX.V,D,20191209,000000,0.1322,0.1349,0.1272,0.1288,0,0
ICX.V,D,20191210,000000,0.1289,0.1311,0.1226,0.124,0,0
ICX.V,D,20191211,000000,0.1241,0.127,0.1224,0.1246,0,0
ICX.V,D,20191212,000000,0.1246,0.1328,0.1224,0.1302,0,0
ICX.V,D,20191213,000000,0.1303,0.1331,0.1298,0.1299,0,0
ICX.V,D,20191214,000000,0.1302,0.1316,0.1223,0.1256,0,0
ICX.V,D,20191215,000000,0.1256,0.128,0.1209,0.1245,0,0
ICX.V,D,20191216,000000,0.1243,0.1255,0.1181,0.119,0,0
ICX.V,D,20191217,000000,0.119,0.1196,0.1081,0.1093,0,0
ICX.V,D,20191218,000000,0.1092,0.1216,0.1079,0.1216,0,0
ICX.V,D,20191219,000000,0.1214,0.1223,0.1152,0.1164,0,0
ICX.V,D,20191220,000000,0.1164,0.1198,0.1156,0.1188,0,0
ICX.V,D,20191221,000000,0.1188,0.1243,0.1186,0.1201,0,0
ICX.V,D,20191222,000000,0.1201,0.1241,0.1192,0.1239,0,0
ICX.V,D,20191223,000000,0.1239,0.1263,0.1171,0.1178,0,0
ICX.V,D,20191224,000000,0.1177,0.1208,0.1166,0.1181,0,0
ICX.V,D,20191225,000000,0.1181,0.1213,0.1148,0.1205,0,0
ICX.V,D,20191226,000000,0.1205,0.1244,0.1183,0.1192,0,0
ICX.V,D,20191227,000000,0.1192,0.1199,0.1134,0.1192,0,0
ICX.V,D,20191228,000000,0.1192,0.1207,0.1174,0.1177,0,0
ICX.V,D,20191229,000000,0.1176,0.1201,0.1167,0.1185,0,0
ICX.V,D,20191230,000000,0.1186,0.1186,0.1138,0.1156,0,0
ICX.V,D,20191231,000000,0.1156,0.1158,0.1124,0.1135,0,0
ICX.V,D,20200101,000000,0.1134,0.1166,0.1129,0.1145,0,0
ICX.V,D,20200102,000000,0.1144,0.1149,0.1085,0.1101,0,0
ICX.V,D,20200103,000000,0.1101,0.1132,0.1064,0.1106,0,0
ICX.V,D,20200104,000000,0.1106,0.1131,0.1087,0.1125,0,0
ICX.V,D,20200105,000000,0.1125,0.1167,0.1119,0.1143,0,0
ICX.V,D,20200106,000000,0.1144,0.1238,0.1131,0.1232,0,0
ICX.V,D,20200107,000000,0.1231,0.1263,0.1183,0.1201,0,0
ICX.V,D,20200108,000000,0.1202,0.1213,0.1141,0.1167,0,0
ICX.V,D,20200109,000000,0.1167,0.119,0.1152,0.1162,0,0
ICX.V,D,20200110,000000,0.1162,0.1194,0.1152,0.1187,0,0
ICX.V,D,20200111,000000,0.1187,0.1228,0.1184,0.1207,0,0
ICX.V,D,20200112,000000,0.1207,0.1224,0.1194,0.1214,0,0
ICX.V,D,20200113,000000,0.1214,0.1237,0.119,0.1229,0,0
ICX.V,D,20200114,000000,0.1229,0.1439,0.1226,0.1398,0,0
ICX.V,D,20200115,000000,0.1396,0.1512,0.1355,0.1429,0,0
ICX.V,D,20200116,000000,0.1428,0.1436,0.1328,0.1431,0,0
ICX.V,D,20200117,000000,0.1431,0.1604,0.1422,0.1531,0,0
ICX.V,D,20200118,000000,0.153,0.157,0.1487,0.1537,0,0
ICX.V,D,20200119,000000,0.1537,0.1561,0.1407,0.1454,0,0
ICX.V,D,20200120,000000,0.1454,0.151,0.1417,0.1492,0,0
ICX.V,D,20200121,000000,0.1492,0.1588,0.149,0.1563,0,0
ICX.V,D,20200122,000000,0.1562,0.1573,0.151,0.1523,0,0
ICX.V,D,20200123,000000,0.1523,0.1574,0.1482,0.1502,0,0
ICX.V,D,20200124,000000,0.1502,0.1516,0.1431,0.1503,0,0
ICX.V,D,20200125,000000,0.1503,0.1539,0.1473,0.1514,0,0
ICX.V,D,20200126,000000,0.1513,0.1756,0.1513,0.172,0,0
ICX.V,D,20200127,000000,0.172,0.1946,0.1706,0.1776,0,0
ICX.V,D,20200128,000000,0.1776,0.1914,0.176,0.1887,0,0
ICX.V,D,20200129,000000,0.1888,0.2144,0.1851,0.2113,0,0
ICX.V,D,20200130,000000,0.2108,0.2493,0.2017,0.2478,0,0
ICX.V,D,20200131,000000,0.2475,0.2774,0.2354,0.2588,0,0
ICX.V,D,20200201,000000,0.2588,0.2761,0.2457,0.2603,0,0
ICX.V,D,20200202,000000,0.2603,0.355,0.2572,0.313,0,0
ICX.V,D,20200203,000000,0.3129,0.3787,0.3101,0.3743,0,0
ICX.V,D,20200204,000000,0.3742,0.66,0.3682,0.5013,0,0
ICX.V,D,20200205,000000,0.5013,0.5395,0.3222,0.4369,0,0
ICX.V,D,20200206,000000,0.4369,0.48,0.422,0.4577,0,0
ICX.V,D,20200207,000000,0.458,0.4692,0.3965,0.4101,0,0
ICX.V,D,20200208,000000,0.4099,0.4355,0.3813,0.4125,0,0
ICX.V,D,20200209,000000,0.4125,0.4582,0.4027,0.4351,0,0
ICX.V,D,20200210,000000,0.435,0.4468,0.3957,0.4034,0,0
ICX.V,D,20200211,000000,0.4034,0.4267,0.3941,0.4147,0,0
ICX.V,D,20200212,000000,0.4146,0.4448,0.4108,0.4189,0,0
ICX.V,D,20200213,000000,0.4189,0.4289,0.3778,0.3819,0,0
ICX.V,D,20200214,000000,0.3819,0.4041,0.378,0.4006,0,0
ICX.V,D,20200215,000000,0.4006,0.4183,0.3496,0.3663,0,0
ICX.V,D,20200216,000000,0.3663,0.3723,0.3199,0.3433,0,0
ICX.V,D,20200217,000000,0.3433,0.3636,0.3107,0.339,0,0
ICX.V,D,20200218,000000,0.339,0.372,0.3255,0.372,0,0
ICX.V,D,20200219,000000,0.3719,0.4373,0.3711,0.3876,0,0
ICX.V,D,20200220,000000,0.3876,0.4,0.3495,0.3844,0,0
ICX.V,D,20200221,000000,0.3843,0.4425,0.3812,0.408,0,0
ICX.V,D,20200222,000000,0.408,0.4228,0.3868,0.4061,0,0
ICX.V,D,20200223,000000,0.4063,0.4132,0.397,0.3999,0,0
ICX.V,D,20200224,000000,0.4001,0.4063,0.3535,0.3655,0,0
ICX.V,D,20200225,000000,0.3652,0.3672,0.3162,0.334,0,0
ICX.V,D,20200226,000000,0.334,0.334,0.2668,0.2949,0,0
ICX.V,D,20200227,000000,0.2948,0.3306,0.2774,0.31,0,0
ICX.V,D,20200228,000000,0.3106,0.3302,0.2847,0.3104,0,0
ICX.V,D,20200229,000000,0.3107,0.3148,0.296,0.302,0,0
ICX.V,D,20200301,000000,0.3021,0.3059,0.2835,0.2909,0,0
ICX.V,D,20200302,000000,0.2911,0.3205,0.2856,0.3173,0,0
ICX.V,D,20200303,000000,0.3171,0.3356,0.3055,0.3345,0,0
ICX.V,D,20200304,000000,0.3345,0.3447,0.3162,0.3222,0,0
ICX.V,D,20200305,000000,0.3223,0.4224,0.3223,0.398,0,0
ICX.V,D,20200306,000000,0.398,0.3999,0.3699,0.3823,0,0
ICX.V,D,20200307,000000,0.3823,0.3875,0.3491,0.356,0,0
ICX.V,D,20200308,000000,0.3559,0.3565,0.2993,0.3,0,0
ICX.V,D,20200309,000000,0.3,0.3222,0.2871,0.3098,0,0
ICX.V,D,20200310,000000,0.3098,0.3316,0.3003,0.3184,0,0
ICX.V,D,20200311,000000,0.3183,0.319,0.2874,0.3041,0,0
ICX.V,D,20200312,000000,0.3033,0.3046,0.1871,0.1897,0,0
ICX.V,D,20200313,000000,0.19,0.2062,0.1266,0.1906,0,0
ICX.V,D,20200314,000000,0.1907,0.2049,0.1819,0.1868,0,0
ICX.V,D,20200315,000000,0.1865,0.2053,0.1779,0.1861,0,0
ICX.V,D,20200316,000000,0.1859,0.1973,0.1474,0.1648,0,0
ICX.V,D,20200317,000000,0.1649,0.1889,0.1642,0.1848,0,0
ICX.V,D,20200318,000000,0.1847,0.1865,0.168,0.1797,0,0
ICX.V,D,20200319,000000,0.1797,0.2179,0.1796,0.2164,0,0
ICX.V,D,20200320,000000,0.2161,0.2391,0.1823,0.2029,0,0
ICX.V,D,20200321,000000,0.2025,0.2141,0.1902,0.203,0,0
ICX.V,D,20200322,000000,0.203,0.2113,0.1814,0.1853,0,0
ICX.V,D,20200323,000000,0.1853,0.2033,0.1751,0.1974,0,0
ICX.V,D,20200324,000000,0.1974,0.2136,0.1942,0.2111,0,0
ICX.V,D,20200325,000000,0.2111,0.2185,0.2008,0.2048,0,0
ICX.V,D,20200326,000000,0.2045,0.2118,0.201,0.2065,0,0
ICX.V,D,20200327,000000,0.2066,0.2139,0.2031,0.2061,0,0
ICX.V,D,20200328,000000,0.206,0.206,0.1842,0.1906,0,0
ICX.V,D,20200329,000000,0.191,0.1924,0.1787,0.1796,0,0
ICX.V,D,20200330,000000,0.1795,0.22,0.1784,0.2165,0,0
ICX.V,D,20200331,000000,0.2165,0.2201,0.202,0.2132,0,0
ICX.V,D,20200401,000000,0.2134,0.2682,0.2049,0.2395,0,0
ICX.V,D,20200402,000000,0.2395,0.2698,0.2364,0.2522,0,0
ICX.V,D,20200403,000000,0.252,0.2547,0.2387,0.242,0,0
ICX.V,D,20200404,000000,0.2421,0.2455,0.2349,0.2395,0,0
ICX.V,D,20200405,000000,0.2395,0.2422,0.2313,0.2313,0,0
ICX.V,D,20200406,000000,0.2314,0.2542,0.231,0.2529,0,0
ICX.V,D,20200407,000000,0.2528,0.2663,0.2409,0.2464,0,0
ICX.V,D,20200408,000000,0.2462,0.2576,0.2454,0.2497,0,0
ICX.V,D,20200409,000000,0.2497,0.2614,0.2463,0.2528,0,0
ICX.V,D,20200410,000000,0.2528,0.2616,0.2236,0.2318,0,0
ICX.V,D,20200411,000000,0.2316,0.2371,0.2242,0.227,0,0
ICX.V,D,20200412,000000,0.2271,0.2428,0.2253,0.2389,0,0
ICX.V,D,20200413,000000,0.2389,0.2393,0.2177,0.2277,0,0
ICX.V,D,20200414,000000,0.2277,0.2362,0.2241,0.2295,0,0
ICX.V,D,20200415,000000,0.2296,0.2326,0.2222,0.2249,0,0
ICX.V,D,20200416,000000,0.2249,0.2378,0.2142,0.2338,0,0
ICX.V,D,20200417,000000,0.2337,0.2381,0.2303,0.2322,0,0
ICX.V,D,20200418,000000,0.2322,0.2437,0.2315,0.2414,0,0
ICX.V,D,20200419,000000,0.2414,0.2518,0.2343,0.2432,0,0
ICX.V,D,20200420,000000,0.2431,0.2435,0.2176,0.2218,0,0
ICX.V,D,20200421,000000,0.2217,0.228,0.2197,0.2272,0,0
ICX.V,D,20200422,000000,0.2273,0.2383,0.224,0.2367,0,0
ICX.V,D,20200423,000000,0.2365,0.2584,0.2343,0.2573,0,0
ICX.V,D,20200424,000000,0.2573,0.2824,0.2465,0.2679,0,0
ICX.V,D,20200425,000000,0.2678,0.2859,0.2612,0.2727,0,0
ICX.V,D,20200426,000000,0.2728,0.3106,0.2713,0.3032,0,0
ICX.V,D,20200427,000000,0.3033,0.3037,0.273,0.2798,0,0
ICX.V,D,20200428,000000,0.2797,0.2886,0.2742,0.2814,0,0
ICX.V,D,20200429,000000,0.2813,0.2982,0.2808,0.2914,0,0
ICX.V,D,20200430,000000,0.2914,0.3059,0.2753,0.2807,0,0
ICX.V,D,20200501,000000,0.2806,0.2937,0.2781,0.2825,0,0
ICX.V,D,20200502,000000,0.2826,0.2891,0.2806,0.2871,0,0
ICX.V,D,20200503,000000,0.2871,0.2906,0.2694,0.273,0,0
ICX.V,D,20200504,000000,0.273,0.2784,0.256,0.278,0,0
ICX.V,D,20200505,000000,0.278,0.2823,0.2644,0.2695,0,0
ICX.V,D,20200506,000000,0.2695,0.2737,0.2657,0.2675,0,0
ICX.V,D,20200507,000000,0.2675,0.2828,0.258,0.2764,0,0
ICX.V,D,20200508,000000,0.2764,0.3227,0.2742,0.3125,0,0
ICX.V,D,20200509,000000,0.3131,0.3131,0.2883,0.2992,0,0
ICX.V,D,20200510,000000,0.2995,0.3008,0.2466,0.262,0,0
ICX.V,D,20200511,000000,0.2621,0.2695,0.2349,0.2475,0,0
ICX.V,D,20200512,000000,0.2475,0.266,0.2469,0.2583,0,0
ICX.V,D,20200513,000000,0.2583,0.2727,0.2583,0.2703,0,0
ICX.V,D,20200514,000000,0.2703,0.2762,0.2633,0.2687,0,0
ICX.V,D,20200515,000000,0.2686,0.2785,0.2592,0.2727,0,0
ICX.V,D,20200516,000000,0.2721,0.2789,0.2663,0.2695,0,0
ICX.V,D,20200517,000000,0.2695,0.2804,0.2688,0.2786,0,0
ICX.V,D,20200518,000000,0.2786,0.2885,0.2746,0.283,0,0
ICX.V,D,20200519,000000,0.2829,0.2977,0.2825,0.2939,0,0
ICX.V,D,20200520,000000,0.2939,0.3552,0.2932,0.3212,0,0
ICX.V,D,20200521,000000,0.321,0.3549,0.2881,0.31,0,0
ICX.V,D,20200522,000000,0.31,0.335,0.2966,0.3317,0,0
ICX.V,D,20200523,000000,0.3317,0.3318,0.3115,0.3228,0,0
ICX.V,D,20200524,000000,0.3228,0.3439,0.3078,0.3225,0,0
ICX.V,D,20200525,000000,0.3225,0.3433,0.3036,0.3311,0,0
ICX.V,D,20200526,000000,0.3311,0.3553,0.3287,0.3409,0,0
ICX.V,D,20200527,000000,0.3409,0.3423,0.323,0.3357,0,0
ICX.V,D,20200528,000000,0.3357,0.3681,0.3329,0.3511,0,0
ICX.V,D,20200529,000000,0.3514,0.3667,0.3428,0.3471,0,0
ICX.V,D,20200530,000000,0.3471,0.3553,0.3456,0.354,0,0
ICX.V,D,20200531,000000,0.354,0.3598,0.3259,0.3283,0,0
ICX.V,D,20200601,000000,0.3283,0.3418,0.3248,0.3404,0,0
ICX.V,D,20200602,000000,0.3404,0.3514,0.3189,0.3453,0,0
ICX.V,D,20200603,000000,0.3453,0.3453,0.3304,0.3399,0,0
ICX.V,D,20200604,000000,0.3403,0.3405,0.3291,0.3332,0,0
ICX.V,D,20200605,000000,0.3332,0.3432,0.3321,0.3387,0,0
ICX.V,D,20200606,000000,0.3387,0.3442,0.3332,0.3369,0,0
ICX.V,D,20200607,000000,0.3369,0.3391,0.3241,0.3316,0,0
ICX.V,D,20200608,000000,0.3319,0.3352,0.3287,0.3324,0,0
ICX.V,D,20200609,000000,0.333,0.3364,0.327,0.3337,0,0
ICX.V,D,20200610,000000,0.3337,0.365,0.3308,0.3624,0,0
ICX.V,D,20200611,000000,0.3624,0.3664,0.3148,0.3264,0,0
ICX.V,D,20200612,000000,0.3264,0.3342,0.319,0.3302,0,0
ICX.V,D,20200613,000000,0.3302,0.3426,0.3266,0.3359,0,0
ICX.V,D,20200614,000000,0.3359,0.3405,0.3249,0.3253,0,0
ICX.V,D,20200615,000000,0.3253,0.3262,0.292,0.3141,0,0
ICX.V,D,20200616,000000,0.3137,0.3232,0.3117,0.3168,0,0
ICX.V,D,20200617,000000,0.3167,0.3248,0.3121,0.3215,0,0
ICX.V,D,20200618,000000,0.3215,0.3421,0.3195,0.3234,0,0
ICX.V,D,20200619,000000,0.3236,0.3294,0.3173,0.3193,0,0
ICX.V,D,20200620,000000,0.3192,0.3231,0.3152,0.3195,0,0
ICX.V,D,20200621,000000,0.3195,0.3234,0.317,0.3188,0,0
ICX.V,D,20200622,000000,0.3188,0.3279,0.3163,0.3246,0,0
ICX.V,D,20200623,000000,0.3246,0.3279,0.3209,0.3243,0,0
ICX.V,D,20200624,000000,0.3243,0.3294,0.3101,0.3147,0,0
ICX.V,D,20200625,000000,0.3146,0.3171,0.3026,0.3117,0,0
ICX.V,D,20200626,000000,0.3117,0.3126,0.2966,0.3008,0,0
ICX.V,D,20200627,000000,0.3009,0.3021,0.2739,0.2837,0,0
ICX.V,D,20200628,000000,0.2837,0.2957,0.278,0.2883,0,0
ICX.V,D,20200629,000000,0.2883,0.3005,0.2827,0.2991,0,0
ICX.V,D,20200630,000000,0.2991,0.3005,0.2878,0.2909,0,0
ICX.V,D,20200701,000000,0.2909,0.3008,0.2877,0.2997,0,0
ICX.V,D,20200702,000000,0.3001,0.3194,0.2976,0.3155,0,0
ICX.V,D,20200703,000000,0.3151,0.3422,0.315,0.342,0,0
ICX.V,D,20200704,000000,0.342,0.342,0.3237,0.3312,0,0
ICX.V,D,20200705,000000,0.3312,0.3575,0.3309,0.3451,0,0
ICX.V,D,20200706,000000,0.3451,0.3642,0.3451,0.3552,0,0
ICX.V,D,20200707,000000,0.3552,0.4019,0.3473,0.3982,0,0
ICX.V,D,20200708,000000,0.3982,0.416,0.3824,0.3946,0,0
ICX.V,D,20200709,000000,0.3945,0.4095,0.3748,0.387,0,0
ICX.V,D,20200710,000000,0.387,0.4052,0.3635,0.3925,0,0
ICX.V,D,20200711,000000,0.3925,0.4132,0.3925,0.4036,0,0
ICX.V,D,20200712,000000,0.4038,0.4125,0.3888,0.3937,0,0
ICX.V,D,20200713,000000,0.3938,0.4385,0.3937,0.4175,0,0
ICX.V,D,20200714,000000,0.4175,0.4195,0.3914,0.4037,0,0
ICX.V,D,20200715,000000,0.4037,0.4177,0.3954,0.4025,0,0
ICX.V,D,20200716,000000,0.4025,0.4046,0.3667,0.3865,0,0
ICX.V,D,20200717,000000,0.3865,0.3947,0.3702,0.3873,0,0
ICX.V,D,20200718,000000,0.3912,0.3942,0.3813,0.3858,0,0
ICX.V,D,20200719,000000,0.3858,0.4245,0.3781,0.4245,0,0
ICX.V,D,20200720,000000,0.4245,0.4289,0.3954,0.3998,0,0
ICX.V,D,20200721,000000,0.3996,0.4095,0.3932,0.409,0,0
ICX.V,D,20200722,000000,0.4112,0.4294,0.4032,0.4172,0,0
ICX.V,D,20200723,000000,0.4173,0.4215,0.4032,0.405,0,0
ICX.V,D,20200724,000000,0.405,0.4089,0.395,0.3968,0,0
ICX.V,D,20200725,000000,0.3969,0.4065,0.3932,0.3989,0,0
ICX.V,D,20200726,000000,0.399,0.4012,0.375,0.3868,0,0
ICX.V,D,20200727,000000,0.3869,0.3892,0.3494,0.3659,0,0
ICX.V,D,20200728,000000,0.3675,0.3828,0.3605,0.3815,0,0
ICX.V,D,20200729,000000,0.3814,0.3852,0.3717,0.3737,0,0
