<TICKER>,<PER>,<DATE>,<TIME>,<OPEN>,<HIGH>,<LOW>,<CLOSE>,<VOL>,<OPENINT>
IOST.V,D,20180118,000000,0.02613,0.03839,0.02592,0.0368,0,0
IOST.V,D,20180119,000000,0.03791,0.04149,0.03112,0.0409,0,0
IOST.V,D,20180120,000000,0.04536,0.04662,0.04043,0.04534,0,0
IOST.V,D,20180121,000000,0.04115,0.04165,0.03275,0.03524,0,0
IOST.V,D,20180122,000000,0.03374,0.03755,0.02879,0.0319,0,0
IOST.V,D,20180123,000000,0.03142,0.04531,0.03052,0.03763,0,0
IOST.V,D,20180124,000000,0.03763,0.138,0.03763,0.1253,0,0
IOST.V,D,20180125,000000,0.1235,0.1339,0.08476,0.09958,0,0
IOST.V,D,20180126,000000,0.1003,0.1071,0.08272,0.09239,0,0
IOST.V,D,20180127,000000,0.09765,0.0998,0.08651,0.08832,0,0
IOST.V,D,20180128,000000,0.09231,0.09346,0.0773,0.07753,0,0
IOST.V,D,20180129,000000,0.0773,0.0822,0.06387,0.07112,0,0
IOST.V,D,20180130,000000,0.07113,0.07163,0.05359,0.0584,0,0
IOST.V,D,20180131,000000,0.0584,0.05904,0.04974,0.05501,0,0
IOST.V,D,20180201,000000,0.05501,0.06764,0.04683,0.05281,0,0
IOST.V,D,20180202,000000,0.05281,0.05622,0.03676,0.04504,0,0
IOST.V,D,20180203,000000,0.04504,0.05041,0.04028,0.04783,0,0
IOST.V,D,20180204,000000,0.04783,0.04921,0.03749,0.04124,0,0
IOST.V,D,20180205,000000,0.04127,0.0417,0.02634,0.02847,0,0
IOST.V,D,20180206,000000,0.02844,0.03545,0.02388,0.03296,0,0
IOST.V,D,20180207,000000,0.03301,0.04038,0.0304,0.03499,0,0
IOST.V,D,20180208,000000,0.03499,0.04139,0.03281,0.0397,0,0
IOST.V,D,20180209,000000,0.03971,0.04289,0.03581,0.04116,0,0
IOST.V,D,20180210,000000,0.04118,0.04656,0.03746,0.03938,0,0
IOST.V,D,20180211,000000,0.03945,0.0399,0.03326,0.03685,0,0
IOST.V,D,20180212,000000,0.03683,0.03935,0.03505,0.0376,0,0
IOST.V,D,20180213,000000,0.0376,0.03879,0.03532,0.0365,0,0
IOST.V,D,20180214,000000,0.0365,0.04211,0.03644,0.04068,0,0
IOST.V,D,20180215,000000,0.04068,0.04206,0.03924,0.041,0,0
IOST.V,D,20180216,000000,0.041,0.04365,0.03997,0.04342,0,0
IOST.V,D,20180217,000000,0.04343,0.05467,0.04329,0.05224,0,0
IOST.V,D,20180218,000000,0.05224,0.05458,0.0441,0.04708,0,0
IOST.V,D,20180219,000000,0.04699,0.04909,0.04567,0.04692,0,0
IOST.V,D,20180220,000000,0.04692,0.04799,0.04358,0.04404,0,0
IOST.V,D,20180221,000000,0.04394,0.04394,0.03697,0.0387,0,0
IOST.V,D,20180222,000000,0.0387,0.04185,0.03496,0.03639,0,0
IOST.V,D,20180223,000000,0.03651,0.03869,0.03429,0.0372,0,0
IOST.V,D,20180224,000000,0.03719,0.03908,0.03416,0.03506,0,0
IOST.V,D,20180225,000000,0.0351,0.03618,0.03282,0.03504,0,0
IOST.V,D,20180226,000000,0.03503,0.03632,0.03259,0.03505,0,0
IOST.V,D,20180227,000000,0.03516,0.0385,0.0341,0.03783,0,0
IOST.V,D,20180228,000000,0.03783,0.03804,0.03386,0.03464,0,0
IOST.V,D,20180301,000000,0.03465,0.0364,0.03202,0.03509,0,0
IOST.V,D,20180302,000000,0.03511,0.03681,0.0338,0.03465,0,0
IOST.V,D,20180303,000000,0.03474,0.03572,0.03402,0.03425,0,0
IOST.V,D,20180304,000000,0.03428,0.03495,0.03275,0.03418,0,0
IOST.V,D,20180305,000000,0.0342,0.0369,0.03411,0.03581,0,0
IOST.V,D,20180306,000000,0.03575,0.03575,0.03065,0.03122,0,0
IOST.V,D,20180307,000000,0.03127,0.03205,0.02384,0.0239,0,0
IOST.V,D,20180308,000000,0.02418,0.02515,0.01909,0.01948,0,0
IOST.V,D,20180309,000000,0.01947,0.02005,0.01613,0.01886,0,0
IOST.V,D,20180310,000000,0.01886,0.01991,0.01747,0.0178,0,0
IOST.V,D,20180311,000000,0.01771,0.0227,0.01672,0.02192,0,0
IOST.V,D,20180312,000000,0.02181,0.02321,0.0182,0.0195,0,0
IOST.V,D,20180313,000000,0.0195,0.02152,0.0189,0.02064,0,0
IOST.V,D,20180314,000000,0.02073,0.0223,0.01769,0.0186,0,0
IOST.V,D,20180315,000000,0.01861,0.01895,0.01643,0.01801,0,0
IOST.V,D,20180316,000000,0.01801,0.01947,0.01702,0.01913,0,0
IOST.V,D,20180317,000000,0.01913,0.01925,0.01663,0.0171,0,0
IOST.V,D,20180318,000000,0.01718,0.01718,0.01374,0.01633,0,0
IOST.V,D,20180319,000000,0.01633,0.01847,0.01624,0.01815,0,0
IOST.V,D,20180320,000000,0.01815,0.01935,0.01714,0.0191,0,0
IOST.V,D,20180321,000000,0.0191,0.02166,0.01839,0.02053,0,0
IOST.V,D,20180322,000000,0.02053,0.02323,0.01968,0.02125,0,0
IOST.V,D,20180323,000000,0.02125,0.02796,0.01868,0.02469,0,0
IOST.V,D,20180324,000000,0.02468,0.02905,0.02388,0.0251,0,0
IOST.V,D,20180325,000000,0.0251,0.0304,0.02423,0.02887,0,0
IOST.V,D,20180326,000000,0.02888,0.02927,0.02289,0.02369,0,0
IOST.V,D,20180327,000000,0.02368,0.02615,0.02272,0.02469,0,0
IOST.V,D,20180328,000000,0.02469,0.0274,0.02345,0.02582,0,0
IOST.V,D,20180329,000000,0.02582,0.02816,0.02371,0.02444,0,0
IOST.V,D,20180330,000000,0.02443,0.0266,0.02286,0.02539,0,0
IOST.V,D,20180331,000000,0.02538,0.0266,0.02409,0.02451,0,0
IOST.V,D,20180401,000000,0.02451,0.02477,0.01976,0.02232,0,0
IOST.V,D,20180402,000000,0.02232,0.02365,0.02157,0.02248,0,0
IOST.V,D,20180403,000000,0.02254,0.02661,0.02247,0.02547,0,0
IOST.V,D,20180404,000000,0.02546,0.03243,0.02443,0.02843,0,0
IOST.V,D,20180405,000000,0.02841,0.02993,0.0266,0.02769,0,0
IOST.V,D,20180406,000000,0.02761,0.0291,0.02619,0.02743,0,0
IOST.V,D,20180407,000000,0.02743,0.03528,0.02692,0.03289,0,0
IOST.V,D,20180408,000000,0.03289,0.03619,0.03238,0.03388,0,0
IOST.V,D,20180409,000000,0.03387,0.03545,0.02889,0.02946,0,0
IOST.V,D,20180410,000000,0.02947,0.03086,0.02813,0.02963,0,0
IOST.V,D,20180411,000000,0.02959,0.03136,0.02876,0.03025,0,0
IOST.V,D,20180412,000000,0.03025,0.03422,0.02932,0.03355,0,0
IOST.V,D,20180413,000000,0.03357,0.03673,0.03307,0.03438,0,0
IOST.V,D,20180414,000000,0.03449,0.03855,0.0334,0.03755,0,0
IOST.V,D,20180415,000000,0.03753,0.03906,0.0367,0.03822,0,0
IOST.V,D,20180416,000000,0.03822,0.03878,0.0341,0.03552,0,0
IOST.V,D,20180417,000000,0.03556,0.03666,0.03468,0.03495,0,0
IOST.V,D,20180418,000000,0.03495,0.03744,0.03443,0.03722,0,0
IOST.V,D,20180419,000000,0.03722,0.04019,0.0363,0.04017,0,0
IOST.V,D,20180420,000000,0.04017,0.04248,0.03925,0.04107,0,0
IOST.V,D,20180421,000000,0.041,0.04353,0.03811,0.04023,0,0
IOST.V,D,20180422,000000,0.04023,0.0521,0.03988,0.04895,0,0
IOST.V,D,20180423,000000,0.04887,0.05204,0.0458,0.04814,0,0
IOST.V,D,20180424,000000,0.04809,0.05537,0.04803,0.05516,0,0
IOST.V,D,20180425,000000,0.05495,0.05656,0.04294,0.04782,0,0
IOST.V,D,20180426,000000,0.04779,0.05193,0.04315,0.05108,0,0
IOST.V,D,20180427,000000,0.05109,0.05229,0.04824,0.04885,0,0
IOST.V,D,20180428,000000,0.04903,0.05515,0.04781,0.05512,0,0
IOST.V,D,20180429,000000,0.05513,0.05964,0.05268,0.05765,0,0
IOST.V,D,20180430,000000,0.05768,0.06396,0.05739,0.05977,0,0
IOST.V,D,20180501,000000,0.05977,0.06111,0.05162,0.05642,0,0
IOST.V,D,20180502,000000,0.05643,0.0643,0.05541,0.06281,0,0
IOST.V,D,20180503,000000,0.06287,0.06669,0.06073,0.06502,0,0
IOST.V,D,20180504,000000,0.06502,0.06958,0.06269,0.06673,0,0
IOST.V,D,20180505,000000,0.06676,0.0686,0.06572,0.06598,0,0
IOST.V,D,20180506,000000,0.06598,0.06688,0.05764,0.06008,0,0
IOST.V,D,20180507,000000,0.06008,0.06111,0.05349,0.05812,0,0
IOST.V,D,20180508,000000,0.05812,0.07135,0.05621,0.06969,0,0
IOST.V,D,20180509,000000,0.06968,0.07298,0.06246,0.071,0,0
IOST.V,D,20180510,000000,0.071,0.07811,0.06922,0.07062,0,0
IOST.V,D,20180511,000000,0.07062,0.07212,0.05741,0.05922,0,0
IOST.V,D,20180512,000000,0.05922,0.06245,0.04908,0.05416,0,0
IOST.V,D,20180513,000000,0.05416,0.06299,0.05369,0.06084,0,0
IOST.V,D,20180514,000000,0.06084,0.06258,0.055,0.06067,0,0
IOST.V,D,20180515,000000,0.06067,0.06226,0.05522,0.0564,0,0
IOST.V,D,20180516,000000,0.0564,0.05668,0.05098,0.05193,0,0
IOST.V,D,20180517,000000,0.05193,0.05615,0.05014,0.05072,0,0
IOST.V,D,20180518,000000,0.05072,0.05072,0.04736,0.0497,0,0
IOST.V,D,20180519,000000,0.0497,0.052,0.04804,0.04983,0,0
IOST.V,D,20180520,000000,0.04983,0.0572,0.04854,0.05399,0,0
IOST.V,D,20180521,000000,0.05399,0.05449,0.04925,0.05022,0,0
IOST.V,D,20180522,000000,0.05022,0.05069,0.045,0.045,0,0
IOST.V,D,20180523,000000,0.045,0.04541,0.03561,0.037,0,0
IOST.V,D,20180524,000000,0.037,0.0416,0.03442,0.04,0,0
IOST.V,D,20180525,000000,0.04,0.04127,0.03801,0.03871,0,0
IOST.V,D,20180526,000000,0.03871,0.04029,0.03811,0.03972,0,0
IOST.V,D,20180527,000000,0.03972,0.03972,0.03765,0.03849,0,0
IOST.V,D,20180528,000000,0.03848,0.04256,0.035,0.038,0,0
IOST.V,D,20180529,000000,0.038,0.043,0.03564,0.04209,0,0
IOST.V,D,20180530,000000,0.04209,0.04321,0.03914,0.04066,0,0
IOST.V,D,20180531,000000,0.04067,0.04486,0.04057,0.04486,0,0
IOST.V,D,20180601,000000,0.04486,0.04506,0.04213,0.04391,0,0
IOST.V,D,20180602,000000,0.04391,0.0485,0.0438,0.0477,0,0
IOST.V,D,20180603,000000,0.0477,0.05,0.04608,0.04675,0,0
IOST.V,D,20180604,000000,0.04673,0.04703,0.041,0.04231,0,0
IOST.V,D,20180605,000000,0.04231,0.04455,0.04046,0.04301,0,0
IOST.V,D,20180606,000000,0.04301,0.04394,0.0405,0.04246,0,0
IOST.V,D,20180607,000000,0.04246,0.04289,0.0405,0.04083,0,0
IOST.V,D,20180608,000000,0.04083,0.0414,0.03806,0.0395,0,0
IOST.V,D,20180609,000000,0.03947,0.0411,0.03825,0.03914,0,0
IOST.V,D,20180610,000000,0.03915,0.03933,0.02897,0.0298,0,0
IOST.V,D,20180611,000000,0.0298,0.03124,0.02783,0.02902,0,0
IOST.V,D,20180612,000000,0.02902,0.0317,0.02667,0.02667,0,0
IOST.V,D,20180613,000000,0.02667,0.0286,0.02328,0.02576,0,0
IOST.V,D,20180614,000000,0.02576,0.02999,0.0257,0.02884,0,0
IOST.V,D,20180615,000000,0.02884,0.02884,0.02661,0.02691,0,0
IOST.V,D,20180616,000000,0.02691,0.02795,0.02636,0.02753,0,0
IOST.V,D,20180617,000000,0.02753,0.0276,0.02664,0.02688,0,0
IOST.V,D,20180618,000000,0.02689,0.02798,0.02584,0.02761,0,0
IOST.V,D,20180619,000000,0.02761,0.02917,0.02686,0.02773,0,0
IOST.V,D,20180620,000000,0.02773,0.0339,0.02681,0.03253,0,0
IOST.V,D,20180621,000000,0.03253,0.03292,0.02967,0.03028,0,0
IOST.V,D,20180622,000000,0.03028,0.03087,0.02365,0.02367,0,0
IOST.V,D,20180623,000000,0.02367,0.03044,0.02279,0.02431,0,0
IOST.V,D,20180624,000000,0.02431,0.02479,0.01972,0.02325,0,0
IOST.V,D,20180625,000000,0.02325,0.0243,0.0212,0.02362,0,0
IOST.V,D,20180626,000000,0.02362,0.02498,0.02242,0.02353,0,0
IOST.V,D,20180627,000000,0.02353,0.02353,0.02128,0.02299,0,0
IOST.V,D,20180628,000000,0.02299,0.02352,0.02221,0.02224,0,0
IOST.V,D,20180629,000000,0.02224,0.02224,0.02036,0.0212,0,0
IOST.V,D,20180630,000000,0.0212,0.02472,0.0212,0.02427,0,0
IOST.V,D,20180701,000000,0.02427,0.02516,0.02337,0.02485,0,0
IOST.V,D,20180702,000000,0.02478,0.02862,0.0245,0.02787,0,0
IOST.V,D,20180703,000000,0.02787,0.02865,0.025,0.02769,0,0
IOST.V,D,20180704,000000,0.0277,0.0294,0.02502,0.02785,0,0
IOST.V,D,20180705,000000,0.02785,0.02812,0.02467,0.02549,0,0
IOST.V,D,20180706,000000,0.02549,0.02598,0.02379,0.02497,0,0
IOST.V,D,20180707,000000,0.02497,0.02516,0.02344,0.0236,0,0
IOST.V,D,20180708,000000,0.0236,0.02587,0.0236,0.02553,0,0
IOST.V,D,20180709,000000,0.02553,0.02558,0.02358,0.02399,0,0
IOST.V,D,20180710,000000,0.024,0.02421,0.02039,0.02123,0,0
IOST.V,D,20180711,000000,0.02123,0.0232,0.019,0.0203,0,0
IOST.V,D,20180712,000000,0.0203,0.02163,0.0191,0.0197,0,0
IOST.V,D,20180713,000000,0.0197,0.02116,0.01944,0.02018,0,0
IOST.V,D,20180714,000000,0.02018,0.02081,0.01967,0.02014,0,0
IOST.V,D,20180715,000000,0.02014,0.02248,0.0198,0.02178,0,0
IOST.V,D,20180716,000000,0.02178,0.0234,0.02002,0.02304,0,0
IOST.V,D,20180717,000000,0.02304,0.02658,0.02231,0.02655,0,0
IOST.V,D,20180718,000000,0.02655,0.02818,0.02506,0.02611,0,0
IOST.V,D,20180719,000000,0.02611,0.02611,0.024,0.02463,0,0
IOST.V,D,20180720,000000,0.02463,0.02538,0.02182,0.02183,0,0
IOST.V,D,20180721,000000,0.02183,0.02697,0.0216,0.02363,0,0
IOST.V,D,20180722,000000,0.02363,0.02494,0.02312,0.02414,0,0
IOST.V,D,20180723,000000,0.02414,0.02457,0.02227,0.02287,0,0
IOST.V,D,20180724,000000,0.02286,0.02549,0.02188,0.02519,0,0
IOST.V,D,20180725,000000,0.02519,0.03964,0.02518,0.03236,0,0
IOST.V,D,20180726,000000,0.03236,0.03548,0.02895,0.02895,0,0
IOST.V,D,20180727,000000,0.02895,0.0295,0.02576,0.02761,0,0
IOST.V,D,20180728,000000,0.02761,0.02841,0.02591,0.0268,0,0
IOST.V,D,20180729,000000,0.0268,0.0283,0.0266,0.02696,0,0
IOST.V,D,20180730,000000,0.02696,0.02724,0.02411,0.0249,0,0
IOST.V,D,20180731,000000,0.0249,0.02542,0.022,0.02254,0,0
IOST.V,D,20180801,000000,0.02253,0.02384,0.02136,0.02207,0,0
IOST.V,D,20180802,000000,0.02207,0.02268,0.02,0.02095,0,0
IOST.V,D,20180803,000000,0.02095,0.0225,0.01924,0.02062,0,0
IOST.V,D,20180804,000000,0.02069,0.02178,0.01929,0.02015,0,0
IOST.V,D,20180805,000000,0.02015,0.02107,0.01969,0.02077,0,0
IOST.V,D,20180806,000000,0.02077,0.02148,0.01964,0.01966,0,0
IOST.V,D,20180807,000000,0.01966,0.02089,0.0188,0.01938,0,0
IOST.V,D,20180808,000000,0.01939,0.02065,0.01583,0.01839,0,0
IOST.V,D,20180809,000000,0.01839,0.01839,0.01599,0.01813,0,0
IOST.V,D,20180810,000000,0.01807,0.01811,0.01599,0.01678,0,0
IOST.V,D,20180811,000000,0.01678,0.01678,0.01376,0.01477,0,0
IOST.V,D,20180812,000000,0.01477,0.01508,0.01396,0.01428,0,0
IOST.V,D,20180813,000000,0.01428,0.01555,0.01235,0.0125,0,0
IOST.V,D,20180814,000000,0.0125,0.01258,0.01,0.01046,0,0
IOST.V,D,20180815,000000,0.01046,0.01242,0.01037,0.01161,0,0
IOST.V,D,20180816,000000,0.01161,0.01254,0.01128,0.01201,0,0
IOST.V,D,20180817,000000,0.01201,0.01628,0.01184,0.01553,0,0
IOST.V,D,20180818,000000,0.01553,0.01741,0.01284,0.01397,0,0
IOST.V,D,20180819,000000,0.01397,0.01538,0.01361,0.01501,0,0
IOST.V,D,20180820,000000,0.01501,0.01542,0.01368,0.01422,0,0
IOST.V,D,20180821,000000,0.01422,0.01428,0.01276,0.01346,0,0
IOST.V,D,20180822,000000,0.01346,0.01525,0.01284,0.01314,0,0
IOST.V,D,20180823,000000,0.01314,0.01696,0.01266,0.01356,0,0
IOST.V,D,20180824,000000,0.01356,0.01488,0.0132,0.01488,0,0
IOST.V,D,20180825,000000,0.01488,0.01488,0.01375,0.01424,0,0
IOST.V,D,20180826,000000,0.01424,0.01461,0.01348,0.01413,0,0
IOST.V,D,20180827,000000,0.01413,0.01538,0.01389,0.0148,0,0
IOST.V,D,20180828,000000,0.0148,0.01685,0.01465,0.01674,0,0
IOST.V,D,20180829,000000,0.01674,0.01678,0.01481,0.01563,0,0
IOST.V,D,20180830,000000,0.01563,0.0157,0.01395,0.01476,0,0
IOST.V,D,20180831,000000,0.01476,0.01592,0.01457,0.01577,0,0
IOST.V,D,20180901,000000,0.01577,0.01802,0.0156,0.01725,0,0
IOST.V,D,20180902,000000,0.01725,0.01944,0.01614,0.01632,0,0
IOST.V,D,20180903,000000,0.01632,0.01688,0.0156,0.01647,0,0
IOST.V,D,20180904,000000,0.01647,0.01711,0.01595,0.01658,0,0
IOST.V,D,20180905,000000,0.01658,0.01679,0.01313,0.0134,0,0
IOST.V,D,20180906,000000,0.0134,0.0134,0.01101,0.01269,0,0
IOST.V,D,20180907,000000,0.01269,0.01308,0.01149,0.01216,0,0
IOST.V,D,20180908,000000,0.01216,0.0125,0.01109,0.01128,0,0
IOST.V,D,20180909,000000,0.01122,0.012,0.01114,0.01167,0,0
IOST.V,D,20180910,000000,0.01167,0.01181,0.01126,0.01161,0,0
IOST.V,D,20180911,000000,0.01161,0.01203,0.01102,0.01136,0,0
IOST.V,D,20180912,000000,0.01137,0.01161,0.0102,0.01117,0,0
IOST.V,D,20180913,000000,0.01117,0.01253,0.01111,0.01203,0,0
IOST.V,D,20180914,000000,0.01203,0.01243,0.01133,0.01212,0,0
IOST.V,D,20180915,000000,0.01212,0.0124,0.01181,0.01211,0,0
IOST.V,D,20180916,000000,0.01211,0.01242,0.01132,0.01216,0,0
IOST.V,D,20180917,000000,0.01216,0.0128,0.01121,0.01138,0,0
IOST.V,D,20180918,000000,0.01138,0.01211,0.01118,0.01191,0,0
IOST.V,D,20180919,000000,0.01191,0.01216,0.01128,0.01203,0,0
IOST.V,D,20180920,000000,0.01203,0.01247,0.01182,0.0122,0,0
IOST.V,D,20180921,000000,0.0122,0.01409,0.01207,0.01366,0,0
IOST.V,D,20180922,000000,0.01366,0.01435,0.01255,0.01299,0,0
IOST.V,D,20180923,000000,0.01299,0.01346,0.01278,0.01296,0,0
IOST.V,D,20180924,000000,0.01296,0.01323,0.01218,0.01251,0,0
IOST.V,D,20180925,000000,0.01251,0.01422,0.01208,0.01273,0,0
IOST.V,D,20180926,000000,0.01273,0.0131,0.01239,0.01263,0,0
IOST.V,D,20180927,000000,0.01263,0.01306,0.01214,0.01289,0,0
IOST.V,D,20180928,000000,0.0129,0.01306,0.01217,0.01243,0,0
IOST.V,D,20180929,000000,0.01237,0.01255,0.01191,0.0124,0,0
IOST.V,D,20180930,000000,0.0124,0.01284,0.01221,0.01237,0,0
IOST.V,D,20181001,000000,0.01237,0.01335,0.01237,0.01319,0,0
IOST.V,D,20181002,000000,0.01319,0.01453,0.01304,0.01378,0,0
IOST.V,D,20181003,000000,0.01378,0.01378,0.01249,0.01257,0,0
IOST.V,D,20181004,000000,0.01257,0.0131,0.01251,0.01283,0,0
IOST.V,D,20181005,000000,0.01283,0.01293,0.01252,0.01287,0,0
IOST.V,D,20181006,000000,0.01287,0.01315,0.01267,0.01279,0,0
IOST.V,D,20181007,000000,0.01279,0.01287,0.01249,0.01275,0,0
IOST.V,D,20181008,000000,0.01275,0.01349,0.01258,0.01319,0,0
IOST.V,D,20181009,000000,0.01319,0.01342,0.01274,0.01296,0,0
IOST.V,D,20181010,000000,0.01296,0.01351,0.01251,0.0134,0,0
IOST.V,D,20181011,000000,0.0134,0.01364,0.01129,0.0115,0,0
IOST.V,D,20181012,000000,0.0115,0.01159,0.01085,0.01109,0,0
IOST.V,D,20181013,000000,0.01109,0.01154,0.01091,0.01133,0,0
IOST.V,D,20181014,000000,0.01133,0.01178,0.01126,0.0114,0,0
IOST.V,D,20181015,000000,0.0114,0.0129,0.01115,0.01184,0,0
IOST.V,D,20181016,000000,0.01184,0.0123,0.01184,0.01217,0,0
IOST.V,D,20181017,000000,0.01217,0.01224,0.0118,0.01208,0,0
IOST.V,D,20181018,000000,0.01208,0.01218,0.01163,0.0117,0,0
IOST.V,D,20181019,000000,0.0117,0.01205,0.01161,0.01196,0,0
IOST.V,D,20181020,000000,0.01196,0.01235,0.008427,0.01216,0,0
IOST.V,D,20181021,000000,0.01216,0.01242,0.01199,0.01229,0,0
IOST.V,D,20181022,000000,0.01228,0.01228,0.01196,0.01206,0,0
IOST.V,D,20181023,000000,0.01206,0.01282,0.0119,0.01236,0,0
IOST.V,D,20181024,000000,0.01236,0.01265,0.01222,0.01253,0,0
IOST.V,D,20181025,000000,0.01253,0.01282,0.012,0.01275,0,0
IOST.V,D,20181026,000000,0.01268,0.01276,0.01212,0.0124,0,0
IOST.V,D,20181027,000000,0.0124,0.01262,0.01208,0.01211,0,0
IOST.V,D,20181028,000000,0.01211,0.01285,0.01202,0.01266,0,0
IOST.V,D,20181029,000000,0.01266,0.01308,0.01188,0.01206,0,0
IOST.V,D,20181030,000000,0.01206,0.01249,0.01197,0.0123,0,0
IOST.V,D,20181031,000000,0.01224,0.01258,0.01193,0.01257,0,0
IOST.V,D,20181101,000000,0.01257,0.01264,0.01206,0.01218,0,0
IOST.V,D,20181102,000000,0.01218,0.01245,0.01206,0.01215,0,0
IOST.V,D,20181103,000000,0.01215,0.01228,0.01197,0.01205,0,0
IOST.V,D,20181104,000000,0.01205,0.01251,0.01193,0.01225,0,0
IOST.V,D,20181105,000000,0.01225,0.01246,0.01198,0.01229,0,0
IOST.V,D,20181106,000000,0.01229,0.0127,0.0122,0.01248,0,0
IOST.V,D,20181107,000000,0.01248,0.01272,0.01221,0.01227,0,0
IOST.V,D,20181108,000000,0.01234,0.01255,0.01196,0.01206,0,0
IOST.V,D,20181109,000000,0.01199,0.01221,0.01186,0.01199,0,0
IOST.V,D,20181110,000000,0.01199,0.01229,0.01182,0.01212,0,0
IOST.V,D,20181111,000000,0.01212,0.01218,0.01174,0.01197,0,0
IOST.V,D,20181112,000000,0.01197,0.01203,0.01138,0.01166,0,0
IOST.V,D,20181113,000000,0.01166,0.01175,0.01135,0.01151,0,0
IOST.V,D,20181114,000000,0.01151,0.01151,0.008052,0.008973,0,0
IOST.V,D,20181115,000000,0.008968,0.009331,0.007641,0.008398,0,0
IOST.V,D,20181116,000000,0.008398,0.008617,0.007801,0.007936,0,0
IOST.V,D,20181117,000000,0.007938,0.008207,0.007746,0.00801,0,0
IOST.V,D,20181118,000000,0.00801,0.008181,0.007914,0.008073,0,0
IOST.V,D,20181119,000000,0.008073,0.008086,0.00607,0.006281,0,0
IOST.V,D,20181120,000000,0.006277,0.006635,0.005033,0.005369,0,0
IOST.V,D,20181121,000000,0.005369,0.006158,0.005226,0.005838,0,0
IOST.V,D,20181122,000000,0.005839,0.006094,0.005515,0.005631,0,0
IOST.V,D,20181123,000000,0.005631,0.005662,0.005019,0.005301,0,0
IOST.V,D,20181124,000000,0.005299,0.005407,0.004188,0.004292,0,0
IOST.V,D,20181125,000000,0.004287,0.004946,0.003977,0.004642,0,0
IOST.V,D,20181126,000000,0.004642,0.005066,0.004139,0.004333,0,0
IOST.V,D,20181127,000000,0.004332,0.004718,0.004253,0.004655,0,0
IOST.V,D,20181128,000000,0.004694,0.005797,0.004621,0.005459,0,0
IOST.V,D,20181129,000000,0.005459,0.005669,0.005086,0.005328,0,0
IOST.V,D,20181130,000000,0.005327,0.005419,0.004467,0.004662,0,0
IOST.V,D,20181201,000000,0.004664,0.005222,0.004626,0.005122,0,0
IOST.V,D,20181202,000000,0.005122,0.005246,0.004895,0.005081,0,0
IOST.V,D,20181203,000000,0.005083,0.005108,0.00446,0.004542,0,0
IOST.V,D,20181204,000000,0.004542,0.00493,0.004455,0.00477,0,0
IOST.V,D,20181205,000000,0.00477,0.004893,0.004528,0.004766,0,0
IOST.V,D,20181206,000000,0.004763,0.005514,0.004354,0.004354,0,0
IOST.V,D,20181207,000000,0.004354,0.004441,0.003703,0.004077,0,0
IOST.V,D,20181208,000000,0.004081,0.004355,0.00383,0.004185,0,0
IOST.V,D,20181209,000000,0.004199,0.00439,0.003971,0.004199,0,0
IOST.V,D,20181210,000000,0.004195,0.004283,0.003957,0.00407,0,0
IOST.V,D,20181211,000000,0.00407,0.004099,0.003694,0.003859,0,0
IOST.V,D,20181212,000000,0.003859,0.004087,0.003786,0.003916,0,0
IOST.V,D,20181213,000000,0.003916,0.004005,0.003756,0.003804,0,0
IOST.V,D,20181214,000000,0.003804,0.003845,0.003588,0.003714,0,0
IOST.V,D,20181215,000000,0.003714,0.003803,0.003626,0.003796,0,0
IOST.V,D,20181216,000000,0.003796,0.003973,0.003751,0.003942,0,0
IOST.V,D,20181217,000000,0.003942,0.004547,0.003898,0.004444,0,0
IOST.V,D,20181218,000000,0.004443,0.004616,0.004248,0.004545,0,0
IOST.V,D,20181219,000000,0.004545,0.004907,0.004542,0.004674,0,0
IOST.V,D,20181220,000000,0.004673,0.005011,0.004541,0.004868,0,0
IOST.V,D,20181221,000000,0.004871,0.006101,0.004589,0.005437,0,0
IOST.V,D,20181222,000000,0.005437,0.005731,0.005109,0.005416,0,0
IOST.V,D,20181223,000000,0.005416,0.00586,0.005416,0.005579,0,0
IOST.V,D,20181224,000000,0.005579,0.006479,0.005518,0.005914,0,0
IOST.V,D,20181225,000000,0.005914,0.005915,0.004895,0.005158,0,0
IOST.V,D,20181226,000000,0.005158,0.005376,0.004842,0.005045,0,0
IOST.V,D,20181227,000000,0.005046,0.005157,0.004289,0.004377,0,0
IOST.V,D,20181228,000000,0.004376,0.005394,0.004272,0.005109,0,0
IOST.V,D,20181229,000000,0.005108,0.005312,0.004915,0.005146,0,0
IOST.V,D,20181230,000000,0.005145,0.005849,0.00487,0.005673,0,0
IOST.V,D,20181231,000000,0.005673,0.006275,0.005073,0.005166,0,0
IOST.V,D,20190101,000000,0.005166,0.005616,0.005126,0.005445,0,0
IOST.V,D,20190102,000000,0.005445,0.00606,0.005408,0.005981,0,0
IOST.V,D,20190103,000000,0.005981,0.006064,0.005458,0.005767,0,0
IOST.V,D,20190104,000000,0.005767,0.00599,0.005544,0.005767,0,0
IOST.V,D,20190105,000000,0.005767,0.005998,0.005746,0.005879,0,0
IOST.V,D,20190106,000000,0.005879,0.00652,0.005736,0.006216,0,0
IOST.V,D,20190107,000000,0.006216,0.006868,0.006077,0.006466,0,0
IOST.V,D,20190108,000000,0.006466,0.007287,0.006304,0.007046,0,0
IOST.V,D,20190109,000000,0.007045,0.007592,0.00695,0.007168,0,0
IOST.V,D,20190110,000000,0.007168,0.007353,0.005488,0.005646,0,0
IOST.V,D,20190111,000000,0.005647,0.006524,0.005582,0.006283,0,0
IOST.V,D,20190112,000000,0.006322,0.006438,0.006042,0.006125,0,0
IOST.V,D,20190113,000000,0.006125,0.006347,0.005512,0.0057,0,0
IOST.V,D,20190114,000000,0.005701,0.006658,0.005692,0.006514,0,0
IOST.V,D,20190115,000000,0.006514,0.00659,0.006058,0.006106,0,0
IOST.V,D,20190116,000000,0.006106,0.006535,0.006006,0.006332,0,0
IOST.V,D,20190117,000000,0.006332,0.006647,0.006242,0.006611,0,0
IOST.V,D,20190118,000000,0.006611,0.006657,0.006258,0.006348,0,0
IOST.V,D,20190119,000000,0.006349,0.006647,0.006294,0.006575,0,0
IOST.V,D,20190120,000000,0.006575,0.006773,0.006142,0.006477,0,0
IOST.V,D,20190121,000000,0.006476,0.006617,0.006311,0.006424,0,0
IOST.V,D,20190122,000000,0.006424,0.006834,0.006225,0.006706,0,0
IOST.V,D,20190123,000000,0.006706,0.006907,0.00653,0.006571,0,0
IOST.V,D,20190124,000000,0.00657,0.006673,0.006425,0.006573,0,0
IOST.V,D,20190125,000000,0.006573,0.006674,0.00641,0.006561,0,0
IOST.V,D,20190126,000000,0.006562,0.006652,0.006291,0.006347,0,0
IOST.V,D,20190127,000000,0.006347,0.006382,0.005924,0.006108,0,0
IOST.V,D,20190128,000000,0.006108,0.006127,0.005172,0.005456,0,0
IOST.V,D,20190129,000000,0.005457,0.006055,0.005223,0.005779,0,0
IOST.V,D,20190130,000000,0.005779,0.006049,0.005651,0.005901,0,0
IOST.V,D,20190131,000000,0.005901,0.00593,0.005452,0.005653,0,0
IOST.V,D,20190201,000000,0.005653,0.005748,0.005325,0.005687,0,0
IOST.V,D,20190202,000000,0.005687,0.005803,0.005576,0.005792,0,0
IOST.V,D,20190203,000000,0.005792,0.006069,0.005773,0.005877,0,0
IOST.V,D,20190204,000000,0.005877,0.006228,0.005871,0.006076,0,0
IOST.V,D,20190205,000000,0.006111,0.006129,0.005912,0.005952,0,0
IOST.V,D,20190206,000000,0.005952,0.006139,0.005705,0.006043,0,0
IOST.V,D,20190207,000000,0.006043,0.006352,0.006007,0.006013,0,0
IOST.V,D,20190208,000000,0.006013,0.006678,0.005939,0.006569,0,0
IOST.V,D,20190209,000000,0.006569,0.007263,0.006327,0.006419,0,0
IOST.V,D,20190210,000000,0.00642,0.006624,0.006295,0.006546,0,0
IOST.V,D,20190211,000000,0.006546,0.007051,0.006433,0.006838,0,0
IOST.V,D,20190212,000000,0.006838,0.007184,0.006537,0.007005,0,0
IOST.V,D,20190213,000000,0.007006,0.007225,0.006682,0.006771,0,0
IOST.V,D,20190214,000000,0.006771,0.00696,0.00645,0.006535,0,0
IOST.V,D,20190215,000000,0.006536,0.006866,0.006311,0.006681,0,0
IOST.V,D,20190216,000000,0.006681,0.006829,0.006543,0.006777,0,0
IOST.V,D,20190217,000000,0.006777,0.00715,0.006711,0.006973,0,0
IOST.V,D,20190218,000000,0.006974,0.007583,0.006828,0.007258,0,0
IOST.V,D,20190219,000000,0.007258,0.009483,0.007218,0.008512,0,0
IOST.V,D,20190220,000000,0.008512,0.008869,0.008106,0.008228,0,0
IOST.V,D,20190221,000000,0.008228,0.008395,0.00756,0.007833,0,0
IOST.V,D,20190222,000000,0.007833,0.008808,0.007753,0.008177,0,0
IOST.V,D,20190223,000000,0.008177,0.00841,0.007864,0.008349,0,0
IOST.V,D,20190224,000000,0.00835,0.008494,0.006774,0.006913,0,0
IOST.V,D,20190225,000000,0.006912,0.008055,0.006769,0.007542,0,0
IOST.V,D,20190226,000000,0.007542,0.007966,0.007018,0.007256,0,0
IOST.V,D,20190227,000000,0.007256,0.007847,0.007168,0.007419,0,0
IOST.V,D,20190228,000000,0.007419,0.007748,0.007268,0.007311,0,0
IOST.V,D,20190301,000000,0.007311,0.00777,0.007278,0.007597,0,0
IOST.V,D,20190302,000000,0.007596,0.007831,0.007304,0.007763,0,0
IOST.V,D,20190303,000000,0.007764,0.007813,0.007504,0.007543,0,0
IOST.V,D,20190304,000000,0.007543,0.007623,0.006931,0.007222,0,0
IOST.V,D,20190305,000000,0.007223,0.007744,0.007176,0.007611,0,0
IOST.V,D,20190306,000000,0.00761,0.007747,0.007428,0.007712,0,0
IOST.V,D,20190307,000000,0.007712,0.00835,0.00765,0.008127,0,0
IOST.V,D,20190308,000000,0.008129,0.008206,0.007565,0.007785,0,0
IOST.V,D,20190309,000000,0.007786,0.008128,0.007683,0.007977,0,0
IOST.V,D,20190310,000000,0.007977,0.008047,0.007739,0.007867,0,0
IOST.V,D,20190311,000000,0.007866,0.007919,0.007333,0.007334,0,0
IOST.V,D,20190312,000000,0.007334,0.007874,0.007123,0.007517,0,0
IOST.V,D,20190313,000000,0.007517,0.007666,0.007331,0.007483,0,0
IOST.V,D,20190314,000000,0.007483,0.007559,0.007227,0.007454,0,0
IOST.V,D,20190315,000000,0.007455,0.007745,0.007406,0.007568,0,0
IOST.V,D,20190316,000000,0.007568,0.007849,0.007535,0.007686,0,0
IOST.V,D,20190317,000000,0.007687,0.007832,0.0075,0.007726,0,0
IOST.V,D,20190318,000000,0.007726,0.007854,0.007453,0.007545,0,0
IOST.V,D,20190319,000000,0.007546,0.007603,0.007236,0.007473,0,0
IOST.V,D,20190320,000000,0.007472,0.008491,0.007365,0.008396,0,0
IOST.V,D,20190321,000000,0.008393,0.009412,0.008072,0.00863,0,0
IOST.V,D,20190322,000000,0.008631,0.009219,0.008597,0.008614,0,0
IOST.V,D,20190323,000000,0.008614,0.008887,0.00847,0.008763,0,0
IOST.V,D,20190324,000000,0.008765,0.008921,0.008366,0.008421,0,0
IOST.V,D,20190325,000000,0.00842,0.008592,0.007974,0.008129,0,0
IOST.V,D,20190326,000000,0.008129,0.008503,0.007897,0.008222,0,0
IOST.V,D,20190327,000000,0.008222,0.008917,0.008207,0.008702,0,0
IOST.V,D,20190328,000000,0.0087,0.008844,0.008475,0.008753,0,0
IOST.V,D,20190329,000000,0.008753,0.01038,0.008679,0.01013,0,0
IOST.V,D,20190330,000000,0.01013,0.01053,0.009602,0.009863,0,0
IOST.V,D,20190331,000000,0.009861,0.01002,0.009477,0.009953,0,0
IOST.V,D,20190401,000000,0.009953,0.0116,0.009824,0.01128,0,0
IOST.V,D,20190402,000000,0.01128,0.01341,0.01124,0.0129,0,0
IOST.V,D,20190403,000000,0.0129,0.01508,0.01209,0.0145,0,0
IOST.V,D,20190404,000000,0.01451,0.01705,0.01286,0.01562,0,0
IOST.V,D,20190405,000000,0.01564,0.01875,0.01538,0.01802,0,0
IOST.V,D,20190406,000000,0.01802,0.01842,0.01637,0.01673,0,0
IOST.V,D,20190407,000000,0.01673,0.01707,0.01583,0.01613,0,0
IOST.V,D,20190408,000000,0.01613,0.01782,0.01458,0.01548,0,0
IOST.V,D,20190409,000000,0.01548,0.01575,0.01451,0.01547,0,0
IOST.V,D,20190410,000000,0.01547,0.01626,0.01512,0.01542,0,0
IOST.V,D,20190411,000000,0.01542,0.01544,0.01239,0.0129,0,0
IOST.V,D,20190412,000000,0.01291,0.01383,0.01229,0.01303,0,0
IOST.V,D,20190413,000000,0.01303,0.01423,0.01302,0.01369,0,0
IOST.V,D,20190414,000000,0.01369,0.01399,0.01323,0.0135,0,0
IOST.V,D,20190415,000000,0.0135,0.01422,0.01239,0.01272,0,0
IOST.V,D,20190416,000000,0.01272,0.01323,0.01241,0.01303,0,0
IOST.V,D,20190417,000000,0.01303,0.01341,0.01277,0.01311,0,0
IOST.V,D,20190418,000000,0.01311,0.01334,0.01278,0.01304,0,0
IOST.V,D,20190419,000000,0.01304,0.01307,0.0124,0.01251,0,0
IOST.V,D,20190420,000000,0.01257,0.01404,0.01246,0.01358,0,0
IOST.V,D,20190421,000000,0.01359,0.01446,0.01259,0.01374,0,0
IOST.V,D,20190422,000000,0.01373,0.01415,0.01323,0.01371,0,0
IOST.V,D,20190423,000000,0.0137,0.01372,0.01266,0.01272,0,0
IOST.V,D,20190424,000000,0.01272,0.01278,0.01053,0.01111,0,0
IOST.V,D,20190425,000000,0.01111,0.01165,0.0107,0.01102,0,0
IOST.V,D,20190426,000000,0.01103,0.01103,0.009881,0.01027,0,0
IOST.V,D,20190427,000000,0.01027,0.01164,0.01022,0.01143,0,0
IOST.V,D,20190428,000000,0.01143,0.01187,0.01056,0.01073,0,0
IOST.V,D,20190429,000000,0.01073,0.01127,0.01004,0.01069,0,0
IOST.V,D,20190430,000000,0.01068,0.01147,0.0105,0.01139,0,0
IOST.V,D,20190501,000000,0.01139,0.01161,0.01123,0.01139,0,0
IOST.V,D,20190502,000000,0.01138,0.01167,0.01105,0.0113,0,0
IOST.V,D,20190503,000000,0.01128,0.01191,0.01117,0.01176,0,0
IOST.V,D,20190504,000000,0.01176,0.01191,0.0103,0.01088,0,0
IOST.V,D,20190505,000000,0.01088,0.01127,0.01068,0.01101,0,0
IOST.V,D,20190506,000000,0.01101,0.01122,0.01047,0.01094,0,0
IOST.V,D,20190507,000000,0.01094,0.01225,0.0109,0.01137,0,0
IOST.V,D,20190508,000000,0.01137,0.01178,0.01062,0.0112,0,0
IOST.V,D,20190509,000000,0.0112,0.01207,0.01094,0.0113,0,0
IOST.V,D,20190510,000000,0.0113,0.0123,0.01114,0.01213,0,0
IOST.V,D,20190511,000000,0.01213,0.01371,0.01194,0.0134,0,0
IOST.V,D,20190512,000000,0.0134,0.01403,0.01217,0.01286,0,0
IOST.V,D,20190513,000000,0.01286,0.0135,0.01243,0.01292,0,0
IOST.V,D,20190514,000000,0.01293,0.01393,0.01247,0.01306,0,0
IOST.V,D,20190515,000000,0.01306,0.01483,0.01306,0.01448,0,0
IOST.V,D,20190516,000000,0.01448,0.01555,0.01285,0.01348,0,0
IOST.V,D,20190517,000000,0.01346,0.01362,0.01093,0.01213,0,0
IOST.V,D,20190518,000000,0.01214,0.01247,0.01154,0.01197,0,0
IOST.V,D,20190519,000000,0.01196,0.01276,0.01178,0.01236,0,0
IOST.V,D,20190520,000000,0.01236,0.01265,0.01164,0.01215,0,0
IOST.V,D,20190521,000000,0.01215,0.01326,0.01192,0.01279,0,0
IOST.V,D,20190522,000000,0.01279,0.01322,0.01159,0.01167,0,0
IOST.V,D,20190523,000000,0.01167,0.01207,0.01112,0.01187,0,0
IOST.V,D,20190524,000000,0.01187,0.01256,0.01172,0.01209,0,0
IOST.V,D,20190525,000000,0.01209,0.01232,0.01192,0.01207,0,0
IOST.V,D,20190526,000000,0.01207,0.01301,0.01198,0.01297,0,0
IOST.V,D,20190527,000000,0.01297,0.0143,0.01281,0.014,0,0
IOST.V,D,20190528,000000,0.01401,0.01451,0.01336,0.01367,0,0
IOST.V,D,20190529,000000,0.01367,0.0141,0.01297,0.0136,0,0
IOST.V,D,20190530,000000,0.0136,0.01482,0.01252,0.01266,0,0
IOST.V,D,20190531,000000,0.01265,0.01324,0.01261,0.01321,0,0
IOST.V,D,20190601,000000,0.01321,0.01355,0.01263,0.01306,0,0
IOST.V,D,20190602,000000,0.01306,0.01331,0.01267,0.0128,0,0
IOST.V,D,20190603,000000,0.0128,0.01302,0.0118,0.01238,0,0
IOST.V,D,20190604,000000,0.01238,0.01239,0.01066,0.01066,0,0
IOST.V,D,20190605,000000,0.01062,0.01153,0.01061,0.01107,0,0
IOST.V,D,20190606,000000,0.01107,0.01133,0.0105,0.01092,0,0
IOST.V,D,20190607,000000,0.01092,0.01176,0.0108,0.01138,0,0
IOST.V,D,20190608,000000,0.01138,0.0119,0.0112,0.01145,0,0
IOST.V,D,20190609,000000,0.01145,0.01155,0.0106,0.01071,0,0
IOST.V,D,20190610,000000,0.01071,0.01213,0.01049,0.01169,0,0
IOST.V,D,20190611,000000,0.01169,0.01184,0.01096,0.0114,0,0
IOST.V,D,20190612,000000,0.0114,0.01167,0.01117,0.0115,0,0
IOST.V,D,20190613,000000,0.0115,0.01184,0.01139,0.01172,0,0
IOST.V,D,20190614,000000,0.01172,0.01188,0.011,0.01129,0,0
IOST.V,D,20190615,000000,0.01129,0.01193,0.01124,0.01165,0,0
IOST.V,D,20190616,000000,0.01165,0.01192,0.01145,0.01166,0,0
IOST.V,D,20190617,000000,0.01166,0.01347,0.01163,0.01319,0,0
IOST.V,D,20190618,000000,0.01319,0.01334,0.0116,0.01199,0,0
IOST.V,D,20190619,000000,0.01199,0.0122,0.01186,0.01218,0,0
IOST.V,D,20190620,000000,0.01218,0.01262,0.01145,0.01171,0,0
IOST.V,D,20190621,000000,0.01171,0.01204,0.01138,0.01162,0,0
IOST.V,D,20190622,000000,0.01161,0.01262,0.01133,0.01208,0,0
IOST.V,D,20190623,000000,0.01208,0.01268,0.01185,0.01226,0,0
IOST.V,D,20190624,000000,0.01225,0.01382,0.01162,0.01291,0,0
IOST.V,D,20190625,000000,0.01291,0.01436,0.01274,0.01375,0,0
IOST.V,D,20190626,000000,0.01374,0.01509,0.0128,0.01318,0,0
IOST.V,D,20190627,000000,0.01319,0.01369,0.01153,0.01204,0,0
IOST.V,D,20190628,000000,0.01204,0.01328,0.01188,0.01289,0,0
IOST.V,D,20190629,000000,0.01289,0.01394,0.01256,0.01374,0,0
IOST.V,D,20190630,000000,0.01374,0.01391,0.01232,0.01275,0,0
IOST.V,D,20190701,000000,0.01275,0.01302,0.01161,0.01249,0,0
IOST.V,D,20190702,000000,0.01248,0.01261,0.0116,0.01219,0,0
IOST.V,D,20190703,000000,0.01219,0.01275,0.01199,0.01255,0,0
IOST.V,D,20190704,000000,0.01255,0.01307,0.01211,0.01228,0,0
IOST.V,D,20190705,000000,0.01227,0.01241,0.0119,0.01219,0,0
IOST.V,D,20190706,000000,0.01219,0.01435,0.01204,0.0131,0,0
IOST.V,D,20190707,000000,0.0131,0.01361,0.01269,0.0135,0,0
IOST.V,D,20190708,000000,0.0135,0.01386,0.01289,0.01333,0,0
IOST.V,D,20190709,000000,0.01332,0.01351,0.01227,0.01243,0,0
IOST.V,D,20190710,000000,0.01243,0.01263,0.01028,0.01074,0,0
IOST.V,D,20190711,000000,0.01074,0.01249,0.009156,0.009381,0,0
IOST.V,D,20190712,000000,0.009379,0.009976,0.008895,0.009794,0,0
IOST.V,D,20190713,000000,0.009793,0.009832,0.008826,0.00904,0,0
IOST.V,D,20190714,000000,0.009042,0.009485,0.008064,0.008425,0,0
IOST.V,D,20190715,000000,0.008423,0.008423,0.006946,0.007632,0,0
IOST.V,D,20190716,000000,0.007638,0.007939,0.006549,0.007041,0,0
IOST.V,D,20190717,000000,0.00704,0.007319,0.006274,0.007074,0,0
IOST.V,D,20190718,000000,0.007075,0.007556,0.006608,0.007417,0,0
IOST.V,D,20190719,000000,0.007416,0.007608,0.007154,0.007394,0,0
IOST.V,D,20190720,000000,0.007397,0.009665,0.00723,0.009314,0,0
IOST.V,D,20190721,000000,0.009315,0.009687,0.008792,0.009194,0,0
IOST.V,D,20190722,000000,0.009195,0.009362,0.008368,0.00873,0,0
IOST.V,D,20190723,000000,0.008733,0.008839,0.007985,0.008303,0,0
IOST.V,D,20190724,000000,0.008302,0.008631,0.007739,0.008312,0,0
IOST.V,D,20190725,000000,0.00831,0.009225,0.00831,0.008909,0,0
IOST.V,D,20190726,000000,0.008908,0.009317,0.008537,0.009147,0,0
IOST.V,D,20190727,000000,0.009147,0.009463,0.008609,0.009033,0,0
IOST.V,D,20190728,000000,0.009033,0.009365,0.00879,0.009362,0,0
IOST.V,D,20190729,000000,0.009362,0.01027,0.00881,0.009885,0,0
IOST.V,D,20190730,000000,0.009885,0.01001,0.009651,0.009778,0,0
IOST.V,D,20190731,000000,0.00978,0.01034,0.009777,0.00995,0,0
IOST.V,D,20190801,000000,0.009949,0.01023,0.009626,0.01021,0,0
IOST.V,D,20190802,000000,0.01021,0.01034,0.009845,0.01001,0,0
IOST.V,D,20190803,000000,0.01001,0.01032,0.009827,0.009968,0,0
IOST.V,D,20190804,000000,0.00997,0.01012,0.009726,0.009979,0,0
IOST.V,D,20190805,000000,0.009978,0.01027,0.00981,0.009976,0,0
IOST.V,D,20190806,000000,0.009976,0.01013,0.009081,0.009212,0,0
IOST.V,D,20190807,000000,0.00921,0.0111,0.009117,0.01062,0,0
IOST.V,D,20190808,000000,0.01062,0.01179,0.009647,0.009846,0,0
IOST.V,D,20190809,000000,0.009847,0.01053,0.008223,0.008462,0,0
IOST.V,D,20190810,000000,0.008462,0.008987,0.008206,0.008817,0,0
IOST.V,D,20190811,000000,0.008817,0.009471,0.008666,0.009089,0,0
IOST.V,D,20190812,000000,0.009088,0.009401,0.008743,0.008887,0,0
IOST.V,D,20190813,000000,0.008887,0.009008,0.008497,0.0087,0,0
IOST.V,D,20190814,000000,0.008696,0.009098,0.007875,0.008359,0,0
IOST.V,D,20190815,000000,0.00836,0.008589,0.007696,0.008376,0,0
IOST.V,D,20190816,000000,0.008376,0.008843,0.008107,0.008567,0,0
IOST.V,D,20190817,000000,0.008567,0.008877,0.008455,0.008723,0,0
IOST.V,D,20190818,000000,0.008723,0.009112,0.00855,0.008757,0,0
IOST.V,D,20190819,000000,0.008759,0.009112,0.008682,0.008793,0,0
IOST.V,D,20190820,000000,0.00879,0.009094,0.008701,0.008853,0,0
IOST.V,D,20190821,000000,0.008855,0.008976,0.008195,0.008345,0,0
IOST.V,D,20190822,000000,0.008338,0.008764,0.008211,0.00862,0,0
IOST.V,D,20190823,000000,0.008622,0.008865,0.008484,0.008652,0,0
IOST.V,D,20190824,000000,0.008652,0.008849,0.00816,0.008565,0,0
IOST.V,D,20190825,000000,0.008564,0.008728,0.008182,0.008203,0,0
IOST.V,D,20190826,000000,0.008203,0.008594,0.008185,0.008216,0,0
IOST.V,D,20190827,000000,0.008217,0.008484,0.0081,0.008115,0,0
IOST.V,D,20190828,000000,0.008114,0.00843,0.007658,0.007783,0,0
IOST.V,D,20190829,000000,0.007784,0.007888,0.00701,0.00733,0,0
IOST.V,D,20190830,000000,0.007331,0.007636,0.007171,0.007295,0,0
IOST.V,D,20190831,000000,0.007295,0.007494,0.007039,0.007257,0,0
IOST.V,D,20190901,000000,0.007258,0.007343,0.006857,0.006994,0,0
IOST.V,D,20190902,000000,0.006996,0.007181,0.006961,0.007138,0,0
IOST.V,D,20190903,000000,0.007138,0.007356,0.007036,0.007314,0,0
IOST.V,D,20190904,000000,0.007314,0.007395,0.00713,0.007253,0,0
IOST.V,D,20190905,000000,0.007255,0.007341,0.007042,0.007181,0,0
IOST.V,D,20190906,000000,0.007181,0.007211,0.006829,0.006884,0,0
IOST.V,D,20190907,000000,0.006884,0.007019,0.006596,0.007012,0,0
IOST.V,D,20190908,000000,0.007012,0.007019,0.006795,0.006963,0,0
IOST.V,D,20190909,000000,0.006963,0.007336,0.006777,0.007248,0,0
IOST.V,D,20190910,000000,0.007248,0.007383,0.007027,0.007072,0,0
IOST.V,D,20190911,000000,0.007072,0.007088,0.006926,0.006982,0,0
IOST.V,D,20190912,000000,0.006978,0.007045,0.006644,0.006956,0,0
IOST.V,D,20190913,000000,0.006956,0.006984,0.00669,0.006742,0,0
IOST.V,D,20190914,000000,0.006742,0.006979,0.006678,0.006863,0,0
IOST.V,D,20190915,000000,0.006865,0.006969,0.006728,0.006905,0,0
IOST.V,D,20190916,000000,0.006905,0.006929,0.006711,0.006851,0,0
IOST.V,D,20190917,000000,0.006851,0.00916,0.006706,0.007149,0,0
IOST.V,D,20190918,000000,0.007151,0.007593,0.0063,0.007447,0,0
IOST.V,D,20190919,000000,0.007447,0.007548,0.006736,0.007194,0,0
IOST.V,D,20190920,000000,0.007194,0.007257,0.006964,0.007185,0,0
IOST.V,D,20190921,000000,0.007183,0.007233,0.006882,0.006894,0,0
IOST.V,D,20190922,000000,0.006893,0.007017,0.006302,0.006442,0,0
IOST.V,D,20190923,000000,0.006443,0.006558,0.006042,0.006136,0,0
IOST.V,D,20190924,000000,0.006136,0.00625,0.0041,0.004567,0,0
IOST.V,D,20190925,000000,0.004567,0.004894,0.004355,0.004653,0,0
IOST.V,D,20190926,000000,0.004653,0.004956,0.004276,0.004631,0,0
IOST.V,D,20190927,000000,0.004631,0.004844,0.004498,0.004778,0,0
IOST.V,D,20190928,000000,0.004745,0.004805,0.004653,0.004774,0,0
IOST.V,D,20190929,000000,0.004774,0.004839,0.004569,0.004649,0,0
IOST.V,D,20190930,000000,0.004649,0.004796,0.00461,0.004759,0,0
IOST.V,D,20191001,000000,0.004764,0.00491,0.00457,0.004669,0,0
IOST.V,D,20191002,000000,0.004669,0.004796,0.004547,0.004635,0,0
IOST.V,D,20191003,000000,0.004635,0.00529,0.004561,0.005054,0,0
IOST.V,D,20191004,000000,0.005054,0.006165,0.004855,0.005515,0,0
IOST.V,D,20191005,000000,0.005515,0.005547,0.005165,0.00528,0,0
IOST.V,D,20191006,000000,0.00528,0.006164,0.005024,0.005125,0,0
IOST.V,D,20191007,000000,0.00513,0.005412,0.004804,0.005312,0,0
IOST.V,D,20191008,000000,0.005312,0.005351,0.00485,0.005048,0,0
IOST.V,D,20191009,000000,0.005048,0.005294,0.005036,0.005076,0,0
IOST.V,D,20191010,000000,0.005076,0.0053,0.004732,0.004902,0,0
IOST.V,D,20191011,000000,0.004912,0.004987,0.004695,0.004877,0,0
IOST.V,D,20191012,000000,0.004877,0.005033,0.004788,0.00496,0,0
IOST.V,D,20191013,000000,0.00496,0.00513,0.004874,0.004941,0,0
IOST.V,D,20191014,000000,0.004888,0.00495,0.004855,0.004926,0,0
IOST.V,D,20191015,000000,0.004926,0.00495,0.004643,0.004664,0,0
IOST.V,D,20191016,000000,0.004664,0.004774,0.004208,0.004346,0,0
IOST.V,D,20191017,000000,0.004346,0.004587,0.004287,0.004562,0,0
IOST.V,D,20191018,000000,0.004562,0.004576,0.004304,0.0044,0,0
IOST.V,D,20191019,000000,0.0044,0.004437,0.004284,0.004321,0,0
IOST.V,D,20191020,000000,0.004321,0.00442,0.004231,0.004381,0,0
IOST.V,D,20191021,000000,0.004381,0.004531,0.004346,0.004435,0,0
IOST.V,D,20191022,000000,0.004435,0.00449,0.004266,0.004295,0,0
IOST.V,D,20191023,000000,0.004292,0.004301,0.003751,0.00396,0,0
IOST.V,D,20191024,000000,0.00396,0.004054,0.00379,0.004006,0,0
IOST.V,D,20191025,000000,0.004006,0.004545,0.003866,0.004519,0,0
IOST.V,D,20191026,000000,0.004519,0.004842,0.00431,0.004403,0,0
IOST.V,D,20191027,000000,0.004403,0.007243,0.00435,0.006137,0,0
IOST.V,D,20191028,000000,0.006137,0.006517,0.005322,0.005495,0,0
IOST.V,D,20191029,000000,0.005495,0.00574,0.005188,0.005457,0,0
IOST.V,D,20191030,000000,0.005457,0.007698,0.005446,0.006611,0,0
IOST.V,D,20191031,000000,0.006545,0.007422,0.006119,0.007166,0,0
IOST.V,D,20191101,000000,0.007166,0.007281,0.006632,0.007139,0,0
IOST.V,D,20191102,000000,0.007139,0.007197,0.006784,0.006992,0,0
IOST.V,D,20191103,000000,0.006992,0.007076,0.006291,0.006736,0,0
IOST.V,D,20191104,000000,0.006727,0.007,0.006492,0.006795,0,0
IOST.V,D,20191105,000000,0.006795,0.007144,0.006559,0.007,0,0
IOST.V,D,20191106,000000,0.007,0.007055,0.006714,0.006866,0,0
IOST.V,D,20191107,000000,0.006866,0.006966,0.006184,0.006537,0,0
IOST.V,D,20191108,000000,0.006537,0.006863,0.005828,0.006067,0,0
IOST.V,D,20191109,000000,0.006067,0.006115,0.005892,0.005975,0,0
IOST.V,D,20191110,000000,0.005986,0.00618,0.005969,0.00615,0,0
IOST.V,D,20191111,000000,0.00615,0.006309,0.005914,0.006209,0,0
IOST.V,D,20191112,000000,0.006209,0.006748,0.006144,0.006489,0,0
IOST.V,D,20191113,000000,0.006489,0.006691,0.006349,0.006413,0,0
IOST.V,D,20191114,000000,0.006413,0.006558,0.006203,0.006389,0,0
IOST.V,D,20191115,000000,0.006389,0.006718,0.006219,0.006537,0,0
IOST.V,D,20191116,000000,0.006537,0.006678,0.006463,0.006609,0,0
IOST.V,D,20191117,000000,0.006609,0.006828,0.006476,0.006484,0,0
IOST.V,D,20191118,000000,0.006484,0.006607,0.006004,0.006084,0,0
IOST.V,D,20191119,000000,0.006084,0.006442,0.005836,0.006442,0,0
IOST.V,D,20191120,000000,0.006442,0.006448,0.005977,0.006042,0,0
IOST.V,D,20191121,000000,0.006042,0.006088,0.005315,0.005426,0,0
IOST.V,D,20191122,000000,0.005426,0.005524,0.004379,0.004746,0,0
IOST.V,D,20191123,000000,0.004746,0.005136,0.004645,0.005023,0,0
IOST.V,D,20191124,000000,0.005023,0.00519,0.004584,0.004698,0,0
IOST.V,D,20191125,000000,0.004698,0.005091,0.004249,0.004832,0,0
IOST.V,D,20191126,000000,0.004832,0.005017,0.004731,0.004809,0,0
IOST.V,D,20191127,000000,0.004809,0.005573,0.004761,0.005413,0,0
IOST.V,D,20191128,000000,0.005413,0.005667,0.005317,0.005448,0,0
IOST.V,D,20191129,000000,0.005485,0.005613,0.005429,0.005556,0,0
IOST.V,D,20191130,000000,0.005556,0.005635,0.005187,0.005255,0,0
IOST.V,D,20191201,000000,0.005249,0.005576,0.004908,0.00542,0,0
IOST.V,D,20191202,000000,0.00542,0.006384,0.005251,0.006112,0,0
IOST.V,D,20191203,000000,0.006112,0.006205,0.00583,0.005848,0,0
IOST.V,D,20191204,000000,0.005848,0.006084,0.00551,0.005654,0,0
IOST.V,D,20191205,000000,0.005654,0.005912,0.005377,0.005843,0,0
IOST.V,D,20191206,000000,0.005843,0.006044,0.005655,0.005936,0,0
IOST.V,D,20191207,000000,0.005936,0.006241,0.005918,0.006077,0,0
IOST.V,D,20191208,000000,0.006091,0.006103,0.005848,0.005958,0,0
IOST.V,D,20191209,000000,0.005958,0.006168,0.005889,0.005919,0,0
IOST.V,D,20191210,000000,0.005935,0.005959,0.005157,0.005326,0,0
IOST.V,D,20191211,000000,0.005336,0.005395,0.005109,0.00512,0,0
IOST.V,D,20191212,000000,0.00512,0.005212,0.004995,0.005113,0,0
IOST.V,D,20191213,000000,0.005113,0.005441,0.005046,0.00538,0,0
IOST.V,D,20191214,000000,0.00538,0.005535,0.005059,0.005177,0,0
IOST.V,D,20191215,000000,0.005193,0.005349,0.005071,0.005216,0,0
IOST.V,D,20191216,000000,0.005216,0.005243,0.004791,0.004861,0,0
IOST.V,D,20191217,000000,0.004861,0.004905,0.004555,0.004592,0,0
IOST.V,D,20191218,000000,0.004592,0.005171,0.004571,0.005148,0,0
IOST.V,D,20191219,000000,0.005148,0.005314,0.004874,0.005127,0,0
IOST.V,D,20191220,000000,0.005127,0.005784,0.004974,0.005693,0,0
IOST.V,D,20191221,000000,0.005693,0.005743,0.005288,0.00534,0,0
IOST.V,D,20191222,000000,0.00534,0.005541,0.005259,0.005368,0,0
IOST.V,D,20191223,000000,0.005368,0.005467,0.005116,0.005117,0,0
IOST.V,D,20191224,000000,0.005117,0.005247,0.005106,0.005117,0,0
IOST.V,D,20191225,000000,0.005117,0.005158,0.005004,0.005038,0,0
IOST.V,D,20191226,000000,0.005038,0.005235,0.004972,0.005102,0,0
IOST.V,D,20191227,000000,0.005102,0.005145,0.004926,0.005037,0,0
IOST.V,D,20191228,000000,0.005037,0.005181,0.004995,0.005117,0,0
IOST.V,D,20191229,000000,0.005117,0.005141,0.005046,0.005067,0,0
IOST.V,D,20191230,000000,0.005067,0.00509,0.004833,0.004866,0,0
IOST.V,D,20191231,000000,0.004865,0.00487,0.00463,0.004642,0,0
IOST.V,D,20200101,000000,0.004639,0.004897,0.004624,0.004856,0,0
IOST.V,D,20200102,000000,0.004856,0.004882,0.0046,0.004609,0,0
IOST.V,D,20200103,000000,0.004609,0.004918,0.004574,0.004797,0,0
IOST.V,D,20200104,000000,0.004797,0.004947,0.00478,0.004866,0,0
IOST.V,D,20200105,000000,0.004866,0.005015,0.004847,0.004956,0,0
IOST.V,D,20200106,000000,0.004956,0.005174,0.004898,0.005114,0,0
IOST.V,D,20200107,000000,0.005114,0.00521,0.004892,0.004904,0,0
IOST.V,D,20200108,000000,0.004904,0.005082,0.004676,0.004801,0,0
IOST.V,D,20200109,000000,0.004801,0.004853,0.004706,0.00477,0,0
IOST.V,D,20200110,000000,0.004804,0.005108,0.004716,0.005091,0,0
IOST.V,D,20200111,000000,0.005087,0.005138,0.004923,0.0051,0,0
IOST.V,D,20200112,000000,0.0051,0.005429,0.004884,0.005351,0,0
IOST.V,D,20200113,000000,0.00537,0.005381,0.005088,0.005103,0,0
IOST.V,D,20200114,000000,0.005093,0.0058,0.00509,0.005764,0,0
IOST.V,D,20200115,000000,0.005724,0.006084,0.005646,0.00588,0,0
IOST.V,D,20200116,000000,0.00588,0.005898,0.005525,0.005785,0,0
IOST.V,D,20200117,000000,0.005785,0.006104,0.005785,0.006001,0,0
IOST.V,D,20200118,000000,0.006001,0.006242,0.005835,0.005921,0,0
IOST.V,D,20200119,000000,0.00593,0.005993,0.005288,0.005402,0,0
IOST.V,D,20200120,000000,0.005402,0.005506,0.005291,0.005392,0,0
IOST.V,D,20200121,000000,0.005415,0.00548,0.00535,0.005422,0,0
IOST.V,D,20200122,000000,0.005422,0.005482,0.005367,0.00542,0,0
IOST.V,D,20200123,000000,0.00542,0.005461,0.005139,0.005246,0,0
IOST.V,D,20200124,000000,0.005246,0.005283,0.005118,0.005249,0,0
IOST.V,D,20200125,000000,0.005241,0.00531,0.005083,0.005283,0,0
IOST.V,D,20200126,000000,0.005283,0.006407,0.005212,0.005379,0,0
IOST.V,D,20200127,000000,0.005379,0.005513,0.005334,0.005463,0,0
IOST.V,D,20200128,000000,0.005451,0.00569,0.005376,0.005588,0,0
IOST.V,D,20200129,000000,0.005588,0.005749,0.005562,0.005675,0,0
IOST.V,D,20200130,000000,0.005675,0.005691,0.005504,0.005613,0,0
IOST.V,D,20200131,000000,0.005613,0.005859,0.005491,0.005691,0,0
IOST.V,D,20200201,000000,0.005691,0.006156,0.005659,0.005979,0,0
IOST.V,D,20200202,000000,0.005979,0.006257,0.005816,0.00622,0,0
IOST.V,D,20200203,000000,0.00622,0.006268,0.005976,0.00612,0,0
IOST.V,D,20200204,000000,0.00612,0.006604,0.005966,0.006604,0,0
IOST.V,D,20200205,000000,0.006604,0.006739,0.006497,0.006709,0,0
IOST.V,D,20200206,000000,0.006709,0.007243,0.006617,0.007097,0,0
IOST.V,D,20200207,000000,0.007097,0.007528,0.006898,0.007247,0,0
IOST.V,D,20200208,000000,0.007247,0.007404,0.006766,0.007138,0,0
IOST.V,D,20200209,000000,0.007138,0.007585,0.007007,0.007585,0,0
IOST.V,D,20200210,000000,0.007584,0.007639,0.007029,0.007478,0,0
IOST.V,D,20200211,000000,0.007477,0.007626,0.007117,0.00757,0,0
IOST.V,D,20200212,000000,0.00757,0.008189,0.00756,0.008077,0,0
IOST.V,D,20200213,000000,0.007972,0.008259,0.007435,0.007661,0,0
IOST.V,D,20200214,000000,0.007662,0.008412,0.007661,0.008291,0,0
IOST.V,D,20200215,000000,0.008291,0.008413,0.007209,0.007444,0,0
IOST.V,D,20200216,000000,0.007444,0.007732,0.00607,0.006713,0,0
IOST.V,D,20200217,000000,0.006715,0.006795,0.006005,0.006457,0,0
IOST.V,D,20200218,000000,0.006455,0.006976,0.006257,0.006822,0,0
IOST.V,D,20200219,000000,0.006821,0.006939,0.006142,0.006396,0,0
IOST.V,D,20200220,000000,0.006396,0.006397,0.00593,0.006162,0,0
IOST.V,D,20200221,000000,0.006162,0.006538,0.006134,0.006291,0,0
IOST.V,D,20200222,000000,0.00629,0.00642,0.00613,0.006296,0,0
IOST.V,D,20200223,000000,0.006203,0.006507,0.006189,0.006452,0,0
IOST.V,D,20200224,000000,0.006455,0.006512,0.005983,0.006079,0,0
IOST.V,D,20200225,000000,0.006079,0.006196,0.005466,0.005634,0,0
IOST.V,D,20200226,000000,0.005634,0.005727,0.004787,0.005015,0,0
IOST.V,D,20200227,000000,0.005014,0.005476,0.004783,0.005194,0,0
IOST.V,D,20200228,000000,0.005189,0.005433,0.004885,0.00528,0,0
IOST.V,D,20200229,000000,0.005282,0.005367,0.005138,0.005194,0,0
IOST.V,D,20200301,000000,0.005195,0.005386,0.004934,0.005054,0,0
IOST.V,D,20200302,000000,0.005056,0.005451,0.005029,0.005276,0,0
IOST.V,D,20200303,000000,0.005272,0.005357,0.005036,0.005188,0,0
IOST.V,D,20200304,000000,0.005187,0.00561,0.005158,0.005435,0,0
IOST.V,D,20200305,000000,0.005435,0.005733,0.005435,0.005541,0,0
IOST.V,D,20200306,000000,0.005449,0.005763,0.00541,0.005658,0,0
IOST.V,D,20200307,000000,0.005659,0.005867,0.005329,0.005457,0,0
IOST.V,D,20200308,000000,0.005457,0.005458,0.004678,0.004753,0,0
IOST.V,D,20200309,000000,0.004751,0.004865,0.004145,0.004499,0,0
IOST.V,D,20200310,000000,0.004499,0.004654,0.004397,0.004624,0,0
IOST.V,D,20200311,000000,0.004623,0.004624,0.004267,0.004471,0,0
IOST.V,D,20200312,000000,0.004466,0.004474,0.002755,0.002901,0,0
IOST.V,D,20200313,000000,0.002904,0.002905,0.001502,0.002548,0,0
IOST.V,D,20200314,000000,0.002549,0.002757,0.002395,0.002593,0,0
IOST.V,D,20200315,000000,0.002589,0.002975,0.002537,0.002789,0,0
IOST.V,D,20200316,000000,0.002786,0.00281,0.002107,0.002373,0,0
IOST.V,D,20200317,000000,0.002375,0.002625,0.002365,0.002569,0,0
IOST.V,D,20200318,000000,0.002567,0.002579,0.002314,0.002468,0,0
IOST.V,D,20200319,000000,0.002468,0.003042,0.002463,0.002962,0,0
IOST.V,D,20200320,000000,0.002962,0.00379,0.002791,0.003156,0,0
IOST.V,D,20200321,000000,0.003103,0.003819,0.003076,0.003427,0,0
IOST.V,D,20200322,000000,0.003427,0.003612,0.00294,0.002983,0,0
IOST.V,D,20200323,000000,0.002983,0.003301,0.002915,0.003264,0,0
IOST.V,D,20200324,000000,0.003264,0.003377,0.003116,0.003364,0,0
IOST.V,D,20200325,000000,0.003325,0.003404,0.003047,0.003152,0,0
IOST.V,D,20200326,000000,0.003149,0.00326,0.003057,0.003094,0,0
IOST.V,D,20200327,000000,0.003093,0.003287,0.003093,0.003142,0,0
IOST.V,D,20200328,000000,0.003142,0.003208,0.002788,0.00299,0,0
IOST.V,D,20200329,000000,0.002928,0.003006,0.002765,0.00278,0,0
IOST.V,D,20200330,000000,0.002779,0.003026,0.002761,0.003011,0,0
IOST.V,D,20200331,000000,0.003012,0.003128,0.002923,0.003036,0,0
IOST.V,D,20200401,000000,0.003035,0.003104,0.002901,0.002997,0,0
IOST.V,D,20200402,000000,0.002997,0.0034,0.00297,0.003149,0,0
IOST.V,D,20200403,000000,0.003147,0.003305,0.003054,0.003167,0,0
IOST.V,D,20200404,000000,0.003168,0.003306,0.003141,0.003233,0,0
IOST.V,D,20200405,000000,0.003234,0.003314,0.003109,0.003181,0,0
IOST.V,D,20200406,000000,0.003181,0.003513,0.003118,0.003431,0,0
IOST.V,D,20200407,000000,0.003431,0.003658,0.00333,0.003449,0,0
IOST.V,D,20200408,000000,0.003446,0.003563,0.003365,0.003521,0,0
IOST.V,D,20200409,000000,0.003521,0.003613,0.003422,0.003512,0,0
IOST.V,D,20200410,000000,0.003513,0.003515,0.003112,0.003177,0,0
IOST.V,D,20200411,000000,0.003177,0.003269,0.003054,0.003094,0,0
IOST.V,D,20200412,000000,0.003163,0.003312,0.003072,0.00328,0,0
IOST.V,D,20200413,000000,0.00328,0.003289,0.003043,0.003148,0,0
IOST.V,D,20200414,000000,0.003149,0.003242,0.003118,0.003156,0,0
IOST.V,D,20200415,000000,0.003157,0.003249,0.003081,0.003102,0,0
IOST.V,D,20200416,000000,0.003102,0.003279,0.002922,0.003257,0,0
IOST.V,D,20200417,000000,0.003257,0.003354,0.003224,0.003244,0,0
IOST.V,D,20200418,000000,0.003244,0.003492,0.003236,0.003399,0,0
IOST.V,D,20200419,000000,0.003399,0.003432,0.003253,0.003314,0,0
IOST.V,D,20200420,000000,0.003313,0.003392,0.003048,0.003088,0,0
IOST.V,D,20200421,000000,0.003087,0.003117,0.002984,0.003106,0,0
IOST.V,D,20200422,000000,0.003106,0.003224,0.003006,0.003125,0,0
IOST.V,D,20200423,000000,0.003125,0.003426,0.003098,0.003421,0,0
IOST.V,D,20200424,000000,0.00342,0.003703,0.003263,0.003683,0,0
IOST.V,D,20200425,000000,0.003606,0.003683,0.00346,0.00354,0,0
IOST.V,D,20200426,000000,0.00354,0.003699,0.003464,0.003588,0,0
IOST.V,D,20200427,000000,0.003588,0.003661,0.003363,0.003483,0,0
IOST.V,D,20200428,000000,0.003559,0.003584,0.003453,0.00356,0,0
IOST.V,D,20200429,000000,0.003559,0.004014,0.003484,0.003902,0,0
IOST.V,D,20200430,000000,0.003902,0.004081,0.003597,0.00377,0,0
IOST.V,D,20200501,000000,0.003769,0.003981,0.003628,0.003804,0,0
IOST.V,D,20200502,000000,0.003805,0.003935,0.003774,0.003933,0,0
IOST.V,D,20200503,000000,0.003932,0.004078,0.00372,0.003811,0,0
IOST.V,D,20200504,000000,0.00381,0.003854,0.003502,0.00376,0,0
IOST.V,D,20200505,000000,0.00376,0.003831,0.003602,0.003679,0,0
IOST.V,D,20200506,000000,0.003679,0.003861,0.003601,0.003717,0,0
IOST.V,D,20200507,000000,0.003717,0.003759,0.003533,0.003657,0,0
IOST.V,D,20200508,000000,0.003656,0.003905,0.003613,0.003904,0,0
IOST.V,D,20200509,000000,0.003905,0.003965,0.003716,0.003747,0,0
IOST.V,D,20200510,000000,0.003747,0.003773,0.003082,0.003316,0,0
IOST.V,D,20200511,000000,0.003315,0.003459,0.003101,0.00326,0,0
IOST.V,D,20200512,000000,0.00326,0.003487,0.003235,0.003326,0,0
IOST.V,D,20200513,000000,0.003326,0.003633,0.003326,0.003558,0,0
IOST.V,D,20200514,000000,0.003557,0.003675,0.003453,0.003521,0,0
IOST.V,D,20200515,000000,0.003521,0.003634,0.003391,0.003483,0,0
IOST.V,D,20200516,000000,0.003484,0.003598,0.003414,0.003472,0,0
IOST.V,D,20200517,000000,0.003472,0.003657,0.003455,0.003514,0,0
IOST.V,D,20200518,000000,0.003514,0.003696,0.003477,0.003583,0,0
IOST.V,D,20200519,000000,0.003583,0.003701,0.003508,0.003583,0,0
IOST.V,D,20200520,000000,0.003583,0.003722,0.003463,0.003533,0,0
IOST.V,D,20200521,000000,0.003533,0.003844,0.003349,0.003459,0,0
IOST.V,D,20200522,000000,0.00355,0.004168,0.00346,0.004143,0,0
IOST.V,D,20200523,000000,0.004143,0.004324,0.003843,0.003968,0,0
IOST.V,D,20200524,000000,0.003968,0.004179,0.003813,0.003894,0,0
IOST.V,D,20200525,000000,0.003895,0.004663,0.003716,0.004539,0,0
IOST.V,D,20200526,000000,0.00454,0.004873,0.004353,0.004513,0,0
IOST.V,D,20200527,000000,0.004512,0.004536,0.004261,0.004261,0,0
IOST.V,D,20200528,000000,0.004261,0.004625,0.004259,0.004436,0,0
IOST.V,D,20200529,000000,0.004436,0.004631,0.004302,0.004507,0,0
IOST.V,D,20200530,000000,0.004508,0.004772,0.004402,0.004647,0,0
IOST.V,D,20200531,000000,0.004647,0.004986,0.004484,0.004732,0,0
IOST.V,D,20200601,000000,0.004732,0.005214,0.004611,0.005115,0,0
IOST.V,D,20200602,000000,0.005117,0.005331,0.004581,0.004952,0,0
IOST.V,D,20200603,000000,0.004952,0.005092,0.004723,0.004888,0,0
IOST.V,D,20200604,000000,0.004888,0.005131,0.004736,0.004889,0,0
IOST.V,D,20200605,000000,0.004889,0.005307,0.00487,0.00512,0,0
IOST.V,D,20200606,000000,0.005121,0.005474,0.005014,0.005332,0,0
IOST.V,D,20200607,000000,0.005332,0.005416,0.004902,0.00505,0,0
IOST.V,D,20200608,000000,0.00505,0.005366,0.00505,0.005245,0,0
IOST.V,D,20200609,000000,0.005244,0.005544,0.005125,0.005403,0,0
IOST.V,D,20200610,000000,0.005403,0.005673,0.005361,0.005518,0,0
IOST.V,D,20200611,000000,0.005519,0.005965,0.005062,0.00514,0,0
IOST.V,D,20200612,000000,0.00514,0.005788,0.004989,0.005569,0,0
IOST.V,D,20200613,000000,0.00557,0.006169,0.005432,0.005938,0,0
IOST.V,D,20200614,000000,0.005938,0.006067,0.005528,0.005603,0,0
IOST.V,D,20200615,000000,0.005604,0.005708,0.005079,0.005474,0,0
IOST.V,D,20200616,000000,0.005474,0.006,0.005355,0.005895,0,0
IOST.V,D,20200617,000000,0.005799,0.005911,0.005456,0.005646,0,0
IOST.V,D,20200618,000000,0.005646,0.005956,0.005554,0.00562,0,0
IOST.V,D,20200619,000000,0.005619,0.006056,0.005544,0.005874,0,0
IOST.V,D,20200620,000000,0.005875,0.00597,0.005694,0.005884,0,0
IOST.V,D,20200621,000000,0.005884,0.006171,0.005881,0.006064,0,0
IOST.V,D,20200622,000000,0.006064,0.006879,0.005941,0.006589,0,0
IOST.V,D,20200623,000000,0.006589,0.007237,0.006439,0.006561,0,0
IOST.V,D,20200624,000000,0.006561,0.006763,0.00617,0.006208,0,0
IOST.V,D,20200625,000000,0.0063,0.006425,0.005963,0.006232,0,0
IOST.V,D,20200626,000000,0.006232,0.006329,0.00597,0.006147,0,0
IOST.V,D,20200627,000000,0.006147,0.006252,0.005322,0.005617,0,0
IOST.V,D,20200628,000000,0.005617,0.005788,0.005377,0.005657,0,0
IOST.V,D,20200629,000000,0.005657,0.00576,0.005507,0.005619,0,0
IOST.V,D,20200630,000000,0.005619,0.005696,0.005352,0.00559,0,0
IOST.V,D,20200701,000000,0.00559,0.005766,0.005459,0.005731,0,0
IOST.V,D,20200702,000000,0.005731,0.005832,0.005284,0.005491,0,0
IOST.V,D,20200703,000000,0.005485,0.005652,0.005355,0.005551,0,0
IOST.V,D,20200704,000000,0.005551,0.005688,0.00543,0.005566,0,0
IOST.V,D,20200705,000000,0.005566,0.006613,0.005472,0.006418,0,0
IOST.V,D,20200706,000000,0.006418,0.007088,0.006283,0.006313,0,0
IOST.V,D,20200707,000000,0.006403,0.006678,0.006288,0.006474,0,0
IOST.V,D,20200708,000000,0.006473,0.006798,0.006281,0.006604,0,0
IOST.V,D,20200709,000000,0.006605,0.006954,0.006162,0.006385,0,0
IOST.V,D,20200710,000000,0.006385,0.006477,0.006209,0.006359,0,0
IOST.V,D,20200711,000000,0.006362,0.006679,0.00634,0.006365,0,0
IOST.V,D,20200712,000000,0.006457,0.006594,0.006236,0.006303,0,0
IOST.V,D,20200713,000000,0.006303,0.006526,0.006074,0.006105,0,0
IOST.V,D,20200714,000000,0.006105,0.006294,0.00569,0.006101,0,0
IOST.V,D,20200715,000000,0.006101,0.006213,0.005957,0.00609,0,0
IOST.V,D,20200716,000000,0.00609,0.006092,0.005603,0.00575,0,0
IOST.V,D,20200717,000000,0.00575,0.00604,0.005722,0.00595,0,0
IOST.V,D,20200718,000000,0.005948,0.006073,0.005871,0.005968,0,0
IOST.V,D,20200719,000000,0.005967,0.005971,0.005836,0.005964,0,0
IOST.V,D,20200720,000000,0.005964,0.00634,0.005861,0.006055,0,0
IOST.V,D,20200721,000000,0.006055,0.006163,0.005865,0.006005,0,0
IOST.V,D,20200722,000000,0.006004,0.006456,0.005955,0.006286,0,0
IOST.V,D,20200723,000000,0.006287,0.006395,0.006129,0.006252,0,0
IOST.V,D,20200724,000000,0.006252,0.006348,0.006032,0.006151,0,0
IOST.V,D,20200725,000000,0.006151,0.006254,0.005914,0.006112,0,0
IOST.V,D,20200726,000000,0.006113,0.006231,0.005863,0.006032,0,0
IOST.V,D,20200727,000000,0.006032,0.006074,0.005161,0.005452,0,0
IOST.V,D,20200728,000000,0.00545,0.006031,0.005291,0.005843,0,0
IOST.V,D,20200729,000000,0.005843,0.005953,0.005666,0.005744,0,0
