<TICKER>,<PER>,<DATE>,<TIME>,<OPEN>,<HIGH>,<LOW>,<CLOSE>,<VOL>,<OPENINT>
KCS.V,D,20171213,000000,0.4538,0.5081,0.4319,0.508,0,0
KCS.V,D,20171214,000000,0.5072,0.5594,0.4776,0.55,0,0
KCS.V,D,20171215,000000,0.588,0.5959,0.5061,0.559,0,0
KCS.V,D,20171216,000000,0.6142,0.6844,0.5819,0.6844,0,0
KCS.V,D,20171217,000000,0.6745,0.7561,0.6515,0.7436,0,0
KCS.V,D,20171218,000000,0.7399,0.8439,0.7001,0.8346,0,0
KCS.V,D,20171219,000000,0.7709,0.9489,0.7539,0.9286,0,0
KCS.V,D,20171220,000000,0.8723,0.8908,0.7433,0.8792,0,0
KCS.V,D,20171221,000000,0.8349,0.9379,0.8011,0.9218,0,0
KCS.V,D,20171222,000000,0.8058,0.8061,0.716,0.7856,0,0
KCS.V,D,20171223,000000,0.8277,0.852,0.782,0.852,0,0
KCS.V,D,20171224,000000,0.8161,0.935,0.8001,0.9347,0,0
KCS.V,D,20171225,000000,0.9376,1.3,0.8746,1.28,0,0
KCS.V,D,20171226,000000,1.46,1.66,1.11,1.61,0,0
KCS.V,D,20171227,000000,1.57,2.43,1.53,2.42,0,0
KCS.V,D,20171228,000000,2.26,2.99,1.76,2.81,0,0
KCS.V,D,20171229,000000,2.81,3.6,2.53,3.17,0,0
KCS.V,D,20171230,000000,2.76,2.91,2.26,2.84,0,0
KCS.V,D,20171231,000000,3.14,3.61,2.97,3.61,0,0
KCS.V,D,20180101,000000,3.51,3.75,3.25,3.74,0,0
KCS.V,D,20180102,000000,4.1,7.8,3.97,7.27,0,0
KCS.V,D,20180103,000000,7.46,8.34,6.44,7.96,0,0
KCS.V,D,20180104,000000,7.97,7.98,5.77,6.53,0,0
KCS.V,D,20180105,000000,7.26,8.44,6.26,7.44,0,0
KCS.V,D,20180106,000000,7.53,15.42,7.37,13.36,0,0
KCS.V,D,20180107,000000,12.63,21.08,12.46,18.01,0,0
KCS.V,D,20180108,000000,17.07,18.68,13.7,17.72,0,0
KCS.V,D,20180109,000000,17.12,17.36,15.92,16.36,0,0
KCS.V,D,20180110,000000,16.89,21.93,16.46,20.56,0,0
KCS.V,D,20180111,000000,18.34,19.42,15.42,18.92,0,0
KCS.V,D,20180112,000000,19.68,20.76,18.44,18.96,0,0
KCS.V,D,20180113,000000,19.51,20.23,14.06,17.52,0,0
KCS.V,D,20180114,000000,16.78,17.77,13.64,14.18,0,0
KCS.V,D,20180115,000000,14.18,15.68,10.63,13.48,0,0
KCS.V,D,20180116,000000,11.16,12.41,8.19,10.15,0,0
KCS.V,D,20180117,000000,10.04,11.39,8.37,11.39,0,0
KCS.V,D,20180118,000000,11.4,12.63,9.57,10.06,0,0
KCS.V,D,20180119,000000,10.31,10.77,9.12,9.33,0,0
KCS.V,D,20180120,000000,10.35,11.89,10.06,11.31,0,0
KCS.V,D,20180121,000000,10.22,10.32,9.29,9.47,0,0
KCS.V,D,20180122,000000,8.87,9.03,7.92,8.3,0,0
KCS.V,D,20180123,000000,8.33,8.47,7.65,7.88,0,0
KCS.V,D,20180124,000000,8.29,8.52,7.33,7.69,0,0
KCS.V,D,20180125,000000,7.64,8.44,7.04,7.46,0,0
KCS.V,D,20180126,000000,7.46,7.81,6,7.38,0,0
KCS.V,D,20180127,000000,7.46,10.03,7.39,10,0,0
KCS.V,D,20180128,000000,10,12.32,9.42,10.62,0,0
KCS.V,D,20180129,000000,10.56,10.9,9.25,9.33,0,0
KCS.V,D,20180130,000000,9.33,9.55,7.58,8.31,0,0
KCS.V,D,20180131,000000,8.31,8.37,7,8.06,0,0
KCS.V,D,20180201,000000,8.06,8.43,6.6,7.26,0,0
KCS.V,D,20180202,000000,7.24,7.3,5.07,6.65,0,0
KCS.V,D,20180203,000000,6.65,8.09,6.17,7.69,0,0
KCS.V,D,20180204,000000,7.69,7.87,5.79,6.39,0,0
KCS.V,D,20180205,000000,6.4,6.4,4.11,4.61,0,0
KCS.V,D,20180206,000000,4.6,5.92,3.53,5.57,0,0
KCS.V,D,20180207,000000,5.57,6.6,4.91,5.71,0,0
KCS.V,D,20180208,000000,5.71,6.27,5.21,5.74,0,0
KCS.V,D,20180209,000000,5.74,6,5.41,5.84,0,0
KCS.V,D,20180210,000000,5.84,6.48,5.29,5.65,0,0
KCS.V,D,20180211,000000,5.64,5.72,5.07,5.31,0,0
KCS.V,D,20180212,000000,5.31,5.87,5.14,5.87,0,0
KCS.V,D,20180213,000000,5.88,5.91,5.34,5.56,0,0
KCS.V,D,20180214,000000,5.56,5.91,5.41,5.71,0,0
KCS.V,D,20180215,000000,5.71,6.3,5.63,5.93,0,0
KCS.V,D,20180216,000000,5.96,6.05,5.72,5.94,0,0
KCS.V,D,20180217,000000,5.94,6.03,5.61,5.79,0,0
KCS.V,D,20180218,000000,5.8,5.92,5.38,5.48,0,0
KCS.V,D,20180219,000000,5.48,5.67,4.49,5.18,0,0
KCS.V,D,20180220,000000,5.18,5.36,4.4,4.47,0,0
KCS.V,D,20180221,000000,4.45,4.8,4.22,4.4,0,0
KCS.V,D,20180222,000000,4.4,4.49,3.95,4.19,0,0
KCS.V,D,20180223,000000,4.19,4.69,4.07,4.63,0,0
KCS.V,D,20180224,000000,4.63,4.83,4.24,4.41,0,0
KCS.V,D,20180225,000000,4.41,4.78,4.24,4.6,0,0
KCS.V,D,20180226,000000,4.6,4.84,4.36,4.73,0,0
KCS.V,D,20180227,000000,4.73,4.73,4.38,4.45,0,0
KCS.V,D,20180228,000000,4.45,4.57,4.12,4.24,0,0
KCS.V,D,20180301,000000,4.24,4.31,4.12,4.27,0,0
KCS.V,D,20180302,000000,4.27,4.36,4.1,4.16,0,0
KCS.V,D,20180303,000000,4.16,4.31,3.59,3.63,0,0
KCS.V,D,20180304,000000,3.63,4.09,3.63,3.84,0,0
KCS.V,D,20180305,000000,3.84,3.9,3.66,3.68,0,0
KCS.V,D,20180306,000000,3.68,3.75,3.22,3.26,0,0
KCS.V,D,20180307,000000,3.25,3.45,2.89,3.16,0,0
KCS.V,D,20180308,000000,3.15,3.35,3,3.05,0,0
KCS.V,D,20180309,000000,3.05,3.16,2.8,3.12,0,0
KCS.V,D,20180310,000000,3.13,3.4,3.04,3.11,0,0
KCS.V,D,20180311,000000,3.11,3.44,2,3.21,0,0
KCS.V,D,20180312,000000,3.21,3.51,3.09,3.32,0,0
KCS.V,D,20180313,000000,3.32,3.44,3.18,3.3,0,0
KCS.V,D,20180314,000000,3.3,3.39,2,2.73,0,0
KCS.V,D,20180315,000000,2.73,2.82,2.26,2.63,0,0
KCS.V,D,20180316,000000,2.63,2.68,2.27,2.43,0,0
KCS.V,D,20180317,000000,2.43,2.46,2.08,2.24,0,0
KCS.V,D,20180318,000000,2.24,2.26,1.85,2.2,0,0
KCS.V,D,20180319,000000,2.21,2.83,2.2,2.63,0,0
KCS.V,D,20180320,000000,2.63,3.21,2.63,3.16,0,0
KCS.V,D,20180321,000000,3.16,3.24,2,2.88,0,0
KCS.V,D,20180322,000000,2.87,3.11,2.72,2.74,0,0
KCS.V,D,20180323,000000,2.74,2.86,2.59,2.85,0,0
KCS.V,D,20180324,000000,2.85,3.04,2,2.92,0,0
KCS.V,D,20180325,000000,2.92,3.03,2,3.02,0,0
KCS.V,D,20180326,000000,3.02,3.07,2,2.58,0,0
KCS.V,D,20180327,000000,2.58,2.81,2.57,2.63,0,0
KCS.V,D,20180328,000000,2.63,2.65,2.51,2.59,0,0
KCS.V,D,20180329,000000,2.59,2.63,2.24,2.31,0,0
KCS.V,D,20180330,000000,2.31,2.4,2.13,2.27,0,0
KCS.V,D,20180331,000000,2.27,2.38,2.19,2.29,0,0
KCS.V,D,20180401,000000,2.29,2.33,2.09,2.25,0,0
KCS.V,D,20180402,000000,2.25,2.34,2.2,2.26,0,0
KCS.V,D,20180403,000000,2.26,2.48,2.26,2.47,0,0
KCS.V,D,20180404,000000,2.47,2.53,2.24,2.28,0,0
KCS.V,D,20180405,000000,2.28,2.31,2.16,2.2,0,0
KCS.V,D,20180406,000000,2.2,2.24,2.04,2.08,0,0
KCS.V,D,20180407,000000,2.08,2.29,2.06,2.25,0,0
KCS.V,D,20180408,000000,2.25,2.45,2.18,2.36,0,0
KCS.V,D,20180409,000000,2.36,2.59,2.25,2.29,0,0
KCS.V,D,20180410,000000,2.29,2.51,2.26,2.49,0,0
KCS.V,D,20180411,000000,2.49,2.67,2.44,2.67,0,0
KCS.V,D,20180412,000000,2.67,3.23,2,3,0,0
KCS.V,D,20180413,000000,3,3.44,2.96,3.13,0,0
KCS.V,D,20180414,000000,3.13,3.33,3.03,3.17,0,0
KCS.V,D,20180415,000000,3.17,3.37,3.06,3.23,0,0
KCS.V,D,20180416,000000,3.23,3.36,3.07,3.11,0,0
KCS.V,D,20180417,000000,3.12,3.21,3.05,3.06,0,0
KCS.V,D,20180418,000000,3.06,3.16,3.01,3.11,0,0
KCS.V,D,20180419,000000,3.11,3.35,3.06,3.25,0,0
KCS.V,D,20180420,000000,3.25,3.41,3.22,3.37,0,0
KCS.V,D,20180421,000000,3.37,3.66,3.31,3.49,0,0
KCS.V,D,20180422,000000,3.49,4.41,3.44,4.26,0,0
KCS.V,D,20180423,000000,4.26,4.57,4.05,4.55,0,0
KCS.V,D,20180424,000000,4.55,5.17,4.55,5.09,0,0
KCS.V,D,20180425,000000,5.09,5.19,3.81,4.33,0,0
KCS.V,D,20180426,000000,4.33,4.48,4.09,4.43,0,0
KCS.V,D,20180427,000000,4.43,4.58,4.21,4.26,0,0
KCS.V,D,20180428,000000,4.26,4.49,4.22,4.44,0,0
KCS.V,D,20180429,000000,4.44,4.54,4.23,4.28,0,0
KCS.V,D,20180430,000000,4.28,4.41,4.02,4.04,0,0
KCS.V,D,20180501,000000,4.04,4.1,3.89,4.07,0,0
KCS.V,D,20180502,000000,4.07,4.09,3.85,4.06,0,0
KCS.V,D,20180503,000000,4.07,4.47,3.95,4.3,0,0
KCS.V,D,20180504,000000,4.3,4.75,4.3,4.73,0,0
KCS.V,D,20180505,000000,4.73,4.88,4.6,4.71,0,0
KCS.V,D,20180506,000000,4.71,4.76,4.33,4.4,0,0
KCS.V,D,20180507,000000,4.4,4.46,4.1,4.31,0,0
KCS.V,D,20180508,000000,4.31,4.39,4.17,4.31,0,0
KCS.V,D,20180509,000000,4.31,4.33,4.12,4.19,0,0
KCS.V,D,20180510,000000,4.2,4.28,4.1,4.18,0,0
KCS.V,D,20180511,000000,4.18,4.19,3.61,3.72,0,0
KCS.V,D,20180512,000000,3.72,3.94,3.66,3.72,0,0
KCS.V,D,20180513,000000,3.71,4,3.68,3.86,0,0
KCS.V,D,20180514,000000,3.86,3.95,3.63,3.75,0,0
KCS.V,D,20180515,000000,3.75,3.8,3.63,3.72,0,0
KCS.V,D,20180516,000000,3.72,3.75,3.51,3.66,0,0
KCS.V,D,20180517,000000,3.66,3.76,3.59,3.64,0,0
KCS.V,D,20180518,000000,3.65,4.01,3.47,3.94,0,0
KCS.V,D,20180519,000000,3.94,4.51,3.87,3.88,0,0
KCS.V,D,20180520,000000,3.88,3.91,3.64,3.84,0,0
KCS.V,D,20180521,000000,3.84,3.97,3.72,3.77,0,0
KCS.V,D,20180522,000000,3.75,3.92,3.48,3.51,0,0
KCS.V,D,20180523,000000,3.51,3.54,3.02,3.19,0,0
KCS.V,D,20180524,000000,3.19,3.3,3.01,3.21,0,0
KCS.V,D,20180525,000000,3.21,3.23,3.06,3.1,0,0
KCS.V,D,20180526,000000,3.08,3.19,3.02,3.13,0,0
KCS.V,D,20180527,000000,3.13,3.17,2.97,3.08,0,0
KCS.V,D,20180528,000000,3.08,3.14,2.8,2.82,0,0
KCS.V,D,20180529,000000,2.82,3.05,2.75,3.04,0,0
KCS.V,D,20180530,000000,3.04,3.04,2.86,2.89,0,0
KCS.V,D,20180531,000000,2.89,3.15,2.88,3.13,0,0
KCS.V,D,20180601,000000,3.13,3.15,3,3.03,0,0
KCS.V,D,20180602,000000,3.03,3.3,3.03,3.19,0,0
KCS.V,D,20180603,000000,3.19,3.25,3.13,3.2,0,0
KCS.V,D,20180604,000000,3.16,3.21,2.91,2.94,0,0
KCS.V,D,20180605,000000,2.94,3.09,2.85,3.05,0,0
KCS.V,D,20180606,000000,3.05,3.14,3.03,3.11,0,0
KCS.V,D,20180607,000000,3.11,3.18,2.98,3.06,0,0
KCS.V,D,20180608,000000,3.06,3.06,2.69,2.7,0,0
KCS.V,D,20180609,000000,2.7,2.91,2.63,2.81,0,0
KCS.V,D,20180610,000000,2.81,2.82,2.34,2.37,0,0
KCS.V,D,20180611,000000,2.37,2.55,2.32,2.46,0,0
KCS.V,D,20180612,000000,2.46,2.52,2.32,2.34,0,0
KCS.V,D,20180613,000000,2.34,2.41,2.17,2.24,0,0
KCS.V,D,20180614,000000,2.23,2.58,2.23,2.56,0,0
KCS.V,D,20180615,000000,2.56,2.61,2.45,2.48,0,0
KCS.V,D,20180616,000000,2.48,2.54,2.43,2.49,0,0
KCS.V,D,20180617,000000,2.49,2.56,2.48,2.5,0,0
KCS.V,D,20180618,000000,2.5,2.62,2.42,2.6,0,0
KCS.V,D,20180619,000000,2.6,2.61,2.53,2.59,0,0
KCS.V,D,20180620,000000,2.59,2.6,2.48,2.57,0,0
KCS.V,D,20180621,000000,2.57,2.81,2.57,2.76,0,0
KCS.V,D,20180622,000000,2.75,2.78,2.35,2.38,0,0
KCS.V,D,20180623,000000,2.38,2.48,2.35,2.42,0,0
KCS.V,D,20180624,000000,2.42,2.45,2.05,2.28,0,0
KCS.V,D,20180625,000000,2.28,2.28,2.08,2.27,0,0
KCS.V,D,20180626,000000,2.27,2.3,2.18,2.23,0,0
KCS.V,D,20180627,000000,2.23,2.23,2.09,2.12,0,0
KCS.V,D,20180628,000000,2.12,2.18,1.92,1.93,0,0
KCS.V,D,20180629,000000,1.93,1.96,1.73,1.8,0,0
KCS.V,D,20180630,000000,1.8,2.06,1.78,1.98,0,0
KCS.V,D,20180701,000000,1.98,2.05,1.93,1.98,0,0
KCS.V,D,20180702,000000,1.98,2.52,1.78,2.4,0,0
KCS.V,D,20180703,000000,2.4,2.45,2.37,2.43,0,0
KCS.V,D,20180704,000000,2.43,2.57,2.34,2.53,0,0
KCS.V,D,20180705,000000,2.53,2.66,2.47,2.61,0,0
KCS.V,D,20180706,000000,2.61,2.69,2.54,2.66,0,0
KCS.V,D,20180707,000000,2.66,2.7,2.61,2.69,0,0
KCS.V,D,20180708,000000,2.69,2.88,2.68,2.87,0,0
KCS.V,D,20180709,000000,2.87,2.96,2.85,2.96,0,0
KCS.V,D,20180710,000000,2.96,3.43,2.8,3.29,0,0
KCS.V,D,20180711,000000,3.27,3.42,2.98,3.34,0,0
KCS.V,D,20180712,000000,3.34,3.58,3.12,3.36,0,0
KCS.V,D,20180713,000000,3.36,3.37,3.19,3.24,0,0
KCS.V,D,20180714,000000,3.24,3.27,3.17,3.2,0,0
KCS.V,D,20180715,000000,3.2,3.21,2.93,3.03,0,0
KCS.V,D,20180716,000000,3.03,3.14,2.66,3.14,0,0
KCS.V,D,20180717,000000,3.14,3.28,2.91,3.21,0,0
KCS.V,D,20180718,000000,3.2,3.23,2.95,2.98,0,0
KCS.V,D,20180719,000000,2.98,3.07,2.92,3,0,0
KCS.V,D,20180720,000000,3,3.04,2.73,2.73,0,0
KCS.V,D,20180721,000000,2.73,2.94,2.69,2.87,0,0
KCS.V,D,20180722,000000,2.87,2.92,2.75,2.8,0,0
KCS.V,D,20180723,000000,2.8,2.85,2.68,2.74,0,0
KCS.V,D,20180724,000000,2.74,2.83,2.68,2.72,0,0
KCS.V,D,20180725,000000,2.72,2.86,2.7,2.83,0,0
KCS.V,D,20180726,000000,2.83,2.87,2.71,2.77,0,0
KCS.V,D,20180727,000000,2.77,2.84,2.69,2.82,0,0
KCS.V,D,20180728,000000,2.82,2.84,2.77,2.77,0,0
KCS.V,D,20180729,000000,2.77,2.84,2.74,2.79,0,0
KCS.V,D,20180730,000000,2.79,2.81,2.57,2.66,0,0
KCS.V,D,20180731,000000,2.66,2.7,2.44,2.48,0,0
KCS.V,D,20180801,000000,2.48,2.67,2.38,2.54,0,0
KCS.V,D,20180802,000000,2.52,2.6,2.31,2.33,0,0
KCS.V,D,20180803,000000,2.33,2.46,2.2,2.42,0,0
KCS.V,D,20180804,000000,2.42,2.44,2.23,2.28,0,0
KCS.V,D,20180805,000000,2.28,2.3,2.21,2.28,0,0
KCS.V,D,20180806,000000,2.28,2.33,2.22,2.22,0,0
KCS.V,D,20180807,000000,2.22,2.35,2.11,2.15,0,0
KCS.V,D,20180808,000000,2.15,2.17,1.97,1.98,0,0
KCS.V,D,20180809,000000,1.99,2.1,1.95,2.07,0,0
KCS.V,D,20180810,000000,2.07,2.08,1.81,1.83,0,0
KCS.V,D,20180811,000000,1.83,1.87,1.65,1.8,0,0
KCS.V,D,20180812,000000,1.8,1.8,1.6,1.68,0,0
KCS.V,D,20180813,000000,1.68,1.69,1.39,1.42,0,0
KCS.V,D,20180814,000000,1.42,1.43,1.16,1.29,0,0
KCS.V,D,20180815,000000,1.29,1.43,1.28,1.38,0,0
KCS.V,D,20180816,000000,1.38,1.39,1.25,1.27,0,0
KCS.V,D,20180817,000000,1.27,1.52,1.19,1.51,0,0
KCS.V,D,20180818,000000,1.51,1.61,1.38,1.46,0,0
KCS.V,D,20180819,000000,1.46,1.54,1.46,1.53,0,0
KCS.V,D,20180820,000000,1.53,1.6,1.49,1.49,0,0
KCS.V,D,20180821,000000,1.49,1.5,1.34,1.37,0,0
KCS.V,D,20180822,000000,1.37,1.5,1.32,1.34,0,0
KCS.V,D,20180823,000000,1.34,1.39,1.31,1.38,0,0
KCS.V,D,20180824,000000,1.38,1.39,1.33,1.39,0,0
KCS.V,D,20180825,000000,1.39,1.43,1.35,1.37,0,0
KCS.V,D,20180826,000000,1.37,1.39,1.33,1.34,0,0
KCS.V,D,20180827,000000,1.34,1.39,1.33,1.36,0,0
KCS.V,D,20180828,000000,1.36,1.56,1.36,1.53,0,0
KCS.V,D,20180829,000000,1.52,1.59,1.46,1.48,0,0
KCS.V,D,20180830,000000,1.48,1.48,1.36,1.41,0,0
KCS.V,D,20180831,000000,1.41,1.43,1.38,1.4,0,0
KCS.V,D,20180901,000000,1.4,1.5,1.4,1.47,0,0
KCS.V,D,20180902,000000,1.47,1.49,1.43,1.46,0,0
KCS.V,D,20180903,000000,1.46,1.5,1.45,1.5,0,0
KCS.V,D,20180904,000000,1.5,1.54,1.47,1.51,0,0
KCS.V,D,20180905,000000,1.51,1.53,1.32,1.34,0,0
KCS.V,D,20180906,000000,1.34,1.35,1.18,1.24,0,0
KCS.V,D,20180907,000000,1.24,1.3,1.2,1.23,0,0
KCS.V,D,20180908,000000,1.23,1.24,1.13,1.16,0,0
KCS.V,D,20180909,000000,1.16,1.2,1.13,1.19,0,0
KCS.V,D,20180910,000000,1.18,1.22,1.1,1.15,0,0
KCS.V,D,20180911,000000,1.15,1.15,1.03,1.08,0,0
KCS.V,D,20180912,000000,1.08,1.09,0.9921,1.06,0,0
KCS.V,D,20180913,000000,1.05,1.16,1.05,1.08,0,0
KCS.V,D,20180914,000000,1.08,1.15,1.06,1.08,0,0
KCS.V,D,20180915,000000,1.09,1.16,1.06,1.13,0,0
KCS.V,D,20180916,000000,1.13,1.16,1.09,1.12,0,0
KCS.V,D,20180917,000000,1.12,1.14,1.02,1.03,0,0
KCS.V,D,20180918,000000,1.03,1.09,1.01,1.05,0,0
KCS.V,D,20180919,000000,1.05,1.09,1.02,1.08,0,0
KCS.V,D,20180920,000000,1.08,1.13,1.07,1.1,0,0
KCS.V,D,20180921,000000,1.1,1.18,1.09,1.16,0,0
KCS.V,D,20180922,000000,1.17,1.22,1.13,1.14,0,0
KCS.V,D,20180923,000000,1.14,1.21,1.13,1.19,0,0
KCS.V,D,20180924,000000,1.19,1.2,1.12,1.17,0,0
KCS.V,D,20180925,000000,1.17,1.19,1.09,1.15,0,0
KCS.V,D,20180926,000000,1.15,1.2,1.11,1.18,0,0
KCS.V,D,20180927,000000,1.18,1.33,1.17,1.32,0,0
KCS.V,D,20180928,000000,1.32,1.35,1.24,1.26,0,0
KCS.V,D,20180929,000000,1.26,1.3,1.21,1.3,0,0
KCS.V,D,20180930,000000,1.3,1.32,1.26,1.29,0,0
KCS.V,D,20181001,000000,1.3,1.33,1.25,1.28,0,0
KCS.V,D,20181002,000000,1.28,1.3,1.21,1.23,0,0
KCS.V,D,20181003,000000,1.24,1.25,1.17,1.18,0,0
KCS.V,D,20181004,000000,1.17,1.24,1.17,1.19,0,0
KCS.V,D,20181005,000000,1.19,1.21,1.18,1.2,0,0
KCS.V,D,20181006,000000,1.2,1.23,1.18,1.19,0,0
KCS.V,D,20181007,000000,1.19,1.2,1.16,1.17,0,0
KCS.V,D,20181008,000000,1.17,1.19,1.14,1.15,0,0
KCS.V,D,20181009,000000,1.15,1.16,1.1,1.1,0,0
KCS.V,D,20181010,000000,1.1,1.17,1.09,1.13,0,0
KCS.V,D,20181011,000000,1.13,1.14,0.9928,1.03,0,0
KCS.V,D,20181012,000000,1.03,1.04,0.981,1.02,0,0
KCS.V,D,20181013,000000,1.02,1.05,1.01,1.04,0,0
KCS.V,D,20181014,000000,1.04,1.07,1.02,1.03,0,0
KCS.V,D,20181015,000000,1.03,1.18,1.01,1.13,0,0
KCS.V,D,20181016,000000,1.13,1.16,1.12,1.14,0,0
KCS.V,D,20181017,000000,1.14,1.15,1.12,1.14,0,0
KCS.V,D,20181018,000000,1.14,1.15,1.07,1.08,0,0
KCS.V,D,20181019,000000,1.08,1.1,1.07,1.08,0,0
KCS.V,D,20181020,000000,1.08,1.1,1.07,1.08,0,0
KCS.V,D,20181021,000000,1.08,1.13,1.08,1.11,0,0
KCS.V,D,20181022,000000,1.11,1.12,1.09,1.09,0,0
KCS.V,D,20181023,000000,1.09,1.11,1.06,1.08,0,0
KCS.V,D,20181024,000000,1.08,1.1,1.06,1.08,0,0
KCS.V,D,20181025,000000,1.08,1.1,1.07,1.09,0,0
KCS.V,D,20181026,000000,1.09,1.11,1.08,1.1,0,0
KCS.V,D,20181027,000000,1.1,1.13,1.09,1.12,0,0
KCS.V,D,20181028,000000,1.12,1.12,1.1,1.11,0,0
KCS.V,D,20181029,000000,1.11,1.12,1.06,1.06,0,0
KCS.V,D,20181030,000000,1.06,1.08,1.06,1.07,0,0
KCS.V,D,20181031,000000,1.07,1.09,1.05,1.08,0,0
KCS.V,D,20181101,000000,1.08,1.1,1.07,1.1,0,0
KCS.V,D,20181102,000000,1.1,1.11,1.09,1.1,0,0
KCS.V,D,20181103,000000,1.1,1.12,1.09,1.11,0,0
KCS.V,D,20181104,000000,1.11,1.18,1.08,1.13,0,0
KCS.V,D,20181105,000000,1.13,1.15,1.09,1.13,0,0
KCS.V,D,20181106,000000,1.13,1.14,1.11,1.13,0,0
KCS.V,D,20181107,000000,1.13,1.15,1.1,1.12,0,0
KCS.V,D,20181108,000000,1.12,1.12,1.08,1.09,0,0
KCS.V,D,20181109,000000,1.09,1.16,1.07,1.14,0,0
KCS.V,D,20181110,000000,1.14,1.16,1.12,1.13,0,0
KCS.V,D,20181111,000000,1.13,1.14,1.1,1.11,0,0
KCS.V,D,20181112,000000,1.11,1.12,1.09,1.1,0,0
KCS.V,D,20181113,000000,1.1,1.11,1.08,1.1,0,0
KCS.V,D,20181114,000000,1.1,1.11,0.958,0.9751,0,0
KCS.V,D,20181115,000000,0.9729,1.01,0.9288,0.9731,0,0
KCS.V,D,20181116,000000,0.9731,1,0.9564,0.9737,0,0
KCS.V,D,20181117,000000,0.9737,0.9909,0.9632,0.9735,0,0
KCS.V,D,20181118,000000,0.9731,1,0.9726,0.9859,0,0
KCS.V,D,20181119,000000,0.986,0.9952,0.8306,0.851,0,0
KCS.V,D,20181120,000000,0.8395,0.8603,0.6593,0.685,0,0
KCS.V,D,20181121,000000,0.685,0.7522,0.6723,0.7331,0,0
KCS.V,D,20181122,000000,0.733,0.751,0.677,0.6774,0,0
KCS.V,D,20181123,000000,0.6774,0.6813,0.6325,0.6634,0,0
KCS.V,D,20181124,000000,0.6633,0.6742,0.5693,0.5805,0,0
KCS.V,D,20181125,000000,0.5787,0.6416,0.5244,0.6155,0,0
KCS.V,D,20181126,000000,0.6151,0.6352,0.5326,0.5575,0,0
KCS.V,D,20181127,000000,0.5576,0.5854,0.5413,0.5786,0,0
KCS.V,D,20181128,000000,0.5786,0.6681,0.5673,0.6488,0,0
KCS.V,D,20181129,000000,0.6488,0.6585,0.6192,0.6397,0,0
KCS.V,D,20181130,000000,0.6397,0.6523,0.5807,0.5896,0,0
KCS.V,D,20181201,000000,0.5901,0.6295,0.5806,0.6212,0,0
KCS.V,D,20181202,000000,0.6212,0.6429,0.6062,0.6141,0,0
KCS.V,D,20181203,000000,0.6141,0.6161,0.5586,0.5777,0,0
KCS.V,D,20181204,000000,0.5777,0.6055,0.5652,0.5905,0,0
KCS.V,D,20181205,000000,0.5906,0.5957,0.5498,0.5539,0,0
KCS.V,D,20181206,000000,0.554,0.5675,0.5237,0.5258,0,0
KCS.V,D,20181207,000000,0.5258,0.5374,0.4753,0.5111,0,0
KCS.V,D,20181208,000000,0.5114,0.5289,0.4791,0.5224,0,0
KCS.V,D,20181209,000000,0.524,0.5501,0.4882,0.5168,0,0
KCS.V,D,20181210,000000,0.5168,0.5303,0.4609,0.4775,0,0
KCS.V,D,20181211,000000,0.4775,0.4813,0.4583,0.47,0,0
KCS.V,D,20181212,000000,0.47,0.4951,0.463,0.4815,0,0
KCS.V,D,20181213,000000,0.4816,0.5061,0.4688,0.481,0,0
KCS.V,D,20181214,000000,0.481,0.4851,0.4531,0.4756,0,0
KCS.V,D,20181215,000000,0.4757,0.4815,0.4607,0.4743,0,0
KCS.V,D,20181216,000000,0.4746,0.4977,0.4706,0.4884,0,0
KCS.V,D,20181217,000000,0.4885,0.5481,0.4844,0.5286,0,0
KCS.V,D,20181218,000000,0.5286,0.546,0.5067,0.5434,0,0
KCS.V,D,20181219,000000,0.5428,0.6119,0.5428,0.5734,0,0
KCS.V,D,20181220,000000,0.5734,0.6473,0.5657,0.6406,0,0
KCS.V,D,20181221,000000,0.6407,0.6619,0.5892,0.5942,0,0
KCS.V,D,20181222,000000,0.5942,0.6138,0.5857,0.6064,0,0
KCS.V,D,20181223,000000,0.6064,0.6802,0.6047,0.6718,0,0
KCS.V,D,20181224,000000,0.671,0.7448,0.6615,0.6822,0,0
KCS.V,D,20181225,000000,0.6822,0.6868,0.5755,0.6243,0,0
KCS.V,D,20181226,000000,0.6243,0.6519,0.5797,0.6358,0,0
KCS.V,D,20181227,000000,0.6358,0.6447,0.5948,0.5994,0,0
KCS.V,D,20181228,000000,0.5994,0.6648,0.5897,0.6486,0,0
KCS.V,D,20181229,000000,0.6484,0.6699,0.6219,0.6521,0,0
KCS.V,D,20181230,000000,0.652,0.6628,0.6054,0.6353,0,0
KCS.V,D,20181231,000000,0.6355,0.6431,0.6074,0.6228,0,0
KCS.V,D,20190101,000000,0.6197,0.6416,0.6034,0.6374,0,0
KCS.V,D,20190102,000000,0.6374,0.6656,0.6336,0.6593,0,0
KCS.V,D,20190103,000000,0.6593,0.6708,0.6129,0.6214,0,0
KCS.V,D,20190104,000000,0.6214,0.6214,0.5543,0.6085,0,0
KCS.V,D,20190105,000000,0.6085,0.6245,0.5916,0.6019,0,0
KCS.V,D,20190106,000000,0.6018,0.6317,0.5778,0.6066,0,0
KCS.V,D,20190107,000000,0.6066,0.627,0.5832,0.5999,0,0
KCS.V,D,20190108,000000,0.5998,0.6171,0.5784,0.6017,0,0
KCS.V,D,20190109,000000,0.6016,0.6327,0.5821,0.5893,0,0
KCS.V,D,20190110,000000,0.5893,0.594,0.4952,0.5089,0,0
KCS.V,D,20190111,000000,0.5089,0.5162,0.4902,0.5,0,0
KCS.V,D,20190112,000000,0.5004,0.5194,0.4966,0.5082,0,0
KCS.V,D,20190113,000000,0.5081,0.5132,0.4844,0.4948,0,0
KCS.V,D,20190114,000000,0.4948,0.5147,0.4774,0.5084,0,0
KCS.V,D,20190115,000000,0.5085,0.516,0.4798,0.4874,0,0
KCS.V,D,20190116,000000,0.4874,0.4978,0.4716,0.4816,0,0
KCS.V,D,20190117,000000,0.4816,0.4856,0.4545,0.4732,0,0
KCS.V,D,20190118,000000,0.473,0.4765,0.4467,0.465,0,0
KCS.V,D,20190119,000000,0.4646,0.4781,0.4587,0.468,0,0
KCS.V,D,20190120,000000,0.4678,0.4711,0.4275,0.4443,0,0
KCS.V,D,20190121,000000,0.4443,0.4492,0.4309,0.4427,0,0
KCS.V,D,20190122,000000,0.4427,0.4493,0.4148,0.4364,0,0
KCS.V,D,20190123,000000,0.4364,0.4453,0.4227,0.4298,0,0
KCS.V,D,20190124,000000,0.4298,0.4307,0.3918,0.409,0,0
KCS.V,D,20190125,000000,0.409,0.4117,0.3988,0.4074,0,0
KCS.V,D,20190126,000000,0.4073,0.4195,0.4025,0.4094,0,0
KCS.V,D,20190127,000000,0.4094,0.4114,0.3946,0.4049,0,0
KCS.V,D,20190128,000000,0.3996,0.4086,0.3603,0.3706,0,0
KCS.V,D,20190129,000000,0.3706,0.3762,0.3421,0.3579,0,0
KCS.V,D,20190130,000000,0.3579,0.3725,0.3536,0.3688,0,0
KCS.V,D,20190131,000000,0.3688,0.3741,0.3321,0.3576,0,0
KCS.V,D,20190201,000000,0.3576,0.3672,0.3353,0.3672,0,0
KCS.V,D,20190202,000000,0.3672,0.3736,0.3517,0.3685,0,0
KCS.V,D,20190203,000000,0.3685,0.3792,0.3517,0.3647,0,0
KCS.V,D,20190204,000000,0.3648,0.3742,0.3559,0.3567,0,0
KCS.V,D,20190205,000000,0.3567,0.3636,0.35,0.3526,0,0
KCS.V,D,20190206,000000,0.3526,0.357,0.3362,0.3464,0,0
KCS.V,D,20190207,000000,0.3464,0.3553,0.3422,0.3499,0,0
KCS.V,D,20190208,000000,0.3499,0.375,0.3381,0.367,0,0
KCS.V,D,20190209,000000,0.3672,0.3767,0.3618,0.3751,0,0
KCS.V,D,20190210,000000,0.3751,0.3789,0.3578,0.3689,0,0
KCS.V,D,20190211,000000,0.3689,0.3811,0.3548,0.3612,0,0
KCS.V,D,20190212,000000,0.3612,0.3743,0.3371,0.349,0,0
KCS.V,D,20190213,000000,0.349,0.3563,0.3376,0.3545,0,0
KCS.V,D,20190214,000000,0.3545,0.3634,0.3403,0.3528,0,0
KCS.V,D,20190215,000000,0.3528,0.3711,0.3489,0.3649,0,0
KCS.V,D,20190216,000000,0.3649,0.3735,0.3539,0.3715,0,0
KCS.V,D,20190217,000000,0.3715,0.4369,0.3696,0.4363,0,0
KCS.V,D,20190218,000000,0.4363,0.4949,0.4298,0.4787,0,0
KCS.V,D,20190219,000000,0.4789,1.38,0.4782,0.5002,0,0
KCS.V,D,20190220,000000,0.5003,0.5003,0.4574,0.468,0,0
KCS.V,D,20190221,000000,0.4683,0.481,0.4399,0.4633,0,0
KCS.V,D,20190222,000000,0.4633,0.471,0.4552,0.4687,0,0
KCS.V,D,20190223,000000,0.4687,0.5047,0.4563,0.4939,0,0
KCS.V,D,20190224,000000,0.4939,0.4986,0.4406,0.4584,0,0
KCS.V,D,20190225,000000,0.4584,0.4651,0.4321,0.4472,0,0
KCS.V,D,20190226,000000,0.4472,0.453,0.4374,0.4419,0,0
KCS.V,D,20190227,000000,0.4418,0.4578,0.4364,0.4497,0,0
KCS.V,D,20190228,000000,0.4497,0.4614,0.4273,0.4425,0,0
KCS.V,D,20190301,000000,0.4425,0.4824,0.4402,0.4719,0,0
KCS.V,D,20190302,000000,0.4718,0.479,0.4562,0.4704,0,0
KCS.V,D,20190303,000000,0.4704,0.4761,0.4576,0.4648,0,0
KCS.V,D,20190304,000000,0.4648,0.4818,0.4505,0.4683,0,0
KCS.V,D,20190305,000000,0.4683,0.4858,0.4631,0.4799,0,0
KCS.V,D,20190306,000000,0.4798,0.5047,0.4797,0.4918,0,0
KCS.V,D,20190307,000000,0.4918,0.6026,0.4913,0.5973,0,0
KCS.V,D,20190308,000000,0.5974,0.6069,0.5353,0.5531,0,0
KCS.V,D,20190309,000000,0.5531,0.5837,0.5459,0.5698,0,0
KCS.V,D,20190310,000000,0.5698,0.5772,0.514,0.524,0,0
KCS.V,D,20190311,000000,0.5239,0.5899,0.5195,0.5832,0,0
KCS.V,D,20190312,000000,0.5832,0.6291,0.5505,0.6251,0,0
KCS.V,D,20190313,000000,0.6251,0.7246,0.6199,0.7204,0,0
KCS.V,D,20190314,000000,0.7204,0.7222,0.6472,0.6903,0,0
KCS.V,D,20190315,000000,0.6902,0.7975,0.6885,0.787,0,0
KCS.V,D,20190316,000000,0.787,0.8163,0.7549,0.802,0,0
KCS.V,D,20190317,000000,0.802,0.8116,0.7552,0.8055,0,0
KCS.V,D,20190318,000000,0.8054,0.8653,0.7924,0.8615,0,0
KCS.V,D,20190319,000000,0.8616,0.9806,0.8613,0.9429,0,0
KCS.V,D,20190320,000000,0.9428,1.09,0.9256,1.09,0,0
KCS.V,D,20190321,000000,1.09,1.14,0.9813,1.11,0,0
KCS.V,D,20190322,000000,1.11,1.18,0.9981,1.17,0,0
KCS.V,D,20190323,000000,1.17,1.18,1.09,1.09,0,0
KCS.V,D,20190324,000000,1.09,1.25,1.04,1.23,0,0
KCS.V,D,20190325,000000,1.23,1.45,1.22,1.4,0,0
KCS.V,D,20190326,000000,1.4,1.4,1.25,1.35,0,0
KCS.V,D,20190327,000000,1.35,1.36,1.26,1.33,0,0
KCS.V,D,20190328,000000,1.33,1.36,1.3,1.34,0,0
KCS.V,D,20190329,000000,1.34,1.62,1.34,1.57,0,0
KCS.V,D,20190330,000000,1.57,1.75,1.57,1.71,0,0
KCS.V,D,20190331,000000,1.71,1.73,1.62,1.66,0,0
KCS.V,D,20190401,000000,1.66,1.77,1.64,1.77,0,0
KCS.V,D,20190402,000000,1.77,2.08,1.76,2.04,0,0
KCS.V,D,20190403,000000,2.03,2.54,1.71,1.79,0,0
KCS.V,D,20190404,000000,1.79,1.85,1.46,1.56,0,0
KCS.V,D,20190405,000000,1.56,1.66,1.52,1.55,0,0
KCS.V,D,20190406,000000,1.55,1.58,1.3,1.36,0,0
KCS.V,D,20190407,000000,1.36,1.5,1.35,1.42,0,0
KCS.V,D,20190408,000000,1.42,1.49,1.34,1.35,0,0
KCS.V,D,20190409,000000,1.35,1.35,1.05,1.13,0,0
KCS.V,D,20190410,000000,1.13,1.2,1.09,1.16,0,0
KCS.V,D,20190411,000000,1.16,1.19,1.01,1.05,0,0
KCS.V,D,20190412,000000,1.05,1.06,1.01,1.02,0,0
KCS.V,D,20190413,000000,1.02,1.15,1.01,1.14,0,0
KCS.V,D,20190414,000000,1.14,1.2,1.12,1.19,0,0
KCS.V,D,20190415,000000,1.19,1.2,1.12,1.12,0,0
KCS.V,D,20190416,000000,1.12,1.2,1.11,1.2,0,0
KCS.V,D,20190417,000000,1.2,1.23,1.19,1.23,0,0
KCS.V,D,20190418,000000,1.23,1.29,1.21,1.28,0,0
KCS.V,D,20190419,000000,1.28,1.29,1.24,1.24,0,0
KCS.V,D,20190420,000000,1.24,1.29,1.24,1.25,0,0
KCS.V,D,20190421,000000,1.25,1.27,1.18,1.18,0,0
KCS.V,D,20190422,000000,1.18,1.2,1.17,1.18,0,0
KCS.V,D,20190423,000000,1.18,1.29,1.17,1.25,0,0
KCS.V,D,20190424,000000,1.25,1.25,1.16,1.18,0,0
KCS.V,D,20190425,000000,1.18,1.29,1.17,1.24,0,0
KCS.V,D,20190426,000000,1.24,1.24,1.13,1.14,0,0
KCS.V,D,20190427,000000,1.14,1.21,1.14,1.16,0,0
KCS.V,D,20190428,000000,1.16,1.17,1.13,1.15,0,0
KCS.V,D,20190429,000000,1.15,1.23,1.14,1.2,0,0
KCS.V,D,20190430,000000,1.2,1.21,1.15,1.18,0,0
KCS.V,D,20190501,000000,1.18,1.2,1.16,1.17,0,0
KCS.V,D,20190502,000000,1.17,1.2,1.16,1.17,0,0
KCS.V,D,20190503,000000,1.17,1.24,1.17,1.2,0,0
KCS.V,D,20190504,000000,1.2,1.22,1.14,1.18,0,0
KCS.V,D,20190505,000000,1.18,1.2,1.15,1.17,0,0
KCS.V,D,20190506,000000,1.17,1.18,1.07,1.1,0,0
KCS.V,D,20190507,000000,1.1,1.16,1.08,1.11,0,0
KCS.V,D,20190508,000000,1.11,1.11,1.03,1.06,0,0
KCS.V,D,20190509,000000,1.06,1.08,0.9901,0.9979,0,0
KCS.V,D,20190510,000000,0.9982,1.12,0.9666,1.03,0,0
KCS.V,D,20190511,000000,1.03,1.09,1.02,1.04,0,0
KCS.V,D,20190512,000000,1.04,1.11,0.9803,1.01,0,0
KCS.V,D,20190513,000000,1.01,1.13,0.9838,1.02,0,0
KCS.V,D,20190514,000000,1.02,1.05,0.9087,0.9383,0,0
KCS.V,D,20190515,000000,0.9384,1.09,0.8918,1.01,0,0
KCS.V,D,20190516,000000,1.01,1.09,1,1.04,0,0
KCS.V,D,20190517,000000,1.04,1.07,0.9369,1.01,0,0
KCS.V,D,20190518,000000,1.01,1.03,0.9894,1.01,0,0
KCS.V,D,20190519,000000,1.01,1.06,1,1.06,0,0
KCS.V,D,20190520,000000,1.06,1.06,1.01,1.04,0,0
KCS.V,D,20190521,000000,1.04,1.1,1.01,1.08,0,0
KCS.V,D,20190522,000000,1.08,1.09,1.02,1.02,0,0
KCS.V,D,20190523,000000,1.02,1.07,1.01,1.05,0,0
KCS.V,D,20190524,000000,1.05,1.11,1.04,1.07,0,0
KCS.V,D,20190525,000000,1.07,1.11,1.06,1.09,0,0
KCS.V,D,20190526,000000,1.09,1.13,1.09,1.1,0,0
KCS.V,D,20190527,000000,1.1,1.12,1.05,1.1,0,0
KCS.V,D,20190528,000000,1.1,1.15,1.07,1.14,0,0
KCS.V,D,20190529,000000,1.14,1.15,1.12,1.14,0,0
KCS.V,D,20190530,000000,1.14,1.2,1.06,1.08,0,0
KCS.V,D,20190531,000000,1.08,1.18,1.07,1.17,0,0
KCS.V,D,20190601,000000,1.17,1.22,1.12,1.13,0,0
KCS.V,D,20190602,000000,1.13,1.23,1.11,1.17,0,0
KCS.V,D,20190603,000000,1.17,1.25,1.15,1.18,0,0
KCS.V,D,20190604,000000,1.18,1.18,1.04,1.1,0,0
KCS.V,D,20190605,000000,1.1,1.19,1.09,1.14,0,0
KCS.V,D,20190606,000000,1.14,1.17,1.08,1.1,0,0
KCS.V,D,20190607,000000,1.1,1.2,1.09,1.19,0,0
KCS.V,D,20190608,000000,1.19,1.2,1.13,1.14,0,0
KCS.V,D,20190609,000000,1.14,1.17,1.09,1.09,0,0
KCS.V,D,20190610,000000,1.09,1.096,1.05,1.088,0,0
KCS.V,D,20190611,000000,1.088,1.13,1.079,1.121,0,0
KCS.V,D,20190612,000000,1.121,1.311,1.116,1.25,0,0
KCS.V,D,20190613,000000,1.25,1.323,1.201,1.266,0,0
KCS.V,D,20190614,000000,1.266,1.511,1.245,1.501,0,0
KCS.V,D,20190615,000000,1.502,1.639,1.487,1.632,0,0
KCS.V,D,20190616,000000,1.632,1.777,1.478,1.63,0,0
KCS.V,D,20190617,000000,1.63,1.755,1.593,1.619,0,0
KCS.V,D,20190618,000000,1.619,1.67,1.536,1.569,0,0
KCS.V,D,20190619,000000,1.57,1.757,1.563,1.703,0,0
KCS.V,D,20190620,000000,1.703,1.82,1.684,1.705,0,0
KCS.V,D,20190621,000000,1.705,1.87,1.704,1.802,0,0
KCS.V,D,20190622,000000,1.802,2.058,1.77,1.857,0,0
KCS.V,D,20190623,000000,1.856,1.916,1.645,1.694,0,0
KCS.V,D,20190624,000000,1.693,1.812,1.605,1.699,0,0
KCS.V,D,20190625,000000,1.699,1.798,1.573,1.645,0,0
KCS.V,D,20190626,000000,1.644,1.759,1.451,1.527,0,0
KCS.V,D,20190627,000000,1.529,1.713,1.378,1.454,0,0
KCS.V,D,20190628,000000,1.454,1.563,1.439,1.532,0,0
KCS.V,D,20190629,000000,1.532,1.708,1.441,1.677,0,0
KCS.V,D,20190630,000000,1.678,1.724,1.592,1.644,0,0
KCS.V,D,20190701,000000,1.643,1.675,1.554,1.622,0,0
KCS.V,D,20190702,000000,1.62,1.636,1.458,1.581,0,0
KCS.V,D,20190703,000000,1.58,1.628,1.546,1.597,0,0
KCS.V,D,20190704,000000,1.597,1.598,1.464,1.492,0,0
KCS.V,D,20190705,000000,1.492,1.563,1.404,1.471,0,0
KCS.V,D,20190706,000000,1.471,1.591,1.465,1.548,0,0
KCS.V,D,20190707,000000,1.548,1.587,1.53,1.562,0,0
KCS.V,D,20190708,000000,1.563,1.679,1.549,1.661,0,0
KCS.V,D,20190709,000000,1.661,1.709,1.589,1.613,0,0
KCS.V,D,20190710,000000,1.613,1.805,1.552,1.583,0,0
KCS.V,D,20190711,000000,1.583,1.633,1.451,1.484,0,0
KCS.V,D,20190712,000000,1.484,1.612,1.456,1.588,0,0
KCS.V,D,20190713,000000,1.587,1.597,1.475,1.49,0,0
KCS.V,D,20190714,000000,1.49,1.55,1.342,1.431,0,0
KCS.V,D,20190715,000000,1.431,1.468,1.254,1.443,0,0
KCS.V,D,20190716,000000,1.444,1.492,1.246,1.295,0,0
KCS.V,D,20190717,000000,1.297,1.389,1.26,1.346,0,0
KCS.V,D,20190718,000000,1.346,1.378,1.288,1.375,0,0
KCS.V,D,20190719,000000,1.375,1.428,1.35,1.421,0,0
KCS.V,D,20190720,000000,1.422,1.475,1.406,1.469,0,0
KCS.V,D,20190721,000000,1.469,1.477,1.369,1.44,0,0
KCS.V,D,20190722,000000,1.44,1.457,1.362,1.401,0,0
KCS.V,D,20190723,000000,1.401,1.413,1.336,1.379,0,0
KCS.V,D,20190724,000000,1.379,1.384,1.288,1.35,0,0
KCS.V,D,20190725,000000,1.35,1.416,1.341,1.381,0,0
KCS.V,D,20190726,000000,1.381,1.388,1.331,1.379,0,0
KCS.V,D,20190727,000000,1.379,1.444,1.294,1.308,0,0
KCS.V,D,20190728,000000,1.308,1.332,1.274,1.274,0,0
KCS.V,D,20190729,000000,1.274,1.586,1.216,1.585,0,0
KCS.V,D,20190730,000000,1.585,1.659,1.512,1.571,0,0
KCS.V,D,20190731,000000,1.571,1.708,1.567,1.694,0,0
KCS.V,D,20190801,000000,1.694,1.738,1.617,1.635,0,0
KCS.V,D,20190802,000000,1.635,1.727,1.588,1.67,0,0
KCS.V,D,20190803,000000,1.67,1.762,1.665,1.731,0,0
KCS.V,D,20190804,000000,1.731,1.833,1.702,1.808,0,0
KCS.V,D,20190805,000000,1.808,1.839,1.755,1.782,0,0
KCS.V,D,20190806,000000,1.782,1.831,1.712,1.737,0,0
KCS.V,D,20190807,000000,1.737,1.866,1.72,1.792,0,0
KCS.V,D,20190808,000000,1.792,1.832,1.769,1.774,0,0
KCS.V,D,20190809,000000,1.775,1.835,1.751,1.776,0,0
KCS.V,D,20190810,000000,1.776,1.796,1.665,1.713,0,0
KCS.V,D,20190811,000000,1.713,1.763,1.669,1.736,0,0
KCS.V,D,20190812,000000,1.736,1.761,1.698,1.737,0,0
KCS.V,D,20190813,000000,1.737,1.768,1.681,1.698,0,0
KCS.V,D,20190814,000000,1.697,1.745,1.609,1.665,0,0
KCS.V,D,20190815,000000,1.665,1.698,1.579,1.658,0,0
KCS.V,D,20190816,000000,1.658,1.69,1.609,1.639,0,0
KCS.V,D,20190817,000000,1.639,1.715,1.609,1.658,0,0
KCS.V,D,20190818,000000,1.658,1.707,1.657,1.687,0,0
KCS.V,D,20190819,000000,1.687,1.696,1.643,1.676,0,0
KCS.V,D,20190820,000000,1.676,1.698,1.598,1.625,0,0
KCS.V,D,20190821,000000,1.625,1.637,1.555,1.572,0,0
KCS.V,D,20190822,000000,1.572,1.607,1.523,1.576,0,0
KCS.V,D,20190823,000000,1.576,1.631,1.545,1.557,0,0
KCS.V,D,20190824,000000,1.557,1.629,1.509,1.552,0,0
KCS.V,D,20190825,000000,1.552,1.562,1.486,1.5,0,0
KCS.V,D,20190826,000000,1.5,1.581,1.497,1.501,0,0
KCS.V,D,20190827,000000,1.502,1.54,1.481,1.49,0,0
KCS.V,D,20190828,000000,1.49,1.551,1.341,1.464,0,0
KCS.V,D,20190829,000000,1.464,1.478,1.357,1.409,0,0
KCS.V,D,20190830,000000,1.409,1.449,1.378,1.408,0,0
KCS.V,D,20190831,000000,1.408,1.43,1.365,1.384,0,0
KCS.V,D,20190901,000000,1.386,1.472,1.349,1.453,0,0
KCS.V,D,20190902,000000,1.453,1.509,1.411,1.473,0,0
KCS.V,D,20190903,000000,1.474,1.592,1.474,1.587,0,0
KCS.V,D,20190904,000000,1.587,1.599,1.538,1.575,0,0
KCS.V,D,20190905,000000,1.575,1.586,1.526,1.564,0,0
KCS.V,D,20190906,000000,1.564,1.586,1.469,1.51,0,0
KCS.V,D,20190907,000000,1.51,1.542,1.449,1.465,0,0
KCS.V,D,20190908,000000,1.464,1.564,1.428,1.545,0,0
KCS.V,D,20190909,000000,1.545,1.578,1.493,1.522,0,0
KCS.V,D,20190910,000000,1.522,1.569,1.514,1.539,0,0
KCS.V,D,20190911,000000,1.539,1.624,1.525,1.623,0,0
KCS.V,D,20190912,000000,1.623,1.768,1.601,1.715,0,0
KCS.V,D,20190913,000000,1.715,1.798,1.661,1.771,0,0
KCS.V,D,20190914,000000,1.771,1.773,1.701,1.725,0,0
KCS.V,D,20190915,000000,1.726,1.77,1.715,1.757,0,0
KCS.V,D,20190916,000000,1.757,1.81,1.581,1.682,0,0
KCS.V,D,20190917,000000,1.682,1.697,1.574,1.638,0,0
KCS.V,D,20190918,000000,1.638,1.684,1.59,1.626,0,0
KCS.V,D,20190919,000000,1.626,1.627,1.514,1.559,0,0
KCS.V,D,20190920,000000,1.559,1.571,1.497,1.524,0,0
KCS.V,D,20190921,000000,1.524,1.54,1.493,1.521,0,0
KCS.V,D,20190922,000000,1.52,1.533,1.489,1.515,0,0
KCS.V,D,20190923,000000,1.515,1.519,1.44,1.448,0,0
KCS.V,D,20190924,000000,1.448,1.464,1.117,1.146,0,0
KCS.V,D,20190925,000000,1.146,1.238,1.108,1.213,0,0
KCS.V,D,20190926,000000,1.213,1.223,1.04,1.092,0,0
KCS.V,D,20190927,000000,1.092,1.125,1.054,1.1,0,0
KCS.V,D,20190928,000000,1.101,1.12,1.09,1.1,0,0
KCS.V,D,20190929,000000,1.1,1.127,1.084,1.101,0,0
KCS.V,D,20190930,000000,1.101,1.126,1.088,1.108,0,0
KCS.V,D,20191001,000000,1.107,1.188,1.105,1.154,0,0
KCS.V,D,20191002,000000,1.154,1.167,1.125,1.133,0,0
KCS.V,D,20191003,000000,1.135,1.171,1.107,1.123,0,0
KCS.V,D,20191004,000000,1.123,1.145,1.096,1.103,0,0
KCS.V,D,20191005,000000,1.104,1.12,1.08,1.099,0,0
KCS.V,D,20191006,000000,1.099,1.107,1.049,1.071,0,0
KCS.V,D,20191007,000000,1.071,1.146,1.048,1.105,0,0
KCS.V,D,20191008,000000,1.104,1.149,1.098,1.104,0,0
KCS.V,D,20191009,000000,1.105,1.172,1.102,1.128,0,0
KCS.V,D,20191010,000000,1.128,1.237,1.126,1.16,0,0
KCS.V,D,20191011,000000,1.161,1.185,1.119,1.131,0,0
KCS.V,D,20191012,000000,1.131,1.171,1.124,1.15,0,0
KCS.V,D,20191013,000000,1.15,1.165,1.128,1.143,0,0
KCS.V,D,20191014,000000,1.122,1.135,1.114,1.126,0,0
KCS.V,D,20191015,000000,1.126,1.136,1.103,1.106,0,0
KCS.V,D,20191016,000000,1.107,1.111,1.044,1.044,0,0
KCS.V,D,20191017,000000,1.045,1.101,1.038,1.081,0,0
KCS.V,D,20191018,000000,1.081,1.104,1.056,1.078,0,0
KCS.V,D,20191019,000000,1.078,1.087,1.054,1.073,0,0
KCS.V,D,20191020,000000,1.073,1.095,1.054,1.084,0,0
KCS.V,D,20191021,000000,1.084,1.101,1.076,1.081,0,0
KCS.V,D,20191022,000000,1.081,1.157,1.079,1.127,0,0
KCS.V,D,20191023,000000,1.127,1.163,1.043,1.095,0,0
KCS.V,D,20191024,000000,1.095,1.179,1.05,1.138,0,0
KCS.V,D,20191025,000000,1.138,1.317,1.137,1.254,0,0
KCS.V,D,20191026,000000,1.254,1.42,1.249,1.276,0,0
KCS.V,D,20191027,000000,1.276,1.383,1.257,1.375,0,0
KCS.V,D,20191028,000000,1.376,1.482,1.34,1.476,0,0
KCS.V,D,20191029,000000,1.476,1.481,1.366,1.458,0,0
KCS.V,D,20191030,000000,1.458,1.537,1.44,1.5,0,0
KCS.V,D,20191031,000000,1.501,1.531,1.47,1.49,0,0
KCS.V,D,20191101,000000,1.49,1.538,1.485,1.528,0,0
KCS.V,D,20191102,000000,1.527,1.611,1.526,1.597,0,0
KCS.V,D,20191103,000000,1.597,1.609,1.535,1.564,0,0
KCS.V,D,20191104,000000,1.564,1.568,1.426,1.497,0,0
KCS.V,D,20191105,000000,1.497,1.517,1.442,1.449,0,0
KCS.V,D,20191106,000000,1.448,1.471,1.307,1.311,0,0
KCS.V,D,20191107,000000,1.31,1.397,1.296,1.316,0,0
KCS.V,D,20191108,000000,1.321,1.339,1.227,1.238,0,0
KCS.V,D,20191109,000000,1.239,1.248,1.193,1.22,0,0
KCS.V,D,20191110,000000,1.212,1.246,1.176,1.241,0,0
KCS.V,D,20191111,000000,1.241,1.242,1.128,1.168,0,0
KCS.V,D,20191112,000000,1.168,1.179,1.131,1.166,0,0
KCS.V,D,20191113,000000,1.167,1.203,1.166,1.192,0,0
KCS.V,D,20191114,000000,1.192,1.201,1.156,1.17,0,0
KCS.V,D,20191115,000000,1.17,1.186,1.14,1.16,0,0
KCS.V,D,20191116,000000,1.161,1.165,1.147,1.161,0,0
KCS.V,D,20191117,000000,1.161,1.188,1.152,1.173,0,0
KCS.V,D,20191118,000000,1.173,1.182,1.141,1.157,0,0
KCS.V,D,20191119,000000,1.157,1.159,1.113,1.15,0,0
KCS.V,D,20191120,000000,1.15,1.155,1.127,1.141,0,0
KCS.V,D,20191121,000000,1.141,1.149,1.064,1.078,0,0
KCS.V,D,20191122,000000,1.078,1.096,0.9719,1.017,0,0
KCS.V,D,20191123,000000,1.018,1.032,0.9754,1.009,0,0
KCS.V,D,20191124,000000,1.009,1.013,0.949,0.9526,0,0
KCS.V,D,20191125,000000,0.9526,0.989,0.8556,0.9508,0,0
KCS.V,D,20191126,000000,0.9507,0.9698,0.9187,0.9411,0,0
KCS.V,D,20191127,000000,0.941,1.017,0.9013,1.002,0,0
KCS.V,D,20191128,000000,1.001,1.014,0.9794,0.9869,0,0
KCS.V,D,20191129,000000,0.9876,1.048,0.9797,1.029,0,0
KCS.V,D,20191130,000000,1.033,1.036,0.9747,0.9815,0,0
KCS.V,D,20191201,000000,0.9815,1.015,0.9578,0.9855,0,0
KCS.V,D,20191202,000000,0.9855,0.9903,0.9539,0.9754,0,0
KCS.V,D,20191203,000000,0.9754,0.9953,0.9571,0.9689,0,0
KCS.V,D,20191204,000000,0.969,1.008,0.937,0.9473,0,0
KCS.V,D,20191205,000000,0.9473,0.9704,0.943,0.9601,0,0
KCS.V,D,20191206,000000,0.9601,0.9776,0.9474,0.9731,0,0
KCS.V,D,20191207,000000,0.9738,0.9775,0.9589,0.9655,0,0
KCS.V,D,20191208,000000,0.9656,0.9795,0.9598,0.9686,0,0
KCS.V,D,20191209,000000,0.9694,0.9802,0.9388,0.9408,0,0
KCS.V,D,20191210,000000,0.9409,0.9741,0.9176,0.9371,0,0
KCS.V,D,20191211,000000,0.9373,0.9766,0.9344,0.9486,0,0
KCS.V,D,20191212,000000,0.949,0.9752,0.9446,0.9624,0,0
KCS.V,D,20191213,000000,0.9633,0.968,0.9453,0.9492,0,0
KCS.V,D,20191214,000000,0.9492,0.9615,0.9235,0.9271,0,0
KCS.V,D,20191215,000000,0.9271,0.9579,0.913,0.9443,0,0
KCS.V,D,20191216,000000,0.9442,0.9484,0.8987,0.9097,0,0
KCS.V,D,20191217,000000,0.9095,0.9131,0.8352,0.8388,0,0
KCS.V,D,20191218,000000,0.8385,0.9135,0.826,0.9135,0,0
KCS.V,D,20191219,000000,0.9175,0.9685,0.8819,0.9657,0,0
KCS.V,D,20191220,000000,0.9663,0.9745,0.9479,0.9707,0,0
KCS.V,D,20191221,000000,0.9705,0.9747,0.9414,0.9532,0,0
KCS.V,D,20191222,000000,0.9532,0.9585,0.9413,0.9441,0,0
KCS.V,D,20191223,000000,0.9441,0.9821,0.9433,0.9485,0,0
KCS.V,D,20191224,000000,0.9468,0.9574,0.9335,0.945,0,0
KCS.V,D,20191225,000000,0.945,0.9522,0.9323,0.9399,0,0
KCS.V,D,20191226,000000,0.9398,0.9515,0.926,0.9285,0,0
KCS.V,D,20191227,000000,0.9284,0.9431,0.9184,0.9315,0,0
KCS.V,D,20191228,000000,0.9315,0.9412,0.9275,0.9334,0,0
KCS.V,D,20191229,000000,0.9332,0.9428,0.9238,0.9337,0,0
KCS.V,D,20191230,000000,0.9338,0.9445,0.9247,0.9302,0,0
KCS.V,D,20191231,000000,0.9302,0.9316,0.9036,0.9088,0,0
KCS.V,D,20200101,000000,0.9085,0.9261,0.9063,0.9143,0,0
KCS.V,D,20200102,000000,0.9134,0.9146,0.8746,0.8766,0,0
KCS.V,D,20200103,000000,0.8764,0.9575,0.8543,0.9311,0,0
KCS.V,D,20200104,000000,0.9309,1.012,0.9214,0.9956,0,0
KCS.V,D,20200105,000000,0.9958,1.051,0.9941,1.031,0,0
KCS.V,D,20200106,000000,1.031,1.098,1.03,1.088,0,0
KCS.V,D,20200107,000000,1.088,1.093,1.067,1.078,0,0
KCS.V,D,20200108,000000,1.079,1.146,1.027,1.04,0,0
KCS.V,D,20200109,000000,1.041,1.054,1.003,1.037,0,0
KCS.V,D,20200110,000000,1.037,1.039,1.005,1.029,0,0
KCS.V,D,20200111,000000,1.029,1.067,1.009,1.028,0,0
KCS.V,D,20200112,000000,1.028,1.038,1.007,1.019,0,0
KCS.V,D,20200113,000000,1.019,1.03,1.006,1.011,0,0
KCS.V,D,20200114,000000,1.011,1.095,1.01,1.07,0,0
KCS.V,D,20200115,000000,1.067,1.089,1.064,1.069,0,0
KCS.V,D,20200116,000000,1.068,1.119,1.065,1.089,0,0
KCS.V,D,20200117,000000,1.089,1.112,1.08,1.092,0,0
KCS.V,D,20200118,000000,1.091,1.093,1.071,1.077,0,0
KCS.V,D,20200119,000000,1.077,1.091,1.009,1.035,0,0
KCS.V,D,20200120,000000,1.034,1.04,1.013,1.028,0,0
KCS.V,D,20200121,000000,1.028,1.046,1.011,1.029,0,0
KCS.V,D,20200122,000000,1.029,1.047,1.024,1.036,0,0
KCS.V,D,20200123,000000,1.036,1.041,1.006,1.022,0,0
KCS.V,D,20200124,000000,1.022,1.039,1.01,1.032,0,0
KCS.V,D,20200125,000000,1.032,1.041,1.014,1.024,0,0
KCS.V,D,20200126,000000,1.024,1.044,1.018,1.035,0,0
KCS.V,D,20200127,000000,1.036,1.061,1.034,1.052,0,0
KCS.V,D,20200128,000000,1.053,1.091,1.052,1.076,0,0
KCS.V,D,20200129,000000,1.079,1.17,1.078,1.143,0,0
KCS.V,D,20200130,000000,1.143,1.165,1.12,1.151,0,0
KCS.V,D,20200131,000000,1.152,1.168,1.144,1.154,0,0
KCS.V,D,20200201,000000,1.154,1.16,1.147,1.156,0,0
KCS.V,D,20200202,000000,1.156,1.159,1.14,1.151,0,0
KCS.V,D,20200203,000000,1.15,1.163,1.128,1.144,0,0
KCS.V,D,20200204,000000,1.144,1.148,1.114,1.118,0,0
KCS.V,D,20200205,000000,1.119,1.165,1.111,1.151,0,0
KCS.V,D,20200206,000000,1.151,1.185,1.139,1.174,0,0
KCS.V,D,20200207,000000,1.173,1.195,1.161,1.169,0,0
KCS.V,D,20200208,000000,1.169,1.192,1.164,1.186,0,0
KCS.V,D,20200209,000000,1.186,1.27,1.18,1.242,0,0
KCS.V,D,20200210,000000,1.242,1.287,1.203,1.265,0,0
KCS.V,D,20200211,000000,1.265,1.321,1.247,1.312,0,0
KCS.V,D,20200212,000000,1.312,1.328,1.287,1.299,0,0
KCS.V,D,20200213,000000,1.299,1.352,1.258,1.26,0,0
KCS.V,D,20200214,000000,1.261,1.292,1.25,1.285,0,0
KCS.V,D,20200215,000000,1.285,1.3,1.239,1.258,0,0
KCS.V,D,20200216,000000,1.257,1.297,1.224,1.248,0,0
KCS.V,D,20200217,000000,1.248,1.284,1.234,1.241,0,0
KCS.V,D,20200218,000000,1.24,1.326,1.239,1.307,0,0
KCS.V,D,20200219,000000,1.307,1.312,1.223,1.246,0,0
KCS.V,D,20200220,000000,1.246,1.274,1.227,1.25,0,0
KCS.V,D,20200221,000000,1.25,1.26,1.238,1.249,0,0
KCS.V,D,20200222,000000,1.249,1.265,1.238,1.252,0,0
KCS.V,D,20200223,000000,1.253,1.292,1.248,1.261,0,0
KCS.V,D,20200224,000000,1.261,1.276,1.226,1.231,0,0
KCS.V,D,20200225,000000,1.231,1.259,1.214,1.224,0,0
KCS.V,D,20200226,000000,1.224,1.232,1.147,1.168,0,0
KCS.V,D,20200227,000000,1.168,1.215,1.147,1.198,0,0
KCS.V,D,20200228,000000,1.201,1.219,1.153,1.198,0,0
KCS.V,D,20200229,000000,1.199,1.204,1.161,1.182,0,0
KCS.V,D,20200301,000000,1.182,1.201,1.17,1.188,0,0
KCS.V,D,20200302,000000,1.187,1.223,1.18,1.212,0,0
KCS.V,D,20200303,000000,1.211,1.249,1.207,1.242,0,0
KCS.V,D,20200304,000000,1.241,1.262,1.229,1.254,0,0
KCS.V,D,20200305,000000,1.254,1.319,1.24,1.302,0,0
KCS.V,D,20200306,000000,1.302,1.431,1.297,1.43,0,0
KCS.V,D,20200307,000000,1.43,1.465,1.388,1.421,0,0
KCS.V,D,20200308,000000,1.421,1.452,1.346,1.353,0,0
KCS.V,D,20200309,000000,1.352,1.369,1.222,1.317,0,0
KCS.V,D,20200310,000000,1.316,1.382,1.31,1.355,0,0
KCS.V,D,20200311,000000,1.355,1.378,1.284,1.332,0,0
KCS.V,D,20200312,000000,1.333,1.339,1.025,1.131,0,0
KCS.V,D,20200313,000000,1.137,1.293,0.9722,1.053,0,0
KCS.V,D,20200314,000000,1.052,1.101,0.927,0.9474,0,0
KCS.V,D,20200315,000000,0.9475,1.006,0.9207,0.9519,0,0
KCS.V,D,20200316,000000,0.9511,0.9583,0.7737,0.8465,0,0
KCS.V,D,20200317,000000,0.8465,1.042,0.8397,1.026,0,0
KCS.V,D,20200318,000000,1.024,1.077,0.9873,1.053,0,0
KCS.V,D,20200319,000000,1.05,1.252,1.039,1.211,0,0
KCS.V,D,20200320,000000,1.213,1.31,1.132,1.2,0,0
KCS.V,D,20200321,000000,1.202,1.214,1.095,1.163,0,0
KCS.V,D,20200322,000000,1.163,1.196,1.084,1.135,0,0
KCS.V,D,20200323,000000,1.135,1.201,1.098,1.152,0,0
KCS.V,D,20200324,000000,1.152,1.199,1.125,1.133,0,0
KCS.V,D,20200325,000000,1.133,1.175,1.095,1.105,0,0
KCS.V,D,20200326,000000,1.105,1.11,1.039,1.061,0,0
KCS.V,D,20200327,000000,1.062,1.094,1.017,1.033,0,0
KCS.V,D,20200328,000000,1.033,1.036,0.9139,0.9339,0,0
KCS.V,D,20200329,000000,0.9337,0.9723,0.8796,0.8919,0,0
KCS.V,D,20200330,000000,0.8917,0.9668,0.8574,0.9524,0,0
KCS.V,D,20200331,000000,0.9547,0.9669,0.9257,0.9359,0,0
KCS.V,D,20200401,000000,0.9358,0.9409,0.8929,0.9304,0,0
KCS.V,D,20200402,000000,0.9304,0.9978,0.9095,0.9569,0,0
KCS.V,D,20200403,000000,0.9564,0.966,0.9293,0.9393,0,0
KCS.V,D,20200404,000000,0.9395,0.9645,0.9291,0.9555,0,0
KCS.V,D,20200405,000000,0.9558,0.9609,0.9292,0.9388,0,0
KCS.V,D,20200406,000000,0.9388,0.9853,0.9256,0.9753,0,0
KCS.V,D,20200407,000000,0.9754,1.041,0.9646,1.005,0,0
KCS.V,D,20200408,000000,1.004,1.027,0.9838,1.01,0,0
KCS.V,D,20200409,000000,1.01,1.015,0.9801,1.001,0,0
KCS.V,D,20200410,000000,1.001,1.002,0.9119,0.9413,0,0
KCS.V,D,20200411,000000,0.9412,0.9432,0.9141,0.9233,0,0
KCS.V,D,20200412,000000,0.9236,0.9628,0.9182,0.9548,0,0
KCS.V,D,20200413,000000,0.9541,0.9558,0.9032,0.9259,0,0
KCS.V,D,20200414,000000,0.9261,0.9355,0.915,0.9249,0,0
KCS.V,D,20200415,000000,0.9259,0.9326,0.9071,0.9151,0,0
KCS.V,D,20200416,000000,0.9151,0.9473,0.8942,0.9397,0,0
KCS.V,D,20200417,000000,0.939,0.95,0.9248,0.9316,0,0
KCS.V,D,20200418,000000,0.9316,0.9615,0.9282,0.9523,0,0
KCS.V,D,20200419,000000,0.9523,0.9577,0.9247,0.9417,0,0
KCS.V,D,20200420,000000,0.9413,0.9455,0.9012,0.9058,0,0
KCS.V,D,20200421,000000,0.9056,0.9115,0.8943,0.9008,0,0
KCS.V,D,20200422,000000,0.9009,0.9329,0.8962,0.9255,0,0
KCS.V,D,20200423,000000,0.9255,0.9751,0.9175,0.9595,0,0
KCS.V,D,20200424,000000,0.9599,0.9632,0.9435,0.9478,0,0
KCS.V,D,20200425,000000,0.9474,0.9646,0.9452,0.9543,0,0
KCS.V,D,20200426,000000,0.9536,0.9623,0.9398,0.9572,0,0
KCS.V,D,20200427,000000,0.9574,0.9681,0.9469,0.9559,0,0
KCS.V,D,20200428,000000,0.9556,0.96,0.9475,0.9504,0,0
KCS.V,D,20200429,000000,0.9502,1.019,0.9443,1.012,0,0
KCS.V,D,20200430,000000,1.011,1.03,0.9488,0.9626,0,0
KCS.V,D,20200501,000000,0.9623,0.9754,0.9412,0.9546,0,0
KCS.V,D,20200502,000000,0.9548,0.9585,0.9434,0.9502,0,0
KCS.V,D,20200503,000000,0.95,0.9606,0.9359,0.9429,0,0
KCS.V,D,20200504,000000,0.9427,0.9535,0.9079,0.9346,0,0
KCS.V,D,20200505,000000,0.9346,0.9418,0.9154,0.9323,0,0
KCS.V,D,20200506,000000,0.9323,0.9495,0.9223,0.934,0,0
KCS.V,D,20200507,000000,0.934,0.9455,0.915,0.9376,0,0
KCS.V,D,20200508,000000,0.9375,0.9477,0.9218,0.9357,0,0
KCS.V,D,20200509,000000,0.9354,0.9439,0.9207,0.9293,0,0
KCS.V,D,20200510,000000,0.9293,0.9345,0.8555,0.8735,0,0
KCS.V,D,20200511,000000,0.8733,0.9036,0.8187,0.8299,0,0
KCS.V,D,20200512,000000,0.8297,1.005,0.8241,0.9723,0,0
KCS.V,D,20200513,000000,0.9759,1.07,0.962,0.9887,0,0
KCS.V,D,20200514,000000,0.9886,0.9907,0.922,0.9487,0,0
KCS.V,D,20200515,000000,0.9485,0.9527,0.9052,0.9207,0,0
KCS.V,D,20200516,000000,0.9229,0.9344,0.902,0.9189,0,0
KCS.V,D,20200517,000000,0.9189,0.9516,0.9172,0.9469,0,0
KCS.V,D,20200518,000000,0.9469,0.9661,0.9229,0.9441,0,0
KCS.V,D,20200519,000000,0.9441,0.9562,0.9325,0.944,0,0
KCS.V,D,20200520,000000,0.9439,0.9703,0.9258,0.9579,0,0
KCS.V,D,20200521,000000,0.9579,0.9688,0.9086,0.9484,0,0
KCS.V,D,20200522,000000,0.9475,0.9627,0.9199,0.962,0,0
KCS.V,D,20200523,000000,0.9621,0.9841,0.9531,0.9838,0,0
KCS.V,D,20200524,000000,0.9838,0.995,0.9514,0.968,0,0
KCS.V,D,20200525,000000,0.9701,1.005,0.9412,0.9933,0,0
KCS.V,D,20200526,000000,0.9943,0.9949,0.9641,0.9902,0,0
KCS.V,D,20200527,000000,0.99,0.9942,0.9729,0.9791,0,0
KCS.V,D,20200528,000000,0.9801,1.005,0.9716,0.9873,0,0
KCS.V,D,20200529,000000,0.9872,0.9999,0.9666,0.9804,0,0
KCS.V,D,20200530,000000,0.9805,1.004,0.9677,0.9881,0,0
KCS.V,D,20200531,000000,0.9881,1.002,0.9641,0.9662,0,0
KCS.V,D,20200601,000000,0.9662,0.9765,0.9573,0.9748,0,0
KCS.V,D,20200602,000000,0.9751,1.013,0.919,0.9867,0,0
KCS.V,D,20200603,000000,0.9867,0.9894,0.9593,0.9785,0,0
KCS.V,D,20200604,000000,0.9786,0.9916,0.9638,0.9817,0,0
KCS.V,D,20200605,000000,0.9817,0.987,0.9609,0.969,0,0
KCS.V,D,20200606,000000,0.9692,0.9764,0.9612,0.9734,0,0
KCS.V,D,20200607,000000,0.9744,0.9757,0.9555,0.9682,0,0
KCS.V,D,20200608,000000,0.9685,0.9868,0.9584,0.9615,0,0
KCS.V,D,20200609,000000,0.9611,0.9961,0.9476,0.9642,0,0
KCS.V,D,20200610,000000,0.964,0.9778,0.9469,0.9622,0,0
KCS.V,D,20200611,000000,0.9629,0.9688,0.8964,0.9364,0,0
KCS.V,D,20200612,000000,0.9354,0.9354,0.9168,0.9227,0,0
KCS.V,D,20200613,000000,0.9239,0.929,0.9171,0.927,0,0
KCS.V,D,20200614,000000,0.9244,0.9295,0.9093,0.9116,0,0
KCS.V,D,20200615,000000,0.9107,0.9225,0.8741,0.9139,0,0
KCS.V,D,20200616,000000,0.9139,0.9224,0.9088,0.9125,0,0
KCS.V,D,20200617,000000,0.9124,0.9137,0.884,0.899,0,0
KCS.V,D,20200618,000000,0.899,0.9105,0.8795,0.8835,0,0
KCS.V,D,20200619,000000,0.8836,0.8939,0.8814,0.8883,0,0
KCS.V,D,20200620,000000,0.8882,0.8995,0.8776,0.8981,0,0
KCS.V,D,20200621,000000,0.8981,0.9071,0.8911,0.8952,0,0
KCS.V,D,20200622,000000,0.8949,0.9187,0.891,0.9079,0,0
KCS.V,D,20200623,000000,0.908,0.9084,0.892,0.8965,0,0
KCS.V,D,20200624,000000,0.8963,0.8982,0.872,0.8813,0,0
KCS.V,D,20200625,000000,0.881,0.8847,0.8574,0.8749,0,0
KCS.V,D,20200626,000000,0.8746,0.8771,0.856,0.8636,0,0
KCS.V,D,20200627,000000,0.8637,0.8701,0.8338,0.8464,0,0
KCS.V,D,20200628,000000,0.8469,0.8602,0.8365,0.8554,0,0
KCS.V,D,20200629,000000,0.8555,0.8625,0.8419,0.8607,0,0
KCS.V,D,20200630,000000,0.8606,0.8713,0.8529,0.8671,0,0
KCS.V,D,20200701,000000,0.867,0.9107,0.8649,0.9058,0,0
KCS.V,D,20200702,000000,0.9058,0.907,0.8636,0.8828,0,0
KCS.V,D,20200703,000000,0.8818,0.8838,0.8667,0.8703,0,0
KCS.V,D,20200704,000000,0.8702,0.8816,0.8628,0.8766,0,0
KCS.V,D,20200705,000000,0.8768,0.8808,0.795,0.8289,0,0
KCS.V,D,20200706,000000,0.8288,0.8612,0.8288,0.8594,0,0
KCS.V,D,20200707,000000,0.8594,0.8667,0.6278,0.7475,0,0
KCS.V,D,20200708,000000,0.7473,0.854,0.7473,0.8407,0,0
KCS.V,D,20200709,000000,0.8408,0.8564,0.764,0.7889,0,0
KCS.V,D,20200710,000000,0.789,0.8121,0.785,0.7875,0,0
KCS.V,D,20200711,000000,0.7878,0.8009,0.7867,0.7954,0,0
KCS.V,D,20200712,000000,0.7954,0.8173,0.7947,0.8093,0,0
KCS.V,D,20200713,000000,0.8098,0.8159,0.7903,0.7974,0,0
KCS.V,D,20200714,000000,0.798,0.798,0.784,0.7921,0,0
KCS.V,D,20200715,000000,0.7921,0.7947,0.7752,0.781,0,0
KCS.V,D,20200716,000000,0.7811,0.7826,0.76,0.7642,0,0
KCS.V,D,20200717,000000,0.7642,0.782,0.7629,0.7744,0,0
KCS.V,D,20200718,000000,0.7746,0.8002,0.7674,0.7891,0,0
KCS.V,D,20200719,000000,0.7897,0.8265,0.7781,0.8259,0,0
KCS.V,D,20200720,000000,0.8259,0.8781,0.7627,0.7852,0,0
KCS.V,D,20200721,000000,0.7852,0.8187,0.7807,0.7962,0,0
KCS.V,D,20200722,000000,0.7928,0.8453,0.7894,0.8369,0,0
KCS.V,D,20200723,000000,0.8371,0.893,0.8346,0.8916,0,0
KCS.V,D,20200724,000000,0.8916,0.8917,0.8406,0.8465,0,0
KCS.V,D,20200725,000000,0.8464,0.8634,0.8369,0.8509,0,0
KCS.V,D,20200726,000000,0.8509,0.9315,0.8439,0.8873,0,0
KCS.V,D,20200727,000000,0.8877,0.9096,0.8642,0.9025,0,0
KCS.V,D,20200728,000000,0.9008,0.9177,0.8315,0.8506,0,0
KCS.V,D,20200729,000000,0.8505,0.8718,0.8275,0.8415,0,0
