<TICKER>,<PER>,<DATE>,<TIME>,<OPEN>,<HIGH>,<LOW>,<CLOSE>,<VOL>,<OPENINT>
KMD.V,D,20170316,000000,0.08256,0.1015,0.07871,0.09735,0,0
KMD.V,D,20170317,000000,0.08895,0.104,0.08581,0.104,0,0
KMD.V,D,20170318,000000,0.09422,0.0952,0.07764,0.08955,0,0
KMD.V,D,20170319,000000,0.09427,0.1038,0.08066,0.09351,0,0
KMD.V,D,20170320,000000,0.09578,0.1039,0.08446,0.08851,0,0
KMD.V,D,20170321,000000,0.09475,0.09515,0.08916,0.09002,0,0
KMD.V,D,20170322,000000,0.08387,0.09275,0.0836,0.08962,0,0
KMD.V,D,20170323,000000,0.08878,0.09555,0.08587,0.09373,0,0
KMD.V,D,20170324,000000,0.0851,0.08934,0.08314,0.08556,0,0
KMD.V,D,20170325,000000,0.08798,0.0917,0.08606,0.09107,0,0
KMD.V,D,20170326,000000,0.09137,0.117,0.08902,0.1079,0,0
KMD.V,D,20170327,000000,0.1163,0.1485,0.09709,0.1369,0,0
KMD.V,D,20170328,000000,0.1368,0.1865,0.1263,0.1665,0,0
KMD.V,D,20170329,000000,0.1661,0.1865,0.1417,0.1512,0,0
KMD.V,D,20170330,000000,0.1506,0.1862,0.1484,0.1589,0,0
KMD.V,D,20170331,000000,0.1652,0.1886,0.1652,0.1728,0,0
KMD.V,D,20170401,000000,0.1739,0.1931,0.173,0.1845,0,0
KMD.V,D,20170402,000000,0.1864,0.1967,0.1703,0.1766,0,0
KMD.V,D,20170403,000000,0.1846,0.2043,0.1721,0.1817,0,0
KMD.V,D,20170404,000000,0.1807,0.1941,0.1713,0.1815,0,0
KMD.V,D,20170405,000000,0.1796,0.1966,0.1757,0.1939,0,0
KMD.V,D,20170406,000000,0.204,0.2074,0.1613,0.1714,0,0
KMD.V,D,20170407,000000,0.1717,0.1964,0.1667,0.1751,0,0
KMD.V,D,20170408,000000,0.1737,0.1778,0.1478,0.1689,0,0
KMD.V,D,20170409,000000,0.1722,0.1794,0.1649,0.1717,0,0
KMD.V,D,20170410,000000,0.1721,0.1726,0.1593,0.1656,0,0
KMD.V,D,20170411,000000,0.1675,0.1709,0.1534,0.1611,0,0
KMD.V,D,20170412,000000,0.1601,0.1601,0.1297,0.1564,0,0
KMD.V,D,20170413,000000,0.1517,0.1587,0.1177,0.1399,0,0
KMD.V,D,20170414,000000,0.14,0.1551,0.1182,0.1395,0,0
KMD.V,D,20170415,000000,0.1395,0.155,0.1275,0.153,0,0
KMD.V,D,20170416,000000,0.153,0.1712,0.1358,0.1613,0,0
KMD.V,D,20170417,000000,0.1637,0.1863,0.1598,0.1753,0,0
KMD.V,D,20170418,000000,0.1771,0.1868,0.1678,0.1809,0,0
KMD.V,D,20170419,000000,0.1823,0.1856,0.1728,0.1809,0,0
KMD.V,D,20170420,000000,0.1844,0.1845,0.1676,0.1704,0,0
KMD.V,D,20170421,000000,0.172,0.1749,0.1687,0.1737,0,0
KMD.V,D,20170422,000000,0.1725,0.1799,0.1638,0.1678,0,0
KMD.V,D,20170423,000000,0.1689,0.1793,0.1649,0.1699,0,0
KMD.V,D,20170424,000000,0.1698,0.175,0.1606,0.1645,0,0
KMD.V,D,20170425,000000,0.1666,0.1714,0.1588,0.1617,0,0
KMD.V,D,20170426,000000,0.1646,0.1674,0.1547,0.1584,0,0
KMD.V,D,20170427,000000,0.1641,0.1733,0.1582,0.1653,0,0
KMD.V,D,20170428,000000,0.1649,0.1723,0.1548,0.1645,0,0
KMD.V,D,20170429,000000,0.1653,0.1991,0.1653,0.1938,0,0
KMD.V,D,20170430,000000,0.196,0.2028,0.1798,0.1924,0,0
KMD.V,D,20170501,000000,0.2015,0.2435,0.1984,0.2159,0,0
KMD.V,D,20170502,000000,0.2205,0.2487,0.2081,0.2331,0,0
KMD.V,D,20170503,000000,0.2395,0.2552,0.2383,0.2525,0,0
KMD.V,D,20170504,000000,0.2578,0.326,0.2389,0.3006,0,0
KMD.V,D,20170505,000000,0.2988,0.3163,0.2752,0.2895,0,0
KMD.V,D,20170506,000000,0.2967,0.2967,0.2775,0.2857,0,0
KMD.V,D,20170507,000000,0.2874,0.3031,0.2849,0.2921,0,0
KMD.V,D,20170508,000000,0.3128,0.3156,0.2555,0.2738,0,0
KMD.V,D,20170509,000000,0.2792,0.2818,0.2208,0.2519,0,0
KMD.V,D,20170510,000000,0.26,0.2837,0.2413,0.2592,0,0
KMD.V,D,20170511,000000,0.2691,0.2947,0.2276,0.264,0,0
KMD.V,D,20170512,000000,0.2447,0.2698,0.2342,0.2528,0,0
KMD.V,D,20170513,000000,0.2644,0.2776,0.2598,0.2669,0,0
KMD.V,D,20170514,000000,0.2682,0.2833,0.2623,0.2825,0,0
KMD.V,D,20170515,000000,0.2724,0.2768,0.2563,0.2768,0,0
KMD.V,D,20170516,000000,0.2802,0.34,0.2743,0.3109,0,0
KMD.V,D,20170517,000000,0.3239,0.3658,0.2945,0.3455,0,0
KMD.V,D,20170518,000000,0.3608,0.4087,0.3508,0.3856,0,0
KMD.V,D,20170519,000000,0.4022,0.4709,0.3926,0.436,0,0
KMD.V,D,20170520,000000,0.4533,0.4892,0.4486,0.469,0,0
KMD.V,D,20170521,000000,0.47,0.5658,0.3929,0.5656,0,0
KMD.V,D,20170522,000000,0.5878,0.5878,0.4676,0.5235,0,0
KMD.V,D,20170523,000000,0.56,0.5668,0.4593,0.4959,0,0
KMD.V,D,20170524,000000,0.5336,0.5793,0.4964,0.5054,0,0
KMD.V,D,20170525,000000,0.4769,0.5187,0.443,0.4557,0,0
KMD.V,D,20170526,000000,0.4434,0.5381,0.4409,0.4831,0,0
KMD.V,D,20170527,000000,0.4417,0.4677,0.39,0.4249,0,0
KMD.V,D,20170528,000000,0.4531,0.4888,0.4312,0.4816,0,0
KMD.V,D,20170529,000000,0.5012,0.5044,0.4531,0.4689,0,0
KMD.V,D,20170530,000000,0.4512,0.4824,0.4398,0.4578,0,0
KMD.V,D,20170531,000000,0.4809,0.5178,0.4676,0.5049,0,0
KMD.V,D,20170601,000000,0.5289,0.567,0.5178,0.5585,0,0
KMD.V,D,20170602,000000,0.577,0.9826,0.5549,0.8973,0,0
KMD.V,D,20170603,000000,0.9164,1.48,0.8962,1.21,0,0
KMD.V,D,20170604,000000,1.2,1.23,0.8877,1.04,0,0
KMD.V,D,20170605,000000,1.11,1.27,1.05,1.2,0,0
KMD.V,D,20170606,000000,1.27,1.32,1.11,1.15,0,0
KMD.V,D,20170607,000000,1.08,1.24,1.07,1.17,0,0
KMD.V,D,20170608,000000,1.22,1.29,1.12,1.18,0,0
KMD.V,D,20170609,000000,1.18,1.41,1.13,1.37,0,0
KMD.V,D,20170610,000000,1.41,1.93,1.38,1.59,0,0
KMD.V,D,20170611,000000,1.63,1.87,1.5,1.55,0,0
KMD.V,D,20170612,000000,1.39,1.54,1.34,1.44,0,0
KMD.V,D,20170613,000000,1.47,1.56,1.41,1.55,0,0
KMD.V,D,20170614,000000,1.41,1.48,1.36,1.42,0,0
KMD.V,D,20170615,000000,1.41,1.56,1.41,1.56,0,0
KMD.V,D,20170616,000000,1.6,1.93,1.5,1.82,0,0
KMD.V,D,20170617,000000,1.93,2.1,1.86,2.09,0,0
KMD.V,D,20170618,000000,2,2.71,1.91,2.29,0,0
KMD.V,D,20170619,000000,2.36,2.62,2.2,2.38,0,0
KMD.V,D,20170620,000000,2.51,2.6,2.2,2.32,0,0
KMD.V,D,20170621,000000,2.26,2.26,1.73,2.01,0,0
KMD.V,D,20170622,000000,2.04,2.18,1.8,2.01,0,0
KMD.V,D,20170623,000000,2,2.19,1.93,2.09,0,0
KMD.V,D,20170624,000000,2,2.38,1.89,2.05,0,0
KMD.V,D,20170625,000000,2.01,2.09,1.89,1.98,0,0
KMD.V,D,20170626,000000,1.9,1.96,1.54,1.81,0,0
KMD.V,D,20170627,000000,1.91,2.02,1.71,1.91,0,0
KMD.V,D,20170628,000000,1.91,1.93,1.79,1.84,0,0
KMD.V,D,20170629,000000,1.83,1.87,1.75,1.82,0,0
KMD.V,D,20170630,000000,1.77,1.79,1.6,1.71,0,0
KMD.V,D,20170701,000000,1.67,1.73,1.5,1.5,0,0
KMD.V,D,20170702,000000,1.57,1.72,1.47,1.63,0,0
KMD.V,D,20170703,000000,1.65,1.69,1.56,1.68,0,0
KMD.V,D,20170704,000000,1.71,1.89,1.66,1.86,0,0
KMD.V,D,20170705,000000,1.87,1.87,1.71,1.76,0,0
KMD.V,D,20170706,000000,1.75,1.78,1.55,1.57,0,0
KMD.V,D,20170707,000000,1.51,1.68,1.24,1.41,0,0
KMD.V,D,20170708,000000,1.44,1.51,1.24,1.51,0,0
KMD.V,D,20170709,000000,1.48,1.48,1.36,1.36,0,0
KMD.V,D,20170710,000000,1.27,1.33,0.8211,0.9355,0,0
KMD.V,D,20170711,000000,0.9276,1.05,0.6943,0.8207,0,0
KMD.V,D,20170712,000000,0.8485,1.08,0.8079,1.03,0,0
KMD.V,D,20170713,000000,1.01,1.12,0.9733,0.9927,0,0
KMD.V,D,20170714,000000,0.9388,0.9669,0.8099,0.8465,0,0
KMD.V,D,20170715,000000,0.7484,0.8066,0.6893,0.727,0,0
KMD.V,D,20170716,000000,0.7046,0.8594,0.668,0.7101,0,0
KMD.V,D,20170717,000000,0.8286,0.991,0.8228,0.9494,0,0
KMD.V,D,20170718,000000,0.9863,1.06,0.9446,1.04,0,0
KMD.V,D,20170719,000000,1.03,1.2,0.9838,1.08,0,0
KMD.V,D,20170720,000000,1.35,1.55,1.28,1.41,0,0
KMD.V,D,20170721,000000,1.31,1.37,1.26,1.34,0,0
KMD.V,D,20170722,000000,1.42,1.45,1.26,1.3,0,0
KMD.V,D,20170723,000000,1.26,1.32,1.23,1.28,0,0
KMD.V,D,20170724,000000,1.28,1.3,1.16,1.18,0,0
KMD.V,D,20170725,000000,1.1,1.14,0.9093,0.9488,0,0
KMD.V,D,20170726,000000,0.9403,0.9958,0.8829,0.9497,0,0
KMD.V,D,20170727,000000,0.999,1.03,0.9239,0.9255,0,0
KMD.V,D,20170728,000000,0.965,1.13,0.8468,0.9826,0,0
KMD.V,D,20170729,000000,0.957,1.04,0.8818,0.963,0,0
KMD.V,D,20170730,000000,0.9746,1.02,0.9129,0.9129,0,0
KMD.V,D,20170731,000000,0.9515,1.01,0.8938,0.9082,0,0
KMD.V,D,20170801,000000,0.8653,1.06,0.8323,0.9801,0,0
KMD.V,D,20170802,000000,0.9707,1.03,0.9038,0.9367,0,0
KMD.V,D,20170803,000000,0.9675,1.03,0.9498,0.9838,0,0
KMD.V,D,20170804,000000,1.01,1.03,0.9683,0.9922,0,0
KMD.V,D,20170805,000000,1.12,1.13,1.03,1.08,0,0
KMD.V,D,20170806,000000,1.07,1.11,1.03,1.06,0,0
KMD.V,D,20170807,000000,1.11,1.14,1.02,1.06,0,0
KMD.V,D,20170808,000000,1.07,1.12,0.9955,1.05,0,0
KMD.V,D,20170809,000000,1.03,1.15,1.01,1.12,0,0
KMD.V,D,20170810,000000,1.15,1.16,1.03,1.06,0,0
KMD.V,D,20170811,000000,1.13,1.18,1.02,1.17,0,0
KMD.V,D,20170812,000000,1.24,2.32,1.2,1.89,0,0
KMD.V,D,20170813,000000,1.98,2.08,1.32,1.48,0,0
KMD.V,D,20170814,000000,1.58,1.66,1.26,1.36,0,0
KMD.V,D,20170815,000000,1.31,1.35,1.16,1.28,0,0
KMD.V,D,20170816,000000,1.35,1.43,1.24,1.33,0,0
KMD.V,D,20170817,000000,1.3,1.65,1.26,1.44,0,0
KMD.V,D,20170818,000000,1.38,1.39,1.24,1.3,0,0
KMD.V,D,20170819,000000,1.31,1.32,1.2,1.29,0,0
KMD.V,D,20170820,000000,1.26,1.39,1.23,1.3,0,0
KMD.V,D,20170821,000000,1.28,1.37,1.2,1.3,0,0
KMD.V,D,20170822,000000,1.33,1.36,1.23,1.26,0,0
KMD.V,D,20170823,000000,1.27,1.37,1.21,1.26,0,0
KMD.V,D,20170824,000000,1.32,1.42,1.25,1.33,0,0
KMD.V,D,20170825,000000,1.35,1.39,1.3,1.31,0,0
KMD.V,D,20170826,000000,1.3,1.39,1.3,1.36,0,0
KMD.V,D,20170827,000000,1.36,1.61,1.36,1.47,0,0
KMD.V,D,20170828,000000,1.49,1.93,1.41,1.68,0,0
KMD.V,D,20170829,000000,1.76,1.89,1.55,1.65,0,0
KMD.V,D,20170830,000000,1.64,1.65,1.42,1.52,0,0
KMD.V,D,20170831,000000,1.58,1.58,1.3,1.5,0,0
KMD.V,D,20170901,000000,1.56,1.56,1.43,1.45,0,0
KMD.V,D,20170902,000000,1.35,2.13,1.3,2.06,0,0
KMD.V,D,20170903,000000,2.08,3.12,1.9,3.04,0,0
KMD.V,D,20170904,000000,2.81,2.89,2.12,2.29,0,0
KMD.V,D,20170905,000000,2.37,3.2,2.18,3.17,0,0
KMD.V,D,20170906,000000,3.33,3.62,3.07,3.28,0,0
KMD.V,D,20170907,000000,3.29,3.71,2.88,3.51,0,0
KMD.V,D,20170908,000000,3.28,3.8,2.38,2.9,0,0
KMD.V,D,20170909,000000,2.9,3.03,2.49,2.5,0,0
KMD.V,D,20170910,000000,2.45,2.55,2.06,2.3,0,0
KMD.V,D,20170911,000000,2.28,2.28,1.91,2.06,0,0
KMD.V,D,20170912,000000,2.03,2.11,1.9,1.93,0,0
KMD.V,D,20170913,000000,1.8,1.8,1.53,1.73,0,0
KMD.V,D,20170914,000000,1.45,1.91,1.39,1.45,0,0
KMD.V,D,20170915,000000,1.66,1.93,1.38,1.69,0,0
KMD.V,D,20170916,000000,1.68,1.85,1.58,1.8,0,0
KMD.V,D,20170917,000000,1.8,1.93,1.69,1.86,0,0
KMD.V,D,20170918,000000,2.07,2.36,1.97,2.16,0,0
KMD.V,D,20170919,000000,2.06,2.07,1.89,1.9,0,0
KMD.V,D,20170920,000000,1.88,1.93,1.78,1.88,0,0
KMD.V,D,20170921,000000,1.76,1.76,1.55,1.55,0,0
KMD.V,D,20170922,000000,1.55,1.68,1.54,1.64,0,0
KMD.V,D,20170923,000000,1.72,2.02,1.69,1.86,0,0
KMD.V,D,20170924,000000,1.8,1.9,1.72,1.78,0,0
KMD.V,D,20170925,000000,1.91,2.08,1.88,2.01,0,0
KMD.V,D,20170926,000000,1.99,2.01,1.91,1.97,0,0
KMD.V,D,20170927,000000,2.13,2.16,2.06,2.07,0,0
KMD.V,D,20170928,000000,2.07,2.14,1.94,2.09,0,0
KMD.V,D,20170929,000000,2.08,2.17,1.97,2.09,0,0
KMD.V,D,20170930,000000,2.18,2.3,2.12,2.23,0,0
KMD.V,D,20171001,000000,2.25,2.58,2.21,2.38,0,0
KMD.V,D,20171002,000000,2.38,2.46,2.2,2.21,0,0
KMD.V,D,20171003,000000,2.17,2.17,2.05,2.08,0,0
KMD.V,D,20171004,000000,2.03,2.03,1.91,1.95,0,0
KMD.V,D,20171005,000000,2,2.03,1.88,1.96,0,0
KMD.V,D,20171006,000000,1.98,2.06,1.85,1.87,0,0
KMD.V,D,20171007,000000,1.89,2.08,1.85,2,0,0
KMD.V,D,20171008,000000,2.08,2.15,1.68,1.75,0,0
KMD.V,D,20171009,000000,1.82,1.99,1.59,1.71,0,0
KMD.V,D,20171010,000000,1.7,1.8,1.63,1.71,0,0
KMD.V,D,20171011,000000,1.74,1.92,1.68,1.86,0,0
KMD.V,D,20171012,000000,2.09,2.09,1.8,1.8,0,0
KMD.V,D,20171013,000000,1.87,1.97,1.54,1.8,0,0
KMD.V,D,20171014,000000,1.86,1.91,1.72,1.73,0,0
KMD.V,D,20171015,000000,1.69,1.86,1.65,1.76,0,0
KMD.V,D,20171016,000000,1.79,1.85,1.67,1.69,0,0
KMD.V,D,20171017,000000,1.64,1.75,1.59,1.71,0,0
KMD.V,D,20171018,000000,1.71,2.1,1.67,1.92,0,0
KMD.V,D,20171019,000000,1.97,2.04,1.81,1.93,0,0
KMD.V,D,20171020,000000,2.03,2.06,1.56,1.71,0,0
KMD.V,D,20171021,000000,1.72,1.8,1.59,1.67,0,0
KMD.V,D,20171022,000000,1.66,1.9,1.63,1.78,0,0
KMD.V,D,20171023,000000,1.76,1.8,1.59,1.68,0,0
KMD.V,D,20171024,000000,1.57,1.92,1.55,1.84,0,0
KMD.V,D,20171025,000000,1.92,1.98,1.83,1.9,0,0
KMD.V,D,20171026,000000,1.96,2,1.77,1.84,0,0
KMD.V,D,20171027,000000,1.8,1.93,1.73,1.8,0,0
KMD.V,D,20171028,000000,1.79,1.96,1.78,1.95,0,0
KMD.V,D,20171029,000000,2.1,2.37,2,2.09,0,0
KMD.V,D,20171030,000000,2.09,2.29,2.04,2.28,0,0
KMD.V,D,20171031,000000,2.41,2.71,2.2,2.2,0,0
KMD.V,D,20171101,000000,2.31,2.48,2.02,2.11,0,0
KMD.V,D,20171102,000000,2.2,2.65,1.95,2.42,0,0
KMD.V,D,20171103,000000,2.47,2.49,2.17,2.41,0,0
KMD.V,D,20171104,000000,2.49,2.54,2.32,2.35,0,0
KMD.V,D,20171105,000000,2.35,2.55,2.35,2.55,0,0
KMD.V,D,20171106,000000,2.4,2.72,2.37,2.61,0,0
KMD.V,D,20171107,000000,2.68,2.9,2.62,2.74,0,0
KMD.V,D,20171108,000000,2.91,2.95,2.2,2.82,0,0
KMD.V,D,20171109,000000,2.7,2.8,2.58,2.7,0,0
KMD.V,D,20171110,000000,2.49,2.49,2.11,2.22,0,0
KMD.V,D,20171111,000000,2.13,2.21,2.06,2.08,0,0
KMD.V,D,20171112,000000,1.93,1.96,1.76,1.88,0,0
KMD.V,D,20171113,000000,2.09,2.17,2.01,2.07,0,0
KMD.V,D,20171114,000000,2.09,2.23,2.09,2.17,0,0
KMD.V,D,20171115,000000,2.37,2.41,2.29,2.35,0,0
KMD.V,D,20171116,000000,2.54,2.59,2.31,2.31,0,0
KMD.V,D,20171117,000000,2.27,2.34,2.13,2.14,0,0
KMD.V,D,20171118,000000,2.16,2.43,2.16,2.31,0,0
KMD.V,D,20171119,000000,2.38,2.6,2.26,2.34,0,0
KMD.V,D,20171120,000000,2.4,2.56,2.38,2.44,0,0
KMD.V,D,20171121,000000,2.4,2.53,2.29,2.38,0,0
KMD.V,D,20171122,000000,2.42,2.49,2.39,2.44,0,0
KMD.V,D,20171123,000000,2.37,2.5,2.27,2.49,0,0
KMD.V,D,20171124,000000,2.55,2.56,2.33,2.44,0,0
KMD.V,D,20171125,000000,2.61,2.69,2.53,2.64,0,0
KMD.V,D,20171126,000000,2.8,3.05,2.78,2.94,0,0
KMD.V,D,20171127,000000,3.07,3.33,2.97,3.16,0,0
KMD.V,D,20171128,000000,3.22,3.25,2.94,3.13,0,0
KMD.V,D,20171129,000000,3.11,3.11,2.47,2.47,0,0
KMD.V,D,20171130,000000,2.5,2.69,2.29,2.59,0,0
KMD.V,D,20171201,000000,2.82,2.94,2.63,2.72,0,0
KMD.V,D,20171202,000000,2.74,2.84,2.61,2.75,0,0
KMD.V,D,20171203,000000,2.84,3,2.79,2.86,0,0
KMD.V,D,20171204,000000,2.96,3.39,2.93,3.32,0,0
KMD.V,D,20171205,000000,3.33,3.62,3.2,3.36,0,0
KMD.V,D,20171206,000000,3.96,3.97,2.78,2.9,0,0
KMD.V,D,20171207,000000,3.55,5.07,3.27,3.29,0,0
KMD.V,D,20171208,000000,3.13,3.64,2.76,3.35,0,0
KMD.V,D,20171209,000000,3.1,3.46,3.03,3.15,0,0
KMD.V,D,20171210,000000,3.2,3.22,2.72,2.82,0,0
KMD.V,D,20171211,000000,3.13,3.35,2.96,3.27,0,0
KMD.V,D,20171212,000000,3.34,3.73,3.24,3.65,0,0
KMD.V,D,20171213,000000,3.48,3.56,3.26,3.49,0,0
KMD.V,D,20171214,000000,3.53,3.87,3.46,3.7,0,0
KMD.V,D,20171215,000000,3.95,4.83,3.59,4.6,0,0
KMD.V,D,20171216,000000,5.05,5.29,4.39,4.45,0,0
KMD.V,D,20171217,000000,4.38,5.08,4.27,4.79,0,0
KMD.V,D,20171218,000000,4.74,5.84,4.66,5.65,0,0
KMD.V,D,20171219,000000,5.25,6,5.25,5.79,0,0
KMD.V,D,20171220,000000,5.47,8.05,4.96,7.74,0,0
KMD.V,D,20171221,000000,7.35,14.23,7.1,11.18,0,0
KMD.V,D,20171222,000000,9.77,12.13,9.05,11.52,0,0
KMD.V,D,20171223,000000,12.11,12.6,10.53,11.53,0,0
KMD.V,D,20171224,000000,10.93,11.08,9.92,10.53,0,0
KMD.V,D,20171225,000000,10.56,11.18,10.1,10.43,0,0
KMD.V,D,20171226,000000,11.9,11.97,9.45,10.18,0,0
KMD.V,D,20171227,000000,9.94,10.08,8.89,9.81,0,0
KMD.V,D,20171228,000000,9.17,9.3,7.85,9.05,0,0
KMD.V,D,20171229,000000,9.07,10.22,8.68,9.76,0,0
KMD.V,D,20171230,000000,8.49,9.97,7.74,8.94,0,0
KMD.V,D,20171231,000000,9.88,10.38,9.2,9.94,0,0
KMD.V,D,20180101,000000,9.58,9.98,9.12,9.63,0,0
KMD.V,D,20180102,000000,10.57,11.56,9.17,10.47,0,0
KMD.V,D,20180103,000000,10.75,10.88,9.39,10.03,0,0
KMD.V,D,20180104,000000,9.97,12.85,9.06,9.33,0,0
KMD.V,D,20180105,000000,10.49,11.27,7.99,8.47,0,0
KMD.V,D,20180106,000000,8.62,10.02,7.84,9.4,0,0
KMD.V,D,20180107,000000,8.87,11.63,8.67,11.04,0,0
KMD.V,D,20180108,000000,10.29,10.71,8.91,9.57,0,0
KMD.V,D,20180109,000000,9.25,9.3,8.78,8.99,0,0
KMD.V,D,20180110,000000,9.22,9.37,8.14,8.45,0,0
KMD.V,D,20180111,000000,7.54,7.87,6.06,7.25,0,0
KMD.V,D,20180112,000000,7.54,8.58,7.42,8.3,0,0
KMD.V,D,20180113,000000,8.54,9.41,8.44,9.06,0,0
KMD.V,D,20180114,000000,8.66,8.67,7.48,8.03,0,0
KMD.V,D,20180115,000000,8.03,8.48,7.47,7.96,0,0
KMD.V,D,20180116,000000,6.59,6.64,5.09,5.66,0,0
KMD.V,D,20180117,000000,5.57,6.16,5.01,6,0,0
KMD.V,D,20180118,000000,6,6.61,5.66,6.26,0,0
KMD.V,D,20180119,000000,6.45,7.07,6.3,6.79,0,0
KMD.V,D,20180120,000000,7.53,8.79,7.38,8.15,0,0
KMD.V,D,20180121,000000,7.35,7.75,6.59,6.91,0,0
KMD.V,D,20180122,000000,6.47,6.54,5.93,6.2,0,0
KMD.V,D,20180123,000000,6.24,6.72,5.97,6.27,0,0
KMD.V,D,20180124,000000,6.6,7.65,6.53,6.87,0,0
KMD.V,D,20180125,000000,6.69,6.86,6.52,6.67,0,0
KMD.V,D,20180126,000000,6.28,6.75,5.96,6.38,0,0
KMD.V,D,20180127,000000,6.37,6.78,6.25,6.76,0,0
KMD.V,D,20180128,000000,6.76,7.18,6.6,7.05,0,0
KMD.V,D,20180129,000000,7.05,7.26,6,6.95,0,0
KMD.V,D,20180130,000000,6.96,7.17,5.64,5.99,0,0
KMD.V,D,20180131,000000,5.99,6.02,5.4,5.78,0,0
KMD.V,D,20180201,000000,5.78,5.96,4,4.93,0,0
KMD.V,D,20180202,000000,4.91,5,3.57,4.42,0,0
KMD.V,D,20180203,000000,4.42,5.22,4.14,5.07,0,0
KMD.V,D,20180204,000000,5.07,5.26,3.98,4.36,0,0
KMD.V,D,20180205,000000,4.36,4.42,3.05,3.22,0,0
KMD.V,D,20180206,000000,3.22,3.87,2.53,3.69,0,0
KMD.V,D,20180207,000000,3.69,4.2,3.5,3.8,0,0
KMD.V,D,20180208,000000,3.8,4.14,3.59,3.93,0,0
KMD.V,D,20180209,000000,3.93,4.44,3.74,4.3,0,0
KMD.V,D,20180210,000000,4.3,4.69,3.93,4.12,0,0
KMD.V,D,20180211,000000,4.12,4.19,3,4.03,0,0
KMD.V,D,20180212,000000,4.03,4.25,3.89,4.19,0,0
KMD.V,D,20180213,000000,4.19,4.23,3.83,3.95,0,0
KMD.V,D,20180214,000000,3.95,4.54,3.88,4.52,0,0
KMD.V,D,20180215,000000,4.52,5.74,4.46,5.07,0,0
KMD.V,D,20180216,000000,5.07,5.22,4,5.14,0,0
KMD.V,D,20180217,000000,5.14,5.73,5.14,5.4,0,0
KMD.V,D,20180218,000000,5.41,5.53,4,4.87,0,0
KMD.V,D,20180219,000000,4.87,5.09,4,4.9,0,0
KMD.V,D,20180220,000000,4.9,5.14,4.54,4.56,0,0
KMD.V,D,20180221,000000,4.54,4.8,4.18,4.25,0,0
KMD.V,D,20180222,000000,4.25,4.44,3,3.98,0,0
KMD.V,D,20180223,000000,3.98,4.23,3,4.06,0,0
KMD.V,D,20180224,000000,4.06,4.36,3.79,3.89,0,0
KMD.V,D,20180225,000000,3.89,4,3.62,3.88,0,0
KMD.V,D,20180226,000000,3.87,3.98,3.65,3.92,0,0
KMD.V,D,20180227,000000,3.92,4.01,3.78,3.86,0,0
KMD.V,D,20180228,000000,3.86,3.92,3.6,3.65,0,0
KMD.V,D,20180301,000000,3.65,4.04,3.4,3.87,0,0
KMD.V,D,20180302,000000,3.87,4.14,3.74,4.07,0,0
KMD.V,D,20180303,000000,4.07,4.85,4,4.63,0,0
KMD.V,D,20180304,000000,4.63,4.64,4.21,4.42,0,0
KMD.V,D,20180305,000000,4.42,4.55,4.23,4.25,0,0
KMD.V,D,20180306,000000,4.25,4.31,3,3.9,0,0
KMD.V,D,20180307,000000,3.9,3.93,3.26,3.65,0,0
KMD.V,D,20180308,000000,3.65,3.8,3.29,3.31,0,0
KMD.V,D,20180309,000000,3.31,3.37,2.9,3.33,0,0
KMD.V,D,20180310,000000,3.32,3.61,3.22,3.27,0,0
KMD.V,D,20180311,000000,3.28,3.61,3.18,3.52,0,0
KMD.V,D,20180312,000000,3.52,3.83,3.39,3.52,0,0
KMD.V,D,20180313,000000,3.52,3.74,3.37,3.46,0,0
KMD.V,D,20180314,000000,3.46,3.64,3.04,3.11,0,0
KMD.V,D,20180315,000000,3.11,3.15,2.75,2.97,0,0
KMD.V,D,20180316,000000,2.97,3.04,2,2.97,0,0
KMD.V,D,20180317,000000,2.97,2.98,2.55,2.6,0,0
KMD.V,D,20180318,000000,2.6,2.62,2.15,2.48,0,0
KMD.V,D,20180319,000000,2.48,2.98,2.48,2.76,0,0
KMD.V,D,20180320,000000,2.76,3.15,2,3.1,0,0
KMD.V,D,20180321,000000,3.1,3.33,3.04,3.08,0,0
KMD.V,D,20180322,000000,3.08,3.17,2,3.01,0,0
KMD.V,D,20180323,000000,3.01,3.05,2.79,2.87,0,0
KMD.V,D,20180324,000000,2.87,3.28,2.84,3.05,0,0
KMD.V,D,20180325,000000,3.05,3.22,2,3.22,0,0
KMD.V,D,20180326,000000,3.21,3.23,2.7,2.73,0,0
KMD.V,D,20180327,000000,2.73,2.94,2.66,2.82,0,0
KMD.V,D,20180328,000000,2.83,2.85,2.66,2.73,0,0
KMD.V,D,20180329,000000,2.73,2.81,2.34,2.39,0,0
KMD.V,D,20180330,000000,2.39,2.48,2.22,2.39,0,0
KMD.V,D,20180331,000000,2.39,2.46,2.29,2.4,0,0
KMD.V,D,20180401,000000,2.4,2.44,2.18,2.32,0,0
KMD.V,D,20180402,000000,2.32,2.67,2.3,2.5,0,0
KMD.V,D,20180403,000000,2.5,3.01,2.5,2.9,0,0
KMD.V,D,20180404,000000,2.9,3.03,2.45,2.51,0,0
KMD.V,D,20180405,000000,2.51,2.67,2.38,2.47,0,0
KMD.V,D,20180406,000000,2.47,2.59,2.37,2.43,0,0
KMD.V,D,20180407,000000,2.43,2.69,2.4,2.64,0,0
KMD.V,D,20180408,000000,2.64,2.69,2.55,2.64,0,0
KMD.V,D,20180409,000000,2.64,2.79,2.45,2.5,0,0
KMD.V,D,20180410,000000,2.5,2.7,2.46,2.7,0,0
KMD.V,D,20180411,000000,2.7,2.86,2.61,2.81,0,0
KMD.V,D,20180412,000000,2.82,3.19,2,3.03,0,0
KMD.V,D,20180413,000000,3.03,3.5,3,3.27,0,0
KMD.V,D,20180414,000000,3.27,4.05,3.2,3.68,0,0
KMD.V,D,20180415,000000,3.68,3.85,3.58,3.81,0,0
KMD.V,D,20180416,000000,3.81,3.87,3.38,3.53,0,0
KMD.V,D,20180417,000000,3.53,3.7,3.44,3.48,0,0
KMD.V,D,20180418,000000,3.48,3.79,3.46,3.75,0,0
KMD.V,D,20180419,000000,3.75,4,3.72,3.85,0,0
KMD.V,D,20180420,000000,3.85,4,3.73,3.95,0,0
KMD.V,D,20180421,000000,3.95,4.11,3.49,3.83,0,0
KMD.V,D,20180422,000000,3.83,4.04,3.76,3.96,0,0
KMD.V,D,20180423,000000,3.97,4.06,3.87,3.99,0,0
KMD.V,D,20180424,000000,4,4.28,3.99,4.26,0,0
KMD.V,D,20180425,000000,4.26,4.3,3.37,3.74,0,0
KMD.V,D,20180426,000000,3.74,3.77,3.45,3.71,0,0
KMD.V,D,20180427,000000,3.72,3.97,3.68,3.71,0,0
KMD.V,D,20180428,000000,3.71,4.01,3.65,3.88,0,0
KMD.V,D,20180429,000000,3.88,4.3,3.82,4.18,0,0
KMD.V,D,20180430,000000,4.19,4.26,3.97,3.98,0,0
KMD.V,D,20180501,000000,3.98,4.01,3.65,3.92,0,0
KMD.V,D,20180502,000000,3.92,3.98,3.81,3.98,0,0
KMD.V,D,20180503,000000,3.98,4.5,3.91,4.34,0,0
KMD.V,D,20180504,000000,4.34,4.54,4.15,4.34,0,0
KMD.V,D,20180505,000000,4.34,4.34,4.06,4.18,0,0
KMD.V,D,20180506,000000,4.18,4.2,3.72,3.87,0,0
KMD.V,D,20180507,000000,3.87,3.92,3.48,3.71,0,0
KMD.V,D,20180508,000000,3.71,3.83,3.44,3.5,0,0
KMD.V,D,20180509,000000,3.5,3.59,3.2,3.39,0,0
KMD.V,D,20180510,000000,3.39,3.6,3.3,3.35,0,0
KMD.V,D,20180511,000000,3.36,3.36,2.82,2.82,0,0
KMD.V,D,20180512,000000,2.83,3.57,2.83,3.09,0,0
KMD.V,D,20180513,000000,3.09,3.25,2.91,3.17,0,0
KMD.V,D,20180514,000000,3.17,3.25,2.99,3.17,0,0
KMD.V,D,20180515,000000,3.17,3.4,3.1,3.12,0,0
KMD.V,D,20180516,000000,3.12,3.13,2.85,3,0,0
KMD.V,D,20180517,000000,3,3.34,2.95,3.01,0,0
KMD.V,D,20180518,000000,3.01,3.28,2.84,3.11,0,0
KMD.V,D,20180519,000000,3.11,3.41,3.1,3.33,0,0
KMD.V,D,20180520,000000,3.33,3.57,3.3,3.55,0,0
KMD.V,D,20180521,000000,3.55,3.56,3.21,3.31,0,0
KMD.V,D,20180522,000000,3.31,3.35,3.01,3.01,0,0
KMD.V,D,20180523,000000,3.01,3.03,2.6,2.78,0,0
KMD.V,D,20180524,000000,2.78,2.81,2.49,2.65,0,0
KMD.V,D,20180525,000000,2.65,2.76,2.56,2.6,0,0
KMD.V,D,20180526,000000,2.6,2.68,2.49,2.57,0,0
KMD.V,D,20180527,000000,2.57,2.6,2.47,2.49,0,0
KMD.V,D,20180528,000000,2.49,2.59,2.38,2.39,0,0
KMD.V,D,20180529,000000,2.39,2.62,2.25,2.58,0,0
KMD.V,D,20180530,000000,2.58,2.66,2.43,2.45,0,0
KMD.V,D,20180531,000000,2.45,2.63,2.42,2.6,0,0
KMD.V,D,20180601,000000,2.6,2.6,2.47,2.49,0,0
KMD.V,D,20180602,000000,2.49,2.68,2.49,2.63,0,0
KMD.V,D,20180603,000000,2.63,2.73,2.61,2.68,0,0
KMD.V,D,20180604,000000,2.68,2.7,2.49,2.54,0,0
KMD.V,D,20180605,000000,2.54,2.64,2.46,2.58,0,0
KMD.V,D,20180606,000000,2.58,2.61,2.44,2.55,0,0
KMD.V,D,20180607,000000,2.55,2.61,2.49,2.52,0,0
KMD.V,D,20180608,000000,2.52,2.53,2.36,2.45,0,0
KMD.V,D,20180609,000000,2.45,2.51,2.43,2.49,0,0
KMD.V,D,20180610,000000,2.49,2.49,2.11,2.14,0,0
KMD.V,D,20180611,000000,2.14,2.15,2.01,2.04,0,0
KMD.V,D,20180612,000000,2.04,2.15,1.9,1.98,0,0
KMD.V,D,20180613,000000,1.97,1.99,1.75,1.88,0,0
KMD.V,D,20180614,000000,1.88,2.06,1.8,2.03,0,0
KMD.V,D,20180615,000000,2.03,2.06,1.91,1.93,0,0
KMD.V,D,20180616,000000,1.93,2.07,1.88,1.96,0,0
KMD.V,D,20180617,000000,1.96,1.99,1.89,1.93,0,0
KMD.V,D,20180618,000000,1.93,1.99,1.84,1.93,0,0
KMD.V,D,20180619,000000,1.93,1.97,1.84,1.93,0,0
KMD.V,D,20180620,000000,1.93,1.97,1.81,1.89,0,0
KMD.V,D,20180621,000000,1.89,1.89,1.78,1.8,0,0
KMD.V,D,20180622,000000,1.8,1.88,1.5,1.85,0,0
KMD.V,D,20180623,000000,1.85,1.85,1.6,1.74,0,0
KMD.V,D,20180624,000000,1.73,1.75,1.48,1.59,0,0
KMD.V,D,20180625,000000,1.59,1.66,1.56,1.63,0,0
KMD.V,D,20180626,000000,1.63,1.65,1.56,1.6,0,0
KMD.V,D,20180627,000000,1.6,1.6,1.5,1.55,0,0
KMD.V,D,20180628,000000,1.55,1.61,1.41,1.42,0,0
KMD.V,D,20180629,000000,1.42,1.43,1.33,1.36,0,0
KMD.V,D,20180630,000000,1.36,1.62,1.33,1.55,0,0
KMD.V,D,20180701,000000,1.55,1.66,1.5,1.52,0,0
KMD.V,D,20180702,000000,1.52,1.76,1.38,1.72,0,0
KMD.V,D,20180703,000000,1.72,1.76,1.62,1.65,0,0
KMD.V,D,20180704,000000,1.65,1.71,1.57,1.66,0,0
KMD.V,D,20180705,000000,1.66,1.69,1.59,1.64,0,0
KMD.V,D,20180706,000000,1.64,1.72,1.5,1.62,0,0
KMD.V,D,20180707,000000,1.62,1.7,1.55,1.57,0,0
KMD.V,D,20180708,000000,1.57,1.68,1.57,1.65,0,0
KMD.V,D,20180709,000000,1.65,1.68,1.58,1.66,0,0
KMD.V,D,20180710,000000,1.66,1.69,1.47,1.49,0,0
KMD.V,D,20180711,000000,1.49,1.53,1.4,1.47,0,0
KMD.V,D,20180712,000000,1.47,1.58,1.42,1.5,0,0
KMD.V,D,20180713,000000,1.5,1.57,1.48,1.56,0,0
KMD.V,D,20180714,000000,1.57,1.58,1.47,1.51,0,0
KMD.V,D,20180715,000000,1.51,1.56,1.48,1.53,0,0
KMD.V,D,20180716,000000,1.53,1.62,1.48,1.58,0,0
KMD.V,D,20180717,000000,1.58,1.75,1.56,1.72,0,0
KMD.V,D,20180718,000000,1.72,1.86,1.71,1.74,0,0
KMD.V,D,20180719,000000,1.74,1.81,1.63,1.65,0,0
KMD.V,D,20180720,000000,1.65,1.68,1.47,1.5,0,0
KMD.V,D,20180721,000000,1.5,1.6,1.45,1.58,0,0
KMD.V,D,20180722,000000,1.58,1.61,1.53,1.53,0,0
KMD.V,D,20180723,000000,1.53,1.58,1.47,1.48,0,0
KMD.V,D,20180724,000000,1.48,1.54,1.41,1.52,0,0
KMD.V,D,20180725,000000,1.52,1.94,1.51,1.67,0,0
KMD.V,D,20180726,000000,1.67,1.75,1.59,1.59,0,0
KMD.V,D,20180727,000000,1.59,1.62,1.5,1.61,0,0
KMD.V,D,20180728,000000,1.61,1.72,1.61,1.67,0,0
KMD.V,D,20180729,000000,1.67,1.71,1.62,1.66,0,0
KMD.V,D,20180730,000000,1.66,1.73,1.5,1.54,0,0
KMD.V,D,20180731,000000,1.54,1.57,1.39,1.41,0,0
KMD.V,D,20180801,000000,1.41,1.46,1.33,1.35,0,0
KMD.V,D,20180802,000000,1.35,1.41,1.21,1.23,0,0
KMD.V,D,20180803,000000,1.23,1.73,1.17,1.43,0,0
KMD.V,D,20180804,000000,1.43,1.44,1.3,1.34,0,0
KMD.V,D,20180805,000000,1.34,1.51,1.33,1.5,0,0
KMD.V,D,20180806,000000,1.5,1.56,1.39,1.39,0,0
KMD.V,D,20180807,000000,1.39,1.53,1.34,1.37,0,0
KMD.V,D,20180808,000000,1.37,1.38,1.18,1.2,0,0
KMD.V,D,20180809,000000,1.2,1.38,1.18,1.37,0,0
KMD.V,D,20180810,000000,1.36,1.38,1.18,1.18,0,0
KMD.V,D,20180811,000000,1.18,1.25,1.15,1.24,0,0
KMD.V,D,20180812,000000,1.24,1.25,1.15,1.2,0,0
KMD.V,D,20180813,000000,1.2,1.26,1.09,1.11,0,0
KMD.V,D,20180814,000000,1.11,1.11,0.9473,0.9658,0,0
KMD.V,D,20180815,000000,0.9657,1.12,0.9593,1.1,0,0
KMD.V,D,20180816,000000,1.1,1.12,1.02,1.03,0,0
KMD.V,D,20180817,000000,1.03,1.19,1.03,1.16,0,0
KMD.V,D,20180818,000000,1.16,1.25,1.06,1.12,0,0
KMD.V,D,20180819,000000,1.12,1.19,1.08,1.16,0,0
KMD.V,D,20180820,000000,1.16,1.17,1.1,1.15,0,0
KMD.V,D,20180821,000000,1.15,1.15,1.06,1.1,0,0
KMD.V,D,20180822,000000,1.1,1.19,1.05,1.06,0,0
KMD.V,D,20180823,000000,1.06,1.08,1.03,1.07,0,0
KMD.V,D,20180824,000000,1.08,1.15,1.07,1.15,0,0
KMD.V,D,20180825,000000,1.15,1.17,1.1,1.13,0,0
KMD.V,D,20180826,000000,1.13,1.17,1.11,1.14,0,0
KMD.V,D,20180827,000000,1.14,1.2,1.12,1.19,0,0
KMD.V,D,20180828,000000,1.19,1.36,1.19,1.29,0,0
KMD.V,D,20180829,000000,1.29,1.46,1.25,1.38,0,0
KMD.V,D,20180830,000000,1.38,1.41,1.26,1.31,0,0
KMD.V,D,20180831,000000,1.31,1.37,1.27,1.32,0,0
KMD.V,D,20180901,000000,1.32,1.45,1.31,1.42,0,0
KMD.V,D,20180902,000000,1.4,1.42,1.31,1.33,0,0
KMD.V,D,20180903,000000,1.33,1.63,1.31,1.55,0,0
KMD.V,D,20180904,000000,1.55,1.66,1.5,1.55,0,0
KMD.V,D,20180905,000000,1.55,1.58,1.33,1.36,0,0
KMD.V,D,20180906,000000,1.35,1.36,1.1,1.18,0,0
KMD.V,D,20180907,000000,1.18,1.25,1.11,1.16,0,0
KMD.V,D,20180908,000000,1.16,1.17,1.06,1.07,0,0
KMD.V,D,20180909,000000,1.07,1.11,0.9994,1.09,0,0
KMD.V,D,20180910,000000,1.09,1.1,1.04,1.08,0,0
KMD.V,D,20180911,000000,1.08,1.09,0.9813,1.01,0,0
KMD.V,D,20180912,000000,1.01,1.02,0.8984,0.9777,0,0
KMD.V,D,20180913,000000,0.9777,1.06,0.9398,1.01,0,0
KMD.V,D,20180914,000000,1.01,1.06,0.9837,1.03,0,0
KMD.V,D,20180915,000000,1.03,1.08,0.9942,1.06,0,0
KMD.V,D,20180916,000000,1.06,1.09,1.01,1.08,0,0
KMD.V,D,20180917,000000,1.08,1.09,0.9687,0.9919,0,0
KMD.V,D,20180918,000000,0.9919,1.05,0.972,1.02,0,0
KMD.V,D,20180919,000000,1.02,1.04,0.969,1.02,0,0
KMD.V,D,20180920,000000,1.02,1.23,1.01,1.08,0,0
KMD.V,D,20180921,000000,1.08,1.21,1.07,1.17,0,0
KMD.V,D,20180922,000000,1.17,1.2,1.13,1.15,0,0
KMD.V,D,20180923,000000,1.15,1.21,1.15,1.18,0,0
KMD.V,D,20180924,000000,1.18,1.2,1.09,1.14,0,0
KMD.V,D,20180925,000000,1.14,1.15,1.06,1.11,0,0
KMD.V,D,20180926,000000,1.11,1.15,1.09,1.13,0,0
KMD.V,D,20180927,000000,1.13,1.21,1.1,1.19,0,0
KMD.V,D,20180928,000000,1.19,1.24,1.15,1.2,0,0
KMD.V,D,20180929,000000,1.2,1.24,1.16,1.2,0,0
KMD.V,D,20180930,000000,1.2,1.22,1.17,1.19,0,0
KMD.V,D,20181001,000000,1.19,1.22,1.14,1.17,0,0
KMD.V,D,20181002,000000,1.17,1.17,1.12,1.14,0,0
KMD.V,D,20181003,000000,1.14,1.15,1.08,1.1,0,0
KMD.V,D,20181004,000000,1.1,1.15,1.1,1.13,0,0
KMD.V,D,20181005,000000,1.13,1.15,1.11,1.15,0,0
KMD.V,D,20181006,000000,1.15,1.16,1.12,1.13,0,0
KMD.V,D,20181007,000000,1.13,1.14,1.11,1.13,0,0
KMD.V,D,20181008,000000,1.13,1.15,1.11,1.14,0,0
KMD.V,D,20181009,000000,1.14,1.15,1.11,1.13,0,0
KMD.V,D,20181010,000000,1.13,1.22,1.09,1.15,0,0
KMD.V,D,20181011,000000,1.15,1.15,0.9913,1.03,0,0
KMD.V,D,20181012,000000,1.03,1.03,0.984,0.9957,0,0
KMD.V,D,20181013,000000,0.9956,1.01,0.9853,0.9965,0,0
KMD.V,D,20181014,000000,0.9965,1.15,0.992,1.12,0,0
KMD.V,D,20181015,000000,1.12,1.27,1.08,1.2,0,0
KMD.V,D,20181016,000000,1.2,1.29,1.16,1.2,0,0
KMD.V,D,20181017,000000,1.2,1.38,1.18,1.3,0,0
KMD.V,D,20181018,000000,1.3,1.33,1.24,1.32,0,0
KMD.V,D,20181019,000000,1.32,1.33,1.25,1.28,0,0
KMD.V,D,20181020,000000,1.27,1.31,0.8589,1.3,0,0
KMD.V,D,20181021,000000,1.3,1.32,1.28,1.29,0,0
KMD.V,D,20181022,000000,1.29,1.34,1.24,1.32,0,0
KMD.V,D,20181023,000000,1.32,1.36,1.28,1.35,0,0
KMD.V,D,20181024,000000,1.35,1.49,1.31,1.42,0,0
KMD.V,D,20181025,000000,1.42,1.52,1.36,1.37,0,0
KMD.V,D,20181026,000000,1.38,1.41,1.36,1.38,0,0
KMD.V,D,20181027,000000,1.38,1.42,1.38,1.39,0,0
KMD.V,D,20181028,000000,1.39,1.43,1.39,1.41,0,0
KMD.V,D,20181029,000000,1.41,1.42,1.26,1.28,0,0
KMD.V,D,20181030,000000,1.28,1.32,1.26,1.3,0,0
KMD.V,D,20181031,000000,1.3,1.31,1.21,1.26,0,0
KMD.V,D,20181101,000000,1.26,1.31,1.25,1.29,0,0
KMD.V,D,20181102,000000,1.29,1.35,1.29,1.32,0,0
KMD.V,D,20181103,000000,1.32,1.32,1.26,1.27,0,0
KMD.V,D,20181104,000000,1.28,1.34,1.25,1.29,0,0
KMD.V,D,20181105,000000,1.29,1.31,1.23,1.25,0,0
KMD.V,D,20181106,000000,1.25,1.26,1.2,1.25,0,0
KMD.V,D,20181107,000000,1.25,1.26,1.2,1.23,0,0
KMD.V,D,20181108,000000,1.23,1.24,1.19,1.22,0,0
KMD.V,D,20181109,000000,1.22,1.23,1.17,1.17,0,0
KMD.V,D,20181110,000000,1.17,1.2,1.17,1.2,0,0
KMD.V,D,20181111,000000,1.2,1.2,1.14,1.15,0,0
KMD.V,D,20181112,000000,1.15,1.23,1.14,1.2,0,0
KMD.V,D,20181113,000000,1.2,1.24,1.19,1.19,0,0
KMD.V,D,20181114,000000,1.19,1.2,0.9503,1.01,0,0
KMD.V,D,20181115,000000,1.01,1.04,0.9001,0.9532,0,0
KMD.V,D,20181116,000000,0.9532,0.9814,0.9056,0.9098,0,0
KMD.V,D,20181117,000000,0.9102,0.9332,0.8782,0.9106,0,0
KMD.V,D,20181118,000000,0.9106,0.9499,0.9021,0.9172,0,0
KMD.V,D,20181119,000000,0.9171,0.9258,0.7672,0.7907,0,0
KMD.V,D,20181120,000000,0.7902,0.806,0.6295,0.6746,0,0
KMD.V,D,20181121,000000,0.6746,0.7468,0.6584,0.7142,0,0
KMD.V,D,20181122,000000,0.7142,0.7383,0.6848,0.6927,0,0
KMD.V,D,20181123,000000,0.6927,0.6953,0.6238,0.6553,0,0
KMD.V,D,20181124,000000,0.6551,0.6701,0.5213,0.5325,0,0
KMD.V,D,20181125,000000,0.5327,0.5852,0.4879,0.5603,0,0
KMD.V,D,20181126,000000,0.5603,0.5959,0.4916,0.5121,0,0
KMD.V,D,20181127,000000,0.512,0.5686,0.4974,0.5621,0,0
KMD.V,D,20181128,000000,0.5622,0.6805,0.5561,0.647,0,0
KMD.V,D,20181129,000000,0.647,0.7811,0.6438,0.6841,0,0
KMD.V,D,20181130,000000,0.684,0.6989,0.6196,0.6399,0,0
KMD.V,D,20181201,000000,0.6403,0.7216,0.6403,0.6963,0,0
KMD.V,D,20181202,000000,0.6997,0.8065,0.6844,0.7489,0,0
KMD.V,D,20181203,000000,0.7495,0.7551,0.6708,0.6871,0,0
KMD.V,D,20181204,000000,0.686,0.7589,0.6843,0.7018,0,0
KMD.V,D,20181205,000000,0.7017,0.7167,0.6375,0.6477,0,0
KMD.V,D,20181206,000000,0.6474,0.6646,0.565,0.5675,0,0
KMD.V,D,20181207,000000,0.5675,0.5769,0.4926,0.5444,0,0
KMD.V,D,20181208,000000,0.5449,0.6082,0.5236,0.5905,0,0
KMD.V,D,20181209,000000,0.5936,0.6639,0.5777,0.613,0,0
KMD.V,D,20181210,000000,0.6123,0.6288,0.5705,0.5848,0,0
KMD.V,D,20181211,000000,0.5851,0.5851,0.5331,0.5511,0,0
KMD.V,D,20181212,000000,0.5511,0.5803,0.5383,0.5719,0,0
KMD.V,D,20181213,000000,0.5719,0.6041,0.5414,0.5474,0,0
KMD.V,D,20181214,000000,0.5475,0.5676,0.5217,0.5431,0,0
KMD.V,D,20181215,000000,0.543,0.5668,0.51,0.525,0,0
KMD.V,D,20181216,000000,0.525,0.5392,0.514,0.5251,0,0
KMD.V,D,20181217,000000,0.5258,0.594,0.5179,0.5604,0,0
KMD.V,D,20181218,000000,0.5604,0.5907,0.5463,0.588,0,0
KMD.V,D,20181219,000000,0.5879,0.6878,0.5876,0.6302,0,0
KMD.V,D,20181220,000000,0.6301,0.8064,0.6072,0.752,0,0
KMD.V,D,20181221,000000,0.7525,0.7801,0.7014,0.7224,0,0
KMD.V,D,20181222,000000,0.7228,0.7575,0.7121,0.7348,0,0
KMD.V,D,20181223,000000,0.7347,0.7774,0.7237,0.7316,0,0
KMD.V,D,20181224,000000,0.7316,0.8021,0.7126,0.7397,0,0
KMD.V,D,20181225,000000,0.7397,0.7558,0.6493,0.7114,0,0
KMD.V,D,20181226,000000,0.7114,0.7468,0.654,0.7051,0,0
KMD.V,D,20181227,000000,0.7052,0.7984,0.6802,0.7142,0,0
KMD.V,D,20181228,000000,0.714,0.8311,0.7034,0.7954,0,0
KMD.V,D,20181229,000000,0.7952,0.8808,0.7796,0.8527,0,0
KMD.V,D,20181230,000000,0.8525,0.9143,0.7869,0.8684,0,0
KMD.V,D,20181231,000000,0.8665,0.9644,0.8076,0.8131,0,0
KMD.V,D,20190101,000000,0.8131,0.8255,0.7636,0.8062,0,0
KMD.V,D,20190102,000000,0.8062,0.8372,0.771,0.8152,0,0
KMD.V,D,20190103,000000,0.8151,0.8209,0.7529,0.7566,0,0
KMD.V,D,20190104,000000,0.7566,0.7855,0.7427,0.7726,0,0
KMD.V,D,20190105,000000,0.7726,0.8047,0.7592,0.7816,0,0
KMD.V,D,20190106,000000,0.7816,0.8186,0.7648,0.7863,0,0
KMD.V,D,20190107,000000,0.7864,0.7944,0.7573,0.7699,0,0
KMD.V,D,20190108,000000,0.7699,0.7957,0.7608,0.7847,0,0
KMD.V,D,20190109,000000,0.7847,0.8063,0.7773,0.7982,0,0
KMD.V,D,20190110,000000,0.7982,0.8057,0.6457,0.6713,0,0
KMD.V,D,20190111,000000,0.6714,0.6968,0.6533,0.671,0,0
KMD.V,D,20190112,000000,0.6713,0.6802,0.6576,0.6716,0,0
KMD.V,D,20190113,000000,0.6715,0.6814,0.6263,0.6348,0,0
KMD.V,D,20190114,000000,0.6352,0.6927,0.6328,0.6717,0,0
KMD.V,D,20190115,000000,0.6717,0.6855,0.624,0.6331,0,0
KMD.V,D,20190116,000000,0.6333,0.6832,0.6326,0.6762,0,0
KMD.V,D,20190117,000000,0.6763,0.7009,0.6703,0.6989,0,0
KMD.V,D,20190118,000000,0.6989,0.7298,0.6579,0.6662,0,0
KMD.V,D,20190119,000000,0.6655,0.7367,0.6589,0.7143,0,0
KMD.V,D,20190120,000000,0.7143,0.7237,0.647,0.656,0,0
KMD.V,D,20190121,000000,0.6559,0.663,0.637,0.6477,0,0
KMD.V,D,20190122,000000,0.6478,0.6662,0.6263,0.6645,0,0
KMD.V,D,20190123,000000,0.6644,0.6768,0.6463,0.6592,0,0
KMD.V,D,20190124,000000,0.6606,0.6708,0.6449,0.6649,0,0
KMD.V,D,20190125,000000,0.6648,0.7097,0.6523,0.6974,0,0
KMD.V,D,20190126,000000,0.6975,0.7124,0.6808,0.6902,0,0
KMD.V,D,20190127,000000,0.6902,0.6924,0.6545,0.6769,0,0
KMD.V,D,20190128,000000,0.6769,0.7082,0.6172,0.6309,0,0
KMD.V,D,20190129,000000,0.631,0.6431,0.5928,0.6115,0,0
KMD.V,D,20190130,000000,0.6114,0.6519,0.6025,0.6519,0,0
KMD.V,D,20190131,000000,0.6519,0.6548,0.6166,0.6229,0,0
KMD.V,D,20190201,000000,0.6229,0.6502,0.6108,0.6481,0,0
KMD.V,D,20190202,000000,0.6481,0.6546,0.6387,0.6514,0,0
KMD.V,D,20190203,000000,0.6513,0.6606,0.6366,0.641,0,0
KMD.V,D,20190204,000000,0.641,0.6532,0.6372,0.6433,0,0
KMD.V,D,20190205,000000,0.6434,0.6493,0.6169,0.6172,0,0
KMD.V,D,20190206,000000,0.6161,0.6187,0.5849,0.5873,0,0
KMD.V,D,20190207,000000,0.5876,0.6306,0.5858,0.5966,0,0
KMD.V,D,20190208,000000,0.5966,0.6671,0.5888,0.6427,0,0
KMD.V,D,20190209,000000,0.6427,0.6736,0.6327,0.6448,0,0
KMD.V,D,20190210,000000,0.6449,0.6693,0.6339,0.6579,0,0
KMD.V,D,20190211,000000,0.6546,0.721,0.6399,0.6896,0,0
KMD.V,D,20190212,000000,0.6896,0.8121,0.6691,0.767,0,0
KMD.V,D,20190213,000000,0.767,0.8561,0.7272,0.8086,0,0
KMD.V,D,20190214,000000,0.8086,0.8724,0.7668,0.7692,0,0
KMD.V,D,20190215,000000,0.7693,0.778,0.7305,0.7421,0,0
KMD.V,D,20190216,000000,0.7421,0.7713,0.7296,0.7593,0,0
KMD.V,D,20190217,000000,0.7593,0.9549,0.7564,0.8828,0,0
KMD.V,D,20190218,000000,0.8829,1.11,0.8621,0.9992,0,0
KMD.V,D,20190219,000000,0.9993,1.01,0.9011,0.9414,0,0
KMD.V,D,20190220,000000,0.9414,1.05,0.9164,1.03,0,0
KMD.V,D,20190221,000000,1.03,1.03,0.9021,0.9238,0,0
KMD.V,D,20190222,000000,0.9238,0.9569,0.9098,0.9521,0,0
KMD.V,D,20190223,000000,0.9522,0.9841,0.9273,0.974,0,0
KMD.V,D,20190224,000000,0.9741,1.12,0.9289,0.9567,0,0
KMD.V,D,20190225,000000,0.9567,0.9965,0.9154,0.9557,0,0
KMD.V,D,20190226,000000,0.9549,1.02,0.9325,1,0,0
KMD.V,D,20190227,000000,1,1.09,0.9193,0.9664,0,0
KMD.V,D,20190228,000000,1,1.04,0.9918,1.03,0,0
KMD.V,D,20190301,000000,1.03,1.08,1.01,1.02,0,0
KMD.V,D,20190302,000000,1.02,1.03,0.9526,0.9788,0,0
KMD.V,D,20190303,000000,0.9789,0.9821,0.9209,0.9253,0,0
KMD.V,D,20190304,000000,0.9253,0.9366,0.8322,0.8711,0,0
KMD.V,D,20190305,000000,0.8712,0.9636,0.8675,0.9393,0,0
KMD.V,D,20190306,000000,0.939,0.9673,0.9236,0.9305,0,0
KMD.V,D,20190307,000000,0.9305,0.957,0.9082,0.9236,0,0
KMD.V,D,20190308,000000,0.9238,0.9331,0.8829,0.893,0,0
KMD.V,D,20190309,000000,0.8928,0.9526,0.8918,0.9513,0,0
KMD.V,D,20190310,000000,0.9515,0.9541,0.916,0.9295,0,0
KMD.V,D,20190311,000000,0.9294,0.946,0.8899,0.8975,0,0
KMD.V,D,20190312,000000,0.8975,0.9934,0.887,0.9308,0,0
KMD.V,D,20190313,000000,0.9308,1.5,0.9217,1.08,0,0
KMD.V,D,20190314,000000,1.08,1.11,0.9704,1.02,0,0
KMD.V,D,20190315,000000,1.02,1.19,0.9886,1.14,0,0
KMD.V,D,20190316,000000,1.14,1.14,1.05,1.11,0,0
KMD.V,D,20190317,000000,1.11,1.11,1.06,1.1,0,0
KMD.V,D,20190318,000000,1.1,1.14,1.02,1.07,0,0
KMD.V,D,20190319,000000,1.07,1.09,1.05,1.08,0,0
KMD.V,D,20190320,000000,1.08,1.11,1.05,1.1,0,0
KMD.V,D,20190321,000000,1.1,1.14,1.01,1.06,0,0
KMD.V,D,20190322,000000,1.06,1.07,1.03,1.05,0,0
KMD.V,D,20190323,000000,1.05,1.07,1.05,1.06,0,0
KMD.V,D,20190324,000000,1.06,1.06,1.03,1.04,0,0
KMD.V,D,20190325,000000,1.04,1.08,0.9841,1.01,0,0
KMD.V,D,20190326,000000,1.01,1.02,0.9733,1.01,0,0
KMD.V,D,20190327,000000,1.01,1.06,0.9995,1.06,0,0
KMD.V,D,20190328,000000,1.06,1.14,1.04,1.13,0,0
KMD.V,D,20190329,000000,1.13,1.13,1.09,1.1,0,0
KMD.V,D,20190330,000000,1.1,1.13,1.07,1.11,0,0
KMD.V,D,20190331,000000,1.11,1.14,1.09,1.12,0,0
KMD.V,D,20190401,000000,1.12,1.15,1.11,1.15,0,0
KMD.V,D,20190402,000000,1.15,1.26,1.12,1.24,0,0
KMD.V,D,20190403,000000,1.24,1.33,1.22,1.25,0,0
KMD.V,D,20190404,000000,1.25,1.27,1.16,1.21,0,0
KMD.V,D,20190405,000000,1.21,1.26,1.19,1.24,0,0
KMD.V,D,20190406,000000,1.24,1.26,1.17,1.19,0,0
KMD.V,D,20190407,000000,1.19,1.24,1.19,1.22,0,0
KMD.V,D,20190408,000000,1.22,1.25,1.19,1.23,0,0
KMD.V,D,20190409,000000,1.23,1.25,1.17,1.19,0,0
KMD.V,D,20190410,000000,1.19,1.22,1.13,1.15,0,0
KMD.V,D,20190411,000000,1.15,1.16,0.9982,1.04,0,0
KMD.V,D,20190412,000000,1.04,1.15,0.99,1.13,0,0
KMD.V,D,20190413,000000,1.13,1.14,1.08,1.09,0,0
KMD.V,D,20190414,000000,1.09,1.1,1.06,1.08,0,0
KMD.V,D,20190415,000000,1.08,1.1,1,1.02,0,0
KMD.V,D,20190416,000000,1.02,1.06,1.01,1.05,0,0
KMD.V,D,20190417,000000,1.05,1.21,1.04,1.17,0,0
KMD.V,D,20190418,000000,1.17,1.18,1.11,1.12,0,0
KMD.V,D,20190419,000000,1.12,1.16,1.1,1.14,0,0
KMD.V,D,20190420,000000,1.14,1.17,1.09,1.1,0,0
KMD.V,D,20190421,000000,1.1,1.12,1.05,1.08,0,0
KMD.V,D,20190422,000000,1.08,1.11,1.07,1.1,0,0
KMD.V,D,20190423,000000,1.1,1.1,1.04,1.07,0,0
KMD.V,D,20190424,000000,1.07,1.08,0.9548,0.9867,0,0
KMD.V,D,20190425,000000,0.9866,1.06,0.9744,0.9928,0,0
KMD.V,D,20190426,000000,0.9929,0.9929,0.9026,0.9656,0,0
KMD.V,D,20190427,000000,0.965,1.01,0.9358,1.01,0,0
KMD.V,D,20190428,000000,1.01,1.02,0.9826,1,0,0
KMD.V,D,20190429,000000,1,1.03,0.9335,0.9393,0,0
KMD.V,D,20190430,000000,0.9392,0.9874,0.9274,0.9753,0,0
KMD.V,D,20190501,000000,0.9752,0.994,0.9559,0.9719,0,0
KMD.V,D,20190502,000000,0.9716,1.04,0.9654,1.03,0,0
KMD.V,D,20190503,000000,1.03,1.07,1,1.04,0,0
KMD.V,D,20190504,000000,1.04,1.06,0.9936,1.04,0,0
KMD.V,D,20190505,000000,1.04,1.06,1.02,1.05,0,0
KMD.V,D,20190506,000000,1.05,1.09,1.01,1.08,0,0
KMD.V,D,20190507,000000,1.08,1.15,1.05,1.15,0,0
KMD.V,D,20190508,000000,1.15,1.21,1.09,1.19,0,0
KMD.V,D,20190509,000000,1.19,1.21,1.11,1.14,0,0
KMD.V,D,20190510,000000,1.14,1.21,1.1,1.12,0,0
KMD.V,D,20190511,000000,1.12,1.2,1.12,1.19,0,0
KMD.V,D,20190512,000000,1.19,1.23,1.07,1.1,0,0
KMD.V,D,20190513,000000,1.1,1.18,1.07,1.12,0,0
KMD.V,D,20190514,000000,1.12,1.18,1.08,1.14,0,0
KMD.V,D,20190515,000000,1.14,1.28,1.13,1.25,0,0
KMD.V,D,20190516,000000,1.26,1.34,1.14,1.21,0,0
KMD.V,D,20190517,000000,1.21,1.24,0.9659,1.2,0,0
KMD.V,D,20190518,000000,1.2,1.21,1.1,1.14,0,0
KMD.V,D,20190519,000000,1.14,1.19,1.12,1.16,0,0
KMD.V,D,20190520,000000,1.16,1.18,1.08,1.13,0,0
KMD.V,D,20190521,000000,1.13,1.22,1.09,1.18,0,0
KMD.V,D,20190522,000000,1.18,1.26,1.12,1.12,0,0
KMD.V,D,20190523,000000,1.12,1.21,1.06,1.17,0,0
KMD.V,D,20190524,000000,1.17,1.25,1.17,1.18,0,0
KMD.V,D,20190525,000000,1.18,1.25,1.17,1.19,0,0
KMD.V,D,20190526,000000,1.19,1.44,1.17,1.32,0,0
KMD.V,D,20190527,000000,1.32,1.4,1.24,1.32,0,0
KMD.V,D,20190528,000000,1.32,1.42,1.25,1.42,0,0
KMD.V,D,20190529,000000,1.42,1.54,1.32,1.5,0,0
KMD.V,D,20190530,000000,1.5,1.73,1.31,1.35,0,0
KMD.V,D,20190531,000000,1.35,1.45,1.31,1.41,0,0
KMD.V,D,20190601,000000,1.41,1.54,1.36,1.49,0,0
KMD.V,D,20190602,000000,1.49,1.74,1.44,1.59,0,0
KMD.V,D,20190603,000000,1.59,1.65,1.47,1.64,0,0
KMD.V,D,20190604,000000,1.64,1.64,1.38,1.48,0,0
KMD.V,D,20190605,000000,1.48,1.59,1.39,1.48,0,0
KMD.V,D,20190606,000000,1.48,1.56,1.46,1.53,0,0
KMD.V,D,20190607,000000,1.53,1.63,1.52,1.54,0,0
KMD.V,D,20190608,000000,1.54,1.74,1.54,1.72,0,0
KMD.V,D,20190609,000000,1.72,1.72,1.58,1.59,0,0
KMD.V,D,20190610,000000,1.59,1.71,1.55,1.647,0,0
KMD.V,D,20190611,000000,1.644,1.659,1.55,1.594,0,0
KMD.V,D,20190612,000000,1.594,1.713,1.576,1.661,0,0
KMD.V,D,20190613,000000,1.661,1.728,1.622,1.701,0,0
KMD.V,D,20190614,000000,1.701,1.72,1.543,1.57,0,0
KMD.V,D,20190615,000000,1.571,1.666,1.556,1.592,0,0
KMD.V,D,20190616,000000,1.592,1.701,1.546,1.628,0,0
KMD.V,D,20190617,000000,1.628,1.703,1.593,1.633,0,0
KMD.V,D,20190618,000000,1.633,1.644,1.5,1.502,0,0
KMD.V,D,20190619,000000,1.503,1.569,1.491,1.546,0,0
KMD.V,D,20190620,000000,1.547,1.548,1.39,1.405,0,0
KMD.V,D,20190621,000000,1.405,1.474,1.36,1.399,0,0
KMD.V,D,20190622,000000,1.399,1.462,1.289,1.414,0,0
KMD.V,D,20190623,000000,1.414,1.542,1.33,1.357,0,0
KMD.V,D,20190624,000000,1.355,1.429,1.312,1.4,0,0
KMD.V,D,20190625,000000,1.4,1.415,1.317,1.332,0,0
KMD.V,D,20190626,000000,1.332,1.367,1.178,1.227,0,0
KMD.V,D,20190627,000000,1.228,1.266,1.078,1.105,0,0
KMD.V,D,20190628,000000,1.105,1.433,1.073,1.344,0,0
KMD.V,D,20190629,000000,1.344,1.437,1.229,1.359,0,0
KMD.V,D,20190630,000000,1.359,1.416,1.261,1.402,0,0
KMD.V,D,20190701,000000,1.401,1.47,1.316,1.401,0,0
KMD.V,D,20190702,000000,1.403,1.404,1.255,1.343,0,0
KMD.V,D,20190703,000000,1.344,1.407,1.319,1.345,0,0
KMD.V,D,20190704,000000,1.345,1.6,1.281,1.53,0,0
KMD.V,D,20190705,000000,1.53,1.722,1.406,1.696,0,0
KMD.V,D,20190706,000000,1.696,1.867,1.575,1.637,0,0
KMD.V,D,20190707,000000,1.636,1.889,1.628,1.728,0,0
KMD.V,D,20190708,000000,1.729,1.729,1.488,1.532,0,0
KMD.V,D,20190709,000000,1.532,1.675,1.466,1.494,0,0
KMD.V,D,20190710,000000,1.494,1.557,1.317,1.318,0,0
KMD.V,D,20190711,000000,1.317,1.551,1.283,1.426,0,0
KMD.V,D,20190712,000000,1.426,1.633,1.331,1.555,0,0
KMD.V,D,20190713,000000,1.555,1.623,1.454,1.475,0,0
KMD.V,D,20190714,000000,1.475,1.492,1.241,1.368,0,0
KMD.V,D,20190715,000000,1.367,1.421,1.234,1.303,0,0
KMD.V,D,20190716,000000,1.304,1.407,1.184,1.225,0,0
KMD.V,D,20190717,000000,1.227,1.302,1.129,1.285,0,0
KMD.V,D,20190718,000000,1.284,1.328,1.156,1.249,0,0
KMD.V,D,20190719,000000,1.249,1.306,1.176,1.241,0,0
KMD.V,D,20190720,000000,1.241,1.278,1.221,1.246,0,0
KMD.V,D,20190721,000000,1.246,1.25,1.179,1.203,0,0
KMD.V,D,20190722,000000,1.203,1.209,1.144,1.173,0,0
KMD.V,D,20190723,000000,1.173,1.324,1.134,1.226,0,0
KMD.V,D,20190724,000000,1.226,1.23,1.117,1.152,0,0
KMD.V,D,20190725,000000,1.152,1.202,1.145,1.176,0,0
KMD.V,D,20190726,000000,1.176,1.19,1.146,1.173,0,0
KMD.V,D,20190727,000000,1.173,1.202,1.106,1.125,0,0
KMD.V,D,20190728,000000,1.125,1.134,1.107,1.112,0,0
KMD.V,D,20190729,000000,1.112,1.143,1.071,1.105,0,0
KMD.V,D,20190730,000000,1.104,1.107,1.05,1.058,0,0
KMD.V,D,20190731,000000,1.059,1.087,1.026,1.032,0,0
KMD.V,D,20190801,000000,1.032,1.049,0.9824,0.9903,0,0
KMD.V,D,20190802,000000,0.9902,1.096,0.9862,1.083,0,0
KMD.V,D,20190803,000000,1.083,1.108,1.016,1.022,0,0
KMD.V,D,20190804,000000,1.022,1.038,0.9863,0.9978,0,0
KMD.V,D,20190805,000000,0.9978,1.017,0.9754,1,0,0
KMD.V,D,20190806,000000,1,1.008,0.8884,0.9016,0,0
KMD.V,D,20190807,000000,0.9011,0.9233,0.8529,0.8592,0,0
KMD.V,D,20190808,000000,0.859,0.8739,0.833,0.8642,0,0
KMD.V,D,20190809,000000,0.8643,0.9128,0.831,0.8432,0,0
KMD.V,D,20190810,000000,0.8432,0.8539,0.7926,0.8206,0,0
KMD.V,D,20190811,000000,0.8207,0.88,0.8126,0.8564,0,0
KMD.V,D,20190812,000000,0.8563,0.9735,0.8451,0.9102,0,0
KMD.V,D,20190813,000000,0.9102,0.9863,0.8501,0.8839,0,0
KMD.V,D,20190814,000000,0.8838,0.8916,0.7882,0.8084,0,0
KMD.V,D,20190815,000000,0.8086,0.8319,0.7576,0.8131,0,0
KMD.V,D,20190816,000000,0.8131,0.8247,0.7633,0.7809,0,0
KMD.V,D,20190817,000000,0.7809,0.7926,0.7691,0.7743,0,0
KMD.V,D,20190818,000000,0.7743,0.8252,0.7724,0.8235,0,0
KMD.V,D,20190819,000000,0.8236,0.8479,0.8065,0.8127,0,0
KMD.V,D,20190820,000000,0.8126,0.8221,0.7827,0.7915,0,0
KMD.V,D,20190821,000000,0.7917,0.795,0.7296,0.7503,0,0
KMD.V,D,20190822,000000,0.7503,0.791,0.7418,0.7836,0,0
KMD.V,D,20190823,000000,0.7837,0.8698,0.7762,0.8587,0,0
KMD.V,D,20190824,000000,0.8589,0.8918,0.8046,0.8456,0,0
KMD.V,D,20190825,000000,0.8456,0.8534,0.8003,0.8089,0,0
KMD.V,D,20190826,000000,0.8089,0.8554,0.804,0.8308,0,0
KMD.V,D,20190827,000000,0.8309,0.8419,0.7583,0.7673,0,0
KMD.V,D,20190828,000000,0.7673,0.7769,0.6921,0.6963,0,0
KMD.V,D,20190829,000000,0.6963,0.6997,0.6645,0.6828,0,0
KMD.V,D,20190830,000000,0.6829,0.6902,0.6672,0.6799,0,0
KMD.V,D,20190831,000000,0.6799,0.7242,0.6674,0.6798,0,0
KMD.V,D,20190901,000000,0.6798,0.6844,0.6452,0.653,0,0
KMD.V,D,20190902,000000,0.6533,0.6956,0.6487,0.6887,0,0
KMD.V,D,20190903,000000,0.6888,0.7581,0.6568,0.721,0,0
KMD.V,D,20190904,000000,0.721,0.7239,0.6775,0.6824,0,0
KMD.V,D,20190905,000000,0.6825,0.7062,0.6674,0.7039,0,0
KMD.V,D,20190906,000000,0.7039,0.7736,0.6955,0.7114,0,0
KMD.V,D,20190907,000000,0.7113,0.7648,0.7045,0.7601,0,0
KMD.V,D,20190908,000000,0.7598,0.7646,0.7277,0.7341,0,0
KMD.V,D,20190909,000000,0.7343,0.7389,0.6817,0.7037,0,0
KMD.V,D,20190910,000000,0.7037,0.7182,0.679,0.6842,0,0
KMD.V,D,20190911,000000,0.6843,0.6908,0.6632,0.6786,0,0
KMD.V,D,20190912,000000,0.6784,0.7165,0.6593,0.6842,0,0
KMD.V,D,20190913,000000,0.6841,0.6882,0.674,0.6796,0,0
KMD.V,D,20190914,000000,0.6795,0.6964,0.6742,0.6868,0,0
KMD.V,D,20190915,000000,0.687,0.7007,0.6794,0.6933,0,0
KMD.V,D,20190916,000000,0.6934,0.7025,0.6572,0.6747,0,0
KMD.V,D,20190917,000000,0.6747,0.7024,0.6643,0.6952,0,0
KMD.V,D,20190918,000000,0.6952,0.7451,0.678,0.7303,0,0
KMD.V,D,20190919,000000,0.7304,0.7328,0.6796,0.6973,0,0
KMD.V,D,20190920,000000,0.6973,0.7087,0.6846,0.6878,0,0
KMD.V,D,20190921,000000,0.6876,0.7012,0.6819,0.6925,0,0
KMD.V,D,20190922,000000,0.6924,0.6944,0.6718,0.6941,0,0
KMD.V,D,20190923,000000,0.6943,0.6991,0.6555,0.6617,0,0
KMD.V,D,20190924,000000,0.6615,0.6651,0.5409,0.5797,0,0
KMD.V,D,20190925,000000,0.5797,0.5875,0.5495,0.5861,0,0
KMD.V,D,20190926,000000,0.5861,0.5887,0.5187,0.5497,0,0
KMD.V,D,20190927,000000,0.5498,0.6041,0.5426,0.5985,0,0
KMD.V,D,20190928,000000,0.5987,0.6012,0.5723,0.5904,0,0
KMD.V,D,20190929,000000,0.5903,0.597,0.5571,0.567,0,0
KMD.V,D,20190930,000000,0.5669,0.5909,0.5668,0.5894,0,0
KMD.V,D,20191001,000000,0.587,0.609,0.5761,0.5842,0,0
KMD.V,D,20191002,000000,0.5843,0.5919,0.5745,0.5918,0,0
KMD.V,D,20191003,000000,0.5918,0.6068,0.5784,0.5855,0,0
KMD.V,D,20191004,000000,0.5853,0.62,0.5753,0.6128,0,0
KMD.V,D,20191005,000000,0.6128,0.6203,0.593,0.6065,0,0
KMD.V,D,20191006,000000,0.6063,0.6157,0.5873,0.5947,0,0
KMD.V,D,20191007,000000,0.5945,0.6409,0.5857,0.6202,0,0
KMD.V,D,20191008,000000,0.6201,0.6358,0.6047,0.6265,0,0
KMD.V,D,20191009,000000,0.6266,0.6462,0.5847,0.6047,0,0
KMD.V,D,20191010,000000,0.6049,0.6112,0.5782,0.5913,0,0
KMD.V,D,20191011,000000,0.5916,0.7016,0.5908,0.6354,0,0
KMD.V,D,20191012,000000,0.6367,0.6413,0.6047,0.6135,0,0
KMD.V,D,20191013,000000,0.6134,0.6179,0.6011,0.6067,0,0
KMD.V,D,20191014,000000,0.608,0.6119,0.5957,0.5971,0,0
KMD.V,D,20191015,000000,0.5971,0.6071,0.5794,0.5809,0,0
KMD.V,D,20191016,000000,0.5808,0.5884,0.5481,0.557,0,0
KMD.V,D,20191017,000000,0.5569,0.5828,0.5529,0.5737,0,0
KMD.V,D,20191018,000000,0.5735,0.5778,0.5477,0.5595,0,0
KMD.V,D,20191019,000000,0.5595,0.5689,0.5501,0.5562,0,0
KMD.V,D,20191020,000000,0.5562,0.5669,0.5474,0.5585,0,0
KMD.V,D,20191021,000000,0.5584,0.5659,0.5479,0.5606,0,0
KMD.V,D,20191022,000000,0.5603,0.5652,0.5434,0.5434,0,0
KMD.V,D,20191023,000000,0.5433,0.5449,0.4772,0.4885,0,0
KMD.V,D,20191024,000000,0.4885,0.503,0.4793,0.4985,0,0
KMD.V,D,20191025,000000,0.4985,0.5409,0.49,0.5301,0,0
KMD.V,D,20191026,000000,0.5301,0.562,0.5045,0.5246,0,0
KMD.V,D,20191027,000000,0.5246,0.5894,0.5122,0.5577,0,0
KMD.V,D,20191028,000000,0.5582,0.5963,0.5478,0.5802,0,0
KMD.V,D,20191029,000000,0.5805,0.5824,0.556,0.5606,0,0
KMD.V,D,20191030,000000,0.5604,0.5615,0.5379,0.5513,0,0
KMD.V,D,20191031,000000,0.5514,0.5528,0.5238,0.5382,0,0
KMD.V,D,20191101,000000,0.5383,0.5545,0.5369,0.5462,0,0
KMD.V,D,20191102,000000,0.5458,0.6031,0.5458,0.5797,0,0
KMD.V,D,20191103,000000,0.5798,0.6184,0.573,0.6014,0,0
KMD.V,D,20191104,000000,0.6014,0.7041,0.5862,0.6769,0,0
KMD.V,D,20191105,000000,0.6769,0.7453,0.6398,0.7172,0,0
KMD.V,D,20191106,000000,0.7172,0.78,0.7171,0.7496,0,0
KMD.V,D,20191107,000000,0.7493,0.753,0.6879,0.6986,0,0
KMD.V,D,20191108,000000,0.6985,0.7293,0.666,0.7167,0,0
KMD.V,D,20191109,000000,0.7167,0.859,0.696,0.8399,0,0
KMD.V,D,20191110,000000,0.8472,0.86,0.7879,0.7934,0,0
KMD.V,D,20191111,000000,0.7938,0.8409,0.7769,0.7805,0,0
KMD.V,D,20191112,000000,0.7819,0.9198,0.7581,0.9113,0,0
KMD.V,D,20191113,000000,0.9087,0.9949,0.8596,0.9721,0,0
KMD.V,D,20191114,000000,0.9718,0.9773,0.8478,0.8946,0,0
KMD.V,D,20191115,000000,0.8946,0.9161,0.8381,0.9161,0,0
KMD.V,D,20191116,000000,0.9163,0.9381,0.9016,0.9124,0,0
KMD.V,D,20191117,000000,0.9123,1.028,0.9011,0.9957,0,0
KMD.V,D,20191118,000000,0.9959,1.027,0.8817,0.9,0,0
KMD.V,D,20191119,000000,0.899,0.9475,0.8286,0.8744,0,0
KMD.V,D,20191120,000000,0.8745,0.8896,0.7815,0.784,0,0
KMD.V,D,20191121,000000,0.784,0.8056,0.6944,0.7183,0,0
KMD.V,D,20191122,000000,0.7184,0.7208,0.6111,0.6584,0,0
KMD.V,D,20191123,000000,0.658,0.724,0.6511,0.6843,0,0
KMD.V,D,20191124,000000,0.6843,0.7043,0.6181,0.6407,0,0
KMD.V,D,20191125,000000,0.6407,0.6798,0.5361,0.6452,0,0
KMD.V,D,20191126,000000,0.6452,0.6835,0.6377,0.6742,0,0
KMD.V,D,20191127,000000,0.6741,0.7081,0.6338,0.6843,0,0
KMD.V,D,20191128,000000,0.6844,0.7347,0.676,0.7014,0,0
KMD.V,D,20191129,000000,0.7069,0.7669,0.6798,0.7499,0,0
KMD.V,D,20191130,000000,0.75,0.7603,0.7055,0.7179,0,0
KMD.V,D,20191201,000000,0.7179,0.7327,0.6264,0.6643,0,0
KMD.V,D,20191202,000000,0.6643,0.6957,0.6164,0.6388,0,0
KMD.V,D,20191203,000000,0.6386,0.8817,0.6241,0.6859,0,0
KMD.V,D,20191204,000000,0.686,0.7127,0.6398,0.6501,0,0
KMD.V,D,20191205,000000,0.65,0.6546,0.6209,0.6423,0,0
KMD.V,D,20191206,000000,0.6424,0.6527,0.6266,0.6462,0,0
KMD.V,D,20191207,000000,0.6461,0.7303,0.6307,0.6709,0,0
KMD.V,D,20191208,000000,0.671,0.6743,0.6409,0.6718,0,0
KMD.V,D,20191209,000000,0.6717,0.6724,0.6295,0.6369,0,0
KMD.V,D,20191210,000000,0.6369,0.6406,0.5684,0.5699,0,0
KMD.V,D,20191211,000000,0.5701,0.6178,0.5332,0.606,0,0
KMD.V,D,20191212,000000,0.6062,0.6099,0.5745,0.577,0,0
KMD.V,D,20191213,000000,0.5773,0.5994,0.5773,0.5839,0,0
KMD.V,D,20191214,000000,0.5835,0.5982,0.5659,0.5772,0,0
KMD.V,D,20191215,000000,0.5772,0.5984,0.5484,0.5962,0,0
KMD.V,D,20191216,000000,0.5962,0.6098,0.5524,0.5632,0,0
KMD.V,D,20191217,000000,0.5631,0.565,0.4894,0.4915,0,0
KMD.V,D,20191218,000000,0.4898,0.5576,0.4769,0.5466,0,0
KMD.V,D,20191219,000000,0.5493,0.5575,0.5183,0.547,0,0
KMD.V,D,20191220,000000,0.5473,0.5634,0.5397,0.5539,0,0
KMD.V,D,20191221,000000,0.5538,0.5543,0.5389,0.5428,0,0
KMD.V,D,20191222,000000,0.5428,0.5576,0.5316,0.5549,0,0
KMD.V,D,20191223,000000,0.5549,0.6109,0.5403,0.5444,0,0
KMD.V,D,20191224,000000,0.5443,0.5617,0.539,0.5487,0,0
KMD.V,D,20191225,000000,0.5486,0.5517,0.527,0.5347,0,0
KMD.V,D,20191226,000000,0.5347,0.5512,0.5269,0.5305,0,0
KMD.V,D,20191227,000000,0.5305,0.5409,0.5244,0.5388,0,0
KMD.V,D,20191228,000000,0.5393,0.5502,0.5247,0.5268,0,0
KMD.V,D,20191229,000000,0.5268,0.5361,0.5229,0.5263,0,0
KMD.V,D,20191230,000000,0.5263,0.5313,0.512,0.522,0,0
KMD.V,D,20191231,000000,0.522,0.5243,0.4886,0.493,0,0
KMD.V,D,20200101,000000,0.4929,0.5081,0.4915,0.5006,0,0
KMD.V,D,20200102,000000,0.5001,0.5333,0.479,0.4865,0,0
KMD.V,D,20200103,000000,0.4864,0.5201,0.4794,0.5105,0,0
KMD.V,D,20200104,000000,0.5107,0.5864,0.5102,0.5631,0,0
KMD.V,D,20200105,000000,0.5632,0.5898,0.5568,0.5666,0,0
KMD.V,D,20200106,000000,0.5664,0.5867,0.5615,0.5726,0,0
KMD.V,D,20200107,000000,0.5723,0.5905,0.5352,0.542,0,0
KMD.V,D,20200108,000000,0.5437,0.5613,0.531,0.5494,0,0
KMD.V,D,20200109,000000,0.5496,0.5556,0.5166,0.5177,0,0
KMD.V,D,20200110,000000,0.5177,0.5316,0.5024,0.5139,0,0
KMD.V,D,20200111,000000,0.5139,0.5319,0.5053,0.5219,0,0
KMD.V,D,20200112,000000,0.5218,0.5306,0.5159,0.5286,0,0
KMD.V,D,20200113,000000,0.5286,0.5354,0.5001,0.5225,0,0
KMD.V,D,20200114,000000,0.5225,0.5633,0.522,0.5554,0,0
KMD.V,D,20200115,000000,0.5546,0.5888,0.544,0.588,0,0
KMD.V,D,20200116,000000,0.5879,0.6473,0.5645,0.6177,0,0
KMD.V,D,20200117,000000,0.6177,0.6765,0.6136,0.6672,0,0
KMD.V,D,20200118,000000,0.667,0.684,0.6222,0.6686,0,0
KMD.V,D,20200119,000000,0.6687,0.669,0.595,0.6057,0,0
KMD.V,D,20200120,000000,0.606,0.6213,0.5939,0.6078,0,0
KMD.V,D,20200121,000000,0.6071,0.6175,0.5981,0.6094,0,0
KMD.V,D,20200122,000000,0.6093,0.6501,0.6093,0.6465,0,0
KMD.V,D,20200123,000000,0.6465,0.6494,0.6007,0.6126,0,0
KMD.V,D,20200124,000000,0.6124,0.6124,0.5497,0.5864,0,0
KMD.V,D,20200125,000000,0.5861,0.5877,0.5625,0.5762,0,0
KMD.V,D,20200126,000000,0.5753,0.5827,0.5711,0.577,0,0
KMD.V,D,20200127,000000,0.577,0.5888,0.5681,0.5776,0,0
KMD.V,D,20200128,000000,0.5777,0.6118,0.5736,0.6103,0,0
KMD.V,D,20200129,000000,0.6102,0.6198,0.5935,0.6122,0,0
KMD.V,D,20200130,000000,0.612,0.6476,0.6024,0.6417,0,0
KMD.V,D,20200131,000000,0.6419,0.651,0.6089,0.6313,0,0
KMD.V,D,20200201,000000,0.6317,0.6477,0.6268,0.636,0,0
KMD.V,D,20200202,000000,0.636,0.6781,0.6259,0.657,0,0
KMD.V,D,20200203,000000,0.6569,0.683,0.6442,0.6689,0,0
KMD.V,D,20200204,000000,0.6689,0.7041,0.659,0.696,0,0
KMD.V,D,20200205,000000,0.696,0.7414,0.6919,0.7069,0,0
KMD.V,D,20200206,000000,0.7069,0.7632,0.6939,0.7454,0,0
KMD.V,D,20200207,000000,0.7453,0.8406,0.7428,0.7888,0,0
KMD.V,D,20200208,000000,0.7888,0.7964,0.7138,0.736,0,0
KMD.V,D,20200209,000000,0.7361,0.7996,0.7161,0.7975,0,0
KMD.V,D,20200210,000000,0.7963,0.88,0.7511,0.8506,0,0
KMD.V,D,20200211,000000,0.8505,0.9189,0.8153,0.8623,0,0
KMD.V,D,20200212,000000,0.862,0.8983,0.8448,0.8727,0,0
KMD.V,D,20200213,000000,0.8732,0.8836,0.8007,0.8414,0,0
KMD.V,D,20200214,000000,0.8415,0.9018,0.8157,0.8937,0,0
KMD.V,D,20200215,000000,0.8931,0.9665,0.8153,0.8516,0,0
KMD.V,D,20200216,000000,0.8515,0.929,0.7075,0.7804,0,0
KMD.V,D,20200217,000000,0.7806,0.8084,0.7002,0.7499,0,0
KMD.V,D,20200218,000000,0.7498,0.8169,0.7425,0.8023,0,0
KMD.V,D,20200219,000000,0.8021,0.8161,0.7002,0.7216,0,0
KMD.V,D,20200220,000000,0.7215,0.7231,0.6844,0.7073,0,0
KMD.V,D,20200221,000000,0.7073,0.7487,0.7042,0.7228,0,0
KMD.V,D,20200222,000000,0.7228,0.7475,0.7,0.7381,0,0
KMD.V,D,20200223,000000,0.7385,0.8008,0.735,0.7802,0,0
KMD.V,D,20200224,000000,0.7805,0.7849,0.7024,0.724,0,0
KMD.V,D,20200225,000000,0.7241,0.7271,0.654,0.6667,0,0
KMD.V,D,20200226,000000,0.6668,0.6685,0.548,0.5802,0,0
KMD.V,D,20200227,000000,0.58,0.6312,0.5395,0.6009,0,0
KMD.V,D,20200228,000000,0.6006,0.6164,0.5649,0.6071,0,0
KMD.V,D,20200229,000000,0.6074,0.6107,0.5885,0.5918,0,0
KMD.V,D,20200301,000000,0.5928,0.6042,0.5702,0.5871,0,0
KMD.V,D,20200302,000000,0.5873,0.6426,0.5835,0.6361,0,0
KMD.V,D,20200303,000000,0.6356,0.6405,0.5995,0.6135,0,0
KMD.V,D,20200304,000000,0.6134,0.6402,0.6102,0.6315,0,0
KMD.V,D,20200305,000000,0.6322,0.6546,0.632,0.6398,0,0
KMD.V,D,20200306,000000,0.6398,0.6527,0.6361,0.6493,0,0
KMD.V,D,20200307,000000,0.6494,0.6537,0.6004,0.6114,0,0
KMD.V,D,20200308,000000,0.6114,0.6116,0.5345,0.5377,0,0
KMD.V,D,20200309,000000,0.5375,0.5471,0.4993,0.5318,0,0
KMD.V,D,20200310,000000,0.5317,0.5597,0.5202,0.5381,0,0
KMD.V,D,20200311,000000,0.538,0.5381,0.4776,0.5162,0,0
KMD.V,D,20200312,000000,0.5156,0.5162,0.2938,0.3237,0,0
KMD.V,D,20200313,000000,0.324,0.3424,0.2036,0.3222,0,0
KMD.V,D,20200314,000000,0.3223,0.3301,0.2976,0.3136,0,0
KMD.V,D,20200315,000000,0.3131,0.336,0.2941,0.3047,0,0
KMD.V,D,20200316,000000,0.3044,0.3106,0.2357,0.2662,0,0
KMD.V,D,20200317,000000,0.2663,0.3079,0.2656,0.2937,0,0
KMD.V,D,20200318,000000,0.2935,0.3059,0.2721,0.2982,0,0
KMD.V,D,20200319,000000,0.2983,0.4036,0.2978,0.3963,0,0
KMD.V,D,20200320,000000,0.3948,0.4285,0.3274,0.3663,0,0
KMD.V,D,20200321,000000,0.3654,0.38,0.3461,0.3658,0,0
KMD.V,D,20200322,000000,0.3658,0.3776,0.337,0.338,0,0
KMD.V,D,20200323,000000,0.3378,0.378,0.3282,0.3741,0,0
KMD.V,D,20200324,000000,0.3741,0.4,0.368,0.3873,0,0
KMD.V,D,20200325,000000,0.3872,0.3904,0.3663,0.3833,0,0
KMD.V,D,20200326,000000,0.3829,0.3951,0.3646,0.3766,0,0
KMD.V,D,20200327,000000,0.3761,0.4003,0.3751,0.38,0,0
KMD.V,D,20200328,000000,0.38,0.38,0.3312,0.3525,0,0
KMD.V,D,20200329,000000,0.3524,0.3548,0.3222,0.324,0,0
KMD.V,D,20200330,000000,0.3235,0.3683,0.3225,0.3656,0,0
KMD.V,D,20200331,000000,0.3658,0.3697,0.3505,0.362,0,0
KMD.V,D,20200401,000000,0.3619,0.3636,0.3446,0.3563,0,0
KMD.V,D,20200402,000000,0.3563,0.3967,0.3562,0.3763,0,0
KMD.V,D,20200403,000000,0.3757,0.3968,0.3694,0.3858,0,0
KMD.V,D,20200404,000000,0.3862,0.426,0.3835,0.4068,0,0
KMD.V,D,20200405,000000,0.4069,0.4273,0.4022,0.4052,0,0
KMD.V,D,20200406,000000,0.4052,0.4467,0.4033,0.4388,0,0
KMD.V,D,20200407,000000,0.4388,0.446,0.4127,0.4276,0,0
KMD.V,D,20200408,000000,0.4273,0.4563,0.4266,0.4476,0,0
KMD.V,D,20200409,000000,0.4476,0.4529,0.4258,0.4372,0,0
KMD.V,D,20200410,000000,0.4373,0.4395,0.3779,0.3987,0,0
KMD.V,D,20200411,000000,0.3987,0.4082,0.3875,0.3976,0,0
KMD.V,D,20200412,000000,0.3978,0.4185,0.3847,0.413,0,0
KMD.V,D,20200413,000000,0.413,0.4498,0.3802,0.4416,0,0
KMD.V,D,20200414,000000,0.4417,0.4955,0.4318,0.466,0,0
KMD.V,D,20200415,000000,0.4662,0.4869,0.4523,0.4764,0,0
KMD.V,D,20200416,000000,0.4764,0.6529,0.4585,0.5904,0,0
KMD.V,D,20200417,000000,0.5904,0.6378,0.5643,0.5792,0,0
KMD.V,D,20200418,000000,0.5792,0.6322,0.575,0.5895,0,0
KMD.V,D,20200419,000000,0.5895,0.6021,0.5704,0.5879,0,0
KMD.V,D,20200420,000000,0.5882,0.6001,0.5347,0.554,0,0
KMD.V,D,20200421,000000,0.5539,0.5613,0.5253,0.5324,0,0
KMD.V,D,20200422,000000,0.5324,0.5691,0.5278,0.5496,0,0
KMD.V,D,20200423,000000,0.5496,0.5747,0.5339,0.5641,0,0
KMD.V,D,20200424,000000,0.5639,0.5755,0.5455,0.5563,0,0
KMD.V,D,20200425,000000,0.5561,0.5639,0.548,0.5569,0,0
KMD.V,D,20200426,000000,0.5569,0.5747,0.5527,0.5683,0,0
KMD.V,D,20200427,000000,0.5684,0.5754,0.5547,0.563,0,0
KMD.V,D,20200428,000000,0.5628,0.5686,0.5574,0.5634,0,0
KMD.V,D,20200429,000000,0.5633,0.5777,0.5307,0.5473,0,0
KMD.V,D,20200430,000000,0.5472,0.5622,0.5135,0.5451,0,0
KMD.V,D,20200501,000000,0.545,0.5493,0.5051,0.5182,0,0
KMD.V,D,20200502,000000,0.5184,0.5374,0.5171,0.5332,0,0
KMD.V,D,20200503,000000,0.533,0.5474,0.5198,0.5347,0,0
KMD.V,D,20200504,000000,0.5346,0.5457,0.5111,0.5321,0,0
KMD.V,D,20200505,000000,0.5323,0.5349,0.515,0.5275,0,0
KMD.V,D,20200506,000000,0.5275,0.551,0.5157,0.52,0,0
KMD.V,D,20200507,000000,0.52,0.5311,0.5033,0.5302,0,0
KMD.V,D,20200508,000000,0.5305,0.7578,0.5251,0.6193,0,0
KMD.V,D,20200509,000000,0.6194,0.6237,0.5687,0.5888,0,0
KMD.V,D,20200510,000000,0.5889,0.5926,0.4938,0.527,0,0
KMD.V,D,20200511,000000,0.5268,0.5342,0.478,0.5029,0,0
KMD.V,D,20200512,000000,0.503,0.5405,0.4965,0.5189,0,0
KMD.V,D,20200513,000000,0.519,0.5343,0.5135,0.5329,0,0
KMD.V,D,20200514,000000,0.5328,0.55,0.524,0.5392,0,0
KMD.V,D,20200515,000000,0.5392,0.5431,0.5168,0.5343,0,0
KMD.V,D,20200516,000000,0.5344,0.5447,0.5229,0.5373,0,0
KMD.V,D,20200517,000000,0.5374,0.5461,0.5323,0.5425,0,0
KMD.V,D,20200518,000000,0.5421,0.5574,0.5322,0.5477,0,0
KMD.V,D,20200519,000000,0.5477,0.5607,0.5416,0.5463,0,0
KMD.V,D,20200520,000000,0.5463,0.5623,0.5297,0.5523,0,0
KMD.V,D,20200521,000000,0.5523,0.5838,0.5334,0.5586,0,0
KMD.V,D,20200522,000000,0.5586,0.5924,0.553,0.5908,0,0
KMD.V,D,20200523,000000,0.5909,0.6262,0.5816,0.6006,0,0
KMD.V,D,20200524,000000,0.6006,0.608,0.5539,0.5853,0,0
KMD.V,D,20200525,000000,0.5854,0.6161,0.5613,0.607,0,0
KMD.V,D,20200526,000000,0.6068,0.6228,0.5756,0.6015,0,0
KMD.V,D,20200527,000000,0.6014,0.6215,0.5876,0.5943,0,0
KMD.V,D,20200528,000000,0.5943,0.605,0.5862,0.5962,0,0
KMD.V,D,20200529,000000,0.5961,0.6069,0.5837,0.5946,0,0
KMD.V,D,20200530,000000,0.5947,0.6659,0.587,0.6292,0,0
KMD.V,D,20200531,000000,0.6292,0.6408,0.6181,0.6303,0,0
KMD.V,D,20200601,000000,0.6303,0.6387,0.6201,0.6347,0,0
KMD.V,D,20200602,000000,0.6347,0.6684,0.6044,0.6365,0,0
KMD.V,D,20200603,000000,0.6365,0.6808,0.6272,0.6772,0,0
KMD.V,D,20200604,000000,0.6767,0.6935,0.6643,0.6798,0,0
KMD.V,D,20200605,000000,0.6807,0.7714,0.6803,0.7381,0,0
KMD.V,D,20200606,000000,0.7382,0.7812,0.7266,0.7435,0,0
KMD.V,D,20200607,000000,0.7434,0.7697,0.7113,0.7303,0,0
KMD.V,D,20200608,000000,0.7303,0.7561,0.7243,0.7532,0,0
KMD.V,D,20200609,000000,0.7531,0.8082,0.7474,0.7805,0,0
KMD.V,D,20200610,000000,0.7805,0.8518,0.7751,0.842,0,0
KMD.V,D,20200611,000000,0.8421,0.857,0.7086,0.7396,0,0
KMD.V,D,20200612,000000,0.7396,0.7706,0.7041,0.7481,0,0
KMD.V,D,20200613,000000,0.7481,0.8756,0.7394,0.8474,0,0
KMD.V,D,20200614,000000,0.8474,0.8517,0.7452,0.7496,0,0
KMD.V,D,20200615,000000,0.7498,0.7762,0.6527,0.7129,0,0
KMD.V,D,20200616,000000,0.7147,0.7206,0.6948,0.7024,0,0
KMD.V,D,20200617,000000,0.7023,0.7712,0.6901,0.7272,0,0
KMD.V,D,20200618,000000,0.7272,0.7578,0.7041,0.7137,0,0
KMD.V,D,20200619,000000,0.7136,0.729,0.689,0.7014,0,0
KMD.V,D,20200620,000000,0.7014,0.7122,0.687,0.6966,0,0
KMD.V,D,20200621,000000,0.6972,0.7272,0.6967,0.7182,0,0
KMD.V,D,20200622,000000,0.7182,0.7539,0.708,0.7347,0,0
KMD.V,D,20200623,000000,0.7346,0.7584,0.7234,0.7513,0,0
KMD.V,D,20200624,000000,0.7512,0.7669,0.7005,0.7148,0,0
KMD.V,D,20200625,000000,0.7148,0.7223,0.6751,0.6921,0,0
KMD.V,D,20200626,000000,0.6921,0.6925,0.6433,0.6531,0,0
KMD.V,D,20200627,000000,0.6531,0.6601,0.577,0.6069,0,0
KMD.V,D,20200628,000000,0.6073,0.6293,0.5789,0.6226,0,0
KMD.V,D,20200629,000000,0.6227,0.6272,0.6021,0.6193,0,0
KMD.V,D,20200630,000000,0.6209,0.6315,0.6127,0.628,0,0
KMD.V,D,20200701,000000,0.628,0.6282,0.6016,0.6147,0,0
KMD.V,D,20200702,000000,0.6147,0.6248,0.5904,0.5962,0,0
KMD.V,D,20200703,000000,0.5943,0.6021,0.5901,0.6002,0,0
KMD.V,D,20200704,000000,0.6003,0.6276,0.5979,0.6226,0,0
KMD.V,D,20200705,000000,0.6225,0.628,0.597,0.6098,0,0
KMD.V,D,20200706,000000,0.6098,0.6294,0.6045,0.6218,0,0
KMD.V,D,20200707,000000,0.6215,0.6442,0.6176,0.6442,0,0
KMD.V,D,20200708,000000,0.6441,0.6787,0.6438,0.668,0,0
KMD.V,D,20200709,000000,0.6681,0.6759,0.6364,0.6483,0,0
KMD.V,D,20200710,000000,0.6483,0.6688,0.6417,0.6522,0,0
KMD.V,D,20200711,000000,0.6522,0.6921,0.6516,0.6832,0,0
KMD.V,D,20200712,000000,0.6832,0.6927,0.6584,0.6734,0,0
KMD.V,D,20200713,000000,0.6734,0.6867,0.6468,0.6533,0,0
KMD.V,D,20200714,000000,0.6533,0.6547,0.6304,0.6489,0,0
KMD.V,D,20200715,000000,0.6488,0.6869,0.6469,0.6662,0,0
KMD.V,D,20200716,000000,0.6663,0.672,0.6346,0.6505,0,0
KMD.V,D,20200717,000000,0.6505,0.6611,0.6422,0.6564,0,0
KMD.V,D,20200718,000000,0.6572,0.6748,0.6526,0.6605,0,0
KMD.V,D,20200719,000000,0.6607,0.7053,0.6557,0.7053,0,0
KMD.V,D,20200720,000000,0.7054,0.7111,0.6641,0.6805,0,0
KMD.V,D,20200721,000000,0.68,0.6849,0.663,0.6737,0,0
KMD.V,D,20200722,000000,0.675,0.6909,0.6741,0.6848,0,0
KMD.V,D,20200723,000000,0.6849,0.707,0.6778,0.6909,0,0
KMD.V,D,20200724,000000,0.6909,0.6932,0.6753,0.6822,0,0
KMD.V,D,20200725,000000,0.6822,0.6907,0.6666,0.6772,0,0
KMD.V,D,20200726,000000,0.6772,0.68,0.6359,0.6605,0,0
KMD.V,D,20200727,000000,0.6605,0.6646,0.589,0.6118,0,0
KMD.V,D,20200728,000000,0.6117,0.6556,0.6054,0.6492,0,0
KMD.V,D,20200729,000000,0.6491,0.6598,0.6358,0.6473,0,0
