<TICKER>,<PER>,<DATE>,<TIME>,<OPEN>,<HIGH>,<LOW>,<CLOSE>,<VOL>,<OPENINT>
KNC.V,D,20170620,000000,6.89,9.64,4.13,8.26,0,0
KNC.V,D,20170621,000000,8.03,21.69,5.36,15.26,0,0
KNC.V,D,20170622,000000,15.52,16.34,8.44,12.25,0,0
KNC.V,D,20170623,000000,12.2,23.04,8.13,19.79,0,0
KNC.V,D,20170624,000000,18.91,19.17,9.32,14.25,0,0
KNC.V,D,20170625,000000,13.98,88.4,13.98,82.6,0,0
KNC.V,D,20170626,000000,79.5,79.5,29.35,41.61,0,0
KNC.V,D,20170627,000000,43.95,51.68,25.84,36.17,0,0
KNC.V,D,20170628,000000,36.09,51.04,17.55,36.09,0,0
KNC.V,D,20170629,000000,35.82,46.05,25.58,32.11,0,0
KNC.V,D,20170630,000000,31.13,39.62,16.87,27.24,0,0
KNC.V,D,20170701,000000,26.62,38.14,16.73,33.22,0,0
KNC.V,D,20170702,000000,34.75,37.72,25.36,37.46,0,0
KNC.V,D,20170703,000000,38,38.48,22.12,38.48,0,0
KNC.V,D,20170704,000000,39.16,45.67,32.01,40.31,0,0
KNC.V,D,20170705,000000,40.47,40.47,34.16,40.07,0,0
KNC.V,D,20170706,000000,39.87,44.44,37.72,37.91,0,0
KNC.V,D,20170707,000000,36.45,80.44,36.28,66.64,0,0
KNC.V,D,20170708,000000,67.99,83.46,51.3,74.77,0,0
KNC.V,D,20170709,000000,73.21,73.21,42.69,53.24,0,0
KNC.V,D,20170710,000000,49.69,49.69,42.19,42.47,0,0
KNC.V,D,20170711,000000,35.56,46.49,35.33,36.49,0,0
KNC.V,D,20170712,000000,37.73,45.9,32.44,43.26,0,0
KNC.V,D,20170713,000000,42.52,43.71,25.99,37.8,0,0
KNC.V,D,20170714,000000,35.75,38.65,24.58,32.62,0,0
KNC.V,D,20170715,000000,28.84,33.58,21.73,32.06,0,0
KNC.V,D,20170716,000000,31.07,31.07,21.82,24.88,0,0
KNC.V,D,20170717,000000,29.03,36.18,25.46,25.46,0,0
KNC.V,D,20170718,000000,26.45,33.64,23.25,23.25,0,0
KNC.V,D,20170719,000000,22.87,33.1,21,21.69,0,0
KNC.V,D,20170720,000000,27.23,37.83,27.23,27.24,0,0
KNC.V,D,20170721,000000,25.42,40.13,5.35,26.75,0,0
KNC.V,D,20170722,000000,28.37,37.7,25.53,28.34,0,0
KNC.V,D,20170723,000000,27.54,27.57,19.85,19.85,0,0
KNC.V,D,20170724,000000,19.9,25.42,16.86,16.86,0,0
KNC.V,D,20170725,000000,15.75,20.92,12.92,19.37,0,0
KNC.V,D,20170726,000000,19.19,20.53,14.64,14.64,0,0
KNC.V,D,20170727,000000,15.4,21.4,12.11,12.11,0,0
KNC.V,D,20170728,000000,12.63,16.94,12.07,12.07,0,0
KNC.V,D,20170729,000000,11.75,16.69,11.75,16.69,0,0
KNC.V,D,20170730,000000,16.89,21.62,16.32,21.25,0,0
KNC.V,D,20170731,000000,22.14,22.14,12.69,13.26,0,0
KNC.V,D,20170801,000000,12.64,20.6,12.09,13.9,0,0
KNC.V,D,20170802,000000,13.77,19.04,12.24,12.54,0,0
KNC.V,D,20170803,000000,12.95,14.05,12.95,12.98,0,0
KNC.V,D,20170804,000000,13.3,17.13,13.3,17.13,0,0
KNC.V,D,20170805,000000,19.41,19.41,9.79,9.79,0,0
KNC.V,D,20170806,000000,9.7,16.16,9.7,16.16,0,0
KNC.V,D,20170807,000000,17.01,17.01,11.91,12.31,0,0
KNC.V,D,20170808,000000,12.41,15.43,10.29,13.72,0,0
KNC.V,D,20170809,000000,13.4,13.4,6.36,13.36,0,0
KNC.V,D,20170810,000000,13.67,13.67,6.85,8.56,0,0
KNC.V,D,20170811,000000,9.14,14.58,9.14,10.96,0,0
KNC.V,D,20170812,000000,11.61,11.61,9.76,11.61,0,0
KNC.V,D,20170813,000000,12.18,12.18,8.53,8.54,0,0
KNC.V,D,20170814,000000,9.1,12.98,9.1,12.56,0,0
KNC.V,D,20170815,000000,12.07,13.45,8.75,13.45,0,0
KNC.V,D,20170816,000000,14.18,14.18,9.25,9.65,0,0
KNC.V,D,20170817,000000,9.41,9.84,8.25,9.84,0,0
KNC.V,D,20170818,000000,9.44,9.59,8.12,9.11,0,0
KNC.V,D,20170819,000000,9.21,10.44,9.21,10.44,0,0
KNC.V,D,20170820,000000,10.23,10.23,9.04,10.2,0,0
KNC.V,D,20170821,000000,10.04,10.2,10.04,10.2,0,0
KNC.V,D,20170822,000000,9.1,10.41,9.1,10.41,0,0
KNC.V,D,20170823,000000,10.54,10.54,9.2,9.2,0,0
KNC.V,D,20170824,000000,9.6,11.03,9.6,9.61,0,0
KNC.V,D,20170825,000000,9.71,9.71,9.48,9.48,0,0
KNC.V,D,20170826,000000,9.46,12.73,8.01,8.01,0,0
KNC.V,D,20170827,000000,8,10.81,7.84,10.81,0,0
KNC.V,D,20170828,000000,10.92,15.73,8.7,15.73,0,0
KNC.V,D,20170829,000000,16.47,16.47,10.18,10.34,0,0
KNC.V,D,20170830,000000,10.31,15.58,10.31,10.31,0,0
KNC.V,D,20170831,000000,10.65,18.18,10.65,11.65,0,0
KNC.V,D,20170901,000000,12.11,18.84,12.11,13.04,0,0
KNC.V,D,20170902,000000,12.12,17.47,11.89,11.94,0,0
KNC.V,D,20170903,000000,12.04,16.69,11.41,11.53,0,0
KNC.V,D,20170904,000000,10.67,10.67,10.67,10.67,0,0
KNC.V,D,20170905,000000,11.02,11.03,11.02,11.02,0,0
KNC.V,D,20170906,000000,11.55,13.85,11.55,11.55,0,0
KNC.V,D,20170907,000000,11.59,13.91,11.59,11.59,0,0
KNC.V,D,20170908,000000,10.82,12.96,10.82,10.82,0,0
KNC.V,D,20170909,000000,10.84,12.96,10.84,12.96,0,0
KNC.V,D,20170910,000000,10.62,10.62,10.61,10.61,0,0
KNC.V,D,20170911,000000,10.54,10.55,10.54,10.54,0,0
KNC.V,D,20170912,000000,12.06,12.06,10.4,10.4,0,0
KNC.V,D,20170913,000000,9.83,11.49,9.83,11.2,0,0
KNC.V,D,20170914,000000,9.38,11.99,8.11,11.65,0,0
KNC.V,D,20170915,000000,13.34,13.34,9.56,9.66,0,0
KNC.V,D,20170916,000000,9.62,11.06,9.25,9.25,0,0
KNC.V,D,20170917,000000,9.22,12.52,9.22,9.59,0,0
KNC.V,D,20170918,000000,10.66,12.92,10.66,11.07,0,0
KNC.V,D,20170919,000000,10.56,37.38,10.56,20.48,0,0
KNC.V,D,20170920,000000,20.34,23.29,17.89,17.89,0,0
KNC.V,D,20170921,000000,16.67,16.67,13.46,13.46,0,0
KNC.V,D,20170922,000000,13.4,14.36,10.47,10.47,0,0
KNC.V,D,20170923,000000,11.02,11.37,11.02,11.34,0,0
KNC.V,D,20170924,000000,10.98,11.04,1.45,1.86,0,0
KNC.V,D,20170925,000000,2,2.95,1.97,2.41,0,0
KNC.V,D,20170926,000000,2.39,2.53,1.72,1.87,0,0
KNC.V,D,20170927,000000,2.02,2.11,1.33,1.7,0,0
KNC.V,D,20170928,000000,1.69,1.84,1.47,1.76,0,0
KNC.V,D,20170929,000000,1.75,1.87,1.61,1.76,0,0
KNC.V,D,20170930,000000,1.84,1.87,1.74,1.8,0,0
KNC.V,D,20171001,000000,1.82,2.34,1.8,2.15,0,0
KNC.V,D,20171002,000000,2.15,2.16,1.83,1.88,0,0
KNC.V,D,20171003,000000,1.84,1.87,1.67,1.74,0,0
KNC.V,D,20171004,000000,1.7,1.75,1.62,1.68,0,0
KNC.V,D,20171005,000000,1.73,1.76,1.68,1.7,0,0
KNC.V,D,20171006,000000,1.72,1.74,1.55,1.68,0,0
KNC.V,D,20171007,000000,1.71,1.85,1.69,1.73,0,0
KNC.V,D,20171008,000000,1.8,1.81,1.46,1.49,0,0
KNC.V,D,20171009,000000,1.55,1.68,1.2,1.28,0,0
KNC.V,D,20171010,000000,1.27,1.49,1.24,1.41,0,0
KNC.V,D,20171011,000000,1.43,1.48,1.31,1.35,0,0
KNC.V,D,20171012,000000,1.52,1.55,1.19,1.21,0,0
KNC.V,D,20171013,000000,1.26,1.28,1.08,1.13,0,0
KNC.V,D,20171014,000000,1.17,1.31,1.17,1.2,0,0
KNC.V,D,20171015,000000,1.17,1.21,1.1,1.11,0,0
KNC.V,D,20171016,000000,1.15,1.2,1.11,1.11,0,0
KNC.V,D,20171017,000000,1.08,1.11,1.06,1.09,0,0
KNC.V,D,20171018,000000,1.09,1.19,1.08,1.16,0,0
KNC.V,D,20171019,000000,1.19,1.25,1.09,1.1,0,0
KNC.V,D,20171020,000000,1.16,1.19,1.03,1.04,0,0
KNC.V,D,20171021,000000,1.04,1.06,0.9647,1.02,0,0
KNC.V,D,20171022,000000,1.01,1.07,0.9926,1.01,0,0
KNC.V,D,20171023,000000,0.993,1,0.8938,0.9564,0,0
KNC.V,D,20171024,000000,0.8931,1.14,0.8606,1.06,0,0
KNC.V,D,20171025,000000,1.1,1.13,1.04,1.09,0,0
KNC.V,D,20171026,000000,1.12,1.12,1.01,1.04,0,0
KNC.V,D,20171027,000000,1.02,1.02,0.9823,0.9967,0,0
KNC.V,D,20171028,000000,0.9901,0.9901,0.9111,0.9203,0,0
KNC.V,D,20171029,000000,0.9879,1.09,0.9541,0.9559,0,0
KNC.V,D,20171030,000000,0.9523,1,0.9431,0.9811,0,0
KNC.V,D,20171031,000000,1.03,1.05,0.9148,0.9148,0,0
KNC.V,D,20171101,000000,0.9554,1.15,0.9554,0.9675,0,0
KNC.V,D,20171102,000000,1.01,1.01,0.8788,0.9476,0,0
KNC.V,D,20171103,000000,0.9648,1.12,0.8075,0.9899,0,0
KNC.V,D,20171104,000000,1.02,1.06,0.9934,1.04,0,0
KNC.V,D,20171105,000000,1.04,1.05,0.9636,0.9835,0,0
KNC.V,D,20171106,000000,0.9263,0.9875,0.9249,0.9645,0,0
KNC.V,D,20171107,000000,0.9844,1.03,0.9674,1.02,0,0
KNC.V,D,20171108,000000,1.07,1.19,0.9827,1.1,0,0
KNC.V,D,20171109,000000,1.05,1.19,1.02,1.15,0,0
KNC.V,D,20171110,000000,1.06,1.21,1.04,1.17,0,0
KNC.V,D,20171111,000000,1.13,1.19,1.1,1.15,0,0
KNC.V,D,20171112,000000,1.07,1.08,0.9575,1.01,0,0
KNC.V,D,20171113,000000,1.12,1.2,1.09,1.09,0,0
KNC.V,D,20171114,000000,1.1,1.12,1.05,1.09,0,0
KNC.V,D,20171115,000000,1.2,1.2,1.04,1.07,0,0
KNC.V,D,20171116,000000,1.15,1.17,1.07,1.09,0,0
KNC.V,D,20171117,000000,1.07,1.13,1.02,1.07,0,0
KNC.V,D,20171118,000000,1.08,1.14,1.06,1.12,0,0
KNC.V,D,20171119,000000,1.15,1.22,1.09,1.11,0,0
KNC.V,D,20171120,000000,1.13,1.16,1.08,1.09,0,0
KNC.V,D,20171121,000000,1.07,1.11,1.04,1.08,0,0
KNC.V,D,20171122,000000,1.1,1.15,1.04,1.11,0,0
KNC.V,D,20171123,000000,1.08,1.11,1.04,1.08,0,0
KNC.V,D,20171124,000000,1.11,1.14,0.9849,1.08,0,0
KNC.V,D,20171125,000000,1.16,1.2,1.1,1.12,0,0
KNC.V,D,20171126,000000,1.19,1.46,1.17,1.35,0,0
KNC.V,D,20171127,000000,1.41,1.41,1.23,1.24,0,0
KNC.V,D,20171128,000000,1.26,1.28,1.14,1.18,0,0
KNC.V,D,20171129,000000,1.17,1.22,0.9848,1.02,0,0
KNC.V,D,20171130,000000,1.03,1.1,0.9977,1.05,0,0
KNC.V,D,20171201,000000,1.15,1.2,1.06,1.1,0,0
KNC.V,D,20171202,000000,1.11,1.13,1.04,1.09,0,0
KNC.V,D,20171203,000000,1.12,1.36,1.07,1.14,0,0
KNC.V,D,20171204,000000,1.18,1.37,1.15,1.26,0,0
KNC.V,D,20171205,000000,1.26,1.58,1.25,1.45,0,0
KNC.V,D,20171206,000000,1.71,1.77,1.38,1.46,0,0
KNC.V,D,20171207,000000,1.78,1.93,1.22,1.23,0,0
KNC.V,D,20171208,000000,1.17,1.44,1.01,1.29,0,0
KNC.V,D,20171209,000000,1.19,1.38,1.18,1.29,0,0
KNC.V,D,20171210,000000,1.31,1.47,1.15,1.17,0,0
KNC.V,D,20171211,000000,1.3,1.39,1.14,1.29,0,0
KNC.V,D,20171212,000000,1.32,1.39,1.2,1.29,0,0
KNC.V,D,20171213,000000,1.23,1.34,1.17,1.26,0,0
KNC.V,D,20171214,000000,1.28,1.84,1.27,1.63,0,0
KNC.V,D,20171215,000000,1.74,1.79,1.18,1.56,0,0
KNC.V,D,20171216,000000,1.71,1.93,1.63,1.72,0,0
KNC.V,D,20171217,000000,1.7,2.72,1.68,2.22,0,0
KNC.V,D,20171218,000000,2.21,2.86,2.05,2.68,0,0
KNC.V,D,20171219,000000,2.48,2.79,2.2,2.5,0,0
KNC.V,D,20171220,000000,2.35,2.5,2.17,2.37,0,0
KNC.V,D,20171221,000000,2.25,2.48,2.19,2.31,0,0
KNC.V,D,20171222,000000,2.02,2.04,1.78,1.9,0,0
KNC.V,D,20171223,000000,2.02,2.28,1.93,2.13,0,0
KNC.V,D,20171224,000000,2.04,2.37,1.93,2.3,0,0
KNC.V,D,20171225,000000,2.28,2.6,2.25,2.41,0,0
KNC.V,D,20171226,000000,2.74,2.86,2.21,2.43,0,0
KNC.V,D,20171227,000000,2.37,2.45,2.21,2.31,0,0
KNC.V,D,20171228,000000,2.16,2.44,2.06,2.3,0,0
KNC.V,D,20171229,000000,2.3,2.47,2.23,2.45,0,0
KNC.V,D,20171230,000000,2.13,2.22,2,2.19,0,0
KNC.V,D,20171231,000000,2.42,2.63,2.34,2.61,0,0
KNC.V,D,20180101,000000,2.54,3.32,2.46,2.99,0,0
KNC.V,D,20180102,000000,3.28,3.95,2.99,3.43,0,0
KNC.V,D,20180103,000000,3.52,3.71,3.03,3.59,0,0
KNC.V,D,20180104,000000,3.6,3.97,3.28,3.37,0,0
KNC.V,D,20180105,000000,3.8,4.4,3,3.11,0,0
KNC.V,D,20180106,000000,3.15,4.01,3.1,3.9,0,0
KNC.V,D,20180107,000000,3.69,5.31,3.59,4.98,0,0
KNC.V,D,20180108,000000,4.59,5.22,3.86,4.61,0,0
KNC.V,D,20180109,000000,4.44,5.7,4.39,5.35,0,0
KNC.V,D,20180110,000000,5.55,5.7,4.78,5.12,0,0
KNC.V,D,20180111,000000,4.57,4.79,3.84,4.13,0,0
KNC.V,D,20180112,000000,4.3,4.84,4.17,4.57,0,0
KNC.V,D,20180113,000000,4.73,4.87,4.3,4.48,0,0
KNC.V,D,20180114,000000,4.28,4.47,3.97,4.15,0,0
KNC.V,D,20180115,000000,4.15,5.17,4,4.59,0,0
KNC.V,D,20180116,000000,3.8,3.84,3.03,3.35,0,0
KNC.V,D,20180117,000000,3.31,3.37,2.68,3.19,0,0
KNC.V,D,20180118,000000,3.22,3.34,2.97,3.2,0,0
KNC.V,D,20180119,000000,3.3,4.26,3.24,4.02,0,0
KNC.V,D,20180120,000000,4.46,5.11,4.24,4.44,0,0
KNC.V,D,20180121,000000,4.01,4.01,3.51,3.65,0,0
KNC.V,D,20180122,000000,3.41,3.76,3.25,3.44,0,0
KNC.V,D,20180123,000000,3.45,3.58,3.19,3.37,0,0
KNC.V,D,20180124,000000,3.54,3.63,3.41,3.41,0,0
KNC.V,D,20180125,000000,3.41,3.64,3.3,3.4,0,0
KNC.V,D,20180126,000000,3.41,3.87,3.14,3.54,0,0
KNC.V,D,20180127,000000,3.55,4.15,3.55,3.86,0,0
KNC.V,D,20180128,000000,3.86,4.13,3.76,3.97,0,0
KNC.V,D,20180129,000000,3.97,4.16,3.62,3.85,0,0
KNC.V,D,20180130,000000,3.85,4.21,3.44,3.73,0,0
KNC.V,D,20180131,000000,3.73,4.36,3.32,4.12,0,0
KNC.V,D,20180201,000000,4.12,4.45,3.27,3.55,0,0
KNC.V,D,20180202,000000,3.55,3.69,2.74,3.38,0,0
KNC.V,D,20180203,000000,3.38,3.99,3.11,3.87,0,0
KNC.V,D,20180204,000000,3.87,4.11,3,3.45,0,0
KNC.V,D,20180205,000000,3.46,3.5,2.39,2.58,0,0
KNC.V,D,20180206,000000,2.58,3.19,2,2.96,0,0
KNC.V,D,20180207,000000,2.96,3.39,2.8,2.93,0,0
KNC.V,D,20180208,000000,2.93,3.29,2.79,3.05,0,0
KNC.V,D,20180209,000000,3.05,3.39,2.85,3.3,0,0
KNC.V,D,20180210,000000,3.3,3.52,3.01,3.17,0,0
KNC.V,D,20180211,000000,3.17,3.19,2,2.84,0,0
KNC.V,D,20180212,000000,2.84,3.06,2,2.79,0,0
KNC.V,D,20180213,000000,2.79,2.88,2.56,2.66,0,0
KNC.V,D,20180214,000000,2.66,2.8,2.59,2.73,0,0
KNC.V,D,20180215,000000,2.73,2.82,2.54,2.74,0,0
KNC.V,D,20180216,000000,2.74,3,2.72,2.97,0,0
KNC.V,D,20180217,000000,2.97,2.99,2.82,2.92,0,0
KNC.V,D,20180218,000000,2.92,2.93,2.58,2.61,0,0
KNC.V,D,20180219,000000,2.61,2.66,2.54,2.57,0,0
KNC.V,D,20180220,000000,2.57,2.62,2.21,2.23,0,0
KNC.V,D,20180221,000000,2.23,2.58,2.08,2.17,0,0
KNC.V,D,20180222,000000,2.17,2.38,2.04,2.06,0,0
KNC.V,D,20180223,000000,2.06,2.23,2,2.12,0,0
KNC.V,D,20180224,000000,2.12,2.19,1,1.96,0,0
KNC.V,D,20180225,000000,1.96,2,1.88,1.96,0,0
KNC.V,D,20180226,000000,1.96,2.11,1.89,2.03,0,0
KNC.V,D,20180227,000000,2.03,2.05,1.92,2.02,0,0
KNC.V,D,20180228,000000,2.02,2.03,1,1.77,0,0
KNC.V,D,20180301,000000,1.77,1.95,1.7,1.9,0,0
KNC.V,D,20180302,000000,1.9,1.91,1.79,1.83,0,0
KNC.V,D,20180303,000000,1.83,1.84,1.74,1.82,0,0
KNC.V,D,20180304,000000,1.82,1.87,1.76,1.82,0,0
KNC.V,D,20180305,000000,1.82,2.19,1.82,2.06,0,0
KNC.V,D,20180306,000000,2.06,2.15,1.76,1.77,0,0
KNC.V,D,20180307,000000,1.77,1.86,1.43,1.53,0,0
KNC.V,D,20180308,000000,1.53,1.54,1.36,1.37,0,0
KNC.V,D,20180309,000000,1.37,1.39,1.1,1.3,0,0
KNC.V,D,20180310,000000,1.3,1.37,1.2,1.22,0,0
KNC.V,D,20180311,000000,1.23,1.33,1.16,1.29,0,0
KNC.V,D,20180312,000000,1.29,1.39,1.23,1.26,0,0
KNC.V,D,20180313,000000,1.27,1.55,1.24,1.27,0,0
KNC.V,D,20180314,000000,1.27,1.38,1.11,1.13,0,0
KNC.V,D,20180315,000000,1.13,1.15,0.9971,1.12,0,0
KNC.V,D,20180316,000000,1.12,1.16,1.07,1.14,0,0
KNC.V,D,20180317,000000,1.14,1.14,1.02,1.05,0,0
KNC.V,D,20180318,000000,1.05,1.05,0.8112,0.9725,0,0
KNC.V,D,20180319,000000,0.9727,1.14,0.972,1.14,0,0
KNC.V,D,20180320,000000,1.14,1.32,1.13,1.29,0,0
KNC.V,D,20180321,000000,1.28,1.48,1.25,1.32,0,0
KNC.V,D,20180322,000000,1.32,1.44,1.25,1.28,0,0
KNC.V,D,20180323,000000,1.28,1.34,1.15,1.32,0,0
KNC.V,D,20180324,000000,1.32,1.55,1.31,1.48,0,0
KNC.V,D,20180325,000000,1.48,1.5,1.37,1.42,0,0
KNC.V,D,20180326,000000,1.43,1.44,1.16,1.17,0,0
KNC.V,D,20180327,000000,1.17,1.26,1.15,1.23,0,0
KNC.V,D,20180328,000000,1.23,1.25,1.16,1.19,0,0
KNC.V,D,20180329,000000,1.19,1.21,0.9687,0.9909,0,0
KNC.V,D,20180330,000000,0.9912,1.08,0.9414,1.04,0,0
KNC.V,D,20180331,000000,1.04,1.08,0.9793,1,0,0
KNC.V,D,20180401,000000,1,1.01,0.8927,0.9446,0,0
KNC.V,D,20180402,000000,0.9447,1.02,0.9237,0.9874,0,0
KNC.V,D,20180403,000000,0.9844,1.05,0.9649,1.05,0,0
KNC.V,D,20180404,000000,1.05,1.06,0.9016,0.9118,0,0
KNC.V,D,20180405,000000,0.9117,0.9354,0.8591,0.895,0,0
KNC.V,D,20180406,000000,0.8982,0.9126,0.8603,0.8721,0,0
KNC.V,D,20180407,000000,0.872,1.01,0.8713,0.989,0,0
KNC.V,D,20180408,000000,0.9883,1.04,0.9761,1,0,0
KNC.V,D,20180409,000000,1,1.09,0.9472,0.9799,0,0
KNC.V,D,20180410,000000,0.9798,1.07,0.9561,1.05,0,0
KNC.V,D,20180411,000000,1.05,1.11,1.04,1.1,0,0
KNC.V,D,20180412,000000,1.1,1.27,1.09,1.24,0,0
KNC.V,D,20180413,000000,1.24,1.37,1.23,1.34,0,0
KNC.V,D,20180414,000000,1.34,1.36,1.25,1.29,0,0
KNC.V,D,20180415,000000,1.29,1.4,1.29,1.38,0,0
KNC.V,D,20180416,000000,1.38,1.42,1.3,1.4,0,0
KNC.V,D,20180417,000000,1.4,1.46,1.37,1.41,0,0
KNC.V,D,20180418,000000,1.41,1.52,1.39,1.52,0,0
KNC.V,D,20180419,000000,1.52,1.59,1.47,1.57,0,0
KNC.V,D,20180420,000000,1.57,1.66,1.56,1.63,0,0
KNC.V,D,20180421,000000,1.63,1.74,1.51,1.6,0,0
KNC.V,D,20180422,000000,1.6,1.73,1.6,1.71,0,0
KNC.V,D,20180423,000000,1.71,1.94,1.68,1.9,0,0
KNC.V,D,20180424,000000,1.9,2.31,1.9,2.25,0,0
KNC.V,D,20180425,000000,2.25,2.26,1.73,2.18,0,0
KNC.V,D,20180426,000000,2.18,3.36,1.98,2.6,0,0
KNC.V,D,20180427,000000,2.6,3.07,2.58,2.6,0,0
KNC.V,D,20180428,000000,2.6,2.71,2.58,2.64,0,0
KNC.V,D,20180429,000000,2.64,2.84,2.6,2.75,0,0
KNC.V,D,20180430,000000,2.75,2.83,2.57,2.68,0,0
KNC.V,D,20180501,000000,2.68,2.69,2.46,2.59,0,0
KNC.V,D,20180502,000000,2.59,2.7,2.59,2.64,0,0
KNC.V,D,20180503,000000,2.64,2.67,2.52,2.59,0,0
KNC.V,D,20180504,000000,2.59,2.63,2.41,2.51,0,0
KNC.V,D,20180505,000000,2.51,2.63,2.43,2.46,0,0
KNC.V,D,20180506,000000,2.46,2.49,2.24,2.27,0,0
KNC.V,D,20180507,000000,2.27,2.44,2.11,2.42,0,0
KNC.V,D,20180508,000000,2.42,2.42,2.19,2.24,0,0
KNC.V,D,20180509,000000,2.24,2.36,2.09,2.35,0,0
KNC.V,D,20180510,000000,2.35,2.74,2.31,2.32,0,0
KNC.V,D,20180511,000000,2.33,2.33,2,2.04,0,0
KNC.V,D,20180512,000000,2.04,2.15,1.83,2.11,0,0
KNC.V,D,20180513,000000,2.11,2.23,2.08,2.12,0,0
KNC.V,D,20180514,000000,2.12,2.32,1.98,2.25,0,0
KNC.V,D,20180515,000000,2.25,2.4,2.04,2.04,0,0
KNC.V,D,20180516,000000,2.04,2.05,1.91,1.91,0,0
KNC.V,D,20180517,000000,1.91,2.03,1.87,1.87,0,0
KNC.V,D,20180518,000000,1.87,1.87,1.75,1.79,0,0
KNC.V,D,20180519,000000,1.79,1.88,1.78,1.82,0,0
KNC.V,D,20180520,000000,1.81,1.93,1.8,1.9,0,0
KNC.V,D,20180521,000000,1.9,1.92,1.77,1.78,0,0
KNC.V,D,20180522,000000,1.78,1.78,1.63,1.63,0,0
KNC.V,D,20180523,000000,1.63,1.64,1.35,1.41,0,0
KNC.V,D,20180524,000000,1.41,1.49,1.36,1.46,0,0
KNC.V,D,20180525,000000,1.46,1.51,1.33,1.35,0,0
KNC.V,D,20180526,000000,1.36,1.39,1.34,1.34,0,0
KNC.V,D,20180527,000000,1.34,1.34,1.28,1.29,0,0
KNC.V,D,20180528,000000,1.29,1.31,1.18,1.18,0,0
KNC.V,D,20180529,000000,1.18,1.28,1.15,1.27,0,0
KNC.V,D,20180530,000000,1.27,1.29,1.2,1.23,0,0
KNC.V,D,20180531,000000,1.23,1.38,1.22,1.34,0,0
KNC.V,D,20180601,000000,1.34,1.48,1.32,1.44,0,0
KNC.V,D,20180602,000000,1.44,1.65,1.44,1.55,0,0
KNC.V,D,20180603,000000,1.55,1.59,1.52,1.55,0,0
KNC.V,D,20180604,000000,1.55,1.56,1.4,1.46,0,0
KNC.V,D,20180605,000000,1.46,1.48,1.4,1.43,0,0
KNC.V,D,20180606,000000,1.43,1.45,1.39,1.43,0,0
KNC.V,D,20180607,000000,1.43,1.46,1.41,1.42,0,0
KNC.V,D,20180608,000000,1.42,1.47,1.32,1.37,0,0
KNC.V,D,20180609,000000,1.37,1.39,1.33,1.34,0,0
KNC.V,D,20180610,000000,1.34,1.35,1.09,1.1,0,0
KNC.V,D,20180611,000000,1.1,1.14,1.07,1.1,0,0
KNC.V,D,20180612,000000,1.1,1.16,1.02,1.03,0,0
KNC.V,D,20180613,000000,1.03,1.04,0.9106,0.9401,0,0
KNC.V,D,20180614,000000,0.9395,1.05,0.9343,1.05,0,0
KNC.V,D,20180615,000000,1.05,1.05,0.9918,1.01,0,0
KNC.V,D,20180616,000000,1.01,1.01,0.9631,0.9932,0,0
KNC.V,D,20180617,000000,0.9932,1.01,0.9758,0.9816,0,0
KNC.V,D,20180618,000000,0.9816,1.03,0.9606,1.02,0,0
KNC.V,D,20180619,000000,1.02,1.04,0.9905,0.9946,0,0
KNC.V,D,20180620,000000,0.9946,1.01,0.9668,0.9874,0,0
KNC.V,D,20180621,000000,0.9872,1.01,0.9403,0.9513,0,0
KNC.V,D,20180622,000000,0.951,0.9596,0.8251,0.8337,0,0
KNC.V,D,20180623,000000,0.834,0.8471,0.7934,0.8171,0,0
KNC.V,D,20180624,000000,0.8168,0.8204,0.7526,0.8103,0,0
KNC.V,D,20180625,000000,0.8104,0.9051,0.7705,0.8864,0,0
KNC.V,D,20180626,000000,0.887,0.9078,0.8394,0.8496,0,0
KNC.V,D,20180627,000000,0.8496,0.8787,0.805,0.8178,0,0
KNC.V,D,20180628,000000,0.8179,0.8356,0.7762,0.7802,0,0
KNC.V,D,20180629,000000,0.7802,0.7827,0.7261,0.7437,0,0
KNC.V,D,20180630,000000,0.7438,0.9229,0.7349,0.8645,0,0
KNC.V,D,20180701,000000,0.8649,0.8865,0.83,0.8765,0,0
KNC.V,D,20180702,000000,0.8763,0.9842,0.8165,0.9841,0,0
KNC.V,D,20180703,000000,0.9839,0.9917,0.9204,0.922,0,0
KNC.V,D,20180704,000000,0.9221,0.9842,0.87,0.9559,0,0
KNC.V,D,20180705,000000,0.9559,1.15,0.9275,1,0,0
KNC.V,D,20180706,000000,1,1.02,0.9396,0.9889,0,0
KNC.V,D,20180707,000000,0.9891,1.05,0.9558,0.9645,0,0
KNC.V,D,20180708,000000,0.9645,1.04,0.9617,1.02,0,0
KNC.V,D,20180709,000000,1.02,1.02,0.982,0.9863,0,0
KNC.V,D,20180710,000000,0.9869,0.9977,0.8328,0.857,0,0
KNC.V,D,20180711,000000,0.857,0.9123,0.8383,0.8625,0,0
KNC.V,D,20180713,000000,0.9118,0.9194,0.8503,0.8602,0,0
KNC.V,D,20180714,000000,0.8608,0.8936,0.8523,0.8735,0,0
KNC.V,D,20180715,000000,0.8734,0.9051,0.8563,0.9033,0,0
KNC.V,D,20180716,000000,0.9033,0.9607,0.8885,0.9565,0,0
KNC.V,D,20180717,000000,0.9564,1.03,0.9412,1.01,0,0
KNC.V,D,20180718,000000,1.01,1.09,0.9983,1.02,0,0
KNC.V,D,20180719,000000,1.02,1.09,1.01,1.04,0,0
KNC.V,D,20180720,000000,1.04,1.07,0.9177,0.9177,0,0
KNC.V,D,20180721,000000,0.9177,0.9637,0.915,0.9571,0,0
KNC.V,D,20180722,000000,0.9572,0.9587,0.9289,0.9312,0,0
KNC.V,D,20180723,000000,0.9314,0.9813,0.9088,0.9201,0,0
KNC.V,D,20180724,000000,0.92,0.9307,0.9002,0.9101,0,0
KNC.V,D,20180725,000000,0.9099,1,0.9084,0.9335,0,0
KNC.V,D,20180726,000000,0.9337,0.9589,0.8886,0.895,0,0
KNC.V,D,20180727,000000,0.8952,0.9203,0.8788,0.9167,0,0
KNC.V,D,20180728,000000,0.9167,0.9184,0.8946,0.9022,0,0
KNC.V,D,20180729,000000,0.9022,0.923,0.8814,0.8946,0,0
KNC.V,D,20180730,000000,0.8945,0.9063,0.8416,0.8556,0,0
KNC.V,D,20180731,000000,0.8556,0.8666,0.7876,0.7982,0,0
KNC.V,D,20180801,000000,0.7979,0.7993,0.7344,0.737,0,0
KNC.V,D,20180802,000000,0.737,0.7616,0.6989,0.7069,0,0
KNC.V,D,20180803,000000,0.7069,0.7183,0.6665,0.7113,0,0
KNC.V,D,20180804,000000,0.7125,0.7153,0.6696,0.6715,0,0
KNC.V,D,20180805,000000,0.6716,0.6976,0.6708,0.694,0,0
KNC.V,D,20180806,000000,0.6935,0.7013,0.6567,0.6585,0,0
KNC.V,D,20180807,000000,0.658,0.6831,0.6285,0.6424,0,0
KNC.V,D,20180808,000000,0.6427,0.6461,0.5312,0.549,0,0
KNC.V,D,20180809,000000,0.5491,0.5769,0.5369,0.5761,0,0
KNC.V,D,20180810,000000,0.5761,0.5761,0.5282,0.5297,0,0
KNC.V,D,20180811,000000,0.5301,0.5358,0.4724,0.5004,0,0
KNC.V,D,20180812,000000,0.5005,0.5107,0.4862,0.4933,0,0
KNC.V,D,20180813,000000,0.4936,0.4953,0.408,0.4136,0,0
KNC.V,D,20180814,000000,0.4136,0.4166,0.3442,0.3984,0,0
KNC.V,D,20180815,000000,0.3983,0.4584,0.3962,0.4416,0,0
KNC.V,D,20180816,000000,0.4416,0.4442,0.4198,0.4238,0,0
KNC.V,D,20180817,000000,0.4238,0.4967,0.4233,0.4967,0,0
KNC.V,D,20180818,000000,0.4967,0.5203,0.4326,0.455,0,0
KNC.V,D,20180819,000000,0.455,0.4778,0.4484,0.4657,0,0
KNC.V,D,20180820,000000,0.4656,0.4775,0.4434,0.4471,0,0
KNC.V,D,20180821,000000,0.4471,0.6962,0.4223,0.4963,0,0
KNC.V,D,20180822,000000,0.4958,0.5316,0.4404,0.4483,0,0
KNC.V,D,20180823,000000,0.4483,0.4766,0.44,0.4656,0,0
KNC.V,D,20180824,000000,0.4656,0.5188,0.4656,0.5176,0,0
KNC.V,D,20180825,000000,0.5175,0.5187,0.4969,0.5024,0,0
KNC.V,D,20180826,000000,0.5029,0.5323,0.4965,0.5277,0,0
KNC.V,D,20180827,000000,0.5277,0.5773,0.5195,0.5712,0,0
KNC.V,D,20180828,000000,0.571,0.5972,0.5648,0.5769,0,0
KNC.V,D,20180829,000000,0.5773,0.5789,0.5541,0.5615,0,0
KNC.V,D,20180830,000000,0.5614,0.5644,0.5234,0.5418,0,0
KNC.V,D,20180831,000000,0.5426,0.5484,0.5294,0.5456,0,0
KNC.V,D,20180901,000000,0.5456,0.5709,0.5442,0.5616,0,0
KNC.V,D,20180902,000000,0.5616,0.566,0.5407,0.5435,0,0
KNC.V,D,20180903,000000,0.5435,0.5437,0.5144,0.5254,0,0
KNC.V,D,20180904,000000,0.5254,0.5345,0.5154,0.5224,0,0
KNC.V,D,20180905,000000,0.5224,0.5292,0.4392,0.4413,0,0
KNC.V,D,20180906,000000,0.4413,0.4509,0.3996,0.4253,0,0
KNC.V,D,20180907,000000,0.4253,0.4526,0.4244,0.4318,0,0
KNC.V,D,20180908,000000,0.4319,0.4342,0.3821,0.3906,0,0
KNC.V,D,20180909,000000,0.3906,0.3999,0.3777,0.3921,0,0
KNC.V,D,20180910,000000,0.392,0.3998,0.3668,0.3733,0,0
KNC.V,D,20180911,000000,0.3733,0.38,0.3418,0.349,0,0
KNC.V,D,20180912,000000,0.3492,0.3582,0.3221,0.3416,0,0
KNC.V,D,20180913,000000,0.3416,0.3817,0.3401,0.3793,0,0
KNC.V,D,20180914,000000,0.3793,0.3931,0.3648,0.3811,0,0
KNC.V,D,20180915,000000,0.3811,0.3913,0.3721,0.3843,0,0
KNC.V,D,20180916,000000,0.3843,0.3933,0.3659,0.3776,0,0
KNC.V,D,20180917,000000,0.3776,0.4003,0.3605,0.3654,0,0
KNC.V,D,20180918,000000,0.3654,0.3842,0.3547,0.3714,0,0
KNC.V,D,20180919,000000,0.3714,0.3776,0.3572,0.3732,0,0
KNC.V,D,20180920,000000,0.3732,0.3847,0.3694,0.3846,0,0
KNC.V,D,20180921,000000,0.3844,0.4165,0.3815,0.4095,0,0
KNC.V,D,20180922,000000,0.4092,0.4228,0.3845,0.3992,0,0
KNC.V,D,20180923,000000,0.3992,0.4127,0.3952,0.3994,0,0
KNC.V,D,20180924,000000,0.3994,0.4047,0.3758,0.3854,0,0
KNC.V,D,20180925,000000,0.3858,0.3861,0.3509,0.3683,0,0
KNC.V,D,20180926,000000,0.3683,0.381,0.3591,0.3722,0,0
KNC.V,D,20180927,000000,0.3722,0.3831,0.3597,0.3799,0,0
KNC.V,D,20180928,000000,0.3799,0.3893,0.3722,0.3805,0,0
KNC.V,D,20180929,000000,0.3806,0.3839,0.3623,0.3802,0,0
KNC.V,D,20180930,000000,0.3802,0.4017,0.3786,0.385,0,0
KNC.V,D,20181001,000000,0.385,0.3947,0.3766,0.3868,0,0
KNC.V,D,20181002,000000,0.3868,0.3915,0.3844,0.3896,0,0
KNC.V,D,20181003,000000,0.3896,0.3932,0.3746,0.3756,0,0
KNC.V,D,20181004,000000,0.3755,0.3888,0.3741,0.3831,0,0
KNC.V,D,20181005,000000,0.383,0.3847,0.373,0.3829,0,0
KNC.V,D,20181006,000000,0.3829,0.3901,0.3825,0.3869,0,0
KNC.V,D,20181007,000000,0.3869,0.3958,0.3849,0.3916,0,0
KNC.V,D,20181008,000000,0.3916,0.4197,0.3913,0.411,0,0
KNC.V,D,20181009,000000,0.411,0.4197,0.3965,0.4027,0,0
KNC.V,D,20181010,000000,0.4027,0.58,0.3946,0.4171,0,0
KNC.V,D,20181011,000000,0.4171,0.4181,0.365,0.3683,0,0
KNC.V,D,20181012,000000,0.3684,0.3756,0.3523,0.353,0,0
KNC.V,D,20181013,000000,0.3529,0.3695,0.3503,0.3674,0,0
KNC.V,D,20181014,000000,0.3674,0.3979,0.3623,0.3789,0,0
KNC.V,D,20181015,000000,0.3789,0.46,0.3706,0.4248,0,0
KNC.V,D,20181016,000000,0.4248,0.4331,0.4005,0.4055,0,0
KNC.V,D,20181017,000000,0.4056,0.4351,0.401,0.4236,0,0
KNC.V,D,20181018,000000,0.4236,0.428,0.4067,0.4095,0,0
KNC.V,D,20181019,000000,0.4096,0.4353,0.4063,0.4111,0,0
KNC.V,D,20181020,000000,0.4111,0.4302,0.2945,0.423,0,0
KNC.V,D,20181021,000000,0.4229,0.4351,0.418,0.4214,0,0
KNC.V,D,20181022,000000,0.4214,0.423,0.4103,0.4207,0,0
KNC.V,D,20181023,000000,0.4207,0.4265,0.4144,0.4225,0,0
KNC.V,D,20181024,000000,0.4225,0.4577,0.4205,0.4444,0,0
KNC.V,D,20181025,000000,0.4444,0.4548,0.4322,0.4526,0,0
KNC.V,D,20181026,000000,0.4527,0.5875,0.4492,0.5014,0,0
KNC.V,D,20181027,000000,0.5014,0.55,0.4532,0.4547,0,0
KNC.V,D,20181028,000000,0.4547,0.4704,0.4511,0.4562,0,0
KNC.V,D,20181029,000000,0.4562,0.4649,0.4168,0.4198,0,0
KNC.V,D,20181030,000000,0.4201,0.4285,0.4169,0.4253,0,0
KNC.V,D,20181031,000000,0.4252,0.4363,0.4133,0.43,0,0
KNC.V,D,20181101,000000,0.43,0.4397,0.4254,0.4357,0,0
KNC.V,D,20181102,000000,0.436,0.4373,0.4269,0.429,0,0
KNC.V,D,20181103,000000,0.429,0.4312,0.4158,0.4186,0,0
KNC.V,D,20181104,000000,0.4187,0.4192,0.4066,0.411,0,0
KNC.V,D,20181105,000000,0.411,0.4143,0.397,0.3991,0,0
KNC.V,D,20181106,000000,0.3991,0.4061,0.3916,0.4056,0,0
KNC.V,D,20181107,000000,0.4054,0.4155,0.4011,0.4111,0,0
KNC.V,D,20181108,000000,0.4111,0.4131,0.3973,0.4023,0,0
KNC.V,D,20181109,000000,0.4023,0.4045,0.3895,0.3904,0,0
KNC.V,D,20181110,000000,0.3904,0.396,0.3826,0.3953,0,0
KNC.V,D,20181111,000000,0.3953,0.396,0.3808,0.3837,0,0
KNC.V,D,20181112,000000,0.3836,0.3875,0.3739,0.3755,0,0
KNC.V,D,20181113,000000,0.3755,0.3766,0.3552,0.3576,0,0
KNC.V,D,20181114,000000,0.3576,0.3578,0.2886,0.2937,0,0
KNC.V,D,20181115,000000,0.2935,0.3036,0.2618,0.2842,0,0
KNC.V,D,20181116,000000,0.2842,0.2942,0.2758,0.2767,0,0
KNC.V,D,20181117,000000,0.2769,0.282,0.2662,0.2684,0,0
KNC.V,D,20181118,000000,0.2684,0.28,0.2683,0.2757,0,0
KNC.V,D,20181119,000000,0.2756,0.2838,0.2081,0.2119,0,0
KNC.V,D,20181120,000000,0.2118,0.2195,0.1678,0.1838,0,0
KNC.V,D,20181121,000000,0.1838,0.2054,0.178,0.196,0,0
KNC.V,D,20181122,000000,0.196,0.2061,0.1947,0.2,0,0
KNC.V,D,20181123,000000,0.2,0.2,0.1798,0.1909,0,0
KNC.V,D,20181124,000000,0.1908,0.1946,0.1628,0.1651,0,0
KNC.V,D,20181125,000000,0.1649,0.1699,0.1432,0.1684,0,0
KNC.V,D,20181126,000000,0.1684,0.1704,0.1532,0.1554,0,0
KNC.V,D,20181127,000000,0.1554,0.1672,0.1534,0.1615,0,0
KNC.V,D,20181128,000000,0.1615,0.1946,0.1608,0.1822,0,0
KNC.V,D,20181129,000000,0.1822,0.2014,0.1818,0.1893,0,0
KNC.V,D,20181130,000000,0.1893,0.2008,0.1679,0.1759,0,0
KNC.V,D,20181201,000000,0.1759,0.2393,0.1756,0.2043,0,0
KNC.V,D,20181202,000000,0.2043,0.206,0.193,0.196,0,0
KNC.V,D,20181203,000000,0.196,0.1968,0.1705,0.1757,0,0
KNC.V,D,20181204,000000,0.1757,0.1873,0.1685,0.1796,0,0
KNC.V,D,20181205,000000,0.1796,0.1808,0.1617,0.1644,0,0
KNC.V,D,20181206,000000,0.1643,0.1653,0.1418,0.1431,0,0
KNC.V,D,20181207,000000,0.1432,0.1441,0.1204,0.1322,0,0
KNC.V,D,20181208,000000,0.1323,0.1422,0.1288,0.1395,0,0
KNC.V,D,20181209,000000,0.1394,0.145,0.1336,0.1403,0,0
KNC.V,D,20181210,000000,0.1402,0.1439,0.131,0.1334,0,0
KNC.V,D,20181211,000000,0.1334,0.1358,0.1296,0.1313,0,0
KNC.V,D,20181212,000000,0.1313,0.135,0.1298,0.133,0,0
KNC.V,D,20181213,000000,0.1332,0.1334,0.1221,0.1228,0,0
KNC.V,D,20181214,000000,0.1228,0.123,0.1145,0.118,0,0
KNC.V,D,20181215,000000,0.118,0.1266,0.1168,0.1239,0,0
KNC.V,D,20181216,000000,0.1239,0.1285,0.1222,0.1225,0,0
KNC.V,D,20181217,000000,0.1225,0.1381,0.1212,0.1322,0,0
KNC.V,D,20181218,000000,0.1322,0.1344,0.1284,0.1337,0,0
KNC.V,D,20181219,000000,0.1337,0.1579,0.1336,0.1452,0,0
KNC.V,D,20181220,000000,0.1451,0.1914,0.1417,0.1814,0,0
KNC.V,D,20181221,000000,0.1814,0.1852,0.1555,0.1585,0,0
KNC.V,D,20181222,000000,0.1585,0.1662,0.1561,0.1624,0,0
KNC.V,D,20181223,000000,0.1624,0.1727,0.1623,0.1684,0,0
KNC.V,D,20181224,000000,0.1684,0.1832,0.1675,0.1741,0,0
KNC.V,D,20181225,000000,0.1741,0.1752,0.1476,0.1552,0,0
KNC.V,D,20181226,000000,0.1552,0.1664,0.1529,0.1624,0,0
KNC.V,D,20181227,000000,0.1626,0.1647,0.1479,0.1479,0,0
KNC.V,D,20181228,000000,0.1478,0.1699,0.1446,0.1647,0,0
KNC.V,D,20181229,000000,0.1643,0.1667,0.1598,0.1642,0,0
KNC.V,D,20181230,000000,0.1642,0.1663,0.1549,0.1624,0,0
KNC.V,D,20181231,000000,0.1624,0.1639,0.1526,0.1537,0,0
KNC.V,D,20190101,000000,0.1537,0.1606,0.1525,0.1591,0,0
KNC.V,D,20190102,000000,0.1591,0.1691,0.1588,0.1681,0,0
KNC.V,D,20190103,000000,0.1681,0.1698,0.1556,0.158,0,0
KNC.V,D,20190104,000000,0.158,0.1616,0.1543,0.1601,0,0
KNC.V,D,20190105,000000,0.1601,0.1627,0.1587,0.1605,0,0
KNC.V,D,20190106,000000,0.1605,0.1788,0.1595,0.1729,0,0
KNC.V,D,20190107,000000,0.1729,0.1767,0.1639,0.164,0,0
KNC.V,D,20190108,000000,0.164,0.1671,0.1591,0.1634,0,0
KNC.V,D,20190109,000000,0.1634,0.1685,0.1626,0.1668,0,0
KNC.V,D,20190110,000000,0.1668,0.167,0.1375,0.1408,0,0
KNC.V,D,20190111,000000,0.1408,0.1529,0.1401,0.1445,0,0
KNC.V,D,20190112,000000,0.1446,0.1468,0.1404,0.1438,0,0
KNC.V,D,20190113,000000,0.1437,0.1442,0.1306,0.1311,0,0
KNC.V,D,20190114,000000,0.1311,0.1411,0.1309,0.1396,0,0
KNC.V,D,20190115,000000,0.1396,0.1411,0.1343,0.135,0,0
KNC.V,D,20190116,000000,0.1349,0.1376,0.1315,0.1342,0,0
KNC.V,D,20190117,000000,0.1342,0.143,0.1336,0.1429,0,0
KNC.V,D,20190118,000000,0.1429,0.1439,0.1359,0.1399,0,0
KNC.V,D,20190119,000000,0.1399,0.1485,0.1392,0.1479,0,0
KNC.V,D,20190120,000000,0.1476,0.1497,0.1337,0.1358,0,0
KNC.V,D,20190121,000000,0.1358,0.1383,0.1335,0.1361,0,0
KNC.V,D,20190122,000000,0.1361,0.1379,0.1307,0.1371,0,0
KNC.V,D,20190123,000000,0.1371,0.1393,0.1346,0.1359,0,0
KNC.V,D,20190124,000000,0.1359,0.1399,0.1349,0.139,0,0
KNC.V,D,20190125,000000,0.139,0.1463,0.1362,0.1385,0,0
KNC.V,D,20190126,000000,0.1385,0.1421,0.1377,0.1385,0,0
KNC.V,D,20190127,000000,0.1386,0.1386,0.1285,0.1323,0,0
KNC.V,D,20190128,000000,0.1323,0.1324,0.1163,0.1202,0,0
KNC.V,D,20190129,000000,0.1202,0.1208,0.1123,0.117,0,0
KNC.V,D,20190130,000000,0.117,0.1217,0.1153,0.1213,0,0
KNC.V,D,20190131,000000,0.1213,0.1223,0.1159,0.1173,0,0
KNC.V,D,20190201,000000,0.1173,0.12,0.1148,0.1181,0,0
KNC.V,D,20190202,000000,0.1181,0.1207,0.1179,0.1193,0,0
KNC.V,D,20190203,000000,0.1191,0.1217,0.1158,0.1167,0,0
KNC.V,D,20190204,000000,0.1166,0.1197,0.1157,0.1172,0,0
KNC.V,D,20190205,000000,0.1172,0.1194,0.1145,0.1158,0,0
KNC.V,D,20190206,000000,0.1158,0.1187,0.1126,0.1166,0,0
KNC.V,D,20190207,000000,0.1165,0.122,0.1158,0.1182,0,0
KNC.V,D,20190208,000000,0.1182,0.132,0.118,0.1273,0,0
KNC.V,D,20190209,000000,0.1273,0.1294,0.1265,0.1281,0,0
KNC.V,D,20190210,000000,0.1281,0.1616,0.1252,0.1414,0,0
KNC.V,D,20190211,000000,0.1414,0.1436,0.1327,0.1356,0,0
KNC.V,D,20190212,000000,0.1356,0.1357,0.1285,0.1317,0,0
KNC.V,D,20190213,000000,0.1317,0.1334,0.1294,0.1309,0,0
KNC.V,D,20190214,000000,0.1309,0.1324,0.1285,0.1298,0,0
KNC.V,D,20190215,000000,0.1298,0.1351,0.1291,0.1301,0,0
KNC.V,D,20190216,000000,0.1301,0.154,0.1298,0.1445,0,0
KNC.V,D,20190217,000000,0.1445,0.1541,0.1381,0.1462,0,0
KNC.V,D,20190218,000000,0.1462,0.1689,0.1445,0.1538,0,0
KNC.V,D,20190219,000000,0.1539,0.1559,0.1464,0.1489,0,0
KNC.V,D,20190220,000000,0.1489,0.1545,0.1461,0.1505,0,0
KNC.V,D,20190221,000000,0.1505,0.1538,0.1427,0.1454,0,0
KNC.V,D,20190222,000000,0.1454,0.1604,0.1446,0.1594,0,0
KNC.V,D,20190223,000000,0.1594,0.1607,0.1517,0.1589,0,0
KNC.V,D,20190224,000000,0.1589,0.1751,0.1404,0.1417,0,0
KNC.V,D,20190225,000000,0.1417,0.1489,0.1404,0.1459,0,0
KNC.V,D,20190226,000000,0.146,0.1593,0.1438,0.1556,0,0
KNC.V,D,20190227,000000,0.1556,0.1667,0.1495,0.153,0,0
KNC.V,D,20190228,000000,0.153,0.1586,0.1529,0.1562,0,0
KNC.V,D,20190301,000000,0.1562,0.2378,0.1556,0.206,0,0
KNC.V,D,20190302,000000,0.2059,0.2103,0.1767,0.1834,0,0
KNC.V,D,20190303,000000,0.1834,0.1978,0.1716,0.173,0,0
KNC.V,D,20190304,000000,0.173,0.1748,0.1574,0.1622,0,0
KNC.V,D,20190305,000000,0.1622,0.1746,0.1589,0.1724,0,0
KNC.V,D,20190306,000000,0.1724,0.1748,0.1681,0.1719,0,0
KNC.V,D,20190307,000000,0.1719,0.1859,0.1695,0.1766,0,0
KNC.V,D,20190308,000000,0.1767,0.2331,0.173,0.2239,0,0
KNC.V,D,20190309,000000,0.2246,0.4107,0.2225,0.3907,0,0
KNC.V,D,20190310,000000,0.3906,0.4012,0.2925,0.3066,0,0
KNC.V,D,20190311,000000,0.3066,0.3085,0.2517,0.2532,0,0
KNC.V,D,20190312,000000,0.2531,0.2672,0.2319,0.2591,0,0
KNC.V,D,20190313,000000,0.259,0.2747,0.2404,0.2462,0,0
KNC.V,D,20190314,000000,0.2462,0.2514,0.2259,0.2364,0,0
KNC.V,D,20190315,000000,0.2364,0.2577,0.2331,0.2548,0,0
KNC.V,D,20190316,000000,0.2546,0.255,0.2413,0.2471,0,0
KNC.V,D,20190317,000000,0.2471,0.2471,0.2369,0.2439,0,0
KNC.V,D,20190318,000000,0.2439,0.2756,0.2389,0.2555,0,0
KNC.V,D,20190319,000000,0.2555,0.2757,0.2535,0.2603,0,0
KNC.V,D,20190320,000000,0.2602,0.2666,0.2509,0.2615,0,0
KNC.V,D,20190321,000000,0.2614,0.2812,0.2443,0.2621,0,0
KNC.V,D,20190322,000000,0.2621,0.2765,0.2593,0.264,0,0
KNC.V,D,20190323,000000,0.2639,0.2727,0.2607,0.2618,0,0
KNC.V,D,20190324,000000,0.262,0.2635,0.2534,0.2557,0,0
KNC.V,D,20190325,000000,0.2557,0.2579,0.2407,0.2445,0,0
KNC.V,D,20190326,000000,0.2445,0.2903,0.244,0.2563,0,0
KNC.V,D,20190327,000000,0.2563,0.2656,0.2551,0.2602,0,0
KNC.V,D,20190328,000000,0.2602,0.2695,0.2596,0.267,0,0
KNC.V,D,20190329,000000,0.2671,0.3001,0.2663,0.2896,0,0
KNC.V,D,20190330,000000,0.2896,0.2896,0.2729,0.2799,0,0
KNC.V,D,20190331,000000,0.2799,0.2901,0.2697,0.2822,0,0
KNC.V,D,20190401,000000,0.2822,0.2876,0.2767,0.2844,0,0
KNC.V,D,20190402,000000,0.2844,0.3059,0.2837,0.2955,0,0
KNC.V,D,20190403,000000,0.2955,0.3058,0.2883,0.2883,0,0
KNC.V,D,20190404,000000,0.2887,0.3065,0.2723,0.2859,0,0
KNC.V,D,20190405,000000,0.2858,0.2948,0.2833,0.2873,0,0
KNC.V,D,20190406,000000,0.2873,0.2929,0.2797,0.2841,0,0
KNC.V,D,20190407,000000,0.2841,0.2927,0.2816,0.2895,0,0
KNC.V,D,20190408,000000,0.2894,0.2956,0.2686,0.2797,0,0
KNC.V,D,20190409,000000,0.2796,0.289,0.2659,0.2778,0,0
KNC.V,D,20190410,000000,0.2778,0.2873,0.2727,0.2754,0,0
KNC.V,D,20190411,000000,0.2754,0.2953,0.2495,0.2691,0,0
KNC.V,D,20190412,000000,0.2692,0.2842,0.2655,0.2702,0,0
KNC.V,D,20190413,000000,0.2702,0.2829,0.2677,0.2689,0,0
KNC.V,D,20190414,000000,0.2688,0.2802,0.2673,0.2768,0,0
KNC.V,D,20190415,000000,0.277,0.2805,0.2591,0.2629,0,0
KNC.V,D,20190416,000000,0.2628,0.2657,0.2572,0.264,0,0
KNC.V,D,20190417,000000,0.2638,0.2725,0.2587,0.2635,0,0
KNC.V,D,20190418,000000,0.2636,0.2753,0.2622,0.2707,0,0
KNC.V,D,20190419,000000,0.2707,0.273,0.2614,0.2669,0,0
KNC.V,D,20190420,000000,0.2668,0.3168,0.2665,0.2982,0,0
KNC.V,D,20190421,000000,0.2983,0.3254,0.2768,0.2807,0,0
KNC.V,D,20190422,000000,0.2807,0.2911,0.2686,0.2765,0,0
KNC.V,D,20190423,000000,0.2764,0.2797,0.2645,0.2658,0,0
KNC.V,D,20190424,000000,0.2658,0.267,0.2329,0.2394,0,0
KNC.V,D,20190425,000000,0.2393,0.2573,0.2384,0.2525,0,0
KNC.V,D,20190426,000000,0.2525,0.2525,0.2144,0.2186,0,0
KNC.V,D,20190427,000000,0.2186,0.2318,0.2181,0.228,0,0
KNC.V,D,20190428,000000,0.228,0.2459,0.2261,0.2337,0,0
KNC.V,D,20190429,000000,0.2337,0.2374,0.2126,0.2168,0,0
KNC.V,D,20190430,000000,0.2168,0.2265,0.2158,0.2251,0,0
KNC.V,D,20190501,000000,0.2251,0.2324,0.2221,0.2228,0,0
KNC.V,D,20190502,000000,0.2227,0.224,0.2174,0.2214,0,0
KNC.V,D,20190503,000000,0.2213,0.231,0.2172,0.2248,0,0
KNC.V,D,20190504,000000,0.2245,0.2289,0.2113,0.2212,0,0
KNC.V,D,20190505,000000,0.2212,0.2273,0.2193,0.2254,0,0
KNC.V,D,20190506,000000,0.2254,0.2308,0.2117,0.2287,0,0
KNC.V,D,20190507,000000,0.2287,0.2338,0.2172,0.2194,0,0
KNC.V,D,20190508,000000,0.2193,0.2208,0.2125,0.2142,0,0
KNC.V,D,20190509,000000,0.2142,0.2177,0.2017,0.2055,0,0
KNC.V,D,20190510,000000,0.2056,0.21,0.1932,0.2049,0,0
KNC.V,D,20190511,000000,0.2049,0.2227,0.2032,0.2227,0,0
KNC.V,D,20190512,000000,0.2229,0.2287,0.2068,0.2174,0,0
KNC.V,D,20190513,000000,0.2175,0.2269,0.2104,0.2178,0,0
KNC.V,D,20190514,000000,0.2175,0.3182,0.2064,0.2384,0,0
KNC.V,D,20190515,000000,0.2384,0.278,0.2384,0.2661,0,0
KNC.V,D,20190516,000000,0.266,0.2927,0.2503,0.2594,0,0
KNC.V,D,20190517,000000,0.2594,0.2623,0.2126,0.2421,0,0
KNC.V,D,20190518,000000,0.2423,0.2556,0.2383,0.248,0,0
KNC.V,D,20190519,000000,0.2479,0.262,0.2392,0.2534,0,0
KNC.V,D,20190520,000000,0.2533,0.2817,0.2395,0.2719,0,0
KNC.V,D,20190521,000000,0.2717,0.2823,0.2624,0.2714,0,0
KNC.V,D,20190522,000000,0.2714,0.2914,0.2621,0.2628,0,0
KNC.V,D,20190523,000000,0.2626,0.2958,0.2521,0.2782,0,0
KNC.V,D,20190524,000000,0.2787,0.342,0.2787,0.2841,0,0
KNC.V,D,20190525,000000,0.2841,0.3005,0.2774,0.2803,0,0
KNC.V,D,20190526,000000,0.2803,0.2997,0.274,0.2804,0,0
KNC.V,D,20190527,000000,0.2805,0.2884,0.2778,0.287,0,0
KNC.V,D,20190528,000000,0.287,0.3035,0.2832,0.2905,0,0
KNC.V,D,20190529,000000,0.2906,0.2916,0.2736,0.2844,0,0
KNC.V,D,20190530,000000,0.2845,0.2947,0.2588,0.2594,0,0
KNC.V,D,20190531,000000,0.2594,0.275,0.2509,0.2732,0,0
KNC.V,D,20190601,000000,0.2732,0.2777,0.2651,0.2696,0,0
KNC.V,D,20190602,000000,0.2696,0.2748,0.2639,0.2742,0,0
KNC.V,D,20190603,000000,0.2743,0.2762,0.259,0.2633,0,0
KNC.V,D,20190604,000000,0.2635,0.2743,0.2414,0.2416,0,0
KNC.V,D,20190605,000000,0.2408,0.2543,0.2369,0.2447,0,0
KNC.V,D,20190606,000000,0.2448,0.2566,0.2433,0.2561,0,0
KNC.V,D,20190607,000000,0.2561,0.2676,0.2517,0.2596,0,0
KNC.V,D,20190608,000000,0.2595,0.2743,0.2561,0.2634,0,0
KNC.V,D,20190609,000000,0.2635,0.2729,0.2538,0.2561,0,0
KNC.V,D,20190610,000000,0.256,0.2761,0.2527,0.2713,0,0
KNC.V,D,20190611,000000,0.2713,0.2849,0.2627,0.2821,0,0
KNC.V,D,20190612,000000,0.2821,0.2821,0.2707,0.2756,0,0
KNC.V,D,20190613,000000,0.2757,0.2775,0.266,0.2745,0,0
KNC.V,D,20190614,000000,0.2744,0.2744,0.2536,0.2572,0,0
KNC.V,D,20190615,000000,0.2568,0.2767,0.2568,0.2696,0,0
KNC.V,D,20190616,000000,0.2696,0.2856,0.2606,0.2656,0,0
KNC.V,D,20190617,000000,0.2656,0.2915,0.2648,0.2726,0,0
KNC.V,D,20190618,000000,0.2727,0.2911,0.2579,0.2592,0,0
KNC.V,D,20190619,000000,0.2593,0.2907,0.2579,0.2723,0,0
KNC.V,D,20190620,000000,0.2724,0.3037,0.2599,0.2609,0,0
KNC.V,D,20190621,000000,0.2609,0.2888,0.2504,0.2522,0,0
KNC.V,D,20190622,000000,0.2523,0.297,0.2464,0.2578,0,0
KNC.V,D,20190623,000000,0.2577,0.3106,0.2536,0.2659,0,0
KNC.V,D,20190624,000000,0.2656,0.3077,0.2573,0.274,0,0
KNC.V,D,20190625,000000,0.274,0.4058,0.2685,0.2713,0,0
KNC.V,D,20190626,000000,0.2713,0.3093,0.2574,0.2615,0,0
KNC.V,D,20190627,000000,0.2616,0.3049,0.2304,0.2365,0,0
KNC.V,D,20190628,000000,0.2366,0.3123,0.2333,0.2576,0,0
KNC.V,D,20190629,000000,0.2576,0.3238,0.2446,0.2655,0,0
KNC.V,D,20190630,000000,0.2655,0.3345,0.2535,0.2586,0,0
KNC.V,D,20190701,000000,0.2585,0.3019,0.241,0.2523,0,0
KNC.V,D,20190702,000000,0.2523,0.2978,0.2324,0.2425,0,0
KNC.V,D,20190703,000000,0.2425,0.2793,0.2306,0.2413,0,0
KNC.V,D,20190704,000000,0.2413,0.3092,0.2362,0.2377,0,0
KNC.V,D,20190705,000000,0.2376,0.3118,0.2337,0.2406,0,0
KNC.V,D,20190706,000000,0.2406,0.3188,0.2362,0.2412,0,0
KNC.V,D,20190707,000000,0.2412,0.3274,0.2389,0.2501,0,0
KNC.V,D,20190708,000000,0.2502,0.3844,0.2446,0.2494,0,0
KNC.V,D,20190709,000000,0.2493,0.3447,0.2401,0.2478,0,0
KNC.V,D,20190710,000000,0.2479,0.3375,0.2257,0.2299,0,0
KNC.V,D,20190711,000000,0.2301,0.3051,0.1968,0.2105,0,0
KNC.V,D,20190712,000000,0.2104,0.2644,0.2096,0.2221,0,0
KNC.V,D,20190713,000000,0.222,0.2265,0.2077,0.2104,0,0
KNC.V,D,20190714,000000,0.2105,0.2164,0.1894,0.1947,0,0
KNC.V,D,20190715,000000,0.1946,0.1981,0.1708,0.1893,0,0
KNC.V,D,20190716,000000,0.1894,0.1925,0.1599,0.163,0,0
KNC.V,D,20190717,000000,0.1633,0.1691,0.1519,0.168,0,0
KNC.V,D,20190718,000000,0.1679,0.1812,0.164,0.1766,0,0
KNC.V,D,20190719,000000,0.1766,0.1859,0.1752,0.1858,0,0
KNC.V,D,20190720,000000,0.1858,0.196,0.1839,0.1956,0,0
KNC.V,D,20190721,000000,0.1956,0.1965,0.1852,0.1896,0,0
KNC.V,D,20190722,000000,0.1896,0.1908,0.18,0.1824,0,0
KNC.V,D,20190723,000000,0.1824,0.198,0.1798,0.1833,0,0
KNC.V,D,20190724,000000,0.1832,0.1844,0.1708,0.1783,0,0
KNC.V,D,20190725,000000,0.1782,0.1892,0.1775,0.1852,0,0
KNC.V,D,20190726,000000,0.1852,0.1963,0.1816,0.1945,0,0
KNC.V,D,20190727,000000,0.1947,0.1984,0.1786,0.182,0,0
KNC.V,D,20190728,000000,0.182,0.1922,0.1801,0.1863,0,0
KNC.V,D,20190729,000000,0.1863,0.2231,0.18,0.2133,0,0
KNC.V,D,20190730,000000,0.2134,0.2235,0.195,0.1998,0,0
KNC.V,D,20190731,000000,0.1998,0.2007,0.189,0.1907,0,0
KNC.V,D,20190801,000000,0.1905,0.2115,0.1827,0.184,0,0
KNC.V,D,20190802,000000,0.184,0.1878,0.1812,0.1846,0,0
KNC.V,D,20190803,000000,0.1845,0.1881,0.1822,0.1835,0,0
KNC.V,D,20190804,000000,0.1836,0.1874,0.18,0.1857,0,0
KNC.V,D,20190805,000000,0.1857,0.189,0.1828,0.1851,0,0
KNC.V,D,20190806,000000,0.1851,0.187,0.1706,0.1722,0,0
KNC.V,D,20190807,000000,0.1721,0.1822,0.1667,0.1694,0,0
KNC.V,D,20190808,000000,0.1692,0.1732,0.1664,0.17,0,0
KNC.V,D,20190809,000000,0.17,0.1757,0.158,0.1606,0,0
KNC.V,D,20190810,000000,0.1607,0.1663,0.1555,0.1592,0,0
KNC.V,D,20190811,000000,0.1592,0.1718,0.1591,0.169,0,0
KNC.V,D,20190812,000000,0.169,0.1704,0.1649,0.1659,0,0
KNC.V,D,20190813,000000,0.1659,0.1672,0.1577,0.1626,0,0
KNC.V,D,20190814,000000,0.1626,0.1634,0.1473,0.1489,0,0
KNC.V,D,20190815,000000,0.1489,0.1538,0.1392,0.147,0,0
KNC.V,D,20190816,000000,0.1471,0.1556,0.1424,0.1521,0,0
KNC.V,D,20190817,000000,0.1519,0.1534,0.1481,0.1499,0,0
KNC.V,D,20190818,000000,0.1501,0.1628,0.1489,0.1587,0,0
KNC.V,D,20190819,000000,0.1585,0.1607,0.1551,0.1554,0,0
KNC.V,D,20190820,000000,0.1553,0.1623,0.15,0.1623,0,0
KNC.V,D,20190821,000000,0.1622,0.1848,0.1595,0.1689,0,0
KNC.V,D,20190822,000000,0.1689,0.1831,0.1651,0.1769,0,0
KNC.V,D,20190823,000000,0.1769,0.1963,0.1768,0.1898,0,0
KNC.V,D,20190824,000000,0.1898,0.1909,0.1813,0.1852,0,0
KNC.V,D,20190825,000000,0.1852,0.1945,0.1774,0.1876,0,0
KNC.V,D,20190826,000000,0.1877,0.1921,0.1844,0.1855,0,0
KNC.V,D,20190827,000000,0.1855,0.1874,0.1769,0.1855,0,0
KNC.V,D,20190828,000000,0.1856,0.1867,0.1582,0.1627,0,0
KNC.V,D,20190829,000000,0.1627,0.1638,0.1541,0.1587,0,0
KNC.V,D,20190830,000000,0.1587,0.1659,0.1563,0.1638,0,0
KNC.V,D,20190831,000000,0.1638,0.166,0.1588,0.1632,0,0
KNC.V,D,20190901,000000,0.1632,0.1645,0.1585,0.1591,0,0
KNC.V,D,20190902,000000,0.1591,0.1669,0.1562,0.1622,0,0
KNC.V,D,20190903,000000,0.1622,0.1649,0.1606,0.1622,0,0
KNC.V,D,20190904,000000,0.1622,0.1644,0.159,0.1596,0,0
KNC.V,D,20190905,000000,0.1596,0.2043,0.1556,0.179,0,0
KNC.V,D,20190906,000000,0.1789,0.1936,0.167,0.1705,0,0
KNC.V,D,20190907,000000,0.1705,0.185,0.1685,0.1831,0,0
KNC.V,D,20190908,000000,0.1831,0.1907,0.1757,0.1843,0,0
KNC.V,D,20190909,000000,0.1844,0.185,0.1734,0.1788,0,0
KNC.V,D,20190910,000000,0.1788,0.1818,0.177,0.1813,0,0
KNC.V,D,20190911,000000,0.1813,0.2175,0.1799,0.2065,0,0
KNC.V,D,20190912,000000,0.2064,0.2241,0.1985,0.1995,0,0
KNC.V,D,20190913,000000,0.1995,0.2021,0.1879,0.1938,0,0
KNC.V,D,20190914,000000,0.1937,0.2231,0.1937,0.2215,0,0
KNC.V,D,20190915,000000,0.2219,0.2376,0.2126,0.2209,0,0
KNC.V,D,20190916,000000,0.221,0.2222,0.2033,0.2137,0,0
KNC.V,D,20190917,000000,0.2137,0.2401,0.2121,0.2333,0,0
KNC.V,D,20190918,000000,0.2333,0.2416,0.2223,0.2397,0,0
KNC.V,D,20190919,000000,0.2399,0.2427,0.2188,0.2277,0,0
KNC.V,D,20190920,000000,0.2278,0.2342,0.2225,0.2249,0,0
KNC.V,D,20190921,000000,0.2248,0.2281,0.2103,0.2124,0,0
KNC.V,D,20190922,000000,0.2124,0.2137,0.2005,0.2041,0,0
KNC.V,D,20190923,000000,0.2042,0.2119,0.1998,0.2018,0,0
KNC.V,D,20190924,000000,0.2017,0.2069,0.16,0.168,0,0
KNC.V,D,20190925,000000,0.168,0.1693,0.1582,0.1677,0,0
KNC.V,D,20190926,000000,0.1677,0.1774,0.1615,0.1695,0,0
KNC.V,D,20190927,000000,0.1696,0.1947,0.1685,0.1937,0,0
KNC.V,D,20190928,000000,0.1938,0.1951,0.1802,0.1866,0,0
KNC.V,D,20190929,000000,0.1866,0.1955,0.1702,0.1748,0,0
KNC.V,D,20190930,000000,0.1748,0.1913,0.1744,0.1896,0,0
KNC.V,D,20191001,000000,0.1895,0.1931,0.1797,0.1831,0,0
KNC.V,D,20191002,000000,0.1831,0.1855,0.1798,0.1853,0,0
KNC.V,D,20191003,000000,0.1846,0.1898,0.1801,0.1839,0,0
KNC.V,D,20191004,000000,0.1839,0.1956,0.1774,0.1938,0,0
KNC.V,D,20191005,000000,0.1938,0.207,0.1858,0.1991,0,0
KNC.V,D,20191006,000000,0.199,0.203,0.1816,0.1842,0,0
KNC.V,D,20191007,000000,0.1842,0.1967,0.1816,0.1938,0,0
KNC.V,D,20191008,000000,0.1938,0.2021,0.1908,0.1973,0,0
KNC.V,D,20191009,000000,0.1973,0.2037,0.1875,0.1919,0,0
KNC.V,D,20191010,000000,0.1919,0.1985,0.1893,0.1967,0,0
KNC.V,D,20191011,000000,0.1968,0.1996,0.1854,0.187,0,0
KNC.V,D,20191012,000000,0.187,0.1974,0.187,0.1957,0,0
KNC.V,D,20191013,000000,0.1957,0.198,0.1905,0.1925,0,0
KNC.V,D,20191014,000000,0.1973,0.1981,0.1939,0.1973,0,0
KNC.V,D,20191015,000000,0.1973,0.202,0.1947,0.1953,0,0
KNC.V,D,20191016,000000,0.1953,0.1965,0.178,0.1812,0,0
KNC.V,D,20191017,000000,0.1815,0.1901,0.1789,0.19,0,0
KNC.V,D,20191018,000000,0.19,0.1924,0.1825,0.1853,0,0
KNC.V,D,20191019,000000,0.1853,0.2023,0.1818,0.183,0,0
KNC.V,D,20191020,000000,0.183,0.1897,0.1776,0.181,0,0
KNC.V,D,20191021,000000,0.181,0.1836,0.1754,0.1776,0,0
KNC.V,D,20191022,000000,0.1775,0.1796,0.1713,0.1715,0,0
KNC.V,D,20191023,000000,0.1715,0.172,0.1518,0.1583,0,0
KNC.V,D,20191024,000000,0.1582,0.1666,0.1573,0.1643,0,0
KNC.V,D,20191025,000000,0.1643,0.1857,0.1634,0.1757,0,0
KNC.V,D,20191026,000000,0.1757,0.1908,0.1688,0.1721,0,0
KNC.V,D,20191027,000000,0.172,0.1855,0.1706,0.1811,0,0
KNC.V,D,20191028,000000,0.1813,0.1852,0.178,0.1842,0,0
KNC.V,D,20191029,000000,0.1843,0.1847,0.1784,0.1805,0,0
KNC.V,D,20191030,000000,0.1804,0.182,0.1715,0.1739,0,0
KNC.V,D,20191031,000000,0.1739,0.1773,0.1698,0.1746,0,0
KNC.V,D,20191101,000000,0.1745,0.1791,0.1741,0.1767,0,0
KNC.V,D,20191102,000000,0.1767,0.1805,0.176,0.1789,0,0
KNC.V,D,20191103,000000,0.1789,0.2245,0.1729,0.1763,0,0
KNC.V,D,20191104,000000,0.1763,0.185,0.1749,0.1808,0,0
KNC.V,D,20191105,000000,0.1808,0.1837,0.1785,0.1811,0,0
KNC.V,D,20191106,000000,0.1811,0.1822,0.176,0.1781,0,0
KNC.V,D,20191107,000000,0.1781,0.1789,0.174,0.1774,0,0
KNC.V,D,20191108,000000,0.1773,0.1786,0.1652,0.1707,0,0
KNC.V,D,20191109,000000,0.1707,0.1793,0.1696,0.1744,0,0
KNC.V,D,20191110,000000,0.1746,0.1836,0.1743,0.1785,0,0
KNC.V,D,20191111,000000,0.1785,0.1839,0.175,0.1798,0,0
KNC.V,D,20191112,000000,0.1798,0.1815,0.1734,0.1751,0,0
KNC.V,D,20191113,000000,0.1752,0.1897,0.175,0.186,0,0
KNC.V,D,20191114,000000,0.1859,0.1867,0.1737,0.1786,0,0
KNC.V,D,20191115,000000,0.1786,0.1801,0.1696,0.1723,0,0
KNC.V,D,20191116,000000,0.1724,0.1748,0.1703,0.1725,0,0
KNC.V,D,20191117,000000,0.1724,0.1776,0.1702,0.1759,0,0
KNC.V,D,20191118,000000,0.1759,0.1768,0.1668,0.1675,0,0
KNC.V,D,20191119,000000,0.1675,0.1726,0.1643,0.1708,0,0
KNC.V,D,20191120,000000,0.1708,0.1726,0.1675,0.1684,0,0
KNC.V,D,20191121,000000,0.1685,0.1688,0.1553,0.1586,0,0
KNC.V,D,20191122,000000,0.1586,0.1599,0.1408,0.1522,0,0
KNC.V,D,20191123,000000,0.1521,0.1576,0.1491,0.1569,0,0
KNC.V,D,20191124,000000,0.1569,0.1578,0.1473,0.1497,0,0
KNC.V,D,20191125,000000,0.1497,0.15,0.1327,0.1451,0,0
KNC.V,D,20191126,000000,0.1451,0.1502,0.1429,0.1499,0,0
KNC.V,D,20191127,000000,0.1499,0.1633,0.1444,0.1619,0,0
KNC.V,D,20191128,000000,0.1619,0.1813,0.1614,0.1674,0,0
KNC.V,D,20191129,000000,0.1674,0.1902,0.1668,0.186,0,0
KNC.V,D,20191130,000000,0.1861,0.1904,0.1796,0.1831,0,0
KNC.V,D,20191201,000000,0.1831,0.1836,0.1731,0.183,0,0
KNC.V,D,20191202,000000,0.183,0.1872,0.1801,0.1816,0,0
KNC.V,D,20191203,000000,0.1816,0.215,0.1773,0.2105,0,0
KNC.V,D,20191204,000000,0.2108,0.2114,0.1903,0.1925,0,0
KNC.V,D,20191205,000000,0.1925,0.2488,0.1916,0.2396,0,0
KNC.V,D,20191206,000000,0.2397,0.2685,0.2366,0.2674,0,0
KNC.V,D,20191207,000000,0.2673,0.2697,0.2315,0.2384,0,0
KNC.V,D,20191208,000000,0.2384,0.2565,0.237,0.2463,0,0
KNC.V,D,20191209,000000,0.2463,0.2499,0.2205,0.2223,0,0
KNC.V,D,20191210,000000,0.2224,0.2224,0.1906,0.1951,0,0
KNC.V,D,20191211,000000,0.1952,0.2149,0.195,0.2034,0,0
KNC.V,D,20191212,000000,0.2035,0.2312,0.1882,0.2266,0,0
KNC.V,D,20191213,000000,0.2267,0.2431,0.2163,0.2204,0,0
KNC.V,D,20191214,000000,0.2204,0.2229,0.1986,0.201,0,0
KNC.V,D,20191215,000000,0.2006,0.2296,0.1955,0.22,0,0
KNC.V,D,20191216,000000,0.22,0.2492,0.2147,0.2288,0,0
KNC.V,D,20191217,000000,0.2288,0.2603,0.1948,0.1999,0,0
KNC.V,D,20191218,000000,0.1999,0.2226,0.1966,0.2226,0,0
KNC.V,D,20191219,000000,0.2234,0.2248,0.1922,0.2005,0,0
KNC.V,D,20191220,000000,0.2005,0.2012,0.1917,0.1962,0,0
KNC.V,D,20191221,000000,0.1961,0.2027,0.1888,0.1902,0,0
KNC.V,D,20191222,000000,0.1902,0.1914,0.1829,0.1883,0,0
KNC.V,D,20191223,000000,0.1883,0.1911,0.1827,0.1849,0,0
KNC.V,D,20191224,000000,0.1848,0.1916,0.1833,0.1873,0,0
KNC.V,D,20191225,000000,0.1873,0.1881,0.1811,0.1836,0,0
KNC.V,D,20191226,000000,0.1836,0.1865,0.1769,0.1783,0,0
KNC.V,D,20191227,000000,0.1783,0.1795,0.173,0.1774,0,0
KNC.V,D,20191228,000000,0.1774,0.1804,0.1759,0.179,0,0
KNC.V,D,20191229,000000,0.179,0.1973,0.1785,0.1936,0,0
KNC.V,D,20191230,000000,0.1936,0.1937,0.1839,0.1853,0,0
KNC.V,D,20191231,000000,0.1853,0.1932,0.1832,0.1854,0,0
KNC.V,D,20200101,000000,0.1848,0.194,0.1824,0.1873,0,0
KNC.V,D,20200102,000000,0.1871,0.1877,0.1803,0.1843,0,0
KNC.V,D,20200103,000000,0.1843,0.206,0.182,0.1985,0,0
KNC.V,D,20200104,000000,0.198,0.2068,0.1956,0.1984,0,0
KNC.V,D,20200105,000000,0.198,0.2084,0.1979,0.2084,0,0
KNC.V,D,20200106,000000,0.2068,0.2298,0.2027,0.2176,0,0
KNC.V,D,20200107,000000,0.2175,0.2185,0.1959,0.2006,0,0
KNC.V,D,20200108,000000,0.2011,0.204,0.1947,0.2001,0,0
KNC.V,D,20200109,000000,0.2001,0.2016,0.191,0.1935,0,0
KNC.V,D,20200110,000000,0.1936,0.2017,0.1898,0.2013,0,0
KNC.V,D,20200111,000000,0.2013,0.2105,0.1967,0.2049,0,0
KNC.V,D,20200112,000000,0.2049,0.2079,0.2018,0.2052,0,0
KNC.V,D,20200113,000000,0.2053,0.2144,0.2027,0.2138,0,0
KNC.V,D,20200114,000000,0.2138,0.2241,0.2093,0.2191,0,0
KNC.V,D,20200115,000000,0.2188,0.2499,0.2164,0.2436,0,0
KNC.V,D,20200116,000000,0.2436,0.2658,0.2399,0.2466,0,0
KNC.V,D,20200117,000000,0.2466,0.3012,0.2452,0.2783,0,0
KNC.V,D,20200118,000000,0.2782,0.2919,0.2655,0.291,0,0
KNC.V,D,20200119,000000,0.291,0.2965,0.2514,0.2568,0,0
KNC.V,D,20200120,000000,0.2568,0.2779,0.2536,0.2738,0,0
KNC.V,D,20200121,000000,0.2735,0.2741,0.255,0.263,0,0
KNC.V,D,20200122,000000,0.263,0.2657,0.2599,0.2619,0,0
KNC.V,D,20200123,000000,0.2619,0.2642,0.2421,0.2497,0,0
KNC.V,D,20200124,000000,0.2498,0.2689,0.2429,0.264,0,0
KNC.V,D,20200125,000000,0.264,0.2717,0.2563,0.2692,0,0
KNC.V,D,20200126,000000,0.2691,0.2948,0.2685,0.2887,0,0
KNC.V,D,20200127,000000,0.2887,0.293,0.2796,0.2801,0,0
KNC.V,D,20200128,000000,0.2801,0.2906,0.2793,0.2871,0,0
KNC.V,D,20200129,000000,0.2872,0.2921,0.2762,0.2783,0,0
KNC.V,D,20200130,000000,0.2783,0.3062,0.2702,0.2992,0,0
KNC.V,D,20200131,000000,0.2993,0.3,0.2858,0.2971,0,0
KNC.V,D,20200201,000000,0.2972,0.2994,0.2885,0.2981,0,0
KNC.V,D,20200202,000000,0.2981,0.3057,0.2943,0.3044,0,0
KNC.V,D,20200203,000000,0.3044,0.3135,0.2978,0.3121,0,0
KNC.V,D,20200204,000000,0.3121,0.3523,0.3105,0.3456,0,0
KNC.V,D,20200205,000000,0.3458,0.3622,0.3279,0.3433,0,0
KNC.V,D,20200206,000000,0.3437,0.3568,0.328,0.351,0,0
KNC.V,D,20200207,000000,0.351,0.3571,0.343,0.3472,0,0
KNC.V,D,20200208,000000,0.3471,0.3714,0.3402,0.3534,0,0
KNC.V,D,20200209,000000,0.3533,0.3624,0.3466,0.3549,0,0
KNC.V,D,20200210,000000,0.3548,0.3636,0.3338,0.3588,0,0
KNC.V,D,20200211,000000,0.3588,0.3744,0.3419,0.3708,0,0
KNC.V,D,20200212,000000,0.3708,0.3951,0.3664,0.3809,0,0
KNC.V,D,20200213,000000,0.3809,0.4898,0.379,0.4443,0,0
KNC.V,D,20200214,000000,0.4444,0.4926,0.4293,0.4618,0,0
KNC.V,D,20200215,000000,0.4618,0.5156,0.3944,0.4349,0,0
KNC.V,D,20200216,000000,0.4349,0.4494,0.3863,0.4097,0,0
KNC.V,D,20200217,000000,0.4098,0.4262,0.374,0.4198,0,0
KNC.V,D,20200218,000000,0.4197,0.4924,0.4173,0.4707,0,0
KNC.V,D,20200219,000000,0.4707,0.5811,0.4435,0.5115,0,0
KNC.V,D,20200220,000000,0.5115,0.5702,0.4831,0.5106,0,0
KNC.V,D,20200221,000000,0.5106,0.5852,0.503,0.5735,0,0
KNC.V,D,20200222,000000,0.5736,0.6241,0.5305,0.5782,0,0
KNC.V,D,20200223,000000,0.5785,0.5863,0.5475,0.5807,0,0
KNC.V,D,20200224,000000,0.5809,0.6351,0.5564,0.5808,0,0
KNC.V,D,20200225,000000,0.5807,0.5933,0.4981,0.5773,0,0
KNC.V,D,20200226,000000,0.5773,0.5796,0.4329,0.4707,0,0
KNC.V,D,20200227,000000,0.4707,0.6323,0.4463,0.5695,0,0
KNC.V,D,20200228,000000,0.5707,0.59,0.489,0.5437,0,0
KNC.V,D,20200229,000000,0.545,0.67,0.531,0.6678,0,0
KNC.V,D,20200301,000000,0.6731,0.968,0.6322,0.8015,0,0
KNC.V,D,20200302,000000,0.8015,0.829,0.6457,0.7015,0,0
KNC.V,D,20200303,000000,0.6999,0.7341,0.6422,0.6656,0,0
KNC.V,D,20200304,000000,0.6656,0.7182,0.611,0.6807,0,0
KNC.V,D,20200305,000000,0.6807,0.78,0.6509,0.7169,0,0
KNC.V,D,20200306,000000,0.7144,0.79,0.69,0.7791,0,0
KNC.V,D,20200307,000000,0.7791,0.88,0.7721,0.8406,0,0
KNC.V,D,20200308,000000,0.8367,0.8434,0.6895,0.7119,0,0
KNC.V,D,20200309,000000,0.712,0.7501,0.625,0.7027,0,0
KNC.V,D,20200310,000000,0.7054,0.7963,0.6989,0.7766,0,0
KNC.V,D,20200311,000000,0.7809,0.8389,0.7117,0.7846,0,0
KNC.V,D,20200312,000000,0.7846,0.8022,0.478,0.5097,0,0
KNC.V,D,20200313,000000,0.5173,0.6056,0.2752,0.538,0,0
KNC.V,D,20200314,000000,0.538,0.5742,0.466,0.4841,0,0
KNC.V,D,20200315,000000,0.4841,0.525,0.452,0.4712,0,0
KNC.V,D,20200316,000000,0.4704,0.4805,0.3448,0.3832,0,0
KNC.V,D,20200317,000000,0.385,0.4956,0.3762,0.4837,0,0
KNC.V,D,20200318,000000,0.4837,0.4837,0.42,0.4434,0,0
KNC.V,D,20200319,000000,0.4423,0.5469,0.44,0.53,0,0
KNC.V,D,20200320,000000,0.53,0.5599,0.4307,0.4887,0,0
KNC.V,D,20200321,000000,0.4858,0.5001,0.4528,0.4756,0,0
KNC.V,D,20200322,000000,0.4756,0.4888,0.4298,0.4341,0,0
KNC.V,D,20200323,000000,0.4341,0.4894,0.4106,0.4699,0,0
KNC.V,D,20200324,000000,0.4708,0.4874,0.4533,0.4785,0,0
KNC.V,D,20200325,000000,0.4786,0.479,0.4509,0.4602,0,0
KNC.V,D,20200326,000000,0.4602,0.4649,0.4286,0.4599,0,0
KNC.V,D,20200327,000000,0.4599,0.4886,0.4534,0.4705,0,0
KNC.V,D,20200328,000000,0.4705,0.4705,0.4194,0.45,0,0
KNC.V,D,20200329,000000,0.45,0.45,0.42,0.4249,0,0
KNC.V,D,20200330,000000,0.4249,0.4451,0.418,0.442,0,0
KNC.V,D,20200331,000000,0.442,0.4474,0.4327,0.4403,0,0
KNC.V,D,20200401,000000,0.4403,0.4409,0.4208,0.4302,0,0
KNC.V,D,20200402,000000,0.4302,0.4665,0.4271,0.4428,0,0
KNC.V,D,20200403,000000,0.4428,0.4513,0.4277,0.433,0,0
KNC.V,D,20200404,000000,0.433,0.4558,0.4263,0.4546,0,0
KNC.V,D,20200405,000000,0.4546,0.4573,0.4285,0.4338,0,0
KNC.V,D,20200406,000000,0.4338,0.4631,0.4311,0.4581,0,0
KNC.V,D,20200407,000000,0.4581,0.54,0.4525,0.491,0,0
KNC.V,D,20200408,000000,0.491,0.5225,0.4816,0.5132,0,0
KNC.V,D,20200409,000000,0.5116,0.5199,0.4868,0.5047,0,0
KNC.V,D,20200410,000000,0.5047,0.5181,0.447,0.475,0,0
KNC.V,D,20200411,000000,0.475,0.4952,0.467,0.474,0,0
KNC.V,D,20200412,000000,0.474,0.4996,0.4701,0.4863,0,0
KNC.V,D,20200413,000000,0.4863,0.4863,0.4552,0.4697,0,0
KNC.V,D,20200414,000000,0.4697,0.4841,0.4639,0.4712,0,0
KNC.V,D,20200415,000000,0.4712,0.4798,0.46,0.4676,0,0
KNC.V,D,20200416,000000,0.4688,0.4831,0.4499,0.4757,0,0
KNC.V,D,20200417,000000,0.4746,0.4841,0.4735,0.4745,0,0
KNC.V,D,20200418,000000,0.4757,0.5088,0.4732,0.5003,0,0
KNC.V,D,20200419,000000,0.5003,0.51,0.4721,0.4803,0,0
KNC.V,D,20200420,000000,0.4803,0.4868,0.4511,0.4631,0,0
KNC.V,D,20200421,000000,0.4631,0.4633,0.451,0.4601,0,0
KNC.V,D,20200422,000000,0.4601,0.475,0.46,0.4717,0,0
KNC.V,D,20200423,000000,0.4717,0.5,0.4681,0.4855,0,0
KNC.V,D,20200424,000000,0.4855,0.5498,0.4738,0.5223,0,0
KNC.V,D,20200425,000000,0.5223,0.5744,0.5068,0.5441,0,0
KNC.V,D,20200426,000000,0.5441,0.7628,0.5441,0.7628,0,0
KNC.V,D,20200427,000000,0.7628,0.7697,0.6359,0.6803,0,0
KNC.V,D,20200428,000000,0.6803,0.694,0.645,0.6913,0,0
KNC.V,D,20200429,000000,0.6913,0.698,0.6566,0.6778,0,0
KNC.V,D,20200430,000000,0.6778,0.7376,0.6601,0.704,0,0
KNC.V,D,20200501,000000,0.7038,0.7249,0.6823,0.6955,0,0
KNC.V,D,20200502,000000,0.6955,0.7185,0.686,0.6931,0,0
KNC.V,D,20200503,000000,0.6948,0.7142,0.6543,0.6607,0,0
KNC.V,D,20200504,000000,0.6607,0.69,0.6149,0.682,0,0
KNC.V,D,20200505,000000,0.682,0.6933,0.6574,0.6652,0,0
KNC.V,D,20200506,000000,0.6652,0.6745,0.6487,0.653,0,0
KNC.V,D,20200507,000000,0.653,0.6588,0.6267,0.6423,0,0
KNC.V,D,20200508,000000,0.6423,0.6911,0.6282,0.6626,0,0
KNC.V,D,20200509,000000,0.6626,0.7284,0.6472,0.6778,0,0
KNC.V,D,20200510,000000,0.6778,0.6786,0.5734,0.6043,0,0
KNC.V,D,20200511,000000,0.6043,0.6114,0.5501,0.5711,0,0
KNC.V,D,20200512,000000,0.5718,0.6742,0.5651,0.657,0,0
KNC.V,D,20200513,000000,0.657,0.67,0.6261,0.65,0,0
KNC.V,D,20200514,000000,0.65,0.6508,0.6271,0.6451,0,0
KNC.V,D,20200515,000000,0.6451,0.6461,0.6117,0.6228,0,0
KNC.V,D,20200516,000000,0.6228,0.6389,0.621,0.6318,0,0
KNC.V,D,20200517,000000,0.6318,0.6512,0.6267,0.6395,0,0
KNC.V,D,20200518,000000,0.6395,0.6411,0.6265,0.6368,0,0
KNC.V,D,20200519,000000,0.6367,0.6491,0.6283,0.6388,0,0
KNC.V,D,20200520,000000,0.6388,0.6566,0.6198,0.6474,0,0
KNC.V,D,20200521,000000,0.6474,0.6474,0.5894,0.6139,0,0
KNC.V,D,20200522,000000,0.6157,0.6559,0.5991,0.6448,0,0
KNC.V,D,20200523,000000,0.6448,0.7498,0.6416,0.7065,0,0
KNC.V,D,20200524,000000,0.7073,0.7252,0.6416,0.6767,0,0
KNC.V,D,20200525,000000,0.6761,0.6981,0.6437,0.6763,0,0
KNC.V,D,20200526,000000,0.6781,0.6857,0.65,0.6706,0,0
KNC.V,D,20200527,000000,0.6695,0.685,0.6553,0.6652,0,0
KNC.V,D,20200528,000000,0.6652,0.681,0.66,0.6684,0,0
KNC.V,D,20200529,000000,0.6684,0.7089,0.6681,0.6954,0,0
KNC.V,D,20200530,000000,0.6954,0.7248,0.6858,0.7089,0,0
KNC.V,D,20200531,000000,0.7089,0.719,0.6874,0.6975,0,0
KNC.V,D,20200601,000000,0.6975,0.7244,0.6847,0.7215,0,0
KNC.V,D,20200602,000000,0.7215,0.732,0.6525,0.6947,0,0
KNC.V,D,20200603,000000,0.6947,0.7023,0.6891,0.6976,0,0
KNC.V,D,20200604,000000,0.6976,0.7288,0.696,0.7122,0,0
KNC.V,D,20200605,000000,0.7103,0.7563,0.7103,0.7562,0,0
KNC.V,D,20200606,000000,0.7562,0.77,0.7382,0.7624,0,0
KNC.V,D,20200607,000000,0.7624,0.765,0.715,0.734,0,0
KNC.V,D,20200608,000000,0.734,0.8272,0.7328,0.803,0,0
KNC.V,D,20200609,000000,0.803,0.9297,0.7928,0.9159,0,0
KNC.V,D,20200610,000000,0.9176,1.4,0.9034,1.227,0,0
KNC.V,D,20200611,000000,1.227,1.267,1.01,1.1,0,0
KNC.V,D,20200612,000000,1.101,1.34,1.035,1.273,0,0
KNC.V,D,20200613,000000,1.273,1.296,1.17,1.204,0,0
KNC.V,D,20200614,000000,1.204,1.25,1.123,1.211,0,0
KNC.V,D,20200615,000000,1.211,1.214,1.05,1.166,0,0
KNC.V,D,20200616,000000,1.166,1.26,1.141,1.224,0,0
KNC.V,D,20200617,000000,1.224,1.258,1.162,1.196,0,0
KNC.V,D,20200618,000000,1.196,1.197,1.14,1.147,0,0
KNC.V,D,20200619,000000,1.148,1.218,1.141,1.178,0,0
KNC.V,D,20200620,000000,1.178,1.298,1.176,1.268,0,0
KNC.V,D,20200621,000000,1.268,1.297,1.231,1.237,0,0
KNC.V,D,20200622,000000,1.237,1.259,1.214,1.245,0,0
KNC.V,D,20200623,000000,1.245,1.25,1.169,1.213,0,0
KNC.V,D,20200624,000000,1.215,1.219,1.15,1.174,0,0
KNC.V,D,20200625,000000,1.173,1.18,1.094,1.149,0,0
KNC.V,D,20200626,000000,1.149,1.196,1.136,1.164,0,0
KNC.V,D,20200627,000000,1.164,1.176,1.026,1.088,0,0
KNC.V,D,20200628,000000,1.083,1.129,1.047,1.102,0,0
KNC.V,D,20200629,000000,1.102,1.199,1.078,1.18,0,0
KNC.V,D,20200630,000000,1.18,1.238,1.161,1.221,0,0
KNC.V,D,20200701,000000,1.221,1.35,1.193,1.327,0,0
KNC.V,D,20200702,000000,1.327,1.565,1.326,1.55,0,0
KNC.V,D,20200703,000000,1.559,2.006,1.49,1.933,0,0
KNC.V,D,20200704,000000,1.936,1.947,1.588,1.667,0,0
KNC.V,D,20200705,000000,1.667,1.76,1.554,1.59,0,0
KNC.V,D,20200706,000000,1.589,1.789,1.572,1.7,0,0
KNC.V,D,20200707,000000,1.7,1.712,1.556,1.597,0,0
KNC.V,D,20200708,000000,1.597,1.676,1.565,1.602,0,0
KNC.V,D,20200709,000000,1.602,1.737,1.571,1.634,0,0
KNC.V,D,20200710,000000,1.634,1.676,1.577,1.601,0,0
KNC.V,D,20200711,000000,1.601,1.671,1.58,1.638,0,0
KNC.V,D,20200712,000000,1.638,1.67,1.586,1.588,0,0
KNC.V,D,20200713,000000,1.588,1.675,1.478,1.536,0,0
KNC.V,D,20200714,000000,1.537,1.6,1.468,1.593,0,0
KNC.V,D,20200715,000000,1.597,1.674,1.565,1.6,0,0
KNC.V,D,20200716,000000,1.603,1.628,1.495,1.577,0,0
KNC.V,D,20200717,000000,1.579,1.621,1.55,1.606,0,0
KNC.V,D,20200718,000000,1.624,1.939,1.607,1.82,0,0
KNC.V,D,20200719,000000,1.82,1.834,1.681,1.71,0,0
KNC.V,D,20200720,000000,1.71,1.78,1.611,1.651,0,0
KNC.V,D,20200721,000000,1.651,1.683,1.605,1.683,0,0
KNC.V,D,20200722,000000,1.687,1.707,1.624,1.662,0,0
KNC.V,D,20200723,000000,1.661,1.682,1.58,1.604,0,0
KNC.V,D,20200724,000000,1.604,1.629,1.544,1.563,0,0
KNC.V,D,20200725,000000,1.563,1.65,1.544,1.574,0,0
KNC.V,D,20200726,000000,1.574,1.594,1.444,1.498,0,0
KNC.V,D,20200727,000000,1.497,1.539,1.261,1.346,0,0
KNC.V,D,20200728,000000,1.345,1.514,1.319,1.474,0,0
KNC.V,D,20200729,000000,1.474,1.503,1.399,1.399,0,0
