<TICKER>,<PER>,<DATE>,<TIME>,<OPEN>,<HIGH>,<LOW>,<CLOSE>,<VOL>,<OPENINT>
LINK.V,D,20170928,000000,0.2497,0.347,0.1938,0.2437,0,0
LINK.V,D,20170929,000000,0.2424,0.3505,0.2192,0.3294,0,0
LINK.V,D,20170930,000000,0.3442,0.522,0.3097,0.4561,0,0
LINK.V,D,20171001,000000,0.4606,0.4623,0.3748,0.4388,0,0
LINK.V,D,20171002,000000,0.4386,0.4445,0.3578,0.3746,0,0
LINK.V,D,20171003,000000,0.3671,0.3779,0.2913,0.3475,0,0
LINK.V,D,20171004,000000,0.3398,0.4008,0.3164,0.3928,0,0
LINK.V,D,20171005,000000,0.4024,0.4321,0.3889,0.4062,0,0
LINK.V,D,20171006,000000,0.411,0.4918,0.4067,0.4787,0,0
LINK.V,D,20171007,000000,0.4857,0.4879,0.417,0.4658,0,0
LINK.V,D,20171008,000000,0.4842,0.4925,0.3459,0.3971,0,0
LINK.V,D,20171009,000000,0.4113,0.4629,0.3493,0.3798,0,0
LINK.V,D,20171010,000000,0.3787,0.4335,0.3484,0.4134,0,0
LINK.V,D,20171011,000000,0.4187,0.4532,0.4151,0.45,0,0
LINK.V,D,20171012,000000,0.5068,0.5351,0.4293,0.4455,0,0
LINK.V,D,20171013,000000,0.4623,0.4797,0.4023,0.4355,0,0
LINK.V,D,20171014,000000,0.45,0.4716,0.3791,0.3923,0,0
LINK.V,D,20171015,000000,0.3831,0.4297,0.3585,0.4101,0,0
LINK.V,D,20171016,000000,0.4204,0.5471,0.3945,0.4199,0,0
LINK.V,D,20171017,000000,0.4081,0.417,0.3584,0.399,0,0
LINK.V,D,20171018,000000,0.3972,0.4026,0.3364,0.3647,0,0
LINK.V,D,20171019,000000,0.3727,0.3841,0.2914,0.2973,0,0
LINK.V,D,20171020,000000,0.3127,0.344,0.2135,0.222,0,0
LINK.V,D,20171021,000000,0.2225,0.2703,0.1896,0.2523,0,0
LINK.V,D,20171022,000000,0.253,0.292,0.2477,0.2632,0,0
LINK.V,D,20171023,000000,0.2598,0.2792,0.2288,0.2446,0,0
LINK.V,D,20171024,000000,0.226,0.2915,0.2214,0.2535,0,0
LINK.V,D,20171025,000000,0.2637,0.265,0.2423,0.2524,0,0
LINK.V,D,20171026,000000,0.2591,0.2621,0.2237,0.2273,0,0
LINK.V,D,20171027,000000,0.2225,0.2286,0.2167,0.2231,0,0
LINK.V,D,20171028,000000,0.2216,0.222,0.1947,0.2047,0,0
LINK.V,D,20171029,000000,0.2198,0.2336,0.1923,0.1988,0,0
LINK.V,D,20171030,000000,0.1981,0.2129,0.1954,0.2087,0,0
LINK.V,D,20171031,000000,0.2199,0.2365,0.1844,0.1901,0,0
LINK.V,D,20171101,000000,0.1986,0.2021,0.155,0.1559,0,0
LINK.V,D,20171102,000000,0.1626,0.1932,0.1265,0.1604,0,0
LINK.V,D,20171103,000000,0.1634,0.188,0.1554,0.1684,0,0
LINK.V,D,20171104,000000,0.1734,0.1878,0.1658,0.1756,0,0
LINK.V,D,20171105,000000,0.1762,0.181,0.167,0.1731,0,0
LINK.V,D,20171106,000000,0.1631,0.1697,0.1454,0.1669,0,0
LINK.V,D,20171107,000000,0.1703,0.1776,0.1608,0.1768,0,0
LINK.V,D,20171108,000000,0.1854,0.2914,0.1714,0.2166,0,0
LINK.V,D,20171109,000000,0.2074,0.2467,0.1896,0.2255,0,0
LINK.V,D,20171110,000000,0.2085,0.2087,0.1789,0.1866,0,0
LINK.V,D,20171111,000000,0.1802,0.187,0.1617,0.1775,0,0
LINK.V,D,20171112,000000,0.1646,0.1956,0.1495,0.1705,0,0
LINK.V,D,20171113,000000,0.1892,0.2282,0.1702,0.1819,0,0
LINK.V,D,20171114,000000,0.1847,0.2111,0.1715,0.1864,0,0
LINK.V,D,20171115,000000,0.2058,0.2068,0.1719,0.184,0,0
LINK.V,D,20171116,000000,0.1985,0.2036,0.161,0.1682,0,0
LINK.V,D,20171117,000000,0.1649,0.1682,0.1363,0.1545,0,0
LINK.V,D,20171118,000000,0.1562,0.1797,0.1529,0.17,0,0
LINK.V,D,20171119,000000,0.1757,0.1849,0.1548,0.1617,0,0
LINK.V,D,20171120,000000,0.165,0.1715,0.1551,0.1623,0,0
LINK.V,D,20171121,000000,0.1595,0.1672,0.1498,0.1579,0,0
LINK.V,D,20171122,000000,0.1606,0.1761,0.15,0.1688,0,0
LINK.V,D,20171123,000000,0.1643,0.1891,0.1527,0.1649,0,0
LINK.V,D,20171124,000000,0.1688,0.1935,0.155,0.1935,0,0
LINK.V,D,20171125,000000,0.2066,0.2075,0.1751,0.1791,0,0
LINK.V,D,20171126,000000,0.1907,0.194,0.1761,0.1806,0,0
LINK.V,D,20171127,000000,0.1886,0.1886,0.1752,0.1856,0,0
LINK.V,D,20171128,000000,0.1889,0.1969,0.1735,0.1785,0,0
LINK.V,D,20171129,000000,0.1773,0.1799,0.1329,0.1468,0,0
LINK.V,D,20171130,000000,0.1484,0.1828,0.143,0.168,0,0
LINK.V,D,20171201,000000,0.1835,0.192,0.1685,0.1763,0,0
LINK.V,D,20171202,000000,0.1771,0.2259,0.1659,0.2078,0,0
LINK.V,D,20171203,000000,0.2141,0.2519,0.1946,0.233,0,0
LINK.V,D,20171204,000000,0.2408,0.2628,0.2104,0.2291,0,0
LINK.V,D,20171205,000000,0.23,0.3185,0.2206,0.3161,0,0
LINK.V,D,20171206,000000,0.3725,0.3943,0.2751,0.279,0,0
LINK.V,D,20171207,000000,0.3419,0.3773,0.2325,0.2555,0,0
LINK.V,D,20171208,000000,0.2433,0.2892,0.2157,0.2404,0,0
LINK.V,D,20171209,000000,0.2225,0.2598,0.2178,0.2388,0,0
LINK.V,D,20171210,000000,0.2423,0.262,0.2328,0.2544,0,0
LINK.V,D,20171211,000000,0.2826,0.3087,0.2476,0.2527,0,0
LINK.V,D,20171212,000000,0.258,0.2764,0.1708,0.227,0,0
LINK.V,D,20171213,000000,0.2165,0.2849,0.207,0.2635,0,0
LINK.V,D,20171214,000000,0.2665,0.3766,0.2543,0.3098,0,0
LINK.V,D,20171215,000000,0.3311,0.3569,0.2482,0.3155,0,0
LINK.V,D,20171216,000000,0.3527,0.3697,0.3204,0.3372,0,0
LINK.V,D,20171217,000000,0.3323,0.4377,0.3316,0.4084,0,0
LINK.V,D,20171218,000000,0.4064,0.4914,0.3626,0.4859,0,0
LINK.V,D,20171219,000000,0.4488,0.4724,0.3911,0.4251,0,0
LINK.V,D,20171220,000000,0.3992,0.4033,0.3177,0.3745,0,0
LINK.V,D,20171221,000000,0.3556,0.4788,0.3438,0.4216,0,0
LINK.V,D,20171222,000000,0.3681,0.4731,0.3349,0.4345,0,0
LINK.V,D,20171223,000000,0.459,0.6766,0.4542,0.5831,0,0
LINK.V,D,20171224,000000,0.5683,0.6066,0.4486,0.5393,0,0
LINK.V,D,20171225,000000,0.5396,0.5879,0.4853,0.4993,0,0
LINK.V,D,20171226,000000,0.5724,0.6145,0.4254,0.5182,0,0
LINK.V,D,20171227,000000,0.5071,0.5595,0.431,0.5044,0,0
LINK.V,D,20171228,000000,0.4711,0.5224,0.432,0.508,0,0
LINK.V,D,20171229,000000,0.5078,0.518,0.4627,0.4816,0,0
LINK.V,D,20171230,000000,0.4193,0.5846,0.4128,0.5526,0,0
LINK.V,D,20171231,000000,0.6122,0.6371,0.5424,0.5988,0,0
LINK.V,D,20180101,000000,0.5807,0.7379,0.5627,0.7266,0,0
LINK.V,D,20180102,000000,0.7966,0.8143,0.5533,0.6635,0,0
LINK.V,D,20180103,000000,0.6816,0.7199,0.6063,0.6777,0,0
LINK.V,D,20180104,000000,0.6834,1.06,0.6802,0.9547,0,0
LINK.V,D,20180105,000000,1.08,1.46,0.8515,0.9615,0,0
LINK.V,D,20180106,000000,0.9237,1.24,0.9118,1.07,0,0
LINK.V,D,20180107,000000,1.01,1.35,0.9682,1.27,0,0
LINK.V,D,20180108,000000,1.17,1.4,1.09,1.38,0,0
LINK.V,D,20180109,000000,1.33,1.37,1.19,1.23,0,0
LINK.V,D,20180110,000000,1.28,1.31,1.14,1.17,0,0
LINK.V,D,20180111,000000,1.05,1.2,0.9807,1.01,0,0
LINK.V,D,20180112,000000,1.05,1.13,1.01,1.05,0,0
LINK.V,D,20180113,000000,1.08,1.28,1.06,1.1,0,0
LINK.V,D,20180114,000000,1.06,1.1,0.9559,1,0,0
LINK.V,D,20180115,000000,1,1.09,0.753,0.8834,0,0
LINK.V,D,20180116,000000,0.7311,0.7659,0.5755,0.7357,0,0
LINK.V,D,20180117,000000,0.7279,0.7479,0.4507,0.7019,0,0
LINK.V,D,20180118,000000,0.7027,0.771,0.6929,0.7305,0,0
LINK.V,D,20180119,000000,0.7532,0.8807,0.7294,0.8162,0,0
LINK.V,D,20180120,000000,0.9056,1.25,0.8725,1.25,0,0
LINK.V,D,20180121,000000,1.13,1.14,0.8548,0.8969,0,0
LINK.V,D,20180122,000000,0.8417,0.9352,0.7754,0.8014,0,0
LINK.V,D,20180123,000000,0.8046,0.8419,0.7665,0.8007,0,0
LINK.V,D,20180124,000000,0.8428,0.8564,0.7903,0.8004,0,0
LINK.V,D,20180125,000000,0.7964,0.8233,0.7147,0.7609,0,0
LINK.V,D,20180126,000000,0.7609,0.7888,0.6729,0.6875,0,0
LINK.V,D,20180127,000000,0.6873,0.856,0.6797,0.8136,0,0
LINK.V,D,20180128,000000,0.8136,0.8845,0.7536,0.7772,0,0
LINK.V,D,20180129,000000,0.7772,0.7775,0.6888,0.6957,0,0
LINK.V,D,20180130,000000,0.6959,0.7046,0.5671,0.6238,0,0
LINK.V,D,20180131,000000,0.6212,0.6375,0.5699,0.6172,0,0
LINK.V,D,20180201,000000,0.6171,0.6307,0.4845,0.516,0,0
LINK.V,D,20180202,000000,0.5156,0.5249,0.3512,0.4783,0,0
LINK.V,D,20180203,000000,0.4782,0.5565,0.4398,0.516,0,0
LINK.V,D,20180204,000000,0.5157,0.5285,0.3938,0.4377,0,0
LINK.V,D,20180205,000000,0.438,0.4451,0.3064,0.3426,0,0
LINK.V,D,20180206,000000,0.3423,0.4397,0.2723,0.4208,0,0
LINK.V,D,20180207,000000,0.4209,0.4469,0.3734,0.3951,0,0
LINK.V,D,20180208,000000,0.3951,0.4563,0.3705,0.4127,0,0
LINK.V,D,20180209,000000,0.4128,0.4436,0.3679,0.4277,0,0
LINK.V,D,20180210,000000,0.4279,0.4862,0.399,0.4184,0,0
LINK.V,D,20180211,000000,0.4182,0.4401,0.3771,0.433,0,0
LINK.V,D,20180212,000000,0.433,0.5274,0.4099,0.4905,0,0
LINK.V,D,20180213,000000,0.4917,0.6422,0.4842,0.5722,0,0
LINK.V,D,20180214,000000,0.5723,0.5991,0.5325,0.5688,0,0
LINK.V,D,20180215,000000,0.5689,0.584,0.5276,0.5642,0,0
LINK.V,D,20180216,000000,0.5645,0.6749,0.5552,0.6619,0,0
LINK.V,D,20180217,000000,0.6617,0.6942,0.636,0.6782,0,0
LINK.V,D,20180218,000000,0.6786,0.7807,0.5806,0.7397,0,0
LINK.V,D,20180219,000000,0.7396,0.8731,0.7029,0.7871,0,0
LINK.V,D,20180220,000000,0.787,0.8302,0.7132,0.7199,0,0
LINK.V,D,20180221,000000,0.7179,0.7304,0.6155,0.6411,0,0
LINK.V,D,20180222,000000,0.641,0.718,0.5794,0.6047,0,0
LINK.V,D,20180223,000000,0.6044,0.672,0.5694,0.6702,0,0
LINK.V,D,20180224,000000,0.67,0.7207,0.6168,0.6384,0,0
LINK.V,D,20180225,000000,0.6384,0.7065,0.6352,0.6891,0,0
LINK.V,D,20180226,000000,0.689,0.701,0.641,0.6988,0,0
LINK.V,D,20180227,000000,0.6988,0.7308,0.6751,0.7221,0,0
LINK.V,D,20180228,000000,0.7217,0.7362,0.6618,0.6857,0,0
LINK.V,D,20180301,000000,0.6858,0.6858,0.649,0.6748,0,0
LINK.V,D,20180302,000000,0.675,0.6774,0.6451,0.6554,0,0
LINK.V,D,20180303,000000,0.6555,0.6721,0.6118,0.625,0,0
LINK.V,D,20180304,000000,0.625,0.6338,0.5952,0.6052,0,0
LINK.V,D,20180305,000000,0.6015,0.6137,0.5727,0.5831,0,0
LINK.V,D,20180306,000000,0.5831,0.589,0.5279,0.5336,0,0
LINK.V,D,20180307,000000,0.5336,0.5718,0.4557,0.5235,0,0
LINK.V,D,20180308,000000,0.5267,0.5304,0.4569,0.4813,0,0
LINK.V,D,20180309,000000,0.481,0.4947,0.4297,0.4789,0,0
LINK.V,D,20180310,000000,0.479,0.5128,0.4636,0.4705,0,0
LINK.V,D,20180311,000000,0.4704,0.5166,0.447,0.5118,0,0
LINK.V,D,20180312,000000,0.5115,0.5639,0.4937,0.5043,0,0
LINK.V,D,20180313,000000,0.5051,0.5581,0.5041,0.5532,0,0
LINK.V,D,20180314,000000,0.5532,0.5809,0.4269,0.4451,0,0
LINK.V,D,20180315,000000,0.4435,0.4479,0.3941,0.4243,0,0
LINK.V,D,20180316,000000,0.4241,0.444,0.4156,0.4367,0,0
LINK.V,D,20180317,000000,0.435,0.4369,0.3664,0.3799,0,0
LINK.V,D,20180318,000000,0.3798,0.3813,0.2821,0.3687,0,0
LINK.V,D,20180319,000000,0.3688,0.3889,0.3508,0.3769,0,0
LINK.V,D,20180320,000000,0.377,0.4049,0.3602,0.3974,0,0
LINK.V,D,20180321,000000,0.3981,0.4634,0.3903,0.4439,0,0
LINK.V,D,20180322,000000,0.4438,0.4606,0.3899,0.422,0,0
LINK.V,D,20180323,000000,0.422,0.4287,0.379,0.4023,0,0
LINK.V,D,20180324,000000,0.4019,0.4352,0.4019,0.421,0,0
LINK.V,D,20180325,000000,0.4209,0.4268,0.3938,0.4123,0,0
LINK.V,D,20180326,000000,0.4124,0.4168,0.3462,0.3494,0,0
LINK.V,D,20180327,000000,0.3493,0.377,0.3363,0.3521,0,0
LINK.V,D,20180328,000000,0.3521,0.3604,0.3367,0.3464,0,0
LINK.V,D,20180329,000000,0.3463,0.3555,0.275,0.2833,0,0
LINK.V,D,20180330,000000,0.282,0.3088,0.2684,0.2898,0,0
LINK.V,D,20180331,000000,0.2898,0.2993,0.2797,0.2864,0,0
LINK.V,D,20180401,000000,0.2864,0.2888,0.2437,0.2642,0,0
LINK.V,D,20180402,000000,0.2642,0.2799,0.2604,0.2702,0,0
LINK.V,D,20180403,000000,0.2701,0.3004,0.2696,0.2989,0,0
LINK.V,D,20180404,000000,0.2988,0.3025,0.2699,0.2786,0,0
LINK.V,D,20180405,000000,0.2787,0.3103,0.2734,0.2844,0,0
LINK.V,D,20180406,000000,0.2844,0.2913,0.2716,0.2771,0,0
LINK.V,D,20180407,000000,0.277,0.3064,0.2728,0.3024,0,0
LINK.V,D,20180408,000000,0.3024,0.3322,0.2989,0.3239,0,0
LINK.V,D,20180409,000000,0.3243,0.3418,0.3,0.307,0,0
LINK.V,D,20180410,000000,0.3069,0.3592,0.3043,0.3509,0,0
LINK.V,D,20180411,000000,0.3508,0.3785,0.3508,0.3605,0,0
LINK.V,D,20180412,000000,0.3605,0.3895,0.3365,0.3839,0,0
LINK.V,D,20180413,000000,0.3841,0.4224,0.3775,0.3864,0,0
LINK.V,D,20180414,000000,0.3867,0.4219,0.3739,0.3973,0,0
LINK.V,D,20180415,000000,0.3974,0.4295,0.3943,0.4209,0,0
LINK.V,D,20180416,000000,0.4209,0.4301,0.396,0.4109,0,0
LINK.V,D,20180417,000000,0.4113,0.4458,0.4053,0.4202,0,0
LINK.V,D,20180418,000000,0.4202,0.4502,0.4165,0.4481,0,0
LINK.V,D,20180419,000000,0.4481,0.48,0.4427,0.4773,0,0
LINK.V,D,20180420,000000,0.4772,0.4919,0.4627,0.478,0,0
LINK.V,D,20180421,000000,0.4779,0.4955,0.4356,0.4897,0,0
LINK.V,D,20180422,000000,0.4896,0.511,0.4843,0.5054,0,0
LINK.V,D,20180423,000000,0.5055,0.5092,0.4917,0.4952,0,0
LINK.V,D,20180424,000000,0.4951,0.5389,0.4932,0.5367,0,0
LINK.V,D,20180425,000000,0.5355,0.5418,0.4191,0.4698,0,0
LINK.V,D,20180426,000000,0.4699,0.4843,0.4254,0.4804,0,0
LINK.V,D,20180427,000000,0.4806,0.4918,0.4531,0.4541,0,0
LINK.V,D,20180428,000000,0.454,0.4853,0.4498,0.4781,0,0
LINK.V,D,20180429,000000,0.4782,0.5271,0.4778,0.5132,0,0
LINK.V,D,20180430,000000,0.5133,0.5971,0.5004,0.5396,0,0
LINK.V,D,20180501,000000,0.5395,0.5648,0.5088,0.5405,0,0
LINK.V,D,20180502,000000,0.5406,0.5801,0.5372,0.5644,0,0
LINK.V,D,20180503,000000,0.5646,0.5832,0.5544,0.5724,0,0
LINK.V,D,20180504,000000,0.5716,0.595,0.5413,0.5943,0,0
LINK.V,D,20180505,000000,0.5946,0.608,0.5678,0.576,0,0
LINK.V,D,20180506,000000,0.576,0.5793,0.5128,0.5348,0,0
LINK.V,D,20180507,000000,0.5348,0.5759,0.5121,0.5708,0,0
LINK.V,D,20180508,000000,0.5709,0.6072,0.5536,0.5563,0,0
LINK.V,D,20180509,000000,0.5566,0.5679,0.5171,0.5404,0,0
LINK.V,D,20180510,000000,0.5417,0.5833,0.5367,0.5445,0,0
LINK.V,D,20180511,000000,0.5448,0.5472,0.4609,0.4649,0,0
LINK.V,D,20180512,000000,0.4661,0.4805,0.4327,0.4598,0,0
LINK.V,D,20180513,000000,0.4597,0.5091,0.4555,0.4988,0,0
LINK.V,D,20180514,000000,0.4989,0.5183,0.4641,0.5167,0,0
LINK.V,D,20180515,000000,0.5166,0.5414,0.507,0.5073,0,0
LINK.V,D,20180516,000000,0.5072,0.5142,0.4724,0.4763,0,0
LINK.V,D,20180517,000000,0.4763,0.4903,0.4553,0.4567,0,0
LINK.V,D,20180518,000000,0.4567,0.459,0.4284,0.4552,0,0
LINK.V,D,20180519,000000,0.4552,0.4685,0.4439,0.4475,0,0
LINK.V,D,20180520,000000,0.4475,0.4691,0.445,0.4575,0,0
LINK.V,D,20180521,000000,0.4578,0.4616,0.4227,0.4272,0,0
LINK.V,D,20180522,000000,0.4272,0.429,0.3845,0.3872,0,0
LINK.V,D,20180523,000000,0.3872,0.388,0.322,0.3525,0,0
LINK.V,D,20180524,000000,0.3526,0.3597,0.3256,0.3582,0,0
LINK.V,D,20180525,000000,0.3575,0.3685,0.3399,0.3458,0,0
LINK.V,D,20180526,000000,0.3459,0.3847,0.3398,0.374,0,0
LINK.V,D,20180527,000000,0.3739,0.3773,0.3391,0.3456,0,0
LINK.V,D,20180528,000000,0.3455,0.3519,0.3159,0.3161,0,0
LINK.V,D,20180529,000000,0.3161,0.3549,0.3078,0.3544,0,0
LINK.V,D,20180530,000000,0.3544,0.364,0.3329,0.3333,0,0
LINK.V,D,20180531,000000,0.3331,0.3532,0.3318,0.3491,0,0
LINK.V,D,20180601,000000,0.349,0.3602,0.3403,0.3446,0,0
LINK.V,D,20180602,000000,0.3445,0.3722,0.3439,0.3677,0,0
LINK.V,D,20180603,000000,0.3676,0.376,0.36,0.3624,0,0
LINK.V,D,20180604,000000,0.3623,0.3648,0.3305,0.345,0,0
LINK.V,D,20180605,000000,0.345,0.3454,0.3194,0.3292,0,0
LINK.V,D,20180606,000000,0.3291,0.3403,0.318,0.3276,0,0
LINK.V,D,20180607,000000,0.3275,0.3326,0.3041,0.3062,0,0
LINK.V,D,20180608,000000,0.3062,0.3231,0.2988,0.3019,0,0
LINK.V,D,20180609,000000,0.302,0.3102,0.2918,0.3035,0,0
LINK.V,D,20180610,000000,0.3042,0.305,0.237,0.2444,0,0
LINK.V,D,20180611,000000,0.2444,0.2595,0.2374,0.2595,0,0
LINK.V,D,20180612,000000,0.2594,0.2677,0.2244,0.2264,0,0
LINK.V,D,20180613,000000,0.2264,0.2327,0.1991,0.2063,0,0
LINK.V,D,20180614,000000,0.2073,0.2463,0.207,0.2381,0,0
LINK.V,D,20180615,000000,0.2381,0.2421,0.2247,0.2281,0,0
LINK.V,D,20180616,000000,0.2281,0.2287,0.2084,0.2215,0,0
LINK.V,D,20180617,000000,0.2222,0.2266,0.2092,0.2109,0,0
LINK.V,D,20180618,000000,0.2108,0.2185,0.2,0.2094,0,0
LINK.V,D,20180619,000000,0.2094,0.2242,0.2069,0.2181,0,0
LINK.V,D,20180620,000000,0.2181,0.2455,0.2104,0.2261,0,0
LINK.V,D,20180621,000000,0.2261,0.2343,0.2113,0.2123,0,0
LINK.V,D,20180622,000000,0.2123,0.2158,0.1764,0.1778,0,0
LINK.V,D,20180623,000000,0.1779,0.1949,0.1775,0.1946,0,0
LINK.V,D,20180624,000000,0.1945,0.1978,0.1686,0.1853,0,0
LINK.V,D,20180625,000000,0.1853,0.1885,0.1779,0.1811,0,0
LINK.V,D,20180626,000000,0.1811,0.19,0.1714,0.1787,0,0
LINK.V,D,20180627,000000,0.1787,0.1788,0.1647,0.1714,0,0
LINK.V,D,20180628,000000,0.1714,0.1759,0.1678,0.1682,0,0
LINK.V,D,20180629,000000,0.1682,0.1714,0.1619,0.1708,0,0
LINK.V,D,20180630,000000,0.1708,0.23,0.1671,0.2269,0,0
LINK.V,D,20180701,000000,0.227,0.2325,0.2157,0.2241,0,0
LINK.V,D,20180702,000000,0.2241,0.2576,0.1977,0.2545,0,0
LINK.V,D,20180703,000000,0.2544,0.2624,0.2407,0.2424,0,0
LINK.V,D,20180704,000000,0.2424,0.2476,0.2289,0.2382,0,0
LINK.V,D,20180705,000000,0.2382,0.2418,0.2135,0.2153,0,0
LINK.V,D,20180706,000000,0.2148,0.2319,0.2145,0.2262,0,0
LINK.V,D,20180707,000000,0.2262,0.2724,0.2246,0.2353,0,0
LINK.V,D,20180708,000000,0.2353,0.2516,0.2336,0.2512,0,0
LINK.V,D,20180709,000000,0.2503,0.2542,0.2358,0.2391,0,0
LINK.V,D,20180710,000000,0.2392,0.2414,0.2026,0.2158,0,0
LINK.V,D,20180711,000000,0.2158,0.2167,0.1998,0.2054,0,0
LINK.V,D,20180712,000000,0.2047,0.211,0.1902,0.1976,0,0
LINK.V,D,20180713,000000,0.1979,0.2173,0.1928,0.2023,0,0
LINK.V,D,20180714,000000,0.2023,0.2029,0.1914,0.1937,0,0
LINK.V,D,20180715,000000,0.1937,0.2012,0.1885,0.1999,0,0
LINK.V,D,20180716,000000,0.1999,0.224,0.1949,0.2197,0,0
LINK.V,D,20180717,000000,0.2197,0.2546,0.2177,0.2526,0,0
LINK.V,D,20180718,000000,0.2526,0.2559,0.2296,0.2398,0,0
LINK.V,D,20180719,000000,0.2398,0.2443,0.2256,0.2347,0,0
LINK.V,D,20180720,000000,0.2347,0.2384,0.21,0.2132,0,0
LINK.V,D,20180721,000000,0.2133,0.2154,0.1968,0.2132,0,0
LINK.V,D,20180722,000000,0.2134,0.224,0.2024,0.2028,0,0
LINK.V,D,20180723,000000,0.2026,0.2128,0.1952,0.1968,0,0
LINK.V,D,20180724,000000,0.1968,0.2081,0.1811,0.2041,0,0
LINK.V,D,20180725,000000,0.2041,0.2666,0.1993,0.2436,0,0
LINK.V,D,20180726,000000,0.2437,0.2833,0.2415,0.2508,0,0
LINK.V,D,20180727,000000,0.251,0.2843,0.246,0.2715,0,0
LINK.V,D,20180728,000000,0.2728,0.2871,0.2514,0.2834,0,0
LINK.V,D,20180729,000000,0.2829,0.3485,0.2744,0.3281,0,0
LINK.V,D,20180730,000000,0.3281,0.3619,0.2868,0.3069,0,0
LINK.V,D,20180731,000000,0.3069,0.3219,0.2621,0.3047,0,0
LINK.V,D,20180801,000000,0.3047,0.3103,0.2682,0.2792,0,0
LINK.V,D,20180802,000000,0.2792,0.3172,0.2729,0.3115,0,0
LINK.V,D,20180803,000000,0.3113,0.3113,0.2736,0.2813,0,0
LINK.V,D,20180804,000000,0.2813,0.2879,0.248,0.2559,0,0
LINK.V,D,20180805,000000,0.256,0.258,0.2405,0.254,0,0
LINK.V,D,20180806,000000,0.254,0.2596,0.2311,0.2318,0,0
LINK.V,D,20180807,000000,0.2329,0.2607,0.2313,0.2352,0,0
LINK.V,D,20180808,000000,0.2353,0.2379,0.2157,0.2265,0,0
LINK.V,D,20180809,000000,0.2266,0.3067,0.2233,0.2864,0,0
LINK.V,D,20180810,000000,0.2876,0.3085,0.2689,0.2758,0,0
LINK.V,D,20180811,000000,0.2763,0.2816,0.2351,0.2749,0,0
LINK.V,D,20180812,000000,0.2773,0.2897,0.2597,0.2848,0,0
LINK.V,D,20180813,000000,0.2848,0.2997,0.2601,0.2669,0,0
LINK.V,D,20180814,000000,0.2669,0.2697,0.2251,0.2595,0,0
LINK.V,D,20180815,000000,0.2594,0.2822,0.2539,0.2666,0,0
LINK.V,D,20180816,000000,0.2666,0.2806,0.2513,0.2647,0,0
LINK.V,D,20180817,000000,0.2648,0.2917,0.2644,0.2839,0,0
LINK.V,D,20180818,000000,0.2839,0.2989,0.2607,0.2759,0,0
LINK.V,D,20180819,000000,0.2759,0.3124,0.2697,0.2992,0,0
LINK.V,D,20180820,000000,0.2991,0.3055,0.2915,0.3008,0,0
LINK.V,D,20180821,000000,0.3008,0.3358,0.2831,0.3156,0,0
LINK.V,D,20180822,000000,0.3163,0.35,0.3021,0.3133,0,0
LINK.V,D,20180823,000000,0.312,0.3222,0.3011,0.3153,0,0
LINK.V,D,20180824,000000,0.3153,0.3397,0.3132,0.3387,0,0
LINK.V,D,20180825,000000,0.3386,0.3419,0.3204,0.3204,0,0
LINK.V,D,20180826,000000,0.321,0.3392,0.3039,0.3286,0,0
LINK.V,D,20180827,000000,0.3286,0.333,0.3229,0.3304,0,0
LINK.V,D,20180828,000000,0.3304,0.3408,0.3249,0.3368,0,0
LINK.V,D,20180829,000000,0.3368,0.3382,0.3135,0.3187,0,0
LINK.V,D,20180830,000000,0.3187,0.32,0.2876,0.3044,0,0
LINK.V,D,20180831,000000,0.3044,0.3307,0.2972,0.3255,0,0
LINK.V,D,20180901,000000,0.3247,0.3349,0.3195,0.3299,0,0
LINK.V,D,20180902,000000,0.3299,0.3397,0.2998,0.311,0,0
LINK.V,D,20180903,000000,0.31,0.3122,0.2946,0.3074,0,0
LINK.V,D,20180904,000000,0.3074,0.3084,0.2903,0.2925,0,0
LINK.V,D,20180905,000000,0.2921,0.3008,0.264,0.2827,0,0
LINK.V,D,20180906,000000,0.282,0.2851,0.2417,0.2664,0,0
LINK.V,D,20180907,000000,0.2673,0.294,0.2577,0.2625,0,0
LINK.V,D,20180908,000000,0.2625,0.2762,0.2376,0.2405,0,0
LINK.V,D,20180909,000000,0.2405,0.2571,0.2341,0.2486,0,0
LINK.V,D,20180910,000000,0.2486,0.2558,0.2374,0.2479,0,0
LINK.V,D,20180911,000000,0.2479,0.269,0.2369,0.2687,0,0
LINK.V,D,20180912,000000,0.2674,0.2724,0.2462,0.2538,0,0
LINK.V,D,20180913,000000,0.2538,0.2787,0.2531,0.2683,0,0
LINK.V,D,20180914,000000,0.2685,0.2753,0.2612,0.2681,0,0
LINK.V,D,20180915,000000,0.2681,0.2803,0.2656,0.2668,0,0
LINK.V,D,20180916,000000,0.2668,0.283,0.2613,0.2756,0,0
LINK.V,D,20180917,000000,0.2757,0.286,0.2627,0.2695,0,0
LINK.V,D,20180918,000000,0.2695,0.3106,0.2681,0.2922,0,0
LINK.V,D,20180919,000000,0.2922,0.3457,0.286,0.3304,0,0
LINK.V,D,20180920,000000,0.3304,0.4289,0.3258,0.3825,0,0
LINK.V,D,20180921,000000,0.3822,0.384,0.3377,0.3521,0,0
LINK.V,D,20180922,000000,0.3521,0.3608,0.3229,0.3353,0,0
LINK.V,D,20180923,000000,0.3354,0.3497,0.3319,0.3355,0,0
LINK.V,D,20180924,000000,0.3363,0.3555,0.3304,0.3495,0,0
LINK.V,D,20180925,000000,0.3492,0.3555,0.3161,0.3239,0,0
LINK.V,D,20180926,000000,0.3236,0.3727,0.3151,0.3403,0,0
LINK.V,D,20180927,000000,0.3407,0.3547,0.3294,0.3492,0,0
LINK.V,D,20180928,000000,0.3493,0.352,0.325,0.3381,0,0
LINK.V,D,20180929,000000,0.3382,0.3399,0.3265,0.3312,0,0
LINK.V,D,20180930,000000,0.3312,0.3376,0.3204,0.3294,0,0
LINK.V,D,20181001,000000,0.3294,0.3354,0.323,0.3272,0,0
LINK.V,D,20181002,000000,0.3272,0.3294,0.3169,0.3216,0,0
LINK.V,D,20181003,000000,0.3215,0.323,0.3064,0.3089,0,0
LINK.V,D,20181004,000000,0.3083,0.3231,0.3078,0.3207,0,0
LINK.V,D,20181005,000000,0.3206,0.3684,0.3183,0.3439,0,0
LINK.V,D,20181006,000000,0.3439,0.3825,0.3356,0.3401,0,0
LINK.V,D,20181007,000000,0.3401,0.343,0.3327,0.335,0,0
LINK.V,D,20181008,000000,0.3351,0.3495,0.3349,0.3464,0,0
LINK.V,D,20181009,000000,0.3464,0.3471,0.3293,0.3398,0,0
LINK.V,D,20181010,000000,0.3398,0.3615,0.3309,0.3554,0,0
LINK.V,D,20181011,000000,0.3554,0.3557,0.3099,0.3121,0,0
LINK.V,D,20181012,000000,0.3122,0.3145,0.302,0.3072,0,0
LINK.V,D,20181013,000000,0.3071,0.3259,0.3044,0.3199,0,0
LINK.V,D,20181014,000000,0.3199,0.3372,0.3171,0.3274,0,0
LINK.V,D,20181015,000000,0.3273,0.3564,0.3223,0.3341,0,0
LINK.V,D,20181016,000000,0.3341,0.37,0.3296,0.358,0,0
LINK.V,D,20181017,000000,0.3587,0.3858,0.3505,0.3828,0,0
LINK.V,D,20181018,000000,0.3828,0.4004,0.3671,0.3719,0,0
LINK.V,D,20181019,000000,0.3727,0.3825,0.3591,0.3631,0,0
LINK.V,D,20181020,000000,0.3631,0.3772,0.2556,0.3683,0,0
LINK.V,D,20181021,000000,0.3683,0.3816,0.3679,0.3755,0,0
LINK.V,D,20181022,000000,0.3767,0.395,0.3579,0.3933,0,0
LINK.V,D,20181023,000000,0.3933,0.4848,0.3882,0.4397,0,0
LINK.V,D,20181024,000000,0.4397,0.4432,0.408,0.411,0,0
LINK.V,D,20181025,000000,0.4109,0.4189,0.3972,0.4172,0,0
LINK.V,D,20181026,000000,0.419,0.4509,0.4154,0.4375,0,0
LINK.V,D,20181027,000000,0.4378,0.4635,0.4207,0.4448,0,0
LINK.V,D,20181028,000000,0.4448,0.4521,0.4313,0.4396,0,0
LINK.V,D,20181029,000000,0.4396,0.4438,0.3979,0.4179,0,0
LINK.V,D,20181030,000000,0.4193,0.4622,0.4176,0.4479,0,0
LINK.V,D,20181031,000000,0.448,0.5365,0.4369,0.5093,0,0
LINK.V,D,20181101,000000,0.5092,0.5858,0.4944,0.5167,0,0
LINK.V,D,20181102,000000,0.5167,0.5306,0.4984,0.5035,0,0
LINK.V,D,20181103,000000,0.5035,0.5572,0.5005,0.5386,0,0
LINK.V,D,20181104,000000,0.5386,0.5498,0.4964,0.5092,0,0
LINK.V,D,20181105,000000,0.5092,0.5157,0.478,0.4838,0,0
LINK.V,D,20181106,000000,0.4836,0.4935,0.466,0.4823,0,0
LINK.V,D,20181107,000000,0.4844,0.4919,0.4726,0.4853,0,0
LINK.V,D,20181108,000000,0.484,0.5272,0.4813,0.5006,0,0
LINK.V,D,20181109,000000,0.5009,0.5035,0.4823,0.4925,0,0
LINK.V,D,20181110,000000,0.4924,0.5282,0.49,0.5217,0,0
LINK.V,D,20181111,000000,0.5217,0.5281,0.5019,0.507,0,0
LINK.V,D,20181112,000000,0.507,0.559,0.5069,0.5589,0,0
LINK.V,D,20181113,000000,0.5588,0.6209,0.5505,0.5942,0,0
LINK.V,D,20181114,000000,0.5941,0.6166,0.4876,0.5203,0,0
LINK.V,D,20181115,000000,0.5201,0.562,0.4852,0.5437,0,0
LINK.V,D,20181116,000000,0.5429,0.5462,0.5052,0.5076,0,0
LINK.V,D,20181117,000000,0.5078,0.5201,0.4761,0.486,0,0
LINK.V,D,20181118,000000,0.486,0.5352,0.4797,0.5279,0,0
LINK.V,D,20181119,000000,0.5279,0.5308,0.3841,0.4096,0,0
LINK.V,D,20181120,000000,0.4093,0.4261,0.3178,0.3344,0,0
LINK.V,D,20181121,000000,0.3343,0.3773,0.3234,0.3586,0,0
LINK.V,D,20181122,000000,0.359,0.3844,0.3492,0.3605,0,0
LINK.V,D,20181123,000000,0.3604,0.3612,0.3184,0.3346,0,0
LINK.V,D,20181124,000000,0.3343,0.3404,0.2578,0.2662,0,0
LINK.V,D,20181125,000000,0.2658,0.2881,0.2387,0.2598,0,0
LINK.V,D,20181126,000000,0.2599,0.2833,0.2368,0.2579,0,0
LINK.V,D,20181127,000000,0.2579,0.3092,0.2578,0.2929,0,0
LINK.V,D,20181128,000000,0.2919,0.3526,0.2853,0.3291,0,0
LINK.V,D,20181129,000000,0.329,0.3862,0.3139,0.3401,0,0
LINK.V,D,20181130,000000,0.3402,0.3908,0.3077,0.3176,0,0
LINK.V,D,20181201,000000,0.3177,0.3469,0.3142,0.3355,0,0
LINK.V,D,20181202,000000,0.3354,0.3454,0.3188,0.32,0,0
LINK.V,D,20181203,000000,0.3201,0.3214,0.2795,0.2891,0,0
LINK.V,D,20181204,000000,0.2892,0.3135,0.2825,0.2903,0,0
LINK.V,D,20181205,000000,0.2903,0.2933,0.2572,0.2589,0,0
LINK.V,D,20181206,000000,0.2584,0.2704,0.229,0.2342,0,0
LINK.V,D,20181207,000000,0.2344,0.2386,0.1933,0.2147,0,0
LINK.V,D,20181208,000000,0.2149,0.2448,0.2087,0.2398,0,0
LINK.V,D,20181209,000000,0.2398,0.2486,0.2176,0.2359,0,0
LINK.V,D,20181210,000000,0.2357,0.2428,0.212,0.218,0,0
LINK.V,D,20181211,000000,0.2184,0.2246,0.2086,0.2209,0,0
LINK.V,D,20181212,000000,0.2209,0.2426,0.2176,0.2261,0,0
LINK.V,D,20181213,000000,0.2264,0.2287,0.2006,0.2043,0,0
LINK.V,D,20181214,000000,0.2044,0.2095,0.1982,0.2037,0,0
LINK.V,D,20181215,000000,0.2034,0.2093,0.198,0.2047,0,0
LINK.V,D,20181216,000000,0.2047,0.2205,0.2024,0.207,0,0
LINK.V,D,20181217,000000,0.207,0.2403,0.2049,0.233,0,0
LINK.V,D,20181218,000000,0.2331,0.2682,0.2282,0.2626,0,0
LINK.V,D,20181219,000000,0.2625,0.3174,0.2608,0.296,0,0
LINK.V,D,20181220,000000,0.2959,0.3496,0.2926,0.3296,0,0
LINK.V,D,20181221,000000,0.3298,0.3494,0.291,0.2968,0,0
LINK.V,D,20181222,000000,0.2964,0.3116,0.2852,0.3027,0,0
LINK.V,D,20181223,000000,0.303,0.3234,0.3011,0.3143,0,0
LINK.V,D,20181224,000000,0.3143,0.3393,0.2984,0.3123,0,0
LINK.V,D,20181225,000000,0.3121,0.3265,0.2856,0.3107,0,0
LINK.V,D,20181226,000000,0.3107,0.3255,0.2942,0.3061,0,0
LINK.V,D,20181227,000000,0.3062,0.3126,0.2735,0.2753,0,0
LINK.V,D,20181228,000000,0.2753,0.3065,0.2655,0.2951,0,0
LINK.V,D,20181229,000000,0.2951,0.3212,0.2899,0.32,0,0
LINK.V,D,20181230,000000,0.3201,0.3209,0.2931,0.301,0,0
LINK.V,D,20181231,000000,0.301,0.3026,0.2828,0.2883,0,0
LINK.V,D,20190101,000000,0.2883,0.3026,0.2873,0.2971,0,0
LINK.V,D,20190102,000000,0.2953,0.3202,0.2951,0.3194,0,0
LINK.V,D,20190103,000000,0.3193,0.3725,0.3171,0.3724,0,0
LINK.V,D,20190104,000000,0.3724,0.4516,0.3604,0.4322,0,0
LINK.V,D,20190105,000000,0.435,0.4515,0.3875,0.396,0,0
LINK.V,D,20190106,000000,0.3968,0.409,0.3745,0.3872,0,0
LINK.V,D,20190107,000000,0.3873,0.4156,0.3717,0.38,0,0
LINK.V,D,20190108,000000,0.3801,0.4242,0.3641,0.4155,0,0
LINK.V,D,20190109,000000,0.4151,0.4404,0.4043,0.4082,0,0
LINK.V,D,20190110,000000,0.4082,0.4093,0.3439,0.354,0,0
LINK.V,D,20190111,000000,0.354,0.4669,0.3531,0.4339,0,0
LINK.V,D,20190112,000000,0.4341,0.4707,0.4072,0.4163,0,0
LINK.V,D,20190113,000000,0.4159,0.4309,0.3781,0.4213,0,0
LINK.V,D,20190114,000000,0.4214,0.5047,0.417,0.4948,0,0
LINK.V,D,20190115,000000,0.4948,0.5653,0.4659,0.5005,0,0
LINK.V,D,20190116,000000,0.5005,0.5443,0.4769,0.4924,0,0
LINK.V,D,20190117,000000,0.4925,0.5024,0.4716,0.4855,0,0
LINK.V,D,20190118,000000,0.4855,0.5096,0.4691,0.5042,0,0
LINK.V,D,20190119,000000,0.5045,0.5085,0.4743,0.4909,0,0
LINK.V,D,20190120,000000,0.4909,0.4972,0.4651,0.4874,0,0
LINK.V,D,20190121,000000,0.4873,0.5269,0.47,0.5057,0,0
LINK.V,D,20190122,000000,0.5054,0.5717,0.5019,0.5401,0,0
LINK.V,D,20190123,000000,0.5393,0.5512,0.5034,0.51,0,0
LINK.V,D,20190124,000000,0.5099,0.5116,0.4746,0.4993,0,0
LINK.V,D,20190125,000000,0.4996,0.5191,0.4724,0.4787,0,0
LINK.V,D,20190126,000000,0.4787,0.4917,0.4653,0.471,0,0
LINK.V,D,20190127,000000,0.4706,0.4729,0.4271,0.4312,0,0
LINK.V,D,20190128,000000,0.4312,0.4343,0.3541,0.4099,0,0
LINK.V,D,20190129,000000,0.4099,0.4644,0.4069,0.4466,0,0
LINK.V,D,20190130,000000,0.4465,0.4549,0.4182,0.4252,0,0
LINK.V,D,20190131,000000,0.4252,0.4393,0.3865,0.3881,0,0
LINK.V,D,20190201,000000,0.3881,0.4278,0.3794,0.422,0,0
LINK.V,D,20190202,000000,0.4227,0.43,0.3987,0.411,0,0
LINK.V,D,20190203,000000,0.4109,0.4173,0.3887,0.3942,0,0
LINK.V,D,20190204,000000,0.3953,0.4082,0.3864,0.3951,0,0
LINK.V,D,20190205,000000,0.3952,0.4291,0.3866,0.4214,0,0
LINK.V,D,20190206,000000,0.4218,0.422,0.3893,0.3982,0,0
LINK.V,D,20190207,000000,0.3982,0.4041,0.3903,0.399,0,0
LINK.V,D,20190208,000000,0.399,0.4481,0.3951,0.4275,0,0
LINK.V,D,20190209,000000,0.4275,0.4816,0.4275,0.4589,0,0
LINK.V,D,20190210,000000,0.4588,0.4788,0.4367,0.4447,0,0
LINK.V,D,20190211,000000,0.4447,0.4522,0.4186,0.4291,0,0
LINK.V,D,20190212,000000,0.4291,0.433,0.4174,0.421,0,0
LINK.V,D,20190213,000000,0.4211,0.4422,0.4178,0.4337,0,0
LINK.V,D,20190214,000000,0.4337,0.4436,0.4204,0.4238,0,0
LINK.V,D,20190215,000000,0.4238,0.4407,0.4214,0.4389,0,0
LINK.V,D,20190216,000000,0.4389,0.445,0.4329,0.4364,0,0
LINK.V,D,20190217,000000,0.4363,0.4794,0.431,0.4571,0,0
LINK.V,D,20190218,000000,0.457,0.4856,0.4545,0.476,0,0
LINK.V,D,20190219,000000,0.4761,0.4805,0.4581,0.464,0,0
LINK.V,D,20190220,000000,0.464,0.4732,0.4453,0.4636,0,0
LINK.V,D,20190221,000000,0.4636,0.4744,0.4383,0.4417,0,0
LINK.V,D,20190222,000000,0.4417,0.4589,0.4383,0.4487,0,0
LINK.V,D,20190223,000000,0.4488,0.4686,0.4448,0.4619,0,0
LINK.V,D,20190224,000000,0.4619,0.4685,0.4022,0.411,0,0
LINK.V,D,20190225,000000,0.4109,0.4637,0.4045,0.4569,0,0
LINK.V,D,20190226,000000,0.4569,0.4768,0.4316,0.4327,0,0
LINK.V,D,20190227,000000,0.4334,0.4438,0.4173,0.4239,0,0
LINK.V,D,20190228,000000,0.4239,0.4363,0.4193,0.4253,0,0
LINK.V,D,20190301,000000,0.4253,0.4391,0.4215,0.4347,0,0
LINK.V,D,20190302,000000,0.4346,0.4352,0.4201,0.4239,0,0
LINK.V,D,20190303,000000,0.4239,0.4315,0.4202,0.4229,0,0
LINK.V,D,20190304,000000,0.4229,0.4268,0.3972,0.4047,0,0
LINK.V,D,20190305,000000,0.4047,0.4314,0.4028,0.4262,0,0
LINK.V,D,20190306,000000,0.4261,0.439,0.4207,0.4349,0,0
LINK.V,D,20190307,000000,0.4348,0.4755,0.4263,0.4538,0,0
LINK.V,D,20190308,000000,0.4539,0.5113,0.4528,0.4664,0,0
LINK.V,D,20190309,000000,0.466,0.4815,0.4541,0.4763,0,0
LINK.V,D,20190310,000000,0.4767,0.5471,0.4691,0.5039,0,0
LINK.V,D,20190311,000000,0.5038,0.5152,0.4591,0.4672,0,0
LINK.V,D,20190312,000000,0.4672,0.5051,0.4552,0.4896,0,0
LINK.V,D,20190313,000000,0.4896,0.4914,0.4691,0.4784,0,0
LINK.V,D,20190314,000000,0.4784,0.4994,0.475,0.4904,0,0
LINK.V,D,20190315,000000,0.4903,0.4944,0.4835,0.4858,0,0
LINK.V,D,20190316,000000,0.4858,0.4938,0.4708,0.4813,0,0
LINK.V,D,20190317,000000,0.4813,0.4905,0.4734,0.48,0,0
LINK.V,D,20190318,000000,0.48,0.4845,0.4672,0.4763,0,0
LINK.V,D,20190319,000000,0.4763,0.4777,0.4661,0.4765,0,0
LINK.V,D,20190320,000000,0.4764,0.4909,0.4755,0.4835,0,0
LINK.V,D,20190321,000000,0.4833,0.4854,0.4405,0.4655,0,0
LINK.V,D,20190322,000000,0.4656,0.4662,0.4488,0.4625,0,0
LINK.V,D,20190323,000000,0.4624,0.4657,0.4559,0.4602,0,0
LINK.V,D,20190324,000000,0.4602,0.4617,0.4499,0.455,0,0
LINK.V,D,20190325,000000,0.455,0.4947,0.4427,0.4681,0,0
LINK.V,D,20190326,000000,0.468,0.4819,0.4481,0.455,0,0
LINK.V,D,20190327,000000,0.455,0.5006,0.4545,0.4923,0,0
LINK.V,D,20190328,000000,0.4923,0.5097,0.486,0.5014,0,0
LINK.V,D,20190329,000000,0.5016,0.5027,0.4904,0.4965,0,0
LINK.V,D,20190330,000000,0.4965,0.5041,0.4873,0.4968,0,0
LINK.V,D,20190331,000000,0.4972,0.5411,0.4886,0.5125,0,0
LINK.V,D,20190401,000000,0.5125,0.5615,0.5023,0.5512,0,0
LINK.V,D,20190402,000000,0.5512,0.6077,0.5381,0.5804,0,0
LINK.V,D,20190403,000000,0.5804,0.6105,0.5798,0.59,0,0
LINK.V,D,20190404,000000,0.5907,0.594,0.522,0.5448,0,0
LINK.V,D,20190405,000000,0.5446,0.5797,0.5356,0.5757,0,0
LINK.V,D,20190406,000000,0.5758,0.5891,0.5594,0.5696,0,0
LINK.V,D,20190407,000000,0.5696,0.5924,0.5673,0.5827,0,0
LINK.V,D,20190408,000000,0.5825,0.5924,0.5453,0.5763,0,0
LINK.V,D,20190409,000000,0.5761,0.5762,0.5254,0.5389,0,0
LINK.V,D,20190410,000000,0.5389,0.5415,0.5131,0.5206,0,0
LINK.V,D,20190411,000000,0.5206,0.5233,0.4585,0.4864,0,0
LINK.V,D,20190412,000000,0.4864,0.5179,0.4584,0.5007,0,0
LINK.V,D,20190413,000000,0.5007,0.5448,0.494,0.5297,0,0
LINK.V,D,20190414,000000,0.5297,0.5486,0.5113,0.5287,0,0
LINK.V,D,20190415,000000,0.5289,0.5349,0.4818,0.4877,0,0
LINK.V,D,20190416,000000,0.4877,0.5203,0.4871,0.5096,0,0
LINK.V,D,20190417,000000,0.5094,0.5099,0.4918,0.5025,0,0
LINK.V,D,20190418,000000,0.5029,0.5257,0.4996,0.5234,0,0
LINK.V,D,20190419,000000,0.5234,0.5415,0.5138,0.5161,0,0
LINK.V,D,20190420,000000,0.516,0.5329,0.5087,0.5102,0,0
LINK.V,D,20190421,000000,0.5104,0.5165,0.4809,0.4921,0,0
LINK.V,D,20190422,000000,0.4922,0.5204,0.4889,0.4955,0,0
LINK.V,D,20190423,000000,0.4954,0.5046,0.4803,0.4892,0,0
LINK.V,D,20190424,000000,0.4892,0.4905,0.4444,0.4693,0,0
LINK.V,D,20190425,000000,0.4693,0.5035,0.4568,0.4792,0,0
LINK.V,D,20190426,000000,0.4792,0.4792,0.4231,0.4319,0,0
LINK.V,D,20190427,000000,0.4318,0.4558,0.4313,0.446,0,0
LINK.V,D,20190428,000000,0.446,0.4579,0.436,0.442,0,0
LINK.V,D,20190429,000000,0.4421,0.4517,0.4251,0.4273,0,0
LINK.V,D,20190430,000000,0.4272,0.4792,0.4262,0.4686,0,0
LINK.V,D,20190501,000000,0.4686,0.4912,0.4655,0.475,0,0
LINK.V,D,20190502,000000,0.4749,0.4788,0.4629,0.4641,0,0
LINK.V,D,20190503,000000,0.464,0.5101,0.4609,0.5099,0,0
LINK.V,D,20190504,000000,0.51,0.5224,0.4778,0.5018,0,0
LINK.V,D,20190505,000000,0.5018,0.5243,0.4911,0.5105,0,0
LINK.V,D,20190506,000000,0.5105,0.56,0.4924,0.5539,0,0
LINK.V,D,20190507,000000,0.5539,0.6165,0.5525,0.5647,0,0
LINK.V,D,20190508,000000,0.5646,0.6148,0.5216,0.5954,0,0
LINK.V,D,20190509,000000,0.5954,0.6966,0.5841,0.6473,0,0
LINK.V,D,20190510,000000,0.6474,0.722,0.6308,0.673,0,0
LINK.V,D,20190511,000000,0.673,0.7352,0.6509,0.6983,0,0
LINK.V,D,20190512,000000,0.6988,0.714,0.6307,0.6683,0,0
LINK.V,D,20190513,000000,0.6684,0.6926,0.6441,0.6645,0,0
LINK.V,D,20190514,000000,0.6636,0.9453,0.6363,0.8234,0,0
LINK.V,D,20190515,000000,0.8226,0.8858,0.7909,0.885,0,0
LINK.V,D,20190516,000000,0.8841,0.9318,0.7652,0.929,0,0
LINK.V,D,20190517,000000,0.9291,0.9834,0.7715,0.8846,0,0
LINK.V,D,20190518,000000,0.8853,0.9615,0.8597,0.9513,0,0
LINK.V,D,20190519,000000,0.9511,1.05,0.9321,1.02,0,0
LINK.V,D,20190520,000000,1.02,1.04,0.9512,1.01,0,0
LINK.V,D,20190521,000000,1.01,1.24,1.01,1.23,0,0
LINK.V,D,20190522,000000,1.23,1.48,1.15,1.21,0,0
LINK.V,D,20190523,000000,1.21,1.37,1.14,1.35,0,0
LINK.V,D,20190524,000000,1.34,1.44,1.23,1.34,0,0
LINK.V,D,20190525,000000,1.34,1.35,1.11,1.18,0,0
LINK.V,D,20190526,000000,1.18,1.19,1.04,1.06,0,0
LINK.V,D,20190527,000000,1.06,1.29,1.06,1.24,0,0
LINK.V,D,20190528,000000,1.24,1.35,1.15,1.3,0,0
LINK.V,D,20190529,000000,1.3,1.31,1.15,1.19,0,0
LINK.V,D,20190530,000000,1.19,1.23,0.9156,0.9756,0,0
LINK.V,D,20190531,000000,0.9758,1.04,0.9361,0.9939,0,0
LINK.V,D,20190601,000000,0.994,1.06,0.9582,0.9729,0,0
LINK.V,D,20190602,000000,0.9729,1.06,0.9373,1.02,0,0
LINK.V,D,20190603,000000,1.02,1.03,0.944,0.9481,0,0
LINK.V,D,20190604,000000,0.9486,0.9522,0.8411,0.8463,0,0
LINK.V,D,20190605,000000,0.8432,1.09,0.8417,1.04,0,0
LINK.V,D,20190606,000000,1.04,1.27,1.03,1.14,0,0
LINK.V,D,20190607,000000,1.14,1.26,1.08,1.18,0,0
LINK.V,D,20190608,000000,1.18,1.2,1.12,1.14,0,0
LINK.V,D,20190609,000000,1.14,1.17,1.02,1.05,0,0
LINK.V,D,20190610,000000,1.05,1.15,1.04,1.145,0,0
LINK.V,D,20190611,000000,1.145,1.216,1.095,1.123,0,0
LINK.V,D,20190612,000000,1.123,1.17,1.096,1.15,0,0
LINK.V,D,20190613,000000,1.15,1.965,1.117,1.77,0,0
LINK.V,D,20190614,000000,1.77,1.894,1.497,1.646,0,0
LINK.V,D,20190615,000000,1.646,1.814,1.611,1.747,0,0
LINK.V,D,20190616,000000,1.747,1.8,1.601,1.67,0,0
LINK.V,D,20190617,000000,1.671,2.082,1.659,1.921,0,0
LINK.V,D,20190618,000000,1.921,2.024,1.762,1.803,0,0
LINK.V,D,20190619,000000,1.803,1.901,1.784,1.849,0,0
LINK.V,D,20190620,000000,1.849,1.89,1.69,1.718,0,0
LINK.V,D,20190621,000000,1.718,1.794,1.62,1.71,0,0
LINK.V,D,20190622,000000,1.71,1.95,1.671,1.832,0,0
LINK.V,D,20190623,000000,1.832,1.9,1.759,1.796,0,0
LINK.V,D,20190624,000000,1.794,1.884,1.761,1.858,0,0
LINK.V,D,20190625,000000,1.858,2.407,1.849,2.109,0,0
LINK.V,D,20190626,000000,2.108,2.433,2.015,2.26,0,0
LINK.V,D,20190627,000000,2.267,2.527,2.067,2.266,0,0
LINK.V,D,20190628,000000,2.265,2.919,2.163,2.881,0,0
LINK.V,D,20190629,000000,2.881,4.532,2.768,4.135,0,0
LINK.V,D,20190630,000000,4.137,4.262,3.509,3.509,0,0
LINK.V,D,20190701,000000,3.502,3.64,2.924,3.519,0,0
LINK.V,D,20190702,000000,3.515,3.949,3.19,3.732,0,0
LINK.V,D,20190703,000000,3.731,3.85,3.551,3.619,0,0
LINK.V,D,20190704,000000,3.63,3.63,3.23,3.411,0,0
LINK.V,D,20190705,000000,3.411,3.706,3.35,3.637,0,0
LINK.V,D,20190706,000000,3.63,3.747,3.5,3.559,0,0
LINK.V,D,20190707,000000,3.548,3.561,3.31,3.357,0,0
LINK.V,D,20190708,000000,3.372,3.619,3.26,3.293,0,0
LINK.V,D,20190709,000000,3.293,3.4,2.955,3.083,0,0
LINK.V,D,20190710,000000,3.083,3.328,2.835,3.045,0,0
LINK.V,D,20190711,000000,3.045,3.166,2.7,2.816,0,0
LINK.V,D,20190712,000000,2.816,3.37,2.581,3.13,0,0
LINK.V,D,20190713,000000,3.13,3.3,3.05,3.131,0,0
LINK.V,D,20190714,000000,3.135,3.238,2.768,2.919,0,0
LINK.V,D,20190715,000000,2.919,2.919,2.59,2.68,0,0
LINK.V,D,20190716,000000,2.68,2.789,2.26,2.302,0,0
LINK.V,D,20190717,000000,2.302,2.605,2.054,2.451,0,0
LINK.V,D,20190718,000000,2.455,2.811,2.347,2.656,0,0
LINK.V,D,20190719,000000,2.66,2.757,2.516,2.572,0,0
LINK.V,D,20190720,000000,2.58,2.732,2.56,2.7,0,0
LINK.V,D,20190721,000000,2.7,2.7,2.464,2.56,0,0
LINK.V,D,20190722,000000,2.56,2.588,2.358,2.405,0,0
LINK.V,D,20190723,000000,2.405,2.529,2.25,2.438,0,0
LINK.V,D,20190724,000000,2.438,2.51,2.28,2.428,0,0
LINK.V,D,20190725,000000,2.428,2.523,2.375,2.401,0,0
LINK.V,D,20190726,000000,2.401,2.429,2.328,2.412,0,0
LINK.V,D,20190727,000000,2.412,2.464,2.204,2.264,0,0
LINK.V,D,20190728,000000,2.262,2.279,2.176,2.185,0,0
LINK.V,D,20190729,000000,2.185,2.257,2.108,2.145,0,0
LINK.V,D,20190730,000000,2.145,2.19,2,2.112,0,0
LINK.V,D,20190731,000000,2.112,2.244,2.07,2.219,0,0
LINK.V,D,20190801,000000,2.213,2.236,2.115,2.153,0,0
LINK.V,D,20190802,000000,2.153,2.469,2.133,2.41,0,0
LINK.V,D,20190803,000000,2.43,2.737,2.36,2.427,0,0
LINK.V,D,20190804,000000,2.424,2.6,2.386,2.477,0,0
LINK.V,D,20190805,000000,2.477,2.66,2.458,2.48,0,0
LINK.V,D,20190806,000000,2.479,2.518,2.306,2.405,0,0
LINK.V,D,20190807,000000,2.405,2.49,2.35,2.415,0,0
LINK.V,D,20190808,000000,2.414,2.414,2.266,2.28,0,0
LINK.V,D,20190809,000000,2.28,2.305,2.152,2.167,0,0
LINK.V,D,20190810,000000,2.167,2.449,2.137,2.329,0,0
LINK.V,D,20190811,000000,2.327,2.479,2.285,2.405,0,0
LINK.V,D,20190812,000000,2.405,2.47,2.336,2.365,0,0
LINK.V,D,20190813,000000,2.367,2.45,2.307,2.423,0,0
LINK.V,D,20190814,000000,2.423,2.584,2.16,2.339,0,0
LINK.V,D,20190815,000000,2.339,2.422,2.167,2.388,0,0
LINK.V,D,20190816,000000,2.388,2.45,2.231,2.34,0,0
LINK.V,D,20190817,000000,2.34,2.42,2.291,2.379,0,0
LINK.V,D,20190818,000000,2.379,2.565,2.363,2.44,0,0
LINK.V,D,20190819,000000,2.44,2.62,2.44,2.541,0,0
LINK.V,D,20190820,000000,2.542,2.554,2.343,2.371,0,0
LINK.V,D,20190821,000000,2.371,2.4,2.15,2.195,0,0
LINK.V,D,20190822,000000,2.195,2.299,2.148,2.228,0,0
LINK.V,D,20190823,000000,2.228,2.349,2.177,2.213,0,0
LINK.V,D,20190824,000000,2.216,2.268,2.16,2.179,0,0
LINK.V,D,20190825,000000,2.179,2.19,2.034,2.052,0,0
LINK.V,D,20190826,000000,2.06,2.175,2.031,2.064,0,0
LINK.V,D,20190827,000000,2.066,2.175,2.011,2.089,0,0
LINK.V,D,20190828,000000,2.089,2.125,1.87,1.925,0,0
LINK.V,D,20190829,000000,1.925,1.94,1.723,1.791,0,0
LINK.V,D,20190830,000000,1.791,1.918,1.744,1.832,0,0
LINK.V,D,20190831,000000,1.832,1.85,1.735,1.8,0,0
LINK.V,D,20190901,000000,1.8,1.802,1.722,1.771,0,0
LINK.V,D,20190902,000000,1.771,1.898,1.736,1.83,0,0
LINK.V,D,20190903,000000,1.834,1.945,1.82,1.863,0,0
LINK.V,D,20190904,000000,1.863,1.869,1.746,1.81,0,0
LINK.V,D,20190905,000000,1.81,1.865,1.762,1.815,0,0
LINK.V,D,20190906,000000,1.815,1.83,1.68,1.722,0,0
LINK.V,D,20190907,000000,1.722,1.81,1.704,1.785,0,0
LINK.V,D,20190908,000000,1.788,1.9,1.766,1.851,0,0
LINK.V,D,20190909,000000,1.851,1.87,1.763,1.798,0,0
LINK.V,D,20190910,000000,1.798,1.834,1.778,1.806,0,0
LINK.V,D,20190911,000000,1.806,1.825,1.72,1.731,0,0
LINK.V,D,20190912,000000,1.731,1.745,1.7,1.725,0,0
LINK.V,D,20190913,000000,1.725,1.728,1.495,1.566,0,0
LINK.V,D,20190914,000000,1.566,1.642,1.537,1.585,0,0
LINK.V,D,20190915,000000,1.585,1.642,1.562,1.622,0,0
LINK.V,D,20190916,000000,1.622,1.638,1.55,1.585,0,0
LINK.V,D,20190917,000000,1.585,1.689,1.56,1.637,0,0
LINK.V,D,20190918,000000,1.637,1.95,1.624,1.832,0,0
LINK.V,D,20190919,000000,1.832,1.993,1.74,1.883,0,0
LINK.V,D,20190920,000000,1.883,1.895,1.76,1.787,0,0
LINK.V,D,20190921,000000,1.792,1.871,1.786,1.871,0,0
LINK.V,D,20190922,000000,1.871,1.885,1.78,1.811,0,0
LINK.V,D,20190923,000000,1.811,1.883,1.783,1.859,0,0
LINK.V,D,20190924,000000,1.858,2.069,1.512,1.735,0,0
LINK.V,D,20190925,000000,1.735,1.935,1.625,1.765,0,0
LINK.V,D,20190926,000000,1.765,1.769,1.525,1.647,0,0
LINK.V,D,20190927,000000,1.647,1.695,1.564,1.667,0,0
LINK.V,D,20190928,000000,1.656,1.703,1.631,1.677,0,0
LINK.V,D,20190929,000000,1.677,1.752,1.65,1.712,0,0
LINK.V,D,20190930,000000,1.712,1.755,1.695,1.744,0,0
LINK.V,D,20191001,000000,1.744,1.88,1.733,1.855,0,0
LINK.V,D,20191002,000000,1.85,1.992,1.812,1.977,0,0
LINK.V,D,20191003,000000,1.98,2.043,1.89,1.957,0,0
LINK.V,D,20191004,000000,1.957,1.993,1.89,1.993,0,0
LINK.V,D,20191005,000000,1.993,2.023,1.914,1.971,0,0
LINK.V,D,20191006,000000,1.972,2.276,1.951,2.19,0,0
LINK.V,D,20191007,000000,2.19,2.499,2.101,2.401,0,0
LINK.V,D,20191008,000000,2.412,2.643,2.275,2.493,0,0
LINK.V,D,20191009,000000,2.49,2.98,2.49,2.877,0,0
LINK.V,D,20191010,000000,2.876,2.885,2.436,2.694,0,0
LINK.V,D,20191011,000000,2.694,2.8,2.546,2.678,0,0
LINK.V,D,20191012,000000,2.678,2.76,2.559,2.635,0,0
LINK.V,D,20191013,000000,2.632,2.654,2.52,2.563,0,0
LINK.V,D,20191014,000000,2.59,2.614,2.51,2.53,0,0
LINK.V,D,20191015,000000,2.525,2.603,2.351,2.373,0,0
LINK.V,D,20191016,000000,2.373,2.415,2.186,2.323,0,0
LINK.V,D,20191017,000000,2.323,2.489,2.282,2.439,0,0
LINK.V,D,20191018,000000,2.434,2.5,2.327,2.353,0,0
LINK.V,D,20191019,000000,2.353,2.393,2.3,2.36,0,0
LINK.V,D,20191020,000000,2.36,2.462,2.287,2.398,0,0
LINK.V,D,20191021,000000,2.398,2.679,2.398,2.602,0,0
LINK.V,D,20191022,000000,2.602,2.814,2.602,2.722,0,0
LINK.V,D,20191023,000000,2.72,2.722,2.402,2.541,0,0
LINK.V,D,20191024,000000,2.541,2.788,2.535,2.732,0,0
LINK.V,D,20191025,000000,2.738,2.98,2.617,2.851,0,0
LINK.V,D,20191026,000000,2.851,3.047,2.668,2.746,0,0
LINK.V,D,20191027,000000,2.755,2.773,2.66,2.679,0,0
LINK.V,D,20191028,000000,2.679,2.888,2.66,2.716,0,0
LINK.V,D,20191029,000000,2.716,2.768,2.641,2.689,0,0
LINK.V,D,20191030,000000,2.686,2.686,2.52,2.614,0,0
LINK.V,D,20191031,000000,2.614,2.763,2.551,2.722,0,0
LINK.V,D,20191101,000000,2.724,2.79,2.65,2.713,0,0
LINK.V,D,20191102,000000,2.713,2.75,2.695,2.708,0,0
LINK.V,D,20191103,000000,2.708,2.718,2.63,2.664,0,0
LINK.V,D,20191104,000000,2.664,2.729,2.629,2.666,0,0
LINK.V,D,20191105,000000,2.668,2.698,2.631,2.684,0,0
LINK.V,D,20191106,000000,2.684,2.821,2.651,2.74,0,0
LINK.V,D,20191107,000000,2.74,2.758,2.611,2.69,0,0
LINK.V,D,20191108,000000,2.688,2.73,2.62,2.719,0,0
LINK.V,D,20191109,000000,2.719,2.85,2.702,2.822,0,0
LINK.V,D,20191110,000000,2.792,2.84,2.739,2.78,0,0
LINK.V,D,20191111,000000,2.78,2.78,2.672,2.726,0,0
LINK.V,D,20191112,000000,2.726,2.875,2.724,2.827,0,0
LINK.V,D,20191113,000000,2.827,3.08,2.785,2.974,0,0
LINK.V,D,20191114,000000,2.975,3.16,2.97,3.093,0,0
LINK.V,D,20191115,000000,3.093,3.093,2.804,3.01,0,0
LINK.V,D,20191116,000000,3.016,3.045,2.918,2.973,0,0
LINK.V,D,20191117,000000,2.973,2.995,2.87,2.904,0,0
LINK.V,D,20191118,000000,2.904,2.97,2.691,2.808,0,0
LINK.V,D,20191119,000000,2.808,2.815,2.58,2.712,0,0
LINK.V,D,20191120,000000,2.712,2.801,2.62,2.679,0,0
LINK.V,D,20191121,000000,2.679,2.704,2.47,2.555,0,0
LINK.V,D,20191122,000000,2.555,2.593,2.123,2.348,0,0
LINK.V,D,20191123,000000,2.348,2.469,2.264,2.407,0,0
LINK.V,D,20191124,000000,2.407,2.459,2.218,2.283,0,0
LINK.V,D,20191125,000000,2.283,2.394,2.038,2.293,0,0
LINK.V,D,20191126,000000,2.292,2.363,2.152,2.25,0,0
LINK.V,D,20191127,000000,2.25,2.308,2.11,2.219,0,0
LINK.V,D,20191128,000000,2.218,2.329,2.18,2.254,0,0
LINK.V,D,20191129,000000,2.253,2.373,2.235,2.334,0,0
LINK.V,D,20191130,000000,2.339,2.346,2.205,2.239,0,0
LINK.V,D,20191201,000000,2.239,2.255,2.138,2.164,0,0
LINK.V,D,20191202,000000,2.164,2.18,2.055,2.116,0,0
LINK.V,D,20191203,000000,2.115,2.198,2.066,2.124,0,0
LINK.V,D,20191204,000000,2.124,2.164,2,2.034,0,0
LINK.V,D,20191205,000000,2.034,2.074,1.956,2.025,0,0
LINK.V,D,20191206,000000,2.024,2.104,1.969,2.091,0,0
LINK.V,D,20191207,000000,2.091,2.112,2.038,2.055,0,0
LINK.V,D,20191208,000000,2.055,2.09,2.004,2.045,0,0
LINK.V,D,20191209,000000,2.045,2.085,2.017,2.039,0,0
LINK.V,D,20191210,000000,2.039,2.295,2.039,2.215,0,0
LINK.V,D,20191211,000000,2.219,2.3,2.15,2.185,0,0
LINK.V,D,20191212,000000,2.185,2.194,2.03,2.101,0,0
LINK.V,D,20191213,000000,2.101,2.12,2.06,2.072,0,0
LINK.V,D,20191214,000000,2.072,2.089,1.972,2.016,0,0
LINK.V,D,20191215,000000,2.016,2.113,1.963,2.071,0,0
LINK.V,D,20191216,000000,2.071,2.08,1.961,1.976,0,0
LINK.V,D,20191217,000000,1.976,2.002,1.717,1.736,0,0
LINK.V,D,20191218,000000,1.736,1.888,1.634,1.888,0,0
LINK.V,D,20191219,000000,1.889,1.898,1.756,1.795,0,0
LINK.V,D,20191220,000000,1.795,1.93,1.778,1.93,0,0
LINK.V,D,20191221,000000,1.93,1.93,1.86,1.861,0,0
LINK.V,D,20191222,000000,1.861,1.945,1.849,1.914,0,0
LINK.V,D,20191223,000000,1.914,1.955,1.844,1.849,0,0
LINK.V,D,20191224,000000,1.849,1.884,1.814,1.851,0,0
LINK.V,D,20191225,000000,1.853,1.855,1.76,1.784,0,0
LINK.V,D,20191226,000000,1.784,1.958,1.77,1.875,0,0
LINK.V,D,20191227,000000,1.876,1.923,1.831,1.873,0,0
LINK.V,D,20191228,000000,1.87,1.895,1.856,1.886,0,0
LINK.V,D,20191229,000000,1.886,1.924,1.843,1.871,0,0
LINK.V,D,20191230,000000,1.871,1.903,1.804,1.823,0,0
LINK.V,D,20191231,000000,1.823,1.823,1.751,1.76,0,0
LINK.V,D,20200101,000000,1.76,1.85,1.75,1.797,0,0
LINK.V,D,20200102,000000,1.797,1.809,1.702,1.731,0,0
LINK.V,D,20200103,000000,1.731,1.826,1.7,1.797,0,0
LINK.V,D,20200104,000000,1.801,1.84,1.785,1.82,0,0
LINK.V,D,20200105,000000,1.821,1.84,1.795,1.8,0,0
LINK.V,D,20200106,000000,1.8,1.927,1.786,1.921,0,0
LINK.V,D,20200107,000000,1.921,2.137,1.903,2.096,0,0
LINK.V,D,20200108,000000,2.096,2.349,2.079,2.228,0,0
LINK.V,D,20200109,000000,2.228,2.235,2.103,2.17,0,0
LINK.V,D,20200110,000000,2.17,2.249,2.148,2.213,0,0
LINK.V,D,20200111,000000,2.216,2.349,2.204,2.286,0,0
LINK.V,D,20200112,000000,2.283,2.315,2.212,2.223,0,0
LINK.V,D,20200113,000000,2.223,2.245,2.154,2.188,0,0
LINK.V,D,20200114,000000,2.184,2.469,2.184,2.402,0,0
LINK.V,D,20200115,000000,2.403,2.556,2.344,2.426,0,0
LINK.V,D,20200116,000000,2.424,2.5,2.295,2.461,0,0
LINK.V,D,20200117,000000,2.461,2.849,2.458,2.699,0,0
LINK.V,D,20200118,000000,2.7,2.785,2.582,2.761,0,0
LINK.V,D,20200119,000000,2.765,2.85,2.535,2.6,0,0
LINK.V,D,20200120,000000,2.6,2.743,2.541,2.733,0,0
LINK.V,D,20200121,000000,2.724,2.744,2.572,2.656,0,0
LINK.V,D,20200122,000000,2.656,2.685,2.61,2.623,0,0
LINK.V,D,20200123,000000,2.623,2.648,2.416,2.465,0,0
LINK.V,D,20200124,000000,2.465,2.533,2.358,2.503,0,0
LINK.V,D,20200125,000000,2.503,2.509,2.419,2.454,0,0
LINK.V,D,20200126,000000,2.454,2.576,2.425,2.555,0,0
LINK.V,D,20200127,000000,2.555,2.679,2.55,2.597,0,0
LINK.V,D,20200128,000000,2.596,2.669,2.577,2.636,0,0
LINK.V,D,20200129,000000,2.633,2.832,2.627,2.77,0,0
LINK.V,D,20200130,000000,2.769,2.94,2.705,2.911,0,0
LINK.V,D,20200131,000000,2.907,2.92,2.755,2.83,0,0
LINK.V,D,20200201,000000,2.836,2.885,2.744,2.818,0,0
LINK.V,D,20200202,000000,2.822,2.885,2.731,2.825,0,0
LINK.V,D,20200203,000000,2.828,2.878,2.74,2.772,0,0
LINK.V,D,20200204,000000,2.772,2.806,2.675,2.713,0,0
LINK.V,D,20200205,000000,2.717,2.885,2.714,2.828,0,0
LINK.V,D,20200206,000000,2.835,2.939,2.8,2.879,0,0
LINK.V,D,20200207,000000,2.878,3.369,2.871,3.317,0,0
LINK.V,D,20200208,000000,3.315,3.486,3.125,3.428,0,0
LINK.V,D,20200209,000000,3.428,3.449,3.229,3.386,0,0
LINK.V,D,20200210,000000,3.379,3.519,3.28,3.421,0,0
LINK.V,D,20200211,000000,3.415,3.994,3.35,3.93,0,0
LINK.V,D,20200212,000000,3.933,4.22,3.846,4.047,0,0
LINK.V,D,20200213,000000,4.042,4.118,3.711,3.858,0,0
LINK.V,D,20200214,000000,3.856,4.499,3.782,4.493,0,0
LINK.V,D,20200215,000000,4.499,4.639,4.058,4.491,0,0
LINK.V,D,20200216,000000,4.491,4.862,4.032,4.413,0,0
LINK.V,D,20200217,000000,4.429,4.572,3.85,4.252,0,0
LINK.V,D,20200218,000000,4.252,4.634,4.15,4.55,0,0
LINK.V,D,20200219,000000,4.55,4.88,4.248,4.435,0,0
LINK.V,D,20200220,000000,4.435,4.485,4.072,4.284,0,0
LINK.V,D,20200221,000000,4.295,4.539,4.199,4.264,0,0
LINK.V,D,20200222,000000,4.264,4.358,4.051,4.122,0,0
LINK.V,D,20200223,000000,4.122,4.389,4.072,4.253,0,0
LINK.V,D,20200224,000000,4.241,4.305,3.777,3.906,0,0
LINK.V,D,20200225,000000,3.906,3.956,3.489,3.612,0,0
LINK.V,D,20200226,000000,3.613,3.849,3.267,3.647,0,0
LINK.V,D,20200227,000000,3.647,4.138,3.421,3.975,0,0
LINK.V,D,20200228,000000,3.98,4.228,3.77,4.213,0,0
LINK.V,D,20200229,000000,4.202,4.359,4.133,4.165,0,0
LINK.V,D,20200301,000000,4.165,4.242,3.755,3.898,0,0
LINK.V,D,20200302,000000,3.898,4.349,3.81,4.206,0,0
LINK.V,D,20200303,000000,4.208,4.689,4.134,4.639,0,0
LINK.V,D,20200304,000000,4.636,4.977,4.55,4.667,0,0
LINK.V,D,20200305,000000,4.667,4.9,4.631,4.674,0,0
LINK.V,D,20200306,000000,4.666,4.763,4.55,4.641,0,0
LINK.V,D,20200307,000000,4.641,4.711,4.38,4.468,0,0
LINK.V,D,20200308,000000,4.468,4.468,3.852,4.072,0,0
LINK.V,D,20200309,000000,4.067,4.377,3.615,4.017,0,0
LINK.V,D,20200310,000000,4.019,4.242,3.911,4.118,0,0
LINK.V,D,20200311,000000,4.118,4.125,3.552,3.823,0,0
LINK.V,D,20200312,000000,3.823,3.861,2.153,2.285,0,0
LINK.V,D,20200313,000000,2.284,2.876,1.513,2.519,0,0
LINK.V,D,20200314,000000,2.543,2.615,2.113,2.196,0,0
LINK.V,D,20200315,000000,2.195,2.448,2.02,2.116,0,0
LINK.V,D,20200316,000000,2.1,2.151,1.56,1.717,0,0
LINK.V,D,20200317,000000,1.716,2.099,1.706,1.952,0,0
LINK.V,D,20200318,000000,1.952,1.952,1.762,1.913,0,0
LINK.V,D,20200319,000000,1.926,2.37,1.888,2.305,0,0
LINK.V,D,20200320,000000,2.307,2.661,2.011,2.243,0,0
LINK.V,D,20200321,000000,2.243,2.374,2.106,2.269,0,0
LINK.V,D,20200322,000000,2.273,2.334,1.984,2,0,0
LINK.V,D,20200323,000000,2,2.357,1.942,2.23,0,0
LINK.V,D,20200324,000000,2.23,2.374,2.201,2.335,0,0
LINK.V,D,20200325,000000,2.334,2.35,2.187,2.26,0,0
LINK.V,D,20200326,000000,2.26,2.302,2.214,2.272,0,0
LINK.V,D,20200327,000000,2.271,2.366,2.228,2.253,0,0
LINK.V,D,20200328,000000,2.253,2.255,2.034,2.125,0,0
LINK.V,D,20200329,000000,2.129,2.168,2.021,2.027,0,0
LINK.V,D,20200330,000000,2.027,2.209,2.002,2.186,0,0
LINK.V,D,20200331,000000,2.186,2.3,2.115,2.265,0,0
LINK.V,D,20200401,000000,2.263,2.289,2.127,2.209,0,0
LINK.V,D,20200402,000000,2.209,2.447,2.209,2.328,0,0
LINK.V,D,20200403,000000,2.321,2.39,2.27,2.301,0,0
LINK.V,D,20200404,000000,2.301,2.345,2.258,2.316,0,0
LINK.V,D,20200405,000000,2.316,2.329,2.249,2.265,0,0
LINK.V,D,20200406,000000,2.265,2.529,2.263,2.512,0,0
LINK.V,D,20200407,000000,2.513,2.915,2.468,2.737,0,0
LINK.V,D,20200408,000000,2.738,3.164,2.691,3.136,0,0
LINK.V,D,20200409,000000,3.136,3.474,3.122,3.357,0,0
LINK.V,D,20200410,000000,3.362,3.37,2.95,3.2,0,0
LINK.V,D,20200411,000000,3.2,3.445,3.071,3.229,0,0
LINK.V,D,20200412,000000,3.229,3.66,3.177,3.557,0,0
LINK.V,D,20200413,000000,3.557,3.573,3.222,3.391,0,0
LINK.V,D,20200414,000000,3.391,3.454,3.223,3.223,0,0
LINK.V,D,20200415,000000,3.222,3.314,3.119,3.226,0,0
LINK.V,D,20200416,000000,3.226,3.425,2.978,3.415,0,0
LINK.V,D,20200417,000000,3.415,3.563,3.387,3.45,0,0
LINK.V,D,20200418,000000,3.452,3.756,3.442,3.732,0,0
LINK.V,D,20200419,000000,3.73,3.833,3.512,3.688,0,0
LINK.V,D,20200420,000000,3.691,3.795,3.377,3.485,0,0
LINK.V,D,20200421,000000,3.479,3.577,3.405,3.525,0,0
LINK.V,D,20200422,000000,3.526,3.7,3.44,3.649,0,0
LINK.V,D,20200423,000000,3.649,3.909,3.602,3.852,0,0
LINK.V,D,20200424,000000,3.852,3.894,3.726,3.801,0,0
LINK.V,D,20200425,000000,3.801,3.908,3.75,3.787,0,0
LINK.V,D,20200426,000000,3.787,3.818,3.673,3.693,0,0
LINK.V,D,20200427,000000,3.694,3.745,3.47,3.585,0,0
LINK.V,D,20200428,000000,3.588,3.744,3.561,3.628,0,0
LINK.V,D,20200429,000000,3.628,3.996,3.617,3.92,0,0
LINK.V,D,20200430,000000,3.92,3.975,3.649,3.739,0,0
LINK.V,D,20200501,000000,3.739,3.922,3.7,3.786,0,0
LINK.V,D,20200502,000000,3.791,3.865,3.735,3.831,0,0
LINK.V,D,20200503,000000,3.834,3.866,3.65,3.742,0,0
LINK.V,D,20200504,000000,3.742,3.837,3.51,3.771,0,0
LINK.V,D,20200505,000000,3.768,3.814,3.654,3.709,0,0
LINK.V,D,20200506,000000,3.709,3.769,3.622,3.682,0,0
LINK.V,D,20200507,000000,3.682,3.851,3.573,3.76,0,0
LINK.V,D,20200508,000000,3.759,3.857,3.692,3.821,0,0
LINK.V,D,20200509,000000,3.818,4.207,3.772,4.084,0,0
LINK.V,D,20200510,000000,4.08,4.106,3.598,3.785,0,0
LINK.V,D,20200511,000000,3.779,3.835,3.329,3.547,0,0
LINK.V,D,20200512,000000,3.547,3.794,3.519,3.678,0,0
LINK.V,D,20200513,000000,3.681,3.819,3.641,3.814,0,0
LINK.V,D,20200514,000000,3.814,3.86,3.701,3.831,0,0
LINK.V,D,20200515,000000,3.83,3.841,3.616,3.689,0,0
LINK.V,D,20200516,000000,3.689,3.79,3.62,3.776,0,0
LINK.V,D,20200517,000000,3.776,3.85,3.752,3.801,0,0
LINK.V,D,20200518,000000,3.8,3.948,3.773,3.873,0,0
LINK.V,D,20200519,000000,3.868,3.918,3.772,3.915,0,0
LINK.V,D,20200520,000000,3.915,4.139,3.889,4.044,0,0
LINK.V,D,20200521,000000,4.044,4.172,3.731,3.878,0,0
LINK.V,D,20200522,000000,3.878,4.145,3.791,4.105,0,0
LINK.V,D,20200523,000000,4.104,4.109,3.915,4.003,0,0
LINK.V,D,20200524,000000,4.003,4.028,3.822,3.909,0,0
LINK.V,D,20200525,000000,3.909,3.918,3.775,3.867,0,0
LINK.V,D,20200526,000000,3.869,3.883,3.765,3.824,0,0
LINK.V,D,20200527,000000,3.824,3.92,3.811,3.835,0,0
LINK.V,D,20200528,000000,3.835,3.959,3.828,3.919,0,0
LINK.V,D,20200529,000000,3.919,4.12,3.919,3.955,0,0
LINK.V,D,20200530,000000,3.953,4.15,3.945,4.098,0,0
LINK.V,D,20200531,000000,4.098,4.283,4.044,4.19,0,0
LINK.V,D,20200601,000000,4.19,4.476,4.102,4.367,0,0
LINK.V,D,20200602,000000,4.37,4.623,4.147,4.413,0,0
LINK.V,D,20200603,000000,4.436,4.521,4.3,4.489,0,0
LINK.V,D,20200604,000000,4.489,4.517,4.3,4.408,0,0
LINK.V,D,20200605,000000,4.408,4.48,4.335,4.36,0,0
LINK.V,D,20200606,000000,4.36,4.396,4.303,4.376,0,0
LINK.V,D,20200607,000000,4.376,4.408,4.213,4.326,0,0
LINK.V,D,20200608,000000,4.326,4.437,4.326,4.429,0,0
LINK.V,D,20200609,000000,4.429,4.5,4.369,4.449,0,0
LINK.V,D,20200610,000000,4.452,4.458,4.345,4.394,0,0
LINK.V,D,20200611,000000,4.394,4.454,3.911,4.036,0,0
LINK.V,D,20200612,000000,4.038,4.186,3.859,4.096,0,0
LINK.V,D,20200613,000000,4.096,4.125,4.005,4.08,0,0
LINK.V,D,20200614,000000,4.08,4.115,3.927,3.962,0,0
LINK.V,D,20200615,000000,3.959,3.991,3.649,3.943,0,0
LINK.V,D,20200616,000000,3.943,4.09,3.897,4.046,0,0
LINK.V,D,20200617,000000,4.046,4.191,3.956,4.151,0,0
LINK.V,D,20200618,000000,4.151,4.242,4.091,4.153,0,0
LINK.V,D,20200619,000000,4.153,4.18,4.047,4.078,0,0
LINK.V,D,20200620,000000,4.078,4.201,4.061,4.184,0,0
LINK.V,D,20200621,000000,4.184,4.2,4.137,4.189,0,0
LINK.V,D,20200622,000000,4.19,4.477,4.174,4.427,0,0
LINK.V,D,20200623,000000,4.425,4.912,4.401,4.901,0,0
LINK.V,D,20200624,000000,4.901,4.957,4.498,4.682,0,0
LINK.V,D,20200625,000000,4.678,4.841,4.501,4.804,0,0
LINK.V,D,20200626,000000,4.803,4.858,4.635,4.698,0,0
LINK.V,D,20200627,000000,4.697,4.71,4.305,4.475,0,0
LINK.V,D,20200628,000000,4.475,4.619,4.33,4.543,0,0
LINK.V,D,20200629,000000,4.543,4.644,4.426,4.635,0,0
LINK.V,D,20200630,000000,4.632,4.658,4.541,4.585,0,0
LINK.V,D,20200701,000000,4.585,4.731,4.522,4.707,0,0
LINK.V,D,20200702,000000,4.707,4.919,4.619,4.82,0,0
LINK.V,D,20200703,000000,4.822,4.889,4.758,4.782,0,0
LINK.V,D,20200704,000000,4.781,4.848,4.706,4.806,0,0
LINK.V,D,20200705,000000,4.806,4.829,4.62,4.728,0,0
LINK.V,D,20200706,000000,4.724,5.487,4.707,5.241,0,0
LINK.V,D,20200707,000000,5.239,5.899,5.214,5.694,0,0
LINK.V,D,20200708,000000,5.692,6.422,5.606,6.285,0,0
LINK.V,D,20200709,000000,6.281,6.578,5.717,6.062,0,0
LINK.V,D,20200710,000000,6.068,6.207,5.718,6.059,0,0
LINK.V,D,20200711,000000,6.059,6.268,5.973,6.07,0,0
LINK.V,D,20200712,000000,6.07,7.28,6.05,7.185,0,0
LINK.V,D,20200713,000000,7.187,8.479,6.867,7.195,0,0
LINK.V,D,20200714,000000,7.206,8.392,7.001,7.988,0,0
LINK.V,D,20200715,000000,7.987,8.815,7.848,8.723,0,0
LINK.V,D,20200716,000000,8.726,8.845,7.964,8.344,0,0
LINK.V,D,20200717,000000,8.333,8.627,8.202,8.338,0,0
LINK.V,D,20200718,000000,8.308,8.323,7.663,8.094,0,0
LINK.V,D,20200719,000000,8.091,8.204,7.783,8.105,0,0
LINK.V,D,20200720,000000,8.106,8.153,7.14,7.595,0,0
LINK.V,D,20200721,000000,7.594,7.674,7.041,7.141,0,0
LINK.V,D,20200722,000000,7.172,7.637,7.096,7.485,0,0
LINK.V,D,20200723,000000,7.485,8.098,7.387,7.847,0,0
LINK.V,D,20200724,000000,7.847,7.947,7.453,7.523,0,0
LINK.V,D,20200725,000000,7.528,7.8,7.393,7.622,0,0
LINK.V,D,20200726,000000,7.621,7.948,7.323,7.443,0,0
LINK.V,D,20200727,000000,7.444,7.599,6.544,6.921,0,0
LINK.V,D,20200728,000000,6.914,7.413,6.878,7.199,0,0
LINK.V,D,20200729,000000,7.196,7.499,7,7.139,0,0
