<TICKER>,<PER>,<DATE>,<TIME>,<OPEN>,<HIGH>,<LOW>,<CLOSE>,<VOL>,<OPENINT>
LRC.V,D,20200418,000000,0.03419,0.03624,0.03282,0.0329,0,0
LRC.V,D,20200419,000000,0.0329,0.03358,0.03167,0.03235,0,0
LRC.V,D,20200420,000000,0.03234,0.03234,0.0285,0.0293,0,0
LRC.V,D,20200421,000000,0.02929,0.03018,0.02882,0.02968,0,0
LRC.V,D,20200422,000000,0.02968,0.03091,0.02897,0.0304,0,0
LRC.V,D,20200423,000000,0.0304,0.03182,0.02993,0.03064,0,0
LRC.V,D,20200424,000000,0.03063,0.03103,0.02991,0.03059,0,0
LRC.V,D,20200425,000000,0.03058,0.03459,0.03008,0.03081,0,0
LRC.V,D,20200426,000000,0.03088,0.03286,0.03072,0.03152,0,0
LRC.V,D,20200427,000000,0.03161,0.03319,0.03135,0.03197,0,0
LRC.V,D,20200428,000000,0.03196,0.03256,0.03185,0.03196,0,0
LRC.V,D,20200429,000000,0.03196,0.03486,0.03189,0.03388,0,0
LRC.V,D,20200430,000000,0.03396,0.0352,0.03228,0.03375,0,0
LRC.V,D,20200501,000000,0.03374,0.03633,0.03312,0.03565,0,0
LRC.V,D,20200502,000000,0.03566,0.03573,0.03471,0.03531,0,0
LRC.V,D,20200503,000000,0.0353,0.03578,0.03391,0.03439,0,0
LRC.V,D,20200504,000000,0.03438,0.03475,0.03314,0.03447,0,0
LRC.V,D,20200505,000000,0.03456,0.03497,0.03363,0.03392,0,0
LRC.V,D,20200506,000000,0.03383,0.03504,0.03366,0.03429,0,0
LRC.V,D,20200507,000000,0.03429,0.03564,0.03275,0.0337,0,0
LRC.V,D,20200508,000000,0.0337,0.03694,0.033,0.03534,0,0
LRC.V,D,20200509,000000,0.03535,0.03596,0.0339,0.03526,0,0
LRC.V,D,20200510,000000,0.03526,0.0355,0.03,0.03089,0,0
LRC.V,D,20200511,000000,0.03088,0.0329,0.03032,0.03105,0,0
LRC.V,D,20200512,000000,0.03114,0.03329,0.03085,0.03238,0,0
LRC.V,D,20200513,000000,0.03247,0.03547,0.03247,0.03492,0,0
LRC.V,D,20200514,000000,0.03501,0.0442,0.03427,0.03717,0,0
LRC.V,D,20200515,000000,0.03716,0.03992,0.03641,0.03766,0,0
LRC.V,D,20200516,000000,0.03767,0.03895,0.03618,0.03753,0,0
LRC.V,D,20200517,000000,0.03753,0.0382,0.03687,0.03768,0,0
LRC.V,D,20200518,000000,0.03768,0.04195,0.03718,0.04116,0,0
LRC.V,D,20200519,000000,0.04106,0.04273,0.03902,0.03961,0,0
LRC.V,D,20200520,000000,0.03971,0.04152,0.03913,0.03982,0,0
LRC.V,D,20200521,000000,0.03982,0.0402,0.03788,0.03905,0,0
LRC.V,D,20200522,000000,0.03896,0.04253,0.03871,0.04198,0,0
LRC.V,D,20200523,000000,0.04216,0.04317,0.04061,0.04116,0,0
LRC.V,D,20200524,000000,0.04116,0.04324,0.04062,0.04193,0,0
LRC.V,D,20200525,000000,0.04212,0.04296,0.04061,0.04281,0,0
LRC.V,D,20200526,000000,0.04282,0.04823,0.04264,0.04327,0,0
LRC.V,D,20200527,000000,0.04335,0.04455,0.04307,0.04352,0,0
LRC.V,D,20200528,000000,0.04352,0.04426,0.04302,0.0438,0,0
LRC.V,D,20200529,000000,0.04398,0.04728,0.04368,0.04639,0,0
LRC.V,D,20200530,000000,0.0464,0.05181,0.04617,0.04969,0,0
LRC.V,D,20200531,000000,0.04969,0.05085,0.04848,0.04864,0,0
LRC.V,D,20200601,000000,0.04864,0.05532,0.04805,0.05502,0,0
LRC.V,D,20200602,000000,0.05493,0.06537,0.05251,0.05581,0,0
LRC.V,D,20200603,000000,0.05581,0.06597,0.05578,0.06498,0,0
LRC.V,D,20200604,000000,0.06498,0.07327,0.06363,0.07245,0,0
LRC.V,D,20200605,000000,0.07245,0.07376,0.06193,0.06299,0,0
LRC.V,D,20200606,000000,0.063,0.06936,0.06247,0.06864,0,0
LRC.V,D,20200607,000000,0.06874,0.1093,0.06842,0.08433,0,0
LRC.V,D,20200608,000000,0.08423,0.09048,0.08014,0.08266,0,0
LRC.V,D,20200609,000000,0.08255,0.0946,0.07969,0.08585,0,0
LRC.V,D,20200610,000000,0.08585,0.1082,0.08525,0.1079,0,0
LRC.V,D,20200611,000000,0.1082,0.1152,0.08719,0.08959,0,0
LRC.V,D,20200612,000000,0.08944,0.1045,0.08076,0.1029,0,0
LRC.V,D,20200613,000000,0.1032,0.1126,0.1011,0.1012,0,0
LRC.V,D,20200614,000000,0.1014,0.105,0.0936,0.09554,0,0
LRC.V,D,20200615,000000,0.09555,0.09633,0.08172,0.09371,0,0
LRC.V,D,20200616,000000,0.09362,0.09593,0.08945,0.09099,0,0
LRC.V,D,20200617,000000,0.09069,0.09257,0.08765,0.08939,0,0
LRC.V,D,20200618,000000,0.08939,0.09494,0.08876,0.0903,0,0
LRC.V,D,20200619,000000,0.09028,0.09508,0.08785,0.09352,0,0
LRC.V,D,20200620,000000,0.09353,0.09455,0.08851,0.08984,0,0
LRC.V,D,20200621,000000,0.08984,0.0916,0.08954,0.09011,0,0
LRC.V,D,20200622,000000,0.09039,0.09169,0.08323,0.08605,0,0
LRC.V,D,20200623,000000,0.08643,0.08772,0.08417,0.08569,0,0
LRC.V,D,20200624,000000,0.08529,0.08583,0.07861,0.07959,0,0
LRC.V,D,20200625,000000,0.07968,0.08024,0.07553,0.0759,0,0
LRC.V,D,20200626,000000,0.0759,0.08835,0.07553,0.08661,0,0
LRC.V,D,20200627,000000,0.08671,0.08704,0.07213,0.07637,0,0
LRC.V,D,20200628,000000,0.07664,0.07812,0.07293,0.07692,0,0
LRC.V,D,20200629,000000,0.07692,0.07697,0.07172,0.07462,0,0
LRC.V,D,20200630,000000,0.07461,0.0778,0.07358,0.07358,0,0
LRC.V,D,20200701,000000,0.07358,0.08061,0.07323,0.0782,0,0
LRC.V,D,20200702,000000,0.0782,0.08936,0.07794,0.08283,0,0
LRC.V,D,20200703,000000,0.08273,0.08971,0.08245,0.089,0,0
LRC.V,D,20200704,000000,0.08882,0.1097,0.08875,0.1004,0,0
LRC.V,D,20200705,000000,0.1005,0.1134,0.09878,0.09998,0,0
LRC.V,D,20200706,000000,0.1001,0.1099,0.09523,0.0986,0,0
LRC.V,D,20200707,000000,0.09855,0.1014,0.09641,0.09887,0,0
LRC.V,D,20200708,000000,0.09885,0.1043,0.09407,0.09878,0,0
LRC.V,D,20200709,000000,0.09879,0.1017,0.09144,0.09272,0,0
LRC.V,D,20200710,000000,0.09291,0.09663,0.09079,0.09548,0,0
LRC.V,D,20200711,000000,0.09552,0.1063,0.09539,0.1056,0,0
LRC.V,D,20200712,000000,0.1056,0.106,0.09797,0.105,0,0
LRC.V,D,20200713,000000,0.105,0.1614,0.1021,0.1291,0,0
LRC.V,D,20200714,000000,0.1288,0.1348,0.1203,0.1242,0,0
LRC.V,D,20200715,000000,0.1242,0.1362,0.1211,0.1261,0,0
LRC.V,D,20200716,000000,0.1261,0.1271,0.1097,0.12,0,0
LRC.V,D,20200717,000000,0.1199,0.1358,0.1146,0.1316,0,0
LRC.V,D,20200718,000000,0.132,0.1422,0.1241,0.1378,0,0
LRC.V,D,20200719,000000,0.1378,0.1386,0.1273,0.1332,0,0
LRC.V,D,20200720,000000,0.1332,0.1373,0.1202,0.1237,0,0
LRC.V,D,20200721,000000,0.1235,0.1275,0.1195,0.1206,0,0
LRC.V,D,20200722,000000,0.1204,0.1279,0.12,0.126,0,0
LRC.V,D,20200723,000000,0.126,0.1297,0.1229,0.128,0,0
LRC.V,D,20200724,000000,0.128,0.128,0.1172,0.1193,0,0
LRC.V,D,20200725,000000,0.1193,0.1227,0.1152,0.1154,0,0
LRC.V,D,20200726,000000,0.1155,0.1177,0.106,0.1107,0,0
LRC.V,D,20200727,000000,0.1107,0.111,0.09322,0.09843,0,0
LRC.V,D,20200728,000000,0.09819,0.1171,0.09691,0.1126,0,0
LRC.V,D,20200729,000000,0.1125,0.1153,0.1055,0.1079,0,0
