<TICKER>,<PER>,<DATE>,<TIME>,<OPEN>,<HIGH>,<LOW>,<CLOSE>,<VOL>,<OPENINT>
LSK.V,D,20170222,000000,0.1372,0.159,0.1352,0.1396,0,0
LSK.V,D,20170223,000000,0.1396,0.1468,0.125,0.1452,0,0
LSK.V,D,20170224,000000,0.1452,0.1463,0.1369,0.141,0,0
LSK.V,D,20170225,000000,0.141,0.1513,0.1369,0.1406,0,0
LSK.V,D,20170226,000000,0.1406,0.152,0.139,0.1476,0,0
LSK.V,D,20170227,000000,0.1476,0.17,0.1393,0.1514,0,0
LSK.V,D,20170228,000000,0.1514,0.1582,0.12,0.1422,0,0
LSK.V,D,20170301,000000,0.1422,0.1506,0.11,0.133,0,0
LSK.V,D,20170302,000000,0.133,0.18,0.07677,0.18,0,0
LSK.V,D,20170303,000000,0.18,0.19,0.1285,0.1428,0,0
LSK.V,D,20170304,000000,0.1428,0.1606,0.1279,0.1315,0,0
LSK.V,D,20170305,000000,0.1315,0.144,0.1,0.1,0,0
LSK.V,D,20170306,000000,0.1,0.15,0.08599,0.1087,0,0
LSK.V,D,20170307,000000,0.1087,0.1288,0.1071,0.1199,0,0
LSK.V,D,20170308,000000,0.1199,0.145,0.117,0.1217,0,0
LSK.V,D,20170309,000000,0.1217,0.1328,0.09414,0.11,0,0
LSK.V,D,20170310,000000,0.11,0.1121,0.08646,0.1045,0,0
LSK.V,D,20170311,000000,0.1045,0.1258,0.1045,0.114,0,0
LSK.V,D,20170312,000000,0.114,0.125,0.1026,0.1187,0,0
LSK.V,D,20170313,000000,0.1187,0.1194,0.1154,0.1166,0,0
LSK.V,D,20170314,000000,0.1166,0.18,0.1166,0.158,0,0
LSK.V,D,20170315,000000,0.158,0.1741,0.1467,0.1523,0,0
LSK.V,D,20170316,000000,0.1523,0.2,0.1495,0.1583,0,0
LSK.V,D,20170317,000000,0.1583,0.21,0.1549,0.1847,0,0
LSK.V,D,20170318,000000,0.1847,0.1847,0.158,0.1714,0,0
LSK.V,D,20170319,000000,0.1714,0.21,0.1714,0.187,0,0
LSK.V,D,20170320,000000,0.187,0.25,0.09501,0.25,0,0
LSK.V,D,20170321,000000,0.25,0.44,0.2178,0.44,0,0
LSK.V,D,20170322,000000,0.44,0.44,0.24,0.2518,0,0
LSK.V,D,20170323,000000,0.2518,0.4,0.2423,0.2921,0,0
LSK.V,D,20170324,000000,0.2921,0.34,0.2501,0.3026,0,0
LSK.V,D,20170325,000000,0.3026,0.333,0.2501,0.2826,0,0
LSK.V,D,20170326,000000,0.2826,0.2984,0.26,0.2852,0,0
LSK.V,D,20170327,000000,0.2852,0.3,0.2766,0.2834,0,0
LSK.V,D,20170328,000000,0.2834,0.2904,0.2678,0.2798,0,0
LSK.V,D,20170329,000000,0.2798,0.337,0.2798,0.337,0,0
LSK.V,D,20170330,000000,0.337,0.3795,0.3319,0.3497,0,0
LSK.V,D,20170331,000000,0.3497,0.3867,0.3,0.3642,0,0
LSK.V,D,20170401,000000,0.3642,0.3879,0.3,0.3424,0,0
LSK.V,D,20170402,000000,0.3424,0.44,0.25,0.3106,0,0
LSK.V,D,20170403,000000,0.3106,0.3301,0.25,0.25,0,0
LSK.V,D,20170404,000000,0.25,0.325,0.25,0.2836,0,0
LSK.V,D,20170405,000000,0.2836,0.324,0.2772,0.2921,0,0
LSK.V,D,20170406,000000,0.2921,0.3027,0.2315,0.2325,0,0
LSK.V,D,20170407,000000,0.2325,0.33,0.2272,0.2558,0,0
LSK.V,D,20170408,000000,0.2558,0.2775,0.2346,0.2692,0,0
LSK.V,D,20170409,000000,0.2692,0.315,0.2692,0.2692,0,0
LSK.V,D,20170410,000000,0.2692,0.2966,0.2671,0.2759,0,0
LSK.V,D,20170411,000000,0.2759,0.2853,0.2529,0.2575,0,0
LSK.V,D,20170412,000000,0.2575,0.2709,0.2548,0.2651,0,0
LSK.V,D,20170413,000000,0.2651,0.2973,0.2534,0.2805,0,0
LSK.V,D,20170414,000000,0.2805,0.2859,0.2079,0.268,0,0
LSK.V,D,20170415,000000,0.268,0.3148,0.2246,0.2834,0,0
LSK.V,D,20170416,000000,0.2834,0.3339,0.2418,0.3173,0,0
LSK.V,D,20170417,000000,0.3173,0.328,0.3062,0.325,0,0
LSK.V,D,20170418,000000,0.325,0.3291,0.3137,0.319,0,0
LSK.V,D,20170419,000000,0.319,0.41,0.313,0.3723,0,0
LSK.V,D,20170420,000000,0.3723,0.3866,0.3502,0.3784,0,0
LSK.V,D,20170421,000000,0.3784,0.3845,0.3676,0.3771,0,0
LSK.V,D,20170422,000000,0.3771,0.41,0.37,0.37,0,0
LSK.V,D,20170423,000000,0.37,0.4208,0.37,0.3857,0,0
LSK.V,D,20170424,000000,0.3857,0.3879,0.3619,0.38,0,0
LSK.V,D,20170425,000000,0.38,0.3891,0.3641,0.3891,0,0
LSK.V,D,20170426,000000,0.3891,0.5144,0.3846,0.5082,0,0
LSK.V,D,20170427,000000,0.5082,0.5294,0.4984,0.5125,0,0
LSK.V,D,20170428,000000,0.5125,0.5302,0.4508,0.5129,0,0
LSK.V,D,20170429,000000,0.5129,0.5325,0.499,0.5065,0,0
LSK.V,D,20170430,000000,0.5065,0.6395,0.4992,0.6395,0,0
LSK.V,D,20170501,000000,0.6395,0.6395,0.2918,0.42,0,0
LSK.V,D,20170502,000000,0.42,0.5499,0.42,0.5499,0,0
LSK.V,D,20170503,000000,0.5499,0.5499,0.4567,0.4901,0,0
LSK.V,D,20170504,000000,0.4901,0.5543,0.466,0.5516,0,0
LSK.V,D,20170505,000000,0.5516,0.69,0.536,0.69,0,0
LSK.V,D,20170506,000000,0.69,0.69,0.5502,0.5502,0,0
LSK.V,D,20170507,000000,0.5502,0.6392,0.5502,0.6157,0,0
LSK.V,D,20170508,000000,0.6157,0.641,0.5553,0.6392,0,0
LSK.V,D,20170509,000000,0.6392,0.6392,0.4405,0.4964,0,0
LSK.V,D,20170510,000000,0.4964,0.5296,0.4929,0.4993,0,0
LSK.V,D,20170511,000000,0.4993,0.5248,0.4993,0.5183,0,0
LSK.V,D,20170512,000000,0.5183,0.5183,0.5183,0.5183,0,0
LSK.V,D,20170513,000000,0.5183,0.6176,0.5183,0.5567,0,0
LSK.V,D,20170514,000000,0.5567,0.605,0.5375,0.5655,0,0
LSK.V,D,20170515,000000,0.5655,1.2,0.5214,0.575,0,0
LSK.V,D,20170516,000000,0.575,0.5898,0.5219,0.5219,0,0
LSK.V,D,20170517,000000,0.5219,0.5841,0.5052,0.5109,0,0
LSK.V,D,20170518,000000,0.5109,0.8152,0.5055,0.8152,0,0
LSK.V,D,20170519,000000,0.8152,1,0.6807,0.8037,0,0
LSK.V,D,20170520,000000,0.8037,0.87,0.7,0.7661,0,0
LSK.V,D,20170521,000000,0.7661,1.18,0.7004,0.8216,0,0
LSK.V,D,20170522,000000,0.8216,0.9867,0.7739,0.7985,0,0
LSK.V,D,20170523,000000,0.7985,0.9,0.7734,0.9,0,0
LSK.V,D,20170524,000000,0.9,3,0.8717,1.02,0,0
LSK.V,D,20170525,000000,1.02,1.71,1.02,1.23,0,0
LSK.V,D,20170526,000000,1.23,1.27,1.18,1.27,0,0
LSK.V,D,20170527,000000,0.8825,1.01,0.7501,0.9693,0,0
LSK.V,D,20170528,000000,0.9693,1.25,0.9693,1.1,0,0
LSK.V,D,20170529,000000,1.1,1.27,1.01,1.27,0,0
LSK.V,D,20170530,000000,1.27,1.52,1.06,1.48,0,0
LSK.V,D,20170531,000000,1.48,1.48,1.16,1.16,0,0
LSK.V,D,20170601,000000,1.16,1.35,1.16,1.32,0,0
LSK.V,D,20170602,000000,1.28,1.4,1.19,1.27,0,0
LSK.V,D,20170603,000000,1.27,1.56,1.24,1.36,0,0
LSK.V,D,20170604,000000,1.36,1.36,1.26,1.32,0,0
LSK.V,D,20170605,000000,1.64,1.9,1.32,1.82,0,0
LSK.V,D,20170606,000000,1.82,1.9,1.67,1.71,0,0
LSK.V,D,20170607,000000,1.71,3,1.71,2.3,0,0
LSK.V,D,20170608,000000,2.3,3,2.3,3,0,0
LSK.V,D,20170609,000000,3,3.7,2.72,3.7,0,0
LSK.V,D,20170610,000000,3.7,4.7,3.7,4.5,0,0
LSK.V,D,20170611,000000,4.5,4.5,3.15,3.85,0,0
LSK.V,D,20170612,000000,3.85,4,2.9,3.34,0,0
LSK.V,D,20170613,000000,3.34,3.91,3.2,3.66,0,0
LSK.V,D,20170614,000000,3.66,3.85,3.26,3.26,0,0
LSK.V,D,20170615,000000,3.26,3.43,2.53,3.27,0,0
LSK.V,D,20170616,000000,3.27,3.55,2.6,3.29,0,0
LSK.V,D,20170617,000000,3.29,3.29,2.87,3,0,0
LSK.V,D,20170618,000000,3,3.99,3,3.9,0,0
LSK.V,D,20170619,000000,3.9,3.9,3.2,3.33,0,0
LSK.V,D,20170620,000000,3.33,3.75,3.26,3.44,0,0
LSK.V,D,20170621,000000,3.44,3.61,3.3,3.34,0,0
LSK.V,D,20170622,000000,3.3,3.44,3.2,3.44,0,0
LSK.V,D,20170623,000000,3.44,3.44,3.2,3.27,0,0
LSK.V,D,20170624,000000,3.27,3.42,3.21,3.22,0,0
LSK.V,D,20170625,000000,3.22,3.41,3.02,3.18,0,0
LSK.V,D,20170626,000000,3.18,3.28,2.6,2.78,0,0
LSK.V,D,20170627,000000,2.78,2.85,2.3,2.63,0,0
LSK.V,D,20170628,000000,2.63,3.25,2.49,2.8,0,0
LSK.V,D,20170629,000000,2.8,3.02,2.71,2.84,0,0
LSK.V,D,20170630,000000,2.84,3,2.5,2.59,0,0
LSK.V,D,20170701,000000,2.59,2.67,2.31,2.47,0,0
LSK.V,D,20170702,000000,2.47,2.67,2.21,2.56,0,0
LSK.V,D,20170703,000000,2.56,2.66,2.29,2.42,0,0
LSK.V,D,20170704,000000,2.42,2.69,2.32,2.59,0,0
LSK.V,D,20170705,000000,2.59,2.64,2.37,2.49,0,0
LSK.V,D,20170706,000000,2.49,2.79,2.44,2.68,0,0
LSK.V,D,20170707,000000,2.68,2.68,2.42,2.42,0,0
LSK.V,D,20170708,000000,2.42,2.46,2.2,2.39,0,0
LSK.V,D,20170709,000000,2.39,2.46,2.02,2.11,0,0
LSK.V,D,20170710,000000,2.11,2.2,1.79,1.79,0,0
LSK.V,D,20170711,000000,1.79,1.85,1.36,1.42,0,0
LSK.V,D,20170712,000000,1.42,2.02,1.42,1.96,0,0
LSK.V,D,20170713,000000,1.96,2,1.63,1.82,0,0
LSK.V,D,20170714,000000,1.82,1.95,1.4,1.72,0,0
LSK.V,D,20170715,000000,1.72,1.76,1.42,1.55,0,0
LSK.V,D,20170716,000000,1.55,1.58,1.21,1.31,0,0
LSK.V,D,20170717,000000,1.31,1.69,1.28,1.69,0,0
LSK.V,D,20170718,000000,1.69,1.78,1.43,1.68,0,0
LSK.V,D,20170719,000000,1.68,1.9,1.47,1.59,0,0
LSK.V,D,20170720,000000,1.59,1.8,1.41,1.72,0,0
LSK.V,D,20170721,000000,1.72,2,1.72,1.85,0,0
LSK.V,D,20170722,000000,1.85,2.32,1.81,2.22,0,0
LSK.V,D,20170723,000000,2.22,2.22,1.94,2.13,0,0
LSK.V,D,20170724,000000,2.13,2.21,2.02,2.21,0,0
LSK.V,D,20170725,000000,2.21,2.49,1.98,2.01,0,0
LSK.V,D,20170726,000000,2.01,2.42,1.84,1.88,0,0
LSK.V,D,20170727,000000,1.88,2.16,1.87,1.92,0,0
LSK.V,D,20170728,000000,1.92,1.99,1.74,1.74,0,0
LSK.V,D,20170729,000000,1.74,1.92,1.72,1.81,0,0
LSK.V,D,20170730,000000,1.81,1.94,1.73,1.83,0,0
LSK.V,D,20170731,000000,1.83,1.9,1.73,1.86,0,0
LSK.V,D,20170801,000000,1.86,2.16,1.74,2.09,0,0
LSK.V,D,20170802,000000,2.09,2.15,2,2.09,0,0
LSK.V,D,20170803,000000,2.09,2.23,2.01,2.18,0,0
LSK.V,D,20170804,000000,2.18,2.25,2.06,2.1,0,0
LSK.V,D,20170805,000000,2.1,2.12,2,2.11,0,0
LSK.V,D,20170806,000000,2.11,2.15,2.02,2.11,0,0
LSK.V,D,20170807,000000,2.11,2.15,1.84,2,0,0
LSK.V,D,20170808,000000,2,2.3,1.93,2.26,0,0
LSK.V,D,20170809,000000,2.26,2.48,2.2,2.2,0,0
LSK.V,D,20170810,000000,2.29,2.34,2.19,2.32,0,0
LSK.V,D,20170811,000000,2.32,2.32,2.13,2.2,0,0
LSK.V,D,20170812,000000,2.2,2.2,2.2,2.2,0,0
LSK.V,D,20170813,000000,2.2,2.29,2.05,2.24,0,0
LSK.V,D,20170814,000000,2.24,2.32,2.12,2.32,0,0
LSK.V,D,20170815,000000,2.32,2.4,2.07,2.07,0,0
LSK.V,D,20170816,000000,2.07,2.2,2.07,2.11,0,0
LSK.V,D,20170817,000000,2.11,2.12,2.05,2.05,0,0
LSK.V,D,20170818,000000,2.05,2.09,2,2,0,0
LSK.V,D,20170819,000000,2,2.3,1.96,2.3,0,0
LSK.V,D,20170820,000000,2.3,3.59,2.23,3,0,0
LSK.V,D,20170821,000000,3,3.36,2.71,2.83,0,0
LSK.V,D,20170822,000000,2.83,3.22,2.7,3.12,0,0
LSK.V,D,20170823,000000,3.12,3.27,2.76,3.08,0,0
LSK.V,D,20170824,000000,3.08,4.29,2.99,3.79,0,0
LSK.V,D,20170825,000000,3.79,4.64,3.16,4.3,0,0
LSK.V,D,20170826,000000,4.3,6.31,4.3,5.99,0,0
LSK.V,D,20170827,000000,5.99,8.83,5.37,7.74,0,0
LSK.V,D,20170828,000000,7.74,7.98,6,6.54,0,0
LSK.V,D,20170829,000000,6.54,7.36,5.63,5.97,0,0
LSK.V,D,20170830,000000,5.97,6.78,5.6,6.24,0,0
LSK.V,D,20170831,000000,6.24,7.07,5.84,7.04,0,0
LSK.V,D,20170901,000000,7.04,8.97,7.04,7.75,0,0
LSK.V,D,20170902,000000,7.75,8.13,6.93,6.95,0,0
LSK.V,D,20170903,000000,6.95,7.8,6.67,7.8,0,0
LSK.V,D,20170904,000000,7.09,7.8,6,6.75,0,0
LSK.V,D,20170905,000000,6.75,7.4,5.89,6.7,0,0
LSK.V,D,20170906,000000,6.7,7.62,6.04,7.56,0,0
LSK.V,D,20170907,000000,7.56,8,7.33,7.83,0,0
LSK.V,D,20170908,000000,7.83,9.89,7.11,7.66,0,0
LSK.V,D,20170909,000000,7.66,7.89,7.36,7.71,0,0
LSK.V,D,20170910,000000,7.38,8.98,7.22,7.46,0,0
LSK.V,D,20170911,000000,7.46,8,6.96,7.46,0,0
LSK.V,D,20170912,000000,7.46,7.89,6.84,7.64,0,0
LSK.V,D,20170913,000000,7.64,7.65,6.51,7.07,0,0
LSK.V,D,20170914,000000,7.07,7.39,3.02,5.19,0,0
LSK.V,D,20170915,000000,5.19,6.2,4.51,6.18,0,0
LSK.V,D,20170916,000000,6.18,6.86,5.6,5.96,0,0
LSK.V,D,20170917,000000,5.96,6.13,5.47,5.99,0,0
LSK.V,D,20170918,000000,5.99,6.88,5.74,6.85,0,0
LSK.V,D,20170919,000000,6.85,6.88,6.22,6.47,0,0
LSK.V,D,20170920,000000,6.4,6.65,6.02,6.02,0,0
LSK.V,D,20170921,000000,6.02,6.55,5.65,6,0,0
LSK.V,D,20170922,000000,6,6.72,5.76,6,0,0
LSK.V,D,20170923,000000,6.32,6.41,6,6.22,0,0
LSK.V,D,20170924,000000,6.2,6.34,5.94,5.95,0,0
LSK.V,D,20170925,000000,5.95,6.24,5.87,6.14,0,0
LSK.V,D,20170926,000000,6.14,7.5,6.11,6.13,0,0
LSK.V,D,20170927,000000,6.43,6.52,6.02,6.46,0,0
LSK.V,D,20170928,000000,6.4,6.53,6.02,6.2,0,0
LSK.V,D,20170929,000000,6.2,6.24,5.78,5.96,0,0
LSK.V,D,20170930,000000,6.18,6.18,5.86,5.97,0,0
LSK.V,D,20171001,000000,5.97,5.99,5.7,5.7,0,0
LSK.V,D,20171002,000000,5.67,5.68,5.46,5.49,0,0
LSK.V,D,20171003,000000,5.49,5.77,5.36,5.6,0,0
LSK.V,D,20171004,000000,5.49,5.75,5.31,5.64,0,0
LSK.V,D,20171005,000000,5.64,5.64,5.37,5.52,0,0
LSK.V,D,20171006,000000,5.51,5.84,5.36,5.52,0,0
LSK.V,D,20171007,000000,5.52,5.52,5.04,5.14,0,0
LSK.V,D,20171008,000000,5.33,5.33,4.58,4.74,0,0
LSK.V,D,20171009,000000,4.67,5.09,4.63,4.74,0,0
LSK.V,D,20171010,000000,4.7,5.07,4.39,4.74,0,0
LSK.V,D,20171011,000000,4.9,5.5,4.72,5.43,0,0
LSK.V,D,20171012,000000,5.07,5.28,4.85,5.11,0,0
LSK.V,D,20171013,000000,5.29,5.29,4.39,4.75,0,0
LSK.V,D,20171014,000000,4.75,4.79,4.5,4.55,0,0
LSK.V,D,20171015,000000,4.55,4.67,4.44,4.48,0,0
LSK.V,D,20171016,000000,4.62,4.87,4.62,4.82,0,0
LSK.V,D,20171017,000000,4.82,4.93,4.77,4.86,0,0
LSK.V,D,20171018,000000,5,5.03,4.81,4.96,0,0
LSK.V,D,20171019,000000,4.99,5.03,4.88,4.97,0,0
LSK.V,D,20171020,000000,4.97,4.97,4.97,4.97,0,0
LSK.V,D,20171021,000000,4.46,4.7,4.41,4.68,0,0
LSK.V,D,20171022,000000,4.58,4.78,4.53,4.71,0,0
LSK.V,D,20171023,000000,4.73,4.73,4.4,4.59,0,0
LSK.V,D,20171024,000000,4.59,5.2,4.42,4.8,0,0
LSK.V,D,20171025,000000,5.2,5.46,5.15,5.24,0,0
LSK.V,D,20171026,000000,5.23,5.4,5.02,5.32,0,0
LSK.V,D,20171027,000000,5.01,5.19,4.8,5.13,0,0
LSK.V,D,20171028,000000,5.13,5.19,4.83,4.83,0,0
LSK.V,D,20171029,000000,4.95,4.95,4.67,4.67,0,0
LSK.V,D,20171030,000000,4.68,4.68,4.51,4.53,0,0
LSK.V,D,20171031,000000,4.53,4.82,4.53,4.65,0,0
LSK.V,D,20171101,000000,4.65,4.65,4.52,4.59,0,0
LSK.V,D,20171102,000000,4.59,4.59,3.8,4.05,0,0
LSK.V,D,20171103,000000,4.28,4.33,4.03,4.33,0,0
LSK.V,D,20171104,000000,4.33,4.69,4.25,4.34,0,0
LSK.V,D,20171105,000000,4.34,4.43,4.26,4.36,0,0
LSK.V,D,20171106,000000,4.36,4.63,4.28,4.54,0,0
LSK.V,D,20171107,000000,4.54,4.8,4.37,4.8,0,0
LSK.V,D,20171108,000000,4.8,6.2,4.8,6.2,0,0
LSK.V,D,20171109,000000,6.2,6.25,6.2,6.25,0,0
LSK.V,D,20171110,000000,6.25,6.38,5.1,5.1,0,0
LSK.V,D,20171111,000000,5.1,6.1,5.1,5.96,0,0
LSK.V,D,20171112,000000,5.96,6.07,5.21,5.36,0,0
LSK.V,D,20171113,000000,5.23,6.23,5.23,5.5,0,0
LSK.V,D,20171114,000000,5.5,7.3,5.5,7.06,0,0
LSK.V,D,20171115,000000,7.06,8.19,6.86,8.1,0,0
LSK.V,D,20171116,000000,8.1,10.4,8.1,9.5,0,0
LSK.V,D,20171117,000000,9.6,9.6,8.17,8.89,0,0
LSK.V,D,20171118,000000,8.89,9.12,8.37,9.09,0,0
LSK.V,D,20171119,000000,9.09,10.02,9.09,10.02,0,0
LSK.V,D,20171120,000000,10.02,10.38,9.45,9.45,0,0
LSK.V,D,20171121,000000,9.45,9.98,9.1,9.98,0,0
LSK.V,D,20171122,000000,9.98,10.85,8.1,8.86,0,0
LSK.V,D,20171123,000000,8.86,9,7.6,7.82,0,0
LSK.V,D,20171124,000000,7.82,8.42,7.45,7.67,0,0
LSK.V,D,20171125,000000,7.67,8.2,7.67,8.05,0,0
LSK.V,D,20171126,000000,8.05,8.06,7.3,7.3,0,0
LSK.V,D,20171127,000000,7.3,8,7.3,7.95,0,0
LSK.V,D,20171128,000000,7.95,8.4,7.75,7.8,0,0
LSK.V,D,20171129,000000,7.8,7.99,6.8,7.01,0,0
LSK.V,D,20171130,000000,7.01,7.71,6.92,7,0,0
LSK.V,D,20171201,000000,7,7.99,7,7.64,0,0
LSK.V,D,20171202,000000,7.64,7.8,7.44,7.55,0,0
LSK.V,D,20171203,000000,7.55,7.8,7.55,7.55,0,0
LSK.V,D,20171204,000000,7.46,7.8,7.46,7.8,0,0
LSK.V,D,20171205,000000,7.8,10.26,7.8,9.61,0,0
LSK.V,D,20171206,000000,9.61,10.2,9.1,9.3,0,0
LSK.V,D,20171207,000000,9.3,9.33,7.5,8.2,0,0
LSK.V,D,20171208,000000,8.2,8.21,7.28,8.2,0,0
LSK.V,D,20171209,000000,8.2,8.63,8.01,8.25,0,0
LSK.V,D,20171210,000000,8.25,8.39,7.72,7.87,0,0
LSK.V,D,20171211,000000,7.87,8.47,7.87,8,0,0
LSK.V,D,20171212,000000,8,8.39,8,8.28,0,0
LSK.V,D,20171213,000000,8.28,9.99,8.27,9.21,0,0
LSK.V,D,20171214,000000,9.82,10.69,9.36,10.61,0,0
LSK.V,D,20171215,000000,10.61,10.61,9.26,9.91,0,0
LSK.V,D,20171216,000000,9.91,10.65,9.82,10,0,0
LSK.V,D,20171217,000000,10,14.5,10,13,0,0
LSK.V,D,20171218,000000,13,17,13,16,0,0
LSK.V,D,20171219,000000,16,18.02,16,16.6,0,0
LSK.V,D,20171220,000000,16.6,21,15.55,18.81,0,0
LSK.V,D,20171221,000000,18.81,29,18.81,25,0,0
LSK.V,D,20171222,000000,25,25,16,21.7,0,0
LSK.V,D,20171223,000000,21.3,22.87,20,20,0,0
LSK.V,D,20171224,000000,20,21.4,18.2,21,0,0
LSK.V,D,20171225,000000,21,21.51,20.01,21.35,0,0
LSK.V,D,20171226,000000,21.35,27.38,21.35,24.6,0,0
LSK.V,D,20171227,000000,24.6,25.3,24.23,24.27,0,0
LSK.V,D,20171228,000000,24.27,26.45,22.03,23.9,0,0
LSK.V,D,20171229,000000,23.9,23.96,22.53,22.53,0,0
LSK.V,D,20171230,000000,22.53,23.21,19.89,19.93,0,0
LSK.V,D,20171231,000000,19.93,20.97,19.93,20.73,0,0
LSK.V,D,20180101,000000,20.73,22.7,20.66,22.36,0,0
LSK.V,D,20180102,000000,22.36,22.79,21.82,22.79,0,0
LSK.V,D,20180103,000000,22.79,22.79,21.15,21.62,0,0
LSK.V,D,20180104,000000,21.62,23.99,21.15,21.61,0,0
LSK.V,D,20180105,000000,21.61,28.21,21.61,24.37,0,0
LSK.V,D,20180106,000000,24.37,28.2,24.37,26.4,0,0
LSK.V,D,20180107,000000,26.4,41.81,26.4,40.12,0,0
LSK.V,D,20180108,000000,40.12,40.12,31.46,33.24,0,0
LSK.V,D,20180109,000000,33.24,38.19,32.16,32.17,0,0
LSK.V,D,20180110,000000,32.15,36.14,30,32.1,0,0
LSK.V,D,20180111,000000,32.1,32.1,27.05,27.1,0,0
LSK.V,D,20180112,000000,27.1,32.63,26.75,31.71,0,0
LSK.V,D,20180113,000000,31.71,32.44,30.49,30.53,0,0
LSK.V,D,20180114,000000,30.53,31.64,28.78,29.8,0,0
LSK.V,D,20180115,000000,29.8,32.17,29.5,30.62,0,0
LSK.V,D,20180116,000000,30.62,30.79,17.82,23.99,0,0
LSK.V,D,20180117,000000,23.99,25.58,18.37,19.2,0,0
LSK.V,D,20180118,000000,19.2,28.67,19.2,27.3,0,0
LSK.V,D,20180119,000000,26.35,26.6,23.71,25.16,0,0
LSK.V,D,20180120,000000,25.16,26.62,22.83,25.16,0,0
LSK.V,D,20180121,000000,25.47,27.54,21.1,22,0,0
LSK.V,D,20180122,000000,22,22.8,19.11,20.93,0,0
LSK.V,D,20180123,000000,20.93,24.19,19.94,23.17,0,0
LSK.V,D,20180124,000000,23.17,27.03,21.31,24,0,0
LSK.V,D,20180125,000000,22.31,24.12,21.51,23.16,0,0
LSK.V,D,20180126,000000,23.16,24.88,19,22.98,0,0
LSK.V,D,20180127,000000,22.65,23.62,20.77,23.62,0,0
LSK.V,D,20180128,000000,23.62,24.68,23.02,23.67,0,0
LSK.V,D,20180129,000000,23.67,23.95,22.51,22.55,0,0
LSK.V,D,20180130,000000,22.55,24.45,20.89,23.75,0,0
LSK.V,D,20180131,000000,23.75,31.91,21.13,27,0,0
LSK.V,D,20180201,000000,27,27.2,21.41,22.4,0,0
LSK.V,D,20180202,000000,22.4,22.73,16.59,20.99,0,0
LSK.V,D,20180203,000000,20.99,25.86,20.09,23.16,0,0
LSK.V,D,20180204,000000,23.16,24.89,19.11,20.35,0,0
LSK.V,D,20180205,000000,20.35,22.89,15.07,15.87,0,0
LSK.V,D,20180206,000000,15.87,18.22,12.34,17.81,0,0
LSK.V,D,20180207,000000,17.81,22.27,16.57,19.47,0,0
LSK.V,D,20180208,000000,19.47,24.44,18.2,23.26,0,0
LSK.V,D,20180209,000000,23.26,27.71,22.52,25.97,0,0
LSK.V,D,20180210,000000,25.97,30.77,25.25,26.69,0,0
LSK.V,D,20180211,000000,26.69,27.14,23.34,26.48,0,0
LSK.V,D,20180212,000000,26.48,28.86,25.37,27.23,0,0
LSK.V,D,20180213,000000,27.23,28.45,24.28,24.77,0,0
LSK.V,D,20180214,000000,24.72,28.41,24.68,28.29,0,0
LSK.V,D,20180215,000000,28.29,31.95,27.76,31.58,0,0
LSK.V,D,20180216,000000,31.58,32.46,30.66,32.03,0,0
LSK.V,D,20180217,000000,32.03,35.77,31.09,31.24,0,0
LSK.V,D,20180218,000000,31.24,32.89,28.01,29.4,0,0
LSK.V,D,20180219,000000,29.4,32.41,29.1,29.76,0,0
LSK.V,D,20180220,000000,29.76,31.85,26.32,26.32,0,0
LSK.V,D,20180221,000000,26.32,27.08,22.1,22.82,0,0
LSK.V,D,20180222,000000,22.82,24.8,20.95,21.9,0,0
LSK.V,D,20180223,000000,21.9,24.22,20.5,22.77,0,0
LSK.V,D,20180224,000000,22.77,23.48,20.35,21.39,0,0
LSK.V,D,20180225,000000,21.39,21.48,19.61,20.45,0,0
LSK.V,D,20180226,000000,20.45,21.68,19.53,21.05,0,0
LSK.V,D,20180227,000000,21.05,21.26,19.6,20.54,0,0
LSK.V,D,20180228,000000,20.54,20.6,18.5,18.91,0,0
LSK.V,D,20180301,000000,18.91,21.54,17.93,20.27,0,0
LSK.V,D,20180302,000000,20.27,20.92,18.5,19.45,0,0
LSK.V,D,20180303,000000,19.45,19.79,18.23,18.23,0,0
LSK.V,D,20180304,000000,18.23,19.08,18.05,18.84,0,0
LSK.V,D,20180305,000000,18.84,18.99,18.16,18.88,0,0
LSK.V,D,20180306,000000,18.88,18.88,16.16,16.71,0,0
LSK.V,D,20180307,000000,16.71,17.49,15.05,16.17,0,0
LSK.V,D,20180308,000000,16.17,17.92,15.56,15.6,0,0
LSK.V,D,20180309,000000,15.6,17.36,14.43,16.01,0,0
LSK.V,D,20180310,000000,16.01,16.59,14.73,14.75,0,0
LSK.V,D,20180311,000000,14.75,15.16,14.13,14.89,0,0
LSK.V,D,20180312,000000,14.89,15.57,14.22,14.27,0,0
LSK.V,D,20180313,000000,14.27,14.89,14,14.4,0,0
LSK.V,D,20180314,000000,14.4,14.51,11.85,12.25,0,0
LSK.V,D,20180315,000000,12.25,13,11.23,13,0,0
LSK.V,D,20180316,000000,13,14.56,12.48,13.13,0,0
LSK.V,D,20180317,000000,13.13,13.83,11.99,12.53,0,0
LSK.V,D,20180318,000000,12.53,12.82,10.41,12.52,0,0
LSK.V,D,20180319,000000,12.52,13.38,12.1,12.65,0,0
LSK.V,D,20180320,000000,12.65,14.37,12.56,14.02,0,0
LSK.V,D,20180321,000000,14.02,14.51,13.4,13.77,0,0
LSK.V,D,20180322,000000,13.77,13.81,12.4,12.74,0,0
LSK.V,D,20180323,000000,12.74,12.75,11.8,12.33,0,0
LSK.V,D,20180324,000000,12.33,12.98,12.05,12.93,0,0
LSK.V,D,20180325,000000,12.93,12.93,11.55,12.69,0,0
LSK.V,D,20180326,000000,12.69,12.85,10.69,11.35,0,0
LSK.V,D,20180327,000000,11.35,11.72,10.18,10.57,0,0
LSK.V,D,20180328,000000,10.57,10.69,9.72,10.1,0,0
LSK.V,D,20180329,000000,10.1,10.1,8.26,8.63,0,0
LSK.V,D,20180330,000000,8.63,8.72,7.38,7.84,0,0
LSK.V,D,20180331,000000,7.84,8.77,7.74,7.83,0,0
LSK.V,D,20180401,000000,7.83,8.24,7.08,7.51,0,0
LSK.V,D,20180402,000000,7.51,8.08,7.19,7.92,0,0
LSK.V,D,20180403,000000,7.92,9.92,7.91,9.92,0,0
LSK.V,D,20180404,000000,9.92,10.86,8.04,8.75,0,0
LSK.V,D,20180405,000000,8.75,8.84,7.72,8.65,0,0
LSK.V,D,20180406,000000,8.65,9.23,7.72,8.47,0,0
LSK.V,D,20180407,000000,8.47,9.15,8.33,8.82,0,0
LSK.V,D,20180408,000000,8.82,9.99,8.7,9.33,0,0
LSK.V,D,20180409,000000,9.33,10.25,8.75,8.91,0,0
LSK.V,D,20180410,000000,8.91,9.1,8.7,8.93,0,0
LSK.V,D,20180411,000000,8.93,9.07,8.67,8.87,0,0
LSK.V,D,20180412,000000,8.87,9.94,8.68,9.71,0,0
LSK.V,D,20180413,000000,9.71,10.74,9.61,10.17,0,0
LSK.V,D,20180414,000000,10.17,10.8,9.48,10.44,0,0
LSK.V,D,20180415,000000,10.44,10.94,9.71,10.51,0,0
LSK.V,D,20180416,000000,10.51,11.06,10.01,11,0,0
LSK.V,D,20180417,000000,11,11.48,10.48,10.74,0,0
LSK.V,D,20180418,000000,10.74,11.51,10.29,11.51,0,0
LSK.V,D,20180419,000000,11.51,11.99,11.25,11.89,0,0
LSK.V,D,20180420,000000,11.89,12.78,11.36,12.27,0,0
LSK.V,D,20180421,000000,12.27,12.63,10.92,11.61,0,0
LSK.V,D,20180422,000000,11.61,12.07,11.34,11.87,0,0
LSK.V,D,20180423,000000,11.87,12.67,11.5,12.58,0,0
LSK.V,D,20180424,000000,12.58,13.21,12.38,13.18,0,0
LSK.V,D,20180425,000000,13.18,13.26,10.64,11.52,0,0
LSK.V,D,20180426,000000,11.42,11.6,10.77,11.57,0,0
LSK.V,D,20180427,000000,11.57,11.97,11.05,11.36,0,0
LSK.V,D,20180428,000000,11.36,12,11.23,11.88,0,0
LSK.V,D,20180429,000000,11.88,12.98,11.87,12.81,0,0
LSK.V,D,20180430,000000,12.81,13.53,12.01,13.2,0,0
LSK.V,D,20180501,000000,13.2,13.5,12.17,13.34,0,0
LSK.V,D,20180502,000000,13.34,14.59,13.16,14.17,0,0
LSK.V,D,20180503,000000,14.17,14.63,13.7,14.22,0,0
LSK.V,D,20180504,000000,14.22,14.81,13.58,13.91,0,0
LSK.V,D,20180505,000000,13.91,14.12,13.46,13.64,0,0
LSK.V,D,20180506,000000,13.64,13.71,12.72,13.2,0,0
LSK.V,D,20180507,000000,13.2,13.33,12.21,12.91,0,0
LSK.V,D,20180508,000000,12.91,13.28,11.98,12.43,0,0
LSK.V,D,20180509,000000,12.43,12.48,11.58,11.88,0,0
LSK.V,D,20180510,000000,11.77,13.02,11.41,11.89,0,0
LSK.V,D,20180511,000000,11.89,11.98,9.75,10.62,0,0
LSK.V,D,20180512,000000,10.62,11.68,9.72,10.65,0,0
LSK.V,D,20180513,000000,10.65,11.33,9.99,11,0,0
LSK.V,D,20180514,000000,11,11.71,10.44,11.61,0,0
LSK.V,D,20180515,000000,11.61,11.63,10.56,11.12,0,0
LSK.V,D,20180516,000000,11.12,11.12,9.96,10.4,0,0
LSK.V,D,20180517,000000,10.4,11.18,10.2,10.51,0,0
LSK.V,D,20180518,000000,10.51,10.99,10.01,10.43,0,0
LSK.V,D,20180519,000000,10.43,11.15,10.38,10.86,0,0
LSK.V,D,20180520,000000,10.86,11.55,10.52,11.23,0,0
LSK.V,D,20180521,000000,11.24,11.83,10.79,10.95,0,0
LSK.V,D,20180522,000000,10.95,11.2,9.94,9.94,0,0
LSK.V,D,20180523,000000,9.94,10.01,8.67,9.02,0,0
LSK.V,D,20180524,000000,9.02,10.1,8.76,9.69,0,0
LSK.V,D,20180525,000000,9.69,10.24,9.01,9.87,0,0
LSK.V,D,20180526,000000,9.87,10.01,8.92,9.74,0,0
LSK.V,D,20180527,000000,9.74,9.74,8.73,8.84,0,0
LSK.V,D,20180528,000000,8.83,9.31,8.2,8.45,0,0
LSK.V,D,20180529,000000,8.45,9.29,7.91,9,0,0
LSK.V,D,20180530,000000,9,9.27,8.27,8.37,0,0
LSK.V,D,20180531,000000,8.37,9.32,8.31,8.68,0,0
LSK.V,D,20180601,000000,8.68,9.28,8.45,8.56,0,0
LSK.V,D,20180602,000000,8.56,9.98,8.56,9.54,0,0
LSK.V,D,20180603,000000,9.54,10.37,9.22,9.83,0,0
LSK.V,D,20180604,000000,9.83,10.3,8.97,9.06,0,0
LSK.V,D,20180605,000000,9.06,9.5,8.84,9.11,0,0
LSK.V,D,20180606,000000,9.11,9.46,8.72,8.86,0,0
LSK.V,D,20180607,000000,8.86,9.11,8.64,9,0,0
LSK.V,D,20180608,000000,9,9.09,8.38,8.61,0,0
LSK.V,D,20180609,000000,8.61,8.96,8.44,8.5,0,0
LSK.V,D,20180610,000000,8.5,8.6,7.14,8.13,0,0
LSK.V,D,20180611,000000,8.13,8.73,7.01,8.29,0,0
LSK.V,D,20180612,000000,8.29,8.29,6.94,7.95,0,0
LSK.V,D,20180613,000000,7.95,7.99,6.3,7.56,0,0
LSK.V,D,20180614,000000,7.56,7.83,6.28,7.83,0,0
LSK.V,D,20180615,000000,7.83,7.93,6.51,7.54,0,0
LSK.V,D,20180616,000000,7.54,7.64,6.34,6.54,0,0
LSK.V,D,20180617,000000,6.54,6.62,6.24,6.28,0,0
LSK.V,D,20180618,000000,6.28,7.31,5.95,6.39,0,0
LSK.V,D,20180619,000000,6.39,7.36,6.34,7.27,0,0
LSK.V,D,20180620,000000,7.27,7.43,6.18,6.32,0,0
LSK.V,D,20180621,000000,6.33,6.42,6.1,6.18,0,0
LSK.V,D,20180622,000000,6.18,6.48,5.38,5.76,0,0
LSK.V,D,20180623,000000,5.76,5.9,5.36,5.64,0,0
LSK.V,D,20180624,000000,5.64,5.83,5.19,5.78,0,0
LSK.V,D,20180625,000000,5.78,5.84,5.38,5.83,0,0
LSK.V,D,20180626,000000,5.83,5.83,5.35,5.76,0,0
LSK.V,D,20180627,000000,5.76,5.76,5.19,5.25,0,0
LSK.V,D,20180628,000000,5.25,5.7,5.03,5.32,0,0
LSK.V,D,20180629,000000,5.32,5.4,4.73,4.78,0,0
LSK.V,D,20180630,000000,4.78,5.47,4.73,5.31,0,0
LSK.V,D,20180701,000000,5.31,5.43,5.2,5.34,0,0
LSK.V,D,20180702,000000,5.35,6.02,4.94,5.91,0,0
LSK.V,D,20180703,000000,5.91,6.18,5.73,5.79,0,0
LSK.V,D,20180704,000000,5.79,6.01,5.57,5.98,0,0
LSK.V,D,20180705,000000,5.98,6.04,5.44,5.64,0,0
LSK.V,D,20180706,000000,5.64,5.79,5.38,5.62,0,0
LSK.V,D,20180707,000000,5.62,5.71,5.34,5.36,0,0
LSK.V,D,20180708,000000,5.36,5.69,5.34,5.54,0,0
LSK.V,D,20180709,000000,5.54,5.63,5.38,5.49,0,0
LSK.V,D,20180710,000000,5.49,5.52,5.07,5.11,0,0
LSK.V,D,20180711,000000,5.11,5.2,5.02,5.11,0,0
LSK.V,D,20180712,000000,5.11,5.34,4.88,5.14,0,0
LSK.V,D,20180713,000000,5.14,5.14,4.75,4.86,0,0
LSK.V,D,20180714,000000,4.86,4.96,4.83,4.91,0,0
LSK.V,D,20180715,000000,4.91,5.07,4.87,5.04,0,0
LSK.V,D,20180716,000000,5.04,5.43,4.99,5.4,0,0
LSK.V,D,20180717,000000,5.4,5.88,5.05,5.74,0,0
LSK.V,D,20180718,000000,5.74,6.14,5.67,5.88,0,0
LSK.V,D,20180719,000000,5.88,6.01,5.33,5.33,0,0
LSK.V,D,20180720,000000,5.33,5.42,4.89,4.95,0,0
LSK.V,D,20180721,000000,4.95,5.08,4.86,5.01,0,0
LSK.V,D,20180722,000000,5.01,5.15,4.95,4.99,0,0
LSK.V,D,20180723,000000,5,5.18,4.65,4.65,0,0
LSK.V,D,20180724,000000,4.65,5,4.65,4.9,0,0
LSK.V,D,20180725,000000,4.9,5.16,4.85,5.08,0,0
LSK.V,D,20180726,000000,5.08,5.19,4.81,4.84,0,0
LSK.V,D,20180727,000000,4.84,4.9,4.67,4.89,0,0
LSK.V,D,20180728,000000,4.89,4.94,4.76,4.92,0,0
LSK.V,D,20180729,000000,4.92,5.1,4.86,5.09,0,0
LSK.V,D,20180730,000000,5.09,5.14,4.77,4.86,0,0
LSK.V,D,20180731,000000,4.86,4.9,4.51,4.53,0,0
LSK.V,D,20180801,000000,4.53,4.57,4.35,4.4,0,0
LSK.V,D,20180802,000000,4.4,4.54,4.19,4.2,0,0
LSK.V,D,20180803,000000,4.2,4.34,3.9,4.05,0,0
LSK.V,D,20180804,000000,4.05,4.15,3.66,3.71,0,0
LSK.V,D,20180805,000000,3.71,3.83,3.67,3.79,0,0
LSK.V,D,20180806,000000,3.79,3.85,3.72,3.73,0,0
LSK.V,D,20180807,000000,3.73,4.01,3.65,3.93,0,0
LSK.V,D,20180808,000000,3.93,3.99,3.08,3.15,0,0
LSK.V,D,20180809,000000,3.15,3.83,3.1,3.35,0,0
LSK.V,D,20180810,000000,3.35,3.39,2.98,3.01,0,0
LSK.V,D,20180811,000000,3,3.07,2.75,2.95,0,0
LSK.V,D,20180812,000000,2.95,3.67,2.8,2.86,0,0
LSK.V,D,20180813,000000,2.86,3.19,2.82,2.93,0,0
LSK.V,D,20180814,000000,2.92,2.92,2.47,2.53,0,0
LSK.V,D,20180815,000000,2.53,3.19,2.53,3.03,0,0
LSK.V,D,20180816,000000,3.03,3.81,2.93,3.6,0,0
LSK.V,D,20180817,000000,3.6,4.36,3.45,3.88,0,0
LSK.V,D,20180818,000000,3.88,4.29,3.48,3.67,0,0
LSK.V,D,20180819,000000,3.67,3.95,3.56,3.82,0,0
LSK.V,D,20180820,000000,3.82,4.06,3.72,3.83,0,0
LSK.V,D,20180821,000000,3.83,4.18,3.63,4.01,0,0
LSK.V,D,20180822,000000,4.01,4.3,3.86,3.96,0,0
LSK.V,D,20180823,000000,3.96,4.56,3.79,4.52,0,0
LSK.V,D,20180824,000000,4.52,5.44,4.44,5.19,0,0
LSK.V,D,20180825,000000,5.19,5.36,4.74,5.12,0,0
LSK.V,D,20180826,000000,5.12,5.12,4.7,4.79,0,0
LSK.V,D,20180827,000000,4.79,5.19,4.67,4.94,0,0
LSK.V,D,20180828,000000,4.93,5.31,4.83,5.02,0,0
LSK.V,D,20180829,000000,5.02,5.37,4.45,4.92,0,0
LSK.V,D,20180830,000000,4.92,5.03,4.27,4.42,0,0
LSK.V,D,20180831,000000,4.43,4.67,4.4,4.53,0,0
LSK.V,D,20180901,000000,4.52,4.82,4.48,4.68,0,0
LSK.V,D,20180902,000000,4.68,4.76,4.46,4.57,0,0
LSK.V,D,20180903,000000,4.57,4.61,4.34,4.46,0,0
LSK.V,D,20180904,000000,4.45,4.65,4.37,4.48,0,0
LSK.V,D,20180905,000000,4.48,4.49,3.91,3.93,0,0
LSK.V,D,20180906,000000,3.93,3.93,3.42,3.76,0,0
LSK.V,D,20180907,000000,3.75,3.95,3.57,3.6,0,0
LSK.V,D,20180908,000000,3.6,3.68,3.35,3.39,0,0
LSK.V,D,20180909,000000,3.39,3.74,3.35,3.67,0,0
LSK.V,D,20180910,000000,3.67,3.81,3.52,3.58,0,0
LSK.V,D,20180911,000000,3.58,3.63,3.21,3.29,0,0
LSK.V,D,20180912,000000,3.3,3.34,2.99,3.19,0,0
LSK.V,D,20180913,000000,3.19,3.75,3.17,3.38,0,0
LSK.V,D,20180914,000000,3.38,3.74,3.31,3.47,0,0
LSK.V,D,20180915,000000,3.46,3.74,3.22,3.34,0,0
LSK.V,D,20180916,000000,3.34,3.79,3.25,3.7,0,0
LSK.V,D,20180917,000000,3.7,3.82,3.37,3.37,0,0
LSK.V,D,20180918,000000,3.37,3.61,3.31,3.41,0,0
LSK.V,D,20180919,000000,3.41,3.46,3.2,3.4,0,0
LSK.V,D,20180920,000000,3.4,3.4,3.06,3.22,0,0
LSK.V,D,20180921,000000,3.21,3.55,3.19,3.44,0,0
LSK.V,D,20180922,000000,3.43,3.48,3.29,3.34,0,0
LSK.V,D,20180923,000000,3.34,3.51,3.32,3.48,0,0
LSK.V,D,20180924,000000,3.47,3.51,3.28,3.36,0,0
LSK.V,D,20180925,000000,3.36,3.36,3.07,3.22,0,0
LSK.V,D,20180926,000000,3.22,3.27,3.15,3.18,0,0
LSK.V,D,20180927,000000,3.18,3.4,3.12,3.34,0,0
LSK.V,D,20180928,000000,3.34,3.47,3.2,3.27,0,0
LSK.V,D,20180929,000000,3.27,3.3,3.19,3.29,0,0
LSK.V,D,20180930,000000,3.29,3.41,3.26,3.32,0,0
LSK.V,D,20181001,000000,3.32,3.38,3.25,3.3,0,0
LSK.V,D,20181002,000000,3.3,3.32,3.24,3.27,0,0
LSK.V,D,20181003,000000,3.27,3.28,3.12,3.17,0,0
LSK.V,D,20181004,000000,3.17,3.26,3.16,3.22,0,0
LSK.V,D,20181005,000000,3.22,3.27,3.18,3.24,0,0
LSK.V,D,20181006,000000,3.24,3.36,3.21,3.25,0,0
LSK.V,D,20181007,000000,3.25,3.28,3.22,3.24,0,0
LSK.V,D,20181008,000000,3.24,3.3,3.23,3.29,0,0
LSK.V,D,20181009,000000,3.29,3.34,3.24,3.27,0,0
LSK.V,D,20181010,000000,3.27,3.46,3.22,3.4,0,0
LSK.V,D,20181011,000000,3.4,3.4,2.98,3.06,0,0
LSK.V,D,20181012,000000,3.06,3.06,2.89,2.92,0,0
LSK.V,D,20181013,000000,2.92,2.93,2.74,2.83,0,0
LSK.V,D,20181014,000000,2.83,2.91,2.8,2.8,0,0
LSK.V,D,20181015,000000,2.8,3.09,2.74,2.86,0,0
LSK.V,D,20181016,000000,2.86,3.02,2.79,2.93,0,0
LSK.V,D,20181017,000000,2.92,3.02,2.85,2.94,0,0
LSK.V,D,20181018,000000,2.94,3.03,2.78,2.79,0,0
LSK.V,D,20181019,000000,2.78,2.91,2.77,2.82,0,0
LSK.V,D,20181020,000000,2.83,2.87,2.81,2.83,0,0
LSK.V,D,20181021,000000,2.83,2.93,2.82,2.87,0,0
LSK.V,D,20181022,000000,2.87,3.12,2.82,2.96,0,0
LSK.V,D,20181023,000000,2.97,3.06,2.95,3.01,0,0
LSK.V,D,20181024,000000,3.01,3.04,2.98,3,0,0
LSK.V,D,20181025,000000,3,3,2.88,2.91,0,0
LSK.V,D,20181026,000000,2.91,2.93,2.87,2.91,0,0
LSK.V,D,20181027,000000,2.91,2.92,2.77,2.78,0,0
LSK.V,D,20181028,000000,2.78,2.84,2.78,2.82,0,0
LSK.V,D,20181029,000000,2.82,2.86,2.68,2.7,0,0
LSK.V,D,20181030,000000,2.7,2.76,2.69,2.74,0,0
LSK.V,D,20181031,000000,2.73,2.79,2.66,2.76,0,0
LSK.V,D,20181101,000000,2.75,2.8,2.73,2.75,0,0
LSK.V,D,20181102,000000,2.75,2.78,2.73,2.75,0,0
LSK.V,D,20181103,000000,2.75,2.75,2.69,2.74,0,0
LSK.V,D,20181104,000000,2.74,2.86,2.69,2.82,0,0
LSK.V,D,20181105,000000,2.82,2.89,2.73,2.87,0,0
LSK.V,D,20181106,000000,2.88,2.92,2.8,2.86,0,0
LSK.V,D,20181107,000000,2.86,2.92,2.84,2.86,0,0
LSK.V,D,20181108,000000,2.86,2.87,2.79,2.79,0,0
LSK.V,D,20181109,000000,2.79,2.81,2.75,2.75,0,0
LSK.V,D,20181110,000000,2.75,2.77,2.74,2.76,0,0
LSK.V,D,20181111,000000,2.76,2.76,2.69,2.69,0,0
LSK.V,D,20181112,000000,2.7,2.93,2.69,2.76,0,0
LSK.V,D,20181113,000000,2.76,2.83,2.58,2.7,0,0
LSK.V,D,20181114,000000,2.7,2.72,1.58,2.5,0,0
LSK.V,D,20181115,000000,2.5,2.5,1.98,2.2,0,0
LSK.V,D,20181116,000000,2.2,2.43,2.03,2.08,0,0
LSK.V,D,20181117,000000,2.08,2.13,2.05,2.08,0,0
LSK.V,D,20181118,000000,2.08,2.16,2.07,2.09,0,0
LSK.V,D,20181119,000000,2.09,2.1,1.28,1.71,0,0
LSK.V,D,20181120,000000,1.71,1.85,1.39,1.45,0,0
LSK.V,D,20181121,000000,1.45,1.67,1.43,1.6,0,0
LSK.V,D,20181122,000000,1.6,1.71,1.53,1.61,0,0
LSK.V,D,20181123,000000,1.61,1.61,1.45,1.52,0,0
LSK.V,D,20181124,000000,1.52,1.6,1.27,1.3,0,0
LSK.V,D,20181125,000000,1.3,1.42,1.19,1.38,0,0
LSK.V,D,20181126,000000,1.38,1.44,1.21,1.28,0,0
LSK.V,D,20181127,000000,1.28,1.39,1.25,1.38,0,0
LSK.V,D,20181128,000000,1.38,1.65,1.36,1.56,0,0
LSK.V,D,20181129,000000,1.56,1.63,1.48,1.51,0,0
LSK.V,D,20181130,000000,1.51,1.55,1.33,1.4,0,0
LSK.V,D,20181201,000000,1.4,1.57,1.35,1.51,0,0
LSK.V,D,20181202,000000,1.51,1.56,1.45,1.46,0,0
LSK.V,D,20181203,000000,1.46,1.48,1.32,1.34,0,0
LSK.V,D,20181204,000000,1.34,1.47,1.31,1.4,0,0
LSK.V,D,20181205,000000,1.4,1.41,1.31,1.32,0,0
LSK.V,D,20181206,000000,1.32,1.42,1.25,1.26,0,0
LSK.V,D,20181207,000000,1.26,1.27,1.12,1.19,0,0
LSK.V,D,20181208,000000,1.19,1.26,1.17,1.23,0,0
LSK.V,D,20181209,000000,1.23,1.35,1.19,1.25,0,0
LSK.V,D,20181210,000000,1.25,1.32,1.17,1.22,0,0
LSK.V,D,20181211,000000,1.22,1.26,1.15,1.18,0,0
LSK.V,D,20181212,000000,1.18,1.25,1.14,1.22,0,0
LSK.V,D,20181213,000000,1.22,1.22,1.11,1.12,0,0
LSK.V,D,20181214,000000,1.12,1.17,1.08,1.14,0,0
LSK.V,D,20181215,000000,1.14,1.16,1.08,1.11,0,0
LSK.V,D,20181216,000000,1.11,1.16,1.11,1.14,0,0
LSK.V,D,20181217,000000,1.14,1.31,1.13,1.25,0,0
LSK.V,D,20181218,000000,1.25,1.3,1.19,1.29,0,0
LSK.V,D,20181219,000000,1.29,1.61,1.27,1.52,0,0
LSK.V,D,20181220,000000,1.52,1.6,1.38,1.48,0,0
LSK.V,D,20181221,000000,1.48,1.66,1.34,1.38,0,0
LSK.V,D,20181222,000000,1.38,1.55,1.34,1.43,0,0
LSK.V,D,20181223,000000,1.43,1.6,1.34,1.5,0,0
LSK.V,D,20181224,000000,1.5,1.64,1.45,1.48,0,0
LSK.V,D,20181225,000000,1.48,1.54,1.35,1.4,0,0
LSK.V,D,20181226,000000,1.4,1.5,1.37,1.4,0,0
LSK.V,D,20181227,000000,1.4,1.58,1.35,1.35,0,0
LSK.V,D,20181228,000000,1.35,1.54,1.32,1.5,0,0
LSK.V,D,20181229,000000,1.5,1.57,1.39,1.47,0,0
LSK.V,D,20181230,000000,1.47,1.54,1.41,1.42,0,0
LSK.V,D,20181231,000000,1.42,1.47,1.32,1.36,0,0
LSK.V,D,20190101,000000,1.36,1.39,1.29,1.35,0,0
LSK.V,D,20190102,000000,1.35,1.44,1.34,1.36,0,0
LSK.V,D,20190103,000000,1.36,1.44,1.28,1.33,0,0
LSK.V,D,20190104,000000,1.33,1.39,1.31,1.34,0,0
LSK.V,D,20190105,000000,1.34,1.38,1.32,1.35,0,0
LSK.V,D,20190106,000000,1.35,1.47,1.34,1.41,0,0
LSK.V,D,20190107,000000,1.41,1.46,1.34,1.37,0,0
LSK.V,D,20190108,000000,1.37,1.43,1.32,1.32,0,0
LSK.V,D,20190109,000000,1.32,1.42,1.31,1.38,0,0
LSK.V,D,20190110,000000,1.38,1.4,1.19,1.22,0,0
LSK.V,D,20190111,000000,1.22,1.3,1.19,1.22,0,0
LSK.V,D,20190112,000000,1.22,1.29,1.19,1.23,0,0
LSK.V,D,20190113,000000,1.23,1.3,1.13,1.22,0,0
LSK.V,D,20190114,000000,1.22,1.31,1.15,1.2,0,0
LSK.V,D,20190115,000000,1.2,1.31,1.2,1.22,0,0
LSK.V,D,20190116,000000,1.22,1.28,1.19,1.21,0,0
LSK.V,D,20190117,000000,1.21,1.33,1.18,1.27,0,0
LSK.V,D,20190118,000000,1.27,1.27,1.23,1.25,0,0
LSK.V,D,20190119,000000,1.25,1.3,1.24,1.28,0,0
LSK.V,D,20190120,000000,1.28,1.31,1.19,1.25,0,0
LSK.V,D,20190121,000000,1.25,1.32,1.23,1.24,0,0
LSK.V,D,20190122,000000,1.24,1.28,1.18,1.25,0,0
LSK.V,D,20190123,000000,1.24,1.26,1.23,1.24,0,0
LSK.V,D,20190124,000000,1.24,1.3,1.23,1.27,0,0
LSK.V,D,20190125,000000,1.27,1.28,1.23,1.24,0,0
LSK.V,D,20190126,000000,1.24,1.26,1.22,1.22,0,0
LSK.V,D,20190127,000000,1.22,1.23,1.19,1.19,0,0
LSK.V,D,20190128,000000,1.19,1.19,1.07,1.09,0,0
LSK.V,D,20190129,000000,1.09,1.2,1.08,1.09,0,0
LSK.V,D,20190130,000000,1.09,1.14,1.09,1.12,0,0
LSK.V,D,20190131,000000,1.12,1.13,1.09,1.1,0,0
LSK.V,D,20190201,000000,1.1,1.1,1.07,1.09,0,0
LSK.V,D,20190202,000000,1.09,1.1,1.07,1.1,0,0
LSK.V,D,20190203,000000,1.1,1.13,1.1,1.1,0,0
LSK.V,D,20190204,000000,1.1,1.12,1.1,1.1,0,0
LSK.V,D,20190205,000000,1.1,1.14,1.07,1.1,0,0
LSK.V,D,20190206,000000,1.1,1.13,1.05,1.05,0,0
LSK.V,D,20190207,000000,1.05,1.07,1.03,1.07,0,0
LSK.V,D,20190208,000000,1.07,1.21,1.05,1.14,0,0
LSK.V,D,20190209,000000,1.14,1.18,1.1,1.15,0,0
LSK.V,D,20190210,000000,1.15,1.19,1.1,1.17,0,0
LSK.V,D,20190211,000000,1.17,1.22,1.15,1.17,0,0
LSK.V,D,20190212,000000,1.17,1.17,1.14,1.15,0,0
LSK.V,D,20190213,000000,1.15,1.21,1.11,1.13,0,0
LSK.V,D,20190214,000000,1.13,1.2,1.12,1.13,0,0
LSK.V,D,20190215,000000,1.13,1.15,1.13,1.13,0,0
LSK.V,D,20190216,000000,1.13,1.18,1.13,1.18,0,0
LSK.V,D,20190217,000000,1.18,1.26,1.17,1.24,0,0
LSK.V,D,20190218,000000,1.24,1.3,1.21,1.27,0,0
LSK.V,D,20190219,000000,1.27,1.3,1.23,1.25,0,0
LSK.V,D,20190220,000000,1.25,1.27,1.23,1.25,0,0
LSK.V,D,20190221,000000,1.25,1.27,1.21,1.25,0,0
LSK.V,D,20190222,000000,1.25,1.28,1.23,1.27,0,0
LSK.V,D,20190223,000000,1.27,1.34,1.25,1.3,0,0
LSK.V,D,20190224,000000,1.3,1.33,1.15,1.29,0,0
LSK.V,D,20190225,000000,1.29,1.29,1.17,1.19,0,0
LSK.V,D,20190226,000000,1.19,1.23,1.18,1.22,0,0
LSK.V,D,20190227,000000,1.22,1.25,1.17,1.2,0,0
LSK.V,D,20190228,000000,1.2,1.23,1.2,1.22,0,0
LSK.V,D,20190301,000000,1.22,1.23,1.21,1.22,0,0
LSK.V,D,20190302,000000,1.22,1.23,1.2,1.23,0,0
LSK.V,D,20190303,000000,1.23,1.24,1.21,1.21,0,0
LSK.V,D,20190304,000000,1.21,1.23,1.16,1.18,0,0
LSK.V,D,20190305,000000,1.18,1.27,1.18,1.26,0,0
LSK.V,D,20190306,000000,1.26,1.3,1.25,1.26,0,0
LSK.V,D,20190307,000000,1.26,1.32,1.25,1.31,0,0
LSK.V,D,20190308,000000,1.31,1.33,1.29,1.29,0,0
LSK.V,D,20190309,000000,1.29,1.33,1.27,1.29,0,0
LSK.V,D,20190310,000000,1.29,1.3,1.26,1.28,0,0
LSK.V,D,20190311,000000,1.28,1.29,1.24,1.29,0,0
LSK.V,D,20190312,000000,1.29,1.46,1.27,1.41,0,0
LSK.V,D,20190313,000000,1.41,1.41,1.35,1.38,0,0
LSK.V,D,20190314,000000,1.38,1.65,1.37,1.57,0,0
LSK.V,D,20190315,000000,1.57,1.72,1.5,1.55,0,0
LSK.V,D,20190316,000000,1.55,1.56,1.48,1.53,0,0
LSK.V,D,20190317,000000,1.53,1.66,1.48,1.55,0,0
LSK.V,D,20190318,000000,1.55,1.56,1.49,1.5,0,0
LSK.V,D,20190319,000000,1.5,1.52,1.48,1.5,0,0
LSK.V,D,20190320,000000,1.5,1.55,1.5,1.55,0,0
LSK.V,D,20190321,000000,1.55,1.57,1.46,1.49,0,0
LSK.V,D,20190322,000000,1.49,1.51,1.47,1.5,0,0
LSK.V,D,20190323,000000,1.5,1.52,1.49,1.52,0,0
LSK.V,D,20190324,000000,1.52,1.56,1.5,1.53,0,0
LSK.V,D,20190325,000000,1.53,1.55,1.48,1.5,0,0
LSK.V,D,20190326,000000,1.5,1.52,1.49,1.52,0,0
LSK.V,D,20190327,000000,1.52,1.67,1.5,1.65,0,0
LSK.V,D,20190328,000000,1.65,1.67,1.61,1.63,0,0
LSK.V,D,20190329,000000,1.63,1.7,1.63,1.69,0,0
LSK.V,D,20190330,000000,1.69,1.78,1.66,1.76,0,0
LSK.V,D,20190331,000000,1.76,1.78,1.73,1.75,0,0
LSK.V,D,20190401,000000,1.75,1.78,1.73,1.76,0,0
LSK.V,D,20190402,000000,1.76,1.92,1.74,1.9,0,0
LSK.V,D,20190403,000000,1.9,2.23,1.9,2.15,0,0
LSK.V,D,20190404,000000,2.15,2.36,1.99,2.11,0,0
LSK.V,D,20190405,000000,2.11,2.24,2.11,2.18,0,0
LSK.V,D,20190406,000000,2.19,2.2,2.07,2.1,0,0
LSK.V,D,20190407,000000,2.1,2.24,2.1,2.14,0,0
LSK.V,D,20190408,000000,2.14,2.2,2.03,2.11,0,0
LSK.V,D,20190409,000000,2.11,2.11,1.98,2.04,0,0
LSK.V,D,20190410,000000,2.04,2.12,2.01,2.04,0,0
LSK.V,D,20190411,000000,2.04,2.07,1.8,1.89,0,0
LSK.V,D,20190412,000000,1.89,1.93,1.82,1.93,0,0
LSK.V,D,20190413,000000,1.93,2.04,1.92,1.95,0,0
LSK.V,D,20190414,000000,1.95,2.01,1.93,1.99,0,0
LSK.V,D,20190415,000000,1.99,2.08,1.91,1.92,0,0
LSK.V,D,20190416,000000,1.92,2.04,1.92,2.04,0,0
LSK.V,D,20190417,000000,2.04,2.07,2.01,2.03,0,0
LSK.V,D,20190418,000000,2.03,2.06,2.01,2.05,0,0
LSK.V,D,20190419,000000,2.05,2.08,2.01,2.04,0,0
LSK.V,D,20190420,000000,2.04,2.09,2.02,2.03,0,0
LSK.V,D,20190421,000000,2.03,2.05,1.95,1.99,0,0
LSK.V,D,20190422,000000,1.99,2.03,1.97,2,0,0
LSK.V,D,20190423,000000,2,2.08,1.96,1.96,0,0
LSK.V,D,20190424,000000,1.96,1.97,1.8,1.87,0,0
LSK.V,D,20190425,000000,1.87,1.89,1.8,1.81,0,0
LSK.V,D,20190426,000000,1.81,1.81,1.69,1.72,0,0
LSK.V,D,20190427,000000,1.72,1.79,1.72,1.79,0,0
LSK.V,D,20190428,000000,1.79,1.8,1.72,1.72,0,0
LSK.V,D,20190429,000000,1.72,1.74,1.66,1.69,0,0
LSK.V,D,20190430,000000,1.69,1.74,1.65,1.73,0,0
LSK.V,D,20190501,000000,1.73,1.78,1.73,1.74,0,0
LSK.V,D,20190502,000000,1.74,1.76,1.73,1.74,0,0
LSK.V,D,20190503,000000,1.74,1.85,1.74,1.79,0,0
LSK.V,D,20190504,000000,1.79,1.82,1.71,1.76,0,0
LSK.V,D,20190505,000000,1.76,1.78,1.67,1.69,0,0
LSK.V,D,20190506,000000,1.69,1.73,1.62,1.71,0,0
LSK.V,D,20190507,000000,1.71,1.79,1.65,1.68,0,0
LSK.V,D,20190508,000000,1.68,1.7,1.61,1.69,0,0
LSK.V,D,20190509,000000,1.69,1.79,1.68,1.74,0,0
LSK.V,D,20190510,000000,1.74,1.9,1.74,1.8,0,0
LSK.V,D,20190511,000000,1.8,1.98,1.78,1.97,0,0
LSK.V,D,20190512,000000,1.98,2.05,1.74,1.81,0,0
LSK.V,D,20190513,000000,1.81,2,1.75,1.88,0,0
LSK.V,D,20190514,000000,1.87,1.97,1.76,1.84,0,0
LSK.V,D,20190515,000000,1.84,2.33,1.84,2.05,0,0
LSK.V,D,20190516,000000,2.05,2.43,2.03,2.19,0,0
LSK.V,D,20190517,000000,2.2,2.2,1.77,1.98,0,0
LSK.V,D,20190518,000000,1.98,2.01,1.88,1.96,0,0
LSK.V,D,20190519,000000,1.96,2.14,1.92,2.04,0,0
LSK.V,D,20190520,000000,2.03,2.07,1.94,2.02,0,0
LSK.V,D,20190521,000000,2.02,2.07,1.97,2.03,0,0
LSK.V,D,20190522,000000,2.03,2.05,1.91,1.92,0,0
LSK.V,D,20190523,000000,1.92,1.94,1.83,1.88,0,0
LSK.V,D,20190524,000000,1.88,2.02,1.87,1.9,0,0
LSK.V,D,20190525,000000,1.9,2.14,1.89,1.98,0,0
LSK.V,D,20190526,000000,1.98,2.06,1.91,2.06,0,0
LSK.V,D,20190527,000000,2.06,2.11,2,2.05,0,0
LSK.V,D,20190528,000000,2.05,2.22,2.04,2.1,0,0
LSK.V,D,20190529,000000,2.1,2.15,1.98,2.07,0,0
LSK.V,D,20190530,000000,2.07,2.26,1.87,1.91,0,0
LSK.V,D,20190531,000000,1.91,2.06,1.91,2.04,0,0
LSK.V,D,20190601,000000,2.04,2.09,2,2.07,0,0
LSK.V,D,20190602,000000,2.07,2.19,2.06,2.12,0,0
LSK.V,D,20190603,000000,2.12,2.14,2.01,2.06,0,0
LSK.V,D,20190604,000000,2.06,2.08,1.88,1.88,0,0
LSK.V,D,20190605,000000,1.87,2.03,1.87,1.96,0,0
LSK.V,D,20190606,000000,1.96,1.98,1.88,1.96,0,0
LSK.V,D,20190607,000000,1.96,2.13,1.94,2.09,0,0
LSK.V,D,20190608,000000,2.09,2.15,2.01,2.03,0,0
LSK.V,D,20190609,000000,2.03,2.07,1.89,1.91,0,0
LSK.V,D,20190610,000000,1.91,2.078,1.87,2.045,0,0
LSK.V,D,20190611,000000,2.045,2.1,1.975,2.08,0,0
LSK.V,D,20190612,000000,2.08,2.112,2.033,2.094,0,0
LSK.V,D,20190613,000000,2.094,2.119,2.032,2.049,0,0
LSK.V,D,20190614,000000,2.049,2.05,1.949,2.01,0,0
LSK.V,D,20190615,000000,2.009,2.051,1.969,1.978,0,0
LSK.V,D,20190616,000000,1.978,2.708,1.964,2.111,0,0
LSK.V,D,20190617,000000,2.112,2.186,2.056,2.098,0,0
LSK.V,D,20190618,000000,2.099,2.105,2.024,2.029,0,0
LSK.V,D,20190619,000000,2.029,2.101,2.02,2.069,0,0
LSK.V,D,20190620,000000,2.07,2.096,2.022,2.039,0,0
LSK.V,D,20190621,000000,2.039,2.107,2.008,2.044,0,0
LSK.V,D,20190622,000000,2.044,2.165,1.982,2.111,0,0
LSK.V,D,20190623,000000,2.111,2.247,2.015,2.059,0,0
LSK.V,D,20190624,000000,2.057,2.141,2.037,2.098,0,0
LSK.V,D,20190625,000000,2.098,2.114,1.999,2.012,0,0
LSK.V,D,20190626,000000,2.013,2.205,1.889,1.985,0,0
LSK.V,D,20190627,000000,1.989,2.07,1.743,1.803,0,0
LSK.V,D,20190628,000000,1.804,2.023,1.8,1.878,0,0
LSK.V,D,20190629,000000,1.877,1.933,1.78,1.893,0,0
LSK.V,D,20190630,000000,1.893,1.934,1.755,1.859,0,0
LSK.V,D,20190701,000000,1.857,1.859,1.695,1.769,0,0
LSK.V,D,20190702,000000,1.769,1.791,1.655,1.77,0,0
LSK.V,D,20190703,000000,1.77,1.808,1.68,1.725,0,0
LSK.V,D,20190704,000000,1.725,1.804,1.677,1.678,0,0
LSK.V,D,20190705,000000,1.677,1.699,1.598,1.658,0,0
LSK.V,D,20190706,000000,1.659,1.745,1.625,1.675,0,0
LSK.V,D,20190707,000000,1.674,1.752,1.658,1.708,0,0
LSK.V,D,20190708,000000,1.708,1.762,1.658,1.687,0,0
LSK.V,D,20190709,000000,1.686,1.697,1.553,1.591,0,0
LSK.V,D,20190710,000000,1.591,1.626,1.432,1.533,0,0
LSK.V,D,20190711,000000,1.533,1.543,1.361,1.391,0,0
LSK.V,D,20190712,000000,1.391,1.67,1.374,1.465,0,0
LSK.V,D,20190713,000000,1.465,1.499,1.378,1.398,0,0
LSK.V,D,20190714,000000,1.397,1.436,1.257,1.302,0,0
LSK.V,D,20190715,000000,1.301,1.303,1.198,1.265,0,0
LSK.V,D,20190716,000000,1.266,1.294,1.057,1.093,0,0
LSK.V,D,20190717,000000,1.095,1.315,1.059,1.241,0,0
LSK.V,D,20190718,000000,1.24,1.324,1.189,1.294,0,0
LSK.V,D,20190719,000000,1.294,1.316,1.241,1.306,0,0
LSK.V,D,20190720,000000,1.306,1.548,1.301,1.505,0,0
LSK.V,D,20190721,000000,1.505,1.537,1.423,1.48,0,0
LSK.V,D,20190722,000000,1.48,1.548,1.435,1.51,0,0
LSK.V,D,20190723,000000,1.51,1.754,1.494,1.753,0,0
LSK.V,D,20190724,000000,1.752,1.753,1.516,1.617,0,0
LSK.V,D,20190725,000000,1.617,1.676,1.575,1.608,0,0
LSK.V,D,20190726,000000,1.608,1.618,1.526,1.545,0,0
LSK.V,D,20190727,000000,1.545,1.594,1.455,1.468,0,0
LSK.V,D,20190728,000000,1.468,1.472,1.415,1.417,0,0
LSK.V,D,20190729,000000,1.416,1.422,1.356,1.381,0,0
LSK.V,D,20190730,000000,1.38,1.452,1.364,1.377,0,0
LSK.V,D,20190731,000000,1.377,1.448,1.367,1.387,0,0
LSK.V,D,20190801,000000,1.387,1.422,1.314,1.317,0,0
LSK.V,D,20190802,000000,1.317,1.367,1.292,1.321,0,0
LSK.V,D,20190803,000000,1.321,1.346,1.298,1.318,0,0
LSK.V,D,20190804,000000,1.318,1.345,1.293,1.315,0,0
LSK.V,D,20190805,000000,1.316,1.369,1.262,1.279,0,0
LSK.V,D,20190806,000000,1.28,1.301,1.229,1.248,0,0
LSK.V,D,20190807,000000,1.248,1.346,1.235,1.265,0,0
LSK.V,D,20190808,000000,1.266,1.3,1.24,1.299,0,0
LSK.V,D,20190809,000000,1.299,1.306,1.236,1.25,0,0
LSK.V,D,20190810,000000,1.25,1.272,1.179,1.226,0,0
LSK.V,D,20190811,000000,1.227,1.301,1.216,1.282,0,0
LSK.V,D,20190812,000000,1.282,1.291,1.235,1.241,0,0
LSK.V,D,20190813,000000,1.241,1.258,1.192,1.255,0,0
LSK.V,D,20190814,000000,1.255,1.261,1.139,1.153,0,0
LSK.V,D,20190815,000000,1.154,1.199,1.093,1.188,0,0
LSK.V,D,20190816,000000,1.188,1.203,1.121,1.19,0,0
LSK.V,D,20190817,000000,1.19,1.454,1.17,1.239,0,0
LSK.V,D,20190818,000000,1.239,1.264,1.198,1.242,0,0
LSK.V,D,20190819,000000,1.242,1.267,1.224,1.256,0,0
LSK.V,D,20190820,000000,1.255,1.283,1.185,1.205,0,0
LSK.V,D,20190821,000000,1.205,1.214,1.151,1.179,0,0
LSK.V,D,20190822,000000,1.179,1.224,1.153,1.211,0,0
LSK.V,D,20190823,000000,1.211,1.262,1.207,1.229,0,0
LSK.V,D,20190824,000000,1.228,1.24,1.167,1.195,0,0
LSK.V,D,20190825,000000,1.195,1.225,1.161,1.172,0,0
LSK.V,D,20190826,000000,1.172,1.22,1.167,1.194,0,0
LSK.V,D,20190827,000000,1.194,1.226,1.174,1.186,0,0
LSK.V,D,20190828,000000,1.186,1.207,1.1,1.114,0,0
LSK.V,D,20190829,000000,1.114,1.135,1.08,1.109,0,0
LSK.V,D,20190830,000000,1.109,1.141,1.086,1.1,0,0
LSK.V,D,20190831,000000,1.1,1.124,1.089,1.111,0,0
LSK.V,D,20190901,000000,1.111,1.138,1.101,1.112,0,0
LSK.V,D,20190902,000000,1.113,1.151,1.092,1.142,0,0
LSK.V,D,20190903,000000,1.142,1.167,1.125,1.14,0,0
LSK.V,D,20190904,000000,1.14,1.145,1.082,1.091,0,0
LSK.V,D,20190905,000000,1.091,1.102,1.025,1.031,0,0
LSK.V,D,20190906,000000,1.03,1.066,0.9936,1.018,0,0
LSK.V,D,20190907,000000,1.018,1.066,1.008,1.063,0,0
LSK.V,D,20190908,000000,1.062,1.097,1.047,1.058,0,0
LSK.V,D,20190909,000000,1.058,1.075,1.022,1.046,0,0
LSK.V,D,20190910,000000,1.046,1.062,0.9921,0.9939,0,0
LSK.V,D,20190911,000000,0.994,1.016,0.9479,0.9605,0,0
LSK.V,D,20190912,000000,0.9603,0.9985,0.9094,0.9515,0,0
LSK.V,D,20190913,000000,0.9513,0.9593,0.8987,0.9154,0,0
LSK.V,D,20190914,000000,0.9153,0.9668,0.909,0.9547,0,0
LSK.V,D,20190915,000000,0.9549,0.9737,0.9452,0.9475,0,0
LSK.V,D,20190916,000000,0.9476,0.9702,0.919,0.9385,0,0
LSK.V,D,20190917,000000,0.9386,0.9919,0.9287,0.9842,0,0
LSK.V,D,20190918,000000,0.9841,1.063,0.976,1.026,0,0
LSK.V,D,20190919,000000,1.026,1.042,0.9485,0.9873,0,0
LSK.V,D,20190920,000000,0.9874,1.011,0.9776,1.005,0,0
LSK.V,D,20190921,000000,1.005,1.031,0.9986,1.01,0,0
LSK.V,D,20190922,000000,1.01,1.014,0.9555,0.9627,0,0
LSK.V,D,20190923,000000,0.9628,0.9724,0.928,0.9362,0,0
LSK.V,D,20190924,000000,0.9357,0.9764,0.7727,0.8216,0,0
LSK.V,D,20190925,000000,0.8218,0.9257,0.8152,0.9237,0,0
LSK.V,D,20190926,000000,0.9237,0.9297,0.7718,0.8374,0,0
LSK.V,D,20190927,000000,0.8376,0.8668,0.8128,0.8556,0,0
LSK.V,D,20190928,000000,0.8558,0.8624,0.832,0.8492,0,0
LSK.V,D,20190929,000000,0.8492,0.8674,0.7923,0.8009,0,0
LSK.V,D,20190930,000000,0.8007,0.858,0.7982,0.8426,0,0
LSK.V,D,20191001,000000,0.8422,0.8765,0.8285,0.8319,0,0
LSK.V,D,20191002,000000,0.8309,0.8785,0.8237,0.8771,0,0
LSK.V,D,20191003,000000,0.8779,0.8862,0.839,0.8614,0,0
LSK.V,D,20191004,000000,0.8613,0.8905,0.8466,0.8833,0,0
LSK.V,D,20191005,000000,0.8857,0.8902,0.8423,0.8556,0,0
LSK.V,D,20191006,000000,0.8553,0.8679,0.8261,0.849,0,0
LSK.V,D,20191007,000000,0.8489,0.9374,0.84,0.9306,0,0
LSK.V,D,20191008,000000,0.929,0.9428,0.8972,0.9017,0,0
LSK.V,D,20191009,000000,0.9018,0.9448,0.8796,0.8979,0,0
LSK.V,D,20191010,000000,0.898,0.9179,0.8738,0.8877,0,0
LSK.V,D,20191011,000000,0.888,0.9116,0.8463,0.8561,0,0
LSK.V,D,20191012,000000,0.8561,0.8674,0.8466,0.8493,0,0
LSK.V,D,20191013,000000,0.8492,0.8545,0.8055,0.8274,0,0
LSK.V,D,20191014,000000,0.8214,0.8257,0.8009,0.8144,0,0
LSK.V,D,20191015,000000,0.8144,0.8222,0.7806,0.7824,0,0
LSK.V,D,20191016,000000,0.7818,0.7987,0.7411,0.7486,0,0
LSK.V,D,20191017,000000,0.7486,0.7938,0.747,0.7868,0,0
LSK.V,D,20191018,000000,0.7865,0.8536,0.7739,0.7773,0,0
LSK.V,D,20191019,000000,0.7773,0.7814,0.756,0.7567,0,0
LSK.V,D,20191020,000000,0.7566,0.7845,0.7502,0.7802,0,0
LSK.V,D,20191021,000000,0.7804,0.7838,0.749,0.7577,0,0
LSK.V,D,20191022,000000,0.7573,0.7668,0.7433,0.7433,0,0
LSK.V,D,20191023,000000,0.7433,0.747,0.6521,0.6794,0,0
LSK.V,D,20191024,000000,0.6793,0.7107,0.673,0.7028,0,0
LSK.V,D,20191025,000000,0.7027,0.7806,0.685,0.7457,0,0
LSK.V,D,20191026,000000,0.7457,0.8281,0.7396,0.7726,0,0
LSK.V,D,20191027,000000,0.7725,0.8225,0.7533,0.8009,0,0
LSK.V,D,20191028,000000,0.8016,0.8332,0.7845,0.8152,0,0
LSK.V,D,20191029,000000,0.8154,0.8243,0.7771,0.7983,0,0
LSK.V,D,20191030,000000,0.7983,0.8103,0.7514,0.7943,0,0
LSK.V,D,20191031,000000,0.7944,0.8207,0.7771,0.7893,0,0
LSK.V,D,20191101,000000,0.7894,0.8271,0.7819,0.8066,0,0
LSK.V,D,20191102,000000,0.8062,0.8125,0.7906,0.794,0,0
LSK.V,D,20191103,000000,0.7942,0.8043,0.7836,0.7948,0,0
LSK.V,D,20191104,000000,0.7949,0.8147,0.7866,0.7968,0,0
LSK.V,D,20191105,000000,0.7971,0.8129,0.7816,0.8018,0,0
LSK.V,D,20191106,000000,0.8018,0.8214,0.7939,0.8161,0,0
LSK.V,D,20191107,000000,0.8159,0.8259,0.7861,0.791,0,0
LSK.V,D,20191108,000000,0.7908,0.8004,0.7418,0.7561,0,0
LSK.V,D,20191109,000000,0.756,0.772,0.7535,0.765,0,0
LSK.V,D,20191110,000000,0.7682,0.7919,0.7638,0.7853,0,0
LSK.V,D,20191111,000000,0.7853,0.7893,0.7455,0.757,0,0
LSK.V,D,20191112,000000,0.7569,0.7622,0.7391,0.7512,0,0
LSK.V,D,20191113,000000,0.7509,0.7583,0.7398,0.7529,0,0
LSK.V,D,20191114,000000,0.7526,0.7743,0.7383,0.7729,0,0
LSK.V,D,20191115,000000,0.7729,0.7782,0.7425,0.7537,0,0
LSK.V,D,20191116,000000,0.7539,0.7982,0.7456,0.7799,0,0
LSK.V,D,20191117,000000,0.7798,0.8006,0.7782,0.7895,0,0
LSK.V,D,20191118,000000,0.7896,0.8662,0.7585,0.8211,0,0
LSK.V,D,20191119,000000,0.8209,0.83,0.7474,0.7551,0,0
LSK.V,D,20191120,000000,0.7552,0.7695,0.7413,0.7509,0,0
LSK.V,D,20191121,000000,0.751,0.7678,0.6663,0.6964,0,0
LSK.V,D,20191122,000000,0.6965,0.7062,0.6135,0.6857,0,0
LSK.V,D,20191123,000000,0.6854,0.7134,0.66,0.7093,0,0
LSK.V,D,20191124,000000,0.7092,0.7165,0.6459,0.6595,0,0
LSK.V,D,20191125,000000,0.6593,0.6925,0.614,0.6712,0,0
LSK.V,D,20191126,000000,0.6711,0.6734,0.6333,0.6734,0,0
LSK.V,D,20191127,000000,0.668,0.6991,0.6569,0.6871,0,0
LSK.V,D,20191128,000000,0.6873,0.7081,0.673,0.6734,0,0
LSK.V,D,20191129,000000,0.6739,0.7165,0.673,0.7047,0,0
LSK.V,D,20191130,000000,0.7049,0.7275,0.6825,0.698,0,0
LSK.V,D,20191201,000000,0.698,0.796,0.6656,0.6829,0,0
LSK.V,D,20191202,000000,0.6829,0.6876,0.6608,0.6712,0,0
LSK.V,D,20191203,000000,0.6712,0.682,0.6645,0.6673,0,0
LSK.V,D,20191204,000000,0.6657,0.702,0.6471,0.6578,0,0
LSK.V,D,20191205,000000,0.6579,0.7023,0.6486,0.7011,0,0
LSK.V,D,20191206,000000,0.7012,0.7173,0.6737,0.686,0,0
LSK.V,D,20191207,000000,0.6859,0.6933,0.6784,0.6829,0,0
LSK.V,D,20191208,000000,0.6829,0.6895,0.676,0.6836,0,0
LSK.V,D,20191209,000000,0.6837,0.6967,0.6622,0.6686,0,0
LSK.V,D,20191210,000000,0.6687,0.6713,0.63,0.6416,0,0
LSK.V,D,20191211,000000,0.6417,0.6568,0.6384,0.6459,0,0
LSK.V,D,20191212,000000,0.6462,0.6593,0.6386,0.651,0,0
LSK.V,D,20191213,000000,0.6511,0.6559,0.6168,0.6282,0,0
LSK.V,D,20191214,000000,0.6283,0.6357,0.5863,0.5948,0,0
LSK.V,D,20191215,000000,0.5948,0.6015,0.558,0.5781,0,0
LSK.V,D,20191216,000000,0.5782,0.5901,0.538,0.5408,0,0
LSK.V,D,20191217,000000,0.5407,0.5427,0.4629,0.4716,0,0
LSK.V,D,20191218,000000,0.4714,0.5638,0.4705,0.5638,0,0
LSK.V,D,20191219,000000,0.5667,0.5695,0.5084,0.5146,0,0
LSK.V,D,20191220,000000,0.5145,0.5448,0.5036,0.5381,0,0
LSK.V,D,20191221,000000,0.538,0.5415,0.5224,0.525,0,0
LSK.V,D,20191222,000000,0.525,0.5403,0.5199,0.5384,0,0
LSK.V,D,20191223,000000,0.5384,0.5961,0.5381,0.5581,0,0
LSK.V,D,20191224,000000,0.558,0.596,0.5551,0.5564,0,0
LSK.V,D,20191225,000000,0.5563,0.5766,0.544,0.5576,0,0
LSK.V,D,20191226,000000,0.5576,0.5962,0.5489,0.5763,0,0
LSK.V,D,20191227,000000,0.5763,0.5859,0.5612,0.5824,0,0
LSK.V,D,20191228,000000,0.5824,0.5887,0.5702,0.5717,0,0
LSK.V,D,20191229,000000,0.5715,0.574,0.5595,0.5689,0,0
LSK.V,D,20191230,000000,0.5689,0.5934,0.5598,0.5764,0,0
LSK.V,D,20191231,000000,0.5765,0.5769,0.5467,0.5547,0,0
LSK.V,D,20200101,000000,0.5545,0.5634,0.5467,0.5509,0,0
LSK.V,D,20200102,000000,0.5504,0.5529,0.518,0.5196,0,0
LSK.V,D,20200103,000000,0.5195,0.5638,0.5175,0.5578,0,0
LSK.V,D,20200104,000000,0.5577,0.5643,0.5543,0.5633,0,0
LSK.V,D,20200105,000000,0.5633,0.5868,0.5619,0.5708,0,0
LSK.V,D,20200106,000000,0.5709,0.5918,0.5691,0.5876,0,0
LSK.V,D,20200107,000000,0.5875,0.5989,0.5671,0.5722,0,0
LSK.V,D,20200108,000000,0.5727,0.5867,0.5435,0.5558,0,0
LSK.V,D,20200109,000000,0.556,0.7732,0.5488,0.6511,0,0
LSK.V,D,20200110,000000,0.6513,0.6999,0.6082,0.6189,0,0
LSK.V,D,20200111,000000,0.619,0.6352,0.6079,0.6244,0,0
LSK.V,D,20200112,000000,0.6243,0.6247,0.5941,0.6143,0,0
LSK.V,D,20200113,000000,0.6143,0.6286,0.5987,0.6158,0,0
LSK.V,D,20200114,000000,0.6158,0.6606,0.6051,0.6552,0,0
LSK.V,D,20200115,000000,0.6543,0.694,0.6376,0.6852,0,0
LSK.V,D,20200116,000000,0.6851,0.6942,0.6389,0.684,0,0
LSK.V,D,20200117,000000,0.6839,0.8108,0.6739,0.7718,0,0
LSK.V,D,20200118,000000,0.7717,0.798,0.704,0.7172,0,0
LSK.V,D,20200119,000000,0.7165,0.7308,0.6685,0.6869,0,0
LSK.V,D,20200120,000000,0.6868,0.7094,0.6731,0.6802,0,0
LSK.V,D,20200121,000000,0.6794,0.7183,0.6771,0.7073,0,0
LSK.V,D,20200122,000000,0.7072,0.7515,0.7026,0.729,0,0
LSK.V,D,20200123,000000,0.7291,0.7713,0.6881,0.7629,0,0
LSK.V,D,20200124,000000,0.7631,0.8237,0.7265,0.7592,0,0
LSK.V,D,20200125,000000,0.7592,0.8268,0.7237,0.7925,0,0
LSK.V,D,20200126,000000,0.7949,0.8043,0.7701,0.7854,0,0
LSK.V,D,20200127,000000,0.7855,0.7985,0.7605,0.7676,0,0
LSK.V,D,20200128,000000,0.7677,0.8273,0.7626,0.8196,0,0
LSK.V,D,20200129,000000,0.8194,0.9006,0.8136,0.8874,0,0
LSK.V,D,20200130,000000,0.8874,1.148,0.869,1.083,0,0
LSK.V,D,20200131,000000,1.083,1.116,0.9751,1.041,0,0
LSK.V,D,20200201,000000,1.041,1.041,0.9971,1.037,0,0
LSK.V,D,20200202,000000,1.037,1.085,0.9786,0.9881,0,0
LSK.V,D,20200203,000000,0.9861,1.087,0.9745,1.05,0,0
LSK.V,D,20200204,000000,1.05,1.245,1.042,1.205,0,0
LSK.V,D,20200205,000000,1.205,1.541,1.194,1.393,0,0
LSK.V,D,20200206,000000,1.393,1.487,1.312,1.345,0,0
LSK.V,D,20200207,000000,1.345,1.505,1.342,1.484,0,0
LSK.V,D,20200208,000000,1.484,1.834,1.391,1.638,0,0
LSK.V,D,20200209,000000,1.638,2.157,1.63,2.089,0,0
LSK.V,D,20200210,000000,2.091,2.671,1.812,1.959,0,0
LSK.V,D,20200211,000000,1.959,2.314,1.879,2.11,0,0
LSK.V,D,20200212,000000,2.11,2.15,1.923,1.976,0,0
LSK.V,D,20200213,000000,1.976,2.013,1.719,1.77,0,0
LSK.V,D,20200214,000000,1.77,1.991,1.766,1.896,0,0
LSK.V,D,20200215,000000,1.896,2.022,1.728,1.852,0,0
LSK.V,D,20200216,000000,1.852,1.992,1.726,1.805,0,0
LSK.V,D,20200217,000000,1.805,1.902,1.609,1.757,0,0
LSK.V,D,20200218,000000,1.755,1.839,1.703,1.818,0,0
LSK.V,D,20200219,000000,1.817,1.89,1.597,1.671,0,0
LSK.V,D,20200220,000000,1.671,1.672,1.542,1.578,0,0
LSK.V,D,20200221,000000,1.579,1.623,1.481,1.506,0,0
LSK.V,D,20200222,000000,1.509,1.522,1.39,1.421,0,0
LSK.V,D,20200223,000000,1.422,1.643,1.417,1.59,0,0
LSK.V,D,20200224,000000,1.591,1.649,1.415,1.495,0,0
LSK.V,D,20200225,000000,1.495,1.538,1.309,1.339,0,0
LSK.V,D,20200226,000000,1.339,1.565,1.146,1.322,0,0
LSK.V,D,20200227,000000,1.322,1.502,1.23,1.276,0,0
LSK.V,D,20200228,000000,1.275,1.376,1.241,1.338,0,0
LSK.V,D,20200229,000000,1.342,1.409,1.273,1.312,0,0
LSK.V,D,20200301,000000,1.313,1.41,1.282,1.358,0,0
LSK.V,D,20200302,000000,1.358,1.461,1.327,1.423,0,0
LSK.V,D,20200303,000000,1.422,1.422,1.343,1.358,0,0
LSK.V,D,20200304,000000,1.357,1.379,1.318,1.344,0,0
LSK.V,D,20200305,000000,1.344,1.419,1.342,1.391,0,0
LSK.V,D,20200306,000000,1.391,1.486,1.383,1.472,0,0
LSK.V,D,20200307,000000,1.472,1.477,1.346,1.385,0,0
LSK.V,D,20200308,000000,1.386,1.386,1.205,1.205,0,0
LSK.V,D,20200309,000000,1.204,1.216,1.045,1.108,0,0
LSK.V,D,20200310,000000,1.108,1.288,1.105,1.248,0,0
LSK.V,D,20200311,000000,1.247,1.269,1.145,1.201,0,0
LSK.V,D,20200312,000000,1.199,1.207,0.7468,0.7885,0,0
LSK.V,D,20200313,000000,0.7894,0.8861,0.5329,0.8373,0,0
LSK.V,D,20200314,000000,0.8377,0.8663,0.7643,0.7828,0,0
LSK.V,D,20200315,000000,0.7816,0.9288,0.7382,0.8538,0,0
LSK.V,D,20200316,000000,0.853,0.8948,0.7023,0.7891,0,0
LSK.V,D,20200317,000000,0.7896,0.9814,0.7857,0.976,0,0
LSK.V,D,20200318,000000,0.9753,1.07,0.9268,1.038,0,0
LSK.V,D,20200319,000000,1.039,1.23,1.008,1.182,0,0
LSK.V,D,20200320,000000,1.182,1.232,0.9526,1.061,0,0
LSK.V,D,20200321,000000,1.1,1.189,1.01,1.06,0,0
LSK.V,D,20200322,000000,1.013,1.167,0.9602,1.082,0,0
LSK.V,D,20200323,000000,1.082,1.163,0.9369,1.034,0,0
LSK.V,D,20200324,000000,1.034,1.137,0.9954,1.056,0,0
LSK.V,D,20200325,000000,1.057,1.079,0.9949,1.031,0,0
LSK.V,D,20200326,000000,1.03,1.033,0.9886,1.021,0,0
LSK.V,D,20200327,000000,1.021,1.047,1.01,1.04,0,0
LSK.V,D,20200328,000000,1.04,1.041,0.9558,0.9744,0,0
LSK.V,D,20200329,000000,0.9755,0.9836,0.8979,0.9002,0,0
LSK.V,D,20200330,000000,0.8999,0.9828,0.8956,0.9733,0,0
LSK.V,D,20200331,000000,0.9736,0.9842,0.9502,0.9753,0,0
LSK.V,D,20200401,000000,0.9752,0.9793,0.9294,0.952,0,0
LSK.V,D,20200402,000000,0.952,1.043,0.9487,0.9897,0,0
LSK.V,D,20200403,000000,0.9892,1.024,0.9739,0.9798,0,0
LSK.V,D,20200404,000000,0.9799,0.9973,0.9629,0.9837,0,0
LSK.V,D,20200405,000000,0.984,0.9881,0.9632,0.9726,0,0
LSK.V,D,20200406,000000,0.9727,1.047,0.9721,1.04,0,0
LSK.V,D,20200407,000000,1.04,1.11,1.02,1.04,0,0
LSK.V,D,20200408,000000,1.039,1.075,1.032,1.051,0,0
LSK.V,D,20200409,000000,1.051,1.059,1.021,1.049,0,0
LSK.V,D,20200410,000000,1.049,1.05,0.9464,0.9772,0,0
LSK.V,D,20200411,000000,0.9771,0.9863,0.9602,0.9707,0,0
LSK.V,D,20200412,000000,0.971,1.019,0.963,1.003,0,0
LSK.V,D,20200413,000000,1.003,1.005,0.9371,0.9656,0,0
LSK.V,D,20200414,000000,0.9658,1.034,0.9626,0.9984,0,0
LSK.V,D,20200415,000000,0.9986,1.12,0.9981,1.047,0,0
LSK.V,D,20200416,000000,1.047,1.073,0.9831,1.059,0,0
LSK.V,D,20200417,000000,1.059,1.073,1.022,1.041,0,0
LSK.V,D,20200418,000000,1.041,1.079,1.036,1.069,0,0
LSK.V,D,20200419,000000,1.069,1.074,1.03,1.052,0,0
LSK.V,D,20200420,000000,1.051,1.063,0.9814,1.004,0,0
LSK.V,D,20200421,000000,1.004,1.016,0.9402,0.9802,0,0
LSK.V,D,20200422,000000,0.9802,1.029,0.9729,1.021,0,0
LSK.V,D,20200423,000000,1.021,1.064,0.9931,1.048,0,0
LSK.V,D,20200424,000000,1.048,1.052,1.02,1.046,0,0
LSK.V,D,20200425,000000,1.046,1.079,1.045,1.05,0,0
LSK.V,D,20200426,000000,1.05,1.062,1.04,1.055,0,0
LSK.V,D,20200427,000000,1.055,1.172,1.048,1.132,0,0
LSK.V,D,20200428,000000,1.131,1.328,1.12,1.276,0,0
LSK.V,D,20200429,000000,1.276,1.311,1.241,1.293,0,0
LSK.V,D,20200430,000000,1.293,1.374,1.195,1.223,0,0
LSK.V,D,20200501,000000,1.223,1.282,1.21,1.23,0,0
LSK.V,D,20200502,000000,1.229,1.294,1.224,1.265,0,0
LSK.V,D,20200503,000000,1.265,1.3,1.214,1.232,0,0
LSK.V,D,20200504,000000,1.232,1.24,1.174,1.225,0,0
LSK.V,D,20200505,000000,1.225,1.233,1.19,1.219,0,0
LSK.V,D,20200506,000000,1.22,1.238,1.211,1.214,0,0
LSK.V,D,20200507,000000,1.214,1.23,1.186,1.207,0,0
LSK.V,D,20200508,000000,1.207,1.24,1.192,1.238,0,0
LSK.V,D,20200509,000000,1.239,1.252,1.2,1.201,0,0
LSK.V,D,20200510,000000,1.201,1.209,1.033,1.081,0,0
LSK.V,D,20200511,000000,1.082,1.106,1.002,1.037,0,0
LSK.V,D,20200512,000000,1.037,1.09,1.028,1.073,0,0
LSK.V,D,20200513,000000,1.073,1.179,1.073,1.157,0,0
LSK.V,D,20200514,000000,1.158,1.175,1.128,1.144,0,0
LSK.V,D,20200515,000000,1.144,1.151,1.1,1.119,0,0
LSK.V,D,20200516,000000,1.12,1.133,1.096,1.11,0,0
LSK.V,D,20200517,000000,1.11,1.143,1.102,1.134,0,0
LSK.V,D,20200518,000000,1.134,1.156,1.122,1.143,0,0
LSK.V,D,20200519,000000,1.143,1.157,1.123,1.148,0,0
LSK.V,D,20200520,000000,1.148,1.173,1.122,1.139,0,0
LSK.V,D,20200521,000000,1.139,1.166,1.066,1.114,0,0
LSK.V,D,20200522,000000,1.114,1.202,1.091,1.195,0,0
LSK.V,D,20200523,000000,1.195,1.266,1.185,1.237,0,0
LSK.V,D,20200524,000000,1.237,1.254,1.155,1.188,0,0
LSK.V,D,20200525,000000,1.188,1.199,1.145,1.196,0,0
LSK.V,D,20200526,000000,1.196,1.248,1.164,1.237,0,0
LSK.V,D,20200527,000000,1.237,1.253,1.185,1.218,0,0
LSK.V,D,20200528,000000,1.219,1.229,1.179,1.213,0,0
LSK.V,D,20200529,000000,1.213,1.235,1.183,1.204,0,0
LSK.V,D,20200530,000000,1.204,1.228,1.192,1.222,0,0
LSK.V,D,20200531,000000,1.222,1.252,1.21,1.222,0,0
LSK.V,D,20200601,000000,1.222,1.248,1.197,1.235,0,0
LSK.V,D,20200602,000000,1.236,1.28,1.161,1.205,0,0
LSK.V,D,20200603,000000,1.205,1.243,1.189,1.242,0,0
LSK.V,D,20200604,000000,1.242,1.275,1.235,1.25,0,0
LSK.V,D,20200605,000000,1.25,1.436,1.246,1.396,0,0
LSK.V,D,20200606,000000,1.396,1.396,1.314,1.333,0,0
LSK.V,D,20200607,000000,1.33,1.345,1.262,1.302,0,0
LSK.V,D,20200608,000000,1.302,1.322,1.28,1.32,0,0
LSK.V,D,20200609,000000,1.32,1.349,1.289,1.303,0,0
LSK.V,D,20200610,000000,1.303,1.333,1.262,1.287,0,0
LSK.V,D,20200611,000000,1.287,1.339,1.18,1.203,0,0
LSK.V,D,20200612,000000,1.205,1.259,1.153,1.221,0,0
LSK.V,D,20200613,000000,1.222,1.24,1.21,1.222,0,0
LSK.V,D,20200614,000000,1.222,1.246,1.198,1.203,0,0
LSK.V,D,20200615,000000,1.203,1.207,1.107,1.196,0,0
LSK.V,D,20200616,000000,1.194,1.222,1.187,1.21,0,0
LSK.V,D,20200617,000000,1.21,1.273,1.197,1.227,0,0
LSK.V,D,20200618,000000,1.227,1.265,1.214,1.25,0,0
LSK.V,D,20200619,000000,1.25,1.258,1.21,1.222,0,0
LSK.V,D,20200620,000000,1.222,1.239,1.21,1.226,0,0
LSK.V,D,20200621,000000,1.226,1.234,1.218,1.229,0,0
LSK.V,D,20200622,000000,1.229,1.279,1.214,1.252,0,0
LSK.V,D,20200623,000000,1.252,1.277,1.244,1.252,0,0
LSK.V,D,20200624,000000,1.252,1.271,1.178,1.185,0,0
LSK.V,D,20200625,000000,1.185,1.195,1.155,1.176,0,0
LSK.V,D,20200626,000000,1.176,1.18,1.136,1.145,0,0
LSK.V,D,20200627,000000,1.145,1.16,1.081,1.1,0,0
LSK.V,D,20200628,000000,1.1,1.14,1.079,1.133,0,0
LSK.V,D,20200629,000000,1.133,1.143,1.119,1.132,0,0
LSK.V,D,20200630,000000,1.132,1.145,1.119,1.138,0,0
LSK.V,D,20200701,000000,1.138,1.163,1.134,1.161,0,0
LSK.V,D,20200702,000000,1.161,1.166,1.109,1.14,0,0
LSK.V,D,20200703,000000,1.139,1.145,1.117,1.124,0,0
LSK.V,D,20200704,000000,1.124,1.146,1.116,1.135,0,0
LSK.V,D,20200705,000000,1.135,1.139,1.079,1.09,0,0
LSK.V,D,20200706,000000,1.09,1.151,1.09,1.136,0,0
LSK.V,D,20200707,000000,1.136,1.158,1.125,1.154,0,0
LSK.V,D,20200708,000000,1.154,1.265,1.146,1.229,0,0
LSK.V,D,20200709,000000,1.228,1.242,1.163,1.193,0,0
LSK.V,D,20200710,000000,1.193,1.197,1.159,1.186,0,0
LSK.V,D,20200711,000000,1.187,1.229,1.183,1.229,0,0
LSK.V,D,20200712,000000,1.229,1.257,1.213,1.244,0,0
LSK.V,D,20200713,000000,1.244,1.317,1.239,1.25,0,0
LSK.V,D,20200714,000000,1.25,1.25,1.204,1.224,0,0
LSK.V,D,20200715,000000,1.224,1.257,1.211,1.219,0,0
LSK.V,D,20200716,000000,1.219,1.221,1.146,1.168,0,0
LSK.V,D,20200717,000000,1.168,1.185,1.151,1.177,0,0
LSK.V,D,20200718,000000,1.179,1.246,1.179,1.233,0,0
LSK.V,D,20200719,000000,1.233,1.241,1.207,1.221,0,0
LSK.V,D,20200720,000000,1.222,1.268,1.209,1.25,0,0
LSK.V,D,20200721,000000,1.25,1.307,1.244,1.273,0,0
LSK.V,D,20200722,000000,1.276,1.287,1.257,1.272,0,0
LSK.V,D,20200723,000000,1.272,1.294,1.252,1.283,0,0
LSK.V,D,20200724,000000,1.283,1.284,1.241,1.246,0,0
LSK.V,D,20200725,000000,1.245,1.307,1.241,1.288,0,0
LSK.V,D,20200726,000000,1.289,1.3,1.251,1.268,0,0
LSK.V,D,20200727,000000,1.268,1.278,1.118,1.23,0,0
LSK.V,D,20200728,000000,1.23,1.278,1.209,1.256,0,0
LSK.V,D,20200729,000000,1.255,1.289,1.247,1.282,0,0
