<TICKER>,<PER>,<DATE>,<TIME>,<OPEN>,<HIGH>,<LOW>,<CLOSE>,<VOL>,<OPENINT>
MIOTA.V,D,20170613,000000,0.553,0.589,0.538,0.587,0,0
MIOTA.V,D,20170614,000000,0.587,0.6101,0.4795,0.5202,0,0
MIOTA.V,D,20170615,000000,0.5202,0.5447,0.2912,0.3467,0,0
MIOTA.V,D,20170616,000000,0.3467,0.599,0.3053,0.4082,0,0
MIOTA.V,D,20170617,000000,0.4082,0.4512,0.4,0.428,0,0
MIOTA.V,D,20170618,000000,0.428,0.4502,0.385,0.4056,0,0
MIOTA.V,D,20170619,000000,0.4056,0.435,0.395,0.4254,0,0
MIOTA.V,D,20170620,000000,0.4254,0.4472,0.411,0.4405,0,0
MIOTA.V,D,20170621,000000,0.4405,0.4624,0.415,0.425,0,0
MIOTA.V,D,20170622,000000,0.425,0.4499,0.4114,0.4373,0,0
MIOTA.V,D,20170623,000000,0.4373,0.4828,0.433,0.4828,0,0
MIOTA.V,D,20170624,000000,0.4828,0.6289,0.4767,0.5053,0,0
MIOTA.V,D,20170625,000000,0.5053,0.5214,0.4401,0.4653,0,0
MIOTA.V,D,20170626,000000,0.4653,0.4659,0.3401,0.408,0,0
MIOTA.V,D,20170627,000000,0.408,0.42,0.3483,0.394,0,0
MIOTA.V,D,20170628,000000,0.394,0.4,0.3511,0.373,0,0
MIOTA.V,D,20170629,000000,0.373,0.4599,0.3619,0.411,0,0
MIOTA.V,D,20170630,000000,0.411,0.449,0.393,0.398,0,0
MIOTA.V,D,20170701,000000,0.398,0.4129,0.3701,0.3811,0,0
MIOTA.V,D,20170702,000000,0.3811,0.39,0.36,0.3769,0,0
MIOTA.V,D,20170703,000000,0.3769,0.385,0.35,0.376,0,0
MIOTA.V,D,20170704,000000,0.376,0.4098,0.3702,0.3938,0,0
MIOTA.V,D,20170705,000000,0.3938,0.3987,0.3681,0.381,0,0
MIOTA.V,D,20170706,000000,0.381,0.3851,0.3033,0.3529,0,0
MIOTA.V,D,20170707,000000,0.3529,0.3565,0.27,0.2822,0,0
MIOTA.V,D,20170708,000000,0.2822,0.3202,0.2751,0.3003,0,0
MIOTA.V,D,20170709,000000,0.3003,0.3125,0.2829,0.3,0,0
MIOTA.V,D,20170710,000000,0.3,0.3041,0.1837,0.21,0,0
MIOTA.V,D,20170711,000000,0.21,0.2342,0.1837,0.1869,0,0
MIOTA.V,D,20170712,000000,0.1869,0.2395,0.1806,0.2288,0,0
MIOTA.V,D,20170713,000000,0.2288,0.239,0.1875,0.2129,0,0
MIOTA.V,D,20170714,000000,0.2129,0.2131,0.1602,0.1751,0,0
MIOTA.V,D,20170715,000000,0.1751,0.1763,0.1427,0.1582,0,0
MIOTA.V,D,20170716,000000,0.1582,0.188,0.155,0.178,0,0
MIOTA.V,D,20170717,000000,0.178,0.28,0.1767,0.264,0,0
MIOTA.V,D,20170718,000000,0.264,0.3123,0.246,0.268,0,0
MIOTA.V,D,20170719,000000,0.268,0.2849,0.23,0.2314,0,0
MIOTA.V,D,20170720,000000,0.2314,0.3043,0.2302,0.2937,0,0
MIOTA.V,D,20170721,000000,0.2937,0.3078,0.2452,0.2595,0,0
MIOTA.V,D,20170722,000000,0.2595,0.2785,0.2536,0.2716,0,0
MIOTA.V,D,20170723,000000,0.2716,0.28,0.2551,0.2649,0,0
MIOTA.V,D,20170724,000000,0.2649,0.273,0.2361,0.2674,0,0
MIOTA.V,D,20170725,000000,0.2674,0.2688,0.2365,0.25,0,0
MIOTA.V,D,20170726,000000,0.25,0.2845,0.2409,0.2744,0,0
MIOTA.V,D,20170727,000000,0.2744,0.285,0.2711,0.273,0,0
MIOTA.V,D,20170728,000000,0.273,0.2765,0.262,0.2651,0,0
MIOTA.V,D,20170729,000000,0.2651,0.278,0.243,0.2767,0,0
MIOTA.V,D,20170730,000000,0.2767,0.278,0.2502,0.2547,0,0
MIOTA.V,D,20170731,000000,0.2547,0.26,0.244,0.254,0,0
MIOTA.V,D,20170801,000000,0.254,0.294,0.2493,0.291,0,0
MIOTA.V,D,20170802,000000,0.291,0.2939,0.2715,0.286,0,0
MIOTA.V,D,20170803,000000,0.286,0.3392,0.285,0.3319,0,0
MIOTA.V,D,20170804,000000,0.3319,0.4217,0.3315,0.3937,0,0
MIOTA.V,D,20170805,000000,0.3937,0.4316,0.3601,0.408,0,0
MIOTA.V,D,20170806,000000,0.408,0.44,0.395,0.4299,0,0
MIOTA.V,D,20170807,000000,0.4299,0.49,0.411,0.474,0,0
MIOTA.V,D,20170808,000000,0.474,0.5517,0.4555,0.5481,0,0
MIOTA.V,D,20170809,000000,0.5481,0.557,0.5091,0.53,0,0
MIOTA.V,D,20170810,000000,0.53,0.5892,0.5069,0.5624,0,0
MIOTA.V,D,20170811,000000,0.5624,0.7177,0.5561,0.6547,0,0
MIOTA.V,D,20170812,000000,0.6547,0.73,0.6128,0.72,0,0
MIOTA.V,D,20170813,000000,0.72,0.83,0.69,0.8043,0,0
MIOTA.V,D,20170814,000000,0.8043,0.9797,0.7914,0.972,0,0
MIOTA.V,D,20170815,000000,0.972,0.995,0.75,0.917,0,0
MIOTA.V,D,20170816,000000,0.917,1.05,0.8633,1.04,0,0
MIOTA.V,D,20170817,000000,1.04,1.1,0.99,1.01,0,0
MIOTA.V,D,20170818,000000,1.01,1.04,0.7611,0.867,0,0
MIOTA.V,D,20170819,000000,0.867,0.9859,0.77,0.9791,0,0
MIOTA.V,D,20170820,000000,0.9791,1.03,0.91,0.9101,0,0
MIOTA.V,D,20170821,000000,0.9101,0.9408,0.84,0.9001,0,0
MIOTA.V,D,20170822,000000,0.9001,0.9046,0.7778,0.838,0,0
MIOTA.V,D,20170823,000000,0.838,0.9408,0.8303,0.851,0,0
MIOTA.V,D,20170824,000000,0.851,0.8949,0.7959,0.89,0,0
MIOTA.V,D,20170825,000000,0.891,0.9349,0.835,0.9164,0,0
MIOTA.V,D,20170826,000000,0.9164,0.9749,0.875,0.96,0,0
MIOTA.V,D,20170827,000000,0.96,0.9801,0.88,0.9193,0,0
MIOTA.V,D,20170828,000000,0.9194,0.929,0.78,0.8744,0,0
MIOTA.V,D,20170829,000000,0.8744,0.875,0.7053,0.8125,0,0
MIOTA.V,D,20170830,000000,0.8125,0.8765,0.7838,0.8675,0,0
MIOTA.V,D,20170831,000000,0.8675,0.9,0.82,0.8415,0,0
MIOTA.V,D,20170901,000000,0.8415,0.88,0.771,0.7927,0,0
MIOTA.V,D,20170902,000000,0.7927,0.7999,0.64,0.6921,0,0
MIOTA.V,D,20170903,000000,0.6921,0.777,0.666,0.7417,0,0
MIOTA.V,D,20170904,000000,0.7417,0.7442,0.3633,0.5484,0,0
MIOTA.V,D,20170905,000000,0.5484,0.6499,0.455,0.6132,0,0
MIOTA.V,D,20170906,000000,0.6132,0.7488,0.592,0.7394,0,0
MIOTA.V,D,20170907,000000,0.7394,0.74,0.6141,0.6479,0,0
MIOTA.V,D,20170908,000000,0.6479,0.66,0.4786,0.5373,0,0
MIOTA.V,D,20170909,000000,0.5373,0.584,0.5183,0.5594,0,0
MIOTA.V,D,20170910,000000,0.5594,0.569,0.4588,0.4989,0,0
MIOTA.V,D,20170911,000000,0.4989,0.569,0.479,0.5628,0,0
MIOTA.V,D,20170912,000000,0.5628,0.6495,0.5408,0.5918,0,0
MIOTA.V,D,20170913,000000,0.5918,0.5979,0.4714,0.5613,0,0
MIOTA.V,D,20170914,000000,0.5613,0.576,0.441,0.4494,0,0
MIOTA.V,D,20170915,000000,0.4494,0.5127,0.37,0.4797,0,0
MIOTA.V,D,20170916,000000,0.4797,0.5128,0.452,0.4848,0,0
MIOTA.V,D,20170917,000000,0.4848,0.5048,0.461,0.4958,0,0
MIOTA.V,D,20170918,000000,0.4958,0.6171,0.4934,0.6075,0,0
MIOTA.V,D,20170919,000000,0.6075,0.6145,0.5521,0.5585,0,0
MIOTA.V,D,20170920,000000,0.5585,0.5911,0.541,0.5674,0,0
MIOTA.V,D,20170921,000000,0.5674,0.5728,0.4653,0.4985,0,0
MIOTA.V,D,20170922,000000,0.4985,0.5178,0.471,0.505,0,0
MIOTA.V,D,20170923,000000,0.505,0.555,0.4935,0.54,0,0
MIOTA.V,D,20170924,000000,0.54,0.5424,0.5042,0.5213,0,0
MIOTA.V,D,20170925,000000,0.5213,0.569,0.5208,0.556,0,0
MIOTA.V,D,20170926,000000,0.556,0.56,0.5051,0.5146,0,0
MIOTA.V,D,20170927,000000,0.5146,0.5544,0.505,0.5509,0,0
MIOTA.V,D,20170928,000000,0.5509,0.6147,0.5261,0.5951,0,0
MIOTA.V,D,20170929,000000,0.5951,0.6103,0.541,0.5836,0,0
MIOTA.V,D,20170930,000000,0.5836,0.6493,0.576,0.6223,0,0
MIOTA.V,D,20171001,000000,0.6223,0.6318,0.591,0.6124,0,0
MIOTA.V,D,20171002,000000,0.6124,0.6225,0.5638,0.578,0,0
MIOTA.V,D,20171003,000000,0.578,0.582,0.512,0.5606,0,0
MIOTA.V,D,20171004,000000,0.5606,0.5697,0.515,0.5447,0,0
MIOTA.V,D,20171005,000000,0.5447,0.5681,0.5161,0.5424,0,0
MIOTA.V,D,20171006,000000,0.5424,0.5632,0.4874,0.504,0,0
MIOTA.V,D,20171007,000000,0.504,0.551,0.486,0.5369,0,0
MIOTA.V,D,20171008,000000,0.5369,0.54,0.493,0.5,0,0
MIOTA.V,D,20171009,000000,0.5,0.505,0.433,0.469,0,0
MIOTA.V,D,20171010,000000,0.469,0.4896,0.451,0.476,0,0
MIOTA.V,D,20171011,000000,0.476,0.4889,0.462,0.4816,0,0
MIOTA.V,D,20171012,000000,0.4816,0.4867,0.38,0.414,0,0
MIOTA.V,D,20171013,000000,0.414,0.4476,0.4,0.44,0,0
MIOTA.V,D,20171014,000000,0.44,0.4845,0.4293,0.4591,0,0
MIOTA.V,D,20171015,000000,0.4591,0.461,0.41,0.4383,0,0
MIOTA.V,D,20171016,000000,0.437,0.4597,0.42,0.4489,0,0
MIOTA.V,D,20171017,000000,0.4489,0.507,0.4311,0.468,0,0
MIOTA.V,D,20171018,000000,0.4686,0.479,0.425,0.453,0,0
MIOTA.V,D,20171019,000000,0.4543,0.4677,0.41,0.4326,0,0
MIOTA.V,D,20171020,000000,0.4327,0.4345,0.3857,0.3995,0,0
MIOTA.V,D,20171021,000000,0.3999,0.4065,0.3193,0.3882,0,0
MIOTA.V,D,20171022,000000,0.3882,0.408,0.3761,0.3823,0,0
MIOTA.V,D,20171023,000000,0.3822,0.394,0.34,0.388,0,0
MIOTA.V,D,20171024,000000,0.388,0.5059,0.3701,0.45,0,0
MIOTA.V,D,20171025,000000,0.455,0.4769,0.4271,0.443,0,0
MIOTA.V,D,20171026,000000,0.4434,0.457,0.4115,0.4168,0,0
MIOTA.V,D,20171027,000000,0.4155,0.44,0.39,0.4231,0,0
MIOTA.V,D,20171028,000000,0.4249,0.4309,0.391,0.3952,0,0
MIOTA.V,D,20171029,000000,0.3961,0.415,0.367,0.4024,0,0
MIOTA.V,D,20171030,000000,0.4032,0.415,0.3851,0.408,0,0
MIOTA.V,D,20171031,000000,0.4073,0.4087,0.3891,0.3918,0,0
MIOTA.V,D,20171101,000000,0.3912,0.3923,0.3517,0.3644,0,0
MIOTA.V,D,20171102,000000,0.3637,0.3847,0.32,0.3661,0,0
MIOTA.V,D,20171103,000000,0.3642,0.3967,0.3588,0.3927,0,0
MIOTA.V,D,20171104,000000,0.3937,0.3937,0.3649,0.3685,0,0
MIOTA.V,D,20171105,000000,0.3695,0.371,0.335,0.3506,0,0
MIOTA.V,D,20171106,000000,0.3506,0.3795,0.3387,0.3729,0,0
MIOTA.V,D,20171107,000000,0.374,0.398,0.3621,0.3824,0,0
MIOTA.V,D,20171108,000000,0.3824,0.4905,0.38,0.473,0,0
MIOTA.V,D,20171109,000000,0.4746,0.5999,0.464,0.5335,0,0
MIOTA.V,D,20171110,000000,0.5338,0.564,0.455,0.503,0,0
MIOTA.V,D,20171111,000000,0.5011,0.6249,0.4939,0.6199,0,0
MIOTA.V,D,20171112,000000,0.6237,0.635,0.505,0.5885,0,0
MIOTA.V,D,20171113,000000,0.5861,0.6394,0.5673,0.5861,0,0
MIOTA.V,D,20171114,000000,0.5835,0.6189,0.525,0.6059,0,0
MIOTA.V,D,20171115,000000,0.6059,0.7873,0.6,0.787,0,0
MIOTA.V,D,20171116,000000,0.787,0.8967,0.706,0.825,0,0
MIOTA.V,D,20171117,000000,0.825,0.8777,0.7263,0.791,0,0
MIOTA.V,D,20171118,000000,0.7912,0.849,0.7499,0.819,0,0
MIOTA.V,D,20171119,000000,0.8163,0.884,0.8047,0.8528,0,0
MIOTA.V,D,20171120,000000,0.851,0.984,0.85,0.9531,0,0
MIOTA.V,D,20171121,000000,0.9584,0.982,0.7463,0.8846,0,0
MIOTA.V,D,20171122,000000,0.8844,0.9551,0.8524,0.9009,0,0
MIOTA.V,D,20171123,000000,0.9009,0.915,0.779,0.7791,0,0
MIOTA.V,D,20171124,000000,0.7791,0.7942,0.668,0.7835,0,0
MIOTA.V,D,20171125,000000,0.7837,0.856,0.7051,0.8055,0,0
MIOTA.V,D,20171126,000000,0.8055,0.8055,0.8055,0.8055,0,0
MIOTA.V,D,20171127,000000,0.8055,1.1,0.7882,1.04,0,0
MIOTA.V,D,20171128,000000,1.04,1.47,1.02,1.45,0,0
MIOTA.V,D,20171129,000000,1.45,1.54,1.07,1.24,0,0
MIOTA.V,D,20171130,000000,1.24,1.38,1.08,1.31,0,0
MIOTA.V,D,20171201,000000,1.31,1.5,1.22,1.44,0,0
MIOTA.V,D,20171202,000000,1.44,1.45,1.33,1.44,0,0
MIOTA.V,D,20171203,000000,1.45,1.98,1.42,1.84,0,0
MIOTA.V,D,20171204,000000,1.84,2.89,1.83,2.63,0,0
MIOTA.V,D,20171205,000000,2.63,3.97,2.1,3.82,0,0
MIOTA.V,D,20171206,000000,3.74,5.58,3.51,4.45,0,0
MIOTA.V,D,20171207,000000,4.35,4.58,3.03,4.04,0,0
MIOTA.V,D,20171208,000000,4.04,4.95,3.43,4.93,0,0
MIOTA.V,D,20171209,000000,4.95,5.2,4.01,4.52,0,0
MIOTA.V,D,20171210,000000,4.53,4.53,3.58,3.98,0,0
MIOTA.V,D,20171211,000000,4.04,4.55,4,4.22,0,0
MIOTA.V,D,20171212,000000,4.22,5.03,4.13,4.73,0,0
MIOTA.V,D,20171213,000000,4.73,4.78,3.63,4.05,0,0
MIOTA.V,D,20171214,000000,4.05,4.33,3.25,3.67,0,0
MIOTA.V,D,20171215,000000,3.7,4.19,3.32,3.9,0,0
MIOTA.V,D,20171216,000000,3.9,4.04,3.4,3.59,0,0
MIOTA.V,D,20171217,000000,3.59,3.98,3.41,3.76,0,0
MIOTA.V,D,20171218,000000,3.76,4.38,3.52,4.16,0,0
MIOTA.V,D,20171219,000000,4.16,5.8,3.7,5.32,0,0
MIOTA.V,D,20171220,000000,5.32,5.55,4.5,4.87,0,0
MIOTA.V,D,20171221,000000,4.87,5.33,4.51,4.74,0,0
MIOTA.V,D,20171222,000000,4.74,4.83,3.38,3.38,0,0
MIOTA.V,D,20171223,000000,3.38,4.09,3.25,3.56,0,0
MIOTA.V,D,20171224,000000,3.56,3.6,2.72,3.42,0,0
MIOTA.V,D,20171225,000000,3.42,3.79,3.21,3.45,0,0
MIOTA.V,D,20171226,000000,3.45,3.79,3.43,3.77,0,0
MIOTA.V,D,20171227,000000,3.77,4.34,3.58,3.7,0,0
MIOTA.V,D,20171228,000000,3.7,3.77,3.21,3.65,0,0
MIOTA.V,D,20171229,000000,3.65,3.91,3.43,3.65,0,0
MIOTA.V,D,20171230,000000,3.65,3.74,2.9,3.24,0,0
MIOTA.V,D,20171231,000000,3.24,3.69,3.23,3.51,0,0
MIOTA.V,D,20180101,000000,3.51,4.2,3.39,3.9,0,0
MIOTA.V,D,20180102,000000,3.9,4.25,3.79,3.98,0,0
MIOTA.V,D,20180103,000000,3.98,4.18,3.9,4.13,0,0
MIOTA.V,D,20180104,000000,4.13,4.5,3.71,4.1,0,0
MIOTA.V,D,20180105,000000,4.1,4.19,3.62,3.76,0,0
MIOTA.V,D,20180106,000000,3.76,4.14,3.75,3.99,0,0
MIOTA.V,D,20180107,000000,3.99,4.44,3.95,4.08,0,0
MIOTA.V,D,20180108,000000,4.08,4.2,3.16,3.79,0,0
MIOTA.V,D,20180109,000000,3.79,3.92,3.41,3.53,0,0
MIOTA.V,D,20180110,000000,3.53,3.77,3.1,3.75,0,0
MIOTA.V,D,20180111,000000,3.74,3.8,2.95,3.35,0,0
MIOTA.V,D,20180112,000000,3.35,3.7,3.22,3.64,0,0
MIOTA.V,D,20180113,000000,3.64,4.08,3.64,3.9,0,0
MIOTA.V,D,20180114,000000,3.9,4.03,3.57,3.72,0,0
MIOTA.V,D,20180115,000000,3.72,3.77,3.41,3.47,0,0
MIOTA.V,D,20180116,000000,3.47,3.48,1.92,2.55,0,0
MIOTA.V,D,20180117,000000,2.55,2.93,1.93,2.7,0,0
MIOTA.V,D,20180118,000000,2.7,3.03,2.55,2.71,0,0
MIOTA.V,D,20180119,000000,2.71,2.91,2.4,2.66,0,0
MIOTA.V,D,20180120,000000,2.66,3.15,2.66,2.99,0,0
MIOTA.V,D,20180121,000000,2.99,2.99,2.6,2.77,0,0
MIOTA.V,D,20180122,000000,2.77,2.91,2.12,2.45,0,0
MIOTA.V,D,20180123,000000,2.45,2.64,2.2,2.51,0,0
MIOTA.V,D,20180124,000000,2.51,2.58,2.34,2.46,0,0
MIOTA.V,D,20180125,000000,2.46,2.6,2.33,2.35,0,0
MIOTA.V,D,20180126,000000,2.35,2.46,2.19,2.36,0,0
MIOTA.V,D,20180127,000000,2.36,2.5,2.34,2.46,0,0
MIOTA.V,D,20180128,000000,2.46,2.56,2.44,2.5,0,0
MIOTA.V,D,20180129,000000,2.5,2.59,2.38,2.55,0,0
MIOTA.V,D,20180130,000000,2.55,2.62,2.15,2.22,0,0
MIOTA.V,D,20180131,000000,2.22,2.35,2.17,2.3,0,0
MIOTA.V,D,20180201,000000,2.3,2.31,1.72,1.89,0,0
MIOTA.V,D,20180202,000000,1.89,1.95,1.43,1.8,0,0
MIOTA.V,D,20180203,000000,1.8,2.05,1.62,2.01,0,0
MIOTA.V,D,20180204,000000,2.01,2.08,1.6,1.74,0,0
MIOTA.V,D,20180205,000000,1.74,1.78,1.33,1.44,0,0
MIOTA.V,D,20180206,000000,1.44,1.72,1.2,1.59,0,0
MIOTA.V,D,20180207,000000,1.59,1.88,1.51,1.59,0,0
MIOTA.V,D,20180208,000000,1.59,1.88,1.59,1.76,0,0
MIOTA.V,D,20180209,000000,1.76,1.99,1.66,1.93,0,0
MIOTA.V,D,20180210,000000,1.93,2.11,1.73,1.83,0,0
MIOTA.V,D,20180211,000000,1.83,1.84,1.58,1.67,0,0
MIOTA.V,D,20180212,000000,1.67,1.91,1.67,1.88,0,0
MIOTA.V,D,20180213,000000,1.88,1.88,1.72,1.82,0,0
MIOTA.V,D,20180214,000000,1.82,2.04,1.77,2.03,0,0
MIOTA.V,D,20180215,000000,2.03,2.19,1.97,2.1,0,0
MIOTA.V,D,20180216,000000,2.1,2.18,1.96,2.1,0,0
MIOTA.V,D,20180217,000000,2.1,2.21,2.07,2.2,0,0
MIOTA.V,D,20180218,000000,2.2,2.21,1.91,1.96,0,0
MIOTA.V,D,20180219,000000,1.96,2.16,1.94,2.07,0,0
MIOTA.V,D,20180220,000000,2.07,2.12,1.82,1.88,0,0
MIOTA.V,D,20180221,000000,1.88,1.92,1.69,1.71,0,0
MIOTA.V,D,20180222,000000,1.71,1.85,1.54,1.6,0,0
MIOTA.V,D,20180223,000000,1.6,1.8,1.56,1.71,0,0
MIOTA.V,D,20180224,000000,1.71,1.79,1.62,1.74,0,0
MIOTA.V,D,20180225,000000,1.74,1.96,1.71,1.79,0,0
MIOTA.V,D,20180226,000000,1.79,1.91,1.74,1.85,0,0
MIOTA.V,D,20180227,000000,1.85,2.09,1.79,1.96,0,0
MIOTA.V,D,20180228,000000,1.96,2.02,1.82,1.85,0,0
MIOTA.V,D,20180301,000000,1.85,2.02,1.82,1.97,0,0
MIOTA.V,D,20180302,000000,1.97,2.02,1.85,1.92,0,0
MIOTA.V,D,20180303,000000,1.92,1.97,1.84,1.86,0,0
MIOTA.V,D,20180304,000000,1.86,1.92,1.81,1.89,0,0
MIOTA.V,D,20180305,000000,1.89,1.9,1.84,1.86,0,0
MIOTA.V,D,20180306,000000,1.86,1.9,1.61,1.68,0,0
MIOTA.V,D,20180307,000000,1.68,1.72,1.35,1.53,0,0
MIOTA.V,D,20180308,000000,1.53,1.54,1.35,1.37,0,0
MIOTA.V,D,20180309,000000,1.37,1.4,1.14,1.38,0,0
MIOTA.V,D,20180310,000000,1.38,1.48,1.27,1.29,0,0
MIOTA.V,D,20180311,000000,1.29,1.44,1.23,1.37,0,0
MIOTA.V,D,20180312,000000,1.37,1.42,1.26,1.33,0,0
MIOTA.V,D,20180313,000000,1.33,1.35,1.27,1.3,0,0
MIOTA.V,D,20180314,000000,1.3,1.32,1.09,1.11,0,0
MIOTA.V,D,20180315,000000,1.11,1.15,1.03,1.09,0,0
MIOTA.V,D,20180316,000000,1.09,1.15,1.02,1.09,0,0
MIOTA.V,D,20180317,000000,1.09,1.15,1.06,1.13,0,0
MIOTA.V,D,20180318,000000,1.13,1.31,1.05,1.23,0,0
MIOTA.V,D,20180319,000000,1.23,1.34,1.18,1.32,0,0
MIOTA.V,D,20180320,000000,1.32,1.53,1.28,1.44,0,0
MIOTA.V,D,20180321,000000,1.44,1.5,1.34,1.37,0,0
MIOTA.V,D,20180322,000000,1.37,1.42,1.26,1.32,0,0
MIOTA.V,D,20180323,000000,1.32,1.36,1.24,1.36,0,0
MIOTA.V,D,20180324,000000,1.36,1.42,1.31,1.32,0,0
MIOTA.V,D,20180325,000000,1.32,1.37,1.26,1.32,0,0
MIOTA.V,D,20180326,000000,1.32,1.33,1.18,1.23,0,0
MIOTA.V,D,20180327,000000,1.23,1.24,1.14,1.17,0,0
MIOTA.V,D,20180328,000000,1.17,1.25,1.16,1.18,0,0
MIOTA.V,D,20180329,000000,1.18,1.19,1.06,1.09,0,0
MIOTA.V,D,20180330,000000,1.09,1.14,1.05,1.11,0,0
MIOTA.V,D,20180331,000000,1.11,1.16,1.06,1.07,0,0
MIOTA.V,D,20180401,000000,1.07,1.09,0.94,0.9871,0,0
MIOTA.V,D,20180402,000000,0.9871,1.06,0.9812,1.03,0,0
MIOTA.V,D,20180403,000000,1.03,1.12,1.03,1.11,0,0
MIOTA.V,D,20180404,000000,1.11,1.11,0.955,0.9815,0,0
MIOTA.V,D,20180405,000000,0.9815,0.9942,0.925,0.972,0,0
MIOTA.V,D,20180406,000000,0.972,0.995,0.915,0.9316,0,0
MIOTA.V,D,20180407,000000,0.9316,1.03,0.9264,0.9799,0,0
MIOTA.V,D,20180408,000000,0.9799,1.05,0.9681,1.03,0,0
MIOTA.V,D,20180409,000000,1.03,1.07,0.9622,0.9905,0,0
MIOTA.V,D,20180410,000000,0.9905,1.02,0.96,1.01,0,0
MIOTA.V,D,20180411,000000,1.01,1.07,1,1.07,0,0
MIOTA.V,D,20180412,000000,1.07,1.4,1.03,1.34,0,0
MIOTA.V,D,20180413,000000,1.34,1.51,1.28,1.32,0,0
MIOTA.V,D,20180414,000000,1.32,1.47,1.29,1.44,0,0
MIOTA.V,D,20180415,000000,1.44,1.7,1.44,1.67,0,0
MIOTA.V,D,20180416,000000,1.67,1.7,1.52,1.63,0,0
MIOTA.V,D,20180417,000000,1.63,1.67,1.54,1.56,0,0
MIOTA.V,D,20180418,000000,1.56,1.72,1.54,1.69,0,0
MIOTA.V,D,20180419,000000,1.69,1.79,1.63,1.77,0,0
MIOTA.V,D,20180420,000000,1.77,2.02,1.74,1.98,0,0
MIOTA.V,D,20180421,000000,1.98,2.01,1.81,1.93,0,0
MIOTA.V,D,20180422,000000,1.93,2.12,1.87,2,0,0
MIOTA.V,D,20180423,000000,2,2.2,1.98,2.13,0,0
MIOTA.V,D,20180424,000000,2.13,2.24,2.11,2.13,0,0
MIOTA.V,D,20180425,000000,2.13,2.13,1.72,1.79,0,0
MIOTA.V,D,20180426,000000,1.79,2.07,1.7,2.04,0,0
MIOTA.V,D,20180427,000000,2.04,2.1,1.87,1.89,0,0
MIOTA.V,D,20180428,000000,1.89,2.09,1.87,2.03,0,0
MIOTA.V,D,20180429,000000,2.03,2.14,1.91,2.03,0,0
MIOTA.V,D,20180430,000000,2.03,2.05,1.92,1.96,0,0
MIOTA.V,D,20180501,000000,1.96,1.99,1.81,1.99,0,0
MIOTA.V,D,20180502,000000,1.99,2.35,1.94,2.26,0,0
MIOTA.V,D,20180503,000000,2.26,2.7,2.2,2.58,0,0
MIOTA.V,D,20180504,000000,2.58,2.59,2.33,2.45,0,0
MIOTA.V,D,20180505,000000,2.45,2.47,2.3,2.39,0,0
MIOTA.V,D,20180506,000000,2.39,2.52,2.19,2.3,0,0
MIOTA.V,D,20180507,000000,2.3,2.31,2.07,2.25,0,0
MIOTA.V,D,20180508,000000,2.25,2.55,2.23,2.44,0,0
MIOTA.V,D,20180509,000000,2.44,2.44,2.26,2.29,0,0
MIOTA.V,D,20180510,000000,2.29,2.32,2.13,2.14,0,0
MIOTA.V,D,20180511,000000,2.14,2.14,1.77,1.84,0,0
MIOTA.V,D,20180512,000000,1.84,1.95,1.69,1.9,0,0
MIOTA.V,D,20180513,000000,1.9,2.03,1.81,2,0,0
MIOTA.V,D,20180514,000000,2,2.02,1.8,1.93,0,0
MIOTA.V,D,20180515,000000,1.93,2.1,1.9,1.99,0,0
MIOTA.V,D,20180516,000000,1.99,1.99,1.79,1.89,0,0
MIOTA.V,D,20180517,000000,1.89,1.96,1.66,1.7,0,0
MIOTA.V,D,20180518,000000,1.7,1.78,1.64,1.76,0,0
MIOTA.V,D,20180519,000000,1.76,1.83,1.7,1.75,0,0
MIOTA.V,D,20180520,000000,1.75,1.85,1.73,1.83,0,0
MIOTA.V,D,20180521,000000,1.83,1.85,1.7,1.73,0,0
MIOTA.V,D,20180522,000000,1.73,1.75,1.61,1.62,0,0
MIOTA.V,D,20180523,000000,1.62,1.65,1.39,1.46,0,0
MIOTA.V,D,20180524,000000,1.46,1.55,1.38,1.54,0,0
MIOTA.V,D,20180525,000000,1.54,1.59,1.44,1.49,0,0
MIOTA.V,D,20180526,000000,1.49,1.55,1.46,1.47,0,0
MIOTA.V,D,20180527,000000,1.47,1.48,1.41,1.46,0,0
MIOTA.V,D,20180528,000000,1.46,1.48,1.34,1.35,0,0
MIOTA.V,D,20180529,000000,1.35,1.66,1.33,1.59,0,0
MIOTA.V,D,20180530,000000,1.59,1.65,1.51,1.57,0,0
MIOTA.V,D,20180531,000000,1.57,1.83,1.55,1.76,0,0
MIOTA.V,D,20180601,000000,1.76,1.95,1.71,1.92,0,0
MIOTA.V,D,20180602,000000,1.92,1.96,1.85,1.89,0,0
MIOTA.V,D,20180603,000000,1.89,2.03,1.74,1.81,0,0
MIOTA.V,D,20180604,000000,1.81,1.85,1.69,1.72,0,0
MIOTA.V,D,20180605,000000,1.72,1.78,1.66,1.75,0,0
MIOTA.V,D,20180606,000000,1.75,1.77,1.62,1.7,0,0
MIOTA.V,D,20180607,000000,1.7,1.77,1.67,1.7,0,0
MIOTA.V,D,20180608,000000,1.7,1.74,1.67,1.71,0,0
MIOTA.V,D,20180609,000000,1.71,1.76,1.63,1.65,0,0
MIOTA.V,D,20180610,000000,1.65,1.65,1.3,1.37,0,0
MIOTA.V,D,20180611,000000,1.37,1.47,1.31,1.45,0,0
MIOTA.V,D,20180612,000000,1.45,1.45,1.21,1.25,0,0
MIOTA.V,D,20180613,000000,1.25,1.29,1.12,1.2,0,0
MIOTA.V,D,20180614,000000,1.2,1.33,1.17,1.27,0,0
MIOTA.V,D,20180615,000000,1.27,1.3,1.15,1.18,0,0
MIOTA.V,D,20180616,000000,1.18,1.23,1.15,1.2,0,0
MIOTA.V,D,20180617,000000,1.2,1.21,1.16,1.17,0,0
MIOTA.V,D,20180618,000000,1.17,1.21,1.08,1.18,0,0
MIOTA.V,D,20180619,000000,1.18,1.25,1.16,1.18,0,0
MIOTA.V,D,20180620,000000,1.18,1.19,1.11,1.16,0,0
MIOTA.V,D,20180621,000000,1.16,1.19,1.14,1.16,0,0
MIOTA.V,D,20180622,000000,1.16,1.18,0.9311,0.9771,0,0
MIOTA.V,D,20180623,000000,0.9771,1.07,0.956,1.04,0,0
MIOTA.V,D,20180624,000000,1.04,1.04,0.8851,0.977,0,0
MIOTA.V,D,20180625,000000,0.977,1.06,0.9577,1.02,0,0
MIOTA.V,D,20180626,000000,1.02,1.03,0.9301,0.9392,0,0
MIOTA.V,D,20180627,000000,0.9392,1.02,0.918,0.9874,0,0
MIOTA.V,D,20180628,000000,0.9874,1,0.9013,0.9178,0,0
MIOTA.V,D,20180629,000000,0.9178,0.981,0.8877,0.9627,0,0
MIOTA.V,D,20180630,000000,0.9627,1.04,0.9625,1.01,0,0
MIOTA.V,D,20180701,000000,1.01,1.09,0.9903,1.07,0,0
MIOTA.V,D,20180702,000000,1.07,1.19,1.03,1.17,0,0
MIOTA.V,D,20180703,000000,1.17,1.24,1.13,1.15,0,0
MIOTA.V,D,20180704,000000,1.15,1.26,1.1,1.22,0,0
MIOTA.V,D,20180705,000000,1.22,1.22,1.11,1.15,0,0
MIOTA.V,D,20180706,000000,1.15,1.16,1.02,1.05,0,0
MIOTA.V,D,20180707,000000,1.05,1.1,1.03,1.1,0,0
MIOTA.V,D,20180708,000000,1.1,1.15,1.06,1.08,0,0
MIOTA.V,D,20180709,000000,1.08,1.1,1.03,1.04,0,0
MIOTA.V,D,20180710,000000,1.04,1.04,0.9433,0.9568,0,0
MIOTA.V,D,20180711,000000,0.9568,1.01,0.9346,1,0,0
MIOTA.V,D,20180712,000000,1,1,0.93,0.9661,0,0
MIOTA.V,D,20180713,000000,0.9661,1,0.955,0.9623,0,0
MIOTA.V,D,20180714,000000,0.9623,0.9953,0.9573,0.971,0,0
MIOTA.V,D,20180715,000000,0.971,1.02,0.9677,1,0,0
MIOTA.V,D,20180716,000000,1,1.11,0.986,1.09,0,0
MIOTA.V,D,20180717,000000,1.09,1.17,1.05,1.14,0,0
MIOTA.V,D,20180718,000000,1.14,1.18,1.07,1.09,0,0
MIOTA.V,D,20180719,000000,1.09,1.09,1.03,1.04,0,0
MIOTA.V,D,20180720,000000,1.04,1.04,0.9412,0.9608,0,0
MIOTA.V,D,20180721,000000,0.9608,1.02,0.942,0.999,0,0
MIOTA.V,D,20180722,000000,0.999,1.01,0.962,0.9791,0,0
MIOTA.V,D,20180723,000000,0.9791,1.01,0.92,0.9317,0,0
MIOTA.V,D,20180724,000000,0.9317,1,0.9066,0.9801,0,0
MIOTA.V,D,20180725,000000,0.9801,1.02,0.961,0.9861,0,0
MIOTA.V,D,20180726,000000,0.9861,1.06,0.9855,1.02,0,0
MIOTA.V,D,20180727,000000,1.02,1.04,0.973,1.01,0,0
MIOTA.V,D,20180728,000000,1.01,1.03,0.9975,1.03,0,0
MIOTA.V,D,20180729,000000,1.03,1.04,1,1.01,0,0
MIOTA.V,D,20180730,000000,1.01,1.02,0.9508,0.9751,0,0
MIOTA.V,D,20180731,000000,0.9751,0.9867,0.9306,0.9479,0,0
MIOTA.V,D,20180801,000000,0.9479,0.9503,0.901,0.9266,0,0
MIOTA.V,D,20180802,000000,0.9266,0.9373,0.8735,0.885,0,0
MIOTA.V,D,20180803,000000,0.885,0.9676,0.7735,0.96,0,0
MIOTA.V,D,20180804,000000,0.96,0.9789,0.8334,0.849,0,0
MIOTA.V,D,20180805,000000,0.849,1.03,0.8456,0.9108,0,0
MIOTA.V,D,20180806,000000,0.9108,0.929,0.7501,0.7809,0,0
MIOTA.V,D,20180807,000000,0.7809,0.803,0.6771,0.7198,0,0
MIOTA.V,D,20180808,000000,0.7198,0.7212,0.5947,0.615,0,0
MIOTA.V,D,20180809,000000,0.615,0.6738,0.5959,0.6383,0,0
MIOTA.V,D,20180810,000000,0.6383,0.6468,0.5431,0.5723,0,0
MIOTA.V,D,20180811,000000,0.5723,0.5743,0.5011,0.5191,0,0
MIOTA.V,D,20180812,000000,0.5191,0.5523,0.5145,0.5403,0,0
MIOTA.V,D,20180813,000000,0.5403,0.55,0.4531,0.4562,0,0
MIOTA.V,D,20180814,000000,0.4562,0.4609,0.4037,0.4482,0,0
MIOTA.V,D,20180815,000000,0.4482,0.4942,0.4363,0.443,0,0
MIOTA.V,D,20180816,000000,0.443,0.479,0.4316,0.4649,0,0
MIOTA.V,D,20180817,000000,0.4649,0.5747,0.4628,0.5637,0,0
MIOTA.V,D,20180818,000000,0.5637,0.575,0.465,0.4971,0,0
MIOTA.V,D,20180819,000000,0.4971,0.569,0.481,0.5377,0,0
MIOTA.V,D,20180820,000000,0.5377,0.5456,0.4862,0.4945,0,0
MIOTA.V,D,20180821,000000,0.4945,0.5394,0.4945,0.519,0,0
MIOTA.V,D,20180822,000000,0.519,0.565,0.457,0.4775,0,0
MIOTA.V,D,20180823,000000,0.4775,0.5148,0.4753,0.5071,0,0
MIOTA.V,D,20180824,000000,0.5071,0.529,0.4924,0.5237,0,0
MIOTA.V,D,20180825,000000,0.5237,0.5472,0.5193,0.5384,0,0
MIOTA.V,D,20180826,000000,0.5384,0.58,0.5171,0.5638,0,0
MIOTA.V,D,20180827,000000,0.5638,0.6969,0.5582,0.6727,0,0
MIOTA.V,D,20180828,000000,0.6727,0.799,0.654,0.769,0,0
MIOTA.V,D,20180829,000000,0.769,0.8152,0.7083,0.7276,0,0
MIOTA.V,D,20180830,000000,0.7276,0.7298,0.656,0.7175,0,0
MIOTA.V,D,20180831,000000,0.7175,0.7382,0.6933,0.7099,0,0
MIOTA.V,D,20180901,000000,0.7099,0.7603,0.7062,0.7407,0,0
MIOTA.V,D,20180902,000000,0.7407,0.7439,0.6993,0.7185,0,0
MIOTA.V,D,20180903,000000,0.7185,0.7311,0.676,0.6993,0,0
MIOTA.V,D,20180904,000000,0.6993,0.7448,0.6882,0.7012,0,0
MIOTA.V,D,20180905,000000,0.7012,0.7168,0.565,0.5794,0,0
MIOTA.V,D,20180906,000000,0.5794,0.6069,0.53,0.6011,0,0
MIOTA.V,D,20180907,000000,0.6011,0.617,0.5512,0.563,0,0
MIOTA.V,D,20180908,000000,0.563,0.591,0.516,0.53,0,0
MIOTA.V,D,20180909,000000,0.53,0.585,0.5117,0.5564,0,0
MIOTA.V,D,20180910,000000,0.5564,0.5999,0.553,0.5746,0,0
MIOTA.V,D,20180911,000000,0.5746,0.583,0.523,0.5453,0,0
MIOTA.V,D,20180912,000000,0.5453,0.5572,0.5,0.5486,0,0
MIOTA.V,D,20180913,000000,0.5486,0.6067,0.5484,0.5754,0,0
MIOTA.V,D,20180914,000000,0.5754,0.6175,0.5516,0.571,0,0
MIOTA.V,D,20180915,000000,0.571,0.5919,0.5565,0.5691,0,0
MIOTA.V,D,20180916,000000,0.5691,0.5849,0.5537,0.5785,0,0
MIOTA.V,D,20180917,000000,0.5785,0.589,0.5258,0.5331,0,0
MIOTA.V,D,20180918,000000,0.5331,0.548,0.4964,0.5334,0,0
MIOTA.V,D,20180919,000000,0.5334,0.5439,0.5046,0.5304,0,0
MIOTA.V,D,20180920,000000,0.5304,0.5823,0.5235,0.5658,0,0
MIOTA.V,D,20180921,000000,0.5658,0.6346,0.5566,0.6287,0,0
MIOTA.V,D,20180922,000000,0.6287,0.6498,0.5733,0.6081,0,0
MIOTA.V,D,20180923,000000,0.6081,0.634,0.5961,0.6104,0,0
MIOTA.V,D,20180924,000000,0.6104,0.6145,0.5312,0.5597,0,0
MIOTA.V,D,20180925,000000,0.5608,0.5744,0.5255,0.5699,0,0
MIOTA.V,D,20180926,000000,0.5699,0.5781,0.5451,0.5466,0,0
MIOTA.V,D,20180927,000000,0.5466,0.5999,0.5325,0.5853,0,0
MIOTA.V,D,20180928,000000,0.5853,0.597,0.5568,0.5733,0,0
MIOTA.V,D,20180929,000000,0.5733,0.5747,0.551,0.5631,0,0
MIOTA.V,D,20180930,000000,0.5631,0.5774,0.5566,0.568,0,0
MIOTA.V,D,20181001,000000,0.568,0.5847,0.5409,0.5614,0,0
MIOTA.V,D,20181002,000000,0.5614,0.5712,0.55,0.5603,0,0
MIOTA.V,D,20181003,000000,0.5603,0.5606,0.542,0.554,0,0
MIOTA.V,D,20181004,000000,0.554,0.5781,0.5518,0.5572,0,0
MIOTA.V,D,20181005,000000,0.5572,0.59,0.5528,0.5765,0,0
MIOTA.V,D,20181006,000000,0.5765,0.5813,0.56,0.566,0,0
MIOTA.V,D,20181007,000000,0.566,0.5788,0.558,0.5757,0,0
MIOTA.V,D,20181008,000000,0.5757,0.61,0.5725,0.6035,0,0
MIOTA.V,D,20181009,000000,0.6035,0.6088,0.585,0.5929,0,0
MIOTA.V,D,20181010,000000,0.5929,0.5968,0.57,0.5883,0,0
MIOTA.V,D,20181011,000000,0.5883,0.5883,0.4707,0.4812,0,0
MIOTA.V,D,20181012,000000,0.4812,0.512,0.4746,0.4905,0,0
MIOTA.V,D,20181013,000000,0.4905,0.51,0.4892,0.4951,0,0
MIOTA.V,D,20181014,000000,0.4951,0.5099,0.4859,0.49,0,0
MIOTA.V,D,20181015,000000,0.49,0.56,0.4817,0.5134,0,0
MIOTA.V,D,20181016,000000,0.5134,0.5197,0.5051,0.5144,0,0
MIOTA.V,D,20181017,000000,0.5144,0.5319,0.5094,0.5239,0,0
MIOTA.V,D,20181018,000000,0.5239,0.5367,0.4975,0.5021,0,0
MIOTA.V,D,20181019,000000,0.5021,0.5065,0.4904,0.4947,0,0
MIOTA.V,D,20181020,000000,0.4947,0.5137,0.4947,0.5046,0,0
MIOTA.V,D,20181021,000000,0.5046,0.514,0.5005,0.5005,0,0
MIOTA.V,D,20181022,000000,0.5005,0.5081,0.4915,0.4976,0,0
MIOTA.V,D,20181023,000000,0.4976,0.507,0.4914,0.4998,0,0
MIOTA.V,D,20181024,000000,0.4998,0.5063,0.4958,0.497,0,0
MIOTA.V,D,20181025,000000,0.497,0.5048,0.4922,0.499,0,0
MIOTA.V,D,20181026,000000,0.499,0.5033,0.4927,0.4952,0,0
MIOTA.V,D,20181027,000000,0.4952,0.4966,0.4755,0.4807,0,0
MIOTA.V,D,20181028,000000,0.4807,0.4831,0.4751,0.482,0,0
MIOTA.V,D,20181029,000000,0.482,0.4831,0.445,0.4496,0,0
MIOTA.V,D,20181030,000000,0.4496,0.4625,0.4492,0.4525,0,0
MIOTA.V,D,20181031,000000,0.4525,0.4738,0.4381,0.4685,0,0
MIOTA.V,D,20181101,000000,0.4685,0.4815,0.4625,0.4763,0,0
MIOTA.V,D,20181102,000000,0.4763,0.4934,0.4715,0.4871,0,0
MIOTA.V,D,20181103,000000,0.4871,0.4877,0.4734,0.4807,0,0
MIOTA.V,D,20181104,000000,0.4807,0.5158,0.47,0.5022,0,0
MIOTA.V,D,20181105,000000,0.5022,0.5107,0.4939,0.5075,0,0
MIOTA.V,D,20181106,000000,0.5075,0.5223,0.4991,0.5187,0,0
MIOTA.V,D,20181107,000000,0.5187,0.5258,0.4954,0.5065,0,0
MIOTA.V,D,20181108,000000,0.5065,0.5112,0.477,0.4852,0,0
MIOTA.V,D,20181109,000000,0.4852,0.504,0.4725,0.479,0,0
MIOTA.V,D,20181110,000000,0.479,0.5,0.4745,0.4852,0,0
MIOTA.V,D,20181111,000000,0.4852,0.4883,0.4781,0.4858,0,0
MIOTA.V,D,20181112,000000,0.4858,0.5087,0.4847,0.4994,0,0
MIOTA.V,D,20181113,000000,0.4994,0.51,0.4937,0.5,0,0
MIOTA.V,D,20181114,000000,0.5,0.5095,0.3502,0.4404,0,0
MIOTA.V,D,20181115,000000,0.4404,0.446,0.3899,0.4274,0,0
MIOTA.V,D,20181116,000000,0.4274,0.4299,0.4072,0.415,0,0
MIOTA.V,D,20181117,000000,0.415,0.425,0.4,0.412,0,0
MIOTA.V,D,20181118,000000,0.412,0.4232,0.41,0.4121,0,0
MIOTA.V,D,20181119,000000,0.4121,0.4121,0.342,0.3552,0,0
MIOTA.V,D,20181120,000000,0.3552,0.3682,0.28,0.3046,0,0
MIOTA.V,D,20181121,000000,0.3046,0.3374,0.297,0.3323,0,0
MIOTA.V,D,20181122,000000,0.3323,0.34,0.3014,0.304,0,0
MIOTA.V,D,20181123,000000,0.304,0.3249,0.2901,0.3207,0,0
MIOTA.V,D,20181124,000000,0.3207,0.3326,0.262,0.282,0,0
MIOTA.V,D,20181125,000000,0.282,0.2976,0.2511,0.2901,0,0
MIOTA.V,D,20181126,000000,0.2901,0.3005,0.257,0.2756,0,0
MIOTA.V,D,20181127,000000,0.2756,0.2798,0.258,0.2732,0,0
MIOTA.V,D,20181128,000000,0.2732,0.315,0.2727,0.3019,0,0
MIOTA.V,D,20181129,000000,0.3019,0.3162,0.29,0.3086,0,0
MIOTA.V,D,20181130,000000,0.3086,0.3103,0.2771,0.2878,0,0
MIOTA.V,D,20181201,000000,0.2878,0.3049,0.2814,0.3,0,0
MIOTA.V,D,20181202,000000,0.3,0.3164,0.2888,0.2938,0,0
MIOTA.V,D,20181203,000000,0.2938,0.2972,0.265,0.272,0,0
MIOTA.V,D,20181204,000000,0.272,0.2907,0.261,0.2779,0,0
MIOTA.V,D,20181205,000000,0.2779,0.2793,0.2522,0.2565,0,0
MIOTA.V,D,20181206,000000,0.2565,0.2663,0.225,0.2305,0,0
MIOTA.V,D,20181207,000000,0.2305,0.2556,0.2051,0.2353,0,0
MIOTA.V,D,20181208,000000,0.2353,0.2438,0.2159,0.2277,0,0
MIOTA.V,D,20181209,000000,0.2277,0.2507,0.2249,0.2385,0,0
MIOTA.V,D,20181210,000000,0.2385,0.2426,0.2278,0.2338,0,0
MIOTA.V,D,20181211,000000,0.2338,0.2351,0.22,0.2248,0,0
MIOTA.V,D,20181212,000000,0.2248,0.239,0.224,0.2345,0,0
MIOTA.V,D,20181213,000000,0.2345,0.2349,0.214,0.2212,0,0
MIOTA.V,D,20181214,000000,0.2212,0.224,0.2091,0.2147,0,0
MIOTA.V,D,20181215,000000,0.2147,0.2259,0.2075,0.223,0,0
MIOTA.V,D,20181216,000000,0.223,0.2376,0.2211,0.2252,0,0
MIOTA.V,D,20181217,000000,0.2252,0.2678,0.2246,0.26,0,0
MIOTA.V,D,20181218,000000,0.26,0.2969,0.2524,0.2954,0,0
MIOTA.V,D,20181219,000000,0.2954,0.3163,0.2839,0.2843,0,0
MIOTA.V,D,20181220,000000,0.2843,0.3628,0.2827,0.3535,0,0
MIOTA.V,D,20181221,000000,0.3535,0.3618,0.323,0.3305,0,0
MIOTA.V,D,20181222,000000,0.3305,0.3549,0.33,0.3518,0,0
MIOTA.V,D,20181223,000000,0.3518,0.3938,0.3481,0.369,0,0
MIOTA.V,D,20181224,000000,0.369,0.3992,0.355,0.3617,0,0
MIOTA.V,D,20181225,000000,0.3617,0.3629,0.3201,0.3384,0,0
MIOTA.V,D,20181226,000000,0.3384,0.3546,0.3232,0.3376,0,0
MIOTA.V,D,20181227,000000,0.3376,0.3473,0.3168,0.3216,0,0
MIOTA.V,D,20181228,000000,0.3216,0.3759,0.318,0.3726,0,0
MIOTA.V,D,20181229,000000,0.3726,0.382,0.3535,0.3595,0,0
MIOTA.V,D,20181230,000000,0.3595,0.3695,0.3511,0.3669,0,0
MIOTA.V,D,20181231,000000,0.3669,0.3779,0.3513,0.3606,0,0
MIOTA.V,D,20190101,000000,0.3606,0.3768,0.3555,0.3753,0,0
MIOTA.V,D,20190102,000000,0.3753,0.4081,0.3709,0.4013,0,0
MIOTA.V,D,20190103,000000,0.4013,0.4054,0.3831,0.3866,0,0
MIOTA.V,D,20190104,000000,0.3866,0.3976,0.3699,0.3829,0,0
MIOTA.V,D,20190105,000000,0.3829,0.3919,0.3738,0.3739,0,0
MIOTA.V,D,20190106,000000,0.3739,0.3951,0.3601,0.388,0,0
MIOTA.V,D,20190107,000000,0.388,0.3912,0.3703,0.376,0,0
MIOTA.V,D,20190108,000000,0.376,0.3839,0.3626,0.3682,0,0
MIOTA.V,D,20190109,000000,0.3682,0.3807,0.3672,0.3735,0,0
MIOTA.V,D,20190110,000000,0.3735,0.3791,0.294,0.3138,0,0
MIOTA.V,D,20190111,000000,0.3138,0.3244,0.3098,0.3158,0,0
MIOTA.V,D,20190112,000000,0.3158,0.3185,0.3024,0.3139,0,0
MIOTA.V,D,20190113,000000,0.3139,0.3157,0.285,0.2878,0,0
MIOTA.V,D,20190114,000000,0.2878,0.3151,0.272,0.3095,0,0
MIOTA.V,D,20190115,000000,0.3095,0.3138,0.2849,0.3004,0,0
MIOTA.V,D,20190116,000000,0.3004,0.3129,0.2926,0.2991,0,0
MIOTA.V,D,20190117,000000,0.2991,0.3277,0.2913,0.3132,0,0
MIOTA.V,D,20190118,000000,0.3132,0.3176,0.3061,0.3085,0,0
MIOTA.V,D,20190119,000000,0.3085,0.3325,0.3067,0.3167,0,0
MIOTA.V,D,20190120,000000,0.3167,0.3205,0.2912,0.2972,0,0
MIOTA.V,D,20190121,000000,0.2972,0.3194,0.2972,0.3034,0,0
MIOTA.V,D,20190122,000000,0.3034,0.3143,0.2884,0.3083,0,0
MIOTA.V,D,20190123,000000,0.3083,0.3101,0.2917,0.2981,0,0
MIOTA.V,D,20190124,000000,0.2981,0.3019,0.2909,0.2962,0,0
MIOTA.V,D,20190125,000000,0.2962,0.2971,0.2855,0.2881,0,0
MIOTA.V,D,20190126,000000,0.2881,0.294,0.283,0.2839,0,0
MIOTA.V,D,20190127,000000,0.2839,0.2865,0.2667,0.2725,0,0
MIOTA.V,D,20190128,000000,0.2725,0.2737,0.2474,0.2581,0,0
MIOTA.V,D,20190129,000000,0.2581,0.2628,0.2499,0.2555,0,0
MIOTA.V,D,20190130,000000,0.2555,0.2692,0.2543,0.2659,0,0
MIOTA.V,D,20190131,000000,0.2659,0.278,0.2545,0.26,0,0
MIOTA.V,D,20190201,000000,0.26,0.2622,0.2464,0.2607,0,0
MIOTA.V,D,20190202,000000,0.2607,0.2689,0.2508,0.2666,0,0
MIOTA.V,D,20190203,000000,0.2666,0.2682,0.2514,0.2547,0,0
MIOTA.V,D,20190204,000000,0.2547,0.2619,0.252,0.2572,0,0
MIOTA.V,D,20190205,000000,0.2572,0.2598,0.2544,0.2562,0,0
MIOTA.V,D,20190206,000000,0.2562,0.2582,0.2409,0.2449,0,0
MIOTA.V,D,20190207,000000,0.2449,0.2614,0.2448,0.257,0,0
MIOTA.V,D,20190208,000000,0.257,0.2898,0.2535,0.2828,0,0
MIOTA.V,D,20190209,000000,0.2828,0.2869,0.2749,0.2809,0,0
MIOTA.V,D,20190210,000000,0.2809,0.2939,0.276,0.287,0,0
MIOTA.V,D,20190211,000000,0.287,0.2871,0.2704,0.2706,0,0
MIOTA.V,D,20190212,000000,0.2706,0.2811,0.2662,0.2771,0,0
MIOTA.V,D,20190213,000000,0.2771,0.2811,0.2694,0.274,0,0
MIOTA.V,D,20190214,000000,0.274,0.2746,0.2662,0.2694,0,0
MIOTA.V,D,20190215,000000,0.2694,0.2826,0.2678,0.2755,0,0
MIOTA.V,D,20190216,000000,0.2755,0.281,0.2712,0.2771,0,0
MIOTA.V,D,20190217,000000,0.2771,0.2911,0.2746,0.2814,0,0
MIOTA.V,D,20190218,000000,0.2814,0.3138,0.2777,0.3099,0,0
MIOTA.V,D,20190219,000000,0.3099,0.3232,0.2959,0.31,0,0
MIOTA.V,D,20190220,000000,0.31,0.3189,0.3022,0.3175,0,0
MIOTA.V,D,20190221,000000,0.3175,0.3176,0.2985,0.3023,0,0
MIOTA.V,D,20190222,000000,0.3023,0.3102,0.2994,0.3031,0,0
MIOTA.V,D,20190223,000000,0.3031,0.326,0.2988,0.3239,0,0
MIOTA.V,D,20190224,000000,0.3239,0.3317,0.2605,0.2852,0,0
MIOTA.V,D,20190225,000000,0.2852,0.2962,0.2799,0.291,0,0
MIOTA.V,D,20190226,000000,0.291,0.2929,0.2854,0.2872,0,0
MIOTA.V,D,20190227,000000,0.2872,0.2926,0.28,0.2889,0,0
MIOTA.V,D,20190228,000000,0.2889,0.2928,0.2861,0.2886,0,0
MIOTA.V,D,20190301,000000,0.2886,0.31,0.2885,0.3,0,0
MIOTA.V,D,20190302,000000,0.3,0.3014,0.2889,0.2975,0,0
MIOTA.V,D,20190303,000000,0.2975,0.2999,0.2713,0.288,0,0
MIOTA.V,D,20190304,000000,0.288,0.2896,0.2689,0.2777,0,0
MIOTA.V,D,20190305,000000,0.2777,0.2909,0.2749,0.2859,0,0
MIOTA.V,D,20190306,000000,0.2859,0.2879,0.2729,0.2865,0,0
MIOTA.V,D,20190307,000000,0.2865,0.2898,0.277,0.2845,0,0
MIOTA.V,D,20190308,000000,0.2845,0.2879,0.2663,0.28,0,0
MIOTA.V,D,20190309,000000,0.28,0.2953,0.2779,0.2861,0,0
MIOTA.V,D,20190310,000000,0.2861,0.2877,0.2825,0.2856,0,0
MIOTA.V,D,20190311,000000,0.2856,0.2903,0.2754,0.2829,0,0
MIOTA.V,D,20190312,000000,0.2829,0.2889,0.2767,0.2875,0,0
MIOTA.V,D,20190313,000000,0.2875,0.2975,0.2855,0.2914,0,0
MIOTA.V,D,20190314,000000,0.2914,0.3067,0.2849,0.3019,0,0
MIOTA.V,D,20190315,000000,0.3019,0.3058,0.2998,0.3036,0,0
MIOTA.V,D,20190316,000000,0.3036,0.3158,0.3016,0.3092,0,0
MIOTA.V,D,20190317,000000,0.3092,0.3095,0.2982,0.3,0,0
MIOTA.V,D,20190318,000000,0.3,0.3044,0.293,0.298,0,0
MIOTA.V,D,20190319,000000,0.298,0.3011,0.294,0.2993,0,0
MIOTA.V,D,20190320,000000,0.2993,0.3066,0.294,0.3035,0,0
MIOTA.V,D,20190321,000000,0.3035,0.3181,0.287,0.3178,0,0
MIOTA.V,D,20190322,000000,0.3178,0.3251,0.3096,0.3131,0,0
MIOTA.V,D,20190323,000000,0.3131,0.3235,0.3117,0.3146,0,0
MIOTA.V,D,20190324,000000,0.3146,0.3146,0.3074,0.3098,0,0
MIOTA.V,D,20190325,000000,0.3098,0.3098,0.2948,0.2995,0,0
MIOTA.V,D,20190326,000000,0.2995,0.2999,0.2901,0.2972,0,0
MIOTA.V,D,20190327,000000,0.2972,0.3099,0.2953,0.3092,0,0
MIOTA.V,D,20190328,000000,0.3092,0.3117,0.3026,0.3071,0,0
MIOTA.V,D,20190329,000000,0.3071,0.3134,0.3021,0.3123,0,0
MIOTA.V,D,20190330,000000,0.3123,0.3163,0.3046,0.3111,0,0
MIOTA.V,D,20190331,000000,0.3111,0.3121,0.3053,0.3104,0,0
MIOTA.V,D,20190401,000000,0.3104,0.3307,0.3081,0.3242,0,0
MIOTA.V,D,20190402,000000,0.3242,0.3581,0.3242,0.3555,0,0
MIOTA.V,D,20190403,000000,0.3555,0.3846,0.3271,0.3388,0,0
MIOTA.V,D,20190404,000000,0.3388,0.3545,0.3277,0.334,0,0
MIOTA.V,D,20190405,000000,0.334,0.3562,0.3323,0.3562,0,0
MIOTA.V,D,20190406,000000,0.3562,0.3589,0.3407,0.3476,0,0
MIOTA.V,D,20190407,000000,0.3476,0.3692,0.3461,0.3617,0,0
MIOTA.V,D,20190408,000000,0.3617,0.3638,0.3414,0.3572,0,0
MIOTA.V,D,20190409,000000,0.3572,0.3574,0.3414,0.3477,0,0
MIOTA.V,D,20190410,000000,0.3477,0.3651,0.3311,0.3461,0,0
MIOTA.V,D,20190411,000000,0.3461,0.3474,0.3106,0.3226,0,0
MIOTA.V,D,20190412,000000,0.3226,0.3267,0.3108,0.3219,0,0
MIOTA.V,D,20190413,000000,0.3219,0.3261,0.3161,0.3196,0,0
MIOTA.V,D,20190414,000000,0.3196,0.3211,0.2945,0.3181,0,0
MIOTA.V,D,20190415,000000,0.3181,0.3184,0.2986,0.3021,0,0
MIOTA.V,D,20190416,000000,0.3021,0.3143,0.3008,0.3109,0,0
MIOTA.V,D,20190417,000000,0.3109,0.3123,0.2998,0.3079,0,0
MIOTA.V,D,20190418,000000,0.3079,0.3168,0.3064,0.3083,0,0
MIOTA.V,D,20190419,000000,0.3083,0.3105,0.3033,0.3085,0,0
MIOTA.V,D,20190420,000000,0.3085,0.3139,0.3071,0.3107,0,0
MIOTA.V,D,20190421,000000,0.3107,0.314,0.2958,0.304,0,0
MIOTA.V,D,20190422,000000,0.304,0.3106,0.2998,0.3067,0,0
MIOTA.V,D,20190423,000000,0.3067,0.3096,0.2912,0.2944,0,0
MIOTA.V,D,20190424,000000,0.2944,0.2959,0.2737,0.2822,0,0
MIOTA.V,D,20190425,000000,0.2822,0.2851,0.2558,0.2623,0,0
MIOTA.V,D,20190426,000000,0.2623,0.2748,0.2366,0.2733,0,0
MIOTA.V,D,20190427,000000,0.2733,0.2734,0.2616,0.2665,0,0
MIOTA.V,D,20190428,000000,0.2661,0.2814,0.2545,0.2751,0,0
MIOTA.V,D,20190429,000000,0.2751,0.3264,0.2751,0.3178,0,0
MIOTA.V,D,20190430,000000,0.3178,0.3219,0.2981,0.3136,0,0
MIOTA.V,D,20190501,000000,0.3136,0.3146,0.2969,0.3051,0,0
MIOTA.V,D,20190502,000000,0.3051,0.3074,0.2913,0.2976,0,0
MIOTA.V,D,20190503,000000,0.2976,0.3053,0.2924,0.2982,0,0
MIOTA.V,D,20190504,000000,0.2982,0.3018,0.2812,0.2893,0,0
MIOTA.V,D,20190505,000000,0.2893,0.2928,0.2809,0.2867,0,0
MIOTA.V,D,20190506,000000,0.2867,0.2974,0.2705,0.2914,0,0
MIOTA.V,D,20190507,000000,0.2914,0.2972,0.2744,0.2752,0,0
MIOTA.V,D,20190508,000000,0.2752,0.2943,0.27,0.2871,0,0
MIOTA.V,D,20190509,000000,0.2871,0.2884,0.2737,0.2757,0,0
MIOTA.V,D,20190510,000000,0.2757,0.286,0.2725,0.28,0,0
MIOTA.V,D,20190511,000000,0.28,0.3198,0.2769,0.3146,0,0
MIOTA.V,D,20190512,000000,0.3146,0.3182,0.2946,0.3024,0,0
MIOTA.V,D,20190513,000000,0.3024,0.3515,0.3,0.3369,0,0
MIOTA.V,D,20190514,000000,0.3369,0.3783,0.3349,0.3741,0,0
MIOTA.V,D,20190515,000000,0.3741,0.4396,0.3732,0.4372,0,0
MIOTA.V,D,20190516,000000,0.4372,0.4644,0.4005,0.4138,0,0
MIOTA.V,D,20190517,000000,0.4138,0.4254,0.3576,0.3962,0,0
MIOTA.V,D,20190518,000000,0.3962,0.4018,0.3753,0.3807,0,0
MIOTA.V,D,20190519,000000,0.3807,0.4286,0.3801,0.4228,0,0
MIOTA.V,D,20190520,000000,0.4228,0.424,0.3864,0.4072,0,0
MIOTA.V,D,20190521,000000,0.4072,0.4263,0.3995,0.4132,0,0
MIOTA.V,D,20190522,000000,0.4132,0.4245,0.3821,0.3843,0,0
MIOTA.V,D,20190523,000000,0.3843,0.3915,0.3618,0.3873,0,0
MIOTA.V,D,20190524,000000,0.3873,0.4026,0.3782,0.3827,0,0
MIOTA.V,D,20190525,000000,0.3827,0.3938,0.3762,0.3823,0,0
MIOTA.V,D,20190526,000000,0.3823,0.4206,0.3725,0.4087,0,0
MIOTA.V,D,20190527,000000,0.4087,0.4513,0.3995,0.4386,0,0
MIOTA.V,D,20190528,000000,0.4386,0.5086,0.4165,0.4831,0,0
MIOTA.V,D,20190529,000000,0.4831,0.5542,0.4605,0.5156,0,0
MIOTA.V,D,20190530,000000,0.5156,0.5536,0.4628,0.4756,0,0
MIOTA.V,D,20190531,000000,0.4756,0.51,0.4596,0.5079,0,0
MIOTA.V,D,20190601,000000,0.5079,0.514,0.4632,0.4803,0,0
MIOTA.V,D,20190602,000000,0.4803,0.5014,0.4758,0.4904,0,0
MIOTA.V,D,20190603,000000,0.4904,0.4934,0.4367,0.4419,0,0
MIOTA.V,D,20190604,000000,0.4419,0.4477,0.4129,0.4262,0,0
MIOTA.V,D,20190605,000000,0.4262,0.4371,0.4173,0.4293,0,0
MIOTA.V,D,20190606,000000,0.4293,0.4357,0.401,0.4226,0,0
MIOTA.V,D,20190607,000000,0.4226,0.4581,0.4196,0.4437,0,0
MIOTA.V,D,20190608,000000,0.4437,0.4498,0.4121,0.43,0,0
MIOTA.V,D,20190609,000000,0.43,0.4334,0.3949,0.4066,0,0
MIOTA.V,D,20190610,000000,0.4066,0.4335,0.3996,0.4283,0,0
MIOTA.V,D,20190611,000000,0.4283,0.4307,0.4067,0.4222,0,0
MIOTA.V,D,20190612,000000,0.4222,0.4416,0.4161,0.4349,0,0
MIOTA.V,D,20190613,000000,0.4349,0.4508,0.4289,0.4394,0,0
MIOTA.V,D,20190614,000000,0.4394,0.442,0.4147,0.4305,0,0
MIOTA.V,D,20190615,000000,0.4305,0.4435,0.427,0.4365,0,0
MIOTA.V,D,20190616,000000,0.4365,0.4678,0.4314,0.4467,0,0
MIOTA.V,D,20190617,000000,0.4467,0.454,0.4267,0.4437,0,0
MIOTA.V,D,20190618,000000,0.4437,0.4445,0.4273,0.4311,0,0
MIOTA.V,D,20190619,000000,0.4311,0.4425,0.4283,0.4367,0,0
MIOTA.V,D,20190620,000000,0.4367,0.4394,0.4081,0.4177,0,0
MIOTA.V,D,20190621,000000,0.4177,0.4376,0.4176,0.427,0,0
MIOTA.V,D,20190622,000000,0.427,0.4761,0.4216,0.4646,0,0
MIOTA.V,D,20190623,000000,0.4646,0.4786,0.4394,0.4507,0,0
MIOTA.V,D,20190624,000000,0.4507,0.4617,0.4347,0.4585,0,0
MIOTA.V,D,20190625,000000,0.4585,0.4611,0.4377,0.4473,0,0
MIOTA.V,D,20190626,000000,0.4473,0.486,0.4172,0.4397,0,0
MIOTA.V,D,20190627,000000,0.4397,0.4476,0.3756,0.3973,0,0
MIOTA.V,D,20190628,000000,0.3973,0.4227,0.3825,0.4137,0,0
MIOTA.V,D,20190629,000000,0.4137,0.4266,0.397,0.4218,0,0
MIOTA.V,D,20190630,000000,0.4218,0.4256,0.3892,0.3903,0,0
MIOTA.V,D,20190701,000000,0.3903,0.4092,0.384,0.4057,0,0
MIOTA.V,D,20190702,000000,0.4057,0.4072,0.3821,0.3992,0,0
MIOTA.V,D,20190703,000000,0.3992,0.4079,0.3921,0.4053,0,0
MIOTA.V,D,20190704,000000,0.4053,0.4062,0.3847,0.3884,0,0
MIOTA.V,D,20190705,000000,0.3884,0.3938,0.3806,0.3828,0,0
MIOTA.V,D,20190706,000000,0.3828,0.3995,0.3818,0.39,0,0
MIOTA.V,D,20190707,000000,0.39,0.3974,0.3871,0.396,0,0
MIOTA.V,D,20190708,000000,0.396,0.4133,0.395,0.4045,0,0
MIOTA.V,D,20190709,000000,0.4045,0.4095,0.391,0.3952,0,0
MIOTA.V,D,20190710,000000,0.3952,0.3991,0.3534,0.367,0,0
MIOTA.V,D,20190711,000000,0.367,0.367,0.3313,0.3448,0,0
MIOTA.V,D,20190712,000000,0.3448,0.3604,0.3364,0.3541,0,0
MIOTA.V,D,20190713,000000,0.3541,0.3542,0.3351,0.345,0,0
MIOTA.V,D,20190714,000000,0.345,0.3457,0.3009,0.306,0,0
MIOTA.V,D,20190715,000000,0.306,0.3101,0.2856,0.3092,0,0
MIOTA.V,D,20190716,000000,0.3092,0.3097,0.2545,0.2672,0,0
MIOTA.V,D,20190717,000000,0.2672,0.2951,0.2614,0.2844,0,0
MIOTA.V,D,20190718,000000,0.2844,0.3103,0.2749,0.305,0,0
MIOTA.V,D,20190719,000000,0.305,0.3091,0.2925,0.3031,0,0
MIOTA.V,D,20190720,000000,0.3031,0.3349,0.2984,0.318,0,0
MIOTA.V,D,20190721,000000,0.318,0.3256,0.3081,0.315,0,0
MIOTA.V,D,20190722,000000,0.315,0.3167,0.2951,0.3,0,0
MIOTA.V,D,20190723,000000,0.3,0.3036,0.2858,0.2929,0,0
MIOTA.V,D,20190724,000000,0.2929,0.3115,0.2855,0.3109,0,0
MIOTA.V,D,20190725,000000,0.3109,0.3156,0.3008,0.3041,0,0
MIOTA.V,D,20190726,000000,0.3041,0.3053,0.2956,0.3009,0,0
MIOTA.V,D,20190727,000000,0.3009,0.307,0.2826,0.2871,0,0
MIOTA.V,D,20190728,000000,0.2871,0.2919,0.2677,0.2845,0,0
MIOTA.V,D,20190729,000000,0.2845,0.289,0.2775,0.2833,0,0
MIOTA.V,D,20190730,000000,0.2833,0.2875,0.277,0.285,0,0
MIOTA.V,D,20190731,000000,0.285,0.2971,0.2842,0.2908,0,0
MIOTA.V,D,20190801,000000,0.2908,0.292,0.2823,0.2883,0,0
MIOTA.V,D,20190802,000000,0.2883,0.2942,0.2849,0.2877,0,0
MIOTA.V,D,20190803,000000,0.2877,0.2919,0.2825,0.283,0,0
MIOTA.V,D,20190804,000000,0.283,0.2875,0.2774,0.2842,0,0
MIOTA.V,D,20190805,000000,0.2842,0.2994,0.284,0.2911,0,0
MIOTA.V,D,20190806,000000,0.2911,0.2969,0.2729,0.2786,0,0
MIOTA.V,D,20190807,000000,0.2786,0.2867,0.2733,0.2766,0,0
MIOTA.V,D,20190808,000000,0.2766,0.279,0.267,0.2759,0,0
MIOTA.V,D,20190809,000000,0.2759,0.2762,0.2502,0.2549,0,0
MIOTA.V,D,20190810,000000,0.2549,0.264,0.2508,0.2615,0,0
MIOTA.V,D,20190811,000000,0.2615,0.286,0.2605,0.2702,0,0
MIOTA.V,D,20190812,000000,0.2702,0.2702,0.2583,0.2594,0,0
MIOTA.V,D,20190813,000000,0.2594,0.2595,0.2519,0.2576,0,0
MIOTA.V,D,20190814,000000,0.2576,0.2581,0.2284,0.2329,0,0
MIOTA.V,D,20190815,000000,0.2329,0.2457,0.2205,0.2429,0,0
MIOTA.V,D,20190816,000000,0.2429,0.2451,0.2309,0.2418,0,0
MIOTA.V,D,20190817,000000,0.2418,0.248,0.2387,0.2424,0,0
MIOTA.V,D,20190818,000000,0.2424,0.2531,0.2401,0.2472,0,0
MIOTA.V,D,20190819,000000,0.2472,0.2558,0.2459,0.2515,0,0
MIOTA.V,D,20190820,000000,0.2515,0.253,0.2402,0.2496,0,0
MIOTA.V,D,20190821,000000,0.2496,0.2509,0.2331,0.2398,0,0
MIOTA.V,D,20190822,000000,0.2398,0.2697,0.2341,0.2615,0,0
MIOTA.V,D,20190823,000000,0.2615,0.2658,0.2564,0.26,0,0
MIOTA.V,D,20190824,000000,0.26,0.2653,0.2524,0.2591,0,0
MIOTA.V,D,20190825,000000,0.2591,0.2799,0.2585,0.266,0,0
MIOTA.V,D,20190826,000000,0.266,0.2766,0.264,0.2696,0,0
MIOTA.V,D,20190827,000000,0.2696,0.27,0.2583,0.2603,0,0
MIOTA.V,D,20190828,000000,0.2603,0.2622,0.241,0.2424,0,0
MIOTA.V,D,20190829,000000,0.2424,0.2588,0.2334,0.2498,0,0
MIOTA.V,D,20190830,000000,0.2498,0.2536,0.2449,0.2527,0,0
MIOTA.V,D,20190831,000000,0.2527,0.2536,0.2426,0.2469,0,0
MIOTA.V,D,20190901,000000,0.2469,0.2501,0.2386,0.241,0,0
MIOTA.V,D,20190902,000000,0.241,0.2555,0.2402,0.2494,0,0
MIOTA.V,D,20190903,000000,0.2494,0.2524,0.2461,0.2497,0,0
MIOTA.V,D,20190904,000000,0.2497,0.2502,0.242,0.2473,0,0
MIOTA.V,D,20190905,000000,0.2473,0.2487,0.2386,0.2426,0,0
MIOTA.V,D,20190906,000000,0.2426,0.2447,0.2265,0.2304,0,0
MIOTA.V,D,20190907,000000,0.2304,0.2419,0.2295,0.2409,0,0
MIOTA.V,D,20190908,000000,0.2409,0.2485,0.2387,0.2443,0,0
MIOTA.V,D,20190909,000000,0.2443,0.2459,0.2353,0.2389,0,0
MIOTA.V,D,20190910,000000,0.2389,0.2424,0.2375,0.2389,0,0
MIOTA.V,D,20190911,000000,0.2389,0.241,0.2349,0.2383,0,0
MIOTA.V,D,20190912,000000,0.2383,0.2389,0.234,0.237,0,0
MIOTA.V,D,20190913,000000,0.237,0.2425,0.2351,0.2419,0,0
MIOTA.V,D,20190914,000000,0.2419,0.249,0.239,0.2476,0,0
MIOTA.V,D,20190915,000000,0.2476,0.2501,0.2436,0.249,0,0
MIOTA.V,D,20190916,000000,0.249,0.2539,0.2435,0.2495,0,0
MIOTA.V,D,20190917,000000,0.2495,0.2658,0.2481,0.2614,0,0
MIOTA.V,D,20190918,000000,0.2614,0.3151,0.2613,0.2977,0,0
MIOTA.V,D,20190919,000000,0.2977,0.3036,0.2754,0.2983,0,0
MIOTA.V,D,20190920,000000,0.2983,0.3142,0.2868,0.3141,0,0
MIOTA.V,D,20190921,000000,0.3141,0.3148,0.2906,0.2931,0,0
MIOTA.V,D,20190922,000000,0.2931,0.2934,0.2753,0.2783,0,0
MIOTA.V,D,20190923,000000,0.2783,0.2935,0.2773,0.2774,0,0
MIOTA.V,D,20190924,000000,0.2774,0.2842,0.2396,0.2532,0,0
MIOTA.V,D,20190925,000000,0.2532,0.2699,0.2412,0.262,0,0
MIOTA.V,D,20190926,000000,0.262,0.2688,0.245,0.266,0,0
MIOTA.V,D,20190927,000000,0.266,0.2696,0.2543,0.2633,0,0
MIOTA.V,D,20190928,000000,0.2633,0.2653,0.2593,0.2637,0,0
MIOTA.V,D,20190929,000000,0.2637,0.2641,0.2509,0.2597,0,0
MIOTA.V,D,20190930,000000,0.2597,0.2676,0.2518,0.2654,0,0
MIOTA.V,D,20191001,000000,0.2654,0.2786,0.2625,0.2699,0,0
MIOTA.V,D,20191002,000000,0.2699,0.2819,0.268,0.2815,0,0
MIOTA.V,D,20191003,000000,0.2815,0.2817,0.2679,0.2721,0,0
MIOTA.V,D,20191004,000000,0.2721,0.274,0.2671,0.2708,0,0
MIOTA.V,D,20191005,000000,0.2708,0.2795,0.2683,0.2765,0,0
MIOTA.V,D,20191006,000000,0.2765,0.2767,0.2651,0.2685,0,0
MIOTA.V,D,20191007,000000,0.2685,0.2844,0.2667,0.2829,0,0
MIOTA.V,D,20191008,000000,0.2829,0.2871,0.2706,0.2763,0,0
MIOTA.V,D,20191009,000000,0.2763,0.2837,0.2697,0.2805,0,0
MIOTA.V,D,20191010,000000,0.2805,0.2813,0.271,0.2776,0,0
MIOTA.V,D,20191011,000000,0.2776,0.2795,0.2669,0.2704,0,0
MIOTA.V,D,20191012,000000,0.2704,0.2739,0.267,0.2691,0,0
MIOTA.V,D,20191013,000000,0.2691,0.2846,0.2686,0.2793,0,0
MIOTA.V,D,20191014,000000,0.2793,0.2846,0.2773,0.2844,0,0
MIOTA.V,D,20191015,000000,0.2844,0.2862,0.2748,0.2801,0,0
MIOTA.V,D,20191016,000000,0.2801,0.2818,0.2656,0.2721,0,0
MIOTA.V,D,20191017,000000,0.2721,0.2807,0.269,0.2771,0,0
MIOTA.V,D,20191018,000000,0.2771,0.2783,0.2607,0.2718,0,0
MIOTA.V,D,20191019,000000,0.2718,0.2736,0.267,0.2695,0,0
MIOTA.V,D,20191020,000000,0.2695,0.2744,0.2665,0.2707,0,0
MIOTA.V,D,20191021,000000,0.2707,0.2721,0.265,0.2701,0,0
MIOTA.V,D,20191022,000000,0.2701,0.2763,0.2686,0.2707,0,0
MIOTA.V,D,20191023,000000,0.2707,0.2736,0.2437,0.253,0,0
MIOTA.V,D,20191024,000000,0.253,0.2563,0.2519,0.2547,0,0
MIOTA.V,D,20191025,000000,0.2547,0.276,0.2526,0.2721,0,0
MIOTA.V,D,20191026,000000,0.2721,0.2826,0.2603,0.2689,0,0
MIOTA.V,D,20191027,000000,0.2689,0.2766,0.2583,0.2733,0,0
MIOTA.V,D,20191028,000000,0.2733,0.3004,0.2706,0.2864,0,0
MIOTA.V,D,20191029,000000,0.2864,0.2906,0.2778,0.2816,0,0
MIOTA.V,D,20191030,000000,0.2816,0.2925,0.2761,0.2833,0,0
MIOTA.V,D,20191031,000000,0.2833,0.2836,0.2678,0.272,0,0
MIOTA.V,D,20191101,000000,0.272,0.2765,0.2678,0.2738,0,0
MIOTA.V,D,20191102,000000,0.2738,0.2771,0.2719,0.273,0,0
MIOTA.V,D,20191103,000000,0.273,0.2748,0.268,0.2694,0,0
MIOTA.V,D,20191104,000000,0.2694,0.276,0.2676,0.2743,0,0
MIOTA.V,D,20191105,000000,0.2743,0.2784,0.2708,0.2765,0,0
MIOTA.V,D,20191106,000000,0.2765,0.2846,0.2754,0.281,0,0
MIOTA.V,D,20191107,000000,0.281,0.2835,0.2617,0.2707,0,0
MIOTA.V,D,20191108,000000,0.2707,0.2713,0.2603,0.2641,0,0
MIOTA.V,D,20191109,000000,0.2641,0.2662,0.2623,0.2661,0,0
MIOTA.V,D,20191110,000000,0.2661,0.2694,0.2639,0.2673,0,0
MIOTA.V,D,20191111,000000,0.2673,0.2682,0.2575,0.2586,0,0
MIOTA.V,D,20191112,000000,0.2586,0.2654,0.2572,0.2603,0,0
MIOTA.V,D,20191113,000000,0.2603,0.2613,0.2577,0.2581,0,0
MIOTA.V,D,20191114,000000,0.2581,0.2681,0.2568,0.2632,0,0
MIOTA.V,D,20191115,000000,0.2632,0.2647,0.2506,0.2586,0,0
MIOTA.V,D,20191116,000000,0.2586,0.2588,0.2546,0.2564,0,0
MIOTA.V,D,20191117,000000,0.2564,0.2601,0.2542,0.2572,0,0
MIOTA.V,D,20191118,000000,0.2572,0.2612,0.2456,0.2508,0,0
MIOTA.V,D,20191119,000000,0.2508,0.251,0.2399,0.2463,0,0
MIOTA.V,D,20191120,000000,0.2463,0.2473,0.2394,0.2409,0,0
MIOTA.V,D,20191121,000000,0.2409,0.2423,0.2192,0.228,0,0
MIOTA.V,D,20191122,000000,0.228,0.2298,0.1884,0.2102,0,0
MIOTA.V,D,20191123,000000,0.2102,0.2158,0.204,0.215,0,0
MIOTA.V,D,20191124,000000,0.215,0.2155,0.2007,0.2021,0,0
MIOTA.V,D,20191125,000000,0.2021,0.2148,0.1906,0.2097,0,0
MIOTA.V,D,20191126,000000,0.2097,0.2127,0.204,0.212,0,0
MIOTA.V,D,20191127,000000,0.212,0.2159,0.2017,0.2117,0,0
MIOTA.V,D,20191128,000000,0.2117,0.2158,0.2074,0.2105,0,0
MIOTA.V,D,20191129,000000,0.2105,0.2191,0.21,0.2191,0,0
MIOTA.V,D,20191130,000000,0.2191,0.2195,0.2045,0.2104,0,0
MIOTA.V,D,20191201,000000,0.2104,0.2104,0.1991,0.2055,0,0
MIOTA.V,D,20191202,000000,0.2055,0.213,0.1971,0.2074,0,0
MIOTA.V,D,20191203,000000,0.2074,0.2094,0.2013,0.2039,0,0
MIOTA.V,D,20191204,000000,0.2039,0.2089,0.1944,0.1972,0,0
MIOTA.V,D,20191205,000000,0.1972,0.2055,0.1963,0.2043,0,0
MIOTA.V,D,20191206,000000,0.2043,0.2065,0.2009,0.2059,0,0
MIOTA.V,D,20191207,000000,0.2059,0.2088,0.2038,0.2044,0,0
MIOTA.V,D,20191208,000000,0.2044,0.2078,0.202,0.2068,0,0
MIOTA.V,D,20191209,000000,0.2068,0.2114,0.2013,0.2032,0,0
MIOTA.V,D,20191210,000000,0.2032,0.2039,0.1933,0.198,0,0
MIOTA.V,D,20191211,000000,0.198,0.2,0.1959,0.198,0,0
MIOTA.V,D,20191212,000000,0.198,0.1994,0.1934,0.1935,0,0
MIOTA.V,D,20191213,000000,0.1935,0.1947,0.1902,0.1941,0,0
MIOTA.V,D,20191214,000000,0.1941,0.1942,0.186,0.1893,0,0
MIOTA.V,D,20191215,000000,0.1893,0.1915,0.1869,0.1873,0,0
MIOTA.V,D,20191216,000000,0.1873,0.1888,0.1724,0.174,0,0
MIOTA.V,D,20191217,000000,0.174,0.1757,0.1527,0.1542,0,0
MIOTA.V,D,20191218,000000,0.1542,0.1606,0.1494,0.1592,0,0
MIOTA.V,D,20191219,000000,0.1592,0.1653,0.1522,0.1632,0,0
MIOTA.V,D,20191220,000000,0.1632,0.1654,0.158,0.1637,0,0
MIOTA.V,D,20191221,000000,0.1637,0.1666,0.1598,0.1619,0,0
MIOTA.V,D,20191222,000000,0.1619,0.1683,0.1591,0.1665,0,0
MIOTA.V,D,20191223,000000,0.1665,0.1673,0.159,0.1617,0,0
MIOTA.V,D,20191224,000000,0.1617,0.1624,0.1547,0.1558,0,0
MIOTA.V,D,20191225,000000,0.1558,0.1568,0.1516,0.1563,0,0
MIOTA.V,D,20191226,000000,0.1563,0.1661,0.1547,0.1588,0,0
MIOTA.V,D,20191227,000000,0.1588,0.1631,0.1566,0.1626,0,0
MIOTA.V,D,20191228,000000,0.1626,0.1642,0.1608,0.1636,0,0
MIOTA.V,D,20191229,000000,0.1636,0.1711,0.1607,0.1681,0,0
MIOTA.V,D,20191230,000000,0.1681,0.1681,0.1572,0.1603,0,0
MIOTA.V,D,20191231,000000,0.1603,0.1629,0.1571,0.1607,0,0
MIOTA.V,D,20200101,000000,0.1607,0.1639,0.1587,0.1609,0,0
MIOTA.V,D,20200102,000000,0.1609,0.1615,0.1565,0.1583,0,0
MIOTA.V,D,20200103,000000,0.1583,0.1676,0.1558,0.1668,0,0
MIOTA.V,D,20200104,000000,0.1668,0.1738,0.1645,0.1734,0,0
MIOTA.V,D,20200105,000000,0.1734,0.1744,0.1674,0.1719,0,0
MIOTA.V,D,20200106,000000,0.1719,0.185,0.1716,0.1827,0,0
MIOTA.V,D,20200107,000000,0.1827,0.1966,0.1824,0.1866,0,0
MIOTA.V,D,20200108,000000,0.1866,0.1907,0.1781,0.1803,0,0
MIOTA.V,D,20200109,000000,0.1803,0.1823,0.175,0.1772,0,0
MIOTA.V,D,20200110,000000,0.1772,0.19,0.1712,0.1895,0,0
MIOTA.V,D,20200111,000000,0.1895,0.1946,0.184,0.1913,0,0
MIOTA.V,D,20200112,000000,0.1913,0.1926,0.1877,0.1913,0,0
MIOTA.V,D,20200113,000000,0.1913,0.1916,0.1861,0.1881,0,0
MIOTA.V,D,20200114,000000,0.1881,0.2171,0.188,0.2099,0,0
MIOTA.V,D,20200115,000000,0.2099,0.2319,0.2061,0.2314,0,0
MIOTA.V,D,20200116,000000,0.2314,0.2322,0.2156,0.2275,0,0
MIOTA.V,D,20200117,000000,0.2275,0.2578,0.2204,0.2371,0,0
MIOTA.V,D,20200118,000000,0.2371,0.2542,0.2297,0.2452,0,0
MIOTA.V,D,20200119,000000,0.2452,0.2498,0.2272,0.2465,0,0
MIOTA.V,D,20200120,000000,0.2465,0.2558,0.2361,0.2513,0,0
MIOTA.V,D,20200121,000000,0.2513,0.254,0.2404,0.2501,0,0
MIOTA.V,D,20200122,000000,0.2501,0.2538,0.2438,0.2488,0,0
MIOTA.V,D,20200123,000000,0.2488,0.2492,0.2309,0.2342,0,0
MIOTA.V,D,20200124,000000,0.2342,0.2394,0.226,0.2364,0,0
MIOTA.V,D,20200125,000000,0.2364,0.2364,0.2282,0.2332,0,0
MIOTA.V,D,20200126,000000,0.2332,0.2446,0.2313,0.2443,0,0
MIOTA.V,D,20200127,000000,0.2443,0.2525,0.2433,0.2515,0,0
MIOTA.V,D,20200128,000000,0.2515,0.2876,0.2492,0.2876,0,0
MIOTA.V,D,20200129,000000,0.2876,0.3064,0.2809,0.2973,0,0
MIOTA.V,D,20200130,000000,0.2973,0.2995,0.279,0.2927,0,0
MIOTA.V,D,20200131,000000,0.2927,0.2948,0.2816,0.2934,0,0
MIOTA.V,D,20200201,000000,0.2934,0.3037,0.2896,0.3031,0,0
MIOTA.V,D,20200202,000000,0.3031,0.3154,0.2904,0.3062,0,0
MIOTA.V,D,20200203,000000,0.3062,0.3685,0.3047,0.3299,0,0
MIOTA.V,D,20200204,000000,0.3299,0.3394,0.3124,0.329,0,0
MIOTA.V,D,20200205,000000,0.329,0.3402,0.3179,0.3246,0,0
MIOTA.V,D,20200206,000000,0.3246,0.3442,0.3234,0.3293,0,0
MIOTA.V,D,20200207,000000,0.3293,0.3314,0.3179,0.3209,0,0
MIOTA.V,D,20200208,000000,0.3209,0.3211,0.3011,0.3078,0,0
MIOTA.V,D,20200209,000000,0.3078,0.3229,0.3078,0.321,0,0
MIOTA.V,D,20200210,000000,0.321,0.3275,0.301,0.3166,0,0
MIOTA.V,D,20200211,000000,0.3166,0.336,0.25,0.333,0,0
MIOTA.V,D,20200212,000000,0.333,0.3526,0.3266,0.3338,0,0
MIOTA.V,D,20200213,000000,0.3338,0.3477,0.3115,0.3211,0,0
MIOTA.V,D,20200214,000000,0.3211,0.325,0.31,0.3218,0,0
MIOTA.V,D,20200215,000000,0.3218,0.3251,0.2822,0.2907,0,0
MIOTA.V,D,20200216,000000,0.2907,0.2974,0.2655,0.2802,0,0
MIOTA.V,D,20200217,000000,0.2802,0.287,0.2602,0.2869,0,0
MIOTA.V,D,20200218,000000,0.2869,0.2948,0.2686,0.2912,0,0
MIOTA.V,D,20200219,000000,0.2912,0.2936,0.259,0.2665,0,0
MIOTA.V,D,20200220,000000,0.2665,0.2707,0.257,0.2653,0,0
MIOTA.V,D,20200221,000000,0.2653,0.2741,0.2625,0.2684,0,0
MIOTA.V,D,20200222,000000,0.2684,0.2733,0.2638,0.2705,0,0
MIOTA.V,D,20200223,000000,0.2705,0.2835,0.2705,0.2795,0,0
MIOTA.V,D,20200224,000000,0.2795,0.2818,0.2557,0.2618,0,0
MIOTA.V,D,20200225,000000,0.2618,0.2621,0.246,0.2489,0,0
MIOTA.V,D,20200226,000000,0.2489,0.2501,0.21,0.2199,0,0
MIOTA.V,D,20200227,000000,0.2199,0.23,0.2037,0.2142,0,0
MIOTA.V,D,20200228,000000,0.2142,0.2209,0.2031,0.216,0,0
MIOTA.V,D,20200229,000000,0.216,0.2212,0.2114,0.2135,0,0
MIOTA.V,D,20200301,000000,0.2135,0.2221,0.207,0.2113,0,0
MIOTA.V,D,20200302,000000,0.2113,0.2274,0.2093,0.2236,0,0
MIOTA.V,D,20200303,000000,0.2236,0.2289,0.2185,0.2248,0,0
MIOTA.V,D,20200304,000000,0.2248,0.2262,0.2184,0.2222,0,0
MIOTA.V,D,20200305,000000,0.2222,0.2375,0.2215,0.2282,0,0
MIOTA.V,D,20200306,000000,0.2282,0.2341,0.2252,0.2338,0,0
MIOTA.V,D,20200307,000000,0.2338,0.2379,0.2227,0.2236,0,0
MIOTA.V,D,20200308,000000,0.2236,0.2236,0.19,0.1917,0,0
MIOTA.V,D,20200309,000000,0.1917,0.1992,0.1801,0.1928,0,0
MIOTA.V,D,20200310,000000,0.1928,0.2007,0.1871,0.1977,0,0
MIOTA.V,D,20200311,000000,0.1977,0.2015,0.1842,0.1957,0,0
MIOTA.V,D,20200312,000000,0.1957,0.1966,0.1076,0.1101,0,0
MIOTA.V,D,20200313,000000,0.1101,0.143,0.07551,0.1305,0,0
MIOTA.V,D,20200314,000000,0.1305,0.1322,0.1185,0.1247,0,0
MIOTA.V,D,20200315,000000,0.1247,0.1338,0.1188,0.1219,0,0
MIOTA.V,D,20200316,000000,0.1219,0.1219,0.09208,0.1103,0,0
MIOTA.V,D,20200317,000000,0.1103,0.1264,0.1084,0.1222,0,0
MIOTA.V,D,20200318,000000,0.1222,0.129,0.1131,0.1263,0,0
MIOTA.V,D,20200319,000000,0.1263,0.1575,0.1236,0.1501,0,0
MIOTA.V,D,20200320,000000,0.1501,0.164,0.1259,0.1416,0,0
MIOTA.V,D,20200321,000000,0.1416,0.1479,0.1305,0.1389,0,0
MIOTA.V,D,20200322,000000,0.1389,0.1426,0.1246,0.126,0,0
MIOTA.V,D,20200323,000000,0.126,0.1452,0.1237,0.1435,0,0
MIOTA.V,D,20200324,000000,0.1435,0.1462,0.138,0.1447,0,0
MIOTA.V,D,20200325,000000,0.1447,0.1467,0.1364,0.1407,0,0
MIOTA.V,D,20200326,000000,0.1407,0.1456,0.1381,0.1451,0,0
MIOTA.V,D,20200327,000000,0.1451,0.1506,0.1336,0.1361,0,0
MIOTA.V,D,20200328,000000,0.1361,0.1416,0.1307,0.1392,0,0
MIOTA.V,D,20200329,000000,0.1392,0.14,0.1311,0.1322,0,0
MIOTA.V,D,20200330,000000,0.1322,0.1466,0.132,0.1415,0,0
MIOTA.V,D,20200331,000000,0.1415,0.1463,0.1405,0.1443,0,0
MIOTA.V,D,20200401,000000,0.1443,0.1485,0.1375,0.1473,0,0
MIOTA.V,D,20200402,000000,0.1473,0.1555,0.1445,0.1482,0,0
MIOTA.V,D,20200403,000000,0.1482,0.1552,0.1468,0.1491,0,0
MIOTA.V,D,20200404,000000,0.1491,0.1536,0.146,0.1498,0,0
MIOTA.V,D,20200405,000000,0.1498,0.1503,0.1452,0.1487,0,0
MIOTA.V,D,20200406,000000,0.1487,0.1668,0.1481,0.1668,0,0
MIOTA.V,D,20200407,000000,0.1668,0.1761,0.1598,0.1638,0,0
MIOTA.V,D,20200408,000000,0.1638,0.1728,0.1625,0.1715,0,0
MIOTA.V,D,20200409,000000,0.1715,0.1734,0.1663,0.1727,0,0
MIOTA.V,D,20200410,000000,0.1727,0.1731,0.1526,0.1606,0,0
MIOTA.V,D,20200411,000000,0.1606,0.1644,0.1554,0.1594,0,0
MIOTA.V,D,20200412,000000,0.1594,0.1674,0.1569,0.1648,0,0
MIOTA.V,D,20200413,000000,0.1648,0.1648,0.1548,0.1587,0,0
MIOTA.V,D,20200414,000000,0.1587,0.163,0.1559,0.1582,0,0
MIOTA.V,D,20200415,000000,0.1582,0.1596,0.1509,0.1532,0,0
MIOTA.V,D,20200416,000000,0.1532,0.1597,0.1426,0.1586,0,0
MIOTA.V,D,20200417,000000,0.1586,0.1605,0.1548,0.1576,0,0
MIOTA.V,D,20200418,000000,0.1576,0.1642,0.156,0.1629,0,0
MIOTA.V,D,20200419,000000,0.1629,0.165,0.154,0.1586,0,0
MIOTA.V,D,20200420,000000,0.1586,0.1613,0.1465,0.1502,0,0
MIOTA.V,D,20200421,000000,0.1502,0.1534,0.148,0.1532,0,0
MIOTA.V,D,20200422,000000,0.1532,0.1578,0.1508,0.1556,0,0
MIOTA.V,D,20200423,000000,0.1556,0.1645,0.1532,0.1636,0,0
MIOTA.V,D,20200424,000000,0.1636,0.1684,0.1586,0.167,0,0
MIOTA.V,D,20200425,000000,0.167,0.173,0.1646,0.1691,0,0
MIOTA.V,D,20200426,000000,0.1691,0.1781,0.1686,0.1763,0,0
MIOTA.V,D,20200427,000000,0.1763,0.1772,0.1665,0.1726,0,0
MIOTA.V,D,20200428,000000,0.1726,0.1745,0.1681,0.1726,0,0
MIOTA.V,D,20200429,000000,0.1726,0.1885,0.172,0.1863,0,0
MIOTA.V,D,20200430,000000,0.1863,0.1914,0.172,0.1799,0,0
MIOTA.V,D,20200501,000000,0.1799,0.1879,0.176,0.1825,0,0
MIOTA.V,D,20200502,000000,0.1825,0.1915,0.1816,0.1915,0,0
MIOTA.V,D,20200503,000000,0.1915,0.1943,0.1791,0.1835,0,0
MIOTA.V,D,20200504,000000,0.1835,0.1876,0.172,0.1834,0,0
MIOTA.V,D,20200505,000000,0.1834,0.188,0.1802,0.1867,0,0
MIOTA.V,D,20200506,000000,0.1867,0.1895,0.181,0.182,0,0
MIOTA.V,D,20200507,000000,0.182,0.1888,0.1768,0.1845,0,0
MIOTA.V,D,20200508,000000,0.1845,0.201,0.1811,0.2003,0,0
MIOTA.V,D,20200509,000000,0.2003,0.2168,0.1985,0.1989,0,0
MIOTA.V,D,20200510,000000,0.1989,0.2002,0.167,0.183,0,0
MIOTA.V,D,20200511,000000,0.1829,0.1858,0.1708,0.1756,0,0
MIOTA.V,D,20200512,000000,0.1756,0.1895,0.1756,0.1822,0,0
MIOTA.V,D,20200513,000000,0.1825,0.1967,0.1825,0.1954,0,0
MIOTA.V,D,20200514,000000,0.1954,0.212,0.1877,0.207,0,0
MIOTA.V,D,20200515,000000,0.207,0.2102,0.197,0.2001,0,0
MIOTA.V,D,20200516,000000,0.2001,0.202,0.1949,0.1979,0,0
MIOTA.V,D,20200517,000000,0.198,0.206,0.1965,0.2025,0,0
MIOTA.V,D,20200518,000000,0.2025,0.2064,0.1986,0.2032,0,0
MIOTA.V,D,20200519,000000,0.2032,0.2042,0.199,0.2019,0,0
MIOTA.V,D,20200520,000000,0.2019,0.2053,0.1955,0.1986,0,0
MIOTA.V,D,20200521,000000,0.1986,0.2007,0.181,0.1879,0,0
MIOTA.V,D,20200522,000000,0.1879,0.2036,0.1851,0.2036,0,0
MIOTA.V,D,20200523,000000,0.2036,0.2092,0.1986,0.2009,0,0
MIOTA.V,D,20200524,000000,0.2009,0.2027,0.1925,0.1978,0,0
MIOTA.V,D,20200525,000000,0.1978,0.1979,0.1887,0.1962,0,0
MIOTA.V,D,20200526,000000,0.1962,0.1985,0.1887,0.1937,0,0
MIOTA.V,D,20200527,000000,0.1937,0.2001,0.1928,0.1939,0,0
MIOTA.V,D,20200528,000000,0.1939,0.2014,0.1939,0.2012,0,0
MIOTA.V,D,20200529,000000,0.2012,0.2048,0.1957,0.2005,0,0
MIOTA.V,D,20200530,000000,0.2005,0.2148,0.199,0.2113,0,0
MIOTA.V,D,20200531,000000,0.2113,0.2412,0.2112,0.2212,0,0
MIOTA.V,D,20200601,000000,0.2212,0.2327,0.2177,0.2327,0,0
MIOTA.V,D,20200602,000000,0.2327,0.2404,0.2182,0.2337,0,0
MIOTA.V,D,20200603,000000,0.2337,0.2492,0.2305,0.2477,0,0
MIOTA.V,D,20200604,000000,0.2478,0.2754,0.2386,0.2586,0,0
MIOTA.V,D,20200605,000000,0.2586,0.2747,0.2403,0.2404,0,0
MIOTA.V,D,20200606,000000,0.2404,0.248,0.2356,0.2448,0,0
MIOTA.V,D,20200607,000000,0.2448,0.2465,0.2318,0.2372,0,0
MIOTA.V,D,20200608,000000,0.2372,0.2425,0.2355,0.2394,0,0
MIOTA.V,D,20200609,000000,0.2394,0.2508,0.2358,0.2482,0,0
MIOTA.V,D,20200610,000000,0.2482,0.2483,0.2413,0.2477,0,0
MIOTA.V,D,20200611,000000,0.2477,0.2512,0.2184,0.2272,0,0
MIOTA.V,D,20200612,000000,0.2272,0.2304,0.2183,0.2246,0,0
MIOTA.V,D,20200613,000000,0.2246,0.2299,0.2223,0.2261,0,0
MIOTA.V,D,20200614,000000,0.2261,0.2302,0.2226,0.223,0,0
MIOTA.V,D,20200615,000000,0.2232,0.224,0.2036,0.2205,0,0
MIOTA.V,D,20200616,000000,0.2205,0.2219,0.2159,0.218,0,0
MIOTA.V,D,20200617,000000,0.218,0.2294,0.218,0.2238,0,0
MIOTA.V,D,20200618,000000,0.2238,0.2273,0.2211,0.2228,0,0
MIOTA.V,D,20200619,000000,0.2228,0.2239,0.2173,0.2198,0,0
MIOTA.V,D,20200620,000000,0.2198,0.2211,0.2121,0.2166,0,0
MIOTA.V,D,20200621,000000,0.2166,0.2206,0.2163,0.2194,0,0
MIOTA.V,D,20200622,000000,0.2194,0.235,0.2168,0.2323,0,0
MIOTA.V,D,20200623,000000,0.2323,0.2325,0.2272,0.2298,0,0
MIOTA.V,D,20200624,000000,0.2297,0.2341,0.214,0.2209,0,0
MIOTA.V,D,20200625,000000,0.2209,0.2227,0.2104,0.2225,0,0
MIOTA.V,D,20200626,000000,0.2225,0.2227,0.2112,0.2161,0,0
MIOTA.V,D,20200627,000000,0.2161,0.2169,0.196,0.2036,0,0
MIOTA.V,D,20200628,000000,0.2036,0.2129,0.2011,0.2085,0,0
MIOTA.V,D,20200629,000000,0.2085,0.2143,0.2045,0.2141,0,0
MIOTA.V,D,20200630,000000,0.2142,0.2265,0.2099,0.2265,0,0
MIOTA.V,D,20200701,000000,0.2265,0.2338,0.2225,0.2294,0,0
MIOTA.V,D,20200702,000000,0.2294,0.2399,0.2197,0.2323,0,0
MIOTA.V,D,20200703,000000,0.2317,0.234,0.2258,0.2276,0,0
MIOTA.V,D,20200704,000000,0.2276,0.2414,0.2234,0.2368,0,0
MIOTA.V,D,20200705,000000,0.2368,0.241,0.228,0.2319,0,0
MIOTA.V,D,20200706,000000,0.2319,0.2469,0.2319,0.2424,0,0
MIOTA.V,D,20200707,000000,0.2424,0.247,0.2386,0.2416,0,0
MIOTA.V,D,20200708,000000,0.2416,0.26,0.2416,0.254,0,0
MIOTA.V,D,20200709,000000,0.254,0.2677,0.2481,0.2543,0,0
MIOTA.V,D,20200710,000000,0.2543,0.2546,0.2402,0.2496,0,0
MIOTA.V,D,20200711,000000,0.2496,0.2531,0.2458,0.248,0,0
MIOTA.V,D,20200712,000000,0.248,0.2524,0.2447,0.2483,0,0
MIOTA.V,D,20200713,000000,0.2483,0.2615,0.244,0.2507,0,0
MIOTA.V,D,20200714,000000,0.2507,0.2534,0.2438,0.2478,0,0
MIOTA.V,D,20200715,000000,0.2478,0.2505,0.2437,0.2463,0,0
MIOTA.V,D,20200716,000000,0.2463,0.2463,0.2289,0.2402,0,0
MIOTA.V,D,20200717,000000,0.2402,0.242,0.2382,0.2411,0,0
MIOTA.V,D,20200718,000000,0.2409,0.2419,0.2386,0.2396,0,0
MIOTA.V,D,20200719,000000,0.2396,0.2484,0.238,0.2476,0,0
MIOTA.V,D,20200720,000000,0.2476,0.255,0.2463,0.2512,0,0
MIOTA.V,D,20200721,000000,0.2512,0.2707,0.25,0.2637,0,0
MIOTA.V,D,20200722,000000,0.2659,0.275,0.2637,0.2749,0,0
MIOTA.V,D,20200723,000000,0.2749,0.2837,0.2742,0.2778,0,0
MIOTA.V,D,20200724,000000,0.2778,0.2807,0.2652,0.272,0,0
MIOTA.V,D,20200725,000000,0.272,0.278,0.2677,0.2749,0,0
MIOTA.V,D,20200726,000000,0.2749,0.2825,0.2679,0.2694,0,0
MIOTA.V,D,20200727,000000,0.2694,0.2737,0.2547,0.2638,0,0
MIOTA.V,D,20200728,000000,0.2638,0.2814,0.2638,0.2759,0,0
MIOTA.V,D,20200729,000000,0.2759,0.2921,0.271,0.2891,0,0
