<TICKER>,<PER>,<DATE>,<TIME>,<OPEN>,<HIGH>,<LOW>,<CLOSE>,<VOL>,<OPENINT>
MKR.V,D,20171123,000000,344.77,344.77,344.77,344.77,0,0
MKR.V,D,20171124,000000,398.92,404.57,376.34,404.57,0,0
MKR.V,D,20171125,000000,394.92,413.5,362.12,394.92,0,0
MKR.V,D,20171126,000000,399.96,405.61,399.96,404.66,0,0
MKR.V,D,20171127,000000,408.71,570.29,403.95,421.06,0,0
MKR.V,D,20171128,000000,412.65,414.51,376.51,383.51,0,0
MKR.V,D,20171129,000000,363.31,363.31,331.25,331.25,0,0
MKR.V,D,20171130,000000,337.88,380.45,337.88,380.45,0,0
MKR.V,D,20171201,000000,378.96,397.88,376.7,376.7,0,0
MKR.V,D,20171202,000000,373.74,394.76,373.47,394.76,0,0
MKR.V,D,20171203,000000,404.96,404.96,370.25,404.91,0,0
MKR.V,D,20171204,000000,408.52,408.52,396.89,396.89,0,0
MKR.V,D,20171205,000000,385.87,394.95,368.21,394.95,0,0
MKR.V,D,20171206,000000,359.11,359.11,359.11,359.11,0,0
MKR.V,D,20171207,000000,357.98,368.42,357.98,357.98,0,0
MKR.V,D,20171208,000000,383.98,402.05,383.98,402.05,0,0
MKR.V,D,20171209,000000,945.72,945.72,420.85,425.57,0,0
MKR.V,D,20171210,000000,392.84,480.14,392.84,398.95,0,0
MKR.V,D,20171211,000000,469.15,564.62,420.9,482.49,0,0
MKR.V,D,20171212,000000,604,722.17,604,617.13,0,0
MKR.V,D,20171213,000000,643.16,824.93,643.16,817.94,0,0
MKR.V,D,20171214,000000,811.49,818.42,797.62,804.55,0,0
MKR.V,D,20171215,000000,793.75,875.87,718.48,793.75,0,0
MKR.V,D,20171216,000000,803.68,1316.38,803.68,1108.53,0,0
MKR.V,D,20171217,000000,1133.98,1177.04,1004.79,1090.92,0,0
MKR.V,D,20171218,000000,1226.14,1226.14,1108.25,1218.28,0,0
MKR.V,D,20171219,000000,1259.38,1389.38,1259.38,1389.38,0,0
MKR.V,D,20171220,000000,1366.58,1518.42,974.99,1014.95,0,0
MKR.V,D,20171221,000000,1002.53,1002.53,1002.53,1002.53,0,0
MKR.V,D,20171222,000000,835.44,835.44,835.44,835.44,0,0
MKR.V,D,20171223,000000,875.55,1050.66,875.55,1001.63,0,0
MKR.V,D,20171224,000000,966.55,1250.43,878.68,1250.43,0,0
MKR.V,D,20171225,000000,1337.81,1337.81,940.08,1236.57,0,0
MKR.V,D,20171226,000000,1325.98,1356.12,1069.83,1069.83,0,0
MKR.V,D,20171227,000000,1154.31,1154.31,1035.92,1087.71,0,0
MKR.V,D,20171228,000000,1053.53,1060.7,1003.37,1010.53,0,0
MKR.V,D,20171229,000000,1050.23,1072.42,998.46,1035.44,0,0
MKR.V,D,20171230,000000,970.19,970.19,963.26,963.26,0,0
MKR.V,D,20171231,000000,1030.17,1037.58,407.62,941.24,0,0
MKR.V,D,20180101,000000,1005.75,1051.12,945.25,1020.87,0,0
MKR.V,D,20180102,000000,1180.9,1189.52,1017.12,1034.36,0,0
MKR.V,D,20180103,000000,1129.32,1298.72,1082.26,1082.26,0,0
MKR.V,D,20180104,000000,1086.55,1171.59,944.83,944.83,0,0
MKR.V,D,20180105,000000,1063.84,1083.19,967.13,1015.49,0,0
MKR.V,D,20180106,000000,1066.79,1388.85,1066.79,1227.82,0,0
MKR.V,D,20180107,000000,1363.66,1419.54,1229.53,1229.53,0,0
MKR.V,D,20180108,000000,1249.72,1351.97,1249.72,1249.72,0,0
MKR.V,D,20180109,000000,1508.41,1534.2,1155.16,1353.7,0,0
MKR.V,D,20180110,000000,1248.99,1461.32,1125.34,1125.34,0,0
MKR.V,D,20180111,000000,1026.53,1138.18,937.66,1069.82,0,0
MKR.V,D,20180112,000000,1184.11,2421.18,1184.11,1424.96,0,0
MKR.V,D,20180113,000000,1565.07,1800.53,1537.37,1662.02,0,0
MKR.V,D,20180114,000000,1298.3,1495.43,1298.3,1495.43,0,0
MKR.V,D,20180115,000000,1406.56,1406.56,1291.48,1291.48,0,0
MKR.V,D,20180116,000000,1060.76,1060.76,966.24,1060.76,0,0
MKR.V,D,20180117,000000,1393.58,1393.58,1004.2,1127.16,0,0
MKR.V,D,20180118,000000,1114.27,1590.36,1073.75,1387.77,0,0
MKR.V,D,20180119,000000,1431.56,1898.37,1410.81,1493.8,0,0
MKR.V,D,20180120,000000,1656.72,1771.77,1162.01,1748.76,0,0
MKR.V,D,20180121,000000,1594.62,1741.49,1563.14,1573.63,0,0
MKR.V,D,20180122,000000,1499.46,1569.43,1449.48,1539.45,0,0
MKR.V,D,20180123,000000,1516.08,1555.46,1437.33,1535.77,0,0
MKR.V,D,20180124,000000,1666.99,1666.99,1539.58,1603.29,0,0
MKR.V,D,20180125,000000,1580.02,1611.41,1360.28,1412.6,0,0
MKR.V,D,20180126,000000,1353.69,1529.68,1353.69,1471.36,0,0
MKR.V,D,20180127,000000,1471.23,1549.66,1361.3,1507.21,0,0
MKR.V,D,20180128,000000,1507.69,1697.58,1401.29,1527.51,0,0
MKR.V,D,20180129,000000,1527.74,2329.88,1390.96,1408.06,0,0
MKR.V,D,20180130,000000,1408.06,1437.18,1252.4,1331.73,0,0
MKR.V,D,20180131,000000,1331.79,2042.77,1222.82,1398.22,0,0
MKR.V,D,20180201,000000,1398.02,1453.95,1194.5,1227.55,0,0
MKR.V,D,20180202,000000,1227.77,1285.15,986.91,1146.2,0,0
MKR.V,D,20180203,000000,1146.32,3452.09,1038.48,1191.18,0,0
MKR.V,D,20180204,000000,1190.8,1214.11,1019.38,1052.8,0,0
MKR.V,D,20180205,000000,1052.77,1127.76,654.98,805.36,0,0
MKR.V,D,20180206,000000,803.84,921.48,609.66,880.68,0,0
MKR.V,D,20180207,000000,882.17,1040.97,848.34,966.47,0,0
MKR.V,D,20180208,000000,966.41,1042.6,901.98,965.26,0,0
MKR.V,D,20180209,000000,965.35,1098.93,930.01,1088.24,0,0
MKR.V,D,20180210,000000,1088.15,1118.41,1013.04,1051.08,0,0
MKR.V,D,20180211,000000,1050.74,1051.92,973.69,1015.61,0,0
MKR.V,D,20180212,000000,1015.33,1080.31,985.69,1049.58,0,0
MKR.V,D,20180213,000000,1049.78,1087.52,993.72,1032.55,0,0
MKR.V,D,20180214,000000,1032.52,1114.46,1014.03,1114.46,0,0
MKR.V,D,20180215,000000,1114.16,1174.43,1087.21,1125.6,0,0
MKR.V,D,20180216,000000,1125.63,1169.05,1105.79,1149.58,0,0
MKR.V,D,20180217,000000,1149.62,1219.58,1118.98,1127.4,0,0
MKR.V,D,20180218,000000,1127.24,1137.6,1058.05,1065.03,0,0
MKR.V,D,20180219,000000,1065.38,1144.18,1059.92,1132.31,0,0
MKR.V,D,20180220,000000,1132.31,1160.21,1054.59,1072.74,0,0
MKR.V,D,20180221,000000,1071.83,1078.62,961.03,1034.44,0,0
MKR.V,D,20180222,000000,1034.63,1046.78,912.02,969.23,0,0
MKR.V,D,20180223,000000,969.72,1039.89,944.07,999.05,0,0
MKR.V,D,20180224,000000,999.47,1057.5,930.81,978.39,0,0
MKR.V,D,20180225,000000,978.28,1016.74,955.22,1016.62,0,0
MKR.V,D,20180226,000000,1016.6,1051.07,976.51,1025.24,0,0
MKR.V,D,20180227,000000,1025.56,1067.12,1014.57,1053.26,0,0
MKR.V,D,20180228,000000,1053.34,1072.42,1018.74,1047.33,0,0
MKR.V,D,20180301,000000,1047.25,1063.77,1016.28,1036.88,0,0
MKR.V,D,20180302,000000,1036.89,1062.02,976.56,988.1,0,0
MKR.V,D,20180303,000000,988.25,1045.27,862.76,1019.56,0,0
MKR.V,D,20180304,000000,1019.4,1050.25,860.02,939.02,0,0
MKR.V,D,20180305,000000,939.48,1004.5,938.75,956.87,0,0
MKR.V,D,20180306,000000,956.89,979.42,905.89,957.54,0,0
MKR.V,D,20180307,000000,957.41,965.61,869.74,890.83,0,0
MKR.V,D,20180308,000000,890.82,909.16,826.76,830.48,0,0
MKR.V,D,20180309,000000,831.17,844.03,760.66,811.11,0,0
MKR.V,D,20180310,000000,811.12,857.75,794.02,806.49,0,0
MKR.V,D,20180311,000000,806.49,853.56,772.34,836.71,0,0
MKR.V,D,20180312,000000,836.52,881.78,780.8,808.42,0,0
MKR.V,D,20180313,000000,808.38,835.37,762.42,792.72,0,0
MKR.V,D,20180314,000000,792.67,815.91,710.43,740.08,0,0
MKR.V,D,20180315,000000,740.28,749.74,696.5,742.2,0,0
MKR.V,D,20180316,000000,742.26,747.7,697.66,715,0,0
MKR.V,D,20180317,000000,714.75,727.26,652.56,681.18,0,0
MKR.V,D,20180318,000000,681.17,688.62,519.01,652.92,0,0
MKR.V,D,20180319,000000,652.9,692.56,639.8,674.94,0,0
MKR.V,D,20180320,000000,675.01,728.86,645.11,723.82,0,0
MKR.V,D,20180321,000000,723.86,761.16,689.72,706.45,0,0
MKR.V,D,20180322,000000,705.27,740.34,663.96,693.48,0,0
MKR.V,D,20180323,000000,693.87,700.22,649.5,679.97,0,0
MKR.V,D,20180324,000000,679.88,718.04,679.14,690.96,0,0
MKR.V,D,20180325,000000,690.8,693.41,658.56,686.42,0,0
MKR.V,D,20180326,000000,686.56,688.31,612.41,620.81,0,0
MKR.V,D,20180327,000000,620.63,650.43,573.49,616.78,0,0
MKR.V,D,20180328,000000,616.56,625.1,574.98,576.19,0,0
MKR.V,D,20180329,000000,576.34,596.19,497.04,517.99,0,0
MKR.V,D,20180330,000000,517.94,534.71,476.15,518.04,0,0
MKR.V,D,20180331,000000,517.84,545.44,500.11,504.26,0,0
MKR.V,D,20180401,000000,504.31,512.67,459.83,484.74,0,0
MKR.V,D,20180402,000000,484.76,512.33,481.27,496.83,0,0
MKR.V,D,20180403,000000,496.55,540.92,494.96,536.19,0,0
MKR.V,D,20180404,000000,536.11,538.07,478.6,488.56,0,0
MKR.V,D,20180405,000000,488.28,511.5,470.11,497.35,0,0
MKR.V,D,20180406,000000,497.23,509.2,469.14,489.1,0,0
MKR.V,D,20180407,000000,488.99,494.5,114.49,117.32,0,0
MKR.V,D,20180408,000000,117.31,532.9,115.22,509.73,0,0
MKR.V,D,20180409,000000,509.81,556.78,506.14,514.64,0,0
MKR.V,D,20180410,000000,514.63,562.56,513.99,562.52,0,0
MKR.V,D,20180411,000000,562.52,589.71,553.69,586.32,0,0
MKR.V,D,20180412,000000,586.27,660.4,558.98,655.94,0,0
MKR.V,D,20180413,000000,655.75,1203.9,634.8,686.31,0,0
MKR.V,D,20180414,000000,686.21,736.48,668.44,709.3,0,0
MKR.V,D,20180415,000000,709.17,764.18,704.6,760.12,0,0
MKR.V,D,20180416,000000,760.12,796.67,728.15,733.45,0,0
MKR.V,D,20180417,000000,733.77,777.39,733.69,754.01,0,0
MKR.V,D,20180418,000000,754.04,782.21,731.44,782.13,0,0
MKR.V,D,20180419,000000,782.01,843.38,767.75,842.39,0,0
MKR.V,D,20180420,000000,842.45,887.5,821.51,879.72,0,0
MKR.V,D,20180421,000000,878.43,920.52,863.04,916.74,0,0
MKR.V,D,20180422,000000,916.41,951.38,876.04,946.9,0,0
MKR.V,D,20180423,000000,946.98,972.51,896.17,960.93,0,0
MKR.V,D,20180424,000000,960.95,1031.63,948.62,1029.36,0,0
MKR.V,D,20180425,000000,1029.48,1042.33,896.53,943.71,0,0
MKR.V,D,20180426,000000,964.37,1001.42,873.98,993.22,0,0
MKR.V,D,20180427,000000,993.56,1063.15,985.82,991.03,0,0
MKR.V,D,20180428,000000,990.08,1157.91,979.46,1105.11,0,0
MKR.V,D,20180429,000000,1105.27,1302.75,1021.28,1066.52,0,0
MKR.V,D,20180430,000000,1048.42,1081.18,1003.43,1031.83,0,0
MKR.V,D,20180501,000000,1031.83,1054.23,985.8,1038.66,0,0
MKR.V,D,20180502,000000,1038.92,1069.95,1021.33,1054.72,0,0
MKR.V,D,20180503,000000,1054.72,1648.71,1048.39,1124.12,0,0
MKR.V,D,20180504,000000,1124.09,1170.85,1116.8,1167.2,0,0
MKR.V,D,20180505,000000,1167.1,1208.03,1124.29,1175.64,0,0
MKR.V,D,20180506,000000,1175.81,1189.7,1012.3,1042.13,0,0
MKR.V,D,20180507,000000,1042.16,1062.36,951.07,1004.54,0,0
MKR.V,D,20180508,000000,1004.64,1093.12,984.1,1038.08,0,0
MKR.V,D,20180509,000000,1037.93,1051.87,967.38,1030.39,0,0
MKR.V,D,20180510,000000,1030.46,1123.48,1008.48,1079.19,0,0
MKR.V,D,20180511,000000,1079.74,1086.91,965.45,970.33,0,0
MKR.V,D,20180512,000000,969.53,1002.43,893.59,944.12,0,0
MKR.V,D,20180513,000000,944.1,999.59,923.88,988.63,0,0
MKR.V,D,20180514,000000,974.27,998.72,919.84,947.57,0,0
MKR.V,D,20180515,000000,946.92,978.56,914.9,921.35,0,0
MKR.V,D,20180516,000000,921.32,934.55,869.83,895.31,0,0
MKR.V,D,20180517,000000,895.44,912.52,861.91,861.91,0,0
MKR.V,D,20180518,000000,861.02,897.23,843.18,894.57,0,0
MKR.V,D,20180519,000000,894.83,917.82,877.02,890.07,0,0
MKR.V,D,20180520,000000,890.04,944.06,887.4,941.8,0,0
MKR.V,D,20180521,000000,941.81,945.76,901.13,916.98,0,0
MKR.V,D,20180522,000000,916.99,944.82,862.61,862.61,0,0
MKR.V,D,20180523,000000,862.93,938.9,743.69,810.44,0,0
MKR.V,D,20180524,000000,810.48,811.99,730.88,770.86,0,0
MKR.V,D,20180525,000000,771,818.18,748.59,778.9,0,0
MKR.V,D,20180526,000000,778.89,802.07,764.51,780.9,0,0
MKR.V,D,20180527,000000,780.94,781.14,737.33,762.7,0,0
MKR.V,D,20180528,000000,762.74,777.3,706.66,717.32,0,0
MKR.V,D,20180529,000000,717.35,760.31,695.53,732.66,0,0
MKR.V,D,20180530,000000,732.68,766.15,713.97,734.75,0,0
MKR.V,D,20180531,000000,734.95,768.03,730.75,759.34,0,0
MKR.V,D,20180601,000000,759.3,784.95,737.82,763.67,0,0
MKR.V,D,20180602,000000,763.64,794.55,747.12,783.55,0,0
MKR.V,D,20180603,000000,783.42,813.67,773.33,798.5,0,0
MKR.V,D,20180604,000000,798.51,811.22,777.33,801.31,0,0
MKR.V,D,20180605,000000,801.29,815.13,773.07,802.66,0,0
MKR.V,D,20180606,000000,802.73,819.61,789.68,806.59,0,0
MKR.V,D,20180607,000000,806.59,825.41,795,806.21,0,0
MKR.V,D,20180608,000000,806.12,814.41,776.88,785.84,0,0
MKR.V,D,20180609,000000,785.83,815.89,785.83,790.39,0,0
MKR.V,D,20180610,000000,790.39,796.72,677.74,680.22,0,0
MKR.V,D,20180611,000000,675.06,704.51,662.91,674.53,0,0
MKR.V,D,20180612,000000,674.54,695.63,640.17,648.73,0,0
MKR.V,D,20180613,000000,648.65,655.66,594.44,595.86,0,0
MKR.V,D,20180614,000000,595.86,626.29,565.98,615.47,0,0
MKR.V,D,20180615,000000,615.43,630.46,586.92,593.18,0,0
MKR.V,D,20180616,000000,593.17,593.26,542.09,550.28,0,0
MKR.V,D,20180617,000000,550.28,568.04,538.93,543.99,0,0
MKR.V,D,20180618,000000,543.98,556.04,512.15,542.87,0,0
MKR.V,D,20180619,000000,542.94,565.65,530.68,556.02,0,0
MKR.V,D,20180620,000000,556.08,578.52,538.04,565.37,0,0
MKR.V,D,20180621,000000,565.37,576.33,554.36,566.91,0,0
MKR.V,D,20180622,000000,566.89,569.17,515.13,527.78,0,0
MKR.V,D,20180623,000000,528.79,551.44,516.04,551.26,0,0
MKR.V,D,20180624,000000,551.06,553.21,475.79,515.81,0,0
MKR.V,D,20180625,000000,515.81,539.04,507.8,528.21,0,0
MKR.V,D,20180626,000000,528.23,528.41,488.95,502.73,0,0
MKR.V,D,20180627,000000,502.75,506.69,474.88,496.62,0,0
MKR.V,D,20180628,000000,496.53,507.92,479.7,485.95,0,0
MKR.V,D,20180629,000000,486.16,506.21,473.98,502.6,0,0
MKR.V,D,20180630,000000,502.59,558.47,498.56,534.32,0,0
MKR.V,D,20180701,000000,534.44,554.14,523.64,546.51,0,0
MKR.V,D,20180702,000000,546.86,599.9,513.52,587.49,0,0
MKR.V,D,20180703,000000,587.44,595.15,542.13,548.64,0,0
MKR.V,D,20180704,000000,548.6,560.28,528.35,545.23,0,0
MKR.V,D,20180705,000000,545.22,571.36,528.93,556.19,0,0
MKR.V,D,20180706,000000,556.19,564.9,505.45,506.16,0,0
MKR.V,D,20180707,000000,506.22,560.16,503.84,547.94,0,0
MKR.V,D,20180708,000000,547.93,585.26,532.67,576.43,0,0
MKR.V,D,20180709,000000,576.44,580.64,554.93,567.4,0,0
MKR.V,D,20180710,000000,568.26,578.08,534.03,541.47,0,0
MKR.V,D,20180711,000000,541.47,569.2,533.01,553.71,0,0
MKR.V,D,20180712,000000,553.73,561.52,513.12,539.78,0,0
MKR.V,D,20180713,000000,527.57,574.24,519.27,544.37,0,0
MKR.V,D,20180714,000000,544.18,562.68,527.41,547.22,0,0
MKR.V,D,20180715,000000,547.28,577.37,543.64,570.29,0,0
MKR.V,D,20180716,000000,570.24,599.36,546.1,590.25,0,0
MKR.V,D,20180717,000000,585.43,659.39,575.69,658.94,0,0
MKR.V,D,20180718,000000,659.02,674.19,629.08,632.51,0,0
MKR.V,D,20180719,000000,632.59,652.23,592.6,621.81,0,0
MKR.V,D,20180720,000000,621.84,627.86,576.33,584.19,0,0
MKR.V,D,20180721,000000,584.14,620.23,567.18,604.67,0,0
MKR.V,D,20180722,000000,604.67,622.07,578.73,597.81,0,0
MKR.V,D,20180723,000000,597.46,628.93,574.14,590.93,0,0
MKR.V,D,20180724,000000,590.91,638.87,558,622.24,0,0
MKR.V,D,20180725,000000,622.24,656.82,601.08,623.14,0,0
MKR.V,D,20180726,000000,623.11,670.52,612.77,638.1,0,0
MKR.V,D,20180727,000000,638.15,658.15,609.81,643.2,0,0
MKR.V,D,20180728,000000,643.21,657.02,596.67,617.6,0,0
MKR.V,D,20180729,000000,617.49,652.39,607.17,650.89,0,0
MKR.V,D,20180730,000000,650.89,651.37,610.95,625.97,0,0
MKR.V,D,20180731,000000,625.95,639.27,594.21,600.29,0,0
MKR.V,D,20180801,000000,600.04,604.4,558.09,564.77,0,0
MKR.V,D,20180802,000000,573.13,590.72,550.57,562.03,0,0
MKR.V,D,20180803,000000,562.03,607.65,542.3,550.97,0,0
MKR.V,D,20180804,000000,550.86,556.68,530,535.21,0,0
MKR.V,D,20180805,000000,535.14,557.04,526.69,557.04,0,0
MKR.V,D,20180806,000000,556.98,566.27,529.83,533.9,0,0
MKR.V,D,20180807,000000,533.86,551.54,503.62,517.23,0,0
MKR.V,D,20180808,000000,517.44,527.28,486.33,516.46,0,0
MKR.V,D,20180809,000000,516.54,520.44,474.52,518.42,0,0
MKR.V,D,20180810,000000,518.42,551.01,467.22,467.24,0,0
MKR.V,D,20180811,000000,467.01,486.7,437.72,474.3,0,0
MKR.V,D,20180812,000000,474.25,486.39,459.08,474.86,0,0
MKR.V,D,20180813,000000,474.86,476.82,410.88,416.6,0,0
MKR.V,D,20180814,000000,416.79,428.19,368.71,386.61,0,0
MKR.V,D,20180815,000000,386.61,474.93,384.32,416.84,0,0
MKR.V,D,20180816,000000,416.88,434.71,396.41,415.44,0,0
MKR.V,D,20180817,000000,415.44,500.89,414.48,440.41,0,0
MKR.V,D,20180818,000000,440.41,453.05,426.32,430.96,0,0
MKR.V,D,20180819,000000,432.35,455.24,422.41,450.42,0,0
MKR.V,D,20180820,000000,450.29,453.98,424.85,435.28,0,0
MKR.V,D,20180821,000000,435.28,476.01,409.79,427.07,0,0
MKR.V,D,20180822,000000,427.07,452.96,396.3,402.91,0,0
MKR.V,D,20180823,000000,402.79,429.24,388.28,425.48,0,0
MKR.V,D,20180824,000000,425.32,439.67,414.78,437.66,0,0
MKR.V,D,20180825,000000,437.64,446.07,428.61,436.41,0,0
MKR.V,D,20180826,000000,436.37,439.73,423.2,424.88,0,0
MKR.V,D,20180827,000000,424.9,441.91,421.46,437.15,0,0
MKR.V,D,20180828,000000,437.15,466.32,437.09,461.58,0,0
MKR.V,D,20180829,000000,461.5,468.8,436.97,454.26,0,0
MKR.V,D,20180830,000000,457.18,457.18,427.71,439.5,0,0
MKR.V,D,20180831,000000,439.5,450.05,431.92,443.81,0,0
MKR.V,D,20180901,000000,443.32,504.09,438.83,478.64,0,0
MKR.V,D,20180902,000000,478.67,506.57,461.55,481.75,0,0
MKR.V,D,20180903,000000,481.73,523.96,458.82,468.49,0,0
MKR.V,D,20180904,000000,468.48,484.14,447.47,476.25,0,0
MKR.V,D,20180905,000000,476.31,482.65,420.23,438.7,0,0
MKR.V,D,20180906,000000,438.66,438.68,385.25,390.23,0,0
MKR.V,D,20180907,000000,390.21,425.93,377.49,397.97,0,0
MKR.V,D,20180908,000000,398.15,403.11,344.41,349,0,0
MKR.V,D,20180909,000000,348.96,366.64,318.85,356.5,0,0
MKR.V,D,20180910,000000,356.32,361.04,331.29,337.8,0,0
MKR.V,D,20180911,000000,341.72,345.56,320.25,337.28,0,0
MKR.V,D,20180912,000000,335.32,336.44,284.52,303.86,0,0
MKR.V,D,20180913,000000,303.79,360.11,300.34,344.47,0,0
MKR.V,D,20180914,000000,344.35,424.49,341.95,403.81,0,0
MKR.V,D,20180915,000000,406.16,436.92,378.29,424.04,0,0
MKR.V,D,20180916,000000,418.26,434.75,391.14,419.57,0,0
MKR.V,D,20180917,000000,406.41,426.69,377.44,383.29,0,0
MKR.V,D,20180918,000000,383.55,446.9,366.3,437.45,0,0
MKR.V,D,20180919,000000,437.64,445.41,392.86,400.11,0,0
MKR.V,D,20180920,000000,400.41,418.43,378.55,410.98,0,0
MKR.V,D,20180921,000000,410.64,444.38,406.4,425.76,0,0
MKR.V,D,20180922,000000,425.74,455.76,420.89,439.82,0,0
MKR.V,D,20180923,000000,439.82,472.02,418.04,468.47,0,0
MKR.V,D,20180924,000000,470.89,474.6,423.83,442.99,0,0
MKR.V,D,20180925,000000,449.96,459.8,367.77,429.5,0,0
MKR.V,D,20180926,000000,429.42,460.82,425.58,439.74,0,0
MKR.V,D,20180927,000000,439.66,478.7,432.79,477.2,0,0
MKR.V,D,20180928,000000,477.2,484.19,455.88,473.69,0,0
MKR.V,D,20180929,000000,473.69,500.49,444.64,485.69,0,0
MKR.V,D,20180930,000000,485.69,499.46,471.58,486.98,0,0
MKR.V,D,20181001,000000,486.9,501.05,471.98,488.89,0,0
MKR.V,D,20181002,000000,488.83,541.21,459.88,493.33,0,0
MKR.V,D,20181003,000000,493.31,568.71,482.69,494.82,0,0
MKR.V,D,20181004,000000,494.73,528.63,485.11,514.19,0,0
MKR.V,D,20181005,000000,514.07,575.62,411.77,575.53,0,0
MKR.V,D,20181006,000000,573.29,641.01,572.27,613.87,0,0
MKR.V,D,20181007,000000,611.59,648.35,593.7,604.61,0,0
MKR.V,D,20181008,000000,604.64,831.86,598.16,743.32,0,0
MKR.V,D,20181009,000000,743.98,791.32,702.45,734.7,0,0
MKR.V,D,20181010,000000,734.53,774.72,620.68,629.01,0,0
MKR.V,D,20181011,000000,629.01,689.29,594.95,635.99,0,0
MKR.V,D,20181012,000000,636.15,733.25,615.02,631.02,0,0
MKR.V,D,20181013,000000,642.65,675.28,629.02,668.57,0,0
MKR.V,D,20181014,000000,664.59,669.36,632.32,649.97,0,0
MKR.V,D,20181015,000000,649.97,719.74,623.6,667.9,0,0
MKR.V,D,20181016,000000,667.9,731.19,616.44,686.89,0,0
MKR.V,D,20181017,000000,693.15,729.6,618.18,643,0,0
MKR.V,D,20181018,000000,643.22,726.69,612.48,679.11,0,0
MKR.V,D,20181019,000000,679.01,701.35,629.18,655.04,0,0
MKR.V,D,20181020,000000,655.04,685.85,654.79,675.97,0,0
MKR.V,D,20181021,000000,675.81,702.09,663.09,681.86,0,0
MKR.V,D,20181022,000000,681.66,693.58,666.82,691.22,0,0
MKR.V,D,20181023,000000,690.92,692.31,663.86,673.5,0,0
MKR.V,D,20181024,000000,673.5,695.81,650.37,680.12,0,0
MKR.V,D,20181025,000000,680.09,690.54,641.5,659.46,0,0
MKR.V,D,20181026,000000,657.44,681.55,627.66,630.29,0,0
MKR.V,D,20181027,000000,630.26,678.08,606.93,625.13,0,0
MKR.V,D,20181028,000000,625.14,672.76,614.09,626.13,0,0
MKR.V,D,20181029,000000,626.1,642.25,608.49,636.93,0,0
MKR.V,D,20181030,000000,640.85,648.15,606.96,629.58,0,0
MKR.V,D,20181031,000000,629.8,649.6,598.36,607.92,0,0
MKR.V,D,20181101,000000,611.91,633.27,597.54,631.17,0,0
MKR.V,D,20181102,000000,631.17,651.08,622.6,623.72,0,0
MKR.V,D,20181103,000000,625.67,656.59,615.26,626.34,0,0
MKR.V,D,20181104,000000,628.33,671.9,621.28,655.73,0,0
MKR.V,D,20181105,000000,655.73,726.94,647.16,665.86,0,0
MKR.V,D,20181106,000000,665.7,699.36,643.27,674.92,0,0
MKR.V,D,20181107,000000,674.92,690.68,646.96,658.99,0,0
MKR.V,D,20181108,000000,658.96,688.6,643.36,658.29,0,0
MKR.V,D,20181109,000000,656.16,681.59,639.73,648.33,0,0
MKR.V,D,20181110,000000,648.12,664.14,641.66,653.51,0,0
MKR.V,D,20181111,000000,653.51,988.66,649.64,679.82,0,0
MKR.V,D,20181112,000000,679.82,692.16,639.56,645.62,0,0
MKR.V,D,20181113,000000,645.44,697,645.44,678.73,0,0
MKR.V,D,20181114,000000,678.7,689.27,573.95,583.01,0,0
MKR.V,D,20181115,000000,582.07,591.56,519.36,561.15,0,0
MKR.V,D,20181116,000000,561.15,587.69,542.12,552.77,0,0
MKR.V,D,20181117,000000,552.77,661.62,546.67,558.57,0,0
MKR.V,D,20181118,000000,558.57,592.37,554.8,571.58,0,0
MKR.V,D,20181119,000000,571.64,578.81,390.05,394.26,0,0
MKR.V,D,20181120,000000,392.95,437.9,335.31,410.81,0,0
MKR.V,D,20181121,000000,410.74,458.15,397.33,451.7,0,0
MKR.V,D,20181122,000000,451.7,469.26,417.02,432.57,0,0
MKR.V,D,20181123,000000,432.7,432.83,367.51,367.57,0,0
MKR.V,D,20181124,000000,367.22,396.18,328.3,335.95,0,0
MKR.V,D,20181125,000000,335.19,345.93,283.9,316.57,0,0
MKR.V,D,20181126,000000,316.35,355.11,287.61,324.18,0,0
MKR.V,D,20181127,000000,324.18,356.67,302.61,354.08,0,0
MKR.V,D,20181128,000000,353.92,410.1,337.98,383.34,0,0
MKR.V,D,20181129,000000,383.37,392.56,355.97,374.21,0,0
MKR.V,D,20181130,000000,374.21,387.97,356.29,367.46,0,0
MKR.V,D,20181201,000000,367.46,396.49,348.62,383.86,0,0
MKR.V,D,20181202,000000,383.86,407.13,377.92,397.2,0,0
MKR.V,D,20181203,000000,398.33,402.36,370.91,378.07,0,0
MKR.V,D,20181204,000000,378.07,432.18,369.46,412.62,0,0
MKR.V,D,20181205,000000,412.7,426.11,366.16,380.36,0,0
MKR.V,D,20181206,000000,380.36,403.84,346.44,365.51,0,0
MKR.V,D,20181207,000000,362.7,409.72,310.07,358.98,0,0
MKR.V,D,20181208,000000,358.98,386.8,321.64,357.97,0,0
MKR.V,D,20181209,000000,358.58,390.95,336.03,354.6,0,0
MKR.V,D,20181210,000000,354.3,364.52,320.9,333.1,0,0
MKR.V,D,20181211,000000,333.06,339.6,308.5,333.8,0,0
MKR.V,D,20181212,000000,333.8,348.35,320.21,326.48,0,0
MKR.V,D,20181213,000000,325.84,358.13,314.91,328.04,0,0
MKR.V,D,20181214,000000,328.04,347.44,322.4,338.2,0,0
MKR.V,D,20181215,000000,338.12,347.46,327.49,334.79,0,0
MKR.V,D,20181216,000000,334.79,349.56,330.37,343.62,0,0
MKR.V,D,20181217,000000,343.66,386.2,334.27,372.76,0,0
MKR.V,D,20181218,000000,372.76,412.89,362.58,404.25,0,0
MKR.V,D,20181219,000000,403.79,451.6,403.62,426.85,0,0
MKR.V,D,20181220,000000,426.97,445.72,407.51,430.62,0,0
MKR.V,D,20181221,000000,430.66,448.88,409.38,429.75,0,0
MKR.V,D,20181222,000000,429.75,444.25,407.97,419.42,0,0
MKR.V,D,20181223,000000,419.42,458.35,415.24,424.47,0,0
MKR.V,D,20181224,000000,424.47,523.84,424.47,483.44,0,0
MKR.V,D,20181225,000000,483.1,496.23,436.2,457.87,0,0
MKR.V,D,20181226,000000,457.91,480.1,428.74,458.54,0,0
MKR.V,D,20181227,000000,458.54,468.73,424.71,430.51,0,0
MKR.V,D,20181228,000000,429.96,492.01,425.97,475.51,0,0
MKR.V,D,20181229,000000,475.37,506.83,463.71,492.07,0,0
MKR.V,D,20181230,000000,491.67,507.44,451.69,477.16,0,0
MKR.V,D,20181231,000000,477.16,482.19,443.49,451.23,0,0
MKR.V,D,20190101,000000,451.23,471.79,443.97,461.66,0,0
MKR.V,D,20190102,000000,461.66,509.72,455.47,505.92,0,0
MKR.V,D,20190103,000000,505.92,524.51,476.33,505.88,0,0
MKR.V,D,20190104,000000,505.88,513.58,471.06,498.25,0,0
MKR.V,D,20190105,000000,498.25,520.29,495.25,509.43,0,0
MKR.V,D,20190106,000000,509.39,566.46,490.26,502.71,0,0
MKR.V,D,20190107,000000,502.68,560.39,488.67,492.44,0,0
MKR.V,D,20190108,000000,493.76,537.17,482.25,502.06,0,0
MKR.V,D,20190109,000000,501.99,522.77,493.34,495.73,0,0
MKR.V,D,20190110,000000,495.8,502.95,422.86,434.67,0,0
MKR.V,D,20190111,000000,434.7,439.89,409.62,423.38,0,0
MKR.V,D,20190112,000000,424.06,463.44,414.83,432.29,0,0
MKR.V,D,20190113,000000,432.01,435.77,412.21,421.69,0,0
MKR.V,D,20190114,000000,421.69,465.79,416.95,451.01,0,0
MKR.V,D,20190115,000000,451.08,472.36,437.48,442.03,0,0
MKR.V,D,20190116,000000,442.03,467.74,433.57,456.78,0,0
MKR.V,D,20190117,000000,456.78,475.4,440.49,464.28,0,0
MKR.V,D,20190118,000000,464.24,472.66,449.66,457.37,0,0
MKR.V,D,20190119,000000,457.37,493.9,453.74,480.24,0,0
MKR.V,D,20190120,000000,480.09,485.31,442.56,458.48,0,0
MKR.V,D,20190121,000000,458.48,460.34,424.08,431.84,0,0
MKR.V,D,20190122,000000,431.84,463.31,431.84,453.9,0,0
MKR.V,D,20190123,000000,453.9,466.37,448.93,459.97,0,0
MKR.V,D,20190124,000000,459.91,477.71,452.18,470.18,0,0
MKR.V,D,20190125,000000,470.16,484.4,458.72,465.09,0,0
MKR.V,D,20190126,000000,465.12,474.81,439.28,448.17,0,0
MKR.V,D,20190127,000000,448.17,469.65,429.93,434.01,0,0
MKR.V,D,20190128,000000,434.01,435.19,373.94,393.91,0,0
MKR.V,D,20190129,000000,393.95,401.02,378.15,385.24,0,0
MKR.V,D,20190130,000000,385.2,398.6,358.53,379.29,0,0
MKR.V,D,20190131,000000,379.29,406.65,358,366.02,0,0
MKR.V,D,20190201,000000,366.02,389,359.4,370.42,0,0
MKR.V,D,20190202,000000,370.42,379.96,368.13,375.91,0,0
MKR.V,D,20190203,000000,376.08,383.87,365.77,374.37,0,0
MKR.V,D,20190204,000000,374.41,400.42,368.63,387.27,0,0
MKR.V,D,20190205,000000,387.34,398.74,381.06,395.68,0,0
MKR.V,D,20190206,000000,395.72,403.18,385.05,397.95,0,0
MKR.V,D,20190207,000000,397.95,403.64,375.4,397.1,0,0
MKR.V,D,20190208,000000,397.14,452.24,397.06,433.24,0,0
MKR.V,D,20190209,000000,433.43,455.67,432.22,452.98,0,0
MKR.V,D,20190210,000000,452.87,470.32,445.79,463.4,0,0
MKR.V,D,20190211,000000,463.4,490.17,453.23,489.32,0,0
MKR.V,D,20190212,000000,489.32,510.29,469.12,502.43,0,0
MKR.V,D,20190213,000000,502.35,556.49,489.84,556.48,0,0
MKR.V,D,20190214,000000,556.48,744.69,517.61,522.79,0,0
MKR.V,D,20190215,000000,522.79,548.37,493.9,503,0,0
MKR.V,D,20190216,000000,503,555.73,493.11,503.01,0,0
MKR.V,D,20190217,000000,503.01,551.49,497.4,545.58,0,0
MKR.V,D,20190218,000000,545.54,583.13,537.89,571.2,0,0
MKR.V,D,20190219,000000,571.27,661.39,550.71,637.06,0,0
MKR.V,D,20190220,000000,635.6,687.7,615.05,662.68,0,0
MKR.V,D,20190221,000000,662.41,675.72,632.34,638.18,0,0
MKR.V,D,20190222,000000,638.13,704.33,635.41,671.3,0,0
MKR.V,D,20190223,000000,671.3,756.98,667.98,741.01,0,0
MKR.V,D,20190224,000000,741.09,798.39,651.85,668.98,0,0
MKR.V,D,20190225,000000,668.88,690.8,644.37,682.94,0,0
MKR.V,D,20190226,000000,683.33,708.03,657.95,694.94,0,0
MKR.V,D,20190227,000000,694.94,694.94,614.07,643.26,0,0
MKR.V,D,20190228,000000,643.55,688.3,637.64,673.32,0,0
MKR.V,D,20190301,000000,673.37,697.12,665.37,672.51,0,0
MKR.V,D,20190302,000000,670.85,698.16,665.79,678.8,0,0
MKR.V,D,20190303,000000,681.47,731.16,654.21,660.42,0,0
MKR.V,D,20190304,000000,660.42,665.14,613.65,616.58,0,0
MKR.V,D,20190305,000000,616.58,698.35,609.3,683.15,0,0
MKR.V,D,20190306,000000,683.25,699.55,663.49,690.98,0,0
MKR.V,D,20190307,000000,691.07,783.57,647.38,680.39,0,0
MKR.V,D,20190308,000000,685.92,692.26,645.23,658.35,0,0
MKR.V,D,20190309,000000,658.44,677.98,628.33,651.7,0,0
MKR.V,D,20190310,000000,651.51,660.02,635.06,651.98,0,0
MKR.V,D,20190311,000000,651.98,665.53,638.79,661.26,0,0
MKR.V,D,20190312,000000,661.26,665.53,641.36,658.36,0,0
MKR.V,D,20190313,000000,658.36,666.73,634.24,641.57,0,0
MKR.V,D,20190314,000000,641.52,656.24,627.75,653.92,0,0
MKR.V,D,20190315,000000,653.87,688.49,651.36,680.74,0,0
MKR.V,D,20190316,000000,680.64,712.15,680.59,702.55,0,0
MKR.V,D,20190317,000000,702.55,708.73,685.72,696,0,0
MKR.V,D,20190318,000000,695.85,714.92,673.13,690.33,0,0
MKR.V,D,20190319,000000,690.33,722.49,681.37,698.03,0,0
MKR.V,D,20190320,000000,698.03,721.06,690.58,710.47,0,0
MKR.V,D,20190321,000000,710.47,758.99,656.01,709.12,0,0
MKR.V,D,20190322,000000,709.18,751.66,702.66,739.31,0,0
MKR.V,D,20190323,000000,739.31,748.28,715.53,734.98,0,0
MKR.V,D,20190324,000000,734.98,743.42,717.73,726.48,0,0
MKR.V,D,20190325,000000,726.59,734.78,692.11,692.11,0,0
MKR.V,D,20190326,000000,692.37,709.55,667.58,687.51,0,0
MKR.V,D,20190327,000000,687.56,713.74,682.11,711.77,0,0
MKR.V,D,20190328,000000,711.62,712.88,680.27,682.51,0,0
MKR.V,D,20190329,000000,682.86,713.04,676.24,709.35,0,0
MKR.V,D,20190330,000000,709.15,726.66,705.01,718.71,0,0
MKR.V,D,20190331,000000,718.76,746.97,704.87,719.13,0,0
MKR.V,D,20190401,000000,719.89,737.13,706.41,719.84,0,0
MKR.V,D,20190402,000000,719.89,802,711.18,783.88,0,0
MKR.V,D,20190403,000000,783.19,812.24,719.08,784.27,0,0
MKR.V,D,20190404,000000,785.24,794.02,721.8,745.85,0,0
MKR.V,D,20190405,000000,745.9,787.36,734.87,780.49,0,0
MKR.V,D,20190406,000000,780.16,816.98,727.18,770.37,0,0
MKR.V,D,20190407,000000,770.51,793.74,751.02,772.06,0,0
MKR.V,D,20190408,000000,772.24,809.91,695.85,711.75,0,0
MKR.V,D,20190409,000000,711.83,727.47,690.61,719.24,0,0
MKR.V,D,20190410,000000,719.44,733.08,684.36,704.48,0,0
MKR.V,D,20190411,000000,704.24,710.64,624.84,624.88,0,0
MKR.V,D,20190412,000000,625.11,643.5,608.27,633.25,0,0
MKR.V,D,20190413,000000,633.25,640.49,605.81,611.46,0,0
MKR.V,D,20190414,000000,611.46,630.76,609.41,629.03,0,0
MKR.V,D,20190415,000000,629.1,658.1,614.13,621.03,0,0
MKR.V,D,20190416,000000,621.03,651.61,619.82,627.18,0,0
MKR.V,D,20190417,000000,627.14,637.3,602.31,630.89,0,0
MKR.V,D,20190418,000000,630.82,658.28,619.96,652.86,0,0
MKR.V,D,20190419,000000,652.86,656.86,601.75,615.06,0,0
MKR.V,D,20190420,000000,615.35,628.14,588.67,611.64,0,0
MKR.V,D,20190421,000000,611.61,622.84,595.3,596.62,0,0
MKR.V,D,20190422,000000,596.51,613.3,592.3,603.93,0,0
MKR.V,D,20190423,000000,603.93,629.22,592.72,602.88,0,0
MKR.V,D,20190424,000000,602.91,603.33,556.95,568.37,0,0
MKR.V,D,20190425,000000,568.06,581.74,517.28,518.71,0,0
MKR.V,D,20190426,000000,517.87,524.01,473.23,490.93,0,0
MKR.V,D,20190427,000000,490.91,540.94,477.2,537.73,0,0
MKR.V,D,20190428,000000,537.73,550.07,517.5,539.09,0,0
MKR.V,D,20190429,000000,539.22,557.18,522.07,524.36,0,0
MKR.V,D,20190430,000000,523.31,560.14,522.76,532.85,0,0
MKR.V,D,20190501,000000,532.85,546.25,507.12,522.64,0,0
MKR.V,D,20190502,000000,522.5,537.31,518.99,531.4,0,0
MKR.V,D,20190503,000000,531.66,574.19,517.51,535.49,0,0
MKR.V,D,20190504,000000,535.49,539.22,510.43,533.69,0,0
MKR.V,D,20190505,000000,533.63,536.7,517.83,532.58,0,0
MKR.V,D,20190506,000000,532.58,561.6,498.96,535.37,0,0
MKR.V,D,20190507,000000,535.37,570.02,527.05,542.1,0,0
MKR.V,D,20190508,000000,542.14,546.4,502.39,532.21,0,0
MKR.V,D,20190509,000000,532.21,538.74,496.3,505.76,0,0
MKR.V,D,20190510,000000,505.79,528.16,505.31,519.86,0,0
MKR.V,D,20190511,000000,519.86,620.88,512.35,599.68,0,0
MKR.V,D,20190512,000000,599.71,612.2,547.91,564.71,0,0
MKR.V,D,20190513,000000,564.71,614.35,548.02,604.18,0,0
MKR.V,D,20190514,000000,603.46,626.4,565.34,612.46,0,0
MKR.V,D,20190515,000000,612.52,723.8,612.52,713.8,0,0
MKR.V,D,20190516,000000,713.64,738.37,646.1,665.2,0,0
MKR.V,D,20190517,000000,664.78,686.27,588.39,622.96,0,0
MKR.V,D,20190518,000000,623.51,649.39,613.83,638.13,0,0
MKR.V,D,20190519,000000,637.89,681.22,616.66,678.83,0,0
MKR.V,D,20190520,000000,678.83,691.29,627.06,671.83,0,0
MKR.V,D,20190521,000000,671.54,695.01,642.45,678.06,0,0
MKR.V,D,20190522,000000,678.06,682.91,646.43,651.19,0,0
MKR.V,D,20190523,000000,651.24,666.79,612.97,664.01,0,0
MKR.V,D,20190524,000000,663.74,704.46,649.88,675.41,0,0
MKR.V,D,20190525,000000,675.49,717.2,666.58,716.75,0,0
MKR.V,D,20190526,000000,716.75,744.46,692.19,740.71,0,0
MKR.V,D,20190527,000000,740.66,768.96,728.94,754.07,0,0
MKR.V,D,20190528,000000,754.21,765.02,732.31,757.32,0,0
MKR.V,D,20190529,000000,757.4,774.01,723.6,762.1,0,0
MKR.V,D,20190530,000000,762.1,789.03,700.25,719.23,0,0
MKR.V,D,20190531,000000,719.38,740.1,696.83,725.71,0,0
MKR.V,D,20190601,000000,725.66,749.76,714.11,729.56,0,0
MKR.V,D,20190602,000000,726.23,753.26,711.88,736.45,0,0
MKR.V,D,20190603,000000,736.51,741.77,691.23,698.38,0,0
MKR.V,D,20190604,000000,698.73,701.65,638.19,645.71,0,0
MKR.V,D,20190605,000000,644.12,695.35,636.77,681.6,0,0
MKR.V,D,20190606,000000,681.6,712.69,676.71,712.31,0,0
MKR.V,D,20190607,000000,712.17,783.44,706.34,759.36,0,0
MKR.V,D,20190608,000000,759.27,774.45,742.05,757.75,0,0
MKR.V,D,20190609,000000,757.75,770.44,727.27,731.86,0,0
MKR.V,D,20190610,000000,731.83,750.16,691.1,717.9,0,0
MKR.V,D,20190611,000000,717.9,730.54,686.85,704.16,0,0
MKR.V,D,20190612,000000,704.16,751.14,697.46,732.81,0,0
MKR.V,D,20190613,000000,733.04,746.55,714.65,731.06,0,0
MKR.V,D,20190614,000000,728.58,736.79,708.57,729.94,0,0
MKR.V,D,20190615,000000,730.14,752.31,721.74,738.97,0,0
MKR.V,D,20190616,000000,739.08,745.86,711.07,733.43,0,0
MKR.V,D,20190617,000000,733.48,761.04,731.27,744.63,0,0
MKR.V,D,20190618,000000,744.58,753.9,706.53,714.47,0,0
MKR.V,D,20190619,000000,714.55,730.53,700.86,715.39,0,0
MKR.V,D,20190620,000000,714.47,757.25,703.77,716.48,0,0
MKR.V,D,20190621,000000,716.27,755.83,696.31,735.31,0,0
MKR.V,D,20190622,000000,735.24,795.27,726.45,757.47,0,0
MKR.V,D,20190623,000000,757.57,781.1,717.59,722.08,0,0
MKR.V,D,20190624,000000,721.66,755.06,646.8,722.29,0,0
MKR.V,D,20190625,000000,722.24,757.25,700.49,744.9,0,0
MKR.V,D,20190626,000000,744.61,802.95,703.81,728.05,0,0
MKR.V,D,20190627,000000,728.6,762.72,585.59,646.63,0,0
MKR.V,D,20190628,000000,646.8,714.61,639.88,698.57,0,0
MKR.V,D,20190629,000000,698.57,727.07,660.97,691.44,0,0
MKR.V,D,20190630,000000,691.84,713.64,628.46,646.37,0,0
MKR.V,D,20190701,000000,646.11,649.51,570.76,608.59,0,0
MKR.V,D,20190702,000000,607.84,633.1,570.51,618.47,0,0
MKR.V,D,20190703,000000,618.38,667.62,617.7,649.06,0,0
MKR.V,D,20190704,000000,649.13,692.41,648.4,681.41,0,0
MKR.V,D,20190705,000000,681.43,696.21,650.93,665.79,0,0
MKR.V,D,20190706,000000,665.86,706.48,653.64,677.51,0,0
MKR.V,D,20190707,000000,677.58,709.82,669.97,702.49,0,0
MKR.V,D,20190708,000000,702.58,726.24,684.8,711.95,0,0
MKR.V,D,20190709,000000,711.9,774.22,704.38,745.88,0,0
MKR.V,D,20190710,000000,746,761.93,668,689.4,0,0
MKR.V,D,20190711,000000,689.54,703.15,632.95,669.19,0,0
MKR.V,D,20190712,000000,669.26,700.74,658.32,677.87,0,0
MKR.V,D,20190713,000000,677.58,683.64,628.9,645.21,0,0
MKR.V,D,20190714,000000,645.23,665,584.17,607.02,0,0
MKR.V,D,20190715,000000,607.17,607.19,531.89,587.1,0,0
MKR.V,D,20190716,000000,587.52,610.27,479.96,501.22,0,0
MKR.V,D,20190717,000000,502.09,540.6,465.09,521.83,0,0
MKR.V,D,20190718,000000,521.4,580.97,503.29,562.66,0,0
MKR.V,D,20190719,000000,562.62,572.41,540.02,566.4,0,0
MKR.V,D,20190720,000000,566.72,585.34,546.74,581.11,0,0
MKR.V,D,20190721,000000,581.16,583.37,547.43,560.93,0,0
MKR.V,D,20190722,000000,561.05,575.1,544.38,562.35,0,0
MKR.V,D,20190723,000000,562.35,590.95,554.19,583.13,0,0
MKR.V,D,20190724,000000,583.13,587.17,548.02,573.67,0,0
MKR.V,D,20190725,000000,573.7,608.12,567.02,586.99,0,0
MKR.V,D,20190726,000000,586.96,622.96,573.45,618.91,0,0
MKR.V,D,20190727,000000,618.88,637.24,567.35,581.19,0,0
MKR.V,D,20190728,000000,581.22,589.38,570.95,579.94,0,0
MKR.V,D,20190729,000000,579.91,598.09,551.73,565.6,0,0
MKR.V,D,20190730,000000,565.52,583.23,554.66,572.33,0,0
MKR.V,D,20190731,000000,572.54,592.95,571.15,585.12,0,0
MKR.V,D,20190801,000000,585.12,602,582.37,595.51,0,0
MKR.V,D,20190802,000000,595.45,604.46,587.87,592.2,0,0
MKR.V,D,20190803,000000,592.2,615.04,583.26,592.91,0,0
MKR.V,D,20190804,000000,593.02,599.02,571.9,576.82,0,0
MKR.V,D,20190805,000000,576.33,610.53,575.53,591.09,0,0
MKR.V,D,20190806,000000,591.09,607.36,543.14,545.44,0,0
MKR.V,D,20190807,000000,545.12,577.15,536.23,548.75,0,0
MKR.V,D,20190808,000000,548.87,554.09,521.43,534.83,0,0
MKR.V,D,20190809,000000,535.12,591.18,494.47,499.47,0,0
MKR.V,D,20190810,000000,499.49,520.94,487.48,493.97,0,0
MKR.V,D,20190811,000000,494,510.27,486.01,507.75,0,0
MKR.V,D,20190812,000000,507.75,511.44,478.11,478.77,0,0
MKR.V,D,20190813,000000,478.75,488.67,463.14,469.04,0,0
MKR.V,D,20190814,000000,468.86,483.7,438.64,454.96,0,0
MKR.V,D,20190815,000000,454.96,481.58,429.49,478.93,0,0
MKR.V,D,20190816,000000,478.93,513.09,460.65,507.37,0,0
MKR.V,D,20190817,000000,507.37,526.7,506.18,516.62,0,0
MKR.V,D,20190818,000000,516.59,524.93,498.65,511.61,0,0
MKR.V,D,20190819,000000,511.72,519.06,495.76,509.87,0,0
MKR.V,D,20190820,000000,509.67,521.35,500.23,509.4,0,0
MKR.V,D,20190821,000000,509.4,513.42,475.95,486.42,0,0
MKR.V,D,20190822,000000,486.37,519.45,478.7,505.55,0,0
MKR.V,D,20190823,000000,505.55,522.57,478.85,504.75,0,0
MKR.V,D,20190824,000000,504.77,510.07,479.67,495.67,0,0
MKR.V,D,20190825,000000,495.67,511.95,484.6,492.38,0,0
MKR.V,D,20190826,000000,492.38,527.46,489.87,512.96,0,0
MKR.V,D,20190827,000000,513.1,529.93,503.95,514.52,0,0
MKR.V,D,20190828,000000,514.46,531.96,468.71,487.86,0,0
MKR.V,D,20190829,000000,487.68,491.51,460.89,478.64,0,0
MKR.V,D,20190830,000000,478.64,494.42,460.71,475.76,0,0
MKR.V,D,20190831,000000,475.76,484.4,465.44,484.19,0,0
MKR.V,D,20190901,000000,484.69,486.78,463.74,470.97,0,0
MKR.V,D,20190902,000000,470.12,495.31,463.8,483.53,0,0
MKR.V,D,20190903,000000,483.83,504.08,465.55,482.76,0,0
MKR.V,D,20190904,000000,482.76,502.42,463.93,470.43,0,0
MKR.V,D,20190905,000000,470.43,506.96,460.91,466.3,0,0
MKR.V,D,20190906,000000,466.33,484.03,401.18,426.65,0,0
MKR.V,D,20190907,000000,426.66,447.11,419.03,444.04,0,0
MKR.V,D,20190908,000000,443.89,462.71,433.07,457.27,0,0
MKR.V,D,20190909,000000,457.29,477.31,445.1,476.2,0,0
MKR.V,D,20190910,000000,476.02,495.03,472.45,481.92,0,0
MKR.V,D,20190911,000000,481.89,498.68,463.7,472.44,0,0
MKR.V,D,20190912,000000,471.73,476.62,429.7,468.22,0,0
MKR.V,D,20190913,000000,467.2,470.51,437.43,459.99,0,0
MKR.V,D,20190914,000000,460.02,480.96,457.23,477.9,0,0
MKR.V,D,20190915,000000,478,483.43,468.54,475.67,0,0
MKR.V,D,20190916,000000,475.67,487.78,457.43,477.52,0,0
MKR.V,D,20190917,000000,477.59,505.77,451.28,505.55,0,0
MKR.V,D,20190918,000000,505.41,551.14,504.55,536.6,0,0
MKR.V,D,20190919,000000,538.37,554.21,506.95,541.77,0,0
MKR.V,D,20190920,000000,541.65,571.68,537.33,547.69,0,0
MKR.V,D,20190921,000000,547.93,563.31,526.8,549.32,0,0
MKR.V,D,20190922,000000,549.13,556.64,518.75,530.12,0,0
MKR.V,D,20190923,000000,529.87,539.7,503.73,513.64,0,0
MKR.V,D,20190924,000000,513.64,522.24,406.43,444.46,0,0
MKR.V,D,20190925,000000,444.35,465.78,431.84,457.46,0,0
MKR.V,D,20190926,000000,457.46,464.07,407.47,441.81,0,0
MKR.V,D,20190927,000000,441.76,458.17,432,455.36,0,0
MKR.V,D,20190928,000000,455.49,463.6,434.15,439.61,0,0
MKR.V,D,20190929,000000,439.71,446.21,417.05,436.51,0,0
MKR.V,D,20190930,000000,436.62,455.49,433.97,447.62,0,0
MKR.V,D,20191001,000000,447.95,465,444.27,452.75,0,0
MKR.V,D,20191002,000000,452.7,459.42,434.89,447.19,0,0
MKR.V,D,20191003,000000,447.29,454.44,427.49,441.66,0,0
MKR.V,D,20191004,000000,441.69,454.57,436.96,450.06,0,0
MKR.V,D,20191005,000000,450.29,452.48,428.42,446.02,0,0
MKR.V,D,20191006,000000,445.97,449.35,426.42,432.61,0,0
MKR.V,D,20191007,000000,432.71,464.08,424.02,457.77,0,0
MKR.V,D,20191008,000000,457.8,468.2,448.09,462.13,0,0
MKR.V,D,20191009,000000,462.16,547.42,455.71,533,0,0
MKR.V,D,20191010,000000,533.05,567.45,514.98,533.28,0,0
MKR.V,D,20191011,000000,533.31,563.04,507,508.36,0,0
MKR.V,D,20191012,000000,508.5,520.72,476.38,502.89,0,0
MKR.V,D,20191013,000000,503.14,515.46,501.49,512.01,0,0
MKR.V,D,20191014,000000,509.75,523.08,503.01,513.75,0,0
MKR.V,D,20191015,000000,513.69,516.11,488.44,495.28,0,0
MKR.V,D,20191016,000000,495.13,500.46,484.35,488.01,0,0
MKR.V,D,20191017,000000,488.03,490.38,474.38,485.5,0,0
MKR.V,D,20191018,000000,485.58,498.31,469.35,486.11,0,0
MKR.V,D,20191019,000000,486.16,500.87,480.92,496.14,0,0
MKR.V,D,20191020,000000,496.14,502.69,483.73,501.73,0,0
MKR.V,D,20191021,000000,501.82,513.6,490.41,495.1,0,0
MKR.V,D,20191022,000000,495.21,500.9,486.68,487.69,0,0
MKR.V,D,20191023,000000,487.75,492.25,444.8,451.17,0,0
MKR.V,D,20191024,000000,451.06,472.74,445.78,460.02,0,0
MKR.V,D,20191025,000000,460.04,525.77,458.84,519.34,0,0
MKR.V,D,20191026,000000,519.85,589.73,483.47,498.43,0,0
MKR.V,D,20191027,000000,498.48,529.61,490.11,518.3,0,0
MKR.V,D,20191028,000000,518.75,537.56,499.84,518.43,0,0
MKR.V,D,20191029,000000,518.4,540.36,505.89,540.08,0,0
MKR.V,D,20191030,000000,539.69,541.32,499.17,528.47,0,0
MKR.V,D,20191031,000000,528.64,550.96,498.31,535.81,0,0
MKR.V,D,20191101,000000,535.81,547.22,516.08,526.67,0,0
MKR.V,D,20191102,000000,526.32,537.45,518.53,527.06,0,0
MKR.V,D,20191103,000000,527.06,540.47,516.64,523.87,0,0
MKR.V,D,20191104,000000,523.87,561.1,518.74,546.16,0,0
MKR.V,D,20191105,000000,546.22,566.97,525.31,553.06,0,0
MKR.V,D,20191106,000000,553.06,589.72,545.6,589.49,0,0
MKR.V,D,20191107,000000,589.12,659.59,577.72,653.66,0,0
MKR.V,D,20191108,000000,653.63,681.82,631.85,663.51,0,0
MKR.V,D,20191109,000000,663.41,676.81,650.91,650.98,0,0
MKR.V,D,20191110,000000,650.72,683.96,644.2,673.18,0,0
MKR.V,D,20191111,000000,673.21,683.82,637.97,640.82,0,0
MKR.V,D,20191112,000000,640.71,664.61,637.5,653.16,0,0
MKR.V,D,20191113,000000,653.12,670.67,648.09,656.22,0,0
MKR.V,D,20191114,000000,656.22,661.27,637.1,644.81,0,0
MKR.V,D,20191115,000000,644.95,647.64,565.1,603.99,0,0
MKR.V,D,20191116,000000,604.05,630.23,596.33,622.34,0,0
MKR.V,D,20191117,000000,622.54,670.12,617.21,669.02,0,0
MKR.V,D,20191118,000000,669.21,669.52,639.31,659.59,0,0
MKR.V,D,20191119,000000,659.62,660.45,586.47,595.1,0,0
MKR.V,D,20191120,000000,595.16,607.15,565.35,583.01,0,0
MKR.V,D,20191121,000000,583.07,583.66,516.68,525.34,0,0
MKR.V,D,20191122,000000,525.21,544.11,439.22,519.62,0,0
MKR.V,D,20191123,000000,520.56,567.66,506.13,560.81,0,0
MKR.V,D,20191124,000000,560.81,560.81,482.72,482.72,0,0
MKR.V,D,20191125,000000,482.99,542.95,427.4,539.01,0,0
MKR.V,D,20191126,000000,538.86,562.09,508.44,522.59,0,0
MKR.V,D,20191127,000000,522.52,750.3,512.1,545.29,0,0
MKR.V,D,20191128,000000,545.08,568.99,536.93,537.48,0,0
MKR.V,D,20191129,000000,537.45,570.68,519.24,550.18,0,0
MKR.V,D,20191130,000000,550.11,569.81,521.84,538.87,0,0
MKR.V,D,20191201,000000,538.87,543.1,492.03,517.86,0,0
MKR.V,D,20191202,000000,517.86,580.62,501.45,572.8,0,0
MKR.V,D,20191203,000000,572.87,582.61,533.37,537.01,0,0
MKR.V,D,20191204,000000,536.9,571.15,482.21,482.21,0,0
MKR.V,D,20191205,000000,482.27,534.37,464.66,506.13,0,0
MKR.V,D,20191206,000000,506.16,524.92,499.26,512.37,0,0
MKR.V,D,20191207,000000,512.43,536.55,491.59,496.13,0,0
MKR.V,D,20191208,000000,496.11,517.78,488.43,512.9,0,0
MKR.V,D,20191209,000000,511.99,517.46,493.6,502.18,0,0
MKR.V,D,20191210,000000,502.18,516.55,495.88,503.01,0,0
MKR.V,D,20191211,000000,503.01,511.63,484.59,492.32,0,0
MKR.V,D,20191212,000000,492.49,508.35,484.2,495.63,0,0
MKR.V,D,20191213,000000,495.63,518.45,494.02,509.88,0,0
MKR.V,D,20191214,000000,509.88,519.12,504.51,517.35,0,0
MKR.V,D,20191215,000000,517.38,517.67,487.93,493.75,0,0
MKR.V,D,20191216,000000,493.75,501.86,446.76,462.96,0,0
MKR.V,D,20191217,000000,463.02,469.17,405.42,410.83,0,0
MKR.V,D,20191218,000000,411.09,475.13,400.98,475.13,0,0
MKR.V,D,20191219,000000,478.54,481.33,448.02,473.68,0,0
MKR.V,D,20191220,000000,474.21,500.49,452.51,492.16,0,0
MKR.V,D,20191221,000000,492.08,506.45,470.3,488.3,0,0
MKR.V,D,20191222,000000,488.34,504.83,475.09,499.13,0,0
MKR.V,D,20191223,000000,499.13,513.56,443.02,443.46,0,0
MKR.V,D,20191224,000000,443.53,464.62,435.84,449.32,0,0
MKR.V,D,20191225,000000,449.35,462.57,426.94,431.04,0,0
MKR.V,D,20191226,000000,430.91,451.22,422.44,428.08,0,0
MKR.V,D,20191227,000000,428.83,436.68,412.5,425.39,0,0
MKR.V,D,20191228,000000,425.29,444.74,422.74,432.35,0,0
MKR.V,D,20191229,000000,432.35,461.99,427.1,452.79,0,0
MKR.V,D,20191230,000000,452.72,454.64,440.36,449.52,0,0
MKR.V,D,20191231,000000,449.52,449.74,427.94,432.4,0,0
MKR.V,D,20200101,000000,431.96,442.16,428.86,430.42,0,0
MKR.V,D,20200102,000000,430.09,436.59,417.12,422.76,0,0
MKR.V,D,20200103,000000,423.34,437.3,411.69,431.27,0,0
MKR.V,D,20200104,000000,431.3,448,417.5,440,0,0
MKR.V,D,20200105,000000,440,449.04,434.8,437.03,0,0
MKR.V,D,20200106,000000,437.03,464.6,434.64,462.79,0,0
MKR.V,D,20200107,000000,462.69,475.6,457.67,467.73,0,0
MKR.V,D,20200108,000000,467.73,499.47,467.73,481.19,0,0
MKR.V,D,20200109,000000,480.94,486.13,455.13,460.51,0,0
MKR.V,D,20200110,000000,460.51,487.06,452.17,479.58,0,0
MKR.V,D,20200111,000000,479.65,493.89,473.76,483.31,0,0
MKR.V,D,20200112,000000,483.85,497.18,476.82,495.5,0,0
MKR.V,D,20200113,000000,495.65,498.97,473.13,481.04,0,0
MKR.V,D,20200114,000000,481.04,536.24,480.77,527.46,0,0
MKR.V,D,20200115,000000,525.98,551.53,504.52,534.25,0,0
MKR.V,D,20200116,000000,534.28,537.56,485.29,529.62,0,0
MKR.V,D,20200117,000000,529.72,535.76,495.55,522.78,0,0
MKR.V,D,20200118,000000,522.75,528.87,487.21,521.24,0,0
MKR.V,D,20200119,000000,521.47,532.92,486.04,504.53,0,0
MKR.V,D,20200120,000000,504.38,508.23,448.1,484.33,0,0
MKR.V,D,20200121,000000,483.58,486.27,462.11,482.22,0,0
MKR.V,D,20200122,000000,482.22,493.99,467.4,475.13,0,0
MKR.V,D,20200123,000000,475.1,476.86,450.31,473.88,0,0
MKR.V,D,20200124,000000,473.88,474.78,446.08,468.21,0,0
MKR.V,D,20200125,000000,468.21,470.62,450.76,460.28,0,0
MKR.V,D,20200126,000000,459.96,482.74,453.21,475.08,0,0
MKR.V,D,20200127,000000,475.11,491.03,467.28,482.72,0,0
MKR.V,D,20200128,000000,482.63,520.53,481.19,514.66,0,0
MKR.V,D,20200129,000000,514.54,535.2,512.93,526.15,0,0
MKR.V,D,20200130,000000,526.15,548.17,505.27,548.17,0,0
MKR.V,D,20200131,000000,548.47,550.9,504.09,546.34,0,0
MKR.V,D,20200201,000000,546.46,555.17,518.51,547.41,0,0
MKR.V,D,20200202,000000,547.38,572.48,513.52,557.51,0,0
MKR.V,D,20200203,000000,557.43,565.85,539.67,552.41,0,0
MKR.V,D,20200204,000000,552.35,561.14,539.18,547.96,0,0
MKR.V,D,20200205,000000,547.61,582.03,541.45,573.06,0,0
MKR.V,D,20200206,000000,573.03,585.87,558.03,564.67,0,0
MKR.V,D,20200207,000000,564.59,584.39,561.38,574.92,0,0
MKR.V,D,20200208,000000,578.55,584.66,560.63,580.07,0,0
MKR.V,D,20200209,000000,580.07,592.88,567.01,588.41,0,0
MKR.V,D,20200210,000000,588.33,594.15,549.88,566.12,0,0
MKR.V,D,20200211,000000,566.64,607.73,558.31,586.25,0,0
MKR.V,D,20200212,000000,586.25,625.63,583.84,608.29,0,0
MKR.V,D,20200213,000000,608.13,640.44,593.05,620.19,0,0
MKR.V,D,20200214,000000,620.1,643.64,600.25,638.37,0,0
MKR.V,D,20200215,000000,638.39,649.22,599.95,610.32,0,0
MKR.V,D,20200216,000000,610.32,630.6,588.94,623.2,0,0
MKR.V,D,20200217,000000,624.15,639.22,582.57,606.62,0,0
MKR.V,D,20200218,000000,606.43,646.93,599.77,629.17,0,0
MKR.V,D,20200219,000000,629.24,733.25,613.43,644.71,0,0
MKR.V,D,20200220,000000,644.71,656.32,616.99,647.49,0,0
MKR.V,D,20200221,000000,647.55,651.21,620.96,632.42,0,0
MKR.V,D,20200222,000000,632.42,643.55,607,639.8,0,0
MKR.V,D,20200223,000000,639.8,655.4,630.1,655.35,0,0
MKR.V,D,20200224,000000,654.61,658.71,617.17,628.18,0,0
MKR.V,D,20200225,000000,628.15,633.91,585.42,595.08,0,0
MKR.V,D,20200226,000000,595.2,595.2,536.77,536.77,0,0
MKR.V,D,20200227,000000,536.39,585.5,517.9,568.23,0,0
MKR.V,D,20200228,000000,568.33,593.94,556.59,587.7,0,0
MKR.V,D,20200229,000000,587.93,595.83,554.12,562.08,0,0
MKR.V,D,20200301,000000,562.21,567.06,533.97,548.83,0,0
MKR.V,D,20200302,000000,549.03,581.93,535.66,571.66,0,0
MKR.V,D,20200303,000000,571.34,582.07,527.46,539.43,0,0
MKR.V,D,20200304,000000,539.46,549.48,533.79,540.65,0,0
MKR.V,D,20200305,000000,540.71,556.99,536.57,547.74,0,0
MKR.V,D,20200306,000000,547.43,588.85,541.21,585.47,0,0
MKR.V,D,20200307,000000,585.57,621.31,580.49,620.46,0,0
MKR.V,D,20200308,000000,620.28,620.69,513.75,517.87,0,0
MKR.V,D,20200309,000000,517.67,528.34,477.98,510.99,0,0
MKR.V,D,20200310,000000,510.79,533.79,491.77,503.52,0,0
MKR.V,D,20200311,000000,503.48,509.63,460.31,491.84,0,0
MKR.V,D,20200312,000000,491.11,494.11,248.03,254.43,0,0
MKR.V,D,20200313,000000,254.72,301.24,168.5,298.64,0,0
MKR.V,D,20200314,000000,299,317.96,251.01,251.92,0,0
MKR.V,D,20200315,000000,251.72,256.94,203.61,209.86,0,0
MKR.V,D,20200316,000000,209.85,226.64,166.41,191.84,0,0
MKR.V,D,20200317,000000,191.95,243.58,191.64,208.92,0,0
MKR.V,D,20200318,000000,208.45,221.18,188.32,209.27,0,0
MKR.V,D,20200319,000000,209.33,283.93,205.82,270.41,0,0
MKR.V,D,20200320,000000,270.47,309.65,240.5,253.45,0,0
MKR.V,D,20200321,000000,259.69,284.39,245.96,271.08,0,0
MKR.V,D,20200322,000000,271.77,282.77,251.47,257.56,0,0
MKR.V,D,20200323,000000,265.14,271.21,239.41,266.85,0,0
MKR.V,D,20200324,000000,268,285.2,258.17,276.29,0,0
MKR.V,D,20200325,000000,277.62,290.11,257.4,282.15,0,0
MKR.V,D,20200326,000000,281.85,336.58,269.4,335.32,0,0
MKR.V,D,20200327,000000,334.89,353.9,312.91,319.66,0,0
MKR.V,D,20200328,000000,319.61,321.5,282.67,308.51,0,0
MKR.V,D,20200329,000000,308.46,316.6,285.29,290.71,0,0
MKR.V,D,20200330,000000,290.61,320.1,288.43,300.37,0,0
MKR.V,D,20200331,000000,300.47,308.29,287.34,297.76,0,0
MKR.V,D,20200401,000000,297.73,299.03,276.95,289.56,0,0
MKR.V,D,20200402,000000,290.21,320.5,287.81,303.15,0,0
MKR.V,D,20200403,000000,303,328.02,294.92,301.68,0,0
MKR.V,D,20200404,000000,299.64,317.37,293.97,313.34,0,0
MKR.V,D,20200405,000000,313.43,318.35,294.77,298.56,0,0
MKR.V,D,20200406,000000,298.57,330.9,291.55,319.81,0,0
MKR.V,D,20200407,000000,319.84,339.36,315.61,322.11,0,0
MKR.V,D,20200408,000000,321.88,337.23,313.83,318.91,0,0
MKR.V,D,20200409,000000,318.93,336.2,317.15,330.02,0,0
MKR.V,D,20200410,000000,330.11,331.28,290.44,299.1,0,0
MKR.V,D,20200411,000000,299.08,310.51,291.93,301.12,0,0
MKR.V,D,20200412,000000,301.21,304.06,290.21,295.3,0,0
MKR.V,D,20200413,000000,295.3,301.26,267.46,297.01,0,0
MKR.V,D,20200414,000000,297.08,305.12,286.87,290.04,0,0
MKR.V,D,20200415,000000,289.98,297.82,276.43,288.15,0,0
MKR.V,D,20200416,000000,289.9,315.19,277.76,303.22,0,0
MKR.V,D,20200417,000000,302.57,306.33,286.96,296.42,0,0
MKR.V,D,20200418,000000,297.12,321.63,294.26,319.39,0,0
MKR.V,D,20200419,000000,319.46,326.95,308.29,323.95,0,0
MKR.V,D,20200420,000000,323.79,328.55,294.28,301.85,0,0
MKR.V,D,20200421,000000,301.79,316.73,295.87,315.87,0,0
MKR.V,D,20200422,000000,314.57,334.89,304.19,331.62,0,0
MKR.V,D,20200423,000000,331.63,342.33,320.89,341.22,0,0
MKR.V,D,20200424,000000,341.09,342.14,323.16,338.97,0,0
MKR.V,D,20200425,000000,338.83,340.46,325.4,331.41,0,0
MKR.V,D,20200426,000000,331.41,348.2,324.86,340.82,0,0
MKR.V,D,20200427,000000,340.89,348.97,330.54,337.93,0,0
MKR.V,D,20200428,000000,337.74,341.55,322.03,335.12,0,0
MKR.V,D,20200429,000000,335.05,356.67,332.27,349.5,0,0
MKR.V,D,20200430,000000,349.38,359.1,323.35,333.5,0,0
MKR.V,D,20200501,000000,333.39,356.22,330.91,346.1,0,0
MKR.V,D,20200502,000000,346.17,355.31,343.52,354.32,0,0
MKR.V,D,20200503,000000,354.32,359.98,344.43,350.23,0,0
MKR.V,D,20200504,000000,350.15,359.39,333.9,355.4,0,0
MKR.V,D,20200505,000000,355.41,356.93,330.82,339.99,0,0
MKR.V,D,20200506,000000,339.97,348.07,328.64,335.87,0,0
MKR.V,D,20200507,000000,335.87,351.46,323.57,342.16,0,0
MKR.V,D,20200508,000000,342.12,351.94,330.61,343.68,0,0
MKR.V,D,20200509,000000,343.74,349.6,331.18,343.2,0,0
MKR.V,D,20200510,000000,343.18,345.77,301.4,329.76,0,0
MKR.V,D,20200511,000000,329.7,342.43,307.53,317.55,0,0
MKR.V,D,20200512,000000,317.57,330.86,315.4,320.21,0,0
MKR.V,D,20200513,000000,320.74,334.46,317.54,331.27,0,0
MKR.V,D,20200514,000000,331.22,339.63,316.13,332.46,0,0
MKR.V,D,20200515,000000,332.41,342.69,313.59,331.95,0,0
MKR.V,D,20200516,000000,329.31,339.95,320.35,335.84,0,0
MKR.V,D,20200517,000000,335.83,347.32,330.58,344.43,0,0
MKR.V,D,20200518,000000,344.49,352.94,321.06,327.31,0,0
MKR.V,D,20200519,000000,327.3,336.4,315.87,330.15,0,0
MKR.V,D,20200520,000000,330.13,340,314.05,333.3,0,0
MKR.V,D,20200521,000000,333.2,335.44,301.15,314.01,0,0
MKR.V,D,20200522,000000,314.01,333.74,310.62,322.12,0,0
MKR.V,D,20200523,000000,322.15,341.68,318.28,340.46,0,0
MKR.V,D,20200524,000000,340.46,351.25,324.21,337.05,0,0
MKR.V,D,20200525,000000,337.14,350,319.04,344.64,0,0
MKR.V,D,20200526,000000,344.67,352.11,334.86,344.15,0,0
MKR.V,D,20200527,000000,344.07,352.07,335.31,342.52,0,0
MKR.V,D,20200528,000000,342.53,355.98,337.89,348.3,0,0
MKR.V,D,20200529,000000,348.4,519.34,340.96,497.78,0,0
MKR.V,D,20200530,000000,497.88,538.28,480.57,504.57,0,0
MKR.V,D,20200531,000000,504.58,524.12,462.9,468.25,0,0
MKR.V,D,20200601,000000,465.59,479.86,448.28,454.31,0,0
MKR.V,D,20200602,000000,454.41,471.86,405.31,442.57,0,0
MKR.V,D,20200603,000000,441.81,452.84,410.28,417.18,0,0
MKR.V,D,20200604,000000,417.22,443.08,415.88,431.06,0,0
MKR.V,D,20200605,000000,431.13,454.8,417.94,452.22,0,0
MKR.V,D,20200606,000000,452.31,500.05,449.57,495.32,0,0
MKR.V,D,20200607,000000,494.63,549.28,474.23,542.61,0,0
MKR.V,D,20200608,000000,542.64,560.13,535.18,557.52,0,0
MKR.V,D,20200609,000000,559.78,724.04,546.44,707.74,0,0
MKR.V,D,20200610,000000,707.74,716.11,656.6,676.37,0,0
MKR.V,D,20200611,000000,676.37,748.36,594.97,642.72,0,0
MKR.V,D,20200612,000000,642.72,643.83,584.14,588.62,0,0
MKR.V,D,20200613,000000,588.62,597.54,505.76,554.33,0,0
MKR.V,D,20200614,000000,554.33,554.33,500.02,501.63,0,0
MKR.V,D,20200615,000000,501.62,552.29,442.43,525.4,0,0
MKR.V,D,20200616,000000,525.4,593.83,525.4,541.39,0,0
MKR.V,D,20200617,000000,543.01,568.49,529.88,538.58,0,0
MKR.V,D,20200618,000000,538.58,545,514.92,517.71,0,0
MKR.V,D,20200619,000000,518.67,535.3,511.8,516.01,0,0
MKR.V,D,20200620,000000,516.01,524.4,508.75,518.08,0,0
MKR.V,D,20200621,000000,518.08,523.18,512.05,512.05,0,0
MKR.V,D,20200622,000000,512.05,519.89,498.87,519.89,0,0
MKR.V,D,20200623,000000,519.84,524.03,495.97,502.75,0,0
MKR.V,D,20200624,000000,502.75,504.71,470.07,487.26,0,0
MKR.V,D,20200625,000000,487.26,487.26,465.36,465.36,0,0
MKR.V,D,20200626,000000,465.51,468.65,453.25,460.7,0,0
MKR.V,D,20200627,000000,460.08,479.77,430.22,435.7,0,0
MKR.V,D,20200628,000000,435.7,455.93,430.96,449.7,0,0
MKR.V,D,20200629,000000,449.7,457.83,441.63,454.61,0,0
MKR.V,D,20200630,000000,454.61,461.75,440.53,455.64,0,0
MKR.V,D,20200701,000000,455.67,457.92,444.33,445.28,0,0
MKR.V,D,20200702,000000,445.46,458.99,430.61,434.21,0,0
MKR.V,D,20200703,000000,434.21,449.56,432.11,445.28,0,0
MKR.V,D,20200704,000000,445.28,499.89,444.42,496.34,0,0
MKR.V,D,20200705,000000,495,499.99,455.68,458.9,0,0
MKR.V,D,20200706,000000,458.9,490.26,458.57,466.35,0,0
MKR.V,D,20200707,000000,465.88,471.35,455,456.38,0,0
MKR.V,D,20200708,000000,456.38,469.3,453.41,461.64,0,0
MKR.V,D,20200709,000000,461.64,462.88,452.85,453.56,0,0
MKR.V,D,20200710,000000,453.56,455.45,447.68,448.11,0,0
MKR.V,D,20200711,000000,448.11,469.1,447.68,468.16,0,0
MKR.V,D,20200712,000000,468.15,473.56,456.47,463.14,0,0
MKR.V,D,20200713,000000,463.14,466.59,448.1,449,0,0
MKR.V,D,20200714,000000,449,458.37,446.16,456.68,0,0
MKR.V,D,20200715,000000,456.68,465.66,450.39,456.57,0,0
MKR.V,D,20200716,000000,456.57,458.04,441.95,441.95,0,0
MKR.V,D,20200717,000000,441.86,450.94,439.94,448.41,0,0
MKR.V,D,20200718,000000,448.18,457.21,445.49,455.53,0,0
MKR.V,D,20200719,000000,452.5,470,448.7,468.76,0,0
MKR.V,D,20200720,000000,468.76,469.75,450.2,450.65,0,0
MKR.V,D,20200721,000000,450.65,459.61,449.72,459.61,0,0
MKR.V,D,20200722,000000,458.21,490.77,456.74,484.52,0,0
MKR.V,D,20200723,000000,484.55,598.48,484.55,536.48,0,0
MKR.V,D,20200724,000000,536.48,552.53,502.74,518.01,0,0
MKR.V,D,20200725,000000,518.02,521.15,499.43,520.9,0,0
MKR.V,D,20200726,000000,520.9,553.23,512.71,517.01,0,0
MKR.V,D,20200727,000000,517.01,531.86,501.51,512.6,0,0
MKR.V,D,20200728,000000,511.66,520.95,499.2,514.85,0,0
MKR.V,D,20200729,000000,514.85,546.46,513.38,536.42,0,0
