<TICKER>,<PER>,<DATE>,<TIME>,<OPEN>,<HIGH>,<LOW>,<CLOSE>,<VOL>,<OPENINT>
NEO.V,D,20170805,000000,10.5,15.8,10.21,14.12,0,0
NEO.V,D,20170806,000000,14.12,17.25,13.3,15.97,0,0
NEO.V,D,20170807,000000,18.2,19.93,17.41,19.49,0,0
NEO.V,D,20170808,000000,19.49,20.29,15.68,18.25,0,0
NEO.V,D,20170809,000000,18.25,23,17.26,22.6,0,0
NEO.V,D,20170810,000000,22.6,41.72,21.51,37.6,0,0
NEO.V,D,20170811,000000,37.6,40.99,27.75,34.1,0,0
NEO.V,D,20170812,000000,34.1,38.56,30.7,37.72,0,0
NEO.V,D,20170813,000000,37.72,56.69,35.31,48.5,0,0
NEO.V,D,20170814,000000,48.5,54.8,45.4,48.32,0,0
NEO.V,D,20170815,000000,48.32,49.5,36.54,47.5,0,0
NEO.V,D,20170816,000000,47.5,52.3,44.62,45.99,0,0
NEO.V,D,20170817,000000,45.99,46.73,38.63,40.39,0,0
NEO.V,D,20170818,000000,40.39,41.76,30.54,38.88,0,0
NEO.V,D,20170819,000000,38.88,42,34.07,39.82,0,0
NEO.V,D,20170820,000000,39.82,41.2,37.99,38.5,0,0
NEO.V,D,20170821,000000,38.5,38.69,34,35.46,0,0
NEO.V,D,20170822,000000,35.46,36.36,31.5,35.6,0,0
NEO.V,D,20170823,000000,35.6,44.39,35.11,39.88,0,0
NEO.V,D,20170824,000000,39.88,42.28,39.36,41.9,0,0
NEO.V,D,20170825,000000,41.9,42.6,39.29,40.31,0,0
NEO.V,D,20170826,000000,40.31,40.87,37,38.82,0,0
NEO.V,D,20170827,000000,38.82,41.13,37,40,0,0
NEO.V,D,20170828,000000,40,40.35,37,38.5,0,0
NEO.V,D,20170829,000000,38.5,38.71,28.1,33.3,0,0
NEO.V,D,20170830,000000,33.3,36.02,30,33.33,0,0
NEO.V,D,20170831,000000,33.33,35.3,32.7,33.06,0,0
NEO.V,D,20170901,000000,33.06,33.85,28.7,31.8,0,0
NEO.V,D,20170902,000000,31.8,34.09,27.29,31.35,0,0
NEO.V,D,20170903,000000,31.35,32.88,28.45,30.81,0,0
NEO.V,D,20170904,000000,30.81,30.81,16.5,21.81,0,0
NEO.V,D,20170905,000000,21.81,24.5,18.5,23.4,0,0
NEO.V,D,20170906,000000,23.4,24.67,20.1,21.3,0,0
NEO.V,D,20170907,000000,21.3,34,20.21,30.98,0,0
NEO.V,D,20170908,000000,30.98,31.3,22.43,25.81,0,0
NEO.V,D,20170909,000000,25.81,25.96,22.27,22.6,0,0
NEO.V,D,20170910,000000,22.6,24.92,19.63,23.68,0,0
NEO.V,D,20170911,000000,23.68,24.54,21.52,21.96,0,0
NEO.V,D,20170912,000000,21.96,23.84,19.56,20.87,0,0
NEO.V,D,20170913,000000,20.87,21.4,17.64,20.03,0,0
NEO.V,D,20170914,000000,20.03,20.84,14.75,15.67,0,0
NEO.V,D,20170915,000000,15.67,19.28,13.12,18.72,0,0
NEO.V,D,20170916,000000,18.72,23.25,18.23,20.62,0,0
NEO.V,D,20170917,000000,20.62,20.62,18.17,19.8,0,0
NEO.V,D,20170918,000000,19.8,21.41,19.45,21.07,0,0
NEO.V,D,20170919,000000,21.07,21.77,18.89,19.96,0,0
NEO.V,D,20170920,000000,19.96,20.53,19.55,19.69,0,0
NEO.V,D,20170921,000000,19.69,19.89,16.57,17.26,0,0
NEO.V,D,20170922,000000,17.26,19.36,16.97,18.56,0,0
NEO.V,D,20170923,000000,18.56,20.62,18.22,20.05,0,0
NEO.V,D,20170924,000000,20.05,20.44,19.14,19.65,0,0
NEO.V,D,20170925,000000,19.65,27.42,19.59,25.94,0,0
NEO.V,D,20170926,000000,25.94,27.38,24.32,26.39,0,0
NEO.V,D,20170927,000000,26.39,34.01,26.38,31.82,0,0
NEO.V,D,20170928,000000,31.82,32.79,27.59,29.92,0,0
NEO.V,D,20170929,000000,29.92,30.46,25.96,28.64,0,0
NEO.V,D,20170930,000000,28.64,34.48,28.4,34.32,0,0
NEO.V,D,20171001,000000,34.32,35.96,31.84,35.72,0,0
NEO.V,D,20171002,000000,35.72,38.95,34.62,36.61,0,0
NEO.V,D,20171003,000000,36.61,36.77,31.88,33.57,0,0
NEO.V,D,20171004,000000,33.57,35.29,30.1,31.17,0,0
NEO.V,D,20171005,000000,31.17,33.63,28.83,32.28,0,0
NEO.V,D,20171006,000000,32.28,34.47,32.08,33.49,0,0
NEO.V,D,20171007,000000,33.49,36.27,33.16,35.88,0,0
NEO.V,D,20171008,000000,35.88,37.24,31.03,32.15,0,0
NEO.V,D,20171009,000000,32.15,32.98,26.64,28.96,0,0
NEO.V,D,20171010,000000,28.96,31.44,28.03,29.34,0,0
NEO.V,D,20171011,000000,29.34,31.28,29.32,30.03,0,0
NEO.V,D,20171012,000000,30.03,30.47,27.57,28.23,0,0
NEO.V,D,20171013,000000,28.23,29.83,26.7,29.34,0,0
NEO.V,D,20171014,000000,29.34,29.55,27.56,27.69,0,0
NEO.V,D,20171015,000000,27.69,28.38,27.01,27.87,0,0
NEO.V,D,20171016,000000,27.87,29.04,27.04,28.61,0,0
NEO.V,D,20171017,000000,28.6,32.56,27.7,31.36,0,0
NEO.V,D,20171018,000000,31.36,31.73,28.3,29.66,0,0
NEO.V,D,20171019,000000,29.65,30.02,28.52,28.81,0,0
NEO.V,D,20171020,000000,28.8,29.63,27.74,27.78,0,0
NEO.V,D,20171021,000000,27.72,28.22,25.87,27.12,0,0
NEO.V,D,20171022,000000,27.15,29.58,26.97,28.92,0,0
NEO.V,D,20171023,000000,28.57,28.62,26.51,27.82,0,0
NEO.V,D,20171024,000000,27.84,32.58,27.04,29.95,0,0
NEO.V,D,20171025,000000,29.95,30.21,28.51,28.62,0,0
NEO.V,D,20171026,000000,28.58,29.28,27.87,28.33,0,0
NEO.V,D,20171027,000000,28.33,29.24,28.23,28.88,0,0
NEO.V,D,20171028,000000,28.88,28.98,27.17,27.34,0,0
NEO.V,D,20171029,000000,27.34,28.54,27.1,27.77,0,0
NEO.V,D,20171030,000000,27.71,29.49,27.71,28.79,0,0
NEO.V,D,20171031,000000,28.79,31.46,28.31,28.39,0,0
NEO.V,D,20171101,000000,28.39,28.52,26.68,26.87,0,0
NEO.V,D,20171102,000000,26.74,26.82,22.61,24.62,0,0
NEO.V,D,20171103,000000,24.65,26.83,24.3,26.67,0,0
NEO.V,D,20171104,000000,26.67,27.67,25.81,26.44,0,0
NEO.V,D,20171105,000000,26.44,26.62,25.65,26.24,0,0
NEO.V,D,20171106,000000,26.43,26.82,25.95,26.23,0,0
NEO.V,D,20171107,000000,26.19,26.65,25.06,26.15,0,0
NEO.V,D,20171108,000000,26.15,32.88,25.97,30.1,0,0
NEO.V,D,20171109,000000,30.09,33.14,29.2,31.89,0,0
NEO.V,D,20171110,000000,31.9,32.45,26.46,27.97,0,0
NEO.V,D,20171111,000000,27.97,29.87,27.19,28.39,0,0
NEO.V,D,20171112,000000,28.39,28.41,25.04,26.82,0,0
NEO.V,D,20171113,000000,26.82,28.73,26.53,28.22,0,0
NEO.V,D,20171114,000000,28.21,29.85,27.79,29.59,0,0
NEO.V,D,20171115,000000,29.6,30.42,28.13,29.23,0,0
NEO.V,D,20171116,000000,29.39,29.89,28.4,28.74,0,0
NEO.V,D,20171117,000000,28.74,41.45,28.37,40.2,0,0
NEO.V,D,20171118,000000,40.19,48.28,36.06,42.93,0,0
NEO.V,D,20171119,000000,42.9,45.55,36.73,40,0,0
NEO.V,D,20171120,000000,40,43.5,35.38,35.52,0,0
NEO.V,D,20171121,000000,35.71,37.33,33.47,34.37,0,0
NEO.V,D,20171122,000000,34.32,37.24,34.32,36.01,0,0
NEO.V,D,20171123,000000,36.01,36.43,34.16,34.67,0,0
NEO.V,D,20171124,000000,34.67,35.68,33.38,34.76,0,0
NEO.V,D,20171125,000000,34.76,40.04,34.55,38.03,0,0
NEO.V,D,20171126,000000,38.03,39.04,36.93,38.01,0,0
NEO.V,D,20171127,000000,38.07,41.86,37.82,40.15,0,0
NEO.V,D,20171128,000000,40.13,40.14,37.06,37.86,0,0
NEO.V,D,20171129,000000,37.86,39.48,19.46,32.27,0,0
NEO.V,D,20171130,000000,32.27,34.71,29.37,32.67,0,0
NEO.V,D,20171201,000000,32.67,36.33,30.77,35.83,0,0
NEO.V,D,20171202,000000,35.82,36.67,34.35,35.03,0,0
NEO.V,D,20171203,000000,35.13,39.6,34.84,36.61,0,0
NEO.V,D,20171204,000000,36.59,43.19,36.55,41.84,0,0
NEO.V,D,20171205,000000,41.86,42.82,38.25,38.43,0,0
NEO.V,D,20171206,000000,38.42,38.73,33.92,34.79,0,0
NEO.V,D,20171207,000000,34.78,36.87,31.75,34.02,0,0
NEO.V,D,20171208,000000,34.03,36.48,31.73,35.24,0,0
NEO.V,D,20171209,000000,35.23,38.11,33.82,35.12,0,0
NEO.V,D,20171210,000000,35.12,35.17,31.56,32.78,0,0
NEO.V,D,20171211,000000,32.76,36.2,32.76,35.6,0,0
NEO.V,D,20171212,000000,35.6,39.65,35.06,38.75,0,0
NEO.V,D,20171213,000000,38.77,48.41,36.05,44.33,0,0
NEO.V,D,20171214,000000,44.33,53.9,44.05,50.11,0,0
NEO.V,D,20171215,000000,50.11,51.17,41.42,47.9,0,0
NEO.V,D,20171216,000000,47.9,51.82,46.42,49.23,0,0
NEO.V,D,20171217,000000,49.23,74.04,48.71,67.07,0,0
NEO.V,D,20171218,000000,67.07,83.1,62.04,77.34,0,0
NEO.V,D,20171219,000000,77.34,84.11,63.79,69.56,0,0
NEO.V,D,20171220,000000,69.57,77.11,60.76,75.58,0,0
NEO.V,D,20171221,000000,75.58,78.34,64.95,71.19,0,0
NEO.V,D,20171222,000000,71.19,72.87,34.93,54.1,0,0
NEO.V,D,20171223,000000,54.1,65.87,53.76,57.06,0,0
NEO.V,D,20171224,000000,57.06,58.54,49.05,58.14,0,0
NEO.V,D,20171225,000000,58.14,67.47,56.02,65.42,0,0
NEO.V,D,20171226,000000,65.42,67.67,60.38,64.94,0,0
NEO.V,D,20171227,000000,64.94,69.59,61.69,65.99,0,0
NEO.V,D,20171228,000000,65.99,66.36,56.12,64.82,0,0
NEO.V,D,20171229,000000,64.84,74.19,62.01,72.75,0,0
NEO.V,D,20171230,000000,72.75,73.99,60.46,70.47,0,0
NEO.V,D,20171231,000000,70.47,77.39,66.54,74.66,0,0
NEO.V,D,20180101,000000,74.66,80.19,71.86,78.09,0,0
NEO.V,D,20180102,000000,78.09,98.9,77.92,89.01,0,0
NEO.V,D,20180103,000000,89.01,106.36,85.94,104.73,0,0
NEO.V,D,20180104,000000,104.73,110.1,92.61,97.93,0,0
NEO.V,D,20180105,000000,97.93,106.48,88.94,94.67,0,0
NEO.V,D,20180106,000000,94.67,102.82,90.98,100.04,0,0
NEO.V,D,20180107,000000,100.04,108.24,98.22,100.71,0,0
NEO.V,D,20180108,000000,100.71,107.49,86.18,100.16,0,0
NEO.V,D,20180109,000000,100.16,130.91,100.08,126.38,0,0
NEO.V,D,20180110,000000,126.38,126.72,106.15,122.52,0,0
NEO.V,D,20180111,000000,122.52,124.41,100.07,107.14,0,0
NEO.V,D,20180112,000000,107.13,126.39,102.64,123.12,0,0
NEO.V,D,20180113,000000,123.09,146.68,122.77,138.44,0,0
NEO.V,D,20180114,000000,138.44,168.7,132.61,166.71,0,0
NEO.V,D,20180115,000000,166.71,197.56,145.08,188.61,0,0
NEO.V,D,20180116,000000,188.61,189.27,103.5,140.9,0,0
NEO.V,D,20180117,000000,140.9,154.48,93.42,143.48,0,0
NEO.V,D,20180118,000000,143.48,160.18,127.06,139.79,0,0
NEO.V,D,20180119,000000,139.79,150.12,130.88,139.19,0,0
NEO.V,D,20180120,000000,139.19,157.53,136.34,149.63,0,0
NEO.V,D,20180121,000000,149.63,149.83,123.85,131.32,0,0
NEO.V,D,20180122,000000,131.32,137.22,109.85,122.62,0,0
NEO.V,D,20180123,000000,122.62,129.97,109.37,121.66,0,0
NEO.V,D,20180124,000000,121.71,145.92,116.92,137.73,0,0
NEO.V,D,20180125,000000,137.73,146.46,133.97,138.08,0,0
NEO.V,D,20180126,000000,138.03,141.31,124.29,133.86,0,0
NEO.V,D,20180127,000000,133.84,142.61,133.81,141.5,0,0
NEO.V,D,20180128,000000,141.55,154.08,139.23,152.51,0,0
NEO.V,D,20180129,000000,152.6,165.52,150.03,160.89,0,0
NEO.V,D,20180130,000000,160.9,169.02,136,146.93,0,0
NEO.V,D,20180131,000000,146.8,147.34,131.39,144.34,0,0
NEO.V,D,20180201,000000,144.34,147.07,114.21,124.97,0,0
NEO.V,D,20180202,000000,124.26,131.62,94.02,120.76,0,0
NEO.V,D,20180203,000000,120.81,129.95,107.36,122.79,0,0
NEO.V,D,20180204,000000,122.79,124.76,99.54,110.49,0,0
NEO.V,D,20180205,000000,110.78,110.86,74.91,81.86,0,0
NEO.V,D,20180206,000000,81.97,110.51,64.24,105.83,0,0
NEO.V,D,20180207,000000,105.82,119,93.78,106.32,0,0
NEO.V,D,20180208,000000,106.1,118.04,100.8,110.46,0,0
NEO.V,D,20180209,000000,110.3,115.8,104.25,114.1,0,0
NEO.V,D,20180210,000000,114.14,119.78,100.66,107.97,0,0
NEO.V,D,20180211,000000,107.76,111.38,94.34,106.17,0,0
NEO.V,D,20180212,000000,106.16,114.83,101.04,112.02,0,0
NEO.V,D,20180213,000000,112.06,113.38,106.1,108.87,0,0
NEO.V,D,20180214,000000,108.87,121.56,108.03,121.39,0,0
NEO.V,D,20180215,000000,121.42,124.58,116.32,121.46,0,0
NEO.V,D,20180216,000000,121.47,128.87,117.86,127.51,0,0
NEO.V,D,20180217,000000,127.51,138.39,126.95,135.15,0,0
NEO.V,D,20180218,000000,135.17,136.08,121.27,126.76,0,0
NEO.V,D,20180219,000000,126.9,137.65,124.09,135.33,0,0
NEO.V,D,20180220,000000,135.44,140.63,125.42,127.17,0,0
NEO.V,D,20180221,000000,126.95,127.9,114.72,118.96,0,0
NEO.V,D,20180222,000000,118.97,125.76,109.47,112.69,0,0
NEO.V,D,20180223,000000,112.69,122.57,108.73,118.7,0,0
NEO.V,D,20180224,000000,118.7,124.06,111.09,113.81,0,0
NEO.V,D,20180225,000000,113.77,118.41,112.77,118.38,0,0
NEO.V,D,20180226,000000,118.37,136.71,116.2,132.56,0,0
NEO.V,D,20180227,000000,132.61,145.17,130.25,142.86,0,0
NEO.V,D,20180228,000000,142.7,144.01,129.48,129.48,0,0
NEO.V,D,20180301,000000,129.7,134.86,124.98,128.87,0,0
NEO.V,D,20180302,000000,128.87,130.2,121.94,124.67,0,0
NEO.V,D,20180303,000000,124.67,128.33,120.7,121.28,0,0
NEO.V,D,20180304,000000,121.25,125.03,115.44,118.43,0,0
NEO.V,D,20180305,000000,118.43,120.11,111.02,111.63,0,0
NEO.V,D,20180306,000000,111.58,114.67,101.78,105.24,0,0
NEO.V,D,20180307,000000,105.24,113.35,89.48,99.73,0,0
NEO.V,D,20180308,000000,99.72,101.38,89.64,90.3,0,0
NEO.V,D,20180309,000000,90.38,92.83,79.7,92.71,0,0
NEO.V,D,20180310,000000,92.79,94.37,84.94,85.73,0,0
NEO.V,D,20180311,000000,85.73,92.23,81.3,90.04,0,0
NEO.V,D,20180312,000000,90.04,92.48,83.18,84.42,0,0
NEO.V,D,20180313,000000,84.42,88.34,81.72,83.03,0,0
NEO.V,D,20180314,000000,83.01,85.66,68.45,71.3,0,0
NEO.V,D,20180315,000000,71.33,72.94,65.01,69.92,0,0
NEO.V,D,20180316,000000,69.92,71.83,65.21,69.28,0,0
NEO.V,D,20180317,000000,69.28,69.38,60.52,62.27,0,0
NEO.V,D,20180318,000000,62.28,67.81,49.29,64.37,0,0
NEO.V,D,20180319,000000,64.4,69.98,62.35,67.56,0,0
NEO.V,D,20180320,000000,67.56,79.71,66.76,77.42,0,0
NEO.V,D,20180321,000000,77.44,77.98,71.15,71.8,0,0
NEO.V,D,20180322,000000,71.63,75.21,66.24,69.33,0,0
NEO.V,D,20180323,000000,69.19,70.51,63.35,66.81,0,0
NEO.V,D,20180324,000000,66.81,70.17,65.54,65.99,0,0
NEO.V,D,20180325,000000,65.97,66.87,63.58,66.81,0,0
NEO.V,D,20180326,000000,66.95,67.63,55.31,56.04,0,0
NEO.V,D,20180327,000000,56.04,61.22,52.28,58.06,0,0
NEO.V,D,20180328,000000,58.06,60.35,54.84,56.56,0,0
NEO.V,D,20180329,000000,56.55,57.88,50.91,52.02,0,0
NEO.V,D,20180330,000000,52.04,54.77,48.72,51.21,0,0
NEO.V,D,20180331,000000,51.21,52.89,49.73,50.14,0,0
NEO.V,D,20180401,000000,50.14,50.68,45.1,47.82,0,0
NEO.V,D,20180402,000000,47.81,50.42,46.83,48.38,0,0
NEO.V,D,20180403,000000,48.38,54.24,48.31,53.67,0,0
NEO.V,D,20180404,000000,53.67,53.84,46.75,47.7,0,0
NEO.V,D,20180405,000000,47.7,48.08,45.69,46.72,0,0
NEO.V,D,20180406,000000,46.72,47.64,44.49,45.09,0,0
NEO.V,D,20180407,000000,45.09,48.11,44.59,47.16,0,0
NEO.V,D,20180408,000000,47.16,48.38,46.29,48.08,0,0
NEO.V,D,20180409,000000,48.08,57.39,48.08,51.81,0,0
NEO.V,D,20180410,000000,51.81,53.22,49.1,52.7,0,0
NEO.V,D,20180411,000000,52.69,59.23,51.69,58.17,0,0
NEO.V,D,20180412,000000,58.28,66.49,54.6,65.78,0,0
NEO.V,D,20180413,000000,65.7,68.48,62.93,63.02,0,0
NEO.V,D,20180414,000000,63.06,65.98,61.57,65.16,0,0
NEO.V,D,20180415,000000,65.16,70.8,63.63,69.17,0,0
NEO.V,D,20180416,000000,69.17,71.54,64.3,65.84,0,0
NEO.V,D,20180417,000000,65.92,70.21,65.58,66.26,0,0
NEO.V,D,20180418,000000,66.26,73.29,65.67,73.18,0,0
NEO.V,D,20180419,000000,73.18,75.21,70.73,73.73,0,0
NEO.V,D,20180420,000000,73.73,77.54,72.01,77.51,0,0
NEO.V,D,20180421,000000,77.33,79.71,70.72,74.51,0,0
NEO.V,D,20180422,000000,74.51,77.57,72.95,75.32,0,0
NEO.V,D,20180423,000000,75.38,78.24,73.32,76.53,0,0
NEO.V,D,20180424,000000,76.56,84.21,76.13,83.49,0,0
NEO.V,D,20180425,000000,83.49,84.64,68.47,75.65,0,0
NEO.V,D,20180426,000000,75.8,76.46,69.53,75.34,0,0
NEO.V,D,20180427,000000,75.35,77.63,72.51,73,0,0
NEO.V,D,20180428,000000,72.85,78.39,72.08,76.38,0,0
NEO.V,D,20180429,000000,76.38,92.23,76.01,90.56,0,0
NEO.V,D,20180430,000000,90.45,94.53,82.1,82.62,0,0
NEO.V,D,20180501,000000,82.62,84.72,78.29,84.54,0,0
NEO.V,D,20180502,000000,84.56,85.45,82.16,84.34,0,0
NEO.V,D,20180503,000000,84.31,89.98,83.36,88.01,0,0
NEO.V,D,20180504,000000,87.86,88.93,82.24,85.09,0,0
NEO.V,D,20180505,000000,85.09,86.45,84.03,84.85,0,0
NEO.V,D,20180506,000000,84.85,88.4,80.06,82.36,0,0
NEO.V,D,20180507,000000,82.36,83.81,76.04,79.63,0,0
NEO.V,D,20180508,000000,79.63,81.16,75.56,77.07,0,0
NEO.V,D,20180509,000000,77.04,77.83,72.47,75.58,0,0
NEO.V,D,20180510,000000,75.58,76.76,71.49,71.85,0,0
NEO.V,D,20180511,000000,71.85,71.85,60.83,62.59,0,0
NEO.V,D,20180512,000000,62.39,67.42,58.4,64.2,0,0
NEO.V,D,20180513,000000,64.2,69.32,62.61,67.43,0,0
NEO.V,D,20180514,000000,67.37,69.09,62.41,67.15,0,0
NEO.V,D,20180515,000000,67.17,69.08,63.49,63.49,0,0
NEO.V,D,20180516,000000,63.52,63.6,59.34,60.74,0,0
NEO.V,D,20180517,000000,60.74,63.27,57.69,57.69,0,0
NEO.V,D,20180518,000000,57.69,60.45,56.58,59.81,0,0
NEO.V,D,20180519,000000,59.8,60.63,57.91,58.84,0,0
NEO.V,D,20180520,000000,58.84,63.95,58.53,63.77,0,0
NEO.V,D,20180521,000000,63.79,66.33,60.7,62.41,0,0
NEO.V,D,20180522,000000,62.41,63,57.49,57.64,0,0
NEO.V,D,20180523,000000,57.49,57.72,51.28,53.6,0,0
NEO.V,D,20180524,000000,53.72,54.96,50,54.08,0,0
NEO.V,D,20180525,000000,54.08,56.31,51.8,52.63,0,0
NEO.V,D,20180526,000000,52.63,54.47,51.58,53.18,0,0
NEO.V,D,20180527,000000,53.18,53.37,51.05,52.24,0,0
NEO.V,D,20180528,000000,52.24,53.03,48.36,48.36,0,0
NEO.V,D,20180529,000000,48.36,53.63,47.51,52.85,0,0
NEO.V,D,20180530,000000,52.85,53.52,50.31,50.87,0,0
NEO.V,D,20180531,000000,50.87,54.24,50.79,53.52,0,0
NEO.V,D,20180601,000000,53.61,56.19,52.6,54.42,0,0
NEO.V,D,20180602,000000,54.42,57.43,54.42,56.52,0,0
NEO.V,D,20180603,000000,56.52,58.28,55.79,56.41,0,0
NEO.V,D,20180604,000000,56.41,57.28,52.36,53.99,0,0
NEO.V,D,20180605,000000,53.99,55,51.85,54,0,0
NEO.V,D,20180606,000000,54,54.66,52.59,53.94,0,0
NEO.V,D,20180607,000000,53.96,54.94,52.94,53.11,0,0
NEO.V,D,20180608,000000,53.12,53.95,51.83,52.59,0,0
NEO.V,D,20180609,000000,52.66,53.26,51.75,51.89,0,0
NEO.V,D,20180610,000000,51.89,51.92,44.32,44.83,0,0
NEO.V,D,20180611,000000,44.91,45.63,42.63,43.59,0,0
NEO.V,D,20180612,000000,43.66,46.49,40.46,41.33,0,0
NEO.V,D,20180613,000000,41.33,41.56,35.82,37.86,0,0
NEO.V,D,20180614,000000,37.81,41.79,37.58,40.8,0,0
NEO.V,D,20180615,000000,40.87,41.01,38.18,38.66,0,0
NEO.V,D,20180616,000000,38.66,38.66,36.4,38.22,0,0
NEO.V,D,20180617,000000,38.22,39.72,37.46,38.83,0,0
NEO.V,D,20180618,000000,38.83,40.72,36.87,39.34,0,0
NEO.V,D,20180619,000000,39.34,41.36,38.89,39.46,0,0
NEO.V,D,20180620,000000,39.46,39.95,37.64,38.87,0,0
NEO.V,D,20180621,000000,38.87,39.57,37.24,37.36,0,0
NEO.V,D,20180622,000000,37.36,37.85,32.14,32.79,0,0
NEO.V,D,20180623,000000,32.8,34.66,32.24,34.56,0,0
NEO.V,D,20180624,000000,34.53,34.71,28.65,31.55,0,0
NEO.V,D,20180625,000000,31.6,32.77,30.56,31.84,0,0
NEO.V,D,20180626,000000,31.84,31.91,30.2,31.15,0,0
NEO.V,D,20180627,000000,31.15,31.15,29.44,30.12,0,0
NEO.V,D,20180628,000000,30.12,30.57,28.98,28.98,0,0
NEO.V,D,20180629,000000,28.98,29.19,27.06,28.62,0,0
NEO.V,D,20180630,000000,28.62,32.09,28.62,30.06,0,0
NEO.V,D,20180701,000000,30.1,31.54,29.9,31.13,0,0
NEO.V,D,20180702,000000,31.09,37.19,31.05,37.15,0,0
NEO.V,D,20180703,000000,37.2,38.58,35.71,36.91,0,0
NEO.V,D,20180704,000000,36.9,47.81,34.96,41.75,0,0
NEO.V,D,20180705,000000,41.37,43.25,39.18,39.44,0,0
NEO.V,D,20180706,000000,39.44,40.56,36.9,37.76,0,0
NEO.V,D,20180707,000000,37.78,37.91,36.2,36.64,0,0
NEO.V,D,20180708,000000,36.64,40.98,36.5,40.14,0,0
NEO.V,D,20180709,000000,40.14,40.14,36.58,37.54,0,0
NEO.V,D,20180710,000000,37.68,38.59,32.81,34.51,0,0
NEO.V,D,20180711,000000,34.51,34.72,31.94,33.22,0,0
NEO.V,D,20180712,000000,33.22,33.86,31,31.56,0,0
NEO.V,D,20180713,000000,31.58,34.13,30.4,33.03,0,0
NEO.V,D,20180714,000000,33.03,33.55,31.51,32.71,0,0
NEO.V,D,20180715,000000,32.67,33.95,32.11,33.9,0,0
NEO.V,D,20180716,000000,33.89,37.02,33,36.65,0,0
NEO.V,D,20180717,000000,36.65,40.19,35.7,40.01,0,0
NEO.V,D,20180718,000000,39.94,40.72,36.66,37.39,0,0
NEO.V,D,20180719,000000,37.39,38.17,35.8,35.8,0,0
NEO.V,D,20180720,000000,35.8,36.5,33.05,33.12,0,0
NEO.V,D,20180721,000000,33.12,35.22,31.94,34.25,0,0
NEO.V,D,20180722,000000,34.25,34.85,32.86,32.86,0,0
NEO.V,D,20180723,000000,32.86,34.61,32.2,32.5,0,0
NEO.V,D,20180724,000000,32.55,35.75,31.2,33.68,0,0
NEO.V,D,20180725,000000,33.78,35.5,33.5,34.57,0,0
NEO.V,D,20180726,000000,34.6,35.67,32.95,33.05,0,0
NEO.V,D,20180727,000000,33.14,33.74,32.21,33.67,0,0
NEO.V,D,20180728,000000,33.65,33.91,32.62,33.47,0,0
NEO.V,D,20180729,000000,33.47,34.32,33.2,33.23,0,0
NEO.V,D,20180730,000000,33.23,33.76,31.42,31.92,0,0
NEO.V,D,20180731,000000,31.91,32.23,29.65,29.88,0,0
NEO.V,D,20180801,000000,29.88,30.23,28.54,28.54,0,0
NEO.V,D,20180802,000000,28.54,29.96,27.8,28.02,0,0
NEO.V,D,20180803,000000,28.02,28.47,26.63,27.89,0,0
NEO.V,D,20180804,000000,27.89,28.75,26.17,26.5,0,0
NEO.V,D,20180805,000000,26.5,28.1,26.17,28,0,0
NEO.V,D,20180806,000000,28,28.31,25.76,25.83,0,0
NEO.V,D,20180807,000000,25.77,27.87,24.81,25.14,0,0
NEO.V,D,20180808,000000,25.18,25.57,21.01,21.98,0,0
NEO.V,D,20180809,000000,21.99,22.9,20.8,22.84,0,0
NEO.V,D,20180810,000000,22.84,22.89,19.33,19.66,0,0
NEO.V,D,20180811,000000,19.66,19.88,17.21,19.05,0,0
NEO.V,D,20180812,000000,19.05,19.32,18.1,18.64,0,0
NEO.V,D,20180813,000000,18.64,18.92,15.91,15.91,0,0
NEO.V,D,20180814,000000,15.9,16.21,13.68,14.83,0,0
NEO.V,D,20180815,000000,14.74,17.68,14.71,16.57,0,0
NEO.V,D,20180816,000000,16.57,17.33,15.38,16.15,0,0
NEO.V,D,20180817,000000,16.16,20.23,15.64,20.03,0,0
NEO.V,D,20180818,000000,20.03,20.98,17.6,19.21,0,0
NEO.V,D,20180819,000000,19.21,20.81,17.79,19.64,0,0
NEO.V,D,20180820,000000,19.64,20.28,17.94,17.99,0,0
NEO.V,D,20180821,000000,18,18.22,16.81,17.65,0,0
NEO.V,D,20180822,000000,17.65,19.3,16.05,16.58,0,0
NEO.V,D,20180823,000000,16.58,17.48,15.91,17.31,0,0
NEO.V,D,20180824,000000,17.31,17.84,17,17.71,0,0
NEO.V,D,20180825,000000,17.71,18.3,17.26,17.39,0,0
NEO.V,D,20180826,000000,17.39,17.84,16.76,17.23,0,0
NEO.V,D,20180827,000000,17.22,20.25,17.14,19.64,0,0
NEO.V,D,20180828,000000,19.64,21.69,19.5,21.03,0,0
NEO.V,D,20180829,000000,21.02,21.76,19.37,20.36,0,0
NEO.V,D,20180830,000000,20.36,20.36,18.41,19.37,0,0
NEO.V,D,20180831,000000,19.41,20.4,18.88,20.18,0,0
NEO.V,D,20180901,000000,20.15,23.2,20.02,22.77,0,0
NEO.V,D,20180902,000000,22.77,23.25,21.44,21.99,0,0
NEO.V,D,20180903,000000,21.99,23.32,21.14,23.32,0,0
NEO.V,D,20180904,000000,23.32,25.3,22.39,24.83,0,0
NEO.V,D,20180905,000000,24.83,24.9,20.23,20.76,0,0
NEO.V,D,20180906,000000,20.72,20.76,18.08,19.76,0,0
NEO.V,D,20180907,000000,19.77,20.82,18.7,19.75,0,0
NEO.V,D,20180908,000000,19.75,20.12,17.65,17.97,0,0
NEO.V,D,20180909,000000,17.97,19.37,17.51,18.93,0,0
NEO.V,D,20180910,000000,18.93,18.97,18.1,18.39,0,0
NEO.V,D,20180911,000000,18.38,18.8,16.9,17.68,0,0
NEO.V,D,20180912,000000,17.7,17.86,16.16,17.4,0,0
NEO.V,D,20180913,000000,17.39,18.78,17.34,18.12,0,0
NEO.V,D,20180914,000000,18.12,18.77,17.62,17.89,0,0
NEO.V,D,20180915,000000,17.89,18.48,17.7,18.17,0,0
NEO.V,D,20180916,000000,18.17,18.29,17.35,17.84,0,0
NEO.V,D,20180917,000000,17.86,18.3,16.18,16.41,0,0
NEO.V,D,20180918,000000,16.41,17.44,16.32,16.86,0,0
NEO.V,D,20180919,000000,16.86,17.51,16.24,17,0,0
NEO.V,D,20180920,000000,17.04,17.81,16.98,17.76,0,0
NEO.V,D,20180921,000000,17.75,20.35,17.65,19.43,0,0
NEO.V,D,20180922,000000,19.42,20.2,18.38,18.86,0,0
NEO.V,D,20180923,000000,18.87,20.8,18.65,19.37,0,0
NEO.V,D,20180924,000000,19.37,19.69,18.13,18.76,0,0
NEO.V,D,20180925,000000,18.76,18.78,17.09,17.92,0,0
NEO.V,D,20180926,000000,17.92,18.7,17.42,17.91,0,0
NEO.V,D,20180927,000000,17.91,19.34,17.49,19.08,0,0
NEO.V,D,20180928,000000,19.15,20.67,18.72,19.05,0,0
NEO.V,D,20180929,000000,19.05,19.38,18.38,19.04,0,0
NEO.V,D,20180930,000000,19.04,19.35,18.41,18.6,0,0
NEO.V,D,20181001,000000,18.61,19.18,18.24,18.65,0,0
NEO.V,D,20181002,000000,18.65,18.88,18.09,18.56,0,0
NEO.V,D,20181003,000000,18.56,18.73,17.66,17.79,0,0
NEO.V,D,20181004,000000,17.76,18.42,17.73,18.06,0,0
NEO.V,D,20181005,000000,18.05,18.19,17.83,18.02,0,0
NEO.V,D,20181006,000000,18.02,18.63,17.78,17.99,0,0
NEO.V,D,20181007,000000,17.99,18.26,17.92,18.12,0,0
NEO.V,D,20181008,000000,18.12,18.86,18.06,18.68,0,0
NEO.V,D,20181009,000000,18.68,18.74,18.06,18.25,0,0
NEO.V,D,20181010,000000,18.25,18.4,17.85,18.29,0,0
NEO.V,D,20181011,000000,18.3,18.35,15.61,15.97,0,0
NEO.V,D,20181012,000000,15.97,16.25,15.29,15.94,0,0
NEO.V,D,20181013,000000,15.95,16.11,15.67,15.9,0,0
NEO.V,D,20181014,000000,15.9,16.54,15.87,15.95,0,0
NEO.V,D,20181015,000000,15.95,18.71,15.54,16.44,0,0
NEO.V,D,20181016,000000,16.44,16.97,16.4,16.62,0,0
NEO.V,D,20181017,000000,16.62,17.35,16.61,17.13,0,0
NEO.V,D,20181018,000000,17.13,18.07,16.76,16.9,0,0
NEO.V,D,20181019,000000,16.9,17.02,16.5,16.8,0,0
NEO.V,D,20181020,000000,16.81,17.1,16.6,16.91,0,0
NEO.V,D,20181021,000000,16.91,17.19,16.83,16.9,0,0
NEO.V,D,20181022,000000,16.9,17.36,16.59,17.09,0,0
NEO.V,D,20181023,000000,17.09,17.1,16.66,16.85,0,0
NEO.V,D,20181024,000000,16.85,17.11,16.77,17.02,0,0
NEO.V,D,20181025,000000,17.02,17.02,16.66,16.68,0,0
NEO.V,D,20181026,000000,16.68,16.81,16.16,16.4,0,0
NEO.V,D,20181027,000000,16.4,16.53,16.08,16.13,0,0
NEO.V,D,20181028,000000,16.13,16.31,16.11,16.16,0,0
NEO.V,D,20181029,000000,16.16,16.29,15.01,15.47,0,0
NEO.V,D,20181030,000000,15.5,15.54,15.16,15.23,0,0
NEO.V,D,20181031,000000,15.25,15.53,14.68,15.44,0,0
NEO.V,D,20181101,000000,15.44,15.92,15.33,15.83,0,0
NEO.V,D,20181102,000000,15.83,16.37,15.79,16.31,0,0
NEO.V,D,20181103,000000,16.31,16.31,15.9,15.97,0,0
NEO.V,D,20181104,000000,15.97,17.21,15.8,16.75,0,0
NEO.V,D,20181105,000000,16.75,16.9,16.31,16.48,0,0
NEO.V,D,20181106,000000,16.48,17.15,16.37,17.06,0,0
NEO.V,D,20181107,000000,17.05,17.61,16.63,16.81,0,0
NEO.V,D,20181108,000000,16.81,16.88,16.36,16.41,0,0
NEO.V,D,20181109,000000,16.41,16.51,15.91,16,0,0
NEO.V,D,20181110,000000,16,16.37,15.98,16.11,0,0
NEO.V,D,20181111,000000,16.11,16.11,15.5,15.71,0,0
NEO.V,D,20181112,000000,15.71,16.35,15.7,15.85,0,0
NEO.V,D,20181113,000000,15.85,15.94,15.51,15.63,0,0
NEO.V,D,20181114,000000,15.63,15.63,12.55,13.67,0,0
NEO.V,D,20181115,000000,13.67,14,12.25,13.05,0,0
NEO.V,D,20181116,000000,13.05,13.34,12.63,12.72,0,0
NEO.V,D,20181117,000000,12.72,12.93,12.47,12.51,0,0
NEO.V,D,20181118,000000,12.51,12.84,12.5,12.57,0,0
NEO.V,D,20181119,000000,12.57,12.68,10.07,10.32,0,0
NEO.V,D,20181120,000000,10.32,10.59,8.2,8.91,0,0
NEO.V,D,20181121,000000,8.91,9.6,8.67,9.16,0,0
NEO.V,D,20181122,000000,9.16,9.52,8.72,8.89,0,0
NEO.V,D,20181123,000000,8.89,8.89,8.03,8.82,0,0
NEO.V,D,20181124,000000,8.85,9.09,7.33,7.54,0,0
NEO.V,D,20181125,000000,7.5,8.18,6.85,7.8,0,0
NEO.V,D,20181126,000000,7.8,8.07,6.99,7.27,0,0
NEO.V,D,20181127,000000,7.27,7.46,6.78,7.35,0,0
NEO.V,D,20181128,000000,7.35,8.81,7.32,8.36,0,0
NEO.V,D,20181129,000000,8.36,8.99,8.08,8.48,0,0
NEO.V,D,20181130,000000,8.48,8.61,7.52,7.68,0,0
NEO.V,D,20181201,000000,7.67,8.47,7.53,8.33,0,0
NEO.V,D,20181202,000000,8.33,8.6,7.92,8.04,0,0
NEO.V,D,20181203,000000,8.03,8.14,7.22,7.4,0,0
NEO.V,D,20181204,000000,7.4,8.14,7.06,7.61,0,0
NEO.V,D,20181205,000000,7.61,7.69,6.9,7.08,0,0
NEO.V,D,20181206,000000,7.08,7.35,6.45,6.47,0,0
NEO.V,D,20181207,000000,6.47,6.54,5.47,6.22,0,0
NEO.V,D,20181208,000000,6.22,6.71,5.67,6.24,0,0
NEO.V,D,20181209,000000,6.31,7.07,6.07,6.43,0,0
NEO.V,D,20181210,000000,6.43,6.53,6.01,6.28,0,0
NEO.V,D,20181211,000000,6.28,6.3,5.76,5.9,0,0
NEO.V,D,20181212,000000,5.9,6.49,5.83,6.09,0,0
NEO.V,D,20181213,000000,6.11,6.17,5.68,5.81,0,0
NEO.V,D,20181214,000000,5.8,5.85,5.56,5.74,0,0
NEO.V,D,20181215,000000,5.74,5.8,5.52,5.74,0,0
NEO.V,D,20181216,000000,5.72,6.18,5.67,5.83,0,0
NEO.V,D,20181217,000000,5.83,6.9,5.76,6.63,0,0
NEO.V,D,20181218,000000,6.65,6.81,6.45,6.7,0,0
NEO.V,D,20181219,000000,6.7,7.5,6.69,6.87,0,0
NEO.V,D,20181220,000000,6.87,7.63,6.7,7.39,0,0
NEO.V,D,20181221,000000,7.39,7.66,6.76,6.94,0,0
NEO.V,D,20181222,000000,6.94,7.29,6.86,7.07,0,0
NEO.V,D,20181223,000000,7.07,8.32,7.07,7.83,0,0
NEO.V,D,20181224,000000,7.83,9.36,7.79,8.66,0,0
NEO.V,D,20181225,000000,8.66,8.85,7.33,7.76,0,0
NEO.V,D,20181226,000000,7.76,8.29,7.4,8.03,0,0
NEO.V,D,20181227,000000,8.02,8.11,6.99,7.05,0,0
NEO.V,D,20181228,000000,7.05,8.44,6.93,8.02,0,0
NEO.V,D,20181229,000000,8.02,8.62,7.8,8.37,0,0
NEO.V,D,20181230,000000,8.37,8.59,7.87,8.19,0,0
NEO.V,D,20181231,000000,8.19,8.37,7.52,7.61,0,0
NEO.V,D,20190101,000000,7.61,7.99,7.58,7.85,0,0
NEO.V,D,20190102,000000,7.85,8.37,7.85,8.25,0,0
NEO.V,D,20190103,000000,8.25,8.36,7.74,7.86,0,0
NEO.V,D,20190104,000000,7.86,7.96,7.57,7.85,0,0
NEO.V,D,20190105,000000,7.85,8.17,7.78,7.96,0,0
NEO.V,D,20190106,000000,7.96,9.05,7.76,8.82,0,0
NEO.V,D,20190107,000000,8.81,9.19,8.56,8.62,0,0
NEO.V,D,20190108,000000,8.62,9.73,8.46,9.32,0,0
NEO.V,D,20190109,000000,9.32,10.06,9.16,9.22,0,0
NEO.V,D,20190110,000000,9.22,9.68,7.72,7.94,0,0
NEO.V,D,20190111,000000,7.94,8.2,7.81,7.91,0,0
NEO.V,D,20190112,000000,7.91,8.01,7.71,7.87,0,0
NEO.V,D,20190113,000000,7.87,7.91,7.08,7.17,0,0
NEO.V,D,20190114,000000,7.17,8.12,7.17,7.97,0,0
NEO.V,D,20190115,000000,7.97,8.1,7.46,7.57,0,0
NEO.V,D,20190116,000000,7.57,8.02,7.55,7.74,0,0
NEO.V,D,20190117,000000,7.74,7.94,7.46,7.84,0,0
NEO.V,D,20190118,000000,7.84,7.97,7.58,7.68,0,0
NEO.V,D,20190119,000000,7.68,8.47,7.68,8.18,0,0
NEO.V,D,20190120,000000,8.18,8.25,7.35,7.57,0,0
NEO.V,D,20190121,000000,7.56,7.65,7.37,7.48,0,0
NEO.V,D,20190122,000000,7.48,7.9,7.19,7.75,0,0
NEO.V,D,20190123,000000,7.75,7.8,7.52,7.58,0,0
NEO.V,D,20190124,000000,7.57,7.86,7.5,7.77,0,0
NEO.V,D,20190125,000000,7.77,7.83,7.53,7.64,0,0
NEO.V,D,20190126,000000,7.64,7.84,7.56,7.59,0,0
NEO.V,D,20190127,000000,7.59,7.66,7.24,7.5,0,0
NEO.V,D,20190128,000000,7.5,7.5,6.84,7.05,0,0
NEO.V,D,20190129,000000,7.05,7.23,6.8,7.12,0,0
NEO.V,D,20190130,000000,7.1,7.28,6.89,7.22,0,0
NEO.V,D,20190131,000000,7.22,7.34,6.91,7.03,0,0
NEO.V,D,20190201,000000,7.03,7.16,6.82,7.11,0,0
NEO.V,D,20190202,000000,7.11,7.32,6.96,7.22,0,0
NEO.V,D,20190203,000000,7.22,7.41,7.03,7.08,0,0
NEO.V,D,20190204,000000,7.08,7.23,7.07,7.1,0,0
NEO.V,D,20190205,000000,7.1,7.18,6.97,7.09,0,0
NEO.V,D,20190206,000000,7.09,7.1,6.79,6.94,0,0
NEO.V,D,20190207,000000,6.95,7.09,6.9,7,0,0
NEO.V,D,20190208,000000,7,8,6.95,7.59,0,0
NEO.V,D,20190209,000000,7.59,7.88,7.58,7.72,0,0
NEO.V,D,20190210,000000,7.72,8.27,7.58,7.97,0,0
NEO.V,D,20190211,000000,7.97,8.43,7.81,8.29,0,0
NEO.V,D,20190212,000000,8.29,8.58,8.01,8.3,0,0
NEO.V,D,20190213,000000,8.3,8.63,8.19,8.34,0,0
NEO.V,D,20190214,000000,8.34,8.39,7.86,8.04,0,0
NEO.V,D,20190215,000000,8.04,8.57,7.97,8.17,0,0
NEO.V,D,20190216,000000,8.17,8.45,8,8.05,0,0
NEO.V,D,20190217,000000,8.05,8.87,7.97,8.45,0,0
NEO.V,D,20190218,000000,8.45,9.12,8.33,8.91,0,0
NEO.V,D,20190219,000000,8.91,9.41,8.8,9.21,0,0
NEO.V,D,20190220,000000,9.21,9.39,8.97,9.2,0,0
NEO.V,D,20190221,000000,9.2,9.37,8.64,8.68,0,0
NEO.V,D,20190222,000000,8.68,8.99,8.67,8.9,0,0
NEO.V,D,20190223,000000,8.9,10.52,8.71,10.25,0,0
NEO.V,D,20190224,000000,10.25,11.05,8.68,9.41,0,0
NEO.V,D,20190225,000000,9.41,9.64,8.97,9.42,0,0
NEO.V,D,20190226,000000,9.42,9.46,9.03,9.23,0,0
NEO.V,D,20190227,000000,9.23,9.38,8.74,8.98,0,0
NEO.V,D,20190228,000000,9.01,9.24,8.97,9.01,0,0
NEO.V,D,20190301,000000,9.01,9.59,8.96,9.2,0,0
NEO.V,D,20190302,000000,9.2,9.28,8.83,8.92,0,0
NEO.V,D,20190303,000000,8.91,9.03,8.85,8.85,0,0
NEO.V,D,20190304,000000,8.85,8.86,8.11,8.34,0,0
NEO.V,D,20190305,000000,8.34,9.11,8.27,8.82,0,0
NEO.V,D,20190306,000000,8.82,9.12,8.73,8.9,0,0
NEO.V,D,20190307,000000,8.9,9.49,8.87,9.3,0,0
NEO.V,D,20190308,000000,9.3,9.42,8.73,8.95,0,0
NEO.V,D,20190309,000000,8.95,9.37,8.9,9.1,0,0
NEO.V,D,20190310,000000,9.1,9.2,8.79,8.99,0,0
NEO.V,D,20190311,000000,8.99,9.02,8.63,8.89,0,0
NEO.V,D,20190312,000000,8.89,9.15,8.54,8.98,0,0
NEO.V,D,20190313,000000,8.98,9.33,8.89,9.04,0,0
NEO.V,D,20190314,000000,9.04,9.52,8.91,9.36,0,0
NEO.V,D,20190315,000000,9.36,9.52,9.25,9.41,0,0
NEO.V,D,20190316,000000,9.41,9.94,9.36,9.59,0,0
NEO.V,D,20190317,000000,9.59,9.65,9.29,9.36,0,0
NEO.V,D,20190318,000000,9.36,9.49,9.14,9.34,0,0
NEO.V,D,20190319,000000,9.34,9.4,9.14,9.4,0,0
NEO.V,D,20190320,000000,9.4,9.54,9.09,9.51,0,0
NEO.V,D,20190321,000000,9.51,9.54,8.87,9.1,0,0
NEO.V,D,20190322,000000,9.1,9.38,9.04,9.29,0,0
NEO.V,D,20190323,000000,9.29,9.49,9.24,9.44,0,0
NEO.V,D,20190324,000000,9.44,9.5,9.08,9.2,0,0
NEO.V,D,20190325,000000,9.2,9.4,8.78,8.96,0,0
NEO.V,D,20190326,000000,8.96,9.03,8.64,8.87,0,0
NEO.V,D,20190327,000000,8.87,9.49,8.87,9.39,0,0
NEO.V,D,20190328,000000,9.39,9.48,9.25,9.3,0,0
NEO.V,D,20190329,000000,9.3,10.08,9.29,9.97,0,0
NEO.V,D,20190330,000000,9.97,10.44,9.81,10.01,0,0
NEO.V,D,20190331,000000,10.01,10.27,9.8,10.16,0,0
NEO.V,D,20190401,000000,10.16,10.3,9.98,10.07,0,0
NEO.V,D,20190402,000000,10.07,11.61,10.06,11.49,0,0
NEO.V,D,20190403,000000,11.49,14.05,11.41,12.87,0,0
NEO.V,D,20190404,000000,12.9,13.9,11.74,12.77,0,0
NEO.V,D,20190405,000000,12.8,13.9,12.71,13.49,0,0
NEO.V,D,20190406,000000,13.49,13.8,12.95,13.02,0,0
NEO.V,D,20190407,000000,13.02,13.38,12.66,13.09,0,0
NEO.V,D,20190408,000000,13.09,13.44,12.13,12.85,0,0
NEO.V,D,20190409,000000,12.85,12.92,11.95,12.36,0,0
NEO.V,D,20190410,000000,12.36,12.9,12.2,12.34,0,0
NEO.V,D,20190411,000000,12.34,12.48,10.61,11.25,0,0
NEO.V,D,20190412,000000,11.26,11.67,10.7,11.34,0,0
NEO.V,D,20190413,000000,11.34,11.4,11,11.1,0,0
NEO.V,D,20190414,000000,11.1,11.36,10.89,11.17,0,0
NEO.V,D,20190415,000000,11.18,11.48,10.46,10.67,0,0
NEO.V,D,20190416,000000,10.67,11.15,10.56,11.01,0,0
NEO.V,D,20190417,000000,11.01,11.28,10.87,11.16,0,0
NEO.V,D,20190418,000000,11.16,11.49,11,11.44,0,0
NEO.V,D,20190419,000000,11.44,11.44,10.88,11.1,0,0
NEO.V,D,20190420,000000,11.1,11.23,10.88,10.89,0,0
NEO.V,D,20190421,000000,10.89,11.08,10.24,10.49,0,0
NEO.V,D,20190422,000000,10.49,11.04,10.49,10.93,0,0
NEO.V,D,20190423,000000,10.93,11.16,10.47,10.6,0,0
NEO.V,D,20190424,000000,10.6,10.6,9.48,9.76,0,0
NEO.V,D,20190425,000000,9.76,10.43,9.76,9.95,0,0
NEO.V,D,20190426,000000,9.95,9.95,9.3,9.6,0,0
NEO.V,D,20190427,000000,9.6,9.9,9.51,9.8,0,0
NEO.V,D,20190428,000000,9.8,10.11,9.6,9.63,0,0
NEO.V,D,20190429,000000,9.63,10.36,9.57,9.74,0,0
NEO.V,D,20190430,000000,9.74,10.15,9.73,10.1,0,0
NEO.V,D,20190501,000000,10.1,10.38,9.85,10.12,0,0
NEO.V,D,20190502,000000,10.12,10.57,9.77,10.26,0,0
NEO.V,D,20190503,000000,10.25,10.71,10.14,10.46,0,0
NEO.V,D,20190504,000000,10.46,10.61,9.63,10.02,0,0
NEO.V,D,20190505,000000,10.02,10.04,9.56,9.71,0,0
NEO.V,D,20190506,000000,9.71,9.84,9.29,9.73,0,0
NEO.V,D,20190507,000000,9.73,9.94,9.48,9.57,0,0
NEO.V,D,20190508,000000,9.57,9.62,9.03,9.33,0,0
NEO.V,D,20190509,000000,9.33,9.65,8.65,8.71,0,0
NEO.V,D,20190510,000000,8.71,9.18,8.41,8.86,0,0
NEO.V,D,20190511,000000,8.86,10.24,8.84,10.12,0,0
NEO.V,D,20190512,000000,10.12,10.19,9.12,9.42,0,0
NEO.V,D,20190513,000000,9.42,10.03,9.26,9.79,0,0
NEO.V,D,20190514,000000,9.79,11.06,9.5,10.58,0,0
NEO.V,D,20190515,000000,10.58,12.74,10.58,12.27,0,0
NEO.V,D,20190516,000000,12.27,13.8,11.4,12.26,0,0
NEO.V,D,20190517,000000,12.26,12.44,10.58,11.15,0,0
NEO.V,D,20190518,000000,11.15,11.52,10.71,10.87,0,0
NEO.V,D,20190519,000000,10.87,11.96,10.51,11.67,0,0
NEO.V,D,20190520,000000,11.67,12.55,10.73,12.26,0,0
NEO.V,D,20190521,000000,12.26,12.64,11.7,12.28,0,0
NEO.V,D,20190522,000000,12.27,12.31,11.22,11.24,0,0
NEO.V,D,20190523,000000,11.24,11.48,10.72,11.4,0,0
NEO.V,D,20190524,000000,11.4,12.03,11.09,11.71,0,0
NEO.V,D,20190525,000000,11.71,11.74,11.33,11.45,0,0
NEO.V,D,20190526,000000,11.45,12.27,11.2,12.06,0,0
NEO.V,D,20190527,000000,12.06,12.79,11.85,12.32,0,0
NEO.V,D,20190528,000000,12.32,12.85,12,12.82,0,0
NEO.V,D,20190529,000000,12.82,14.47,11.9,13.96,0,0
NEO.V,D,20190530,000000,13.96,15.03,12.03,12.44,0,0
NEO.V,D,20190531,000000,12.45,13.26,12.18,13.25,0,0
NEO.V,D,20190601,000000,13.25,14.32,13.14,14.12,0,0
NEO.V,D,20190602,000000,14.12,14.22,13.5,13.98,0,0
NEO.V,D,20190603,000000,13.98,14.15,12.87,13.06,0,0
NEO.V,D,20190604,000000,13.06,13.13,11.03,11.04,0,0
NEO.V,D,20190605,000000,11.07,11.9,11.02,11.57,0,0
NEO.V,D,20190606,000000,11.57,11.86,11.02,11.39,0,0
NEO.V,D,20190607,000000,11.39,12.56,11.39,12.21,0,0
NEO.V,D,20190608,000000,12.21,12.45,11.72,11.99,0,0
NEO.V,D,20190609,000000,11.99,12.13,11.26,11.4,0,0
NEO.V,D,20190610,000000,11.4,12.49,11.27,12.23,0,0
NEO.V,D,20190611,000000,12.23,12.47,11.73,12.45,0,0
NEO.V,D,20190612,000000,12.45,13.05,12.15,12.85,0,0
NEO.V,D,20190613,000000,12.85,13.65,12.72,13.29,0,0
NEO.V,D,20190614,000000,13.29,13.35,12.52,13.19,0,0
NEO.V,D,20190615,000000,13.19,14.48,13.03,13.94,0,0
NEO.V,D,20190616,000000,13.94,14.62,13.75,14,0,0
NEO.V,D,20190617,000000,14,14.76,13.94,14.12,0,0
NEO.V,D,20190618,000000,14.12,14.29,13.33,13.57,0,0
NEO.V,D,20190619,000000,13.57,14.03,13.4,13.88,0,0
NEO.V,D,20190620,000000,13.88,13.89,13.28,13.66,0,0
NEO.V,D,20190621,000000,13.66,14.05,13.6,13.89,0,0
NEO.V,D,20190622,000000,13.89,19.79,13.81,17.81,0,0
NEO.V,D,20190623,000000,17.75,18.86,16.9,17.24,0,0
NEO.V,D,20190624,000000,17.21,18.45,16.25,17.85,0,0
NEO.V,D,20190625,000000,17.85,19.68,17.53,19.2,0,0
NEO.V,D,20190626,000000,19.19,20.84,17.06,18.43,0,0
NEO.V,D,20190627,000000,18.43,19.71,16.11,17.12,0,0
NEO.V,D,20190628,000000,17.12,18.64,16.93,18.07,0,0
NEO.V,D,20190629,000000,18.12,18.9,17.27,18.2,0,0
NEO.V,D,20190630,000000,18.2,18.63,16.78,17.45,0,0
NEO.V,D,20190701,000000,17.45,17.45,15.7,16.65,0,0
NEO.V,D,20190702,000000,16.65,18.4,16.24,17.52,0,0
NEO.V,D,20190703,000000,17.52,18.12,17.36,17.49,0,0
NEO.V,D,20190704,000000,17.49,18.2,17.46,17.49,0,0
NEO.V,D,20190705,000000,17.49,17.58,16.71,17.02,0,0
NEO.V,D,20190706,000000,17.02,17.5,16.77,16.96,0,0
NEO.V,D,20190707,000000,16.96,17.23,16.58,17.15,0,0
NEO.V,D,20190708,000000,17.15,17.75,16.93,17.5,0,0
NEO.V,D,20190709,000000,17.5,17.99,17.13,17.4,0,0
NEO.V,D,20190710,000000,17.4,17.47,15.44,15.89,0,0
NEO.V,D,20190711,000000,15.89,16.24,14.2,14.7,0,0
NEO.V,D,20190712,000000,14.66,15.52,14.31,15.34,0,0
NEO.V,D,20190713,000000,15.34,15.34,13.33,13.64,0,0
NEO.V,D,20190714,000000,13.64,14.22,12.3,12.82,0,0
NEO.V,D,20190715,000000,12.82,12.84,11.2,12.11,0,0
NEO.V,D,20190716,000000,12.11,12.53,10.14,10.56,0,0
NEO.V,D,20190717,000000,10.52,11.29,9.732,10.93,0,0
NEO.V,D,20190718,000000,10.93,13.38,10.56,13.08,0,0
NEO.V,D,20190719,000000,13.08,13.23,12.19,13.16,0,0
NEO.V,D,20190720,000000,13.16,13.94,12.77,13.63,0,0
NEO.V,D,20190721,000000,13.63,13.75,12.44,12.87,0,0
NEO.V,D,20190722,000000,12.87,13.11,11.63,11.95,0,0
NEO.V,D,20190723,000000,11.95,12.1,11.17,11.6,0,0
NEO.V,D,20190724,000000,11.6,12.05,10.82,11.83,0,0
NEO.V,D,20190725,000000,11.83,12.4,11.73,11.99,0,0
NEO.V,D,20190726,000000,11.99,12.15,11.64,11.93,0,0
NEO.V,D,20190727,000000,11.93,12.4,11.05,11.39,0,0
NEO.V,D,20190728,000000,11.39,11.65,11.18,11.18,0,0
NEO.V,D,20190729,000000,11.18,11.55,10.53,11.29,0,0
NEO.V,D,20190730,000000,11.29,11.45,11.03,11.24,0,0
NEO.V,D,20190731,000000,11.24,12.03,11.21,11.67,0,0
NEO.V,D,20190801,000000,11.67,11.76,11.4,11.72,0,0
NEO.V,D,20190802,000000,11.72,11.99,11.46,11.52,0,0
NEO.V,D,20190803,000000,11.52,12,11.5,11.79,0,0
NEO.V,D,20190804,000000,11.79,12.29,11.73,11.94,0,0
NEO.V,D,20190805,000000,11.94,12.59,11.9,12.08,0,0
NEO.V,D,20190806,000000,12.08,12.25,11.06,11.26,0,0
NEO.V,D,20190807,000000,11.26,11.65,11.13,11.33,0,0
NEO.V,D,20190808,000000,11.33,11.39,10.62,10.73,0,0
NEO.V,D,20190809,000000,10.73,10.96,10.2,10.59,0,0
NEO.V,D,20190810,000000,10.59,11.34,10.37,10.58,0,0
NEO.V,D,20190811,000000,10.58,11.07,10.53,10.94,0,0
NEO.V,D,20190812,000000,10.94,11.14,10.67,10.71,0,0
NEO.V,D,20190813,000000,10.71,10.75,10.23,10.41,0,0
NEO.V,D,20190814,000000,10.41,10.54,9.219,9.506,0,0
NEO.V,D,20190815,000000,9.506,10.06,9.218,9.942,0,0
NEO.V,D,20190816,000000,9.942,10.09,9.475,9.88,0,0
NEO.V,D,20190817,000000,9.88,10.01,9.531,9.593,0,0
NEO.V,D,20190818,000000,9.593,10.19,9.593,10.03,0,0
NEO.V,D,20190819,000000,10.04,10.15,9.834,10.05,0,0
NEO.V,D,20190820,000000,10.05,10.18,9.745,9.92,0,0
NEO.V,D,20190821,000000,9.92,10,9.185,9.397,0,0
NEO.V,D,20190822,000000,9.397,9.927,9.238,9.677,0,0
NEO.V,D,20190823,000000,9.677,10.06,9.677,9.92,0,0
NEO.V,D,20190824,000000,9.92,10.36,9.593,10.14,0,0
NEO.V,D,20190825,000000,10.14,10.25,9.449,9.524,0,0
NEO.V,D,20190826,000000,9.516,10,9.492,9.768,0,0
NEO.V,D,20190827,000000,9.768,9.927,9.502,9.569,0,0
NEO.V,D,20190828,000000,9.577,9.714,9.033,9.131,0,0
NEO.V,D,20190829,000000,9.131,9.184,8.524,8.81,0,0
NEO.V,D,20190830,000000,8.81,9.11,8.718,8.823,0,0
NEO.V,D,20190831,000000,8.826,9.042,8.621,8.962,0,0
NEO.V,D,20190901,000000,8.962,9.078,8.676,8.8,0,0
NEO.V,D,20190902,000000,8.816,9.326,8.766,9.212,0,0
NEO.V,D,20190903,000000,9.212,9.385,9.058,9.339,0,0
NEO.V,D,20190904,000000,9.339,9.372,8.997,9.14,0,0
NEO.V,D,20190905,000000,9.14,9.192,8.766,8.848,0,0
NEO.V,D,20190906,000000,8.848,9.404,8.657,8.728,0,0
NEO.V,D,20190907,000000,8.728,9.281,8.673,9.144,0,0
NEO.V,D,20190908,000000,9.144,9.323,8.936,9.299,0,0
NEO.V,D,20190909,000000,9.318,9.374,8.845,9.091,0,0
NEO.V,D,20190910,000000,9.091,9.274,8.651,8.829,0,0
NEO.V,D,20190911,000000,8.829,13.83,8.667,8.854,0,0
NEO.V,D,20190912,000000,8.854,9.093,8.778,9.053,0,0
NEO.V,D,20190913,000000,9.053,9.099,8.839,8.972,0,0
NEO.V,D,20190914,000000,8.972,9.242,8.889,9.193,0,0
NEO.V,D,20190915,000000,9.193,9.262,9.006,9.052,0,0
NEO.V,D,20190916,000000,9.043,9.279,8.919,9.136,0,0
NEO.V,D,20190917,000000,9.141,9.874,9.104,9.644,0,0
NEO.V,D,20190918,000000,9.644,10.27,9.526,10.25,0,0
NEO.V,D,20190919,000000,10.25,10.39,9.335,9.727,0,0
NEO.V,D,20190920,000000,9.726,9.892,9.372,9.489,0,0
NEO.V,D,20190921,000000,9.491,9.806,9.423,9.548,0,0
NEO.V,D,20190922,000000,9.548,9.603,9.037,9.111,0,0
NEO.V,D,20190923,000000,9.103,9.251,8.581,8.646,0,0
NEO.V,D,20190924,000000,8.646,8.891,6.987,7.296,0,0
NEO.V,D,20190925,000000,7.296,7.652,7.026,7.479,0,0
NEO.V,D,20190926,000000,7.479,7.633,6.734,7.139,0,0
NEO.V,D,20190927,000000,7.14,7.565,7.005,7.453,0,0
NEO.V,D,20190928,000000,7.453,7.597,7.174,7.512,0,0
NEO.V,D,20190929,000000,7.487,8.078,7.003,7.328,0,0
NEO.V,D,20190930,000000,7.328,7.78,7.162,7.572,0,0
NEO.V,D,20191001,000000,7.576,8.112,7.496,7.574,0,0
NEO.V,D,20191002,000000,7.574,7.712,7.363,7.546,0,0
NEO.V,D,20191003,000000,7.546,7.792,7.2,7.334,0,0
NEO.V,D,20191004,000000,7.334,7.559,7.213,7.418,0,0
NEO.V,D,20191005,000000,7.442,7.553,7.237,7.407,0,0
NEO.V,D,20191006,000000,7.406,7.555,7.064,7.158,0,0
NEO.V,D,20191007,000000,7.158,7.624,7.084,7.522,0,0
NEO.V,D,20191008,000000,7.52,7.728,7.373,7.508,0,0
NEO.V,D,20191009,000000,7.508,7.882,7.454,7.707,0,0
NEO.V,D,20191010,000000,7.707,7.828,7.399,7.598,0,0
NEO.V,D,20191011,000000,7.598,7.675,7.236,7.273,0,0
NEO.V,D,20191012,000000,7.273,7.517,7.19,7.298,0,0
NEO.V,D,20191013,000000,7.27,7.447,7.217,7.413,0,0
NEO.V,D,20191014,000000,7.389,7.524,7.312,7.453,0,0
NEO.V,D,20191015,000000,7.453,7.672,7.289,7.364,0,0
NEO.V,D,20191016,000000,7.364,7.648,6.859,6.963,0,0
NEO.V,D,20191017,000000,6.963,7.209,6.914,7.104,0,0
NEO.V,D,20191018,000000,7.104,7.451,6.986,7.317,0,0
NEO.V,D,20191019,000000,7.317,7.317,6.987,7.07,0,0
NEO.V,D,20191020,000000,7.077,7.42,7.053,7.344,0,0
NEO.V,D,20191021,000000,7.344,7.572,7.247,7.409,0,0
NEO.V,D,20191022,000000,7.417,7.652,7.329,7.363,0,0
NEO.V,D,20191023,000000,7.369,7.537,6.726,6.923,0,0
NEO.V,D,20191024,000000,6.923,7.355,6.808,7.026,0,0
NEO.V,D,20191025,000000,7.033,7.875,6.915,7.659,0,0
NEO.V,D,20191026,000000,7.693,9.172,7.693,8.826,0,0
NEO.V,D,20191027,000000,8.826,12.55,8.81,11.63,0,0
NEO.V,D,20191028,000000,11.63,13.43,10.52,10.95,0,0
NEO.V,D,20191029,000000,10.95,11.35,10.33,10.92,0,0
NEO.V,D,20191030,000000,10.92,11.55,10.15,11.17,0,0
NEO.V,D,20191031,000000,11.17,11.36,10.22,10.56,0,0
NEO.V,D,20191101,000000,10.56,10.77,10.28,10.7,0,0
NEO.V,D,20191102,000000,10.7,11.32,10.64,11.06,0,0
NEO.V,D,20191103,000000,11.06,11.16,10.73,11.09,0,0
NEO.V,D,20191104,000000,11.09,11.75,10.97,11.51,0,0
NEO.V,D,20191105,000000,11.51,11.51,11.07,11.18,0,0
NEO.V,D,20191106,000000,11.18,11.35,10.93,11.01,0,0
NEO.V,D,20191107,000000,11.01,11.2,10.72,11.14,0,0
NEO.V,D,20191108,000000,11.14,11.24,10.37,10.67,0,0
NEO.V,D,20191109,000000,10.68,10.96,10.54,10.65,0,0
NEO.V,D,20191110,000000,10.73,11.38,10.61,11.13,0,0
NEO.V,D,20191111,000000,11.13,11.45,10.62,11.2,0,0
NEO.V,D,20191112,000000,11.2,12.54,11.12,12.26,0,0
NEO.V,D,20191113,000000,12.26,13.44,11.96,13.03,0,0
NEO.V,D,20191114,000000,13.03,13.39,12.47,12.68,0,0
NEO.V,D,20191115,000000,12.68,12.86,11.78,12.22,0,0
NEO.V,D,20191116,000000,12.22,12.55,11.93,12.31,0,0
NEO.V,D,20191117,000000,12.31,12.53,12.05,12.19,0,0
NEO.V,D,20191118,000000,12.19,12.21,11.16,11.5,0,0
NEO.V,D,20191119,000000,11.48,11.78,11.11,11.76,0,0
NEO.V,D,20191120,000000,11.76,12.02,11.42,11.53,0,0
NEO.V,D,20191121,000000,11.53,11.78,10.61,10.95,0,0
NEO.V,D,20191122,000000,10.95,11.24,9.327,9.731,0,0
NEO.V,D,20191123,000000,9.731,10.22,9.513,10.06,0,0
NEO.V,D,20191124,000000,10.09,10.52,9.111,9.334,0,0
NEO.V,D,20191125,000000,9.334,9.62,8.443,9.32,0,0
NEO.V,D,20191126,000000,9.32,9.459,8.982,9.244,0,0
NEO.V,D,20191127,000000,9.244,9.801,8.815,9.518,0,0
NEO.V,D,20191128,000000,9.518,9.983,9.309,9.309,0,0
NEO.V,D,20191129,000000,9.31,10.13,9.28,9.743,0,0
NEO.V,D,20191130,000000,9.743,10.05,9.267,9.413,0,0
NEO.V,D,20191201,000000,9.413,9.65,9.002,9.41,0,0
NEO.V,D,20191202,000000,9.41,9.663,8.937,9.098,0,0
NEO.V,D,20191203,000000,9.098,9.376,8.909,9.067,0,0
NEO.V,D,20191204,000000,9.132,9.4,8.638,8.743,0,0
NEO.V,D,20191205,000000,8.743,8.875,8.551,8.766,0,0
NEO.V,D,20191206,000000,8.766,9.066,8.645,8.795,0,0
NEO.V,D,20191207,000000,8.795,9.365,8.766,9.249,0,0
NEO.V,D,20191208,000000,9.249,9.353,8.842,9.151,0,0
NEO.V,D,20191209,000000,9.151,9.36,8.73,8.797,0,0
NEO.V,D,20191210,000000,8.797,9.051,8.497,8.623,0,0
NEO.V,D,20191211,000000,8.622,8.911,8.522,8.542,0,0
NEO.V,D,20191212,000000,8.542,8.785,8.395,8.673,0,0
NEO.V,D,20191213,000000,8.673,9.179,8.668,8.915,0,0
NEO.V,D,20191214,000000,8.917,9.347,8.731,8.89,0,0
NEO.V,D,20191215,000000,8.89,9.253,8.722,9.021,0,0
NEO.V,D,20191216,000000,9.019,9.356,8.312,8.405,0,0
NEO.V,D,20191217,000000,8.405,8.797,7.822,7.911,0,0
NEO.V,D,20191218,000000,7.89,8.884,7.803,8.884,0,0
NEO.V,D,20191219,000000,8.885,8.988,8.538,8.671,0,0
NEO.V,D,20191220,000000,8.671,9.045,8.535,8.633,0,0
NEO.V,D,20191221,000000,8.633,8.639,8.489,8.543,0,0
NEO.V,D,20191222,000000,8.544,9,8.517,8.881,0,0
NEO.V,D,20191223,000000,8.88,9.079,8.516,8.571,0,0
NEO.V,D,20191224,000000,8.569,9.056,8.507,8.711,0,0
NEO.V,D,20191225,000000,8.709,8.74,8.47,8.662,0,0
NEO.V,D,20191226,000000,8.662,9.059,8.53,8.595,0,0
NEO.V,D,20191227,000000,8.595,8.976,8.473,8.728,0,0
NEO.V,D,20191228,000000,8.727,8.848,8.664,8.778,0,0
NEO.V,D,20191229,000000,8.777,9.423,8.769,9.308,0,0
NEO.V,D,20191230,000000,9.308,9.548,8.933,9.295,0,0
NEO.V,D,20191231,000000,9.295,9.373,8.661,8.737,0,0
NEO.V,D,20200101,000000,8.737,9.235,8.692,8.859,0,0
NEO.V,D,20200102,000000,8.852,8.858,8.505,8.541,0,0
NEO.V,D,20200103,000000,8.541,9.269,8.415,8.897,0,0
NEO.V,D,20200104,000000,8.897,9.368,8.855,9.086,0,0
NEO.V,D,20200105,000000,9.086,9.53,9.038,9.116,0,0
NEO.V,D,20200106,000000,9.115,9.786,9.017,9.695,0,0
NEO.V,D,20200107,000000,9.703,9.912,9.407,9.742,0,0
NEO.V,D,20200108,000000,9.742,10.17,9.328,9.494,0,0
NEO.V,D,20200109,000000,9.494,9.656,9.318,9.363,0,0
NEO.V,D,20200110,000000,9.362,9.77,9.11,9.736,0,0
NEO.V,D,20200111,000000,9.738,10.06,9.582,9.836,0,0
NEO.V,D,20200112,000000,9.836,10.53,9.625,10.24,0,0
NEO.V,D,20200113,000000,10.24,10.32,9.833,10.02,0,0
NEO.V,D,20200114,000000,10.02,11.57,10.02,11.11,0,0
NEO.V,D,20200115,000000,11.08,11.88,10.72,11.55,0,0
NEO.V,D,20200116,000000,11.55,11.58,10.75,11.22,0,0
NEO.V,D,20200117,000000,11.22,11.83,11.14,11.8,0,0
NEO.V,D,20200118,000000,11.79,12.31,11.31,12.06,0,0
NEO.V,D,20200119,000000,12.06,12.16,10.78,11.12,0,0
NEO.V,D,20200120,000000,11.11,11.5,10.86,11.25,0,0
NEO.V,D,20200121,000000,11.24,11.45,10.9,11.18,0,0
NEO.V,D,20200122,000000,11.18,11.55,11.14,11.2,0,0
NEO.V,D,20200123,000000,11.2,11.25,10.41,10.59,0,0
NEO.V,D,20200124,000000,10.59,10.83,10.18,10.52,0,0
NEO.V,D,20200125,000000,10.52,10.68,10.26,10.37,0,0
NEO.V,D,20200126,000000,10.37,11.05,10.27,10.78,0,0
NEO.V,D,20200127,000000,10.78,11.29,10.74,11.17,0,0
NEO.V,D,20200128,000000,11.17,11.42,11.06,11.35,0,0
NEO.V,D,20200129,000000,11.35,11.72,11.23,11.3,0,0
NEO.V,D,20200130,000000,11.3,11.78,10.88,11.78,0,0
NEO.V,D,20200131,000000,11.78,11.82,11.13,11.51,0,0
NEO.V,D,20200201,000000,11.51,11.68,11.22,11.43,0,0
NEO.V,D,20200202,000000,11.43,12.61,11.26,12.15,0,0
NEO.V,D,20200203,000000,12.15,12.37,11.76,11.9,0,0
NEO.V,D,20200204,000000,11.9,12.3,11.54,12.17,0,0
NEO.V,D,20200205,000000,12.17,12.85,12.07,12.58,0,0
NEO.V,D,20200206,000000,12.58,13.2,12.42,12.76,0,0
NEO.V,D,20200207,000000,12.76,13.23,12.66,12.78,0,0
NEO.V,D,20200208,000000,12.78,13.06,12.13,12.66,0,0
NEO.V,D,20200209,000000,12.66,14.06,12.63,13.95,0,0
NEO.V,D,20200210,000000,13.95,14.24,13.17,13.49,0,0
NEO.V,D,20200211,000000,13.49,14.03,12.98,13.87,0,0
NEO.V,D,20200212,000000,13.87,15.28,13.78,14.99,0,0
NEO.V,D,20200213,000000,14.99,15.8,14.51,14.99,0,0
NEO.V,D,20200214,000000,14.99,16.68,14.78,16.6,0,0
NEO.V,D,20200215,000000,16.6,16.72,14.56,15.23,0,0
NEO.V,D,20200216,000000,15.23,15.81,13.42,14.57,0,0
NEO.V,D,20200217,000000,14.59,15.1,13.42,14.82,0,0
NEO.V,D,20200218,000000,14.86,15.62,14.36,15.53,0,0
NEO.V,D,20200219,000000,15.53,15.58,13.87,14.26,0,0
NEO.V,D,20200220,000000,14.31,14.35,13.49,14.01,0,0
NEO.V,D,20200221,000000,14.01,14.36,13.77,13.93,0,0
NEO.V,D,20200222,000000,13.93,14.08,13.54,13.86,0,0
NEO.V,D,20200223,000000,13.86,14.51,13.78,14.26,0,0
NEO.V,D,20200224,000000,14.26,14.47,13.04,13.35,0,0
NEO.V,D,20200225,000000,13.35,13.52,12.36,12.58,0,0
NEO.V,D,20200226,000000,12.58,12.64,10.79,11.09,0,0
NEO.V,D,20200227,000000,11.09,11.75,10.42,11.38,0,0
NEO.V,D,20200228,000000,11.38,11.73,10.66,11.45,0,0
NEO.V,D,20200229,000000,11.45,11.58,11,11.4,0,0
NEO.V,D,20200301,000000,11.44,11.92,11.12,11.4,0,0
NEO.V,D,20200302,000000,11.41,12.27,11.25,12.12,0,0
NEO.V,D,20200303,000000,12.13,12.16,11.45,11.64,0,0
NEO.V,D,20200304,000000,11.64,12.09,11.58,11.74,0,0
NEO.V,D,20200305,000000,11.74,12.44,11.72,12.07,0,0
NEO.V,D,20200306,000000,12.07,12.36,11.97,12.22,0,0
NEO.V,D,20200307,000000,12.22,12.48,11.61,11.78,0,0
NEO.V,D,20200308,000000,11.78,11.78,10.15,10.3,0,0
NEO.V,D,20200309,000000,10.3,10.49,9.446,9.81,0,0
NEO.V,D,20200310,000000,9.81,10.23,9.618,9.985,0,0
NEO.V,D,20200311,000000,9.985,10.02,8.817,9.486,0,0
NEO.V,D,20200312,000000,9.486,9.6,6.068,6.362,0,0
NEO.V,D,20200313,000000,6.362,6.692,4.009,6.267,0,0
NEO.V,D,20200314,000000,6.267,6.434,5.828,5.915,0,0
NEO.V,D,20200315,000000,5.915,6.447,5.691,5.994,0,0
NEO.V,D,20200316,000000,6.025,6.085,4.904,5.269,0,0
NEO.V,D,20200317,000000,5.269,5.931,5.256,5.76,0,0
NEO.V,D,20200318,000000,5.76,5.8,5.36,5.62,0,0
NEO.V,D,20200319,000000,5.62,6.8,5.62,6.645,0,0
NEO.V,D,20200320,000000,6.675,7.179,5.714,6.27,0,0
NEO.V,D,20200321,000000,6.264,6.436,5.883,6.252,0,0
NEO.V,D,20200322,000000,6.252,6.461,5.886,5.973,0,0
NEO.V,D,20200323,000000,5.954,6.632,5.815,6.598,0,0
NEO.V,D,20200324,000000,6.598,6.993,6.558,6.936,0,0
NEO.V,D,20200325,000000,6.948,7.126,6.62,6.933,0,0
NEO.V,D,20200326,000000,6.933,6.995,6.737,6.953,0,0
NEO.V,D,20200327,000000,6.952,7.195,6.776,6.834,0,0
NEO.V,D,20200328,000000,6.834,6.834,6.212,6.611,0,0
NEO.V,D,20200329,000000,6.611,6.679,6.152,6.192,0,0
NEO.V,D,20200330,000000,6.187,6.73,6.147,6.72,0,0
NEO.V,D,20200331,000000,6.72,6.954,6.537,6.873,0,0
NEO.V,D,20200401,000000,6.873,6.885,6.424,6.598,0,0
NEO.V,D,20200402,000000,6.598,7.384,6.598,7.003,0,0
NEO.V,D,20200403,000000,7.003,7.233,6.888,7.021,0,0
NEO.V,D,20200404,000000,7.02,7.289,6.883,7.173,0,0
NEO.V,D,20200405,000000,7.172,7.276,6.878,6.993,0,0
NEO.V,D,20200406,000000,6.993,7.815,6.991,7.802,0,0
NEO.V,D,20200407,000000,7.802,8.15,7.485,7.689,0,0
NEO.V,D,20200408,000000,7.689,8.042,7.66,8.002,0,0
NEO.V,D,20200409,000000,8.001,8.153,7.82,8.03,0,0
NEO.V,D,20200410,000000,8.031,8.067,7.113,7.371,0,0
NEO.V,D,20200411,000000,7.371,7.549,7.16,7.298,0,0
NEO.V,D,20200412,000000,7.298,7.755,7.195,7.663,0,0
NEO.V,D,20200413,000000,7.665,7.685,7.018,7.286,0,0
NEO.V,D,20200414,000000,7.286,7.447,7.167,7.255,0,0
NEO.V,D,20200415,000000,7.255,7.387,7.061,7.137,0,0
NEO.V,D,20200416,000000,7.133,7.622,6.822,7.565,0,0
NEO.V,D,20200417,000000,7.565,7.719,7.446,7.513,0,0
NEO.V,D,20200418,000000,7.515,7.9,7.47,7.896,0,0
NEO.V,D,20200419,000000,7.896,7.944,7.474,7.715,0,0
NEO.V,D,20200420,000000,7.711,7.865,7.121,7.287,0,0
NEO.V,D,20200421,000000,7.287,7.355,7.14,7.295,0,0
NEO.V,D,20200422,000000,7.295,7.636,7.212,7.517,0,0
NEO.V,D,20200423,000000,7.517,8.039,7.435,8.039,0,0
NEO.V,D,20200424,000000,8.04,8.305,7.84,8.17,0,0
NEO.V,D,20200425,000000,8.17,8.589,7.939,8.41,0,0
NEO.V,D,20200426,000000,8.41,8.683,8.291,8.597,0,0
NEO.V,D,20200427,000000,8.597,8.688,8.149,8.406,0,0
NEO.V,D,20200428,000000,8.406,8.622,8.265,8.385,0,0
NEO.V,D,20200429,000000,8.385,9.32,8.385,9.158,0,0
NEO.V,D,20200430,000000,9.158,9.61,8.706,8.848,0,0
NEO.V,D,20200501,000000,8.848,9.383,8.811,9.088,0,0
NEO.V,D,20200502,000000,9.088,9.281,8.92,9.222,0,0
NEO.V,D,20200503,000000,9.222,9.33,8.759,8.975,0,0
NEO.V,D,20200504,000000,8.975,9.141,8.633,9.083,0,0
NEO.V,D,20200505,000000,9.083,9.18,8.897,9.076,0,0
NEO.V,D,20200506,000000,9.076,9.48,9.006,9.233,0,0
NEO.V,D,20200507,000000,9.233,9.952,9.037,9.811,0,0
NEO.V,D,20200508,000000,9.811,10.95,9.788,10.93,0,0
NEO.V,D,20200509,000000,10.93,11.8,10.72,11.05,0,0
NEO.V,D,20200510,000000,11.05,11.13,9.425,9.826,0,0
NEO.V,D,20200511,000000,9.826,10.18,9.282,9.591,0,0
NEO.V,D,20200512,000000,9.591,10.18,9.551,9.8,0,0
NEO.V,D,20200513,000000,9.846,10.46,9.816,10.45,0,0
NEO.V,D,20200514,000000,10.45,10.56,9.95,10.16,0,0
NEO.V,D,20200515,000000,10.14,10.27,9.832,9.992,0,0
NEO.V,D,20200516,000000,9.992,10.17,9.857,10.02,0,0
NEO.V,D,20200517,000000,10.02,10.43,9.969,10.18,0,0
NEO.V,D,20200518,000000,10.18,10.52,10.05,10.21,0,0
NEO.V,D,20200519,000000,10.21,10.32,9.955,10.2,0,0
NEO.V,D,20200520,000000,10.2,10.39,9.981,10.14,0,0
NEO.V,D,20200521,000000,10.14,10.19,9.212,9.564,0,0
NEO.V,D,20200522,000000,9.564,10.65,9.399,10.5,0,0
NEO.V,D,20200523,000000,10.51,10.53,10.11,10.3,0,0
NEO.V,D,20200524,000000,10.3,10.32,9.726,9.969,0,0
NEO.V,D,20200525,000000,9.969,10,9.577,9.906,0,0
NEO.V,D,20200526,000000,9.906,10.15,9.629,9.969,0,0
NEO.V,D,20200527,000000,9.968,10.22,9.889,9.892,0,0
NEO.V,D,20200528,000000,9.892,10.31,9.881,10.19,0,0
NEO.V,D,20200529,000000,10.19,10.48,10.08,10.2,0,0
NEO.V,D,20200530,000000,10.2,10.98,10.17,10.88,0,0
NEO.V,D,20200531,000000,10.88,11.81,10.57,11.31,0,0
NEO.V,D,20200601,000000,11.31,12.68,10.75,12.5,0,0
NEO.V,D,20200602,000000,12.5,13.16,11.45,12.1,0,0
NEO.V,D,20200603,000000,12.1,12.5,11.75,12.2,0,0
NEO.V,D,20200604,000000,12.2,12.46,11.79,12.08,0,0
NEO.V,D,20200605,000000,12.08,12.25,11.83,11.88,0,0
NEO.V,D,20200606,000000,11.88,11.92,11.53,11.85,0,0
NEO.V,D,20200607,000000,11.85,11.98,11.34,11.69,0,0
NEO.V,D,20200608,000000,11.69,11.82,11.53,11.57,0,0
NEO.V,D,20200609,000000,11.57,12.17,11.42,12.09,0,0
NEO.V,D,20200610,000000,12.09,12.27,11.75,12.01,0,0
NEO.V,D,20200611,000000,12.01,12.02,10.39,10.9,0,0
NEO.V,D,20200612,000000,10.9,11.2,10.52,10.96,0,0
NEO.V,D,20200613,000000,10.95,11.13,10.73,10.98,0,0
NEO.V,D,20200614,000000,10.98,11.1,10.71,10.71,0,0
NEO.V,D,20200615,000000,10.71,10.72,9.808,10.51,0,0
NEO.V,D,20200616,000000,10.51,10.8,10.39,10.62,0,0
NEO.V,D,20200617,000000,10.62,10.89,10.34,10.59,0,0
NEO.V,D,20200618,000000,10.59,10.67,10.26,10.39,0,0
NEO.V,D,20200619,000000,10.39,10.44,10.15,10.33,0,0
NEO.V,D,20200620,000000,10.33,10.37,10.04,10.27,0,0
NEO.V,D,20200621,000000,10.27,10.57,10.2,10.44,0,0
NEO.V,D,20200622,000000,10.44,10.86,10.27,10.84,0,0
NEO.V,D,20200623,000000,10.84,11.23,10.6,11.03,0,0
NEO.V,D,20200624,000000,11.03,11.19,10.29,10.57,0,0
NEO.V,D,20200625,000000,10.57,10.57,9.998,10.44,0,0
NEO.V,D,20200626,000000,10.44,10.44,9.977,10.23,0,0
NEO.V,D,20200627,000000,10.23,10.34,9.415,9.701,0,0
NEO.V,D,20200628,000000,9.701,10.26,9.584,10.09,0,0
NEO.V,D,20200629,000000,10.09,10.31,9.989,10.25,0,0
NEO.V,D,20200630,000000,10.25,10.35,9.996,10.07,0,0
NEO.V,D,20200701,000000,10.07,10.27,9.912,10.17,0,0
NEO.V,D,20200702,000000,10.17,10.32,9.738,10.03,0,0
NEO.V,D,20200703,000000,10.02,10.08,9.848,9.874,0,0
NEO.V,D,20200704,000000,9.874,10.09,9.763,9.925,0,0
NEO.V,D,20200705,000000,9.929,10.06,9.667,9.791,0,0
NEO.V,D,20200706,000000,9.794,10.42,9.752,10.28,0,0
NEO.V,D,20200707,000000,10.29,10.64,10.21,10.41,0,0
NEO.V,D,20200708,000000,10.48,11.29,10.29,11.04,0,0
NEO.V,D,20200709,000000,11.04,11.28,10.45,10.84,0,0
NEO.V,D,20200710,000000,10.84,10.84,10.34,10.41,0,0
NEO.V,D,20200711,000000,10.41,10.89,10.38,10.79,0,0
NEO.V,D,20200712,000000,10.79,10.91,10.49,10.74,0,0
NEO.V,D,20200713,000000,10.74,11.24,10.41,10.74,0,0
NEO.V,D,20200714,000000,10.74,10.99,10.38,10.87,0,0
NEO.V,D,20200715,000000,10.87,11.36,10.83,11.07,0,0
NEO.V,D,20200716,000000,11.07,11.11,10.37,10.61,0,0
NEO.V,D,20200717,000000,10.61,10.78,10.53,10.61,0,0
NEO.V,D,20200718,000000,10.64,10.71,10.48,10.58,0,0
NEO.V,D,20200719,000000,10.58,10.64,10.42,10.61,0,0
NEO.V,D,20200720,000000,10.61,10.72,10.35,10.43,0,0
NEO.V,D,20200721,000000,10.43,11.4,10.37,11.18,0,0
NEO.V,D,20200722,000000,11.18,11.4,11.06,11.3,0,0
NEO.V,D,20200723,000000,11.3,11.72,11.3,11.49,0,0
NEO.V,D,20200724,000000,11.5,11.55,11.04,11.24,0,0
NEO.V,D,20200725,000000,11.24,11.64,11.1,11.62,0,0
NEO.V,D,20200726,000000,11.62,11.94,11.49,11.53,0,0
NEO.V,D,20200727,000000,11.53,11.86,10.86,11.33,0,0
NEO.V,D,20200728,000000,11.33,12.04,11.2,11.76,0,0
NEO.V,D,20200729,000000,11.76,12.28,11.59,11.81,0,0
