<TICKER>,<PER>,<DATE>,<TIME>,<OPEN>,<HIGH>,<LOW>,<CLOSE>,<VOL>,<OPENINT>
NEXO.V,D,20180522,000000,0.2105,0.2105,0.1599,0.1974,0,0
NEXO.V,D,20180523,000000,0.1974,0.1974,0.1531,0.1719,0,0
NEXO.V,D,20180524,000000,0.1719,0.1934,0.16,0.1881,0,0
NEXO.V,D,20180525,000000,0.1881,0.2011,0.1757,0.1869,0,0
NEXO.V,D,20180526,000000,0.1869,0.2184,0.1831,0.2015,0,0
NEXO.V,D,20180527,000000,0.2015,0.2282,0.1944,0.1944,0,0
NEXO.V,D,20180528,000000,0.1944,0.1944,0.1694,0.1808,0,0
NEXO.V,D,20180529,000000,0.1808,0.2033,0.1808,0.1891,0,0
NEXO.V,D,20180530,000000,0.1891,0.2166,0.1752,0.193,0,0
NEXO.V,D,20180531,000000,0.193,0.2011,0.1838,0.1913,0,0
NEXO.V,D,20180601,000000,0.1913,0.2011,0.1732,0.1822,0,0
NEXO.V,D,20180602,000000,0.1822,0.1918,0.1743,0.1842,0,0
NEXO.V,D,20180603,000000,0.1842,0.1992,0.1637,0.1907,0,0
NEXO.V,D,20180604,000000,0.1907,0.2326,0.1741,0.1928,0,0
NEXO.V,D,20180605,000000,0.1928,0.209,0.164,0.1869,0,0
NEXO.V,D,20180606,000000,0.1869,0.19,0.1724,0.1785,0,0
NEXO.V,D,20180607,000000,0.1785,0.1817,0.1679,0.1717,0,0
NEXO.V,D,20180608,000000,0.1717,0.1754,0.1602,0.1693,0,0
NEXO.V,D,20180609,000000,0.1693,0.1698,0.1578,0.1638,0,0
NEXO.V,D,20180610,000000,0.1638,0.1638,0.1199,0.1348,0,0
NEXO.V,D,20180611,000000,0.1348,0.1384,0.1254,0.1322,0,0
NEXO.V,D,20180612,000000,0.1322,0.1322,0.1167,0.1193,0,0
NEXO.V,D,20180613,000000,0.1193,0.1199,0.101,0.1098,0,0
NEXO.V,D,20180614,000000,0.1098,0.1408,0.1098,0.1329,0,0
NEXO.V,D,20180615,000000,0.1329,0.1329,0.119,0.1215,0,0
NEXO.V,D,20180616,000000,0.1215,0.1327,0.1177,0.1307,0,0
NEXO.V,D,20180617,000000,0.1307,0.1414,0.1279,0.1317,0,0
NEXO.V,D,20180618,000000,0.1317,0.1383,0.1209,0.1249,0,0
NEXO.V,D,20180619,000000,0.1249,0.1335,0.122,0.122,0,0
NEXO.V,D,20180620,000000,0.122,0.1285,0.1204,0.1271,0,0
NEXO.V,D,20180621,000000,0.1271,0.1297,0.1028,0.1203,0,0
NEXO.V,D,20180622,000000,0.1203,0.1203,0.09319,0.1065,0,0
NEXO.V,D,20180623,000000,0.1065,0.1184,0.103,0.1091,0,0
NEXO.V,D,20180624,000000,0.1091,0.1115,0.09668,0.1053,0,0
NEXO.V,D,20180625,000000,0.1053,0.1659,0.09954,0.1158,0,0
NEXO.V,D,20180626,000000,0.1158,0.1158,0.09498,0.1035,0,0
NEXO.V,D,20180627,000000,0.1036,0.1081,0.1007,0.1081,0,0
NEXO.V,D,20180628,000000,0.1081,0.1081,0.09746,0.1027,0,0
NEXO.V,D,20180629,000000,0.1027,0.1092,0.1027,0.1073,0,0
NEXO.V,D,20180630,000000,0.1073,0.1124,0.1073,0.1124,0,0
NEXO.V,D,20180701,000000,0.1124,0.1173,0.1071,0.1103,0,0
NEXO.V,D,20180702,000000,0.1104,0.1303,0.1104,0.1303,0,0
NEXO.V,D,20180703,000000,0.1303,0.1367,0.1139,0.1198,0,0
NEXO.V,D,20180704,000000,0.1198,0.1232,0.1127,0.1226,0,0
NEXO.V,D,20180705,000000,0.1226,0.1372,0.1124,0.1202,0,0
NEXO.V,D,20180706,000000,0.1202,0.1248,0.1162,0.1208,0,0
NEXO.V,D,20180707,000000,0.1208,0.1257,0.1156,0.1176,0,0
NEXO.V,D,20180708,000000,0.1176,0.1221,0.114,0.1147,0,0
NEXO.V,D,20180709,000000,0.1147,0.126,0.11,0.1107,0,0
NEXO.V,D,20180710,000000,0.1107,0.1179,0.07001,0.09902,0,0
NEXO.V,D,20180711,000000,0.09902,0.1061,0.08313,0.09528,0,0
NEXO.V,D,20180712,000000,0.09528,0.09818,0.08505,0.0913,0,0
NEXO.V,D,20180713,000000,0.0913,0.1121,0.08535,0.09781,0,0
NEXO.V,D,20180714,000000,0.0978,0.09905,0.08964,0.09654,0,0
NEXO.V,D,20180715,000000,0.09653,0.1006,0.09228,0.09546,0,0
NEXO.V,D,20180716,000000,0.09546,0.1038,0.09369,0.09369,0,0
NEXO.V,D,20180717,000000,0.09369,0.1106,0.08719,0.09671,0,0
NEXO.V,D,20180718,000000,0.09671,0.1085,0.08122,0.08639,0,0
NEXO.V,D,20180719,000000,0.08639,0.09123,0.083,0.09123,0,0
NEXO.V,D,20180720,000000,0.09122,0.09122,0.07627,0.08141,0,0
NEXO.V,D,20180721,000000,0.08141,0.08664,0.07776,0.0822,0,0
NEXO.V,D,20180722,000000,0.0822,0.08582,0.07399,0.07843,0,0
NEXO.V,D,20180723,000000,0.07843,0.08876,0.06637,0.06946,0,0
NEXO.V,D,20180724,000000,0.06946,0.07724,0.06717,0.0722,0,0
NEXO.V,D,20180725,000000,0.0722,0.0722,0.05801,0.06454,0,0
NEXO.V,D,20180726,000000,0.06455,0.07461,0.06191,0.06905,0,0
NEXO.V,D,20180727,000000,0.06985,0.0941,0.06955,0.08838,0,0
NEXO.V,D,20180728,000000,0.08838,0.09548,0.08478,0.09301,0,0
NEXO.V,D,20180729,000000,0.09301,0.1101,0.08874,0.1068,0,0
NEXO.V,D,20180730,000000,0.1068,0.1068,0.08748,0.0883,0,0
NEXO.V,D,20180731,000000,0.0883,0.0883,0.07271,0.07658,0,0
NEXO.V,D,20180801,000000,0.07659,0.08448,0.06469,0.0822,0,0
NEXO.V,D,20180802,000000,0.0822,0.09126,0.07014,0.07165,0,0
NEXO.V,D,20180803,000000,0.07165,0.08011,0.06973,0.07121,0,0
NEXO.V,D,20180804,000000,0.07121,0.07228,0.06667,0.06807,0,0
NEXO.V,D,20180805,000000,0.06807,0.07747,0.06807,0.07254,0,0
NEXO.V,D,20180806,000000,0.07254,0.07363,0.0646,0.06598,0,0
NEXO.V,D,20180807,000000,0.06598,0.06723,0.06253,0.0632,0,0
NEXO.V,D,20180808,000000,0.0632,0.0632,0.05594,0.05845,0,0
NEXO.V,D,20180809,000000,0.05845,0.06282,0.05845,0.06216,0,0
NEXO.V,D,20180810,000000,0.06216,0.06769,0.05784,0.05969,0,0
NEXO.V,D,20180811,000000,0.05968,0.09301,0.05056,0.05993,0,0
NEXO.V,D,20180812,000000,0.05993,0.06386,0.0588,0.06007,0,0
NEXO.V,D,20180813,000000,0.06006,0.06388,0.05449,0.05449,0,0
NEXO.V,D,20180814,000000,0.05449,0.06324,0.05084,0.05394,0,0
NEXO.V,D,20180815,000000,0.05394,0.06211,0.0527,0.05961,0,0
NEXO.V,D,20180816,000000,0.05961,0.06197,0.05438,0.05755,0,0
NEXO.V,D,20180817,000000,0.05755,0.06591,0.05755,0.06262,0,0
NEXO.V,D,20180818,000000,0.06262,0.07687,0.05829,0.06149,0,0
NEXO.V,D,20180819,000000,0.0615,0.07412,0.06047,0.06177,0,0
NEXO.V,D,20180820,000000,0.06177,0.06177,0.05455,0.05518,0,0
NEXO.V,D,20180821,000000,0.05518,0.06037,0.05323,0.05517,0,0
NEXO.V,D,20180822,000000,0.05517,0.05857,0.0522,0.0522,0,0
NEXO.V,D,20180823,000000,0.0522,0.05754,0.0522,0.05689,0,0
NEXO.V,D,20180824,000000,0.05689,0.06776,0.05689,0.06038,0,0
NEXO.V,D,20180825,000000,0.06038,0.07492,0.05805,0.06142,0,0
NEXO.V,D,20180826,000000,0.06142,0.07124,0.05981,0.0625,0,0
NEXO.V,D,20180827,000000,0.0625,0.06501,0.06086,0.06362,0,0
NEXO.V,D,20180828,000000,0.06363,0.06595,0.0617,0.06382,0,0
NEXO.V,D,20180829,000000,0.06382,0.06382,0.05994,0.06065,0,0
NEXO.V,D,20180830,000000,0.06135,0.06229,0.05879,0.06159,0,0
NEXO.V,D,20180831,000000,0.06159,0.06184,0.05973,0.06113,0,0
NEXO.V,D,20180901,000000,0.06113,0.06843,0.06113,0.06339,0,0
NEXO.V,D,20180902,000000,0.06339,0.06717,0.06279,0.06352,0,0
NEXO.V,D,20180903,000000,0.06352,0.06616,0.0618,0.06398,0,0
NEXO.V,D,20180904,000000,0.06398,0.06633,0.06191,0.06264,0,0
NEXO.V,D,20180905,000000,0.06264,0.06264,0.04761,0.0523,0,0
NEXO.V,D,20180906,000000,0.0523,0.0523,0.03714,0.04821,0,0
NEXO.V,D,20180907,000000,0.04821,0.04937,0.04424,0.04809,0,0
NEXO.V,D,20180908,000000,0.0481,0.04898,0.04588,0.04836,0,0
NEXO.V,D,20180909,000000,0.04836,0.04874,0.04624,0.04749,0,0
NEXO.V,D,20180910,000000,0.04749,0.04996,0.04743,0.0487,0,0
NEXO.V,D,20180911,000000,0.0487,0.05162,0.04722,0.04911,0,0
NEXO.V,D,20180912,000000,0.04911,0.05196,0.04563,0.04689,0,0
NEXO.V,D,20180913,000000,0.04689,0.05194,0.04689,0.04869,0,0
NEXO.V,D,20180914,000000,0.04869,0.05059,0.048,0.04865,0,0
NEXO.V,D,20180915,000000,0.04864,0.04957,0.04631,0.04826,0,0
NEXO.V,D,20180916,000000,0.04827,0.05007,0.04747,0.04942,0,0
NEXO.V,D,20180917,000000,0.04942,0.05197,0.04508,0.04696,0,0
NEXO.V,D,20180918,000000,0.04696,0.05204,0.04506,0.0476,0,0
NEXO.V,D,20180919,000000,0.0476,0.05119,0.04735,0.04991,0,0
NEXO.V,D,20180920,000000,0.04991,0.0514,0.04879,0.0501,0,0
NEXO.V,D,20180921,000000,0.0501,0.05545,0.0501,0.05545,0,0
NEXO.V,D,20180922,000000,0.05545,0.05545,0.05172,0.05239,0,0
NEXO.V,D,20180923,000000,0.05373,0.05429,0.05094,0.05295,0,0
NEXO.V,D,20180924,000000,0.05295,0.05925,0.05201,0.0553,0,0
NEXO.V,D,20180925,000000,0.0553,0.06438,0.05215,0.05472,0,0
NEXO.V,D,20180926,000000,0.05472,0.06463,0.05429,0.06075,0,0
NEXO.V,D,20180927,000000,0.06075,0.07087,0.06018,0.06218,0,0
NEXO.V,D,20180928,000000,0.06218,0.07896,0.06105,0.0637,0,0
NEXO.V,D,20180929,000000,0.0637,0.08519,0.06208,0.06802,0,0
NEXO.V,D,20180930,000000,0.06802,0.08213,0.06802,0.07551,0,0
NEXO.V,D,20181001,000000,0.07551,0.1128,0.07057,0.09233,0,0
NEXO.V,D,20181002,000000,0.09233,0.1057,0.08418,0.09397,0,0
NEXO.V,D,20181003,000000,0.09397,0.09933,0.08635,0.09349,0,0
NEXO.V,D,20181004,000000,0.09349,0.1125,0.0908,0.1125,0,0
NEXO.V,D,20181005,000000,0.1125,0.1227,0.09419,0.1114,0,0
NEXO.V,D,20181006,000000,0.1114,0.1127,0.1041,0.1081,0,0
NEXO.V,D,20181007,000000,0.1081,0.1221,0.09572,0.1102,0,0
NEXO.V,D,20181008,000000,0.1096,0.1204,0.1051,0.1091,0,0
NEXO.V,D,20181009,000000,0.1071,0.1121,0.1054,0.1108,0,0
NEXO.V,D,20181010,000000,0.1108,0.1231,0.1073,0.1204,0,0
NEXO.V,D,20181011,000000,0.1198,0.1236,0.09687,0.09687,0,0
NEXO.V,D,20181012,000000,0.09687,0.1069,0.09687,0.1025,0,0
NEXO.V,D,20181013,000000,0.1025,0.1072,0.09464,0.1072,0,0
NEXO.V,D,20181014,000000,0.1072,0.1073,0.09542,0.09982,0,0
NEXO.V,D,20181015,000000,0.09982,0.1058,0.09125,0.09323,0,0
NEXO.V,D,20181016,000000,0.09324,0.102,0.09216,0.09809,0,0
NEXO.V,D,20181017,000000,0.09809,0.09928,0.09204,0.09599,0,0
NEXO.V,D,20181018,000000,0.09602,0.1019,0.09474,0.1012,0,0
NEXO.V,D,20181019,000000,0.1012,0.1042,0.09833,0.1035,0,0
NEXO.V,D,20181020,000000,0.1035,0.1259,0.1019,0.1188,0,0
NEXO.V,D,20181021,000000,0.1188,0.1634,0.1165,0.1302,0,0
NEXO.V,D,20181022,000000,0.1302,0.1491,0.1258,0.1297,0,0
NEXO.V,D,20181023,000000,0.1297,0.1488,0.1262,0.1423,0,0
NEXO.V,D,20181024,000000,0.1424,0.158,0.1269,0.158,0,0
NEXO.V,D,20181025,000000,0.1574,0.1861,0.1538,0.1823,0,0
NEXO.V,D,20181026,000000,0.1823,0.1937,0.1724,0.1789,0,0
NEXO.V,D,20181027,000000,0.1789,0.1896,0.1689,0.1805,0,0
NEXO.V,D,20181028,000000,0.1805,0.1896,0.1721,0.1812,0,0
NEXO.V,D,20181029,000000,0.1812,0.1888,0.1711,0.1856,0,0
NEXO.V,D,20181030,000000,0.1856,0.1975,0.171,0.1836,0,0
NEXO.V,D,20181031,000000,0.1836,0.1903,0.17,0.1719,0,0
NEXO.V,D,20181101,000000,0.1719,0.1902,0.1704,0.1863,0,0
NEXO.V,D,20181102,000000,0.1863,0.1918,0.1727,0.1759,0,0
NEXO.V,D,20181103,000000,0.1759,0.1811,0.1632,0.1651,0,0
NEXO.V,D,20181104,000000,0.1652,0.1778,0.1591,0.1688,0,0
NEXO.V,D,20181105,000000,0.1688,0.1769,0.1615,0.1756,0,0
NEXO.V,D,20181106,000000,0.1756,0.1795,0.1652,0.1672,0,0
NEXO.V,D,20181107,000000,0.1672,0.1756,0.1659,0.1685,0,0
NEXO.V,D,20181108,000000,0.1685,0.1685,0.1521,0.1624,0,0
NEXO.V,D,20181109,000000,0.1624,0.1652,0.1244,0.1441,0,0
NEXO.V,D,20181110,000000,0.1441,0.1478,0.1343,0.1452,0,0
NEXO.V,D,20181111,000000,0.1452,0.15,0.1365,0.1448,0,0
NEXO.V,D,20181112,000000,0.1448,0.1485,0.1403,0.1466,0,0
NEXO.V,D,20181113,000000,0.1466,0.1693,0.1414,0.1597,0,0
NEXO.V,D,20181114,000000,0.1597,0.1597,0.124,0.1321,0,0
NEXO.V,D,20181115,000000,0.1343,0.135,0.1135,0.1299,0,0
NEXO.V,D,20181116,000000,0.1299,0.1397,0.1235,0.1257,0,0
NEXO.V,D,20181117,000000,0.1257,0.1353,0.1192,0.1247,0,0
NEXO.V,D,20181118,000000,0.1247,0.1292,0.1151,0.1258,0,0
NEXO.V,D,20181119,000000,0.1258,0.1258,0.08705,0.08705,0,0
NEXO.V,D,20181120,000000,0.08705,0.0915,0.06352,0.08306,0,0
NEXO.V,D,20181121,000000,0.08306,0.1258,0.08306,0.1052,0,0
NEXO.V,D,20181122,000000,0.1052,0.1052,0.09333,0.09851,0,0
NEXO.V,D,20181123,000000,0.09851,0.1051,0.09382,0.1051,0,0
NEXO.V,D,20181124,000000,0.1051,0.1051,0.08749,0.09867,0,0
NEXO.V,D,20181125,000000,0.1021,0.1069,0.0925,0.1005,0,0
NEXO.V,D,20181126,000000,0.1005,0.1109,0.09461,0.1041,0,0
NEXO.V,D,20181127,000000,0.1041,0.1116,0.1002,0.1097,0,0
NEXO.V,D,20181128,000000,0.1097,0.1228,0.1083,0.1155,0,0
NEXO.V,D,20181129,000000,0.1155,0.1179,0.09902,0.1067,0,0
NEXO.V,D,20181130,000000,0.1067,0.1147,0.09984,0.1091,0,0
NEXO.V,D,20181201,000000,0.1091,0.1154,0.1037,0.107,0,0
NEXO.V,D,20181202,000000,0.107,0.1144,0.104,0.1106,0,0
NEXO.V,D,20181203,000000,0.1106,0.1107,0.09717,0.1053,0,0
NEXO.V,D,20181204,000000,0.1053,0.1508,0.1007,0.1173,0,0
NEXO.V,D,20181205,000000,0.1173,0.1233,0.0755,0.0897,0,0
NEXO.V,D,20181206,000000,0.0897,0.0897,0.0697,0.07319,0,0
NEXO.V,D,20181207,000000,0.07319,0.08073,0.06191,0.07423,0,0
NEXO.V,D,20181208,000000,0.07423,0.07926,0.07337,0.07511,0,0
NEXO.V,D,20181209,000000,0.07511,0.08299,0.07114,0.0794,0,0
NEXO.V,D,20181210,000000,0.0794,0.0794,0.07004,0.07142,0,0
NEXO.V,D,20181211,000000,0.07142,0.07278,0.06666,0.06904,0,0
NEXO.V,D,20181212,000000,0.06904,0.07459,0.06901,0.06971,0,0
NEXO.V,D,20181213,000000,0.06971,0.06971,0.06544,0.0661,0,0
NEXO.V,D,20181214,000000,0.0661,0.06924,0.05953,0.06568,0,0
NEXO.V,D,20181215,000000,0.06568,0.06627,0.06174,0.06239,0,0
NEXO.V,D,20181216,000000,0.06239,0.06739,0.06239,0.06511,0,0
NEXO.V,D,20181217,000000,0.06511,0.0809,0.06511,0.07558,0,0
NEXO.V,D,20181218,000000,0.07558,0.08584,0.07357,0.07655,0,0
NEXO.V,D,20181219,000000,0.07655,0.07996,0.07398,0.07772,0,0
NEXO.V,D,20181220,000000,0.07772,0.09227,0.07772,0.08358,0,0
NEXO.V,D,20181221,000000,0.08358,0.08358,0.07603,0.0772,0,0
NEXO.V,D,20181222,000000,0.0772,0.08252,0.0772,0.07848,0,0
NEXO.V,D,20181223,000000,0.07848,0.08697,0.07655,0.08376,0,0
NEXO.V,D,20181224,000000,0.08376,0.09144,0.07878,0.08531,0,0
NEXO.V,D,20181225,000000,0.08531,0.08531,0.079,0.08053,0,0
NEXO.V,D,20181226,000000,0.08053,0.08467,0.07544,0.08467,0,0
NEXO.V,D,20181227,000000,0.08467,0.08467,0.0773,0.07803,0,0
NEXO.V,D,20181228,000000,0.07803,0.08725,0.07803,0.08606,0,0
NEXO.V,D,20181229,000000,0.08606,0.08606,0.08164,0.08278,0,0
NEXO.V,D,20181230,000000,0.08278,0.0865,0.08278,0.0865,0,0
NEXO.V,D,20181231,000000,0.0865,0.0865,0.0787,0.07982,0,0
NEXO.V,D,20190101,000000,0.07982,0.08342,0.07799,0.07954,0,0
NEXO.V,D,20190102,000000,0.07954,0.08199,0.07526,0.07803,0,0
NEXO.V,D,20190103,000000,0.07803,0.08439,0.07326,0.07518,0,0
NEXO.V,D,20190104,000000,0.07518,0.08136,0.07399,0.07942,0,0
NEXO.V,D,20190105,000000,0.07942,0.08096,0.07479,0.07634,0,0
NEXO.V,D,20190106,000000,0.07634,0.08616,0.07634,0.08165,0,0
NEXO.V,D,20190107,000000,0.08165,0.08165,0.07736,0.07736,0,0
NEXO.V,D,20190108,000000,0.07736,0.08324,0.07273,0.07597,0,0
NEXO.V,D,20190109,000000,0.07597,0.0838,0.0753,0.07975,0,0
NEXO.V,D,20190110,000000,0.07975,0.07975,0.06676,0.06969,0,0
NEXO.V,D,20190111,000000,0.06969,0.06971,0.06715,0.06861,0,0
NEXO.V,D,20190112,000000,0.06861,0.07622,0.06779,0.07072,0,0
NEXO.V,D,20190113,000000,0.07072,0.07072,0.06605,0.06712,0,0
NEXO.V,D,20190114,000000,0.06712,0.0726,0.06712,0.0726,0,0
NEXO.V,D,20190115,000000,0.0726,0.0746,0.05468,0.06554,0,0
NEXO.V,D,20190116,000000,0.06554,0.06887,0.06486,0.06814,0,0
NEXO.V,D,20190117,000000,0.06814,0.07039,0.06597,0.06781,0,0
NEXO.V,D,20190118,000000,0.06781,0.06858,0.06421,0.06858,0,0
NEXO.V,D,20190119,000000,0.06858,0.07049,0.06564,0.06639,0,0
NEXO.V,D,20190120,000000,0.06639,0.06639,0.05673,0.05887,0,0
NEXO.V,D,20190121,000000,0.05887,0.06144,0.05679,0.05787,0,0
NEXO.V,D,20190122,000000,0.05787,0.06484,0.05727,0.06051,0,0
NEXO.V,D,20190123,000000,0.06051,0.06144,0.05822,0.05965,0,0
NEXO.V,D,20190124,000000,0.05965,0.06081,0.05758,0.0583,0,0
NEXO.V,D,20190125,000000,0.0583,0.06055,0.05804,0.06055,0,0
NEXO.V,D,20190126,000000,0.06055,0.06258,0.0579,0.06006,0,0
NEXO.V,D,20190127,000000,0.06006,0.06025,0.05775,0.05918,0,0
NEXO.V,D,20190128,000000,0.05918,0.05918,0.05525,0.05664,0,0
NEXO.V,D,20190129,000000,0.05664,0.05777,0.05469,0.0564,0,0
NEXO.V,D,20190130,000000,0.0564,0.06068,0.05478,0.0586,0,0
NEXO.V,D,20190131,000000,0.0586,0.0586,0.05151,0.05426,0,0
NEXO.V,D,20190201,000000,0.05426,0.05608,0.05331,0.05539,0,0
NEXO.V,D,20190202,000000,0.05539,0.0593,0.05474,0.05824,0,0
NEXO.V,D,20190203,000000,0.05824,0.06106,0.05623,0.05692,0,0
NEXO.V,D,20190204,000000,0.05692,0.05696,0.05387,0.05559,0,0
NEXO.V,D,20190205,000000,0.05559,0.05758,0.05482,0.05551,0,0
NEXO.V,D,20190206,000000,0.05551,0.05551,0.05296,0.05466,0,0
NEXO.V,D,20190207,000000,0.05466,0.05536,0.05333,0.05401,0,0
NEXO.V,D,20190208,000000,0.05401,0.06149,0.05401,0.05966,0,0
NEXO.V,D,20190209,000000,0.05966,0.06209,0.05917,0.06026,0,0
NEXO.V,D,20190210,000000,0.06026,0.06818,0.06007,0.06338,0,0
NEXO.V,D,20190211,000000,0.06338,0.06789,0.05959,0.06212,0,0
NEXO.V,D,20190212,000000,0.06212,0.06439,0.05788,0.06059,0,0
NEXO.V,D,20190213,000000,0.06059,0.06408,0.05989,0.06408,0,0
NEXO.V,D,20190214,000000,0.06408,0.0646,0.05781,0.05957,0,0
NEXO.V,D,20190215,000000,0.05957,0.06213,0.05957,0.06123,0,0
NEXO.V,D,20190216,000000,0.06123,0.06656,0.06005,0.0624,0,0
NEXO.V,D,20190217,000000,0.0624,0.0638,0.06061,0.06369,0,0
NEXO.V,D,20190218,000000,0.06369,0.07277,0.06369,0.06824,0,0
NEXO.V,D,20190219,000000,0.06824,0.07456,0.06718,0.06718,0,0
NEXO.V,D,20190220,000000,0.06718,0.07511,0.06718,0.07511,0,0
NEXO.V,D,20190221,000000,0.07511,0.07511,0.06913,0.07012,0,0
NEXO.V,D,20190222,000000,0.07012,0.08286,0.07012,0.07513,0,0
NEXO.V,D,20190223,000000,0.07513,0.09418,0.07513,0.08854,0,0
NEXO.V,D,20190224,000000,0.08854,0.08854,0.07483,0.07509,0,0
NEXO.V,D,20190225,000000,0.07509,0.07883,0.06564,0.06964,0,0
NEXO.V,D,20190226,000000,0.06964,0.07552,0.06319,0.07166,0,0
NEXO.V,D,20190227,000000,0.07166,0.08504,0.07106,0.08121,0,0
NEXO.V,D,20190228,000000,0.08121,0.08668,0.07849,0.0819,0,0
NEXO.V,D,20190301,000000,0.0819,0.08207,0.0819,0.08207,0,0
NEXO.V,D,20190302,000000,0.08207,0.08877,0.0807,0.08723,0,0
NEXO.V,D,20190303,000000,0.08723,0.08921,0.08196,0.08467,0,0
NEXO.V,D,20190304,000000,0.08467,0.09317,0.0791,0.08526,0,0
NEXO.V,D,20190305,000000,0.08526,0.1042,0.08526,0.1015,0,0
NEXO.V,D,20190306,000000,0.1015,0.1085,0.09339,0.09935,0,0
NEXO.V,D,20190307,000000,0.09935,0.102,0.0888,0.09586,0,0
NEXO.V,D,20190308,000000,0.09586,0.09586,0.07968,0.08227,0,0
NEXO.V,D,20190309,000000,0.08227,0.0908,0.07047,0.08251,0,0
NEXO.V,D,20190310,000000,0.08251,0.08642,0.0786,0.08292,0,0
NEXO.V,D,20190311,000000,0.08292,0.08292,0.07556,0.07928,0,0
NEXO.V,D,20190312,000000,0.07928,0.08516,0.07622,0.08135,0,0
NEXO.V,D,20190313,000000,0.08135,0.08533,0.07974,0.08211,0,0
NEXO.V,D,20190314,000000,0.08211,0.0916,0.07732,0.08722,0,0
NEXO.V,D,20190315,000000,0.08722,0.0913,0.08149,0.08549,0,0
NEXO.V,D,20190316,000000,0.08549,0.08948,0.08457,0.08549,0,0
NEXO.V,D,20190317,000000,0.08549,0.09107,0.08356,0.08748,0,0
NEXO.V,D,20190318,000000,0.08748,0.09055,0.08584,0.08831,0,0
NEXO.V,D,20190319,000000,0.08831,0.09481,0.08612,0.08926,0,0
NEXO.V,D,20190320,000000,0.08926,0.09047,0.08641,0.08669,0,0
NEXO.V,D,20190321,000000,0.08669,0.08669,0.07934,0.08238,0,0
NEXO.V,D,20190322,000000,0.08238,0.08542,0.07602,0.07974,0,0
NEXO.V,D,20190323,000000,0.07974,0.08127,0.07622,0.07686,0,0
NEXO.V,D,20190324,000000,0.07686,0.0794,0.07433,0.07701,0,0
NEXO.V,D,20190325,000000,0.07701,0.07782,0.06884,0.06986,0,0
NEXO.V,D,20190326,000000,0.06986,0.07419,0.06915,0.0723,0,0
NEXO.V,D,20190327,000000,0.0723,0.0844,0.0723,0.07712,0,0
NEXO.V,D,20190328,000000,0.07712,0.08174,0.07076,0.07302,0,0
NEXO.V,D,20190329,000000,0.07302,0.07553,0.07207,0.07355,0,0
NEXO.V,D,20190330,000000,0.07355,0.0815,0.07355,0.07639,0,0
NEXO.V,D,20190331,000000,0.07639,0.08061,0.0744,0.07588,0,0
NEXO.V,D,20190401,000000,0.07588,0.0846,0.07588,0.08369,0,0
NEXO.V,D,20190402,000000,0.08369,0.09892,0.07483,0.08587,0,0
NEXO.V,D,20190403,000000,0.08587,0.09187,0.08062,0.08087,0,0
NEXO.V,D,20190404,000000,0.08087,0.09026,0.07537,0.07827,0,0
NEXO.V,D,20190405,000000,0.07827,0.08328,0.07066,0.07995,0,0
NEXO.V,D,20190406,000000,0.07995,0.08698,0.07631,0.08036,0,0
NEXO.V,D,20190407,000000,0.08036,0.1005,0.08036,0.08941,0,0
NEXO.V,D,20190408,000000,0.08941,0.09243,0.08036,0.08402,0,0
NEXO.V,D,20190409,000000,0.08402,0.08402,0.06543,0.07427,0,0
NEXO.V,D,20190410,000000,0.07427,0.08153,0.07427,0.07792,0,0
NEXO.V,D,20190411,000000,0.07792,0.07946,0.06891,0.07265,0,0
NEXO.V,D,20190412,000000,0.07265,0.07688,0.07018,0.07556,0,0
NEXO.V,D,20190413,000000,0.07556,0.07941,0.07336,0.07621,0,0
NEXO.V,D,20190414,000000,0.07621,0.08399,0.07621,0.08043,0,0
NEXO.V,D,20190415,000000,0.08043,0.08043,0.07259,0.07511,0,0
NEXO.V,D,20190416,000000,0.07511,0.08252,0.07511,0.07809,0,0
NEXO.V,D,20190417,000000,0.07809,0.08137,0.07603,0.07875,0,0
NEXO.V,D,20190418,000000,0.07875,0.08215,0.07633,0.08141,0,0
NEXO.V,D,20190419,000000,0.08141,0.0834,0.07806,0.08097,0,0
NEXO.V,D,20190420,000000,0.08097,0.08495,0.08069,0.08202,0,0
NEXO.V,D,20190421,000000,0.08202,0.08463,0.08166,0.08192,0,0
NEXO.V,D,20190422,000000,0.08192,0.09101,0.08162,0.0868,0,0
NEXO.V,D,20190423,000000,0.0868,0.09112,0.08336,0.08375,0,0
NEXO.V,D,20190424,000000,0.08375,0.08504,0.07729,0.08362,0,0
NEXO.V,D,20190425,000000,0.08362,0.08362,0.07558,0.07667,0,0
NEXO.V,D,20190426,000000,0.07667,0.08207,0.07667,0.07867,0,0
NEXO.V,D,20190427,000000,0.07867,0.08195,0.07787,0.08064,0,0
NEXO.V,D,20190428,000000,0.08065,0.08499,0.0803,0.0842,0,0
NEXO.V,D,20190429,000000,0.0842,0.0842,0.07757,0.08046,0,0
NEXO.V,D,20190430,000000,0.08046,0.08443,0.07999,0.08224,0,0
NEXO.V,D,20190501,000000,0.08224,0.08699,0.08208,0.08505,0,0
NEXO.V,D,20190502,000000,0.08505,0.08829,0.084,0.08548,0,0
NEXO.V,D,20190503,000000,0.08548,0.09119,0.08515,0.08532,0,0
NEXO.V,D,20190504,000000,0.08532,0.08807,0.08456,0.08486,0,0
NEXO.V,D,20190505,000000,0.08486,0.08651,0.08396,0.08517,0,0
NEXO.V,D,20190506,000000,0.08517,0.08904,0.08329,0.08697,0,0
NEXO.V,D,20190507,000000,0.08697,0.08869,0.08427,0.08438,0,0
NEXO.V,D,20190508,000000,0.08438,0.08776,0.07546,0.07858,0,0
NEXO.V,D,20190509,000000,0.07858,0.08517,0.07419,0.07517,0,0
NEXO.V,D,20190510,000000,0.07517,0.07884,0.07248,0.07407,0,0
NEXO.V,D,20190511,000000,0.07407,0.08565,0.06156,0.07112,0,0
NEXO.V,D,20190512,000000,0.07112,0.08234,0.06454,0.07473,0,0
NEXO.V,D,20190513,000000,0.07473,0.08774,0.07473,0.07666,0,0
NEXO.V,D,20190514,000000,0.07666,0.08108,0.06576,0.07366,0,0
NEXO.V,D,20190515,000000,0.07366,0.08127,0.07038,0.07374,0,0
NEXO.V,D,20190516,000000,0.07374,0.07374,0.06772,0.06976,0,0
NEXO.V,D,20190517,000000,0.06976,0.06976,0.06428,0.06672,0,0
NEXO.V,D,20190518,000000,0.06672,0.06779,0.06394,0.06656,0,0
NEXO.V,D,20190519,000000,0.06656,0.07529,0.06656,0.07095,0,0
NEXO.V,D,20190520,000000,0.07095,0.0719,0.05903,0.06351,0,0
NEXO.V,D,20190521,000000,0.06351,0.07018,0.06207,0.06883,0,0
NEXO.V,D,20190522,000000,0.06883,0.07124,0.05758,0.06429,0,0
NEXO.V,D,20190523,000000,0.06429,0.07168,0.06104,0.06931,0,0
NEXO.V,D,20190524,000000,0.06931,0.07828,0.06509,0.07341,0,0
NEXO.V,D,20190525,000000,0.07341,0.08744,0.07237,0.07729,0,0
NEXO.V,D,20190526,000000,0.07729,0.08883,0.07688,0.07688,0,0
NEXO.V,D,20190527,000000,0.07688,0.08232,0.0723,0.07476,0,0
NEXO.V,D,20190528,000000,0.07476,0.07768,0.07324,0.07394,0,0
NEXO.V,D,20190529,000000,0.07394,0.1284,0.07192,0.1087,0,0
NEXO.V,D,20190530,000000,0.1087,0.1087,0.08822,0.09973,0,0
NEXO.V,D,20190531,000000,0.09973,0.1085,0.09859,0.1024,0,0
NEXO.V,D,20190601,000000,0.1024,0.1095,0.1002,0.1021,0,0
NEXO.V,D,20190602,000000,0.1021,0.1056,0.09883,0.1041,0,0
NEXO.V,D,20190603,000000,0.1041,0.1041,0.08837,0.0895,0,0
NEXO.V,D,20190604,000000,0.0895,0.0895,0.08146,0.08368,0,0
NEXO.V,D,20190605,000000,0.08368,0.08828,0.08033,0.08789,0,0
NEXO.V,D,20190606,000000,0.08789,0.1024,0.08775,0.09611,0,0
NEXO.V,D,20190607,000000,0.09611,0.1044,0.09611,0.09827,0,0
NEXO.V,D,20190608,000000,0.09827,0.1054,0.096,0.09941,0,0
NEXO.V,D,20190609,000000,0.09941,0.1007,0.09249,0.09745,0,0
NEXO.V,D,20190610,000000,0.09745,0.104,0.09713,0.1006,0,0
NEXO.V,D,20190611,000000,0.1006,0.104,0.09224,0.09968,0,0
NEXO.V,D,20190612,000000,0.09968,0.1104,0.09768,0.1027,0,0
NEXO.V,D,20190613,000000,0.1027,0.1058,0.098,0.0985,0,0
NEXO.V,D,20190614,000000,0.0985,0.1086,0.0985,0.1021,0,0
NEXO.V,D,20190615,000000,0.1021,0.1089,0.1019,0.1059,0,0
NEXO.V,D,20190616,000000,0.1059,0.1162,0.1028,0.1078,0,0
NEXO.V,D,20190617,000000,0.1078,0.1145,0.1028,0.1052,0,0
NEXO.V,D,20190618,000000,0.1052,0.1118,0.09436,0.1018,0,0
NEXO.V,D,20190619,000000,0.1018,0.11,0.1002,0.1041,0,0
NEXO.V,D,20190620,000000,0.1041,0.1121,0.1041,0.1067,0,0
NEXO.V,D,20190621,000000,0.1067,0.1147,0.09565,0.09739,0,0
NEXO.V,D,20190622,000000,0.09739,0.1075,0.08701,0.09802,0,0
NEXO.V,D,20190623,000000,0.09802,0.105,0.09802,0.1023,0,0
NEXO.V,D,20190624,000000,0.1023,0.1323,0.1023,0.1272,0,0
NEXO.V,D,20190625,000000,0.1272,0.1384,0.1192,0.1207,0,0
NEXO.V,D,20190626,000000,0.1207,0.1441,0.1129,0.1184,0,0
NEXO.V,D,20190627,000000,0.1184,0.1184,0.1012,0.1114,0,0
NEXO.V,D,20190628,000000,0.1114,0.1274,0.1114,0.1212,0,0
NEXO.V,D,20190629,000000,0.1212,0.1236,0.1148,0.1173,0,0
NEXO.V,D,20190630,000000,0.1173,0.1173,0.106,0.1119,0,0
NEXO.V,D,20190701,000000,0.1119,0.1119,0.09427,0.1055,0,0
NEXO.V,D,20190702,000000,0.1055,0.1129,0.1042,0.1078,0,0
NEXO.V,D,20190703,000000,0.1078,0.1197,0.1078,0.1141,0,0
NEXO.V,D,20190704,000000,0.1141,0.1141,0.09874,0.1025,0,0
NEXO.V,D,20190705,000000,0.1025,0.1052,0.09729,0.09982,0,0
NEXO.V,D,20190706,000000,0.09982,0.1059,0.09787,0.1006,0,0
NEXO.V,D,20190707,000000,0.1006,0.1046,0.09914,0.09948,0,0
NEXO.V,D,20190708,000000,0.09948,0.1126,0.09948,0.1103,0,0
NEXO.V,D,20190709,000000,0.1103,0.1149,0.1043,0.1071,0,0
NEXO.V,D,20190710,000000,0.1071,0.1106,0.09812,0.1067,0,0
NEXO.V,D,20190711,000000,0.1067,0.1067,0.09506,0.09676,0,0
NEXO.V,D,20190712,000000,0.09676,0.1032,0.09676,0.09981,0,0
NEXO.V,D,20190713,000000,0.09981,0.1009,0.09603,0.09978,0,0
NEXO.V,D,20190714,000000,0.09978,0.09978,0.08592,0.08755,0,0
NEXO.V,D,20190715,000000,0.08755,0.09906,0.08755,0.09744,0,0
NEXO.V,D,20190716,000000,0.09744,0.09744,0.07755,0.08264,0,0
NEXO.V,D,20190717,000000,0.08264,0.08736,0.08261,0.0863,0,0
NEXO.V,D,20190718,000000,0.0863,0.1005,0.0863,0.09798,0,0
NEXO.V,D,20190719,000000,0.09798,0.1019,0.09406,0.0989,0,0
NEXO.V,D,20190720,000000,0.0989,0.1015,0.09856,0.1002,0,0
NEXO.V,D,20190721,000000,0.1002,0.1002,0.09475,0.09486,0,0
NEXO.V,D,20190722,000000,0.09486,0.09624,0.09149,0.09438,0,0
NEXO.V,D,20190723,000000,0.09438,0.1136,0.08849,0.1042,0,0
NEXO.V,D,20190724,000000,0.1042,0.1173,0.09518,0.1159,0,0
NEXO.V,D,20190725,000000,0.1159,0.1186,0.1042,0.1103,0,0
NEXO.V,D,20190726,000000,0.1103,0.1193,0.1058,0.1154,0,0
NEXO.V,D,20190727,000000,0.1154,0.119,0.108,0.1144,0,0
NEXO.V,D,20190728,000000,0.1144,0.1196,0.1095,0.1108,0,0
NEXO.V,D,20190729,000000,0.1108,0.1154,0.1052,0.1141,0,0
NEXO.V,D,20190730,000000,0.1141,0.1154,0.1106,0.1125,0,0
NEXO.V,D,20190731,000000,0.1125,0.1298,0.1125,0.1267,0,0
NEXO.V,D,20190801,000000,0.1267,0.1309,0.1137,0.1185,0,0
NEXO.V,D,20190802,000000,0.1185,0.1247,0.1119,0.1145,0,0
NEXO.V,D,20190803,000000,0.1145,0.1188,0.09533,0.11,0,0
NEXO.V,D,20190804,000000,0.11,0.1137,0.09398,0.09541,0,0
NEXO.V,D,20190805,000000,0.09541,0.1045,0.08785,0.09198,0,0
NEXO.V,D,20190806,000000,0.09198,0.09598,0.07775,0.09002,0,0
NEXO.V,D,20190807,000000,0.09002,0.09412,0.08741,0.08993,0,0
NEXO.V,D,20190808,000000,0.08993,0.09323,0.08867,0.08927,0,0
NEXO.V,D,20190809,000000,0.08927,0.09053,0.07973,0.08116,0,0
NEXO.V,D,20190810,000000,0.08116,0.08312,0.07691,0.07951,0,0
NEXO.V,D,20190811,000000,0.07951,0.08523,0.07951,0.08315,0,0
NEXO.V,D,20190812,000000,0.08315,0.08609,0.08176,0.08586,0,0
NEXO.V,D,20190813,000000,0.08586,0.08839,0.07839,0.08208,0,0
NEXO.V,D,20190814,000000,0.08208,0.08208,0.06932,0.07233,0,0
NEXO.V,D,20190815,000000,0.07233,0.07628,0.07123,0.07391,0,0
NEXO.V,D,20190816,000000,0.07391,0.08071,0.07232,0.07739,0,0
NEXO.V,D,20190817,000000,0.07739,0.08156,0.07563,0.07982,0,0
NEXO.V,D,20190818,000000,0.07982,0.08468,0.0792,0.08209,0,0
NEXO.V,D,20190819,000000,0.08209,0.08825,0.08209,0.08465,0,0
NEXO.V,D,20190820,000000,0.08465,0.08606,0.08046,0.0811,0,0
NEXO.V,D,20190821,000000,0.0811,0.0811,0.07477,0.0766,0,0
NEXO.V,D,20190822,000000,0.0766,0.07679,0.07325,0.07457,0,0
NEXO.V,D,20190823,000000,0.07457,0.07777,0.07457,0.076,0,0
NEXO.V,D,20190824,000000,0.076,0.07613,0.07115,0.07288,0,0
NEXO.V,D,20190825,000000,0.07288,0.07332,0.07099,0.0712,0,0
NEXO.V,D,20190826,000000,0.0712,0.07991,0.07038,0.07991,0,0
NEXO.V,D,20190827,000000,0.07991,0.09117,0.07214,0.07367,0,0
NEXO.V,D,20190828,000000,0.07367,0.07367,0.06582,0.06893,0,0
NEXO.V,D,20190829,000000,0.06893,0.06893,0.06474,0.06797,0,0
NEXO.V,D,20190830,000000,0.06797,0.0696,0.06634,0.06682,0,0
NEXO.V,D,20190831,000000,0.06682,0.06756,0.06564,0.06574,0,0
NEXO.V,D,20190901,000000,0.06574,0.07053,0.06574,0.06789,0,0
NEXO.V,D,20190902,000000,0.06789,0.07437,0.06789,0.07095,0,0
NEXO.V,D,20190903,000000,0.07095,0.0731,0.07013,0.0714,0,0
NEXO.V,D,20190904,000000,0.0714,0.07336,0.07007,0.07177,0,0
NEXO.V,D,20190905,000000,0.07177,0.07727,0.07083,0.07643,0,0
NEXO.V,D,20190906,000000,0.07643,0.08588,0.07464,0.08011,0,0
NEXO.V,D,20190907,000000,0.08011,0.08834,0.08011,0.08373,0,0
NEXO.V,D,20190908,000000,0.08373,0.08493,0.07972,0.0816,0,0
NEXO.V,D,20190909,000000,0.0816,0.08871,0.08056,0.08757,0,0
NEXO.V,D,20190910,000000,0.08757,0.09038,0.08573,0.08694,0,0
NEXO.V,D,20190911,000000,0.08694,0.09952,0.08661,0.09575,0,0
NEXO.V,D,20190912,000000,0.09575,0.102,0.09115,0.09376,0,0
NEXO.V,D,20190913,000000,0.09376,0.09543,0.08837,0.08848,0,0
NEXO.V,D,20190914,000000,0.08848,0.09236,0.08749,0.09174,0,0
NEXO.V,D,20190915,000000,0.09174,0.0923,0.08838,0.09024,0,0
NEXO.V,D,20190916,000000,0.09024,0.09234,0.08659,0.09019,0,0
NEXO.V,D,20190917,000000,0.09019,0.1003,0.08944,0.0976,0,0
NEXO.V,D,20190918,000000,0.0976,0.1036,0.09594,0.1003,0,0
NEXO.V,D,20190919,000000,0.1003,0.1072,0.09551,0.1065,0,0
NEXO.V,D,20190920,000000,0.1065,0.1069,0.09891,0.1006,0,0
NEXO.V,D,20190921,000000,0.1006,0.1049,0.09709,0.1026,0,0
NEXO.V,D,20190922,000000,0.1026,0.1032,0.09806,0.1012,0,0
NEXO.V,D,20190923,000000,0.1012,0.1012,0.09501,0.09598,0,0
NEXO.V,D,20190924,000000,0.09598,0.09598,0.08004,0.08466,0,0
NEXO.V,D,20190925,000000,0.08466,0.09283,0.08168,0.09173,0,0
NEXO.V,D,20190926,000000,0.09173,0.09375,0.0839,0.08471,0,0
NEXO.V,D,20190927,000000,0.08471,0.08726,0.08341,0.0848,0,0
NEXO.V,D,20190928,000000,0.0848,0.08618,0.0796,0.07977,0,0
NEXO.V,D,20190929,000000,0.07977,0.0813,0.07799,0.07815,0,0
NEXO.V,D,20190930,000000,0.07815,0.08606,0.07815,0.08306,0,0
NEXO.V,D,20191001,000000,0.08306,0.08568,0.08235,0.08427,0,0
NEXO.V,D,20191002,000000,0.08427,0.08677,0.08375,0.08618,0,0
NEXO.V,D,20191003,000000,0.08618,0.08675,0.08271,0.08659,0,0
NEXO.V,D,20191004,000000,0.08659,0.09116,0.08544,0.08911,0,0
NEXO.V,D,20191005,000000,0.08911,0.0957,0.08908,0.09382,0,0
NEXO.V,D,20191006,000000,0.09382,0.09382,0.08537,0.08844,0,0
NEXO.V,D,20191007,000000,0.08844,0.09521,0.08844,0.0939,0,0
NEXO.V,D,20191008,000000,0.0939,0.09453,0.09085,0.09388,0,0
NEXO.V,D,20191009,000000,0.09388,0.1005,0.09388,0.09547,0,0
NEXO.V,D,20191010,000000,0.09547,0.09663,0.08923,0.08923,0,0
NEXO.V,D,20191011,000000,0.08923,0.0904,0.08369,0.08551,0,0
NEXO.V,D,20191012,000000,0.08551,0.09098,0.08551,0.09073,0,0
NEXO.V,D,20191013,000000,0.09073,0.09201,0.08968,0.09176,0,0
NEXO.V,D,20191014,000000,0.09176,0.09418,0.08916,0.09334,0,0
NEXO.V,D,20191015,000000,0.09334,0.09637,0.09073,0.09506,0,0
NEXO.V,D,20191016,000000,0.09506,0.09697,0.09249,0.09585,0,0
NEXO.V,D,20191017,000000,0.09585,0.09699,0.09392,0.09416,0,0
NEXO.V,D,20191018,000000,0.09416,0.09479,0.09169,0.0944,0,0
NEXO.V,D,20191019,000000,0.0944,0.0972,0.09393,0.09688,0,0
NEXO.V,D,20191020,000000,0.09688,0.1008,0.09688,0.0993,0,0
NEXO.V,D,20191021,000000,0.0993,0.1012,0.0981,0.1007,0,0
NEXO.V,D,20191022,000000,0.1007,0.1007,0.09449,0.09802,0,0
NEXO.V,D,20191023,000000,0.09802,0.09802,0.08953,0.09185,0,0
NEXO.V,D,20191024,000000,0.09185,0.09246,0.09,0.09171,0,0
NEXO.V,D,20191025,000000,0.09171,0.1086,0.09171,0.1035,0,0
NEXO.V,D,20191026,000000,0.1035,0.1112,0.1021,0.1036,0,0
NEXO.V,D,20191027,000000,0.1036,0.1099,0.09398,0.09732,0,0
NEXO.V,D,20191028,000000,0.09732,0.09732,0.08899,0.09471,0,0
NEXO.V,D,20191029,000000,0.09471,0.1002,0.09471,0.09688,0,0
NEXO.V,D,20191030,000000,0.09688,0.09688,0.08812,0.09353,0,0
NEXO.V,D,20191031,000000,0.09353,0.09524,0.08956,0.09212,0,0
NEXO.V,D,20191101,000000,0.09212,0.09427,0.08881,0.0939,0,0
NEXO.V,D,20191102,000000,0.0939,0.09498,0.09293,0.09359,0,0
NEXO.V,D,20191103,000000,0.09359,0.1013,0.09268,0.1002,0,0
NEXO.V,D,20191104,000000,0.1002,0.108,0.1002,0.1041,0,0
NEXO.V,D,20191105,000000,0.1041,0.1068,0.1006,0.1038,0,0
NEXO.V,D,20191106,000000,0.1038,0.1058,0.1024,0.103,0,0
NEXO.V,D,20191107,000000,0.103,0.1038,0.1001,0.1023,0,0
NEXO.V,D,20191108,000000,0.1023,0.1023,0.09632,0.1018,0,0
NEXO.V,D,20191109,000000,0.1018,0.1048,0.1007,0.1043,0,0
NEXO.V,D,20191110,000000,0.1043,0.1087,0.1009,0.1055,0,0
NEXO.V,D,20191111,000000,0.1055,0.1055,0.1015,0.1048,0,0
NEXO.V,D,20191112,000000,0.1048,0.1069,0.1048,0.1057,0,0
NEXO.V,D,20191113,000000,0.1057,0.109,0.1042,0.1081,0,0
NEXO.V,D,20191114,000000,0.1081,0.1132,0.1049,0.1088,0,0
NEXO.V,D,20191115,000000,0.1088,0.1109,0.1064,0.1078,0,0
NEXO.V,D,20191116,000000,0.1078,0.1095,0.1063,0.1095,0,0
NEXO.V,D,20191117,000000,0.1095,0.11,0.1081,0.1087,0,0
NEXO.V,D,20191118,000000,0.1087,0.1088,0.1045,0.1087,0,0
NEXO.V,D,20191119,000000,0.1087,0.1087,0.1038,0.1077,0,0
NEXO.V,D,20191120,000000,0.1077,0.1091,0.103,0.1068,0,0
NEXO.V,D,20191121,000000,0.1068,0.1068,0.09083,0.09281,0,0
NEXO.V,D,20191122,000000,0.09281,0.09422,0.08867,0.09247,0,0
NEXO.V,D,20191123,000000,0.09247,0.09534,0.08939,0.09394,0,0
NEXO.V,D,20191124,000000,0.09394,0.09394,0.08455,0.08822,0,0
NEXO.V,D,20191125,000000,0.08822,0.09444,0.08666,0.08873,0,0
NEXO.V,D,20191126,000000,0.08873,0.09328,0.08762,0.09242,0,0
NEXO.V,D,20191127,000000,0.09242,0.1008,0.09242,0.09512,0,0
NEXO.V,D,20191128,000000,0.09512,0.09526,0.09199,0.09333,0,0
NEXO.V,D,20191129,000000,0.09333,0.09844,0.09333,0.09603,0,0
NEXO.V,D,20191130,000000,0.09603,0.09972,0.08904,0.09881,0,0
NEXO.V,D,20191201,000000,0.09881,0.1046,0.09684,0.1044,0,0
NEXO.V,D,20191202,000000,0.1044,0.1044,0.08968,0.09246,0,0
NEXO.V,D,20191203,000000,0.09246,0.09691,0.08901,0.09647,0,0
NEXO.V,D,20191204,000000,0.09647,0.09647,0.09024,0.09341,0,0
NEXO.V,D,20191205,000000,0.09341,0.0977,0.09341,0.09673,0,0
NEXO.V,D,20191206,000000,0.09673,0.09985,0.09456,0.09509,0,0
NEXO.V,D,20191207,000000,0.09509,0.09724,0.09431,0.09687,0,0
NEXO.V,D,20191208,000000,0.09687,0.09802,0.09553,0.09628,0,0
NEXO.V,D,20191209,000000,0.09628,0.09769,0.09144,0.09593,0,0
NEXO.V,D,20191210,000000,0.09593,0.09635,0.0939,0.09527,0,0
NEXO.V,D,20191211,000000,0.09527,0.09621,0.09419,0.09462,0,0
NEXO.V,D,20191212,000000,0.09462,0.09467,0.09179,0.09237,0,0
NEXO.V,D,20191213,000000,0.09237,0.09651,0.09237,0.09542,0,0
NEXO.V,D,20191214,000000,0.09542,0.09542,0.09176,0.09226,0,0
NEXO.V,D,20191215,000000,0.09226,0.094,0.09072,0.09393,0,0
NEXO.V,D,20191216,000000,0.09393,0.09393,0.08622,0.08835,0,0
NEXO.V,D,20191217,000000,0.08835,0.08835,0.08268,0.08361,0,0
NEXO.V,D,20191218,000000,0.08361,0.09454,0.08361,0.09322,0,0
NEXO.V,D,20191219,000000,0.09322,0.09322,0.0867,0.09078,0,0
NEXO.V,D,20191220,000000,0.09078,0.09357,0.08853,0.09307,0,0
NEXO.V,D,20191221,000000,0.09307,0.09307,0.09135,0.09193,0,0
NEXO.V,D,20191222,000000,0.09193,0.09758,0.09193,0.09592,0,0
NEXO.V,D,20191223,000000,0.09592,0.09592,0.08982,0.09239,0,0
NEXO.V,D,20191224,000000,0.09239,0.09345,0.0872,0.09294,0,0
NEXO.V,D,20191225,000000,0.09294,0.09294,0.0878,0.08967,0,0
NEXO.V,D,20191226,000000,0.08967,0.09168,0.08786,0.08944,0,0
NEXO.V,D,20191227,000000,0.08944,0.09503,0.08944,0.09292,0,0
NEXO.V,D,20191228,000000,0.09292,0.09621,0.09262,0.09467,0,0
NEXO.V,D,20191229,000000,0.09467,0.09864,0.09434,0.09775,0,0
NEXO.V,D,20191230,000000,0.09775,0.0994,0.09528,0.09788,0,0
NEXO.V,D,20191231,000000,0.09788,0.09788,0.09461,0.09612,0,0
NEXO.V,D,20200101,000000,0.09612,0.09893,0.09584,0.09872,0,0
NEXO.V,D,20200102,000000,0.09872,0.1051,0.0955,0.104,0,0
NEXO.V,D,20200103,000000,0.104,0.1114,0.104,0.1077,0,0
NEXO.V,D,20200104,000000,0.1077,0.1138,0.1065,0.1123,0,0
NEXO.V,D,20200105,000000,0.1123,0.117,0.1102,0.1139,0,0
NEXO.V,D,20200106,000000,0.1139,0.1223,0.1138,0.115,0,0
NEXO.V,D,20200107,000000,0.115,0.1209,0.1145,0.1163,0,0
NEXO.V,D,20200108,000000,0.1163,0.1319,0.1142,0.1199,0,0
NEXO.V,D,20200109,000000,0.1199,0.1199,0.1058,0.1079,0,0
NEXO.V,D,20200110,000000,0.1079,0.1208,0.1079,0.1208,0,0
NEXO.V,D,20200111,000000,0.1208,0.1223,0.117,0.1175,0,0
NEXO.V,D,20200112,000000,0.1175,0.1208,0.1175,0.1192,0,0
NEXO.V,D,20200113,000000,0.1192,0.1192,0.1097,0.1098,0,0
NEXO.V,D,20200114,000000,0.1098,0.1196,0.1078,0.1088,0,0
NEXO.V,D,20200115,000000,0.1088,0.1113,0.1027,0.1039,0,0
NEXO.V,D,20200116,000000,0.1039,0.1062,0.09321,0.1049,0,0
NEXO.V,D,20200117,000000,0.1049,0.1096,0.1049,0.1064,0,0
NEXO.V,D,20200118,000000,0.1064,0.1115,0.105,0.1093,0,0
NEXO.V,D,20200119,000000,0.1093,0.111,0.1057,0.1103,0,0
NEXO.V,D,20200120,000000,0.1103,0.1103,0.1054,0.1071,0,0
NEXO.V,D,20200121,000000,0.1071,0.1105,0.09589,0.1061,0,0
NEXO.V,D,20200122,000000,0.1061,0.1102,0.1005,0.1067,0,0
NEXO.V,D,20200123,000000,0.1067,0.1067,0.09695,0.09956,0,0
NEXO.V,D,20200124,000000,0.09956,0.1008,0.09798,0.1001,0,0
NEXO.V,D,20200125,000000,0.1001,0.1037,0.09781,0.1027,0,0
NEXO.V,D,20200126,000000,0.1027,0.1103,0.1027,0.1093,0,0
NEXO.V,D,20200127,000000,0.1093,0.1204,0.1093,0.1193,0,0
NEXO.V,D,20200128,000000,0.1193,0.1296,0.1193,0.1288,0,0
NEXO.V,D,20200129,000000,0.1288,0.1472,0.1269,0.137,0,0
NEXO.V,D,20200130,000000,0.137,0.1455,0.1368,0.1441,0,0
NEXO.V,D,20200131,000000,0.1441,0.1468,0.1383,0.1459,0,0
NEXO.V,D,20200201,000000,0.1459,0.1603,0.1452,0.1525,0,0
NEXO.V,D,20200202,000000,0.1525,0.1611,0.1477,0.1521,0,0
NEXO.V,D,20200203,000000,0.1521,0.1612,0.1497,0.1536,0,0
NEXO.V,D,20200204,000000,0.1536,0.1558,0.1425,0.1469,0,0
NEXO.V,D,20200205,000000,0.1469,0.1606,0.1469,0.1601,0,0
NEXO.V,D,20200206,000000,0.1601,0.172,0.1601,0.172,0,0
NEXO.V,D,20200207,000000,0.172,0.1779,0.1675,0.1774,0,0
NEXO.V,D,20200208,000000,0.1774,0.1808,0.1735,0.1778,0,0
NEXO.V,D,20200209,000000,0.1778,0.1916,0.1749,0.1901,0,0
NEXO.V,D,20200210,000000,0.1901,0.1921,0.18,0.1849,0,0
NEXO.V,D,20200211,000000,0.1849,0.2013,0.1849,0.1968,0,0
NEXO.V,D,20200212,000000,0.1968,0.2276,0.1968,0.225,0,0
NEXO.V,D,20200213,000000,0.225,0.2274,0.2098,0.224,0,0
NEXO.V,D,20200214,000000,0.224,0.228,0.2101,0.2241,0,0
NEXO.V,D,20200215,000000,0.2241,0.2241,0.2015,0.2036,0,0
NEXO.V,D,20200216,000000,0.2036,0.2124,0.1919,0.2045,0,0
NEXO.V,D,20200217,000000,0.2045,0.2045,0.1941,0.2033,0,0
NEXO.V,D,20200218,000000,0.2033,0.2198,0.1998,0.2006,0,0
NEXO.V,D,20200219,000000,0.2006,0.2006,0.181,0.1885,0,0
NEXO.V,D,20200220,000000,0.1885,0.192,0.1817,0.187,0,0
NEXO.V,D,20200221,000000,0.187,0.194,0.187,0.1937,0,0
NEXO.V,D,20200222,000000,0.1937,0.1937,0.1863,0.1917,0,0
NEXO.V,D,20200223,000000,0.1917,0.2039,0.1917,0.2,0,0
NEXO.V,D,20200224,000000,0.2,0.2,0.1821,0.1833,0,0
NEXO.V,D,20200225,000000,0.1833,0.1833,0.1618,0.164,0,0
NEXO.V,D,20200226,000000,0.164,0.1774,0.15,0.1762,0,0
NEXO.V,D,20200227,000000,0.1762,0.1795,0.1501,0.1523,0,0
NEXO.V,D,20200228,000000,0.1523,0.1542,0.1492,0.1518,0,0
NEXO.V,D,20200229,000000,0.1518,0.1555,0.147,0.1519,0,0
NEXO.V,D,20200301,000000,0.1519,0.1589,0.1485,0.1574,0,0
NEXO.V,D,20200302,000000,0.1574,0.1877,0.1574,0.1847,0,0
NEXO.V,D,20200303,000000,0.1847,0.1847,0.1661,0.1725,0,0
NEXO.V,D,20200304,000000,0.1725,0.1873,0.1669,0.1836,0,0
NEXO.V,D,20200305,000000,0.1836,0.1976,0.1825,0.1856,0,0
NEXO.V,D,20200306,000000,0.1856,0.1914,0.1795,0.1882,0,0
NEXO.V,D,20200307,000000,0.1882,0.1928,0.1801,0.1821,0,0
NEXO.V,D,20200308,000000,0.1821,0.1821,0.1527,0.1535,0,0
NEXO.V,D,20200309,000000,0.1535,0.1582,0.1377,0.1529,0,0
NEXO.V,D,20200310,000000,0.1529,0.1533,0.1462,0.1512,0,0
NEXO.V,D,20200311,000000,0.1512,0.1603,0.1453,0.1518,0,0
NEXO.V,D,20200312,000000,0.1518,0.1518,0.0768,0.07926,0,0
NEXO.V,D,20200313,000000,0.07926,0.109,0.07926,0.0993,0,0
NEXO.V,D,20200314,000000,0.0993,0.0993,0.09063,0.09731,0,0
NEXO.V,D,20200315,000000,0.09731,0.1008,0.08994,0.09027,0,0
NEXO.V,D,20200316,000000,0.09027,0.09027,0.08102,0.08233,0,0
NEXO.V,D,20200317,000000,0.08233,0.09106,0.08233,0.08978,0,0
NEXO.V,D,20200318,000000,0.08978,0.09327,0.08823,0.08926,0,0
NEXO.V,D,20200319,000000,0.08926,0.1092,0.08926,0.1089,0,0
NEXO.V,D,20200320,000000,0.1089,0.1143,0.1003,0.1014,0,0
NEXO.V,D,20200321,000000,0.1014,0.1105,0.1006,0.1087,0,0
NEXO.V,D,20200322,000000,0.1087,0.1087,0.09465,0.09634,0,0
NEXO.V,D,20200323,000000,0.09634,0.1127,0.09634,0.1077,0,0
NEXO.V,D,20200324,000000,0.1077,0.1165,0.1056,0.1058,0,0
NEXO.V,D,20200325,000000,0.1058,0.1064,0.1017,0.1056,0,0
NEXO.V,D,20200326,000000,0.1056,0.1116,0.1056,0.1085,0,0
NEXO.V,D,20200327,000000,0.1085,0.1085,0.1009,0.1051,0,0
NEXO.V,D,20200328,000000,0.1051,0.1053,0.1025,0.1049,0,0
NEXO.V,D,20200329,000000,0.1049,0.1049,0.09847,0.1006,0,0
NEXO.V,D,20200330,000000,0.1006,0.1101,0.1006,0.1069,0,0
NEXO.V,D,20200331,000000,0.1069,0.1096,0.1057,0.1094,0,0
NEXO.V,D,20200401,000000,0.1094,0.1146,0.1094,0.1115,0,0
NEXO.V,D,20200402,000000,0.1115,0.1147,0.1115,0.1122,0,0
NEXO.V,D,20200403,000000,0.1122,0.1122,0.1099,0.11,0,0
NEXO.V,D,20200404,000000,0.11,0.1157,0.11,0.1141,0,0
NEXO.V,D,20200405,000000,0.1141,0.1141,0.1099,0.11,0,0
NEXO.V,D,20200406,000000,0.11,0.1275,0.11,0.1227,0,0
NEXO.V,D,20200407,000000,0.1227,0.1229,0.1179,0.1181,0,0
NEXO.V,D,20200408,000000,0.1181,0.1245,0.1166,0.12,0,0
NEXO.V,D,20200409,000000,0.12,0.1226,0.1182,0.121,0,0
NEXO.V,D,20200410,000000,0.1211,0.1212,0.11,0.1105,0,0
NEXO.V,D,20200411,000000,0.1104,0.1121,0.1088,0.1104,0,0
NEXO.V,D,20200412,000000,0.1105,0.1157,0.1086,0.1142,0,0
NEXO.V,D,20200413,000000,0.1142,0.1145,0.1017,0.1029,0,0
NEXO.V,D,20200414,000000,0.1029,0.1102,0.1024,0.1081,0,0
NEXO.V,D,20200415,000000,0.1082,0.1091,0.1023,0.1041,0,0
NEXO.V,D,20200416,000000,0.1041,0.1138,0.09922,0.1131,0,0
NEXO.V,D,20200417,000000,0.1132,0.115,0.1088,0.1088,0,0
NEXO.V,D,20200418,000000,0.1089,0.1118,0.1082,0.1099,0,0
NEXO.V,D,20200419,000000,0.1098,0.1127,0.1047,0.1062,0,0
NEXO.V,D,20200420,000000,0.106,0.1068,0.09827,0.1009,0,0
NEXO.V,D,20200421,000000,0.1008,0.1065,0.1007,0.1062,0,0
NEXO.V,D,20200422,000000,0.1062,0.1093,0.1047,0.1064,0,0
NEXO.V,D,20200423,000000,0.1063,0.1127,0.1044,0.1115,0,0
NEXO.V,D,20200424,000000,0.1113,0.1114,0.1068,0.1082,0,0
NEXO.V,D,20200425,000000,0.1081,0.1096,0.1035,0.1053,0,0
NEXO.V,D,20200426,000000,0.1052,0.1077,0.1023,0.1034,0,0
NEXO.V,D,20200427,000000,0.1033,0.1049,0.1005,0.1043,0,0
NEXO.V,D,20200428,000000,0.1043,0.1064,0.1015,0.1064,0,0
NEXO.V,D,20200429,000000,0.1064,0.1154,0.1051,0.1134,0,0
NEXO.V,D,20200430,000000,0.1133,0.1192,0.1059,0.1119,0,0
NEXO.V,D,20200501,000000,0.1119,0.1128,0.1054,0.109,0,0
NEXO.V,D,20200502,000000,0.109,0.1158,0.1067,0.1088,0,0
NEXO.V,D,20200503,000000,0.1089,0.1104,0.105,0.1072,0,0
NEXO.V,D,20200504,000000,0.1072,0.1123,0.1032,0.1122,0,0
NEXO.V,D,20200505,000000,0.1122,0.1141,0.1062,0.1084,0,0
NEXO.V,D,20200506,000000,0.1086,0.1137,0.1076,0.1117,0,0
NEXO.V,D,20200507,000000,0.1117,0.1156,0.1069,0.1138,0,0
NEXO.V,D,20200508,000000,0.1137,0.1142,0.1032,0.1088,0,0
NEXO.V,D,20200509,000000,0.1088,0.1089,0.1014,0.1059,0,0
NEXO.V,D,20200510,000000,0.1059,0.1072,0.08985,0.09571,0,0
NEXO.V,D,20200511,000000,0.09571,0.1054,0.09404,0.09968,0,0
NEXO.V,D,20200512,000000,0.09971,0.1085,0.09884,0.107,0,0
NEXO.V,D,20200513,000000,0.1072,0.1182,0.1072,0.1178,0,0
NEXO.V,D,20200514,000000,0.1178,0.1205,0.1119,0.1154,0,0
NEXO.V,D,20200515,000000,0.1154,0.1162,0.108,0.1113,0,0
NEXO.V,D,20200516,000000,0.1113,0.1136,0.1088,0.1104,0,0
NEXO.V,D,20200517,000000,0.1104,0.1127,0.1088,0.1112,0,0
NEXO.V,D,20200518,000000,0.1112,0.1138,0.1075,0.1104,0,0
NEXO.V,D,20200519,000000,0.1104,0.1142,0.1089,0.1097,0,0
NEXO.V,D,20200520,000000,0.1097,0.1111,0.1048,0.1086,0,0
NEXO.V,D,20200521,000000,0.1086,0.1109,0.1032,0.1071,0,0
NEXO.V,D,20200522,000000,0.1072,0.1135,0.1049,0.1131,0,0
NEXO.V,D,20200523,000000,0.1131,0.1173,0.1119,0.1146,0,0
NEXO.V,D,20200524,000000,0.1146,0.1189,0.1125,0.1149,0,0
NEXO.V,D,20200525,000000,0.1149,0.1181,0.1097,0.117,0,0
NEXO.V,D,20200526,000000,0.117,0.1232,0.1163,0.1227,0,0
NEXO.V,D,20200527,000000,0.1226,0.13,0.1212,0.1231,0,0
NEXO.V,D,20200528,000000,0.1231,0.1263,0.1177,0.1257,0,0
NEXO.V,D,20200529,000000,0.1257,0.1355,0.1255,0.1332,0,0
NEXO.V,D,20200530,000000,0.1332,0.1395,0.1303,0.1364,0,0
NEXO.V,D,20200531,000000,0.1365,0.1391,0.1266,0.1273,0,0
NEXO.V,D,20200601,000000,0.1273,0.1478,0.1266,0.1478,0,0
NEXO.V,D,20200602,000000,0.1479,0.1638,0.1193,0.122,0,0
NEXO.V,D,20200603,000000,0.122,0.1258,0.1155,0.1251,0,0
NEXO.V,D,20200604,000000,0.1251,0.1309,0.1185,0.1285,0,0
NEXO.V,D,20200605,000000,0.1285,0.1299,0.1196,0.123,0,0
NEXO.V,D,20200606,000000,0.1231,0.1327,0.1228,0.1326,0,0
NEXO.V,D,20200607,000000,0.1324,0.1337,0.1263,0.1287,0,0
NEXO.V,D,20200608,000000,0.1287,0.131,0.1142,0.1153,0,0
NEXO.V,D,20200609,000000,0.1145,0.1295,0.1092,0.1295,0,0
NEXO.V,D,20200610,000000,0.1295,0.1319,0.127,0.1309,0,0
NEXO.V,D,20200611,000000,0.1309,0.1338,0.1177,0.1225,0,0
NEXO.V,D,20200612,000000,0.1225,0.1314,0.1222,0.1254,0,0
NEXO.V,D,20200613,000000,0.1254,0.1292,0.1253,0.1286,0,0
NEXO.V,D,20200614,000000,0.1287,0.129,0.1251,0.1261,0,0
NEXO.V,D,20200615,000000,0.1261,0.1272,0.1188,0.1263,0,0
NEXO.V,D,20200616,000000,0.1263,0.1515,0.1257,0.1471,0,0
NEXO.V,D,20200617,000000,0.1472,0.1512,0.1378,0.15,0,0
NEXO.V,D,20200618,000000,0.1496,0.1622,0.1475,0.1621,0,0
NEXO.V,D,20200619,000000,0.162,0.1827,0.1582,0.1706,0,0
NEXO.V,D,20200620,000000,0.1703,0.1738,0.1617,0.1722,0,0
NEXO.V,D,20200621,000000,0.1722,0.1916,0.1722,0.1879,0,0
NEXO.V,D,20200622,000000,0.1879,0.2025,0.1849,0.198,0,0
NEXO.V,D,20200623,000000,0.198,0.2023,0.192,0.1968,0,0
NEXO.V,D,20200624,000000,0.1967,0.1991,0.1802,0.1838,0,0
NEXO.V,D,20200625,000000,0.1839,0.1943,0.1787,0.1943,0,0
NEXO.V,D,20200626,000000,0.1943,0.2038,0.1903,0.2002,0,0
NEXO.V,D,20200627,000000,0.2001,0.2006,0.1836,0.1888,0,0
NEXO.V,D,20200628,000000,0.1873,0.1931,0.184,0.1928,0,0
NEXO.V,D,20200629,000000,0.1928,0.1968,0.1827,0.1912,0,0
NEXO.V,D,20200630,000000,0.1912,0.2085,0.1912,0.2083,0,0
NEXO.V,D,20200701,000000,0.2083,0.2307,0.2072,0.2295,0,0
NEXO.V,D,20200702,000000,0.2296,0.2309,0.2021,0.2156,0,0
NEXO.V,D,20200703,000000,0.2157,0.2212,0.1769,0.1984,0,0
NEXO.V,D,20200704,000000,0.1984,0.2108,0.1982,0.2106,0,0
NEXO.V,D,20200705,000000,0.2106,0.2173,0.2081,0.2081,0,0
NEXO.V,D,20200706,000000,0.207,0.2112,0.1951,0.2061,0,0
NEXO.V,D,20200707,000000,0.206,0.2186,0.2058,0.2095,0,0
NEXO.V,D,20200708,000000,0.2094,0.2282,0.2093,0.2275,0,0
NEXO.V,D,20200709,000000,0.2275,0.2283,0.2124,0.2223,0,0
NEXO.V,D,20200710,000000,0.2223,0.2227,0.2168,0.2211,0,0
NEXO.V,D,20200711,000000,0.2212,0.2249,0.2192,0.2237,0,0
NEXO.V,D,20200712,000000,0.2237,0.2376,0.2235,0.2331,0,0
NEXO.V,D,20200713,000000,0.2331,0.2408,0.214,0.2153,0,0
NEXO.V,D,20200714,000000,0.2154,0.2154,0.1973,0.1977,0,0
NEXO.V,D,20200715,000000,0.1979,0.2076,0.1783,0.2041,0,0
NEXO.V,D,20200716,000000,0.2041,0.2069,0.1771,0.1779,0,0
NEXO.V,D,20200717,000000,0.1779,0.2024,0.1779,0.1998,0,0
NEXO.V,D,20200718,000000,0.1997,0.2006,0.1854,0.1933,0,0
NEXO.V,D,20200719,000000,0.1931,0.2052,0.1868,0.1965,0,0
NEXO.V,D,20200720,000000,0.196,0.1981,0.1875,0.1925,0,0
NEXO.V,D,20200721,000000,0.1925,0.2075,0.1923,0.1928,0,0
NEXO.V,D,20200722,000000,0.1935,0.2028,0.1879,0.1933,0,0
NEXO.V,D,20200723,000000,0.1933,0.2016,0.1911,0.2015,0,0
NEXO.V,D,20200724,000000,0.2016,0.2112,0.1928,0.2099,0,0
NEXO.V,D,20200725,000000,0.2098,0.2246,0.2027,0.2238,0,0
NEXO.V,D,20200726,000000,0.2235,0.237,0.2105,0.227,0,0
NEXO.V,D,20200727,000000,0.2271,0.2288,0.2097,0.2261,0,0
NEXO.V,D,20200728,000000,0.2257,0.2368,0.2134,0.2329,0,0
NEXO.V,D,20200729,000000,0.2325,0.2463,0.2304,0.2343,0,0
