<TICKER>,<PER>,<DATE>,<TIME>,<OPEN>,<HIGH>,<LOW>,<CLOSE>,<VOL>,<OPENINT>
OKB.V,D,20180511,000000,3.248,3.457,2.906,3.251,0,0
OKB.V,D,20180512,000000,3.257,4.016,3.257,3.567,0,0
OKB.V,D,20180513,000000,3.56,3.987,3.56,3.795,0,0
OKB.V,D,20180514,000000,3.798,4.037,3.71,3.895,0,0
OKB.V,D,20180515,000000,3.894,4.937,3.741,4.882,0,0
OKB.V,D,20180516,000000,4.863,5.47,4.539,5.383,0,0
OKB.V,D,20180517,000000,5.356,5.773,4.745,5.62,0,0
OKB.V,D,20180518,000000,5.623,6.456,5.429,6.302,0,0
OKB.V,D,20180519,000000,6.289,6.578,4.285,4.605,0,0
OKB.V,D,20180520,000000,4.609,5.114,3.753,5.084,0,0
OKB.V,D,20180521,000000,5.085,5.453,3.854,3.863,0,0
OKB.V,D,20180522,000000,3.871,3.923,3.397,3.646,0,0
OKB.V,D,20180523,000000,3.636,3.636,3.197,3.534,0,0
OKB.V,D,20180524,000000,3.537,4.098,3.537,3.973,0,0
OKB.V,D,20180525,000000,3.976,3.976,3.634,3.801,0,0
OKB.V,D,20180526,000000,3.801,3.829,3.649,3.744,0,0
OKB.V,D,20180527,000000,3.74,3.876,3.605,3.8,0,0
OKB.V,D,20180528,000000,3.8,3.8,3.39,3.543,0,0
OKB.V,D,20180529,000000,3.543,3.938,3.473,3.709,0,0
OKB.V,D,20180530,000000,3.695,3.788,3.581,3.719,0,0
OKB.V,D,20180531,000000,3.719,4.233,3.719,4.097,0,0
OKB.V,D,20180601,000000,4.11,4.489,4.027,4.4,0,0
OKB.V,D,20180602,000000,4.4,4.676,4.379,4.496,0,0
OKB.V,D,20180603,000000,4.496,5.014,4.404,4.906,0,0
OKB.V,D,20180604,000000,4.89,4.89,4.553,4.762,0,0
OKB.V,D,20180605,000000,4.762,5.109,4.745,4.844,0,0
OKB.V,D,20180606,000000,4.844,4.873,4.759,4.787,0,0
OKB.V,D,20180607,000000,4.787,4.787,4.654,4.733,0,0
OKB.V,D,20180608,000000,4.733,5.066,4.642,4.997,0,0
OKB.V,D,20180609,000000,5.006,5.222,4.789,5.148,0,0
OKB.V,D,20180610,000000,5.157,5.157,3.962,4.211,0,0
OKB.V,D,20180611,000000,4.206,4.515,4.153,4.34,0,0
OKB.V,D,20180612,000000,4.346,4.346,3.787,4.062,0,0
OKB.V,D,20180613,000000,4.056,4.126,3.86,3.965,0,0
OKB.V,D,20180614,000000,3.97,4.477,3.97,4.232,0,0
OKB.V,D,20180615,000000,4.224,4.224,3.818,3.996,0,0
OKB.V,D,20180616,000000,3.958,4.039,3.891,4.027,0,0
OKB.V,D,20180617,000000,4.027,4.027,3.878,3.95,0,0
OKB.V,D,20180618,000000,3.95,4.161,3.95,4.02,0,0
OKB.V,D,20180619,000000,4.02,5.519,4.02,5.296,0,0
OKB.V,D,20180620,000000,5.294,5.294,4.879,4.948,0,0
OKB.V,D,20180621,000000,4.948,4.948,4.554,4.685,0,0
OKB.V,D,20180622,000000,4.684,4.684,4.067,4.173,0,0
OKB.V,D,20180623,000000,4.173,4.332,3.861,3.967,0,0
OKB.V,D,20180624,000000,3.967,3.967,3.61,3.756,0,0
OKB.V,D,20180625,000000,3.756,4.036,3.754,3.866,0,0
OKB.V,D,20180626,000000,3.866,3.866,3.566,3.677,0,0
OKB.V,D,20180627,000000,3.685,3.905,3.685,3.843,0,0
OKB.V,D,20180628,000000,3.834,4.354,3.618,3.654,0,0
OKB.V,D,20180629,000000,3.653,3.849,3.653,3.787,0,0
OKB.V,D,20180630,000000,3.777,3.951,3.764,3.81,0,0
OKB.V,D,20180701,000000,3.818,3.878,3.673,3.778,0,0
OKB.V,D,20180702,000000,3.78,4.495,3.78,4.037,0,0
OKB.V,D,20180703,000000,4.029,4.065,3.83,3.902,0,0
OKB.V,D,20180704,000000,3.903,3.99,3.897,3.925,0,0
OKB.V,D,20180705,000000,3.925,3.958,3.817,3.871,0,0
OKB.V,D,20180706,000000,3.871,3.971,3.806,3.834,0,0
OKB.V,D,20180707,000000,3.843,4.074,3.843,3.895,0,0
OKB.V,D,20180708,000000,3.905,3.984,3.793,3.884,0,0
OKB.V,D,20180709,000000,3.885,3.885,3.721,3.728,0,0
OKB.V,D,20180710,000000,3.726,3.726,3.362,3.488,0,0
OKB.V,D,20180711,000000,3.487,3.839,3.425,3.621,0,0
OKB.V,D,20180712,000000,3.613,3.613,3.442,3.506,0,0
OKB.V,D,20180713,000000,3.502,3.546,3.426,3.464,0,0
OKB.V,D,20180714,000000,3.464,3.48,3.42,3.428,0,0
OKB.V,D,20180715,000000,3.428,3.642,3.428,3.548,0,0
OKB.V,D,20180716,000000,3.545,3.811,3.545,3.638,0,0
OKB.V,D,20180717,000000,3.634,3.854,3.634,3.808,0,0
OKB.V,D,20180718,000000,3.81,3.863,3.612,3.781,0,0
OKB.V,D,20180719,000000,3.781,3.815,3.611,3.74,0,0
OKB.V,D,20180720,000000,3.744,3.778,3.579,3.705,0,0
OKB.V,D,20180721,000000,3.706,4.038,3.684,3.724,0,0
OKB.V,D,20180722,000000,3.733,3.733,3.579,3.606,0,0
OKB.V,D,20180723,000000,3.615,3.714,3.507,3.61,0,0
OKB.V,D,20180724,000000,3.613,3.86,3.613,3.624,0,0
OKB.V,D,20180725,000000,3.631,3.676,3.53,3.627,0,0
OKB.V,D,20180726,000000,3.628,3.685,3.491,3.679,0,0
OKB.V,D,20180727,000000,3.678,3.792,3.656,3.737,0,0
OKB.V,D,20180728,000000,3.735,3.877,3.696,3.868,0,0
OKB.V,D,20180729,000000,3.866,3.866,3.809,3.834,0,0
OKB.V,D,20180730,000000,3.837,3.84,3.712,3.79,0,0
OKB.V,D,20180731,000000,3.788,3.788,3.564,3.698,0,0
OKB.V,D,20180801,000000,3.702,3.714,3.258,3.346,0,0
OKB.V,D,20180802,000000,3.336,3.336,3.036,3.083,0,0
OKB.V,D,20180803,000000,3.087,3.457,3.087,3.222,0,0
OKB.V,D,20180804,000000,3.216,3.335,3.124,3.207,0,0
OKB.V,D,20180805,000000,3.212,3.254,3.189,3.226,0,0
OKB.V,D,20180806,000000,3.232,3.278,3.171,3.255,0,0
OKB.V,D,20180807,000000,3.262,3.262,2.984,3.035,0,0
OKB.V,D,20180808,000000,3.035,3.035,2.517,2.586,0,0
OKB.V,D,20180809,000000,2.587,2.717,2.545,2.577,0,0
OKB.V,D,20180810,000000,2.579,2.579,2.207,2.328,0,0
OKB.V,D,20180811,000000,2.323,2.334,2.221,2.238,0,0
OKB.V,D,20180812,000000,2.24,2.262,2.204,2.216,0,0
OKB.V,D,20180813,000000,2.214,2.214,1.924,1.985,0,0
OKB.V,D,20180814,000000,1.987,1.995,1.865,1.92,0,0
OKB.V,D,20180815,000000,1.921,2.007,1.865,1.962,0,0
OKB.V,D,20180816,000000,1.957,2.006,1.93,1.946,0,0
OKB.V,D,20180817,000000,1.952,2.171,1.952,2.138,0,0
OKB.V,D,20180818,000000,2.136,2.136,1.927,1.98,0,0
OKB.V,D,20180819,000000,1.979,2.108,1.958,2.084,0,0
OKB.V,D,20180820,000000,2.075,2.075,1.774,1.792,0,0
OKB.V,D,20180821,000000,1.791,1.926,1.791,1.861,0,0
OKB.V,D,20180822,000000,1.863,1.863,1.754,1.784,0,0
OKB.V,D,20180823,000000,1.786,1.843,1.786,1.824,0,0
OKB.V,D,20180824,000000,1.822,1.92,1.822,1.868,0,0
OKB.V,D,20180825,000000,1.869,1.869,1.794,1.807,0,0
OKB.V,D,20180826,000000,1.808,1.808,1.782,1.804,0,0
OKB.V,D,20180827,000000,1.803,1.944,1.803,1.913,0,0
OKB.V,D,20180828,000000,1.908,1.992,1.899,1.911,0,0
OKB.V,D,20180829,000000,1.91,1.91,1.813,1.878,0,0
OKB.V,D,20180830,000000,1.88,1.88,1.819,1.842,0,0
OKB.V,D,20180831,000000,1.841,1.865,1.823,1.842,0,0
OKB.V,D,20180901,000000,1.842,1.934,1.842,1.882,0,0
OKB.V,D,20180902,000000,1.884,1.888,1.853,1.878,0,0
OKB.V,D,20180903,000000,1.877,1.877,1.824,1.838,0,0
OKB.V,D,20180904,000000,1.838,1.846,1.802,1.836,0,0
OKB.V,D,20180905,000000,1.83,1.83,1.463,1.507,0,0
OKB.V,D,20180906,000000,1.507,1.52,1.452,1.5,0,0
OKB.V,D,20180907,000000,1.5,1.5,1.394,1.441,0,0
OKB.V,D,20180908,000000,1.439,1.439,1.303,1.348,0,0
OKB.V,D,20180909,000000,1.349,1.389,1.298,1.333,0,0
OKB.V,D,20180910,000000,1.331,1.38,1.319,1.337,0,0
OKB.V,D,20180911,000000,1.334,1.334,1.16,1.235,0,0
OKB.V,D,20180912,000000,1.234,1.288,1.168,1.206,0,0
OKB.V,D,20180913,000000,1.209,1.397,1.209,1.24,0,0
OKB.V,D,20180914,000000,1.237,1.237,1.158,1.211,0,0
OKB.V,D,20180915,000000,1.218,1.362,1.218,1.329,0,0
OKB.V,D,20180916,000000,1.328,1.363,1.285,1.329,0,0
OKB.V,D,20180917,000000,1.328,1.328,1.128,1.225,0,0
OKB.V,D,20180918,000000,1.227,1.35,1.227,1.316,0,0
OKB.V,D,20180919,000000,1.32,1.363,1.28,1.351,0,0
OKB.V,D,20180920,000000,1.349,1.513,1.349,1.448,0,0
OKB.V,D,20180921,000000,1.451,1.696,1.451,1.651,0,0
OKB.V,D,20180922,000000,1.653,1.653,1.57,1.633,0,0
OKB.V,D,20180923,000000,1.633,1.662,1.52,1.567,0,0
OKB.V,D,20180924,000000,1.567,1.567,1.427,1.523,0,0
OKB.V,D,20180925,000000,1.523,1.523,1.429,1.443,0,0
OKB.V,D,20180926,000000,1.442,1.454,1.406,1.439,0,0
OKB.V,D,20180927,000000,1.439,1.562,1.439,1.495,0,0
OKB.V,D,20180928,000000,1.494,1.533,1.432,1.496,0,0
OKB.V,D,20180929,000000,1.498,1.58,1.46,1.496,0,0
OKB.V,D,20180930,000000,1.496,1.523,1.482,1.509,0,0
OKB.V,D,20181001,000000,1.506,1.521,1.492,1.495,0,0
OKB.V,D,20181002,000000,1.496,1.496,1.459,1.475,0,0
OKB.V,D,20181003,000000,1.475,1.48,1.436,1.47,0,0
OKB.V,D,20181004,000000,1.469,1.508,1.458,1.497,0,0
OKB.V,D,20181005,000000,1.496,1.544,1.477,1.494,0,0
OKB.V,D,20181006,000000,1.494,1.494,1.466,1.469,0,0
OKB.V,D,20181007,000000,1.469,1.478,1.458,1.464,0,0
OKB.V,D,20181008,000000,1.464,1.495,1.464,1.476,0,0
OKB.V,D,20181009,000000,1.476,1.486,1.458,1.481,0,0
OKB.V,D,20181010,000000,1.485,1.485,1.428,1.465,0,0
OKB.V,D,20181011,000000,1.464,1.464,1.162,1.239,0,0
OKB.V,D,20181012,000000,1.239,1.284,1.239,1.272,0,0
OKB.V,D,20181013,000000,1.272,1.3,1.272,1.289,0,0
OKB.V,D,20181014,000000,1.286,1.286,1.249,1.262,0,0
OKB.V,D,20181015,000000,1.262,1.391,1.262,1.346,0,0
OKB.V,D,20181016,000000,1.349,1.353,1.329,1.334,0,0
OKB.V,D,20181017,000000,1.336,1.336,1.308,1.331,0,0
OKB.V,D,20181018,000000,1.331,1.331,1.292,1.31,0,0
OKB.V,D,20181019,000000,1.312,1.32,1.306,1.316,0,0
OKB.V,D,20181020,000000,1.315,1.334,1.312,1.319,0,0
OKB.V,D,20181021,000000,1.32,1.331,1.314,1.327,0,0
OKB.V,D,20181022,000000,1.326,1.334,1.317,1.322,0,0
OKB.V,D,20181023,000000,1.322,1.33,1.306,1.318,0,0
OKB.V,D,20181024,000000,1.315,1.315,1.3,1.306,0,0
OKB.V,D,20181025,000000,1.306,1.306,1.284,1.29,0,0
OKB.V,D,20181026,000000,1.293,1.316,1.282,1.291,0,0
OKB.V,D,20181027,000000,1.295,1.295,1.268,1.268,0,0
OKB.V,D,20181028,000000,1.27,1.288,1.268,1.281,0,0
OKB.V,D,20181029,000000,1.277,1.277,1.193,1.207,0,0
OKB.V,D,20181030,000000,1.207,1.219,1.207,1.21,0,0
OKB.V,D,20181031,000000,1.211,1.233,1.187,1.212,0,0
OKB.V,D,20181101,000000,1.208,1.223,1.202,1.215,0,0
OKB.V,D,20181102,000000,1.215,1.246,1.215,1.236,0,0
OKB.V,D,20181103,000000,1.236,1.236,1.219,1.224,0,0
OKB.V,D,20181104,000000,1.224,1.31,1.224,1.254,0,0
OKB.V,D,20181105,000000,1.254,1.283,1.236,1.269,0,0
OKB.V,D,20181106,000000,1.269,1.336,1.269,1.271,0,0
OKB.V,D,20181107,000000,1.271,1.271,1.227,1.249,0,0
OKB.V,D,20181108,000000,1.246,1.246,1.165,1.215,0,0
OKB.V,D,20181109,000000,1.215,1.231,1.198,1.217,0,0
OKB.V,D,20181110,000000,1.217,1.236,1.207,1.219,0,0
OKB.V,D,20181111,000000,1.219,1.222,1.192,1.203,0,0
OKB.V,D,20181112,000000,1.208,1.208,1.164,1.174,0,0
OKB.V,D,20181113,000000,1.174,1.174,1.112,1.131,0,0
OKB.V,D,20181114,000000,1.131,1.131,0.9412,0.9854,0,0
OKB.V,D,20181115,000000,0.9854,0.9961,0.9548,0.989,0,0
OKB.V,D,20181116,000000,0.9891,0.9891,0.6994,0.9805,0,0
OKB.V,D,20181117,000000,0.9805,1.022,0.9641,1.017,0,0
OKB.V,D,20181118,000000,1.017,1.048,1.017,1.037,0,0
OKB.V,D,20181119,000000,1.037,1.037,0.8595,0.9083,0,0
OKB.V,D,20181120,000000,0.9083,0.9083,0.7714,0.8051,0,0
OKB.V,D,20181121,000000,0.8051,0.8463,0.8051,0.8423,0,0
OKB.V,D,20181122,000000,0.8423,0.8423,0.763,0.7804,0,0
OKB.V,D,20181123,000000,0.7804,0.7908,0.7624,0.7815,0,0
OKB.V,D,20181124,000000,0.7815,0.7815,0.6909,0.7046,0,0
OKB.V,D,20181125,000000,0.7046,0.8043,0.7046,0.7478,0,0
OKB.V,D,20181126,000000,0.7473,0.7473,0.6942,0.7242,0,0
OKB.V,D,20181127,000000,0.7243,0.7557,0.7149,0.7215,0,0
OKB.V,D,20181128,000000,0.7217,0.813,0.7217,0.7707,0,0
OKB.V,D,20181129,000000,0.7692,0.7744,0.7331,0.766,0,0
OKB.V,D,20181130,000000,0.766,0.766,0.7254,0.7306,0,0
OKB.V,D,20181201,000000,0.7306,0.7873,0.7306,0.7783,0,0
OKB.V,D,20181202,000000,0.7783,0.866,0.7575,0.8465,0,0
OKB.V,D,20181203,000000,0.8466,0.8466,0.768,0.7948,0,0
OKB.V,D,20181204,000000,0.7948,0.81,0.7801,0.7933,0,0
OKB.V,D,20181205,000000,0.7933,0.7933,0.7177,0.7443,0,0
OKB.V,D,20181206,000000,0.7443,0.7443,0.6609,0.7043,0,0
OKB.V,D,20181207,000000,0.7043,0.75,0.6472,0.6774,0,0
OKB.V,D,20181208,000000,0.6774,0.6906,0.6547,0.6656,0,0
OKB.V,D,20181209,000000,0.6656,0.707,0.6656,0.6995,0,0
OKB.V,D,20181210,000000,0.6995,0.6995,0.6672,0.685,0,0
OKB.V,D,20181211,000000,0.685,0.685,0.6491,0.6583,0,0
OKB.V,D,20181212,000000,0.6583,0.6876,0.6583,0.684,0,0
OKB.V,D,20181213,000000,0.684,0.684,0.6427,0.6541,0,0
OKB.V,D,20181214,000000,0.6541,0.6541,0.6286,0.6487,0,0
OKB.V,D,20181215,000000,0.6487,0.6556,0.632,0.6415,0,0
OKB.V,D,20181216,000000,0.6415,0.6988,0.6401,0.6786,0,0
OKB.V,D,20181217,000000,0.6786,0.7826,0.6786,0.7547,0,0
OKB.V,D,20181218,000000,0.7547,0.815,0.7547,0.7683,0,0
OKB.V,D,20181219,000000,0.7683,0.7683,0.7205,0.7555,0,0
OKB.V,D,20181220,000000,0.7555,0.8802,0.7555,0.7954,0,0
OKB.V,D,20181221,000000,0.7954,0.7954,0.701,0.7409,0,0
OKB.V,D,20181222,000000,0.7409,0.8101,0.7409,0.7608,0,0
OKB.V,D,20181223,000000,0.7608,0.8469,0.7494,0.7646,0,0
OKB.V,D,20181224,000000,0.7646,0.8204,0.7121,0.772,0,0
OKB.V,D,20181225,000000,0.772,0.772,0.678,0.6958,0,0
OKB.V,D,20181226,000000,0.6958,0.7105,0.6829,0.697,0,0
OKB.V,D,20181227,000000,0.697,0.697,0.6108,0.6504,0,0
OKB.V,D,20181228,000000,0.6504,0.8021,0.6504,0.7177,0,0
OKB.V,D,20181229,000000,0.7177,0.7288,0.67,0.703,0,0
OKB.V,D,20181230,000000,0.703,0.7344,0.703,0.715,0,0
OKB.V,D,20181231,000000,0.715,0.715,0.6578,0.6697,0,0
OKB.V,D,20190101,000000,0.6697,0.7186,0.6697,0.6973,0,0
OKB.V,D,20190102,000000,0.6973,0.7677,0.6973,0.7183,0,0
OKB.V,D,20190103,000000,0.7183,0.7183,0.6707,0.6856,0,0
OKB.V,D,20190104,000000,0.6856,0.724,0.6772,0.6811,0,0
OKB.V,D,20190105,000000,0.6811,0.6835,0.653,0.6668,0,0
OKB.V,D,20190106,000000,0.6668,0.7017,0.6668,0.6939,0,0
OKB.V,D,20190107,000000,0.6939,0.6939,0.6589,0.6648,0,0
OKB.V,D,20190108,000000,0.6648,0.6781,0.6354,0.6673,0,0
OKB.V,D,20190109,000000,0.6673,0.6984,0.667,0.6936,0,0
OKB.V,D,20190110,000000,0.6936,0.6936,0.5794,0.6152,0,0
OKB.V,D,20190111,000000,0.6152,0.6368,0.6032,0.6109,0,0
OKB.V,D,20190112,000000,0.6109,0.6236,0.602,0.6221,0,0
OKB.V,D,20190113,000000,0.6221,0.6221,0.5704,0.5876,0,0
OKB.V,D,20190114,000000,0.5876,0.6715,0.5876,0.6212,0,0
OKB.V,D,20190115,000000,0.6212,0.6212,0.5638,0.5936,0,0
OKB.V,D,20190116,000000,0.5936,0.6181,0.5916,0.6107,0,0
OKB.V,D,20190117,000000,0.6107,0.6904,0.605,0.6374,0,0
OKB.V,D,20190118,000000,0.6374,0.6395,0.6148,0.6279,0,0
OKB.V,D,20190119,000000,0.6279,0.6528,0.6244,0.6299,0,0
OKB.V,D,20190120,000000,0.6299,0.6299,0.5944,0.6039,0,0
OKB.V,D,20190121,000000,0.6039,0.6136,0.5912,0.6032,0,0
OKB.V,D,20190122,000000,0.6032,0.6266,0.6032,0.6091,0,0
OKB.V,D,20190123,000000,0.6091,0.6123,0.5963,0.608,0,0
OKB.V,D,20190124,000000,0.608,0.6582,0.6064,0.6445,0,0
OKB.V,D,20190125,000000,0.6445,0.6668,0.6159,0.6306,0,0
OKB.V,D,20190126,000000,0.6306,0.6356,0.6086,0.6134,0,0
OKB.V,D,20190127,000000,0.6134,0.615,0.5919,0.615,0,0
OKB.V,D,20190128,000000,0.615,0.615,0.5752,0.5918,0,0
OKB.V,D,20190129,000000,0.5918,0.5918,0.5786,0.5837,0,0
OKB.V,D,20190130,000000,0.5837,0.6106,0.5837,0.594,0,0
OKB.V,D,20190131,000000,0.594,0.594,0.5742,0.5884,0,0
OKB.V,D,20190201,000000,0.5884,0.5989,0.5857,0.5925,0,0
OKB.V,D,20190202,000000,0.5925,0.6149,0.5925,0.6038,0,0
OKB.V,D,20190203,000000,0.6038,0.6038,0.5801,0.5982,0,0
OKB.V,D,20190204,000000,0.5982,0.6011,0.5893,0.6008,0,0
OKB.V,D,20190205,000000,0.6008,0.6022,0.5945,0.6,0,0
OKB.V,D,20190206,000000,0.6,0.6228,0.5856,0.6002,0,0
OKB.V,D,20190207,000000,0.6002,0.6083,0.5945,0.6012,0,0
OKB.V,D,20190208,000000,0.6012,0.6945,0.6012,0.6433,0,0
OKB.V,D,20190209,000000,0.6433,0.6484,0.6322,0.6379,0,0
OKB.V,D,20190210,000000,0.6379,0.6816,0.6379,0.6466,0,0
OKB.V,D,20190211,000000,0.6466,0.7295,0.6217,0.6816,0,0
OKB.V,D,20190212,000000,0.6816,0.7569,0.6816,0.6992,0,0
OKB.V,D,20190213,000000,0.6992,0.6996,0.6441,0.659,0,0
OKB.V,D,20190214,000000,0.659,0.659,0.6407,0.6573,0,0
OKB.V,D,20190215,000000,0.6573,0.6704,0.6467,0.6543,0,0
OKB.V,D,20190216,000000,0.6543,0.6631,0.6495,0.657,0,0
OKB.V,D,20190217,000000,0.657,0.7168,0.6547,0.6604,0,0
OKB.V,D,20190218,000000,0.6604,0.7313,0.6604,0.6969,0,0
OKB.V,D,20190219,000000,0.6969,0.7982,0.6793,0.772,0,0
OKB.V,D,20190220,000000,0.772,0.8685,0.772,0.8634,0,0
OKB.V,D,20190221,000000,0.8634,0.8634,0.7561,0.7655,0,0
OKB.V,D,20190222,000000,0.7655,0.7908,0.7655,0.7854,0,0
OKB.V,D,20190223,000000,0.7854,0.8436,0.7776,0.8047,0,0
OKB.V,D,20190224,000000,0.8047,0.8047,0.6371,0.6903,0,0
OKB.V,D,20190225,000000,0.6903,0.728,0.6903,0.7141,0,0
OKB.V,D,20190226,000000,0.7141,0.7197,0.7022,0.7126,0,0
OKB.V,D,20190227,000000,0.7126,0.7477,0.6945,0.7125,0,0
OKB.V,D,20190228,000000,0.7125,0.7441,0.7033,0.7274,0,0
OKB.V,D,20190301,000000,0.7274,0.9216,0.7196,0.8426,0,0
OKB.V,D,20190302,000000,0.8426,0.8426,0.7789,0.8193,0,0
OKB.V,D,20190303,000000,0.8193,0.8193,0.7764,0.7982,0,0
OKB.V,D,20190304,000000,0.7982,0.7982,0.7471,0.7593,0,0
OKB.V,D,20190305,000000,0.7593,0.8983,0.7593,0.8487,0,0
OKB.V,D,20190306,000000,0.8487,0.9457,0.8296,0.928,0,0
OKB.V,D,20190307,000000,0.928,1.137,0.9158,1.054,0,0
OKB.V,D,20190308,000000,1.054,1.072,0.9201,1.001,0,0
OKB.V,D,20190309,000000,1.001,1.067,0.9709,0.9981,0,0
OKB.V,D,20190310,000000,0.9981,1.105,0.9845,0.9983,0,0
OKB.V,D,20190311,000000,0.9983,0.9983,0.9306,0.9412,0,0
OKB.V,D,20190312,000000,0.9412,1.056,0.929,1.007,0,0
OKB.V,D,20190313,000000,1.007,1.024,0.9676,0.9866,0,0
OKB.V,D,20190314,000000,0.9866,1.01,0.9716,0.9874,0,0
OKB.V,D,20190315,000000,0.9874,1.089,0.9874,1.057,0,0
OKB.V,D,20190316,000000,1.057,1.23,1.057,1.167,0,0
OKB.V,D,20190317,000000,1.167,1.167,1.081,1.099,0,0
OKB.V,D,20190318,000000,1.099,1.099,1.061,1.084,0,0
OKB.V,D,20190319,000000,1.084,1.424,1.076,1.379,0,0
OKB.V,D,20190320,000000,1.379,1.563,1.295,1.471,0,0
OKB.V,D,20190321,000000,1.471,1.471,1.283,1.393,0,0
OKB.V,D,20190322,000000,1.393,1.504,1.376,1.426,0,0
OKB.V,D,20190323,000000,1.426,1.466,1.371,1.39,0,0
OKB.V,D,20190324,000000,1.39,1.429,1.283,1.383,0,0
OKB.V,D,20190325,000000,1.383,1.383,1.325,1.365,0,0
OKB.V,D,20190326,000000,1.365,1.403,1.313,1.401,0,0
OKB.V,D,20190327,000000,1.401,1.589,1.401,1.533,0,0
OKB.V,D,20190328,000000,1.533,1.662,1.508,1.625,0,0
OKB.V,D,20190329,000000,1.625,1.805,1.625,1.698,0,0
OKB.V,D,20190330,000000,1.698,1.698,1.576,1.649,0,0
OKB.V,D,20190331,000000,1.649,1.895,1.605,1.874,0,0
OKB.V,D,20190401,000000,1.874,2.105,1.847,2.097,0,0
OKB.V,D,20190402,000000,2.097,2.575,2.097,2.266,0,0
OKB.V,D,20190403,000000,2.266,2.266,1.983,2.169,0,0
OKB.V,D,20190404,000000,2.169,2.532,2.068,2.306,0,0
OKB.V,D,20190405,000000,2.306,2.428,2.265,2.301,0,0
OKB.V,D,20190406,000000,2.301,2.366,2.142,2.213,0,0
OKB.V,D,20190407,000000,2.213,2.414,2.079,2.11,0,0
OKB.V,D,20190408,000000,2.11,2.189,1.901,1.948,0,0
OKB.V,D,20190409,000000,1.948,2.384,1.802,1.883,0,0
OKB.V,D,20190410,000000,1.883,1.96,1.666,1.738,0,0
OKB.V,D,20190411,000000,1.738,1.738,1.481,1.545,0,0
OKB.V,D,20190412,000000,1.545,1.711,1.465,1.63,0,0
OKB.V,D,20190413,000000,1.63,1.649,1.571,1.603,0,0
OKB.V,D,20190414,000000,1.603,1.664,1.569,1.587,0,0
OKB.V,D,20190415,000000,1.587,1.587,1.385,1.396,0,0
OKB.V,D,20190416,000000,1.396,1.669,1.396,1.58,0,0
OKB.V,D,20190417,000000,1.58,1.595,1.484,1.546,0,0
OKB.V,D,20190418,000000,1.546,1.809,1.546,1.755,0,0
OKB.V,D,20190419,000000,1.755,1.846,1.706,1.816,0,0
OKB.V,D,20190420,000000,1.816,1.825,1.714,1.769,0,0
OKB.V,D,20190421,000000,1.769,1.769,1.603,1.652,0,0
OKB.V,D,20190422,000000,1.652,1.764,1.652,1.698,0,0
OKB.V,D,20190423,000000,1.698,1.746,1.655,1.713,0,0
OKB.V,D,20190424,000000,1.713,1.713,1.555,1.626,0,0
OKB.V,D,20190425,000000,1.626,1.626,1.484,1.516,0,0
OKB.V,D,20190426,000000,1.516,1.597,1.516,1.575,0,0
OKB.V,D,20190427,000000,1.575,1.603,1.557,1.569,0,0
OKB.V,D,20190428,000000,1.573,1.739,1.561,1.641,0,0
OKB.V,D,20190429,000000,1.641,1.652,1.554,1.581,0,0
OKB.V,D,20190430,000000,1.581,1.669,1.581,1.616,0,0
OKB.V,D,20190501,000000,1.616,1.624,1.576,1.612,0,0
OKB.V,D,20190502,000000,1.612,1.705,1.565,1.606,0,0
OKB.V,D,20190503,000000,1.606,1.694,1.606,1.642,0,0
OKB.V,D,20190504,000000,1.642,1.642,1.562,1.591,0,0
OKB.V,D,20190505,000000,1.591,1.63,1.584,1.595,0,0
OKB.V,D,20190506,000000,1.595,1.737,1.581,1.63,0,0
OKB.V,D,20190507,000000,1.63,1.63,1.5,1.582,0,0
OKB.V,D,20190508,000000,1.582,1.658,1.569,1.613,0,0
OKB.V,D,20190509,000000,1.613,1.699,1.596,1.628,0,0
OKB.V,D,20190510,000000,1.628,1.651,1.466,1.481,0,0
OKB.V,D,20190511,000000,1.481,1.652,1.331,1.403,0,0
OKB.V,D,20190512,000000,1.403,1.435,1.245,1.425,0,0
OKB.V,D,20190513,000000,1.425,1.55,1.371,1.426,0,0
OKB.V,D,20190514,000000,1.426,1.588,1.396,1.428,0,0
OKB.V,D,20190515,000000,1.428,1.716,1.428,1.611,0,0
OKB.V,D,20190516,000000,1.611,1.724,1.357,1.414,0,0
OKB.V,D,20190517,000000,1.414,1.421,1.291,1.353,0,0
OKB.V,D,20190518,000000,1.353,1.353,1.272,1.343,0,0
OKB.V,D,20190519,000000,1.343,1.576,1.343,1.412,0,0
OKB.V,D,20190520,000000,1.412,1.412,1.35,1.365,0,0
OKB.V,D,20190521,000000,1.365,1.486,1.365,1.438,0,0
OKB.V,D,20190522,000000,1.438,1.499,1.348,1.459,0,0
OKB.V,D,20190523,000000,1.459,1.592,1.459,1.546,0,0
OKB.V,D,20190524,000000,1.546,1.688,1.531,1.647,0,0
OKB.V,D,20190525,000000,1.647,1.768,1.639,1.648,0,0
OKB.V,D,20190526,000000,1.648,1.781,1.639,1.683,0,0
OKB.V,D,20190527,000000,1.683,1.745,1.593,1.644,0,0
OKB.V,D,20190528,000000,1.644,1.706,1.59,1.656,0,0
OKB.V,D,20190529,000000,1.656,1.656,1.539,1.58,0,0
OKB.V,D,20190530,000000,1.58,1.58,1.4,1.501,0,0
OKB.V,D,20190531,000000,1.501,1.605,1.492,1.502,0,0
OKB.V,D,20190601,000000,1.502,1.535,1.452,1.484,0,0
OKB.V,D,20190602,000000,1.484,1.536,1.484,1.521,0,0
OKB.V,D,20190603,000000,1.521,1.521,1.395,1.451,0,0
OKB.V,D,20190604,000000,1.451,1.451,1.35,1.391,0,0
OKB.V,D,20190605,000000,1.391,1.443,1.391,1.412,0,0
OKB.V,D,20190606,000000,1.412,1.44,1.406,1.428,0,0
OKB.V,D,20190607,000000,1.428,1.483,1.416,1.472,0,0
OKB.V,D,20190608,000000,1.472,1.48,1.433,1.468,0,0
OKB.V,D,20190609,000000,1.468,1.468,1.376,1.445,0,0
OKB.V,D,20190610,000000,1.445,1.642,1.445,1.633,0,0
OKB.V,D,20190611,000000,1.633,1.633,1.557,1.585,0,0
OKB.V,D,20190612,000000,1.585,1.851,1.585,1.714,0,0
OKB.V,D,20190613,000000,1.714,1.714,1.578,1.608,0,0
OKB.V,D,20190614,000000,1.608,1.724,1.608,1.634,0,0
OKB.V,D,20190615,000000,1.634,1.701,1.631,1.644,0,0
OKB.V,D,20190616,000000,1.644,1.658,1.61,1.638,0,0
OKB.V,D,20190617,000000,1.638,1.717,1.638,1.696,0,0
OKB.V,D,20190618,000000,1.696,1.696,1.607,1.635,0,0
OKB.V,D,20190619,000000,1.635,1.714,1.635,1.689,0,0
OKB.V,D,20190620,000000,1.689,1.737,1.679,1.69,0,0
OKB.V,D,20190621,000000,1.69,1.841,1.608,1.612,0,0
OKB.V,D,20190622,000000,1.612,1.717,1.547,1.648,0,0
OKB.V,D,20190623,000000,1.648,1.648,1.571,1.615,0,0
OKB.V,D,20190624,000000,1.615,1.698,1.615,1.668,0,0
OKB.V,D,20190625,000000,1.668,1.711,1.647,1.648,0,0
OKB.V,D,20190626,000000,1.648,1.912,1.648,1.816,0,0
OKB.V,D,20190627,000000,1.816,1.816,1.554,1.749,0,0
OKB.V,D,20190628,000000,1.749,1.85,1.749,1.805,0,0
OKB.V,D,20190629,000000,1.805,1.979,1.8,1.902,0,0
OKB.V,D,20190630,000000,1.902,1.902,1.701,1.789,0,0
OKB.V,D,20190701,000000,1.789,1.843,1.734,1.761,0,0
OKB.V,D,20190702,000000,1.761,1.807,1.675,1.731,0,0
OKB.V,D,20190703,000000,1.731,1.838,1.731,1.785,0,0
OKB.V,D,20190704,000000,1.785,2.01,1.628,1.866,0,0
OKB.V,D,20190705,000000,1.866,1.929,1.838,1.865,0,0
OKB.V,D,20190706,000000,1.865,1.882,1.82,1.857,0,0
OKB.V,D,20190707,000000,1.857,1.976,1.857,1.901,0,0
OKB.V,D,20190708,000000,1.901,1.984,1.894,1.897,0,0
OKB.V,D,20190709,000000,1.897,1.939,1.817,1.841,0,0
OKB.V,D,20190710,000000,1.841,1.841,1.641,1.702,0,0
OKB.V,D,20190711,000000,1.702,1.772,1.545,1.726,0,0
OKB.V,D,20190712,000000,1.726,2.013,1.726,1.977,0,0
OKB.V,D,20190713,000000,1.977,2.046,1.866,1.983,0,0
OKB.V,D,20190714,000000,1.983,1.983,1.646,1.87,0,0
OKB.V,D,20190715,000000,1.87,2.082,1.87,1.967,0,0
OKB.V,D,20190716,000000,1.967,1.967,1.679,1.786,0,0
OKB.V,D,20190717,000000,1.786,1.985,1.786,1.843,0,0
OKB.V,D,20190718,000000,1.843,2.01,1.843,1.945,0,0
OKB.V,D,20190719,000000,1.945,2.035,1.809,2,0,0
OKB.V,D,20190720,000000,2,2.124,1.956,2.002,0,0
OKB.V,D,20190721,000000,2.002,2.286,1.972,2.201,0,0
OKB.V,D,20190722,000000,2.201,2.648,2.121,2.6,0,0
OKB.V,D,20190723,000000,2.6,2.695,2.347,2.432,0,0
OKB.V,D,20190724,000000,2.432,2.656,2.432,2.606,0,0
OKB.V,D,20190725,000000,2.606,2.672,2.506,2.587,0,0
OKB.V,D,20190726,000000,2.587,2.811,2.563,2.786,0,0
OKB.V,D,20190727,000000,2.786,2.786,2.445,2.532,0,0
OKB.V,D,20190728,000000,2.532,2.698,2.532,2.597,0,0
OKB.V,D,20190729,000000,2.597,2.718,2.572,2.684,0,0
OKB.V,D,20190730,000000,2.684,2.786,2.663,2.719,0,0
OKB.V,D,20190731,000000,2.719,2.847,2.574,2.67,0,0
OKB.V,D,20190801,000000,2.67,2.882,2.654,2.804,0,0
OKB.V,D,20190802,000000,2.804,3.165,2.773,2.987,0,0
OKB.V,D,20190803,000000,2.987,3.082,2.951,3.013,0,0
OKB.V,D,20190804,000000,3.013,3.227,3.006,3.158,0,0
OKB.V,D,20190805,000000,3.158,3.321,3.064,3.185,0,0
OKB.V,D,20190806,000000,3.185,3.457,3.068,3.418,0,0
OKB.V,D,20190807,000000,3.418,3.749,3.399,3.641,0,0
OKB.V,D,20190808,000000,3.641,4.101,3.397,3.908,0,0
OKB.V,D,20190809,000000,3.908,3.913,3.662,3.868,0,0
OKB.V,D,20190810,000000,3.868,4.034,3.265,3.465,0,0
OKB.V,D,20190811,000000,3.465,3.657,3.032,3.174,0,0
OKB.V,D,20190812,000000,3.174,3.209,2.954,3.059,0,0
OKB.V,D,20190813,000000,3.059,3.219,2.994,3.127,0,0
OKB.V,D,20190814,000000,3.127,3.127,2.736,2.868,0,0
OKB.V,D,20190815,000000,2.868,3.134,2.701,3.11,0,0
OKB.V,D,20190816,000000,3.11,3.11,2.976,3.005,0,0
OKB.V,D,20190817,000000,3.005,3.209,2.98,3.101,0,0
OKB.V,D,20190818,000000,3.101,3.356,3.056,3.097,0,0
OKB.V,D,20190819,000000,3.097,3.241,3.014,3.026,0,0
OKB.V,D,20190820,000000,3.026,3.145,2.931,3.037,0,0
OKB.V,D,20190821,000000,3.037,3.037,2.845,2.855,0,0
OKB.V,D,20190822,000000,2.855,3.012,2.796,2.928,0,0
OKB.V,D,20190823,000000,2.928,3.062,2.928,2.982,0,0
OKB.V,D,20190824,000000,2.982,3.061,2.908,2.977,0,0
OKB.V,D,20190825,000000,2.977,2.977,2.892,2.941,0,0
OKB.V,D,20190826,000000,2.941,3.015,2.844,2.968,0,0
OKB.V,D,20190827,000000,2.968,2.968,2.826,2.852,0,0
OKB.V,D,20190828,000000,2.852,2.852,2.497,2.597,0,0
OKB.V,D,20190829,000000,2.597,2.597,2.369,2.462,0,0
OKB.V,D,20190830,000000,2.462,2.516,2.423,2.444,0,0
OKB.V,D,20190831,000000,2.444,2.612,2.383,2.46,0,0
OKB.V,D,20190901,000000,2.46,2.542,2.438,2.523,0,0
OKB.V,D,20190902,000000,2.523,2.755,2.523,2.697,0,0
OKB.V,D,20190903,000000,2.697,2.843,2.667,2.828,0,0
OKB.V,D,20190904,000000,2.828,2.842,2.704,2.816,0,0
OKB.V,D,20190905,000000,2.816,2.823,2.706,2.785,0,0
OKB.V,D,20190906,000000,2.785,2.785,2.569,2.679,0,0
OKB.V,D,20190907,000000,2.679,2.832,2.644,2.696,0,0
OKB.V,D,20190908,000000,2.696,2.749,2.656,2.672,0,0
OKB.V,D,20190909,000000,2.672,2.729,2.588,2.693,0,0
OKB.V,D,20190910,000000,2.693,2.875,2.601,2.751,0,0
OKB.V,D,20190911,000000,2.751,2.881,2.679,2.832,0,0
OKB.V,D,20190912,000000,2.832,2.888,2.758,2.776,0,0
OKB.V,D,20190913,000000,2.776,2.836,2.767,2.792,0,0
OKB.V,D,20190914,000000,2.792,2.905,2.792,2.798,0,0
OKB.V,D,20190915,000000,2.798,2.829,2.755,2.774,0,0
OKB.V,D,20190916,000000,2.774,2.897,2.691,2.711,0,0
OKB.V,D,20190917,000000,2.711,2.865,2.588,2.674,0,0
OKB.V,D,20190918,000000,2.674,2.848,2.669,2.848,0,0
OKB.V,D,20190919,000000,2.848,3.028,2.716,2.787,0,0
OKB.V,D,20190920,000000,2.787,2.807,2.713,2.768,0,0
OKB.V,D,20190921,000000,2.768,2.826,2.689,2.792,0,0
OKB.V,D,20190922,000000,2.792,2.792,2.719,2.735,0,0
OKB.V,D,20190923,000000,2.735,2.735,2.538,2.576,0,0
OKB.V,D,20190924,000000,2.576,2.576,2.106,2.171,0,0
OKB.V,D,20190925,000000,2.171,2.266,2.09,2.15,0,0
OKB.V,D,20190926,000000,2.15,2.192,2.076,2.111,0,0
OKB.V,D,20190927,000000,2.111,2.265,2.111,2.168,0,0
OKB.V,D,20190928,000000,2.168,2.219,2.135,2.158,0,0
OKB.V,D,20190929,000000,2.158,2.163,2.075,2.099,0,0
OKB.V,D,20190930,000000,2.099,2.263,2.099,2.11,0,0
OKB.V,D,20191001,000000,2.11,2.163,2.032,2.148,0,0
OKB.V,D,20191002,000000,2.148,2.213,2.115,2.12,0,0
OKB.V,D,20191003,000000,2.12,2.186,2.051,2.146,0,0
OKB.V,D,20191004,000000,2.146,2.164,2.109,2.127,0,0
OKB.V,D,20191005,000000,2.127,2.146,2.105,2.119,0,0
OKB.V,D,20191006,000000,2.119,2.119,1.97,1.997,0,0
OKB.V,D,20191007,000000,1.997,2.141,1.997,2.097,0,0
OKB.V,D,20191008,000000,2.097,2.113,2.068,2.088,0,0
OKB.V,D,20191009,000000,2.088,2.335,2.088,2.29,0,0
OKB.V,D,20191010,000000,2.29,2.366,2.255,2.299,0,0
OKB.V,D,20191011,000000,2.299,2.299,2.119,2.226,0,0
OKB.V,D,20191012,000000,2.226,2.293,2.143,2.273,0,0
OKB.V,D,20191013,000000,2.273,2.316,2.24,2.282,0,0
OKB.V,D,20191014,000000,2.282,2.468,2.282,2.41,0,0
OKB.V,D,20191015,000000,2.41,2.438,2.304,2.393,0,0
OKB.V,D,20191016,000000,2.393,2.426,2.296,2.387,0,0
OKB.V,D,20191017,000000,2.387,2.435,2.357,2.359,0,0
OKB.V,D,20191018,000000,2.359,2.367,2.293,2.308,0,0
OKB.V,D,20191019,000000,2.308,2.355,2.287,2.336,0,0
OKB.V,D,20191020,000000,2.336,2.418,2.336,2.404,0,0
OKB.V,D,20191021,000000,2.404,2.567,2.387,2.538,0,0
OKB.V,D,20191022,000000,2.538,2.538,2.403,2.441,0,0
OKB.V,D,20191023,000000,2.441,2.577,2.296,2.4,0,0
OKB.V,D,20191024,000000,2.4,2.432,2.334,2.337,0,0
OKB.V,D,20191025,000000,2.337,2.707,2.337,2.66,0,0
OKB.V,D,20191026,000000,2.66,2.756,2.529,2.731,0,0
OKB.V,D,20191027,000000,2.731,3.093,2.721,2.984,0,0
OKB.V,D,20191028,000000,2.984,3.101,2.877,2.959,0,0
OKB.V,D,20191029,000000,2.959,3.19,2.958,2.997,0,0
OKB.V,D,20191030,000000,2.997,2.997,2.806,2.903,0,0
OKB.V,D,20191031,000000,2.903,3,2.83,2.974,0,0
OKB.V,D,20191101,000000,2.974,3.224,2.931,3.129,0,0
OKB.V,D,20191102,000000,3.129,3.309,3.082,3.269,0,0
OKB.V,D,20191103,000000,3.269,3.269,3.073,3.124,0,0
OKB.V,D,20191104,000000,3.124,3.34,3.124,3.251,0,0
OKB.V,D,20191105,000000,3.251,3.316,3.222,3.258,0,0
OKB.V,D,20191106,000000,3.258,3.481,3.18,3.375,0,0
OKB.V,D,20191107,000000,3.375,3.397,3.231,3.324,0,0
OKB.V,D,20191108,000000,3.324,3.324,2.877,2.964,0,0
OKB.V,D,20191109,000000,2.964,3.178,2.964,3.101,0,0
OKB.V,D,20191110,000000,3.101,3.256,3.101,3.235,0,0
OKB.V,D,20191111,000000,3.235,3.235,2.994,3.169,0,0
OKB.V,D,20191112,000000,3.169,3.242,3.119,3.181,0,0
OKB.V,D,20191113,000000,3.181,3.35,3.181,3.297,0,0
OKB.V,D,20191114,000000,3.297,3.297,3.199,3.293,0,0
OKB.V,D,20191115,000000,3.293,3.293,2.954,3.001,0,0
OKB.V,D,20191116,000000,3.001,3.086,2.83,2.913,0,0
OKB.V,D,20191117,000000,2.913,2.973,2.853,2.888,0,0
OKB.V,D,20191118,000000,2.888,2.888,2.707,2.714,0,0
OKB.V,D,20191119,000000,2.714,2.74,2.506,2.599,0,0
OKB.V,D,20191120,000000,2.599,2.648,2.503,2.54,0,0
OKB.V,D,20191121,000000,2.54,2.54,2.303,2.466,0,0
OKB.V,D,20191122,000000,2.466,2.466,2.058,2.118,0,0
OKB.V,D,20191123,000000,2.118,2.233,2.062,2.215,0,0
OKB.V,D,20191124,000000,2.215,2.215,1.896,1.943,0,0
OKB.V,D,20191125,000000,1.943,2.113,1.888,2.087,0,0
OKB.V,D,20191126,000000,2.087,2.216,2.082,2.159,0,0
OKB.V,D,20191127,000000,2.159,2.279,2.159,2.248,0,0
OKB.V,D,20191128,000000,2.248,2.403,2.208,2.309,0,0
OKB.V,D,20191129,000000,2.309,2.423,2.309,2.347,0,0
OKB.V,D,20191130,000000,2.347,2.458,2.3,2.453,0,0
OKB.V,D,20191201,000000,2.453,2.602,2.399,2.496,0,0
OKB.V,D,20191202,000000,2.496,2.687,2.43,2.666,0,0
OKB.V,D,20191203,000000,2.666,2.684,2.59,2.646,0,0
OKB.V,D,20191204,000000,2.646,2.646,2.474,2.577,0,0
OKB.V,D,20191205,000000,2.577,2.631,2.532,2.553,0,0
OKB.V,D,20191206,000000,2.553,2.628,2.549,2.601,0,0
OKB.V,D,20191207,000000,2.601,2.705,2.563,2.666,0,0
OKB.V,D,20191208,000000,2.666,2.787,2.63,2.715,0,0
OKB.V,D,20191209,000000,2.715,2.717,2.623,2.674,0,0
OKB.V,D,20191210,000000,2.674,2.685,2.571,2.625,0,0
OKB.V,D,20191211,000000,2.625,2.625,2.52,2.563,0,0
OKB.V,D,20191212,000000,2.563,2.663,2.554,2.649,0,0
OKB.V,D,20191213,000000,2.649,2.682,2.602,2.623,0,0
OKB.V,D,20191214,000000,2.623,2.623,2.518,2.529,0,0
OKB.V,D,20191215,000000,2.529,2.631,2.529,2.584,0,0
OKB.V,D,20191216,000000,2.584,2.587,2.37,2.528,0,0
OKB.V,D,20191217,000000,2.528,2.528,2.238,2.313,0,0
OKB.V,D,20191218,000000,2.313,2.62,2.313,2.542,0,0
OKB.V,D,20191219,000000,2.542,2.542,2.43,2.466,0,0
OKB.V,D,20191220,000000,2.466,2.578,2.461,2.527,0,0
OKB.V,D,20191221,000000,2.527,2.55,2.483,2.535,0,0
OKB.V,D,20191222,000000,2.535,2.646,2.535,2.564,0,0
OKB.V,D,20191223,000000,2.564,2.59,2.42,2.568,0,0
OKB.V,D,20191224,000000,2.568,2.614,2.519,2.604,0,0
OKB.V,D,20191225,000000,2.604,2.627,2.491,2.591,0,0
OKB.V,D,20191226,000000,2.591,2.64,2.525,2.591,0,0
OKB.V,D,20191227,000000,2.591,2.672,2.578,2.616,0,0
OKB.V,D,20191228,000000,2.616,2.673,2.599,2.619,0,0
OKB.V,D,20191229,000000,2.619,2.762,2.602,2.64,0,0
OKB.V,D,20191230,000000,2.64,2.706,2.528,2.672,0,0
OKB.V,D,20191231,000000,2.672,2.672,2.543,2.621,0,0
OKB.V,D,20200101,000000,2.621,2.656,2.577,2.619,0,0
OKB.V,D,20200102,000000,2.619,2.619,2.525,2.556,0,0
OKB.V,D,20200103,000000,2.556,2.743,2.556,2.647,0,0
OKB.V,D,20200104,000000,2.647,2.67,2.585,2.649,0,0
OKB.V,D,20200105,000000,2.649,2.705,2.622,2.667,0,0
OKB.V,D,20200106,000000,2.667,2.854,2.667,2.803,0,0
OKB.V,D,20200107,000000,2.803,2.931,2.772,2.892,0,0
OKB.V,D,20200108,000000,2.892,2.919,2.779,2.802,0,0
OKB.V,D,20200109,000000,2.802,2.885,2.722,2.843,0,0
OKB.V,D,20200110,000000,2.843,3.006,2.843,2.905,0,0
OKB.V,D,20200111,000000,2.905,2.934,2.812,2.895,0,0
OKB.V,D,20200112,000000,2.895,2.99,2.895,2.905,0,0
OKB.V,D,20200113,000000,2.905,2.927,2.828,2.887,0,0
OKB.V,D,20200114,000000,2.887,3.334,2.887,3.06,0,0
OKB.V,D,20200115,000000,3.06,3.399,2.975,3.158,0,0
OKB.V,D,20200116,000000,3.158,3.201,2.991,3.078,0,0
OKB.V,D,20200117,000000,3.078,3.232,3.03,3.069,0,0
OKB.V,D,20200118,000000,3.069,3.247,2.885,2.92,0,0
OKB.V,D,20200119,000000,2.92,3.035,2.676,2.958,0,0
OKB.V,D,20200120,000000,2.958,3.022,2.918,2.935,0,0
OKB.V,D,20200121,000000,2.935,3.03,2.935,2.954,0,0
OKB.V,D,20200122,000000,2.954,2.955,2.903,2.925,0,0
OKB.V,D,20200123,000000,2.925,2.925,2.711,2.774,0,0
OKB.V,D,20200124,000000,2.774,2.95,2.762,2.869,0,0
OKB.V,D,20200125,000000,2.869,2.882,2.782,2.806,0,0
OKB.V,D,20200126,000000,2.806,2.942,2.806,2.855,0,0
OKB.V,D,20200127,000000,2.855,2.978,2.855,2.935,0,0
OKB.V,D,20200128,000000,2.935,3.145,2.935,3.05,0,0
OKB.V,D,20200129,000000,3.05,3.122,2.975,3.105,0,0
OKB.V,D,20200130,000000,3.105,3.392,3.105,3.21,0,0
OKB.V,D,20200131,000000,3.21,3.236,3.11,3.175,0,0
OKB.V,D,20200201,000000,3.175,3.344,3.175,3.251,0,0
OKB.V,D,20200202,000000,3.251,3.391,3.199,3.252,0,0
OKB.V,D,20200203,000000,3.252,3.34,3.226,3.289,0,0
OKB.V,D,20200204,000000,3.289,3.328,3.245,3.273,0,0
OKB.V,D,20200205,000000,3.273,3.759,3.273,3.498,0,0
OKB.V,D,20200206,000000,3.498,3.849,3.498,3.745,0,0
OKB.V,D,20200207,000000,3.745,3.972,3.745,3.84,0,0
OKB.V,D,20200208,000000,3.84,3.895,3.763,3.839,0,0
OKB.V,D,20200209,000000,3.839,4.078,3.839,3.966,0,0
OKB.V,D,20200210,000000,3.966,5.761,3.86,5.513,0,0
OKB.V,D,20200211,000000,5.513,6.421,5.343,5.607,0,0
OKB.V,D,20200212,000000,5.607,6.275,5.442,5.94,0,0
OKB.V,D,20200213,000000,5.94,6.185,5.664,5.895,0,0
OKB.V,D,20200214,000000,5.895,6.839,5.895,6.462,0,0
OKB.V,D,20200215,000000,6.462,6.754,5.869,6.717,0,0
OKB.V,D,20200216,000000,6.717,7.142,6.232,6.719,0,0
OKB.V,D,20200217,000000,6.719,7.45,6.466,6.629,0,0
OKB.V,D,20200218,000000,6.629,7.226,6.629,6.762,0,0
OKB.V,D,20200219,000000,6.762,6.934,6.126,6.737,0,0
OKB.V,D,20200220,000000,6.737,7.012,6.442,6.561,0,0
OKB.V,D,20200221,000000,6.561,7.07,6.561,6.68,0,0
OKB.V,D,20200222,000000,6.68,6.77,5.595,5.797,0,0
OKB.V,D,20200223,000000,5.797,6.775,5.797,6.582,0,0
OKB.V,D,20200224,000000,6.582,6.582,6,6.133,0,0
OKB.V,D,20200225,000000,6.133,6.133,5.43,5.653,0,0
OKB.V,D,20200226,000000,5.653,5.687,4.958,5.64,0,0
OKB.V,D,20200227,000000,5.64,5.805,5.357,5.566,0,0
OKB.V,D,20200228,000000,5.566,5.844,5.368,5.643,0,0
OKB.V,D,20200229,000000,5.643,6.239,5.361,5.821,0,0
OKB.V,D,20200301,000000,5.821,5.856,5.372,5.461,0,0
OKB.V,D,20200302,000000,5.461,6.102,5.461,5.756,0,0
OKB.V,D,20200303,000000,5.756,5.756,5.348,5.46,0,0
OKB.V,D,20200304,000000,5.46,5.525,5.327,5.395,0,0
OKB.V,D,20200305,000000,5.395,5.665,5.361,5.448,0,0
OKB.V,D,20200306,000000,5.448,5.906,5.448,5.53,0,0
OKB.V,D,20200307,000000,5.53,5.53,5.169,5.345,0,0
OKB.V,D,20200308,000000,5.345,5.345,4.339,4.706,0,0
OKB.V,D,20200309,000000,4.706,4.789,4.405,4.592,0,0
OKB.V,D,20200310,000000,4.592,4.592,4.414,4.556,0,0
OKB.V,D,20200311,000000,4.556,4.628,4.379,4.505,0,0
OKB.V,D,20200312,000000,4.505,4.505,2.373,2.66,0,0
OKB.V,D,20200313,000000,2.66,3.44,2.66,3.27,0,0
OKB.V,D,20200314,000000,3.27,3.27,2.857,3.125,0,0
OKB.V,D,20200315,000000,3.125,3.745,3.125,3.702,0,0
OKB.V,D,20200316,000000,3.702,3.702,3.1,3.43,0,0
OKB.V,D,20200317,000000,3.43,3.676,3.43,3.542,0,0
OKB.V,D,20200318,000000,3.542,3.748,3.542,3.627,0,0
OKB.V,D,20200319,000000,3.627,4.425,3.627,4.16,0,0
OKB.V,D,20200320,000000,4.16,4.652,3.934,4.38,0,0
OKB.V,D,20200321,000000,4.38,4.41,4.182,4.373,0,0
OKB.V,D,20200322,000000,4.373,4.373,3.826,4.009,0,0
OKB.V,D,20200323,000000,4.009,4.545,4.009,4.31,0,0
OKB.V,D,20200324,000000,4.31,4.527,4.31,4.392,0,0
OKB.V,D,20200325,000000,4.392,4.392,4.227,4.291,0,0
OKB.V,D,20200326,000000,4.291,4.394,4.269,4.321,0,0
OKB.V,D,20200327,000000,4.321,4.321,4.011,4.153,0,0
OKB.V,D,20200328,000000,4.153,4.257,4.104,4.158,0,0
OKB.V,D,20200329,000000,4.158,4.158,3.861,3.901,0,0
OKB.V,D,20200330,000000,3.901,4.241,3.901,4.152,0,0
OKB.V,D,20200331,000000,4.152,4.383,4.152,4.309,0,0
OKB.V,D,20200401,000000,4.309,4.427,4.309,4.378,0,0
OKB.V,D,20200402,000000,4.378,4.685,4.378,4.493,0,0
OKB.V,D,20200403,000000,4.493,4.536,4.427,4.519,0,0
OKB.V,D,20200404,000000,4.519,4.762,4.519,4.718,0,0
OKB.V,D,20200405,000000,4.718,4.731,4.544,4.675,0,0
OKB.V,D,20200406,000000,4.675,5.629,4.675,4.831,0,0
OKB.V,D,20200407,000000,4.831,4.94,4.573,4.887,0,0
OKB.V,D,20200408,000000,4.887,5.234,4.887,4.956,0,0
OKB.V,D,20200409,000000,4.956,4.975,4.851,4.908,0,0
OKB.V,D,20200410,000000,4.914,4.916,4.412,4.584,0,0
OKB.V,D,20200411,000000,4.589,4.692,4.451,4.547,0,0
OKB.V,D,20200412,000000,4.546,4.761,4.455,4.699,0,0
OKB.V,D,20200413,000000,4.697,4.721,4.42,4.618,0,0
OKB.V,D,20200414,000000,4.619,4.72,4.575,4.66,0,0
OKB.V,D,20200415,000000,4.653,4.713,4.53,4.537,0,0
OKB.V,D,20200416,000000,4.534,4.733,4.352,4.728,0,0
OKB.V,D,20200417,000000,4.727,4.836,4.629,4.654,0,0
OKB.V,D,20200418,000000,4.655,4.869,4.638,4.798,0,0
OKB.V,D,20200419,000000,4.802,4.869,4.682,4.769,0,0
OKB.V,D,20200420,000000,4.768,4.785,4.454,4.523,0,0
OKB.V,D,20200421,000000,4.522,4.563,4.322,4.475,0,0
OKB.V,D,20200422,000000,4.475,4.834,4.404,4.718,0,0
OKB.V,D,20200423,000000,4.717,5.042,4.681,4.978,0,0
OKB.V,D,20200424,000000,4.977,4.982,4.829,4.885,0,0
OKB.V,D,20200425,000000,4.882,4.962,4.844,4.888,0,0
OKB.V,D,20200426,000000,4.886,4.96,4.826,4.875,0,0
OKB.V,D,20200427,000000,4.876,4.957,4.81,4.87,0,0
OKB.V,D,20200428,000000,4.867,4.92,4.818,4.873,0,0
OKB.V,D,20200429,000000,4.869,5.201,4.863,5.15,0,0
OKB.V,D,20200430,000000,5.151,5.834,5.088,5.382,0,0
OKB.V,D,20200501,000000,5.384,5.533,5.301,5.434,0,0
OKB.V,D,20200502,000000,5.434,5.561,5.367,5.546,0,0
OKB.V,D,20200503,000000,5.552,5.678,5.275,5.321,0,0
OKB.V,D,20200504,000000,5.323,5.391,5.102,5.301,0,0
OKB.V,D,20200505,000000,5.301,5.397,5.12,5.199,0,0
OKB.V,D,20200506,000000,5.198,5.338,5.157,5.237,0,0
OKB.V,D,20200507,000000,5.231,5.475,5.079,5.316,0,0
OKB.V,D,20200508,000000,5.303,5.636,5.225,5.424,0,0
OKB.V,D,20200509,000000,5.415,5.449,5.267,5.314,0,0
OKB.V,D,20200510,000000,5.314,5.344,4.621,4.845,0,0
OKB.V,D,20200511,000000,4.845,4.954,4.656,4.821,0,0
OKB.V,D,20200512,000000,4.818,5.015,4.805,4.901,0,0
OKB.V,D,20200513,000000,4.904,5.18,4.898,5.165,0,0
OKB.V,D,20200514,000000,5.164,5.39,5.084,5.302,0,0
OKB.V,D,20200515,000000,5.301,5.38,5.129,5.227,0,0
OKB.V,D,20200516,000000,5.227,5.268,5.113,5.208,0,0
OKB.V,D,20200517,000000,5.209,5.307,5.173,5.256,0,0
OKB.V,D,20200518,000000,5.252,5.38,5.139,5.199,0,0
OKB.V,D,20200519,000000,5.199,5.265,5.13,5.166,0,0
OKB.V,D,20200520,000000,5.175,5.306,5.135,5.237,0,0
OKB.V,D,20200521,000000,5.236,5.284,4.826,4.966,0,0
OKB.V,D,20200522,000000,4.96,5.136,4.892,5.099,0,0
OKB.V,D,20200523,000000,5.099,5.193,5.01,5.054,0,0
OKB.V,D,20200524,000000,5.054,5.136,4.879,5.056,0,0
OKB.V,D,20200525,000000,5.054,5.061,4.841,5,0,0
OKB.V,D,20200526,000000,5,5.038,4.877,4.96,0,0
OKB.V,D,20200527,000000,4.958,5.038,4.909,4.936,0,0
OKB.V,D,20200528,000000,4.936,5.258,4.923,5.19,0,0
OKB.V,D,20200529,000000,5.191,5.317,5.144,5.15,0,0
OKB.V,D,20200530,000000,5.151,5.336,5.147,5.291,0,0
OKB.V,D,20200531,000000,5.292,5.399,5.179,5.207,0,0
OKB.V,D,20200601,000000,5.202,5.328,5.147,5.299,0,0
OKB.V,D,20200602,000000,5.297,5.518,5.009,5.203,0,0
OKB.V,D,20200603,000000,5.21,5.286,5.117,5.194,0,0
OKB.V,D,20200604,000000,5.194,5.287,5.139,5.257,0,0
OKB.V,D,20200605,000000,5.257,5.484,5.228,5.36,0,0
OKB.V,D,20200606,000000,5.36,5.414,5.3,5.4,0,0
OKB.V,D,20200607,000000,5.4,5.585,5.291,5.417,0,0
OKB.V,D,20200608,000000,5.418,5.492,5.365,5.401,0,0
OKB.V,D,20200609,000000,5.401,5.47,5.319,5.425,0,0
OKB.V,D,20200610,000000,5.425,5.45,5.269,5.387,0,0
OKB.V,D,20200611,000000,5.387,5.416,5.009,5.137,0,0
OKB.V,D,20200612,000000,5.138,5.225,5.065,5.2,0,0
OKB.V,D,20200613,000000,5.201,5.219,5.119,5.169,0,0
OKB.V,D,20200614,000000,5.169,5.215,5.078,5.091,0,0
OKB.V,D,20200615,000000,5.092,5.137,4.868,5.038,0,0
OKB.V,D,20200616,000000,5.044,5.149,5.003,5.088,0,0
OKB.V,D,20200617,000000,5.09,5.136,4.997,5.076,0,0
OKB.V,D,20200618,000000,5.076,5.102,4.95,5,0,0
OKB.V,D,20200619,000000,5,5.053,4.905,4.94,0,0
OKB.V,D,20200620,000000,4.943,4.96,4.815,4.857,0,0
OKB.V,D,20200621,000000,4.855,4.884,4.726,4.749,0,0
OKB.V,D,20200622,000000,4.749,5.299,4.664,5.205,0,0
OKB.V,D,20200623,000000,5.205,5.221,5.043,5.118,0,0
OKB.V,D,20200624,000000,5.115,5.401,4.994,5.053,0,0
OKB.V,D,20200625,000000,5.056,5.212,4.978,5.173,0,0
OKB.V,D,20200626,000000,5.173,5.196,5.016,5.113,0,0
OKB.V,D,20200627,000000,5.113,5.168,4.95,5.024,0,0
OKB.V,D,20200628,000000,5.015,5.091,4.904,5.009,0,0
OKB.V,D,20200629,000000,5.005,5.087,4.934,5.038,0,0
OKB.V,D,20200630,000000,5.036,5.083,5.03,5.063,0,0
OKB.V,D,20200701,000000,5.061,5.109,4.989,5.078,0,0
OKB.V,D,20200702,000000,5.076,5.099,4.871,4.98,0,0
OKB.V,D,20200703,000000,4.966,5.006,4.916,4.962,0,0
OKB.V,D,20200704,000000,4.963,4.963,4.877,4.894,0,0
OKB.V,D,20200705,000000,4.895,4.92,4.783,4.822,0,0
OKB.V,D,20200706,000000,4.82,5.131,4.811,5.094,0,0
OKB.V,D,20200707,000000,5.092,5.152,4.929,5.002,0,0
OKB.V,D,20200708,000000,5.003,5.147,4.973,5.086,0,0
OKB.V,D,20200709,000000,5.085,5.133,4.943,4.984,0,0
OKB.V,D,20200710,000000,4.985,4.985,4.862,4.942,0,0
OKB.V,D,20200711,000000,4.943,5.038,4.92,4.966,0,0
OKB.V,D,20200712,000000,4.973,5.068,4.954,4.977,0,0
OKB.V,D,20200713,000000,4.973,5.079,4.937,4.977,0,0
OKB.V,D,20200714,000000,4.977,5.178,4.939,5.031,0,0
OKB.V,D,20200715,000000,5.031,5.138,5.031,5.065,0,0
OKB.V,D,20200716,000000,5.063,5.273,5.012,5.138,0,0
OKB.V,D,20200717,000000,5.138,5.164,5.068,5.083,0,0
OKB.V,D,20200718,000000,5.097,5.176,5.077,5.159,0,0
OKB.V,D,20200719,000000,5.158,5.169,5.102,5.141,0,0
OKB.V,D,20200720,000000,5.141,5.191,5.113,5.164,0,0
OKB.V,D,20200721,000000,5.164,5.24,5.141,5.204,0,0
OKB.V,D,20200722,000000,5.196,5.326,5.176,5.3,0,0
OKB.V,D,20200723,000000,5.301,5.628,5.269,5.547,0,0
OKB.V,D,20200724,000000,5.542,5.569,5.388,5.45,0,0
OKB.V,D,20200725,000000,5.451,5.564,5.343,5.524,0,0
OKB.V,D,20200726,000000,5.525,5.788,5.493,5.675,0,0
OKB.V,D,20200727,000000,5.672,5.822,5.587,5.754,0,0
OKB.V,D,20200728,000000,5.756,6.068,5.748,5.881,0,0
OKB.V,D,20200729,000000,5.874,5.943,5.72,5.775,0,0
