<TICKER>,<PER>,<DATE>,<TIME>,<OPEN>,<HIGH>,<LOW>,<CLOSE>,<VOL>,<OPENINT>
OMG.V,D,20170714,000000,0.5,0.7,0.45,0.5526,0,0
OMG.V,D,20170715,000000,0.5526,0.6982,0.4201,0.426,0,0
OMG.V,D,20170716,000000,0.426,0.5209,0.315,0.38,0,0
OMG.V,D,20170717,000000,0.38,0.594,0.3748,0.5819,0,0
OMG.V,D,20170718,000000,0.5819,0.8997,0.5463,0.7506,0,0
OMG.V,D,20170719,000000,0.7506,0.8121,0.5599,0.561,0,0
OMG.V,D,20170720,000000,0.561,0.7366,0.561,0.6521,0,0
OMG.V,D,20170721,000000,0.6521,0.7851,0.63,0.746,0,0
OMG.V,D,20170722,000000,0.746,0.9,0.7349,0.87,0,0
OMG.V,D,20170723,000000,0.87,1.62,0.84,1.48,0,0
OMG.V,D,20170724,000000,1.48,1.64,1.26,1.52,0,0
OMG.V,D,20170725,000000,1.52,1.55,1.04,1.22,0,0
OMG.V,D,20170726,000000,1.22,1.3,1.02,1.19,0,0
OMG.V,D,20170727,000000,1.19,1.43,1.19,1.36,0,0
OMG.V,D,20170728,000000,1.36,1.41,1.1,1.16,0,0
OMG.V,D,20170729,000000,1.16,1.29,1.1,1.28,0,0
OMG.V,D,20170730,000000,1.28,1.33,1.17,1.19,0,0
OMG.V,D,20170731,000000,1.19,1.25,1.13,1.22,0,0
OMG.V,D,20170801,000000,1.22,1.38,1.16,1.33,0,0
OMG.V,D,20170802,000000,1.33,1.39,1.27,1.39,0,0
OMG.V,D,20170803,000000,1.39,2.12,1.34,1.95,0,0
OMG.V,D,20170804,000000,1.95,3.12,1.91,2.81,0,0
OMG.V,D,20170805,000000,2.81,3.9,2.15,3.6,0,0
OMG.V,D,20170806,000000,3.6,3.65,2.51,2.73,0,0
OMG.V,D,20170807,000000,2.73,3.26,2.6,3.05,0,0
OMG.V,D,20170808,000000,3.05,3.83,3.04,3.67,0,0
OMG.V,D,20170809,000000,3.67,3.71,3.21,3.43,0,0
OMG.V,D,20170810,000000,3.43,6.6,3.35,5.93,0,0
OMG.V,D,20170811,000000,5.93,7.75,5.27,7.25,0,0
OMG.V,D,20170812,000000,7.25,7.63,5.78,6.2,0,0
OMG.V,D,20170813,000000,6.2,7.5,5.24,6.88,0,0
OMG.V,D,20170814,000000,6.88,7.47,6.3,7.03,0,0
OMG.V,D,20170815,000000,7.03,7.13,6.08,6.72,0,0
OMG.V,D,20170816,000000,6.72,9.25,6.67,8.85,0,0
OMG.V,D,20170817,000000,8.85,9.55,8.27,8.32,0,0
OMG.V,D,20170818,000000,8.32,8.45,6.08,7.25,0,0
OMG.V,D,20170819,000000,7.25,8,6.23,7.82,0,0
OMG.V,D,20170820,000000,7.82,8.9,7.14,8.48,0,0
OMG.V,D,20170821,000000,8.48,8.6,7.27,7.65,0,0
OMG.V,D,20170822,000000,7.65,7.73,6.8,7.6,0,0
OMG.V,D,20170823,000000,7.6,8.68,7.49,8.19,0,0
OMG.V,D,20170824,000000,8.19,8.45,7.89,8.38,0,0
OMG.V,D,20170825,000000,8.38,8.5,7.93,8.18,0,0
OMG.V,D,20170826,000000,8.18,8.4,7.77,8.28,0,0
OMG.V,D,20170827,000000,8.28,8.38,7.99,8.34,0,0
OMG.V,D,20170828,000000,8.34,8.97,8.08,8.62,0,0
OMG.V,D,20170829,000000,8.62,9.76,8.44,9.48,0,0
OMG.V,D,20170830,000000,9.48,11.81,9.42,11.24,0,0
OMG.V,D,20170831,000000,11.24,12.2,10.75,11.82,0,0
OMG.V,D,20170901,000000,11.82,12.69,11.65,12.01,0,0
OMG.V,D,20170902,000000,12.01,12.12,9.8,10.85,0,0
OMG.V,D,20170903,000000,10.85,11.4,9.54,10.74,0,0
OMG.V,D,20170904,000000,10.74,10.74,7.33,8.81,0,0
OMG.V,D,20170905,000000,8.81,11.44,7.61,10.99,0,0
OMG.V,D,20170906,000000,10.99,11.9,10.3,11.6,0,0
OMG.V,D,20170907,000000,11.6,13.69,10.71,12.79,0,0
OMG.V,D,20170908,000000,12.79,13.49,10.36,11.44,0,0
OMG.V,D,20170909,000000,11.44,12.4,10.81,12.31,0,0
OMG.V,D,20170910,000000,12.31,12.4,10.58,11.38,0,0
OMG.V,D,20170911,000000,11.38,12.05,11,11.37,0,0
OMG.V,D,20170912,000000,11.37,13.7,10.92,11.68,0,0
OMG.V,D,20170913,000000,11.68,11.68,9.43,10.55,0,0
OMG.V,D,20170914,000000,10.55,11.14,7.55,8.1,0,0
OMG.V,D,20170915,000000,8.1,10.55,6.5,9.99,0,0
OMG.V,D,20170916,000000,9.99,10.67,9.21,9.9,0,0
OMG.V,D,20170917,000000,9.9,10.34,8.94,9.83,0,0
OMG.V,D,20170918,000000,9.83,11.4,9.82,10.99,0,0
OMG.V,D,20170919,000000,10.99,11.03,9.62,9.93,0,0
OMG.V,D,20170920,000000,9.93,9.98,9.03,9.04,0,0
OMG.V,D,20170921,000000,9.04,9.4,7.61,8.08,0,0
OMG.V,D,20170922,000000,8.08,8.95,7.83,8.61,0,0
OMG.V,D,20170923,000000,8.61,9.37,8.32,9.01,0,0
OMG.V,D,20170924,000000,9.01,9.14,8.43,8.6,0,0
OMG.V,D,20170925,000000,8.6,10.47,8.55,10.02,0,0
OMG.V,D,20170926,000000,10.02,10.36,9.63,9.72,0,0
OMG.V,D,20170927,000000,9.72,10.6,9.72,10.32,0,0
OMG.V,D,20170928,000000,10.32,11.53,10.03,10.46,0,0
OMG.V,D,20170929,000000,10.46,10.64,8.92,9.8,0,0
OMG.V,D,20170930,000000,9.8,10.34,9.69,10.15,0,0
OMG.V,D,20171001,000000,10.15,10.19,9.55,9.86,0,0
OMG.V,D,20171002,000000,9.86,10.04,9.07,9.21,0,0
OMG.V,D,20171003,000000,9.21,9.32,8.5,9.26,0,0
OMG.V,D,20171004,000000,9.26,9.28,8.52,8.68,0,0
OMG.V,D,20171005,000000,8.68,9.04,8.18,8.81,0,0
OMG.V,D,20171006,000000,8.81,8.91,8.46,8.67,0,0
OMG.V,D,20171007,000000,8.67,8.78,8.12,8.53,0,0
OMG.V,D,20171008,000000,8.53,8.64,7.61,7.76,0,0
OMG.V,D,20171009,000000,7.76,8.14,6.94,7.49,0,0
OMG.V,D,20171010,000000,7.49,8.4,7.28,8.09,0,0
OMG.V,D,20171011,000000,8.09,9.38,8.09,9.27,0,0
OMG.V,D,20171012,000000,9.27,9.59,8.17,8.22,0,0
OMG.V,D,20171013,000000,8.22,8.71,8.02,8.3,0,0
OMG.V,D,20171014,000000,8.3,8.34,8,8.04,0,0
OMG.V,D,20171015,000000,8.04,8.27,7.63,7.98,0,0
OMG.V,D,20171016,000000,7.98,8.11,7.61,7.82,0,0
OMG.V,D,20171017,000000,7.82,8.26,7.64,7.99,0,0
OMG.V,D,20171018,000000,7.95,8.08,7.6,7.82,0,0
OMG.V,D,20171019,000000,7.82,8.06,7.68,7.84,0,0
OMG.V,D,20171020,000000,7.84,7.85,7.27,7.28,0,0
OMG.V,D,20171021,000000,7.27,7.45,6.91,7.36,0,0
OMG.V,D,20171022,000000,7.36,7.79,7.32,7.65,0,0
OMG.V,D,20171023,000000,7.65,7.7,7.05,7.65,0,0
OMG.V,D,20171024,000000,7.65,8.7,7.4,8.1,0,0
OMG.V,D,20171025,000000,8.1,8.13,7.53,7.61,0,0
OMG.V,D,20171026,000000,7.65,7.81,7.42,7.62,0,0
OMG.V,D,20171027,000000,7.62,8.1,7.39,7.48,0,0
OMG.V,D,20171028,000000,7.48,7.56,7.16,7.17,0,0
OMG.V,D,20171029,000000,7.17,7.5,7.12,7.3,0,0
OMG.V,D,20171030,000000,7.3,7.43,7.15,7.24,0,0
OMG.V,D,20171031,000000,7.24,7.29,6.82,6.84,0,0
OMG.V,D,20171101,000000,6.84,6.98,6.02,6.03,0,0
OMG.V,D,20171102,000000,6.07,6.71,5.5,6.22,0,0
OMG.V,D,20171103,000000,6.22,6.82,6.1,6.71,0,0
OMG.V,D,20171104,000000,6.71,6.78,6.35,6.46,0,0
OMG.V,D,20171105,000000,6.46,6.49,6.13,6.27,0,0
OMG.V,D,20171106,000000,6.27,6.7,6.19,6.45,0,0
OMG.V,D,20171107,000000,6.47,6.68,6.07,6.32,0,0
OMG.V,D,20171108,000000,6.32,8.22,6.27,7.63,0,0
OMG.V,D,20171109,000000,7.62,8.48,7.51,8.03,0,0
OMG.V,D,20171110,000000,8.03,8.11,6.68,6.97,0,0
OMG.V,D,20171111,000000,6.97,7.56,6.85,7.27,0,0
OMG.V,D,20171112,000000,7.26,7.33,6.04,6.58,0,0
OMG.V,D,20171113,000000,6.58,7.67,6.54,7.51,0,0
OMG.V,D,20171114,000000,7.5,7.9,7.2,7.82,0,0
OMG.V,D,20171115,000000,7.82,8.04,7.26,7.73,0,0
OMG.V,D,20171116,000000,7.71,7.72,7.1,7.2,0,0
OMG.V,D,20171117,000000,7.19,7.79,7.09,7.58,0,0
OMG.V,D,20171118,000000,7.58,8.62,7.4,7.92,0,0
OMG.V,D,20171119,000000,7.92,8.24,7.63,7.81,0,0
OMG.V,D,20171120,000000,7.77,8.2,7.77,8.04,0,0
OMG.V,D,20171121,000000,8.04,8.1,7.53,7.65,0,0
OMG.V,D,20171122,000000,7.65,8.01,7.62,7.97,0,0
OMG.V,D,20171123,000000,7.97,8.18,7.67,7.69,0,0
OMG.V,D,20171124,000000,7.69,7.75,7.38,7.59,0,0
OMG.V,D,20171125,000000,7.6,8.96,7.57,8.75,0,0
OMG.V,D,20171126,000000,8.73,8.75,8.18,8.37,0,0
OMG.V,D,20171127,000000,8.45,9.52,8.4,9.5,0,0
OMG.V,D,20171128,000000,9.49,9.95,8.95,9.38,0,0
OMG.V,D,20171129,000000,9.4,9.43,6.42,7.87,0,0
OMG.V,D,20171130,000000,7.88,8.54,7.04,8.06,0,0
OMG.V,D,20171201,000000,8.06,8.97,7.73,8.87,0,0
OMG.V,D,20171202,000000,8.87,9.7,8.52,9.28,0,0
OMG.V,D,20171203,000000,9.28,10.14,8.73,9.42,0,0
OMG.V,D,20171204,000000,9.39,10.61,9.01,10.48,0,0
OMG.V,D,20171205,000000,10.48,10.56,9.72,9.97,0,0
OMG.V,D,20171206,000000,9.97,10.06,8.34,8.56,0,0
OMG.V,D,20171207,000000,8.58,8.91,7.62,7.62,0,0
OMG.V,D,20171208,000000,7.62,8.54,7.39,8.25,0,0
OMG.V,D,20171209,000000,8.25,9.07,8,8.39,0,0
OMG.V,D,20171210,000000,8.39,8.44,7.58,7.74,0,0
OMG.V,D,20171211,000000,7.74,9.47,7.74,9,0,0
OMG.V,D,20171212,000000,9,11.12,8.76,10.29,0,0
OMG.V,D,20171213,000000,10.32,11.51,9.46,10.61,0,0
OMG.V,D,20171214,000000,10.61,11.86,10.53,11.42,0,0
OMG.V,D,20171215,000000,11.42,11.67,9.85,11.67,0,0
OMG.V,D,20171216,000000,11.67,15.41,11.64,14.13,0,0
OMG.V,D,20171217,000000,14.13,17.58,13.6,15.56,0,0
OMG.V,D,20171218,000000,15.56,18.46,14.46,18.4,0,0
OMG.V,D,20171219,000000,18.4,21.54,16.26,17.8,0,0
OMG.V,D,20171220,000000,17.8,19.15,15.42,17.8,0,0
OMG.V,D,20171221,000000,17.8,18.91,15.65,17.06,0,0
OMG.V,D,20171222,000000,17.06,17.52,9.27,12.63,0,0
OMG.V,D,20171223,000000,12.63,15.45,12.34,14.04,0,0
OMG.V,D,20171224,000000,14.04,14.19,11.21,14.15,0,0
OMG.V,D,20171225,000000,14.15,15.55,13.64,15.32,0,0
OMG.V,D,20171226,000000,15.32,16.17,14.36,15.12,0,0
OMG.V,D,20171227,000000,15.12,15.74,13.93,14.88,0,0
OMG.V,D,20171228,000000,14.88,15.24,12.63,15,0,0
OMG.V,D,20171229,000000,15,16.76,14.4,15.87,0,0
OMG.V,D,20171230,000000,15.87,16.5,12.57,16.48,0,0
OMG.V,D,20171231,000000,16.48,21.99,15.21,19.6,0,0
OMG.V,D,20180101,000000,19.6,20.84,17.85,19.18,0,0
OMG.V,D,20180102,000000,19.18,22.56,18.53,20.14,0,0
OMG.V,D,20180103,000000,20.14,21.27,18.83,20.53,0,0
OMG.V,D,20180104,000000,20.53,21.97,19.34,19.68,0,0
OMG.V,D,20180105,000000,19.68,20.33,17.94,18.59,0,0
OMG.V,D,20180106,000000,18.59,19.76,17.98,19.18,0,0
OMG.V,D,20180107,000000,19.18,24.47,19.04,24.34,0,0
OMG.V,D,20180108,000000,24.34,28.46,18.99,23.76,0,0
OMG.V,D,20180109,000000,23.76,26.19,22.54,25.1,0,0
OMG.V,D,20180110,000000,25.1,25.37,21.5,23.15,0,0
OMG.V,D,20180111,000000,23.15,23.8,18.96,21.4,0,0
OMG.V,D,20180112,000000,21.4,23.01,20.09,22.54,0,0
OMG.V,D,20180113,000000,22.54,25.99,22.24,25.48,0,0
OMG.V,D,20180114,000000,25.48,25.67,21.79,23.45,0,0
OMG.V,D,20180115,000000,23.45,24.54,22.2,22.36,0,0
OMG.V,D,20180116,000000,22.36,22.44,13.33,16.95,0,0
OMG.V,D,20180117,000000,16.95,18.88,12.12,18.18,0,0
OMG.V,D,20180118,000000,18.18,19.2,16.67,17.26,0,0
OMG.V,D,20180119,000000,17.26,18.8,16.63,18.5,0,0
OMG.V,D,20180120,000000,18.5,19.81,18.41,19.66,0,0
OMG.V,D,20180121,000000,19.66,19.67,16.22,16.9,0,0
OMG.V,D,20180122,000000,16.9,17.9,14.06,15.62,0,0
OMG.V,D,20180123,000000,15.62,16.65,14.08,16,0,0
OMG.V,D,20180124,000000,16,18.51,15.25,17.99,0,0
OMG.V,D,20180125,000000,17.99,19.15,16.58,17.87,0,0
OMG.V,D,20180126,000000,17.87,18.73,14.53,15.88,0,0
OMG.V,D,20180127,000000,15.89,16.76,15.27,16.04,0,0
OMG.V,D,20180128,000000,16.04,17.42,15.58,17.29,0,0
OMG.V,D,20180129,000000,17.29,17.45,16.06,16.63,0,0
OMG.V,D,20180130,000000,16.63,17.88,14.28,15.23,0,0
OMG.V,D,20180131,000000,15.23,16.13,14.11,15.68,0,0
OMG.V,D,20180201,000000,15.64,16.06,12.96,13.65,0,0
OMG.V,D,20180202,000000,13.65,14.02,10.43,13.05,0,0
OMG.V,D,20180203,000000,13.05,14.37,11.87,13.82,0,0
OMG.V,D,20180204,000000,13.82,14.12,11.12,11.85,0,0
OMG.V,D,20180205,000000,11.85,12.19,8.51,9.3,0,0
OMG.V,D,20180206,000000,9.3,11.27,7.16,10.85,0,0
OMG.V,D,20180207,000000,10.85,12.49,10.09,11.17,0,0
OMG.V,D,20180208,000000,11.16,12.33,10.68,11.67,0,0
OMG.V,D,20180209,000000,11.67,13.13,11.42,12.86,0,0
OMG.V,D,20180210,000000,12.92,13.64,11.58,12.3,0,0
OMG.V,D,20180211,000000,12.3,12.59,10.84,12.32,0,0
OMG.V,D,20180212,000000,12.32,12.86,11.67,12.86,0,0
OMG.V,D,20180213,000000,12.86,13.02,12.11,12.84,0,0
OMG.V,D,20180214,000000,12.84,15.82,12.72,15.66,0,0
OMG.V,D,20180215,000000,15.74,16.31,14.77,16.21,0,0
OMG.V,D,20180216,000000,16.26,18.15,15.71,17.95,0,0
OMG.V,D,20180217,000000,18.02,18.6,17.5,18.19,0,0
OMG.V,D,20180218,000000,18.22,18.3,15.98,16.63,0,0
OMG.V,D,20180219,000000,16.63,18.33,16.03,17.54,0,0
OMG.V,D,20180220,000000,17.6,19.78,17.46,18.28,0,0
OMG.V,D,20180221,000000,18.28,19.16,16.75,17.27,0,0
OMG.V,D,20180222,000000,17.34,18.44,15.59,16.38,0,0
OMG.V,D,20180223,000000,16.38,17.84,15.51,17.29,0,0
OMG.V,D,20180224,000000,17.3,18.33,15.91,16.39,0,0
OMG.V,D,20180225,000000,16.39,17.35,16.04,16.62,0,0
OMG.V,D,20180226,000000,16.65,18.09,15.97,17.94,0,0
OMG.V,D,20180227,000000,17.95,20.83,17.57,20.16,0,0
OMG.V,D,20180228,000000,20.16,20.81,18.7,18.74,0,0
OMG.V,D,20180301,000000,18.64,19.96,18.22,19.3,0,0
OMG.V,D,20180302,000000,19.3,19.37,17.72,18.34,0,0
OMG.V,D,20180303,000000,18.34,19.07,17.6,17.78,0,0
OMG.V,D,20180304,000000,17.76,18.46,16.97,17.97,0,0
OMG.V,D,20180305,000000,17.96,18.11,17.16,17.16,0,0
OMG.V,D,20180306,000000,17.16,17.24,15.43,15.77,0,0
OMG.V,D,20180307,000000,15.77,16.41,13.52,14.52,0,0
OMG.V,D,20180308,000000,14.54,15.23,13.08,13.33,0,0
OMG.V,D,20180309,000000,13.33,14.42,11.55,14.4,0,0
OMG.V,D,20180310,000000,14.43,15.36,13.11,13.35,0,0
OMG.V,D,20180311,000000,13.35,14.99,12.64,14.54,0,0
OMG.V,D,20180312,000000,14.55,14.82,13.28,13.6,0,0
OMG.V,D,20180313,000000,13.6,14.17,12.84,13.49,0,0
OMG.V,D,20180314,000000,13.49,13.79,11.21,11.47,0,0
OMG.V,D,20180315,000000,11.45,11.69,10.23,11.31,0,0
OMG.V,D,20180316,000000,11.31,11.89,10.74,11.5,0,0
OMG.V,D,20180317,000000,11.5,11.58,9.58,9.91,0,0
OMG.V,D,20180318,000000,9.91,10.26,8.35,10.1,0,0
OMG.V,D,20180319,000000,10.11,11.25,10,11.03,0,0
OMG.V,D,20180320,000000,11.03,12.52,10.59,12.31,0,0
OMG.V,D,20180321,000000,12.31,12.66,11.46,11.77,0,0
OMG.V,D,20180322,000000,11.76,12.46,10.69,11.36,0,0
OMG.V,D,20180323,000000,11.36,11.58,10.51,10.92,0,0
OMG.V,D,20180324,000000,10.88,11.86,10.84,11.26,0,0
OMG.V,D,20180325,000000,11.26,11.3,10.62,11.09,0,0
OMG.V,D,20180326,000000,11.09,11.15,9.37,9.57,0,0
OMG.V,D,20180327,000000,9.57,10.52,9.3,9.98,0,0
OMG.V,D,20180328,000000,9.98,10.21,9.57,9.62,0,0
OMG.V,D,20180329,000000,9.62,9.81,8.23,8.44,0,0
OMG.V,D,20180330,000000,8.47,8.81,7.94,8.4,0,0
OMG.V,D,20180331,000000,8.4,8.74,8.11,8.17,0,0
OMG.V,D,20180401,000000,8.17,8.44,7.45,8.18,0,0
OMG.V,D,20180402,000000,8.18,9.51,8.03,8.47,0,0
OMG.V,D,20180403,000000,8.47,9.79,8.41,9.47,0,0
OMG.V,D,20180404,000000,9.47,9.53,8.13,8.24,0,0
OMG.V,D,20180405,000000,8.24,9.68,8.04,8.8,0,0
OMG.V,D,20180406,000000,8.83,9.51,8.65,9.38,0,0
OMG.V,D,20180407,000000,9.38,9.61,9.15,9.5,0,0
OMG.V,D,20180408,000000,9.5,9.59,9.2,9.55,0,0
OMG.V,D,20180409,000000,9.55,9.82,8.88,8.97,0,0
OMG.V,D,20180410,000000,8.97,9.3,8.86,9.29,0,0
OMG.V,D,20180411,000000,9.29,9.72,9.16,9.67,0,0
OMG.V,D,20180412,000000,9.67,12.34,9.41,11.91,0,0
OMG.V,D,20180413,000000,11.91,17.15,11.65,12.81,0,0
OMG.V,D,20180414,000000,12.85,14.14,12.44,13.79,0,0
OMG.V,D,20180415,000000,13.79,14.49,13.69,14.13,0,0
OMG.V,D,20180416,000000,14.13,15.71,13.19,15.15,0,0
OMG.V,D,20180417,000000,15.15,15.76,14.18,14.36,0,0
OMG.V,D,20180418,000000,14.38,15.25,14.14,15.23,0,0
OMG.V,D,20180419,000000,15.24,16.07,14.87,15.69,0,0
OMG.V,D,20180420,000000,15.69,16.32,15.25,16.12,0,0
OMG.V,D,20180421,000000,16.08,16.42,14.4,15.16,0,0
OMG.V,D,20180422,000000,15.16,15.92,15.02,15.45,0,0
OMG.V,D,20180423,000000,15.5,15.98,15.08,15.76,0,0
OMG.V,D,20180424,000000,15.76,18.73,15.71,18.55,0,0
OMG.V,D,20180425,000000,18.55,18.57,14.64,16.42,0,0
OMG.V,D,20180426,000000,16.42,20.8,15.12,18.42,0,0
OMG.V,D,20180427,000000,18.42,19.05,17.57,17.74,0,0
OMG.V,D,20180428,000000,17.71,18.43,17.23,17.99,0,0
OMG.V,D,20180429,000000,18,18.65,17.22,18.08,0,0
OMG.V,D,20180430,000000,18.04,18.35,16.83,17.07,0,0
OMG.V,D,20180501,000000,17.07,17.23,16.07,17.13,0,0
OMG.V,D,20180502,000000,17.13,17.41,16.62,17.19,0,0
OMG.V,D,20180503,000000,17.19,19.03,17.15,18.47,0,0
OMG.V,D,20180504,000000,18.47,18.74,17.16,17.93,0,0
OMG.V,D,20180505,000000,17.97,18.02,17.43,17.5,0,0
OMG.V,D,20180506,000000,17.5,17.75,16.6,16.88,0,0
OMG.V,D,20180507,000000,16.88,17.16,15.81,16.89,0,0
OMG.V,D,20180508,000000,16.84,16.92,15.72,15.94,0,0
OMG.V,D,20180509,000000,15.94,16.72,15.29,16.25,0,0
OMG.V,D,20180510,000000,16.25,16.37,15.63,15.75,0,0
OMG.V,D,20180511,000000,15.75,15.75,13.05,13.22,0,0
OMG.V,D,20180512,000000,13.22,14.17,12.51,13.59,0,0
OMG.V,D,20180513,000000,13.59,14.67,13.34,14.27,0,0
OMG.V,D,20180514,000000,14.31,14.66,13.19,14.42,0,0
OMG.V,D,20180515,000000,14.42,14.55,13.55,13.66,0,0
OMG.V,D,20180516,000000,13.65,13.7,12.73,12.98,0,0
OMG.V,D,20180517,000000,12.95,13.59,12.51,12.51,0,0
OMG.V,D,20180518,000000,12.51,12.79,12,12.62,0,0
OMG.V,D,20180519,000000,12.62,12.95,12.29,12.45,0,0
OMG.V,D,20180520,000000,12.45,13.29,12.35,13.18,0,0
OMG.V,D,20180521,000000,13.18,13.21,12.25,12.3,0,0
OMG.V,D,20180522,000000,12.3,12.98,11.65,11.65,0,0
OMG.V,D,20180523,000000,11.65,11.77,10.01,11.15,0,0
OMG.V,D,20180524,000000,11.14,11.39,10.04,10.98,0,0
OMG.V,D,20180525,000000,10.98,11.5,10.52,10.79,0,0
OMG.V,D,20180526,000000,10.77,11.16,10.5,11.04,0,0
OMG.V,D,20180527,000000,11.04,11.04,10.27,10.35,0,0
OMG.V,D,20180528,000000,10.36,10.59,9.63,9.73,0,0
OMG.V,D,20180529,000000,9.73,10.78,9.5,10.61,0,0
OMG.V,D,20180530,000000,10.61,10.88,9.89,10.12,0,0
OMG.V,D,20180531,000000,10.12,10.93,10.11,10.73,0,0
OMG.V,D,20180601,000000,10.73,10.86,10.36,10.5,0,0
OMG.V,D,20180602,000000,10.5,11.85,10.5,11.56,0,0
OMG.V,D,20180603,000000,11.56,12.38,11.48,11.75,0,0
OMG.V,D,20180604,000000,11.75,12.05,10.9,11.17,0,0
OMG.V,D,20180605,000000,11.17,11.55,10.62,11.26,0,0
OMG.V,D,20180606,000000,11.26,11.42,10.77,11.13,0,0
OMG.V,D,20180607,000000,11.13,12.02,11.05,11.52,0,0
OMG.V,D,20180608,000000,11.52,11.52,10.96,11.16,0,0
OMG.V,D,20180609,000000,11.16,11.25,10.78,10.85,0,0
OMG.V,D,20180610,000000,10.85,10.85,9.26,9.49,0,0
OMG.V,D,20180611,000000,9.49,9.59,9.25,9.48,0,0
OMG.V,D,20180612,000000,9.48,10.12,9,9.06,0,0
OMG.V,D,20180613,000000,9.06,9.29,8.66,8.74,0,0
OMG.V,D,20180614,000000,8.76,9.65,8.71,9.52,0,0
OMG.V,D,20180615,000000,9.52,9.64,9.02,9.06,0,0
OMG.V,D,20180616,000000,9.06,9.44,8.87,9.12,0,0
OMG.V,D,20180617,000000,9.12,9.31,9.05,9.05,0,0
OMG.V,D,20180618,000000,9.05,9.64,8.9,9.47,0,0
OMG.V,D,20180619,000000,9.47,9.58,9.11,9.18,0,0
OMG.V,D,20180620,000000,9.18,9.27,8.9,9.07,0,0
OMG.V,D,20180621,000000,9.07,9.24,8.9,8.91,0,0
OMG.V,D,20180622,000000,8.91,8.96,8.07,8.27,0,0
OMG.V,D,20180623,000000,8.27,8.4,7.91,8.24,0,0
OMG.V,D,20180624,000000,8.22,8.29,7.17,7.92,0,0
OMG.V,D,20180625,000000,7.92,8.05,7.55,7.89,0,0
OMG.V,D,20180626,000000,7.89,7.93,7.33,7.48,0,0
OMG.V,D,20180627,000000,7.48,7.48,7.11,7.23,0,0
OMG.V,D,20180628,000000,7.22,7.32,7.02,7.04,0,0
OMG.V,D,20180629,000000,7.04,7.06,6.68,6.77,0,0
OMG.V,D,20180630,000000,6.77,7.79,6.77,7.54,0,0
OMG.V,D,20180701,000000,7.54,8.29,7.49,7.9,0,0
OMG.V,D,20180702,000000,7.9,8.77,7.8,8.69,0,0
OMG.V,D,20180703,000000,8.69,8.75,8.11,8.2,0,0
OMG.V,D,20180704,000000,8.2,8.52,7.76,8.34,0,0
OMG.V,D,20180705,000000,8.34,8.37,7.93,8.12,0,0
OMG.V,D,20180706,000000,8.12,8.19,7.83,8.03,0,0
OMG.V,D,20180707,000000,8.03,8.09,7.57,7.65,0,0
OMG.V,D,20180708,000000,7.65,8.24,7.64,7.93,0,0
OMG.V,D,20180709,000000,7.93,7.94,7.02,7.37,0,0
OMG.V,D,20180710,000000,7.37,7.52,6.79,7.1,0,0
OMG.V,D,20180711,000000,7.1,7.11,6.61,6.78,0,0
OMG.V,D,20180712,000000,6.78,6.89,6.54,6.55,0,0
OMG.V,D,20180713,000000,6.56,7.2,6.5,6.73,0,0
OMG.V,D,20180714,000000,6.73,6.92,6.64,6.68,0,0
OMG.V,D,20180715,000000,6.68,6.95,6.62,6.9,0,0
OMG.V,D,20180716,000000,6.9,7.44,6.77,7.33,0,0
OMG.V,D,20180717,000000,7.33,7.99,7.18,7.97,0,0
OMG.V,D,20180718,000000,7.97,8.37,7.84,7.89,0,0
OMG.V,D,20180719,000000,7.89,8.12,7.53,7.53,0,0
OMG.V,D,20180720,000000,7.52,7.66,6.75,6.75,0,0
OMG.V,D,20180721,000000,6.75,7.14,6.61,7.03,0,0
OMG.V,D,20180722,000000,7.03,7.42,6.87,6.99,0,0
OMG.V,D,20180723,000000,6.99,7.38,6.81,6.86,0,0
OMG.V,D,20180724,000000,6.87,7.26,6.72,7.19,0,0
OMG.V,D,20180725,000000,7.19,7.3,7.03,7.17,0,0
OMG.V,D,20180726,000000,7.17,7.37,6.95,7.03,0,0
OMG.V,D,20180727,000000,7.03,7.09,6.76,7.07,0,0
OMG.V,D,20180728,000000,7.07,7.09,6.83,6.83,0,0
OMG.V,D,20180729,000000,6.84,6.99,6.81,6.83,0,0
OMG.V,D,20180730,000000,6.83,6.93,6.56,6.68,0,0
OMG.V,D,20180731,000000,6.68,6.69,6.09,6.09,0,0
OMG.V,D,20180801,000000,6.1,6.16,5.81,5.83,0,0
OMG.V,D,20180802,000000,5.83,6,5.49,5.5,0,0
OMG.V,D,20180803,000000,5.5,5.61,5.14,5.42,0,0
OMG.V,D,20180804,000000,5.42,5.68,5.33,5.35,0,0
OMG.V,D,20180805,000000,5.35,5.51,5.3,5.5,0,0
OMG.V,D,20180806,000000,5.5,5.57,5.21,5.21,0,0
OMG.V,D,20180807,000000,5.21,5.38,4.79,4.85,0,0
OMG.V,D,20180808,000000,4.85,5.31,4.2,4.44,0,0
OMG.V,D,20180809,000000,4.45,5.07,4.35,4.96,0,0
OMG.V,D,20180810,000000,4.96,4.99,4.33,4.33,0,0
OMG.V,D,20180811,000000,4.3,4.4,4.01,4.29,0,0
OMG.V,D,20180812,000000,4.29,4.36,3.97,4.08,0,0
OMG.V,D,20180813,000000,4.08,4.15,3.6,3.61,0,0
OMG.V,D,20180814,000000,3.6,3.62,3.23,3.37,0,0
OMG.V,D,20180815,000000,3.37,3.97,3.36,3.74,0,0
OMG.V,D,20180816,000000,3.74,3.83,3.51,3.69,0,0
OMG.V,D,20180817,000000,3.69,4.43,3.63,4.33,0,0
OMG.V,D,20180818,000000,4.34,4.56,3.82,3.99,0,0
OMG.V,D,20180819,000000,3.99,4.34,3.98,4.16,0,0
OMG.V,D,20180820,000000,4.16,4.23,3.84,3.86,0,0
OMG.V,D,20180821,000000,3.86,3.92,3.63,3.75,0,0
OMG.V,D,20180822,000000,3.75,4.09,3.49,3.52,0,0
OMG.V,D,20180823,000000,3.52,3.68,3.44,3.68,0,0
OMG.V,D,20180824,000000,3.68,3.85,3.6,3.85,0,0
OMG.V,D,20180825,000000,3.85,3.89,3.65,3.78,0,0
OMG.V,D,20180826,000000,3.78,3.84,3.67,3.77,0,0
OMG.V,D,20180827,000000,3.77,4.22,3.75,4.18,0,0
OMG.V,D,20180828,000000,4.17,4.49,4.15,4.39,0,0
OMG.V,D,20180829,000000,4.39,4.69,4.25,4.42,0,0
OMG.V,D,20180830,000000,4.43,4.46,3.95,4.2,0,0
OMG.V,D,20180831,000000,4.2,4.35,4.13,4.23,0,0
OMG.V,D,20180901,000000,4.23,4.6,4.21,4.57,0,0
OMG.V,D,20180902,000000,4.57,4.58,4.16,4.35,0,0
OMG.V,D,20180903,000000,4.35,4.53,4.21,4.44,0,0
OMG.V,D,20180904,000000,4.44,5.08,4.33,4.88,0,0
OMG.V,D,20180905,000000,4.88,5.04,3.91,4,0,0
OMG.V,D,20180906,000000,4,4,3.43,3.85,0,0
OMG.V,D,20180907,000000,3.85,4.02,3.63,3.72,0,0
OMG.V,D,20180908,000000,3.72,3.75,3.32,3.38,0,0
OMG.V,D,20180909,000000,3.38,3.61,3.29,3.48,0,0
OMG.V,D,20180910,000000,3.48,3.57,3.36,3.41,0,0
OMG.V,D,20180911,000000,3.41,3.57,3.04,3.14,0,0
OMG.V,D,20180912,000000,3.14,3.26,3.05,3.21,0,0
OMG.V,D,20180913,000000,3.21,3.48,3.21,3.4,0,0
OMG.V,D,20180914,000000,3.38,3.54,3.33,3.48,0,0
OMG.V,D,20180915,000000,3.48,3.57,3.41,3.5,0,0
OMG.V,D,20180916,000000,3.5,3.54,3.28,3.41,0,0
OMG.V,D,20180917,000000,3.41,3.45,3.04,3.09,0,0
OMG.V,D,20180918,000000,3.09,3.23,3.05,3.17,0,0
OMG.V,D,20180919,000000,3.17,3.22,2.98,3.12,0,0
OMG.V,D,20180920,000000,3.12,3.28,3.11,3.23,0,0
OMG.V,D,20180921,000000,3.24,3.75,3.22,3.67,0,0
OMG.V,D,20180922,000000,3.67,3.86,3.42,3.53,0,0
OMG.V,D,20180923,000000,3.53,3.75,3.52,3.57,0,0
OMG.V,D,20180924,000000,3.57,3.7,3.33,3.52,0,0
OMG.V,D,20180925,000000,3.52,3.53,3.2,3.36,0,0
OMG.V,D,20180926,000000,3.36,3.49,3.29,3.37,0,0
OMG.V,D,20180927,000000,3.37,3.75,3.31,3.72,0,0
OMG.V,D,20180928,000000,3.72,3.74,3.45,3.51,0,0
OMG.V,D,20180929,000000,3.51,3.76,3.42,3.65,0,0
OMG.V,D,20180930,000000,3.65,3.82,3.64,3.67,0,0
OMG.V,D,20181001,000000,3.67,3.78,3.52,3.63,0,0
OMG.V,D,20181002,000000,3.63,3.69,3.52,3.56,0,0
OMG.V,D,20181003,000000,3.56,3.59,3.39,3.39,0,0
OMG.V,D,20181004,000000,3.37,3.54,3.37,3.47,0,0
OMG.V,D,20181005,000000,3.47,3.5,3.43,3.5,0,0
OMG.V,D,20181006,000000,3.5,3.55,3.4,3.46,0,0
OMG.V,D,20181007,000000,3.46,3.49,3.41,3.47,0,0
OMG.V,D,20181008,000000,3.47,3.58,3.46,3.53,0,0
OMG.V,D,20181009,000000,3.53,3.55,3.44,3.5,0,0
OMG.V,D,20181010,000000,3.5,3.59,3.46,3.49,0,0
OMG.V,D,20181011,000000,3.49,3.51,3.04,3.1,0,0
OMG.V,D,20181012,000000,3.1,3.15,2.96,3.03,0,0
OMG.V,D,20181013,000000,3.03,3.12,2.99,3.09,0,0
OMG.V,D,20181014,000000,3.09,3.15,3.04,3.05,0,0
OMG.V,D,20181015,000000,3.05,3.48,3,3.2,0,0
OMG.V,D,20181016,000000,3.2,3.32,3.18,3.22,0,0
OMG.V,D,20181017,000000,3.22,3.37,3.17,3.36,0,0
OMG.V,D,20181018,000000,3.36,3.48,3.25,3.25,0,0
OMG.V,D,20181019,000000,3.25,3.39,3.23,3.32,0,0
OMG.V,D,20181020,000000,3.32,3.42,3.29,3.38,0,0
OMG.V,D,20181021,000000,3.38,3.46,3.36,3.41,0,0
OMG.V,D,20181022,000000,3.41,3.56,3.33,3.5,0,0
OMG.V,D,20181023,000000,3.5,3.55,3.41,3.41,0,0
OMG.V,D,20181024,000000,3.41,3.57,3.38,3.48,0,0
OMG.V,D,20181025,000000,3.48,3.48,3.33,3.36,0,0
OMG.V,D,20181026,000000,3.36,3.37,3.3,3.34,0,0
OMG.V,D,20181027,000000,3.34,3.37,3.19,3.22,0,0
OMG.V,D,20181028,000000,3.22,3.28,3.21,3.23,0,0
OMG.V,D,20181029,000000,3.23,3.28,3.05,3.1,0,0
OMG.V,D,20181030,000000,3.1,3.19,3.1,3.17,0,0
OMG.V,D,20181031,000000,3.17,3.3,3.06,3.29,0,0
OMG.V,D,20181101,000000,3.29,3.32,3.21,3.29,0,0
OMG.V,D,20181102,000000,3.29,3.31,3.22,3.26,0,0
OMG.V,D,20181103,000000,3.26,3.3,3.19,3.2,0,0
OMG.V,D,20181104,000000,3.2,3.4,3.2,3.34,0,0
OMG.V,D,20181105,000000,3.34,3.44,3.29,3.4,0,0
OMG.V,D,20181106,000000,3.4,3.57,3.39,3.48,0,0
OMG.V,D,20181107,000000,3.48,3.54,3.41,3.43,0,0
OMG.V,D,20181108,000000,3.43,3.47,3.33,3.34,0,0
OMG.V,D,20181109,000000,3.34,3.41,3.31,3.32,0,0
OMG.V,D,20181110,000000,3.32,3.4,3.32,3.34,0,0
OMG.V,D,20181111,000000,3.34,3.38,3.17,3.19,0,0
OMG.V,D,20181112,000000,3.19,3.32,3.18,3.29,0,0
OMG.V,D,20181113,000000,3.29,3.32,3.22,3.22,0,0
OMG.V,D,20181114,000000,3.22,3.26,2.67,2.82,0,0
OMG.V,D,20181115,000000,2.82,2.89,2.65,2.74,0,0
OMG.V,D,20181116,000000,2.74,2.97,2.67,2.69,0,0
OMG.V,D,20181117,000000,2.69,2.78,2.68,2.7,0,0
OMG.V,D,20181118,000000,2.71,2.85,2.7,2.8,0,0
OMG.V,D,20181119,000000,2.8,2.81,2.18,2.26,0,0
OMG.V,D,20181120,000000,2.26,2.34,1.69,1.9,0,0
OMG.V,D,20181121,000000,1.91,2.05,1.84,2.01,0,0
OMG.V,D,20181122,000000,2.01,2.07,1.89,1.89,0,0
OMG.V,D,20181123,000000,1.89,1.9,1.63,1.76,0,0
OMG.V,D,20181124,000000,1.76,1.8,1.46,1.51,0,0
OMG.V,D,20181125,000000,1.52,1.6,1.33,1.55,0,0
OMG.V,D,20181126,000000,1.55,1.59,1.38,1.43,0,0
OMG.V,D,20181127,000000,1.43,1.46,1.33,1.43,0,0
OMG.V,D,20181128,000000,1.43,1.68,1.41,1.61,0,0
OMG.V,D,20181129,000000,1.61,1.75,1.54,1.63,0,0
OMG.V,D,20181130,000000,1.63,1.68,1.46,1.5,0,0
OMG.V,D,20181201,000000,1.5,1.68,1.48,1.64,0,0
OMG.V,D,20181202,000000,1.64,1.68,1.6,1.63,0,0
OMG.V,D,20181203,000000,1.62,1.64,1.42,1.45,0,0
OMG.V,D,20181204,000000,1.45,1.61,1.42,1.51,0,0
OMG.V,D,20181205,000000,1.51,1.52,1.38,1.38,0,0
OMG.V,D,20181206,000000,1.38,1.43,1.3,1.32,0,0
OMG.V,D,20181207,000000,1.32,1.36,1.13,1.36,0,0
OMG.V,D,20181208,000000,1.36,1.4,1.22,1.4,0,0
OMG.V,D,20181209,000000,1.4,1.48,1.29,1.39,0,0
OMG.V,D,20181210,000000,1.39,1.42,1.31,1.34,0,0
OMG.V,D,20181211,000000,1.34,1.36,1.27,1.29,0,0
OMG.V,D,20181212,000000,1.29,1.35,1.27,1.27,0,0
OMG.V,D,20181213,000000,1.27,1.34,1.18,1.19,0,0
OMG.V,D,20181214,000000,1.19,1.24,1.09,1.13,0,0
OMG.V,D,20181215,000000,1.13,1.16,1.09,1.13,0,0
OMG.V,D,20181216,000000,1.13,1.24,1.12,1.17,0,0
OMG.V,D,20181217,000000,1.17,1.35,1.15,1.3,0,0
OMG.V,D,20181218,000000,1.3,1.34,1.23,1.33,0,0
OMG.V,D,20181219,000000,1.33,1.5,1.32,1.39,0,0
OMG.V,D,20181220,000000,1.39,1.71,1.36,1.67,0,0
OMG.V,D,20181221,000000,1.67,1.71,1.49,1.5,0,0
OMG.V,D,20181222,000000,1.5,1.6,1.49,1.56,0,0
OMG.V,D,20181223,000000,1.56,1.75,1.56,1.7,0,0
OMG.V,D,20181224,000000,1.7,1.93,1.67,1.72,0,0
OMG.V,D,20181225,000000,1.72,1.74,1.45,1.49,0,0
OMG.V,D,20181226,000000,1.49,1.59,1.44,1.51,0,0
OMG.V,D,20181227,000000,1.51,1.53,1.35,1.35,0,0
OMG.V,D,20181228,000000,1.35,1.53,1.31,1.49,0,0
OMG.V,D,20181229,000000,1.49,1.57,1.45,1.54,0,0
OMG.V,D,20181230,000000,1.54,1.56,1.41,1.44,0,0
OMG.V,D,20181231,000000,1.44,1.5,1.36,1.37,0,0
OMG.V,D,20190101,000000,1.37,1.44,1.36,1.41,0,0
OMG.V,D,20190102,000000,1.41,1.59,1.4,1.56,0,0
OMG.V,D,20190103,000000,1.56,1.59,1.48,1.49,0,0
OMG.V,D,20190104,000000,1.49,1.55,1.47,1.52,0,0
OMG.V,D,20190105,000000,1.52,1.62,1.51,1.53,0,0
OMG.V,D,20190106,000000,1.53,1.62,1.5,1.6,0,0
OMG.V,D,20190107,000000,1.6,1.62,1.49,1.52,0,0
OMG.V,D,20190108,000000,1.52,1.59,1.5,1.53,0,0
OMG.V,D,20190109,000000,1.53,1.57,1.52,1.55,0,0
OMG.V,D,20190110,000000,1.55,1.61,1.28,1.29,0,0
OMG.V,D,20190111,000000,1.29,1.34,1.27,1.32,0,0
OMG.V,D,20190112,000000,1.32,1.34,1.29,1.31,0,0
OMG.V,D,20190113,000000,1.32,1.35,1.21,1.21,0,0
OMG.V,D,20190114,000000,1.21,1.34,1.2,1.31,0,0
OMG.V,D,20190115,000000,1.31,1.33,1.23,1.25,0,0
OMG.V,D,20190116,000000,1.25,1.31,1.24,1.29,0,0
OMG.V,D,20190117,000000,1.29,1.32,1.27,1.32,0,0
OMG.V,D,20190118,000000,1.32,1.33,1.25,1.29,0,0
OMG.V,D,20190119,000000,1.29,1.4,1.28,1.33,0,0
OMG.V,D,20190120,000000,1.33,1.38,1.23,1.26,0,0
OMG.V,D,20190121,000000,1.26,1.32,1.25,1.28,0,0
OMG.V,D,20190122,000000,1.28,1.34,1.25,1.31,0,0
OMG.V,D,20190123,000000,1.31,1.33,1.27,1.29,0,0
OMG.V,D,20190124,000000,1.29,1.31,1.27,1.29,0,0
OMG.V,D,20190125,000000,1.29,1.33,1.24,1.26,0,0
OMG.V,D,20190126,000000,1.26,1.32,1.26,1.26,0,0
OMG.V,D,20190127,000000,1.26,1.27,1.14,1.2,0,0
OMG.V,D,20190128,000000,1.2,1.2,1.08,1.14,0,0
OMG.V,D,20190129,000000,1.14,1.14,1.09,1.13,0,0
OMG.V,D,20190130,000000,1.13,1.17,1.1,1.15,0,0
OMG.V,D,20190131,000000,1.15,1.18,1.09,1.1,0,0
OMG.V,D,20190201,000000,1.1,1.12,1.05,1.11,0,0
OMG.V,D,20190202,000000,1.11,1.12,1.07,1.09,0,0
OMG.V,D,20190203,000000,1.09,1.14,1.09,1.11,0,0
OMG.V,D,20190204,000000,1.11,1.15,1.1,1.12,0,0
OMG.V,D,20190205,000000,1.12,1.12,1.09,1.1,0,0
OMG.V,D,20190206,000000,1.1,1.1,1.02,1.03,0,0
OMG.V,D,20190207,000000,1.03,1.07,1.02,1.04,0,0
OMG.V,D,20190208,000000,1.04,1.17,1.04,1.15,0,0
OMG.V,D,20190209,000000,1.15,1.18,1.14,1.16,0,0
OMG.V,D,20190210,000000,1.16,1.23,1.16,1.2,0,0
OMG.V,D,20190211,000000,1.2,1.22,1.16,1.17,0,0
OMG.V,D,20190212,000000,1.17,1.19,1.15,1.17,0,0
OMG.V,D,20190213,000000,1.17,1.19,1.14,1.15,0,0
OMG.V,D,20190214,000000,1.15,1.17,1.13,1.14,0,0
OMG.V,D,20190215,000000,1.14,1.18,1.13,1.15,0,0
OMG.V,D,20190216,000000,1.15,1.28,1.15,1.26,0,0
OMG.V,D,20190217,000000,1.26,1.28,1.19,1.25,0,0
OMG.V,D,20190218,000000,1.25,1.38,1.23,1.33,0,0
OMG.V,D,20190219,000000,1.33,1.37,1.3,1.32,0,0
OMG.V,D,20190220,000000,1.33,1.37,1.29,1.35,0,0
OMG.V,D,20190221,000000,1.35,1.36,1.26,1.33,0,0
OMG.V,D,20190222,000000,1.33,1.36,1.3,1.32,0,0
OMG.V,D,20190223,000000,1.32,1.37,1.28,1.37,0,0
OMG.V,D,20190224,000000,1.37,1.55,1.28,1.37,0,0
OMG.V,D,20190225,000000,1.37,1.4,1.31,1.36,0,0
OMG.V,D,20190226,000000,1.36,1.41,1.3,1.36,0,0
OMG.V,D,20190227,000000,1.36,1.39,1.28,1.32,0,0
OMG.V,D,20190228,000000,1.33,1.36,1.32,1.33,0,0
OMG.V,D,20190301,000000,1.33,1.39,1.32,1.37,0,0
OMG.V,D,20190302,000000,1.37,1.37,1.28,1.3,0,0
OMG.V,D,20190303,000000,1.3,1.32,1.25,1.27,0,0
OMG.V,D,20190304,000000,1.27,1.27,1.16,1.2,0,0
OMG.V,D,20190305,000000,1.2,1.28,1.19,1.25,0,0
OMG.V,D,20190306,000000,1.25,1.28,1.22,1.27,0,0
OMG.V,D,20190307,000000,1.27,1.3,1.26,1.28,0,0
OMG.V,D,20190308,000000,1.28,1.33,1.25,1.26,0,0
OMG.V,D,20190309,000000,1.26,1.39,1.26,1.36,0,0
OMG.V,D,20190310,000000,1.36,1.48,1.36,1.42,0,0
OMG.V,D,20190311,000000,1.42,1.43,1.34,1.36,0,0
OMG.V,D,20190312,000000,1.36,1.49,1.29,1.48,0,0
OMG.V,D,20190313,000000,1.48,1.49,1.42,1.45,0,0
OMG.V,D,20190314,000000,1.45,1.64,1.4,1.52,0,0
OMG.V,D,20190315,000000,1.52,1.63,1.51,1.54,0,0
OMG.V,D,20190316,000000,1.54,1.61,1.52,1.56,0,0
OMG.V,D,20190317,000000,1.56,1.57,1.5,1.53,0,0
OMG.V,D,20190318,000000,1.53,1.57,1.47,1.51,0,0
OMG.V,D,20190319,000000,1.51,1.53,1.48,1.5,0,0
OMG.V,D,20190320,000000,1.5,1.59,1.45,1.58,0,0
OMG.V,D,20190321,000000,1.58,1.68,1.5,1.57,0,0
OMG.V,D,20190322,000000,1.57,1.65,1.56,1.65,0,0
OMG.V,D,20190323,000000,1.65,1.77,1.65,1.75,0,0
OMG.V,D,20190324,000000,1.74,1.86,1.74,1.74,0,0
OMG.V,D,20190325,000000,1.74,1.76,1.63,1.68,0,0
OMG.V,D,20190326,000000,1.68,1.69,1.58,1.66,0,0
OMG.V,D,20190327,000000,1.66,1.82,1.63,1.78,0,0
OMG.V,D,20190328,000000,1.78,1.82,1.74,1.77,0,0
OMG.V,D,20190329,000000,1.77,2.09,1.77,2.02,0,0
OMG.V,D,20190330,000000,2.02,2.06,1.87,1.9,0,0
OMG.V,D,20190331,000000,1.9,1.95,1.87,1.89,0,0
OMG.V,D,20190401,000000,1.89,1.95,1.8,1.83,0,0
OMG.V,D,20190402,000000,1.83,2.1,1.82,2.09,0,0
OMG.V,D,20190403,000000,2.09,2.31,2.03,2.16,0,0
OMG.V,D,20190404,000000,2.16,2.24,1.97,2.14,0,0
OMG.V,D,20190405,000000,2.14,2.48,2.11,2.47,0,0
OMG.V,D,20190406,000000,2.47,2.5,2.33,2.36,0,0
OMG.V,D,20190407,000000,2.36,2.41,2.28,2.38,0,0
OMG.V,D,20190408,000000,2.38,2.52,2.22,2.39,0,0
OMG.V,D,20190409,000000,2.39,2.41,2.23,2.28,0,0
OMG.V,D,20190410,000000,2.28,2.35,2.19,2.23,0,0
OMG.V,D,20190411,000000,2.23,2.25,1.89,1.99,0,0
OMG.V,D,20190412,000000,1.99,2.06,1.88,1.95,0,0
OMG.V,D,20190413,000000,1.95,2.01,1.92,1.93,0,0
OMG.V,D,20190414,000000,1.93,1.97,1.84,1.94,0,0
OMG.V,D,20190415,000000,1.94,2.04,1.8,1.83,0,0
OMG.V,D,20190416,000000,1.83,1.97,1.82,1.93,0,0
OMG.V,D,20190417,000000,1.93,1.97,1.9,1.96,0,0
OMG.V,D,20190418,000000,1.96,2.01,1.93,1.98,0,0
OMG.V,D,20190419,000000,1.98,2.01,1.92,1.98,0,0
OMG.V,D,20190420,000000,1.98,2,1.94,1.94,0,0
OMG.V,D,20190421,000000,1.94,1.98,1.8,1.85,0,0
OMG.V,D,20190422,000000,1.85,1.9,1.83,1.89,0,0
OMG.V,D,20190423,000000,1.89,1.91,1.81,1.82,0,0
OMG.V,D,20190424,000000,1.82,1.82,1.58,1.64,0,0
OMG.V,D,20190425,000000,1.64,1.72,1.61,1.61,0,0
OMG.V,D,20190426,000000,1.62,1.62,1.4,1.55,0,0
OMG.V,D,20190427,000000,1.55,1.66,1.51,1.62,0,0
OMG.V,D,20190428,000000,1.62,1.66,1.56,1.57,0,0
OMG.V,D,20190429,000000,1.57,1.62,1.5,1.56,0,0
OMG.V,D,20190430,000000,1.56,1.63,1.52,1.63,0,0
OMG.V,D,20190501,000000,1.63,1.72,1.62,1.66,0,0
OMG.V,D,20190502,000000,1.66,1.78,1.6,1.77,0,0
OMG.V,D,20190503,000000,1.77,1.81,1.7,1.76,0,0
OMG.V,D,20190504,000000,1.76,1.84,1.63,1.69,0,0
OMG.V,D,20190505,000000,1.69,1.7,1.57,1.58,0,0
OMG.V,D,20190506,000000,1.58,1.74,1.57,1.68,0,0
OMG.V,D,20190507,000000,1.68,1.76,1.63,1.74,0,0
OMG.V,D,20190508,000000,1.74,1.75,1.62,1.72,0,0
OMG.V,D,20190509,000000,1.72,1.74,1.62,1.63,0,0
OMG.V,D,20190510,000000,1.63,1.65,1.56,1.6,0,0
OMG.V,D,20190511,000000,1.6,1.79,1.59,1.78,0,0
OMG.V,D,20190512,000000,1.78,1.84,1.6,1.66,0,0
OMG.V,D,20190513,000000,1.66,1.8,1.62,1.76,0,0
OMG.V,D,20190514,000000,1.77,1.87,1.69,1.81,0,0
OMG.V,D,20190515,000000,1.81,2.19,1.81,2.13,0,0
OMG.V,D,20190516,000000,2.11,2.41,2.05,2.16,0,0
OMG.V,D,20190517,000000,2.16,2.18,1.85,1.96,0,0
OMG.V,D,20190518,000000,1.96,2.03,1.86,1.9,0,0
OMG.V,D,20190519,000000,1.9,2.08,1.88,2.08,0,0
OMG.V,D,20190520,000000,2.08,2.15,1.88,2.07,0,0
OMG.V,D,20190521,000000,2.07,2.15,2,2.1,0,0
OMG.V,D,20190522,000000,2.1,2.15,1.95,1.96,0,0
OMG.V,D,20190523,000000,1.96,1.99,1.77,1.94,0,0
OMG.V,D,20190524,000000,1.94,2.04,1.91,2,0,0
OMG.V,D,20190525,000000,2,2.01,1.94,1.96,0,0
OMG.V,D,20190526,000000,1.96,2.11,1.91,2.1,0,0
OMG.V,D,20190527,000000,2.1,2.27,2.06,2.17,0,0
OMG.V,D,20190528,000000,2.17,2.32,2.16,2.31,0,0
OMG.V,D,20190529,000000,2.31,2.36,2.12,2.29,0,0
OMG.V,D,20190530,000000,2.29,2.48,2.07,2.12,0,0
OMG.V,D,20190531,000000,2.12,2.22,2.1,2.21,0,0
OMG.V,D,20190601,000000,2.21,2.33,2.2,2.28,0,0
OMG.V,D,20190602,000000,2.28,2.38,2.21,2.33,0,0
OMG.V,D,20190603,000000,2.33,2.36,2.16,2.22,0,0
OMG.V,D,20190604,000000,2.22,2.22,1.91,1.92,0,0
OMG.V,D,20190605,000000,1.92,2.03,1.91,1.95,0,0
OMG.V,D,20190606,000000,1.95,2,1.89,1.98,0,0
OMG.V,D,20190607,000000,1.98,2.08,1.97,2.01,0,0
OMG.V,D,20190608,000000,2.01,2.05,1.96,1.99,0,0
OMG.V,D,20190609,000000,1.99,2.02,1.84,1.88,0,0
OMG.V,D,20190610,000000,1.88,2.02,1.84,2.011,0,0
OMG.V,D,20190611,000000,2.011,2.047,1.909,1.994,0,0
OMG.V,D,20190612,000000,1.994,2.067,1.961,2.048,0,0
OMG.V,D,20190613,000000,2.048,2.154,2.017,2.148,0,0
OMG.V,D,20190614,000000,2.148,2.193,2.028,2.064,0,0
OMG.V,D,20190615,000000,2.064,2.181,2.064,2.103,0,0
OMG.V,D,20190616,000000,2.103,2.224,2.08,2.133,0,0
OMG.V,D,20190617,000000,2.133,2.162,2.09,2.127,0,0
OMG.V,D,20190618,000000,2.126,2.142,2.019,2.029,0,0
OMG.V,D,20190619,000000,2.029,2.139,2.029,2.1,0,0
OMG.V,D,20190620,000000,2.1,2.103,2.017,2.035,0,0
OMG.V,D,20190621,000000,2.035,2.091,2.026,2.081,0,0
OMG.V,D,20190622,000000,2.081,2.315,2.051,2.273,0,0
OMG.V,D,20190623,000000,2.273,2.347,2.181,2.295,0,0
OMG.V,D,20190624,000000,2.295,2.479,2.183,2.364,0,0
OMG.V,D,20190625,000000,2.364,2.449,2.27,2.445,0,0
OMG.V,D,20190626,000000,2.449,3.229,2.41,2.699,0,0
OMG.V,D,20190627,000000,2.699,2.851,2.2,2.349,0,0
OMG.V,D,20190628,000000,2.349,2.752,2.31,2.61,0,0
OMG.V,D,20190629,000000,2.61,2.854,2.563,2.788,0,0
OMG.V,D,20190630,000000,2.788,2.865,2.468,2.597,0,0
OMG.V,D,20190701,000000,2.597,2.614,2.287,2.416,0,0
OMG.V,D,20190702,000000,2.416,2.465,2.216,2.393,0,0
OMG.V,D,20190703,000000,2.393,2.477,2.346,2.404,0,0
OMG.V,D,20190704,000000,2.404,2.497,2.378,2.394,0,0
OMG.V,D,20190705,000000,2.394,2.42,2.255,2.319,0,0
OMG.V,D,20190706,000000,2.319,2.443,2.285,2.371,0,0
OMG.V,D,20190707,000000,2.371,2.42,2.31,2.401,0,0
OMG.V,D,20190708,000000,2.401,2.696,2.38,2.631,0,0
OMG.V,D,20190709,000000,2.631,2.631,2.409,2.43,0,0
OMG.V,D,20190710,000000,2.43,2.494,2.115,2.216,0,0
OMG.V,D,20190711,000000,2.216,2.238,1.851,1.944,0,0
OMG.V,D,20190712,000000,1.944,2.024,1.882,1.976,0,0
OMG.V,D,20190713,000000,1.976,2.001,1.771,1.789,0,0
OMG.V,D,20190714,000000,1.789,1.87,1.574,1.676,0,0
OMG.V,D,20190715,000000,1.676,1.677,1.341,1.567,0,0
OMG.V,D,20190716,000000,1.567,1.606,1.309,1.391,0,0
OMG.V,D,20190717,000000,1.39,1.47,1.304,1.433,0,0
OMG.V,D,20190718,000000,1.432,1.555,1.378,1.52,0,0
OMG.V,D,20190719,000000,1.52,1.555,1.461,1.52,0,0
OMG.V,D,20190720,000000,1.52,1.85,1.508,1.781,0,0
OMG.V,D,20190721,000000,1.781,1.789,1.655,1.734,0,0
OMG.V,D,20190722,000000,1.734,1.745,1.607,1.643,0,0
OMG.V,D,20190723,000000,1.643,1.661,1.541,1.595,0,0
OMG.V,D,20190724,000000,1.595,1.687,1.493,1.681,0,0
OMG.V,D,20190725,000000,1.681,1.74,1.681,1.698,0,0
OMG.V,D,20190726,000000,1.698,1.713,1.647,1.683,0,0
OMG.V,D,20190727,000000,1.683,1.736,1.551,1.58,0,0
OMG.V,D,20190728,000000,1.58,1.675,1.551,1.551,0,0
OMG.V,D,20190729,000000,1.551,1.571,1.442,1.526,0,0
OMG.V,D,20190730,000000,1.526,1.562,1.496,1.536,0,0
OMG.V,D,20190731,000000,1.537,1.595,1.532,1.573,0,0
OMG.V,D,20190801,000000,1.573,1.594,1.518,1.531,0,0
OMG.V,D,20190802,000000,1.531,1.567,1.51,1.523,0,0
OMG.V,D,20190803,000000,1.523,1.57,1.519,1.537,0,0
OMG.V,D,20190804,000000,1.537,1.553,1.49,1.525,0,0
OMG.V,D,20190805,000000,1.525,1.59,1.523,1.558,0,0
OMG.V,D,20190806,000000,1.557,1.565,1.459,1.463,0,0
OMG.V,D,20190807,000000,1.463,1.497,1.399,1.431,0,0
OMG.V,D,20190808,000000,1.431,1.479,1.403,1.428,0,0
OMG.V,D,20190809,000000,1.419,1.433,1.306,1.327,0,0
OMG.V,D,20190810,000000,1.327,1.361,1.28,1.324,0,0
OMG.V,D,20190811,000000,1.324,1.441,1.31,1.428,0,0
OMG.V,D,20190812,000000,1.428,1.428,1.36,1.373,0,0
OMG.V,D,20190813,000000,1.373,1.383,1.313,1.346,0,0
OMG.V,D,20190814,000000,1.346,1.358,1.109,1.179,0,0
OMG.V,D,20190815,000000,1.179,1.19,1.1,1.157,0,0
OMG.V,D,20190816,000000,1.157,1.179,1.12,1.168,0,0
OMG.V,D,20190817,000000,1.168,1.182,1.14,1.147,0,0
OMG.V,D,20190818,000000,1.147,1.262,1.147,1.256,0,0
OMG.V,D,20190819,000000,1.257,1.271,1.211,1.217,0,0
OMG.V,D,20190820,000000,1.217,1.25,1.207,1.226,0,0
OMG.V,D,20190821,000000,1.226,1.23,1.134,1.177,0,0
OMG.V,D,20190822,000000,1.177,1.253,1.161,1.233,0,0
OMG.V,D,20190823,000000,1.234,1.267,1.221,1.244,0,0
OMG.V,D,20190824,000000,1.244,1.264,1.202,1.253,0,0
OMG.V,D,20190825,000000,1.253,1.297,1.243,1.244,0,0
OMG.V,D,20190826,000000,1.245,1.285,1.209,1.233,0,0
OMG.V,D,20190827,000000,1.233,1.243,1.167,1.171,0,0
OMG.V,D,20190828,000000,1.172,1.199,1.074,1.105,0,0
OMG.V,D,20190829,000000,1.105,1.105,1.026,1.06,0,0
OMG.V,D,20190830,000000,1.06,1.11,1.052,1.08,0,0
OMG.V,D,20190831,000000,1.08,1.084,1.058,1.078,0,0
OMG.V,D,20190901,000000,1.078,1.129,1.072,1.096,0,0
OMG.V,D,20190902,000000,1.096,1.11,1.066,1.098,0,0
OMG.V,D,20190903,000000,1.098,1.111,1.072,1.097,0,0
OMG.V,D,20190904,000000,1.097,1.097,1.051,1.069,0,0
OMG.V,D,20190905,000000,1.069,1.09,1.041,1.042,0,0
OMG.V,D,20190906,000000,1.042,1.089,1.005,1.024,0,0
OMG.V,D,20190907,000000,1.023,1.077,1.005,1.074,0,0
OMG.V,D,20190908,000000,1.074,1.09,1.053,1.075,0,0
OMG.V,D,20190909,000000,1.075,1.092,1.042,1.065,0,0
OMG.V,D,20190910,000000,1.065,1.101,1.06,1.065,0,0
OMG.V,D,20190911,000000,1.065,1.086,1.029,1.047,0,0
OMG.V,D,20190912,000000,1.047,1.065,1.026,1.054,0,0
OMG.V,D,20190913,000000,1.054,1.06,1.015,1.037,0,0
OMG.V,D,20190914,000000,1.037,1.061,1.034,1.054,0,0
OMG.V,D,20190915,000000,1.054,1.055,1.046,1.049,0,0
OMG.V,D,20190916,000000,1.049,1.084,1.043,1.058,0,0
OMG.V,D,20190917,000000,1.058,1.126,1.055,1.122,0,0
OMG.V,D,20190918,000000,1.122,1.208,1.108,1.183,0,0
OMG.V,D,20190919,000000,1.183,1.192,1.089,1.145,0,0
OMG.V,D,20190920,000000,1.145,1.156,1.111,1.126,0,0
OMG.V,D,20190921,000000,1.126,1.149,1.108,1.116,0,0
OMG.V,D,20190922,000000,1.116,1.13,1.063,1.074,0,0
OMG.V,D,20190923,000000,1.075,1.079,1.017,1.021,0,0
OMG.V,D,20190924,000000,1.021,1.033,0.7262,0.7964,0,0
OMG.V,D,20190925,000000,0.7964,0.8354,0.7632,0.8307,0,0
OMG.V,D,20190926,000000,0.8307,0.8338,0.7507,0.7931,0,0
OMG.V,D,20190927,000000,0.7931,0.8289,0.7794,0.8201,0,0
OMG.V,D,20190928,000000,0.8203,0.8295,0.7946,0.8176,0,0
OMG.V,D,20190929,000000,0.8179,0.8293,0.7761,0.7961,0,0
OMG.V,D,20190930,000000,0.7963,0.8327,0.7923,0.8182,0,0
OMG.V,D,20191001,000000,0.8185,0.8456,0.7993,0.8119,0,0
OMG.V,D,20191002,000000,0.8118,0.8326,0.8061,0.8251,0,0
OMG.V,D,20191003,000000,0.8251,0.8365,0.8008,0.814,0,0
OMG.V,D,20191004,000000,0.8142,0.8525,0.8054,0.8443,0,0
OMG.V,D,20191005,000000,0.8447,0.8475,0.8267,0.8384,0,0
OMG.V,D,20191006,000000,0.8382,0.8968,0.8362,0.8612,0,0
OMG.V,D,20191007,000000,0.8612,0.9259,0.8611,0.9032,0,0
OMG.V,D,20191008,000000,0.9032,0.9292,0.8868,0.8933,0,0
OMG.V,D,20191009,000000,0.8933,0.9428,0.8933,0.9145,0,0
OMG.V,D,20191010,000000,0.9145,0.9267,0.8846,0.8936,0,0
OMG.V,D,20191011,000000,0.8938,0.9009,0.8382,0.8405,0,0
OMG.V,D,20191012,000000,0.8405,0.8564,0.8284,0.8356,0,0
OMG.V,D,20191013,000000,0.836,0.8474,0.8304,0.8431,0,0
OMG.V,D,20191014,000000,0.8225,0.8357,0.8182,0.8237,0,0
OMG.V,D,20191015,000000,0.8237,0.8317,0.7909,0.7937,0,0
OMG.V,D,20191016,000000,0.7934,0.8034,0.7602,0.7713,0,0
OMG.V,D,20191017,000000,0.7714,0.8216,0.7632,0.7989,0,0
OMG.V,D,20191018,000000,0.799,0.8163,0.7678,0.7713,0,0
OMG.V,D,20191019,000000,0.7711,0.7802,0.7594,0.769,0,0
OMG.V,D,20191020,000000,0.769,0.8334,0.7601,0.8185,0,0
OMG.V,D,20191021,000000,0.8184,0.8323,0.8004,0.8122,0,0
OMG.V,D,20191022,000000,0.8122,0.8324,0.7867,0.7891,0,0
OMG.V,D,20191023,000000,0.7892,0.7893,0.7079,0.7209,0,0
OMG.V,D,20191024,000000,0.7209,0.8024,0.7114,0.7892,0,0
OMG.V,D,20191025,000000,0.7892,0.8599,0.7703,0.8454,0,0
OMG.V,D,20191026,000000,0.8454,0.9196,0.8167,0.8348,0,0
OMG.V,D,20191027,000000,0.8348,1.044,0.8322,0.9884,0,0
OMG.V,D,20191028,000000,0.9884,1.1,0.9319,1.067,0,0
OMG.V,D,20191029,000000,1.067,1.12,1.011,1.048,0,0
OMG.V,D,20191030,000000,1.048,1.048,0.9406,0.9992,0,0
OMG.V,D,20191031,000000,0.9992,1.001,0.9272,0.941,0,0
OMG.V,D,20191101,000000,0.9412,0.9869,0.9334,0.9797,0,0
OMG.V,D,20191102,000000,0.9793,1.008,0.9608,0.9885,0,0
OMG.V,D,20191103,000000,0.9885,0.9984,0.9459,0.962,0,0
OMG.V,D,20191104,000000,0.9622,0.9995,0.9472,0.9836,0,0
OMG.V,D,20191105,000000,0.9834,1.063,0.9721,1.036,0,0
OMG.V,D,20191106,000000,1.036,1.096,1.014,1.023,0,0
OMG.V,D,20191107,000000,1.023,1.046,0.9659,0.9989,0,0
OMG.V,D,20191108,000000,0.9989,1.004,0.9246,0.9589,0,0
OMG.V,D,20191109,000000,0.958,0.9721,0.9443,0.9599,0,0
OMG.V,D,20191110,000000,0.9589,1.025,0.9471,1.015,0,0
OMG.V,D,20191111,000000,1.013,1.02,0.9278,0.9502,0,0
OMG.V,D,20191112,000000,0.9497,0.9842,0.9437,0.9797,0,0
OMG.V,D,20191113,000000,0.9797,0.9979,0.9511,0.9834,0,0
OMG.V,D,20191114,000000,0.983,1.041,0.9554,1.023,0,0
OMG.V,D,20191115,000000,1.023,1.079,0.9778,1.015,0,0
OMG.V,D,20191116,000000,1.015,1.078,0.9993,1.05,0,0
OMG.V,D,20191117,000000,1.05,1.073,0.9927,1.037,0,0
OMG.V,D,20191118,000000,1.037,1.046,0.9098,0.9455,0,0
OMG.V,D,20191119,000000,0.9455,0.9489,0.8757,0.9013,0,0
OMG.V,D,20191120,000000,0.9017,0.9426,0.886,0.8883,0,0
OMG.V,D,20191121,000000,0.8884,0.8907,0.7843,0.8228,0,0
OMG.V,D,20191122,000000,0.8228,0.856,0.7218,0.7734,0,0
OMG.V,D,20191123,000000,0.7734,0.8133,0.7606,0.8041,0,0
OMG.V,D,20191124,000000,0.8041,0.8148,0.7412,0.7609,0,0
OMG.V,D,20191125,000000,0.7609,0.7683,0.667,0.751,0,0
OMG.V,D,20191126,000000,0.751,0.7642,0.7218,0.7434,0,0
OMG.V,D,20191127,000000,0.7433,0.7891,0.7132,0.7674,0,0
OMG.V,D,20191128,000000,0.7676,0.8019,0.7627,0.7766,0,0
OMG.V,D,20191129,000000,0.7772,0.8249,0.7748,0.8023,0,0
OMG.V,D,20191130,000000,0.8025,0.8096,0.7522,0.7696,0,0
OMG.V,D,20191201,000000,0.7688,0.7723,0.7254,0.7486,0,0
OMG.V,D,20191202,000000,0.7486,0.7524,0.7287,0.7402,0,0
OMG.V,D,20191203,000000,0.7402,0.7474,0.7296,0.7439,0,0
OMG.V,D,20191204,000000,0.744,0.7757,0.7145,0.7248,0,0
OMG.V,D,20191205,000000,0.7248,0.7399,0.7153,0.7312,0,0
OMG.V,D,20191206,000000,0.7312,0.7553,0.7279,0.7503,0,0
OMG.V,D,20191207,000000,0.7504,0.7581,0.7469,0.7511,0,0
OMG.V,D,20191208,000000,0.7513,0.7575,0.7345,0.7527,0,0
OMG.V,D,20191209,000000,0.7526,0.7695,0.7296,0.7327,0,0
OMG.V,D,20191210,000000,0.7328,0.7417,0.7063,0.7293,0,0
OMG.V,D,20191211,000000,0.7293,0.7433,0.7154,0.7179,0,0
OMG.V,D,20191212,000000,0.719,0.7253,0.7043,0.7105,0,0
OMG.V,D,20191213,000000,0.7106,0.7268,0.7058,0.7068,0,0
OMG.V,D,20191214,000000,0.7068,0.8394,0.6925,0.7114,0,0
OMG.V,D,20191215,000000,0.7113,0.7115,0.6902,0.7033,0,0
OMG.V,D,20191216,000000,0.7032,0.7033,0.6397,0.6492,0,0
OMG.V,D,20191217,000000,0.6492,0.6561,0.5785,0.5916,0,0
OMG.V,D,20191218,000000,0.5918,0.668,0.568,0.668,0,0
OMG.V,D,20191219,000000,0.6751,0.6751,0.6285,0.6323,0,0
OMG.V,D,20191220,000000,0.6326,0.6601,0.6243,0.6549,0,0
OMG.V,D,20191221,000000,0.6547,0.6571,0.6402,0.6505,0,0
OMG.V,D,20191222,000000,0.6504,0.6604,0.6453,0.6491,0,0
OMG.V,D,20191223,000000,0.6487,0.6668,0.623,0.6269,0,0
OMG.V,D,20191224,000000,0.6269,0.6307,0.6138,0.624,0,0
OMG.V,D,20191225,000000,0.6241,0.6242,0.6032,0.6123,0,0
OMG.V,D,20191226,000000,0.6123,0.6323,0.6014,0.6124,0,0
OMG.V,D,20191227,000000,0.6124,0.6244,0.6031,0.6242,0,0
OMG.V,D,20191228,000000,0.6242,0.6312,0.62,0.6253,0,0
OMG.V,D,20191229,000000,0.6251,0.6521,0.616,0.6372,0,0
OMG.V,D,20191230,000000,0.6373,0.6431,0.6155,0.6227,0,0
OMG.V,D,20191231,000000,0.6227,0.6261,0.6022,0.6096,0,0
OMG.V,D,20200101,000000,0.6096,0.6239,0.605,0.6188,0,0
OMG.V,D,20200102,000000,0.619,0.6249,0.5859,0.5967,0,0
OMG.V,D,20200103,000000,0.5967,0.6406,0.5876,0.6248,0,0
OMG.V,D,20200104,000000,0.6245,0.6293,0.617,0.627,0,0
OMG.V,D,20200105,000000,0.627,0.6504,0.6248,0.6356,0,0
OMG.V,D,20200106,000000,0.6354,0.685,0.6319,0.6796,0,0
OMG.V,D,20200107,000000,0.6799,0.7048,0.6653,0.6728,0,0
OMG.V,D,20200108,000000,0.6727,0.692,0.6388,0.6558,0,0
OMG.V,D,20200109,000000,0.6559,0.6684,0.6305,0.6339,0,0
OMG.V,D,20200110,000000,0.6338,0.6676,0.63,0.657,0,0
OMG.V,D,20200111,000000,0.657,0.6885,0.6501,0.674,0,0
OMG.V,D,20200112,000000,0.6739,0.6908,0.6656,0.6875,0,0
OMG.V,D,20200113,000000,0.6875,0.6966,0.6576,0.6698,0,0
OMG.V,D,20200114,000000,0.6699,0.7409,0.6681,0.7295,0,0
OMG.V,D,20200115,000000,0.7295,0.8266,0.7225,0.797,0,0
OMG.V,D,20200116,000000,0.797,0.8027,0.7439,0.7749,0,0
OMG.V,D,20200117,000000,0.7743,0.8886,0.7597,0.8783,0,0
OMG.V,D,20200118,000000,0.8784,0.8965,0.8108,0.8563,0,0
OMG.V,D,20200119,000000,0.8563,0.8566,0.7568,0.7986,0,0
OMG.V,D,20200120,000000,0.7986,0.8187,0.7535,0.7807,0,0
OMG.V,D,20200121,000000,0.7807,0.8182,0.777,0.8165,0,0
OMG.V,D,20200122,000000,0.8161,0.8475,0.8084,0.8108,0,0
OMG.V,D,20200123,000000,0.8109,0.816,0.7587,0.761,0,0
OMG.V,D,20200124,000000,0.7612,0.8093,0.7258,0.7818,0,0
OMG.V,D,20200125,000000,0.782,0.7987,0.7525,0.7607,0,0
OMG.V,D,20200126,000000,0.7606,0.8037,0.7559,0.7824,0,0
OMG.V,D,20200127,000000,0.7827,0.8276,0.7817,0.807,0,0
OMG.V,D,20200128,000000,0.8071,0.8281,0.7957,0.8145,0,0
OMG.V,D,20200129,000000,0.8147,0.8546,0.8124,0.8485,0,0
OMG.V,D,20200130,000000,0.8485,0.89,0.8232,0.8899,0,0
OMG.V,D,20200131,000000,0.8899,0.9208,0.8714,0.899,0,0
OMG.V,D,20200201,000000,0.899,0.9176,0.8942,0.9111,0,0
OMG.V,D,20200202,000000,0.9113,1.03,0.9112,1.005,0,0
OMG.V,D,20200203,000000,1.005,1.006,0.937,0.961,0,0
OMG.V,D,20200204,000000,0.9608,0.996,0.9362,0.9802,0,0
OMG.V,D,20200205,000000,0.9801,1.043,0.9746,1.033,0,0
OMG.V,D,20200206,000000,1.033,1.153,1.029,1.109,0,0
OMG.V,D,20200207,000000,1.109,1.178,1.102,1.12,0,0
OMG.V,D,20200208,000000,1.12,1.173,1.061,1.153,0,0
OMG.V,D,20200209,000000,1.153,1.174,1.099,1.133,0,0
OMG.V,D,20200210,000000,1.133,1.152,1.067,1.121,0,0
OMG.V,D,20200211,000000,1.121,1.205,1.091,1.177,0,0
OMG.V,D,20200212,000000,1.177,1.289,1.176,1.256,0,0
OMG.V,D,20200213,000000,1.256,1.316,1.219,1.279,0,0
OMG.V,D,20200214,000000,1.279,1.387,1.252,1.369,0,0
OMG.V,D,20200215,000000,1.369,1.457,1.245,1.321,0,0
OMG.V,D,20200216,000000,1.321,1.339,1.085,1.165,0,0
OMG.V,D,20200217,000000,1.164,1.205,1.057,1.145,0,0
OMG.V,D,20200218,000000,1.145,1.222,1.114,1.213,0,0
OMG.V,D,20200219,000000,1.213,1.232,1.097,1.122,0,0
OMG.V,D,20200220,000000,1.122,1.14,1.023,1.086,0,0
OMG.V,D,20200221,000000,1.087,1.123,1.072,1.09,0,0
OMG.V,D,20200222,000000,1.09,1.124,1.059,1.106,0,0
OMG.V,D,20200223,000000,1.107,1.16,1.102,1.132,0,0
OMG.V,D,20200224,000000,1.132,1.145,1.043,1.072,0,0
OMG.V,D,20200225,000000,1.078,1.078,0.9811,0.9991,0,0
OMG.V,D,20200226,000000,0.9991,1.004,0.8256,0.8583,0,0
OMG.V,D,20200227,000000,0.8583,0.9596,0.8047,0.9005,0,0
OMG.V,D,20200228,000000,0.9004,0.9391,0.8251,0.8637,0,0
OMG.V,D,20200229,000000,0.8655,0.8813,0.8392,0.8518,0,0
OMG.V,D,20200301,000000,0.8519,0.8646,0.8108,0.8505,0,0
OMG.V,D,20200302,000000,0.8505,0.9097,0.8321,0.896,0,0
OMG.V,D,20200303,000000,0.8963,0.8983,0.8678,0.8969,0,0
OMG.V,D,20200304,000000,0.8967,0.9043,0.883,0.8967,0,0
OMG.V,D,20200305,000000,0.8959,0.9489,0.8956,0.9292,0,0
OMG.V,D,20200306,000000,0.9282,0.9474,0.9227,0.9391,0,0
OMG.V,D,20200307,000000,0.9382,0.9722,0.9071,0.9178,0,0
OMG.V,D,20200308,000000,0.9188,0.9188,0.7671,0.791,0,0
OMG.V,D,20200309,000000,0.791,0.8185,0.7401,0.7786,0,0
OMG.V,D,20200310,000000,0.7786,0.8105,0.7728,0.802,0,0
OMG.V,D,20200311,000000,0.8019,0.8019,0.7191,0.7578,0,0
OMG.V,D,20200312,000000,0.7564,0.7619,0.4934,0.5235,0,0
OMG.V,D,20200313,000000,0.523,0.5508,0.3172,0.5034,0,0
OMG.V,D,20200314,000000,0.5034,0.5191,0.4773,0.4825,0,0
OMG.V,D,20200315,000000,0.4818,0.5269,0.4631,0.4844,0,0
OMG.V,D,20200316,000000,0.4847,0.4993,0.4,0.429,0,0
OMG.V,D,20200317,000000,0.429,0.4864,0.429,0.4703,0,0
OMG.V,D,20200318,000000,0.4693,0.4857,0.4282,0.4585,0,0
OMG.V,D,20200319,000000,0.4585,0.56,0.458,0.5541,0,0
OMG.V,D,20200320,000000,0.5541,0.5964,0.4724,0.5202,0,0
OMG.V,D,20200321,000000,0.5219,0.5463,0.4943,0.5231,0,0
OMG.V,D,20200322,000000,0.5231,0.546,0.4735,0.4816,0,0
OMG.V,D,20200323,000000,0.4816,0.5341,0.4683,0.4998,0,0
OMG.V,D,20200324,000000,0.4998,0.537,0.495,0.5334,0,0
OMG.V,D,20200325,000000,0.5347,0.5358,0.4939,0.5082,0,0
OMG.V,D,20200326,000000,0.508,0.5213,0.5044,0.517,0,0
OMG.V,D,20200327,000000,0.5168,0.5303,0.5101,0.5284,0,0
OMG.V,D,20200328,000000,0.5286,0.5293,0.4758,0.5052,0,0
OMG.V,D,20200329,000000,0.5051,0.5083,0.4667,0.4694,0,0
OMG.V,D,20200330,000000,0.4698,0.5273,0.4678,0.5245,0,0
OMG.V,D,20200331,000000,0.5247,0.5275,0.506,0.5157,0,0
OMG.V,D,20200401,000000,0.5157,0.5191,0.4986,0.5152,0,0
OMG.V,D,20200402,000000,0.5151,0.565,0.5149,0.5532,0,0
OMG.V,D,20200403,000000,0.5532,0.5803,0.5405,0.5419,0,0
OMG.V,D,20200404,000000,0.5421,0.5585,0.5409,0.5507,0,0
OMG.V,D,20200405,000000,0.5507,0.5611,0.5366,0.5406,0,0
OMG.V,D,20200406,000000,0.5407,0.5973,0.5403,0.594,0,0
OMG.V,D,20200407,000000,0.5941,0.6372,0.5895,0.5995,0,0
OMG.V,D,20200408,000000,0.5987,0.635,0.5912,0.6173,0,0
OMG.V,D,20200409,000000,0.6173,0.6269,0.6005,0.6096,0,0
OMG.V,D,20200410,000000,0.6096,0.6109,0.5352,0.5646,0,0
OMG.V,D,20200411,000000,0.5646,0.5739,0.552,0.5604,0,0
OMG.V,D,20200412,000000,0.5603,0.592,0.5538,0.5817,0,0
OMG.V,D,20200413,000000,0.5816,0.584,0.5418,0.5559,0,0
OMG.V,D,20200414,000000,0.556,0.5682,0.5491,0.5531,0,0
OMG.V,D,20200415,000000,0.5531,0.5627,0.5389,0.5434,0,0
OMG.V,D,20200416,000000,0.5434,0.574,0.5047,0.5662,0,0
OMG.V,D,20200417,000000,0.5662,0.5742,0.5586,0.5714,0,0
OMG.V,D,20200418,000000,0.5714,0.5953,0.5672,0.5938,0,0
OMG.V,D,20200419,000000,0.5937,0.6006,0.5737,0.5851,0,0
OMG.V,D,20200420,000000,0.5847,0.5922,0.5303,0.5443,0,0
OMG.V,D,20200421,000000,0.5443,0.6276,0.5357,0.5726,0,0
OMG.V,D,20200422,000000,0.5726,0.59,0.556,0.5766,0,0
OMG.V,D,20200423,000000,0.5766,0.6257,0.5754,0.6055,0,0
OMG.V,D,20200424,000000,0.6057,0.6195,0.5938,0.6178,0,0
OMG.V,D,20200425,000000,0.6175,0.6349,0.6098,0.6262,0,0
OMG.V,D,20200426,000000,0.626,0.6618,0.6257,0.661,0,0
OMG.V,D,20200427,000000,0.6612,0.6884,0.6438,0.6526,0,0
OMG.V,D,20200428,000000,0.6524,0.6651,0.6404,0.657,0,0
OMG.V,D,20200429,000000,0.6568,0.7759,0.656,0.7672,0,0
OMG.V,D,20200430,000000,0.7672,0.8146,0.717,0.7502,0,0
OMG.V,D,20200501,000000,0.7502,0.7712,0.7355,0.7486,0,0
OMG.V,D,20200502,000000,0.7485,0.7574,0.7377,0.7481,0,0
OMG.V,D,20200503,000000,0.7479,0.7617,0.7212,0.7257,0,0
OMG.V,D,20200504,000000,0.7256,0.7317,0.6695,0.7231,0,0
OMG.V,D,20200505,000000,0.7228,0.7306,0.695,0.708,0,0
OMG.V,D,20200506,000000,0.7079,0.7213,0.6996,0.7028,0,0
OMG.V,D,20200507,000000,0.7028,0.7126,0.6769,0.7024,0,0
OMG.V,D,20200508,000000,0.7024,0.8216,0.7019,0.7757,0,0
OMG.V,D,20200509,000000,0.7757,0.7868,0.7349,0.7517,0,0
OMG.V,D,20200510,000000,0.7517,0.7545,0.6352,0.683,0,0
OMG.V,D,20200511,000000,0.683,0.6847,0.6278,0.6606,0,0
OMG.V,D,20200512,000000,0.6607,0.7493,0.6563,0.7129,0,0
OMG.V,D,20200513,000000,0.7141,0.7765,0.71,0.7719,0,0
OMG.V,D,20200514,000000,0.7719,0.9984,0.7516,0.9519,0,0
OMG.V,D,20200515,000000,0.9519,1.079,0.9315,0.951,0,0
OMG.V,D,20200516,000000,0.951,0.9822,0.9068,0.9302,0,0
OMG.V,D,20200517,000000,0.9302,1.013,0.9153,1.002,0,0
OMG.V,D,20200518,000000,1.002,1.058,0.9361,1.021,0,0
OMG.V,D,20200519,000000,1.021,1.196,0.954,1.153,0,0
OMG.V,D,20200520,000000,1.154,1.204,1.126,1.177,0,0
OMG.V,D,20200521,000000,1.177,1.599,1.143,1.503,0,0
OMG.V,D,20200522,000000,1.503,3.871,1.47,1.853,0,0
OMG.V,D,20200523,000000,1.853,2.096,1.797,1.893,0,0
OMG.V,D,20200524,000000,1.893,1.926,1.561,1.596,0,0
OMG.V,D,20200525,000000,1.592,1.857,1.526,1.74,0,0
OMG.V,D,20200526,000000,1.74,1.776,1.611,1.643,0,0
OMG.V,D,20200527,000000,1.643,1.715,1.619,1.639,0,0
OMG.V,D,20200528,000000,1.639,1.666,1.583,1.626,0,0
OMG.V,D,20200529,000000,1.628,1.66,1.593,1.595,0,0
OMG.V,D,20200530,000000,1.595,1.626,1.531,1.548,0,0
OMG.V,D,20200531,000000,1.549,1.581,1.468,1.484,0,0
OMG.V,D,20200601,000000,1.484,1.783,1.484,1.756,0,0
OMG.V,D,20200602,000000,1.748,1.782,1.588,1.707,0,0
OMG.V,D,20200603,000000,1.707,1.775,1.7,1.708,0,0
OMG.V,D,20200604,000000,1.708,1.725,1.661,1.688,0,0
OMG.V,D,20200605,000000,1.688,1.699,1.648,1.659,0,0
OMG.V,D,20200606,000000,1.658,1.761,1.614,1.726,0,0
OMG.V,D,20200607,000000,1.722,1.738,1.658,1.699,0,0
OMG.V,D,20200608,000000,1.699,1.71,1.669,1.681,0,0
OMG.V,D,20200609,000000,1.681,1.694,1.631,1.637,0,0
OMG.V,D,20200610,000000,1.637,1.701,1.619,1.644,0,0
OMG.V,D,20200611,000000,1.644,1.674,1.485,1.517,0,0
OMG.V,D,20200612,000000,1.519,1.585,1.494,1.558,0,0
OMG.V,D,20200613,000000,1.562,1.679,1.547,1.621,0,0
OMG.V,D,20200614,000000,1.621,1.633,1.525,1.568,0,0
OMG.V,D,20200615,000000,1.568,1.582,1.408,1.515,0,0
OMG.V,D,20200616,000000,1.515,1.546,1.49,1.523,0,0
OMG.V,D,20200617,000000,1.523,1.529,1.482,1.51,0,0
OMG.V,D,20200618,000000,1.51,1.52,1.452,1.473,0,0
OMG.V,D,20200619,000000,1.473,1.486,1.436,1.46,0,0
OMG.V,D,20200620,000000,1.46,1.5,1.44,1.469,0,0
OMG.V,D,20200621,000000,1.469,1.485,1.458,1.463,0,0
OMG.V,D,20200622,000000,1.463,1.641,1.448,1.625,0,0
OMG.V,D,20200623,000000,1.625,1.679,1.564,1.573,0,0
OMG.V,D,20200624,000000,1.573,1.594,1.481,1.502,0,0
OMG.V,D,20200625,000000,1.501,1.521,1.454,1.48,0,0
OMG.V,D,20200626,000000,1.48,1.48,1.444,1.464,0,0
OMG.V,D,20200627,000000,1.464,1.467,1.317,1.381,0,0
OMG.V,D,20200628,000000,1.381,1.453,1.35,1.406,0,0
OMG.V,D,20200629,000000,1.405,1.499,1.37,1.477,0,0
OMG.V,D,20200630,000000,1.477,1.494,1.453,1.46,0,0
OMG.V,D,20200701,000000,1.46,1.485,1.452,1.466,0,0
OMG.V,D,20200702,000000,1.465,1.48,1.398,1.419,0,0
OMG.V,D,20200703,000000,1.42,1.448,1.393,1.432,0,0
OMG.V,D,20200704,000000,1.432,1.559,1.412,1.51,0,0
OMG.V,D,20200705,000000,1.51,1.52,1.458,1.482,0,0
OMG.V,D,20200706,000000,1.482,1.586,1.482,1.56,0,0
OMG.V,D,20200707,000000,1.56,1.57,1.509,1.524,0,0
OMG.V,D,20200708,000000,1.524,1.636,1.517,1.618,0,0
OMG.V,D,20200709,000000,1.619,1.621,1.515,1.546,0,0
OMG.V,D,20200710,000000,1.546,1.556,1.496,1.542,0,0
OMG.V,D,20200711,000000,1.542,1.558,1.526,1.536,0,0
OMG.V,D,20200712,000000,1.536,1.586,1.511,1.525,0,0
OMG.V,D,20200713,000000,1.525,1.586,1.519,1.538,0,0
OMG.V,D,20200714,000000,1.537,1.543,1.498,1.52,0,0
OMG.V,D,20200715,000000,1.52,1.538,1.501,1.525,0,0
OMG.V,D,20200716,000000,1.525,1.533,1.459,1.473,0,0
OMG.V,D,20200717,000000,1.473,1.516,1.468,1.492,0,0
OMG.V,D,20200718,000000,1.489,1.601,1.478,1.58,0,0
OMG.V,D,20200719,000000,1.58,1.639,1.539,1.563,0,0
OMG.V,D,20200720,000000,1.563,1.745,1.553,1.642,0,0
OMG.V,D,20200721,000000,1.645,1.728,1.613,1.658,0,0
OMG.V,D,20200722,000000,1.668,1.749,1.635,1.719,0,0
OMG.V,D,20200723,000000,1.719,1.762,1.672,1.704,0,0
OMG.V,D,20200724,000000,1.704,1.705,1.615,1.636,0,0
OMG.V,D,20200725,000000,1.636,1.662,1.624,1.642,0,0
OMG.V,D,20200726,000000,1.642,1.683,1.621,1.628,0,0
OMG.V,D,20200727,000000,1.628,1.631,1.479,1.553,0,0
OMG.V,D,20200728,000000,1.553,1.599,1.547,1.569,0,0
OMG.V,D,20200729,000000,1.569,1.631,1.567,1.597,0,0
