<TICKER>,<PER>,<DATE>,<TIME>,<OPEN>,<HIGH>,<LOW>,<CLOSE>,<VOL>,<OPENINT>
QTUM.V,D,20171125,000000,27.9,27.9,13.5,18,0,0
QTUM.V,D,20171126,000000,18,18,13.5,13.5,0,0
QTUM.V,D,20171127,000000,13.5,15.8,13.5,15.5,0,0
QTUM.V,D,20171128,000000,15.5,15.69,15.5,15.69,0,0
QTUM.V,D,20171129,000000,15.69,15.96,13.07,13.07,0,0
QTUM.V,D,20171130,000000,13.07,13.07,12.6,12.6,0,0
QTUM.V,D,20171201,000000,12.6,14,11.52,14,0,0
QTUM.V,D,20171202,000000,14,14,11.65,11.65,0,0
QTUM.V,D,20171203,000000,11.65,14.15,11.65,14.09,0,0
QTUM.V,D,20171204,000000,14.09,14.09,12.1,13.82,0,0
QTUM.V,D,20171205,000000,13.82,13.99,12.2,12.7,0,0
QTUM.V,D,20171206,000000,13.92,13.92,12.4,12.4,0,0
QTUM.V,D,20171207,000000,12.4,13.5,11.5,11.5,0,0
QTUM.V,D,20171208,000000,12,12,12,12,0,0
QTUM.V,D,20171209,000000,12,12,12,12,0,0
QTUM.V,D,20171210,000000,12,13.04,11.5,13.04,0,0
QTUM.V,D,20171211,000000,13.04,14.4,12.5,12.5,0,0
QTUM.V,D,20171212,000000,12.5,16,12.5,16,0,0
QTUM.V,D,20171213,000000,16,21.51,16,21.51,0,0
QTUM.V,D,20171214,000000,21.51,22.92,18.5,20.01,0,0
QTUM.V,D,20171215,000000,20.01,49.89,20.01,49.89,0,0
QTUM.V,D,20171216,000000,34.82,48.16,30.12,30.12,0,0
QTUM.V,D,20171217,000000,30.12,30.12,27.12,29,0,0
QTUM.V,D,20171218,000000,29,45.5,26.88,42.18,0,0
QTUM.V,D,20171219,000000,42.18,73.32,29.85,73.32,0,0
QTUM.V,D,20171220,000000,73.32,73.32,30.67,66.98,0,0
QTUM.V,D,20171221,000000,66.98,67.02,51.95,56.11,0,0
QTUM.V,D,20171222,000000,59.2,59.24,37.34,45.76,0,0
QTUM.V,D,20171223,000000,45.76,56.7,45.76,47.4,0,0
QTUM.V,D,20171224,000000,47.1,51.05,43.69,45.52,0,0
QTUM.V,D,20171225,000000,45.42,50.5,45.42,48.05,0,0
QTUM.V,D,20171226,000000,48.05,51.32,47.8,50.05,0,0
QTUM.V,D,20171227,000000,50.05,54.63,47.91,49,0,0
QTUM.V,D,20171228,000000,49,49.99,47.7,49.55,0,0
QTUM.V,D,20171229,000000,49.55,53.26,49.55,51.52,0,0
QTUM.V,D,20171230,000000,51.52,52.06,48.1,50.82,0,0
QTUM.V,D,20171231,000000,50.83,52.74,48.3,52.38,0,0
QTUM.V,D,20180101,000000,52.38,56.02,49.9,56.02,0,0
QTUM.V,D,20180102,000000,56.02,57.73,46.5,53.22,0,0
QTUM.V,D,20180103,000000,53.22,55.33,50.5,52.49,0,0
QTUM.V,D,20180104,000000,52.49,52.49,45.53,45.6,0,0
QTUM.V,D,20180105,000000,45.6,61,44.41,50.05,0,0
QTUM.V,D,20180106,000000,50.05,74,44.88,69.01,0,0
QTUM.V,D,20180107,000000,69.01,82,58.33,61,0,0
QTUM.V,D,20180108,000000,61,63.98,47.31,55.02,0,0
QTUM.V,D,20180109,000000,55.02,58.1,50,52.01,0,0
QTUM.V,D,20180110,000000,52.01,57,47.31,52.8,0,0
QTUM.V,D,20180111,000000,52.85,53.44,40.81,45,0,0
QTUM.V,D,20180112,000000,45,51.99,42.85,49.52,0,0
QTUM.V,D,20180113,000000,49.52,57.99,49.4,55,0,0
QTUM.V,D,20180114,000000,55,55.5,47.66,54,0,0
QTUM.V,D,20180115,000000,54,58.5,51.02,51.49,0,0
QTUM.V,D,20180116,000000,51.49,51.49,28.11,34.64,0,0
QTUM.V,D,20180117,000000,34.64,38.6,26.32,36.11,0,0
QTUM.V,D,20180118,000000,36.11,39.8,33.03,36.52,0,0
QTUM.V,D,20180119,000000,36.55,42.66,35.02,38.58,0,0
QTUM.V,D,20180120,000000,38.58,52.45,37.75,51.57,0,0
QTUM.V,D,20180121,000000,51.57,52.81,39.43,43.04,0,0
QTUM.V,D,20180122,000000,43.04,44.28,35.55,39.04,0,0
QTUM.V,D,20180123,000000,39.04,41.84,35.13,39.05,0,0
QTUM.V,D,20180124,000000,39.05,42.05,37.7,40.5,0,0
QTUM.V,D,20180125,000000,40.51,43.93,39.03,40.32,0,0
QTUM.V,D,20180126,000000,40.32,41.75,35.03,38.41,0,0
QTUM.V,D,20180127,000000,38.71,40.54,37.93,40.28,0,0
QTUM.V,D,20180128,000000,40.28,42.9,39.23,42.52,0,0
QTUM.V,D,20180129,000000,42.52,44.5,40.71,40.94,0,0
QTUM.V,D,20180130,000000,40.94,41.9,35.01,37.8,0,0
QTUM.V,D,20180131,000000,37.8,41.01,34.04,40.73,0,0
QTUM.V,D,20180201,000000,40.73,41.48,33.59,35.03,0,0
QTUM.V,D,20180202,000000,35.03,35.97,23,30.45,0,0
QTUM.V,D,20180203,000000,30.79,32.51,26.34,30.26,0,0
QTUM.V,D,20180204,000000,30.92,31.48,24.8,26.66,0,0
QTUM.V,D,20180205,000000,26.66,26.96,18.61,19.63,0,0
QTUM.V,D,20180206,000000,19.63,24.1,16.24,23.78,0,0
QTUM.V,D,20180207,000000,23.78,24.61,20.51,22.58,0,0
QTUM.V,D,20180208,000000,22.58,25.44,21.4,24.93,0,0
QTUM.V,D,20180209,000000,24.93,30.93,24.41,29,0,0
QTUM.V,D,20180210,000000,29,33.88,27.16,28.81,0,0
QTUM.V,D,20180211,000000,28.81,28.9,25.11,27.68,0,0
QTUM.V,D,20180212,000000,27.68,29.93,26.2,29.82,0,0
QTUM.V,D,20180213,000000,29.82,29.93,27.06,28.92,0,0
QTUM.V,D,20180214,000000,28.92,32.21,28.36,32.08,0,0
QTUM.V,D,20180215,000000,32.08,32.98,30.52,31.71,0,0
QTUM.V,D,20180216,000000,31.71,32.67,30.36,31.61,0,0
QTUM.V,D,20180217,000000,31.61,32.86,31.53,32.65,0,0
QTUM.V,D,20180218,000000,32.65,32.7,28.53,30.22,0,0
QTUM.V,D,20180219,000000,30.22,31.92,29.22,31.2,0,0
QTUM.V,D,20180220,000000,31.2,32.28,29,29.19,0,0
QTUM.V,D,20180221,000000,29.12,29.7,25.71,26.5,0,0
QTUM.V,D,20180222,000000,26.5,27.78,24.12,25,0,0
QTUM.V,D,20180223,000000,25,26.79,23.84,25.7,0,0
QTUM.V,D,20180224,000000,25.7,27.54,24.01,24.75,0,0
QTUM.V,D,20180225,000000,24.75,25.58,24.2,25.14,0,0
QTUM.V,D,20180226,000000,25.14,29.25,24.15,27.71,0,0
QTUM.V,D,20180227,000000,27.71,28.88,26.74,27.63,0,0
QTUM.V,D,20180228,000000,27.63,28.1,25.68,25.74,0,0
QTUM.V,D,20180301,000000,25.74,26.84,25.24,26.3,0,0
QTUM.V,D,20180302,000000,26.3,26.57,25,25.87,0,0
QTUM.V,D,20180303,000000,25.87,26.68,25.25,25.46,0,0
QTUM.V,D,20180304,000000,25.46,26.56,24.83,26.29,0,0
QTUM.V,D,20180305,000000,26.55,27.52,25.86,26.62,0,0
QTUM.V,D,20180306,000000,26.62,26.72,24.32,24.58,0,0
QTUM.V,D,20180307,000000,24.58,25.61,20.15,21.53,0,0
QTUM.V,D,20180308,000000,21.53,22.12,19.31,19.63,0,0
QTUM.V,D,20180309,000000,19.63,19.83,17,18.98,0,0
QTUM.V,D,20180310,000000,19.06,19.86,17.79,18.08,0,0
QTUM.V,D,20180311,000000,18.08,19.56,17.23,19.29,0,0
QTUM.V,D,20180312,000000,19.29,19.4,17.6,18.09,0,0
QTUM.V,D,20180313,000000,18.09,18.57,17.52,18,0,0
QTUM.V,D,20180314,000000,18,18.65,15.44,15.78,0,0
QTUM.V,D,20180315,000000,15.78,16.5,14.21,15.48,0,0
QTUM.V,D,20180316,000000,15.48,15.74,14.55,15.12,0,0
QTUM.V,D,20180317,000000,15.12,15.24,13.2,13.77,0,0
QTUM.V,D,20180318,000000,13.77,13.77,10.99,12.95,0,0
QTUM.V,D,20180319,000000,12.95,18.99,12.94,18.99,0,0
QTUM.V,D,20180320,000000,18.99,21.87,18.02,20.3,0,0
QTUM.V,D,20180321,000000,20.3,21.05,18.64,18.65,0,0
QTUM.V,D,20180322,000000,18.65,19.98,17.6,19.22,0,0
QTUM.V,D,20180323,000000,19.22,19.5,17.53,18.15,0,0
QTUM.V,D,20180324,000000,18.15,19.45,17.82,17.97,0,0
QTUM.V,D,20180325,000000,17.96,18.47,17.3,17.99,0,0
QTUM.V,D,20180326,000000,17.99,18.31,15.12,15.12,0,0
QTUM.V,D,20180327,000000,15.12,16.98,14.57,15.77,0,0
QTUM.V,D,20180328,000000,15.77,16.16,15,15.3,0,0
QTUM.V,D,20180329,000000,15.3,15.69,13.81,14.3,0,0
QTUM.V,D,20180330,000000,14.3,14.91,13.08,14.58,0,0
QTUM.V,D,20180331,000000,14.58,14.7,13.98,14.02,0,0
QTUM.V,D,20180401,000000,14.02,14.24,12.55,13.53,0,0
QTUM.V,D,20180402,000000,13.53,14.98,13.21,14.14,0,0
QTUM.V,D,20180403,000000,14.14,15.03,14.14,14.98,0,0
QTUM.V,D,20180404,000000,14.98,15.08,13.35,13.59,0,0
QTUM.V,D,20180405,000000,13.59,13.92,12.82,13.11,0,0
QTUM.V,D,20180406,000000,13.11,13.55,12.49,12.8,0,0
QTUM.V,D,20180407,000000,12.8,13.37,12.73,13.2,0,0
QTUM.V,D,20180408,000000,13.2,13.61,13.01,13.38,0,0
QTUM.V,D,20180409,000000,13.38,14.85,13.03,13.31,0,0
QTUM.V,D,20180410,000000,13.31,13.65,12.9,13.5,0,0
QTUM.V,D,20180411,000000,13.5,14.37,13.31,14.21,0,0
QTUM.V,D,20180412,000000,14.21,16.17,13.58,16.17,0,0
QTUM.V,D,20180413,000000,16.17,17.59,15.82,15.92,0,0
QTUM.V,D,20180414,000000,15.92,16.32,15.25,15.96,0,0
QTUM.V,D,20180415,000000,15.96,17.05,15.75,16.6,0,0
QTUM.V,D,20180416,000000,16.6,16.97,15.49,15.97,0,0
QTUM.V,D,20180417,000000,15.97,17.01,15.85,16.31,0,0
QTUM.V,D,20180418,000000,16.31,17.58,16.15,17.55,0,0
QTUM.V,D,20180419,000000,17.55,18.6,17.42,18.48,0,0
QTUM.V,D,20180420,000000,18.48,20.19,18.01,20.03,0,0
QTUM.V,D,20180421,000000,20.03,20.66,17.85,18.96,0,0
QTUM.V,D,20180422,000000,18.96,19.89,18.56,19.79,0,0
QTUM.V,D,20180423,000000,19.79,20.8,19.03,20.4,0,0
QTUM.V,D,20180424,000000,20.4,23.98,20.37,23.63,0,0
QTUM.V,D,20180425,000000,23.54,23.54,18.29,20.18,0,0
QTUM.V,D,20180426,000000,20.18,20.73,18.5,20.44,0,0
QTUM.V,D,20180427,000000,20.45,21.29,19.86,19.89,0,0
QTUM.V,D,20180428,000000,19.87,22,19.5,21.28,0,0
QTUM.V,D,20180429,000000,21.28,23.63,20.25,23.12,0,0
QTUM.V,D,20180430,000000,23.12,25.67,22.35,22.37,0,0
QTUM.V,D,20180501,000000,22.35,22.56,20.48,21.81,0,0
QTUM.V,D,20180502,000000,21.91,22.26,21.39,22.19,0,0
QTUM.V,D,20180503,000000,22.19,23.45,21.67,23,0,0
QTUM.V,D,20180504,000000,22.99,23.7,21.5,22.19,0,0
QTUM.V,D,20180505,000000,22.19,22.91,21.89,22.42,0,0
QTUM.V,D,20180506,000000,22.42,23.88,21.46,22.43,0,0
QTUM.V,D,20180507,000000,22.43,23.28,20.55,21.5,0,0
QTUM.V,D,20180508,000000,21.5,21.77,20.29,20.72,0,0
QTUM.V,D,20180509,000000,20.72,20.77,19.01,19.84,0,0
QTUM.V,D,20180510,000000,19.84,20.1,18.87,18.97,0,0
QTUM.V,D,20180511,000000,18.97,18.97,15.38,15.94,0,0
QTUM.V,D,20180512,000000,15.94,16.69,14.27,15.8,0,0
QTUM.V,D,20180513,000000,15.8,17.85,15.68,17.61,0,0
QTUM.V,D,20180514,000000,17.61,18.7,15.98,18.13,0,0
QTUM.V,D,20180515,000000,18.13,18.4,16.78,16.96,0,0
QTUM.V,D,20180516,000000,16.96,16.97,15.62,16.25,0,0
QTUM.V,D,20180517,000000,16.25,16.93,15.57,15.57,0,0
QTUM.V,D,20180518,000000,15.57,16.05,14.88,16,0,0
QTUM.V,D,20180519,000000,16,16.48,15.44,15.9,0,0
QTUM.V,D,20180520,000000,15.9,17.13,15.81,16.96,0,0
QTUM.V,D,20180521,000000,16.96,17.2,15.94,16.17,0,0
QTUM.V,D,20180522,000000,16.17,16.24,15.08,15.11,0,0
QTUM.V,D,20180523,000000,15.11,15.12,13.06,13.63,0,0
QTUM.V,D,20180524,000000,13.63,13.77,12.5,13.59,0,0
QTUM.V,D,20180525,000000,13.59,14.07,12.99,13.13,0,0
QTUM.V,D,20180526,000000,13.13,13.65,13,13.37,0,0
QTUM.V,D,20180527,000000,13.37,13.37,12.9,13,0,0
QTUM.V,D,20180528,000000,13,13.3,12.26,12.26,0,0
QTUM.V,D,20180529,000000,12.26,13.37,12,13.37,0,0
QTUM.V,D,20180530,000000,13.37,13.55,12.67,12.78,0,0
QTUM.V,D,20180531,000000,12.78,13.61,12.78,13.4,0,0
QTUM.V,D,20180601,000000,13.4,14.22,13.13,13.79,0,0
QTUM.V,D,20180602,000000,13.79,14.79,13.79,14.55,0,0
QTUM.V,D,20180603,000000,14.55,14.86,14.43,14.59,0,0
QTUM.V,D,20180604,000000,14.59,14.8,13.4,13.65,0,0
QTUM.V,D,20180605,000000,13.65,13.99,13.17,13.82,0,0
QTUM.V,D,20180606,000000,13.8,13.95,13.38,13.67,0,0
QTUM.V,D,20180607,000000,13.67,13.93,13.5,13.6,0,0
QTUM.V,D,20180608,000000,13.6,13.63,13.12,13.46,0,0
QTUM.V,D,20180609,000000,13.46,14.19,13.15,13.16,0,0
QTUM.V,D,20180610,000000,13.16,13.2,11.47,11.47,0,0
QTUM.V,D,20180611,000000,11.47,11.6,11.1,11.47,0,0
QTUM.V,D,20180612,000000,11.47,12.69,10.84,11.04,0,0
QTUM.V,D,20180613,000000,11.04,11.28,9.96,10.33,0,0
QTUM.V,D,20180614,000000,10.33,11.28,10.32,11.16,0,0
QTUM.V,D,20180615,000000,11.16,11.16,10.59,10.64,0,0
QTUM.V,D,20180616,000000,10.64,10.72,10.27,10.65,0,0
QTUM.V,D,20180617,000000,10.65,10.78,10.44,10.44,0,0
QTUM.V,D,20180618,000000,10.44,10.73,10.07,10.7,0,0
QTUM.V,D,20180619,000000,10.7,10.9,10.36,10.51,0,0
QTUM.V,D,20180620,000000,10.51,10.72,10.01,10.3,0,0
QTUM.V,D,20180621,000000,10.3,10.65,10.12,10.17,0,0
QTUM.V,D,20180622,000000,10.16,10.66,8.76,8.88,0,0
QTUM.V,D,20180623,000000,8.88,9.03,8.53,8.91,0,0
QTUM.V,D,20180624,000000,8.91,8.91,7.43,8.18,0,0
QTUM.V,D,20180625,000000,8.18,8.47,7.81,8.37,0,0
QTUM.V,D,20180626,000000,8.37,9.42,7.95,8.75,0,0
QTUM.V,D,20180627,000000,8.75,9.36,8.12,8.75,0,0
QTUM.V,D,20180628,000000,8.75,8.85,7.93,8.02,0,0
QTUM.V,D,20180629,000000,8.02,8.07,7.53,7.76,0,0
QTUM.V,D,20180630,000000,7.76,8.78,7.76,8.33,0,0
QTUM.V,D,20180701,000000,8.33,8.91,8.3,8.52,0,0
QTUM.V,D,20180702,000000,8.54,9.33,8.34,9.25,0,0
QTUM.V,D,20180703,000000,9.25,9.49,8.9,9.02,0,0
QTUM.V,D,20180704,000000,9.02,9.33,8.56,9.11,0,0
QTUM.V,D,20180705,000000,9.11,9.22,8.5,8.6,0,0
QTUM.V,D,20180706,000000,8.6,9.01,8.4,8.85,0,0
QTUM.V,D,20180707,000000,8.85,9.48,8.76,8.76,0,0
QTUM.V,D,20180708,000000,8.76,9.32,8.76,9.01,0,0
QTUM.V,D,20180709,000000,9.01,9.18,8.73,8.78,0,0
QTUM.V,D,20180710,000000,8.78,8.86,7.78,7.95,0,0
QTUM.V,D,20180711,000000,7.95,7.99,7.58,7.7,0,0
QTUM.V,D,20180712,000000,7.7,7.83,7.38,7.45,0,0
QTUM.V,D,20180713,000000,7.45,7.76,7.34,7.64,0,0
QTUM.V,D,20180714,000000,7.64,7.76,7.48,7.64,0,0
QTUM.V,D,20180715,000000,7.67,7.93,7.59,7.91,0,0
QTUM.V,D,20180716,000000,7.91,8.4,7.7,8.33,0,0
QTUM.V,D,20180717,000000,8.33,9.34,8.08,8.91,0,0
QTUM.V,D,20180718,000000,8.91,11.11,8.51,8.66,0,0
QTUM.V,D,20180719,000000,8.66,8.66,8.29,8.44,0,0
QTUM.V,D,20180720,000000,8.44,8.5,7.71,7.84,0,0
QTUM.V,D,20180721,000000,7.84,7.99,7.48,7.99,0,0
QTUM.V,D,20180722,000000,7.99,8.27,7.74,7.8,0,0
QTUM.V,D,20180723,000000,7.8,8.24,7.72,7.78,0,0
QTUM.V,D,20180724,000000,7.78,8.25,7.59,8.19,0,0
QTUM.V,D,20180725,000000,8.19,8.28,7.99,8.05,0,0
QTUM.V,D,20180726,000000,8.05,8.28,7.82,7.83,0,0
QTUM.V,D,20180727,000000,7.83,7.91,7.6,7.91,0,0
QTUM.V,D,20180728,000000,7.91,7.99,7.63,7.73,0,0
QTUM.V,D,20180729,000000,7.73,7.83,7.62,7.71,0,0
QTUM.V,D,20180730,000000,7.71,7.79,7.15,7.36,0,0
QTUM.V,D,20180731,000000,7.35,7.4,6.81,6.88,0,0
QTUM.V,D,20180801,000000,6.88,6.94,6.54,6.61,0,0
QTUM.V,D,20180802,000000,6.61,6.96,6.36,6.41,0,0
QTUM.V,D,20180803,000000,6.41,6.44,5.95,6.3,0,0
QTUM.V,D,20180804,000000,6.3,6.54,6.18,6.27,0,0
QTUM.V,D,20180805,000000,6.27,6.5,6.2,6.5,0,0
QTUM.V,D,20180806,000000,6.5,6.73,6.34,6.37,0,0
QTUM.V,D,20180807,000000,6.37,6.51,6.07,6.12,0,0
QTUM.V,D,20180808,000000,6.12,6.16,5.1,5.13,0,0
QTUM.V,D,20180809,000000,5.13,5.5,5.1,5.46,0,0
QTUM.V,D,20180810,000000,5.46,5.47,5.01,5.01,0,0
QTUM.V,D,20180811,000000,5.01,5.04,4.45,4.77,0,0
QTUM.V,D,20180812,000000,4.77,4.84,4.61,4.67,0,0
QTUM.V,D,20180813,000000,4.67,4.72,4.17,4.19,0,0
QTUM.V,D,20180814,000000,4.19,4.19,3.58,3.98,0,0
QTUM.V,D,20180815,000000,3.98,4.74,3.98,4.53,0,0
QTUM.V,D,20180816,000000,4.53,4.65,4.3,4.31,0,0
QTUM.V,D,20180817,000000,4.31,4.94,4.31,4.85,0,0
QTUM.V,D,20180818,000000,4.85,5.2,4.31,4.41,0,0
QTUM.V,D,20180819,000000,4.41,4.7,4.41,4.63,0,0
QTUM.V,D,20180820,000000,4.63,4.67,4.36,4.44,0,0
QTUM.V,D,20180821,000000,4.44,4.44,4.04,4.27,0,0
QTUM.V,D,20180822,000000,4.27,4.52,4.03,4.06,0,0
QTUM.V,D,20180823,000000,4.06,4.17,4.01,4.13,0,0
QTUM.V,D,20180824,000000,4.15,4.25,4.08,4.2,0,0
QTUM.V,D,20180825,000000,4.2,4.37,4.12,4.21,0,0
QTUM.V,D,20180826,000000,4.21,4.23,4.02,4.1,0,0
QTUM.V,D,20180827,000000,4.1,4.42,4.1,4.4,0,0
QTUM.V,D,20180828,000000,4.4,4.96,4.4,4.81,0,0
QTUM.V,D,20180829,000000,4.81,5.24,4.62,5.05,0,0
QTUM.V,D,20180830,000000,5.05,5.05,4.42,4.61,0,0
QTUM.V,D,20180831,000000,4.61,4.76,4.54,4.73,0,0
QTUM.V,D,20180901,000000,4.73,5.07,4.71,4.96,0,0
QTUM.V,D,20180902,000000,4.96,5,4.61,4.73,0,0
QTUM.V,D,20180903,000000,4.73,4.81,4.62,4.75,0,0
QTUM.V,D,20180904,000000,4.76,4.93,4.7,4.82,0,0
QTUM.V,D,20180905,000000,4.82,4.82,4.02,4.07,0,0
QTUM.V,D,20180906,000000,4.07,4.07,3.54,3.9,0,0
QTUM.V,D,20180907,000000,3.9,4.04,3.75,3.96,0,0
QTUM.V,D,20180908,000000,3.96,3.99,3.57,3.6,0,0
QTUM.V,D,20180909,000000,3.6,3.77,3.45,3.68,0,0
QTUM.V,D,20180910,000000,3.68,3.68,3.48,3.57,0,0
QTUM.V,D,20180911,000000,3.57,3.62,3.27,3.33,0,0
QTUM.V,D,20180912,000000,3.33,3.41,3.09,3.3,0,0
QTUM.V,D,20180913,000000,3.3,3.56,3.28,3.47,0,0
QTUM.V,D,20180914,000000,3.47,3.64,3.33,3.49,0,0
QTUM.V,D,20180915,000000,3.49,3.6,3.4,3.48,0,0
QTUM.V,D,20180916,000000,3.48,3.52,3.37,3.44,0,0
QTUM.V,D,20180917,000000,3.44,3.5,2.41,3.14,0,0
QTUM.V,D,20180918,000000,3.14,3.35,3.1,3.3,0,0
QTUM.V,D,20180919,000000,3.3,3.34,3.17,3.28,0,0
QTUM.V,D,20180920,000000,3.28,3.42,3.21,3.42,0,0
QTUM.V,D,20180921,000000,3.42,4.05,3.41,3.86,0,0
QTUM.V,D,20180922,000000,3.86,4.09,3.28,3.79,0,0
QTUM.V,D,20180923,000000,3.79,4.37,3.59,4.09,0,0
QTUM.V,D,20180924,000000,4.09,4.19,3.45,3.91,0,0
QTUM.V,D,20180925,000000,3.91,3.93,2.71,3.63,0,0
QTUM.V,D,20180926,000000,3.63,3.75,2.67,3.71,0,0
QTUM.V,D,20180927,000000,3.71,4.17,2.82,4.12,0,0
QTUM.V,D,20180928,000000,4.12,4.12,3.77,3.9,0,0
QTUM.V,D,20180929,000000,3.9,3.94,3.64,3.91,0,0
QTUM.V,D,20180930,000000,3.91,3.93,3.68,3.82,0,0
QTUM.V,D,20181001,000000,3.82,3.93,3.48,3.86,0,0
QTUM.V,D,20181002,000000,3.86,3.94,3.47,3.85,0,0
QTUM.V,D,20181003,000000,3.85,3.85,3.52,3.7,0,0
QTUM.V,D,20181004,000000,3.69,3.87,3.33,3.79,0,0
QTUM.V,D,20181005,000000,3.79,3.85,3.1,3.77,0,0
QTUM.V,D,20181006,000000,3.77,3.86,1.97,3.51,0,0
QTUM.V,D,20181007,000000,3.46,3.83,2.8,3.81,0,0
QTUM.V,D,20181008,000000,3.81,3.94,3.76,3.92,0,0
QTUM.V,D,20181009,000000,3.92,3.92,3.54,3.86,0,0
QTUM.V,D,20181010,000000,3.86,4.38,2.95,4,0,0
QTUM.V,D,20181011,000000,4,4.01,3.4,3.55,0,0
QTUM.V,D,20181012,000000,3.55,3.55,2.94,3.46,0,0
QTUM.V,D,20181013,000000,3.34,4.23,2.19,3.44,0,0
QTUM.V,D,20181014,000000,3.44,3.68,3.26,3.51,0,0
QTUM.V,D,20181015,000000,3.51,3.92,3.22,3.65,0,0
QTUM.V,D,20181016,000000,3.65,3.85,3.45,3.58,0,0
QTUM.V,D,20181017,000000,3.58,4.22,3.56,4,0,0
QTUM.V,D,20181018,000000,4,4.12,3.75,3.81,0,0
QTUM.V,D,20181019,000000,3.81,4.08,3.75,3.92,0,0
QTUM.V,D,20181020,000000,3.92,4.42,3.79,4.02,0,0
QTUM.V,D,20181021,000000,4.02,4.48,3.84,4.31,0,0
QTUM.V,D,20181022,000000,4.31,5.37,4.16,4.3,0,0
QTUM.V,D,20181023,000000,4.3,4.54,4.02,4.12,0,0
QTUM.V,D,20181024,000000,4.12,4.37,4.08,4.17,0,0
QTUM.V,D,20181025,000000,4.17,4.24,3.98,4.07,0,0
QTUM.V,D,20181026,000000,4.07,4.18,3.9,3.97,0,0
QTUM.V,D,20181027,000000,3.97,4.39,3.94,3.95,0,0
QTUM.V,D,20181028,000000,3.95,4.45,3.9,4.01,0,0
QTUM.V,D,20181029,000000,4.01,4.1,3.71,3.78,0,0
QTUM.V,D,20181030,000000,3.78,3.84,3.7,3.77,0,0
QTUM.V,D,20181031,000000,3.77,3.88,3.71,3.84,0,0
QTUM.V,D,20181101,000000,3.84,3.89,3.51,3.88,0,0
QTUM.V,D,20181102,000000,3.88,3.97,3.84,3.93,0,0
QTUM.V,D,20181103,000000,3.93,3.95,3.39,3.88,0,0
QTUM.V,D,20181104,000000,3.88,4.08,3.4,4.02,0,0
QTUM.V,D,20181105,000000,4.02,4.02,3.7,3.9,0,0
QTUM.V,D,20181106,000000,3.9,4.01,3.68,4,0,0
QTUM.V,D,20181107,000000,4,4.29,3.99,4.07,0,0
QTUM.V,D,20181108,000000,4.07,4.15,3.63,3.99,0,0
QTUM.V,D,20181109,000000,3.99,4.03,3.85,3.85,0,0
QTUM.V,D,20181110,000000,3.85,3.95,3.83,3.95,0,0
QTUM.V,D,20181111,000000,3.95,3.95,3.75,3.79,0,0
QTUM.V,D,20181112,000000,3.79,3.9,3.75,3.83,0,0
QTUM.V,D,20181113,000000,3.83,3.85,3.69,3.74,0,0
QTUM.V,D,20181114,000000,3.74,3.8,3.06,3.28,0,0
QTUM.V,D,20181115,000000,3.28,3.35,2.95,3.17,0,0
QTUM.V,D,20181116,000000,3.17,3.25,3.02,3.06,0,0
QTUM.V,D,20181117,000000,3.06,3.13,2.11,3.08,0,0
QTUM.V,D,20181118,000000,3.08,3.17,3.04,3.11,0,0
QTUM.V,D,20181119,000000,3.11,3.12,2.49,2.53,0,0
QTUM.V,D,20181120,000000,2.53,2.64,2.17,2.41,0,0
QTUM.V,D,20181121,000000,2.41,2.53,2.31,2.48,0,0
QTUM.V,D,20181122,000000,2.48,2.54,2.34,2.38,0,0
QTUM.V,D,20181123,000000,2.38,2.39,2.19,2.3,0,0
QTUM.V,D,20181124,000000,2.3,2.41,2.03,2.03,0,0
QTUM.V,D,20181125,000000,2.03,2.16,1.84,2.09,0,0
QTUM.V,D,20181126,000000,2.09,2.16,1.82,1.92,0,0
QTUM.V,D,20181127,000000,1.92,1.99,1.82,1.94,0,0
QTUM.V,D,20181128,000000,1.94,2.26,1.91,2.15,0,0
QTUM.V,D,20181129,000000,2.15,2.29,2.05,2.13,0,0
QTUM.V,D,20181130,000000,2.13,2.15,1.92,1.98,0,0
QTUM.V,D,20181201,000000,1.98,2.18,1.97,2.17,0,0
QTUM.V,D,20181202,000000,2.17,2.18,2.06,2.13,0,0
QTUM.V,D,20181203,000000,2.13,2.14,1.74,1.95,0,0
QTUM.V,D,20181204,000000,1.95,2.04,1.87,1.96,0,0
QTUM.V,D,20181205,000000,1.96,2.01,1.84,1.88,0,0
QTUM.V,D,20181206,000000,1.88,1.89,1.71,1.75,0,0
QTUM.V,D,20181207,000000,1.75,1.75,1.46,1.59,0,0
QTUM.V,D,20181208,000000,1.59,1.72,1.5,1.72,0,0
QTUM.V,D,20181209,000000,1.7,1.75,1.59,1.67,0,0
QTUM.V,D,20181210,000000,1.67,1.71,1.54,1.56,0,0
QTUM.V,D,20181211,000000,1.56,1.81,1.53,1.63,0,0
QTUM.V,D,20181212,000000,1.63,1.8,1.58,1.7,0,0
QTUM.V,D,20181213,000000,1.7,2,1.62,1.75,0,0
QTUM.V,D,20181214,000000,1.75,1.85,1.69,1.75,0,0
QTUM.V,D,20181215,000000,1.75,1.75,1.64,1.7,0,0
QTUM.V,D,20181216,000000,1.7,1.79,1.7,1.76,0,0
QTUM.V,D,20181217,000000,1.76,2.24,1.67,2.14,0,0
QTUM.V,D,20181218,000000,2.14,2.17,1.95,2.15,0,0
QTUM.V,D,20181219,000000,2.15,2.52,2.11,2.19,0,0
QTUM.V,D,20181220,000000,2.19,2.5,2.19,2.42,0,0
QTUM.V,D,20181221,000000,2.42,2.5,2.25,2.28,0,0
QTUM.V,D,20181222,000000,2.28,2.38,2.19,2.33,0,0
QTUM.V,D,20181223,000000,2.33,2.75,2.3,2.62,0,0
QTUM.V,D,20181224,000000,2.62,3.04,2.6,2.74,0,0
QTUM.V,D,20181225,000000,2.74,2.78,2.3,2.44,0,0
QTUM.V,D,20181226,000000,2.44,2.97,2.33,2.42,0,0
QTUM.V,D,20181227,000000,2.42,2.51,2.08,2.08,0,0
QTUM.V,D,20181228,000000,2.08,2.53,2.04,2.35,0,0
QTUM.V,D,20181229,000000,2.35,2.45,2.28,2.44,0,0
QTUM.V,D,20181230,000000,2.44,2.46,2.19,2.37,0,0
QTUM.V,D,20181231,000000,2.37,2.37,2.13,2.2,0,0
QTUM.V,D,20190101,000000,2.2,2.29,2.1,2.19,0,0
QTUM.V,D,20190102,000000,2.19,2.41,2.19,2.34,0,0
QTUM.V,D,20190103,000000,2.34,2.43,2.17,2.26,0,0
QTUM.V,D,20190104,000000,2.26,2.33,2.19,2.3,0,0
QTUM.V,D,20190105,000000,2.3,2.35,2.23,2.25,0,0
QTUM.V,D,20190106,000000,2.25,2.45,2.23,2.32,0,0
QTUM.V,D,20190107,000000,2.32,2.41,2.24,2.32,0,0
QTUM.V,D,20190108,000000,2.32,2.41,2.24,2.29,0,0
QTUM.V,D,20190109,000000,2.29,2.54,2.29,2.52,0,0
QTUM.V,D,20190110,000000,2.52,2.64,2.09,2.14,0,0
QTUM.V,D,20190111,000000,2.14,2.19,2.05,2.15,0,0
QTUM.V,D,20190112,000000,2.15,2.43,2.05,2.26,0,0
QTUM.V,D,20190113,000000,2.26,2.31,2.02,2.06,0,0
QTUM.V,D,20190114,000000,2.06,2.21,2.03,2.2,0,0
QTUM.V,D,20190115,000000,2.2,2.21,2.06,2.07,0,0
QTUM.V,D,20190116,000000,2.07,2.16,2.07,2.1,0,0
QTUM.V,D,20190117,000000,2.1,2.14,2.07,2.13,0,0
QTUM.V,D,20190118,000000,2.13,2.16,2.06,2.07,0,0
QTUM.V,D,20190119,000000,2.07,2.2,2.06,2.17,0,0
QTUM.V,D,20190120,000000,2.17,2.2,1.98,2.03,0,0
QTUM.V,D,20190121,000000,2.03,2.07,2,2.02,0,0
QTUM.V,D,20190122,000000,2.02,2.12,1.97,2.06,0,0
QTUM.V,D,20190123,000000,2.06,2.13,2.02,2.06,0,0
QTUM.V,D,20190124,000000,2.06,2.1,2.02,2.07,0,0
QTUM.V,D,20190125,000000,2.07,2.09,2.04,2.07,0,0
QTUM.V,D,20190126,000000,2.07,2.13,2.05,2.09,0,0
QTUM.V,D,20190127,000000,2.12,2.12,1.97,1.99,0,0
QTUM.V,D,20190128,000000,1.99,2,1.79,1.87,0,0
QTUM.V,D,20190129,000000,1.87,1.9,1.78,1.85,0,0
QTUM.V,D,20190130,000000,1.85,1.92,1.79,1.91,0,0
QTUM.V,D,20190131,000000,1.91,1.96,1.81,1.87,0,0
QTUM.V,D,20190201,000000,1.87,1.89,1.78,1.87,0,0
QTUM.V,D,20190202,000000,1.87,1.89,1.82,1.83,0,0
QTUM.V,D,20190203,000000,1.83,1.92,1.81,1.82,0,0
QTUM.V,D,20190204,000000,1.82,1.84,1.8,1.8,0,0
QTUM.V,D,20190205,000000,1.8,1.81,1.78,1.81,0,0
QTUM.V,D,20190206,000000,1.81,1.83,1.7,1.73,0,0
QTUM.V,D,20190207,000000,1.73,1.8,1.72,1.76,0,0
QTUM.V,D,20190208,000000,1.76,1.99,1.74,1.91,0,0
QTUM.V,D,20190209,000000,1.91,2.01,1.9,1.91,0,0
QTUM.V,D,20190210,000000,1.91,1.97,1.86,1.93,0,0
QTUM.V,D,20190211,000000,1.93,1.95,1.88,1.94,0,0
QTUM.V,D,20190212,000000,1.94,1.99,1.88,1.97,0,0
QTUM.V,D,20190213,000000,1.95,1.99,1.89,1.93,0,0
QTUM.V,D,20190214,000000,1.93,1.95,1.86,1.91,0,0
QTUM.V,D,20190215,000000,1.91,1.96,1.86,1.92,0,0
QTUM.V,D,20190216,000000,1.92,2.02,1.91,1.93,0,0
QTUM.V,D,20190217,000000,1.93,2.01,1.9,1.94,0,0
QTUM.V,D,20190218,000000,1.94,2.32,1.93,2.09,0,0
QTUM.V,D,20190219,000000,2.09,2.22,2.09,2.12,0,0
QTUM.V,D,20190220,000000,2.12,2.2,2.05,2.18,0,0
QTUM.V,D,20190221,000000,2.18,2.19,2.04,2.07,0,0
QTUM.V,D,20190222,000000,2.07,2.16,2.04,2.16,0,0
QTUM.V,D,20190223,000000,2.16,2.45,2.1,2.34,0,0
QTUM.V,D,20190224,000000,2.34,2.45,2,2.07,0,0
QTUM.V,D,20190225,000000,2.07,2.17,2.01,2.15,0,0
QTUM.V,D,20190226,000000,2.15,2.15,2.02,2.07,0,0
QTUM.V,D,20190227,000000,2.07,2.14,2.01,2.04,0,0
QTUM.V,D,20190228,000000,2.04,2.12,1.99,2.06,0,0
QTUM.V,D,20190301,000000,2.06,2.21,2.06,2.12,0,0
QTUM.V,D,20190302,000000,2.12,2.17,2.04,2.11,0,0
QTUM.V,D,20190303,000000,2.11,2.11,2.01,2.05,0,0
QTUM.V,D,20190304,000000,2.05,2.06,1.93,1.96,0,0
QTUM.V,D,20190305,000000,1.96,2.09,1.93,2.08,0,0
QTUM.V,D,20190306,000000,2.06,2.1,2.01,2.04,0,0
QTUM.V,D,20190307,000000,2.04,2.14,2.03,2.07,0,0
QTUM.V,D,20190308,000000,2.07,2.2,2.04,2.13,0,0
QTUM.V,D,20190309,000000,2.13,2.24,2.09,2.17,0,0
QTUM.V,D,20190310,000000,2.17,2.22,2.08,2.16,0,0
QTUM.V,D,20190311,000000,2.16,2.18,2.03,2.07,0,0
QTUM.V,D,20190312,000000,2.07,2.24,2.03,2.17,0,0
QTUM.V,D,20190313,000000,2.17,2.24,2.06,2.09,0,0
QTUM.V,D,20190314,000000,2.09,3.26,2.09,2.63,0,0
QTUM.V,D,20190315,000000,2.63,2.77,2.46,2.5,0,0
QTUM.V,D,20190316,000000,2.5,2.61,2.45,2.53,0,0
QTUM.V,D,20190317,000000,2.53,2.67,2.41,2.53,0,0
QTUM.V,D,20190318,000000,2.57,2.61,2.47,2.48,0,0
QTUM.V,D,20190319,000000,2.48,2.56,2.45,2.51,0,0
QTUM.V,D,20190320,000000,2.51,2.62,2.43,2.56,0,0
QTUM.V,D,20190321,000000,2.56,2.61,2.38,2.48,0,0
QTUM.V,D,20190322,000000,2.48,2.58,2.45,2.52,0,0
QTUM.V,D,20190323,000000,2.52,2.73,2.51,2.66,0,0
QTUM.V,D,20190324,000000,2.67,2.71,2.56,2.6,0,0
QTUM.V,D,20190325,000000,2.59,2.61,2.42,2.48,0,0
QTUM.V,D,20190326,000000,2.48,2.51,2.38,2.46,0,0
QTUM.V,D,20190327,000000,2.46,2.63,2.45,2.59,0,0
QTUM.V,D,20190328,000000,2.59,2.75,2.53,2.69,0,0
QTUM.V,D,20190329,000000,2.69,2.77,2.62,2.73,0,0
QTUM.V,D,20190330,000000,2.73,2.83,2.65,2.78,0,0
QTUM.V,D,20190331,000000,2.79,3.12,2.76,3.03,0,0
QTUM.V,D,20190401,000000,3.03,3.1,2.92,3.05,0,0
QTUM.V,D,20190402,000000,3.02,3.34,2.88,3.24,0,0
QTUM.V,D,20190403,000000,3.24,3.6,3.11,3.42,0,0
QTUM.V,D,20190404,000000,3.43,3.49,2.75,3.15,0,0
QTUM.V,D,20190405,000000,3.15,3.49,3.12,3.37,0,0
QTUM.V,D,20190406,000000,3.34,3.42,3.25,3.3,0,0
QTUM.V,D,20190407,000000,3.3,3.67,3.26,3.57,0,0
QTUM.V,D,20190408,000000,3.57,3.69,3.31,3.49,0,0
QTUM.V,D,20190409,000000,3.49,3.55,3.3,3.34,0,0
QTUM.V,D,20190410,000000,3.34,3.47,3.22,3.32,0,0
QTUM.V,D,20190411,000000,3.32,3.36,2.84,2.91,0,0
QTUM.V,D,20190412,000000,2.91,3.04,2.81,2.97,0,0
QTUM.V,D,20190413,000000,2.97,3.01,2.88,2.89,0,0
QTUM.V,D,20190414,000000,2.89,2.96,2.83,2.93,0,0
QTUM.V,D,20190415,000000,2.93,3.02,2.77,2.82,0,0
QTUM.V,D,20190416,000000,2.82,2.91,2.77,2.89,0,0
QTUM.V,D,20190417,000000,2.89,2.93,2.82,2.86,0,0
QTUM.V,D,20190418,000000,2.86,3.01,2.84,2.97,0,0
QTUM.V,D,20190419,000000,2.97,2.99,2.87,2.89,0,0
QTUM.V,D,20190420,000000,2.89,3.01,2.84,2.86,0,0
QTUM.V,D,20190421,000000,2.86,2.9,2.66,2.67,0,0
QTUM.V,D,20190422,000000,2.67,2.8,2.67,2.76,0,0
QTUM.V,D,20190423,000000,2.76,2.82,2.72,2.74,0,0
QTUM.V,D,20190424,000000,2.74,2.74,2.43,2.48,0,0
QTUM.V,D,20190425,000000,2.48,2.55,2.45,2.45,0,0
QTUM.V,D,20190426,000000,2.44,2.44,2.26,2.38,0,0
QTUM.V,D,20190427,000000,2.38,2.42,2.31,2.42,0,0
QTUM.V,D,20190428,000000,2.42,2.42,2.34,2.37,0,0
QTUM.V,D,20190429,000000,2.37,2.42,2.28,2.35,0,0
QTUM.V,D,20190430,000000,2.35,2.46,2.3,2.46,0,0
QTUM.V,D,20190501,000000,2.46,2.54,2.37,2.46,0,0
QTUM.V,D,20190502,000000,2.46,2.73,2.43,2.61,0,0
QTUM.V,D,20190503,000000,2.61,2.71,2.54,2.63,0,0
QTUM.V,D,20190504,000000,2.63,2.7,2.39,2.5,0,0
QTUM.V,D,20190505,000000,2.5,2.52,2.42,2.47,0,0
QTUM.V,D,20190506,000000,2.47,2.5,2.34,2.47,0,0
QTUM.V,D,20190507,000000,2.47,2.52,2.39,2.44,0,0
QTUM.V,D,20190508,000000,2.44,2.47,2.33,2.43,0,0
QTUM.V,D,20190509,000000,2.43,2.49,2.29,2.31,0,0
QTUM.V,D,20190510,000000,2.31,2.39,2.3,2.36,0,0
QTUM.V,D,20190511,000000,2.36,2.6,2.33,2.59,0,0
QTUM.V,D,20190512,000000,2.59,2.69,2.39,2.44,0,0
QTUM.V,D,20190513,000000,2.44,2.6,2.37,2.56,0,0
QTUM.V,D,20190514,000000,2.56,2.82,2.46,2.7,0,0
QTUM.V,D,20190515,000000,2.69,3.19,2.68,3.17,0,0
QTUM.V,D,20190516,000000,3.17,3.52,2.97,3.12,0,0
QTUM.V,D,20190517,000000,3.12,3.21,2.69,2.85,0,0
QTUM.V,D,20190518,000000,2.85,2.94,2.75,2.85,0,0
QTUM.V,D,20190519,000000,2.85,3.21,2.8,3.2,0,0
QTUM.V,D,20190520,000000,3.2,3.23,2.9,3.12,0,0
QTUM.V,D,20190521,000000,3.12,3.26,3.04,3.17,0,0
QTUM.V,D,20190522,000000,3.17,3.22,2.88,2.89,0,0
QTUM.V,D,20190523,000000,2.88,2.91,2.73,2.87,0,0
QTUM.V,D,20190524,000000,2.87,3.06,2.86,2.98,0,0
QTUM.V,D,20190525,000000,2.98,2.98,2.87,2.89,0,0
QTUM.V,D,20190526,000000,2.89,3.11,2.83,3.07,0,0
QTUM.V,D,20190527,000000,3.07,3.29,3.05,3.2,0,0
QTUM.V,D,20190528,000000,3.2,3.3,3.1,3.23,0,0
QTUM.V,D,20190529,000000,3.23,3.41,3.02,3.34,0,0
QTUM.V,D,20190530,000000,3.34,3.57,3.02,3.07,0,0
QTUM.V,D,20190531,000000,3.07,3.28,3.03,3.27,0,0
QTUM.V,D,20190601,000000,3.27,3.76,3.25,3.63,0,0
QTUM.V,D,20190602,000000,3.63,3.67,3.47,3.57,0,0
QTUM.V,D,20190603,000000,3.57,3.62,3.29,3.36,0,0
QTUM.V,D,20190604,000000,3.36,3.37,2.92,2.92,0,0
QTUM.V,D,20190605,000000,2.92,3.07,2.89,3.02,0,0
QTUM.V,D,20190606,000000,3.02,3.05,2.87,2.96,0,0
QTUM.V,D,20190607,000000,2.96,3.23,2.95,3.14,0,0
QTUM.V,D,20190608,000000,3.14,3.21,2.99,3.01,0,0
QTUM.V,D,20190609,000000,3.01,3.07,2.67,2.87,0,0
QTUM.V,D,20190610,000000,2.87,3.35,2.84,3.171,0,0
QTUM.V,D,20190611,000000,3.171,3.264,3.048,3.17,0,0
QTUM.V,D,20190612,000000,3.17,3.275,3.116,3.218,0,0
QTUM.V,D,20190613,000000,3.219,3.489,3.169,3.463,0,0
QTUM.V,D,20190614,000000,3.464,3.472,3.264,3.374,0,0
QTUM.V,D,20190615,000000,3.372,3.617,3.347,3.531,0,0
QTUM.V,D,20190616,000000,3.532,3.737,3.461,3.681,0,0
QTUM.V,D,20190617,000000,3.681,3.787,3.555,3.629,0,0
QTUM.V,D,20190618,000000,3.629,3.681,3.505,3.546,0,0
QTUM.V,D,20190619,000000,3.547,3.704,3.529,3.58,0,0
QTUM.V,D,20190620,000000,3.58,3.651,3.441,3.522,0,0
QTUM.V,D,20190621,000000,3.522,3.606,3.452,3.584,0,0
QTUM.V,D,20190622,000000,3.584,4.154,3.425,3.945,0,0
QTUM.V,D,20190623,000000,3.945,4.059,3.755,3.942,0,0
QTUM.V,D,20190624,000000,3.94,4.281,3.717,4.118,0,0
QTUM.V,D,20190625,000000,4.119,5.273,4.116,4.981,0,0
QTUM.V,D,20190626,000000,5.008,5.873,4.764,4.889,0,0
QTUM.V,D,20190627,000000,4.89,5.519,4.039,4.287,0,0
QTUM.V,D,20190628,000000,4.287,5.121,4.267,4.936,0,0
QTUM.V,D,20190629,000000,4.936,5.803,4.928,5.6,0,0
QTUM.V,D,20190630,000000,5.6,5.723,4.825,5.132,0,0
QTUM.V,D,20190701,000000,5.132,5.15,4.466,4.783,0,0
QTUM.V,D,20190702,000000,4.783,5.27,4.374,5.147,0,0
QTUM.V,D,20190703,000000,5.147,5.315,4.907,5.054,0,0
QTUM.V,D,20190704,000000,5.501,5.501,4.989,5.048,0,0
QTUM.V,D,20190705,000000,5.048,5.048,4.714,4.758,0,0
QTUM.V,D,20190706,000000,4.758,4.939,4.702,4.809,0,0
QTUM.V,D,20190707,000000,4.809,4.851,4.707,4.841,0,0
QTUM.V,D,20190708,000000,4.841,5.071,4.8,5.01,0,0
QTUM.V,D,20190709,000000,5.01,5.056,4.722,4.806,0,0
QTUM.V,D,20190710,000000,4.806,4.828,4.084,4.149,0,0
QTUM.V,D,20190711,000000,4.149,4.232,3.446,3.55,0,0
QTUM.V,D,20190712,000000,3.549,3.891,3.485,3.802,0,0
QTUM.V,D,20190713,000000,3.802,3.872,3.383,3.474,0,0
QTUM.V,D,20190714,000000,3.474,3.622,3.047,3.271,0,0
QTUM.V,D,20190715,000000,3.271,3.321,2.852,3.154,0,0
QTUM.V,D,20190716,000000,3.154,3.231,2.664,2.743,0,0
QTUM.V,D,20190717,000000,2.743,2.928,2.551,2.889,0,0
QTUM.V,D,20190718,000000,2.889,3.118,2.73,3.075,0,0
QTUM.V,D,20190719,000000,3.075,3.16,2.945,3.088,0,0
QTUM.V,D,20190720,000000,3.089,3.399,3.054,3.367,0,0
QTUM.V,D,20190721,000000,3.367,3.386,3.091,3.244,0,0
QTUM.V,D,20190722,000000,3.216,3.278,2.969,3.036,0,0
QTUM.V,D,20190723,000000,3.036,3.078,2.855,2.916,0,0
QTUM.V,D,20190724,000000,2.916,3.021,2.714,2.953,0,0
QTUM.V,D,20190725,000000,2.953,3.157,2.901,3.095,0,0
QTUM.V,D,20190726,000000,3.095,3.117,2.968,3.076,0,0
QTUM.V,D,20190727,000000,3.076,3.187,2.84,2.897,0,0
QTUM.V,D,20190728,000000,2.897,2.955,2.845,2.866,0,0
QTUM.V,D,20190729,000000,2.866,2.941,2.764,2.915,0,0
QTUM.V,D,20190730,000000,2.915,2.941,2.809,2.884,0,0
QTUM.V,D,20190731,000000,2.884,3.106,2.877,3.007,0,0
QTUM.V,D,20190801,000000,3.007,3.062,2.932,3.018,0,0
QTUM.V,D,20190802,000000,3.017,3.088,2.97,2.984,0,0
QTUM.V,D,20190803,000000,2.984,3.095,2.979,3.048,0,0
QTUM.V,D,20190804,000000,3.048,3.071,2.967,3.018,0,0
QTUM.V,D,20190805,000000,3.018,3.216,3.017,3.115,0,0
QTUM.V,D,20190806,000000,3.115,3.148,2.934,2.934,0,0
QTUM.V,D,20190807,000000,2.934,2.992,2.881,2.933,0,0
QTUM.V,D,20190808,000000,2.932,2.951,2.712,2.766,0,0
QTUM.V,D,20190809,000000,2.766,2.821,2.573,2.593,0,0
QTUM.V,D,20190810,000000,2.593,2.724,2.566,2.638,0,0
QTUM.V,D,20190811,000000,2.638,2.845,2.622,2.789,0,0
QTUM.V,D,20190812,000000,2.789,2.789,2.665,2.717,0,0
QTUM.V,D,20190813,000000,2.717,2.717,2.56,2.625,0,0
QTUM.V,D,20190814,000000,2.638,2.699,2.284,2.394,0,0
QTUM.V,D,20190815,000000,2.395,2.417,2.233,2.372,0,0
QTUM.V,D,20190816,000000,2.372,2.409,2.218,2.309,0,0
QTUM.V,D,20190817,000000,2.309,2.462,2.262,2.346,0,0
QTUM.V,D,20190818,000000,2.331,2.699,2.329,2.602,0,0
QTUM.V,D,20190819,000000,2.602,2.743,2.532,2.592,0,0
QTUM.V,D,20190820,000000,2.592,2.749,2.524,2.601,0,0
QTUM.V,D,20190821,000000,2.599,2.639,2.4,2.473,0,0
QTUM.V,D,20190822,000000,2.461,2.624,2.396,2.565,0,0
QTUM.V,D,20190823,000000,2.564,2.649,2.503,2.616,0,0
QTUM.V,D,20190824,000000,2.617,2.656,2.486,2.555,0,0
QTUM.V,D,20190825,000000,2.555,2.613,2.478,2.51,0,0
QTUM.V,D,20190826,000000,2.51,2.627,2.501,2.523,0,0
QTUM.V,D,20190827,000000,2.524,2.545,2.421,2.463,0,0
QTUM.V,D,20190828,000000,2.463,2.481,2.197,2.219,0,0
QTUM.V,D,20190829,000000,2.219,2.295,2.023,2.126,0,0
QTUM.V,D,20190830,000000,2.126,2.181,2.075,2.111,0,0
QTUM.V,D,20190831,000000,2.111,2.143,2.063,2.142,0,0
QTUM.V,D,20190901,000000,2.142,2.146,2.077,2.1,0,0
QTUM.V,D,20190902,000000,2.101,2.167,2.053,2.15,0,0
QTUM.V,D,20190903,000000,2.151,2.205,2.11,2.165,0,0
QTUM.V,D,20190904,000000,2.165,2.172,2.074,2.12,0,0
QTUM.V,D,20190905,000000,2.123,2.138,1.976,2.013,0,0
QTUM.V,D,20190906,000000,2.013,2.1,1.921,1.976,0,0
QTUM.V,D,20190907,000000,1.955,2.068,1.879,2.031,0,0
QTUM.V,D,20190908,000000,2.031,2.176,2.01,2.145,0,0
QTUM.V,D,20190909,000000,2.145,2.161,1.983,2.071,0,0
QTUM.V,D,20190910,000000,2.071,2.166,1.994,2.032,0,0
QTUM.V,D,20190911,000000,2.032,2.071,1.954,1.993,0,0
QTUM.V,D,20190912,000000,1.997,2.037,1.949,2.016,0,0
QTUM.V,D,20190913,000000,2.016,2.072,1.984,2.019,0,0
QTUM.V,D,20190914,000000,2.02,2.112,2,2.085,0,0
QTUM.V,D,20190915,000000,2.085,2.1,2.03,2.067,0,0
QTUM.V,D,20190916,000000,2.067,2.137,1.975,2.043,0,0
QTUM.V,D,20190917,000000,2.065,2.213,2.009,2.17,0,0
QTUM.V,D,20190918,000000,2.17,2.318,2.096,2.269,0,0
QTUM.V,D,20190919,000000,2.269,2.319,2.064,2.21,0,0
QTUM.V,D,20190920,000000,2.21,2.286,2.143,2.171,0,0
QTUM.V,D,20190921,000000,2.171,2.237,2.122,2.147,0,0
QTUM.V,D,20190922,000000,2.147,2.176,2.044,2.111,0,0
QTUM.V,D,20190923,000000,2.11,2.137,1.975,2.011,0,0
QTUM.V,D,20190924,000000,2.006,2.025,1.458,1.545,0,0
QTUM.V,D,20190925,000000,1.545,1.771,1.539,1.667,0,0
QTUM.V,D,20190926,000000,1.667,1.714,1.492,1.589,0,0
QTUM.V,D,20190927,000000,1.589,1.674,1.548,1.638,0,0
QTUM.V,D,20190928,000000,1.639,1.703,1.604,1.671,0,0
QTUM.V,D,20190929,000000,1.658,1.697,1.567,1.627,0,0
QTUM.V,D,20190930,000000,1.627,1.745,1.61,1.705,0,0
QTUM.V,D,20191001,000000,1.689,1.781,1.672,1.724,0,0
QTUM.V,D,20191002,000000,1.724,1.741,1.646,1.702,0,0
QTUM.V,D,20191003,000000,1.682,1.743,1.638,1.687,0,0
QTUM.V,D,20191004,000000,1.687,1.76,1.642,1.72,0,0
QTUM.V,D,20191005,000000,1.721,1.765,1.668,1.717,0,0
QTUM.V,D,20191006,000000,1.726,1.763,1.659,1.698,0,0
QTUM.V,D,20191007,000000,1.714,1.858,1.666,1.786,0,0
QTUM.V,D,20191008,000000,1.789,1.872,1.757,1.794,0,0
QTUM.V,D,20191009,000000,1.794,1.924,1.781,1.883,0,0
QTUM.V,D,20191010,000000,1.883,1.913,1.768,1.829,0,0
QTUM.V,D,20191011,000000,1.802,1.865,1.742,1.802,0,0
QTUM.V,D,20191012,000000,1.802,1.842,1.751,1.797,0,0
QTUM.V,D,20191013,000000,1.798,1.842,1.758,1.8,0,0
QTUM.V,D,20191014,000000,1.792,1.835,1.772,1.804,0,0
QTUM.V,D,20191015,000000,1.804,1.855,1.726,1.737,0,0
QTUM.V,D,20191016,000000,1.737,1.777,1.613,1.668,0,0
QTUM.V,D,20191017,000000,1.668,1.778,1.641,1.749,0,0
QTUM.V,D,20191018,000000,1.749,1.773,1.64,1.696,0,0
QTUM.V,D,20191019,000000,1.696,1.722,1.667,1.694,0,0
QTUM.V,D,20191020,000000,1.694,1.755,1.663,1.723,0,0
QTUM.V,D,20191021,000000,1.724,1.752,1.681,1.718,0,0
QTUM.V,D,20191022,000000,1.72,1.737,1.677,1.69,0,0
QTUM.V,D,20191023,000000,1.69,1.7,1.491,1.556,0,0
QTUM.V,D,20191024,000000,1.555,1.638,1.509,1.608,0,0
QTUM.V,D,20191025,000000,1.608,1.814,1.568,1.749,0,0
QTUM.V,D,20191026,000000,1.759,1.935,1.739,1.802,0,0
QTUM.V,D,20191027,000000,1.804,2.434,1.776,2.287,0,0
QTUM.V,D,20191028,000000,2.275,2.74,2.23,2.343,0,0
QTUM.V,D,20191029,000000,2.342,2.447,2.234,2.295,0,0
QTUM.V,D,20191030,000000,2.293,2.388,2.096,2.228,0,0
QTUM.V,D,20191031,000000,2.218,2.266,2.066,2.147,0,0
QTUM.V,D,20191101,000000,2.136,2.204,2.068,2.171,0,0
QTUM.V,D,20191102,000000,2.182,2.255,2.138,2.195,0,0
QTUM.V,D,20191103,000000,2.199,2.214,2.085,2.139,0,0
QTUM.V,D,20191104,000000,2.139,2.333,2.071,2.257,0,0
QTUM.V,D,20191105,000000,2.259,2.317,2.165,2.263,0,0
QTUM.V,D,20191106,000000,2.254,2.374,2.221,2.272,0,0
QTUM.V,D,20191107,000000,2.272,2.334,2.156,2.203,0,0
QTUM.V,D,20191108,000000,2.203,2.282,2.053,2.165,0,0
QTUM.V,D,20191109,000000,2.165,2.208,2.09,2.121,0,0
QTUM.V,D,20191110,000000,2.136,2.242,2.092,2.173,0,0
QTUM.V,D,20191111,000000,2.213,2.242,2.067,2.111,0,0
QTUM.V,D,20191112,000000,2.118,2.283,2.073,2.221,0,0
QTUM.V,D,20191113,000000,2.221,2.331,2.157,2.246,0,0
QTUM.V,D,20191114,000000,2.246,2.405,2.203,2.289,0,0
QTUM.V,D,20191115,000000,2.279,2.367,2.113,2.184,0,0
QTUM.V,D,20191116,000000,2.202,2.22,2.128,2.14,0,0
QTUM.V,D,20191117,000000,2.141,2.198,2.083,2.179,0,0
QTUM.V,D,20191118,000000,2.151,2.172,1.919,1.966,0,0
QTUM.V,D,20191119,000000,1.966,1.993,1.847,1.939,0,0
QTUM.V,D,20191120,000000,1.931,1.992,1.868,1.902,0,0
QTUM.V,D,20191121,000000,1.902,1.912,1.679,1.793,0,0
QTUM.V,D,20191122,000000,1.795,1.813,1.537,1.661,0,0
QTUM.V,D,20191123,000000,1.661,1.764,1.622,1.75,0,0
QTUM.V,D,20191124,000000,1.75,1.764,1.598,1.645,0,0
QTUM.V,D,20191125,000000,1.646,1.701,1.466,1.643,0,0
QTUM.V,D,20191126,000000,1.643,1.681,1.599,1.656,0,0
QTUM.V,D,20191127,000000,1.656,1.762,1.563,1.731,0,0
QTUM.V,D,20191128,000000,1.73,1.895,1.711,1.776,0,0
QTUM.V,D,20191129,000000,1.776,1.926,1.776,1.87,0,0
QTUM.V,D,20191130,000000,1.878,1.91,1.758,1.8,0,0
QTUM.V,D,20191201,000000,1.8,1.837,1.72,1.797,0,0
QTUM.V,D,20191202,000000,1.797,1.811,1.71,1.771,0,0
QTUM.V,D,20191203,000000,1.769,1.792,1.719,1.762,0,0
QTUM.V,D,20191204,000000,1.762,1.796,1.672,1.714,0,0
QTUM.V,D,20191205,000000,1.714,1.765,1.672,1.745,0,0
QTUM.V,D,20191206,000000,1.745,1.767,1.703,1.756,0,0
QTUM.V,D,20191207,000000,1.756,1.785,1.739,1.749,0,0
QTUM.V,D,20191208,000000,1.75,1.784,1.72,1.759,0,0
QTUM.V,D,20191209,000000,1.759,1.787,1.718,1.737,0,0
QTUM.V,D,20191210,000000,1.735,1.762,1.688,1.741,0,0
QTUM.V,D,20191211,000000,1.741,1.766,1.708,1.736,0,0
QTUM.V,D,20191212,000000,1.736,1.805,1.704,1.783,0,0
QTUM.V,D,20191213,000000,1.783,1.966,1.78,1.859,0,0
QTUM.V,D,20191214,000000,1.869,1.878,1.751,1.776,0,0
QTUM.V,D,20191215,000000,1.776,1.798,1.696,1.767,0,0
QTUM.V,D,20191216,000000,1.767,1.778,1.654,1.668,0,0
QTUM.V,D,20191217,000000,1.666,1.669,1.494,1.517,0,0
QTUM.V,D,20191218,000000,1.518,1.7,1.491,1.699,0,0
QTUM.V,D,20191219,000000,1.708,1.709,1.601,1.641,0,0
QTUM.V,D,20191220,000000,1.639,1.687,1.617,1.673,0,0
QTUM.V,D,20191221,000000,1.677,1.677,1.615,1.629,0,0
QTUM.V,D,20191222,000000,1.629,1.699,1.616,1.674,0,0
QTUM.V,D,20191223,000000,1.674,1.709,1.609,1.623,0,0
QTUM.V,D,20191224,000000,1.62,1.638,1.588,1.622,0,0
QTUM.V,D,20191225,000000,1.622,1.625,1.554,1.597,0,0
QTUM.V,D,20191226,000000,1.597,1.65,1.558,1.598,0,0
QTUM.V,D,20191227,000000,1.598,1.632,1.556,1.614,0,0
QTUM.V,D,20191228,000000,1.614,1.658,1.603,1.635,0,0
QTUM.V,D,20191229,000000,1.638,1.712,1.619,1.675,0,0
QTUM.V,D,20191230,000000,1.675,1.683,1.608,1.636,0,0
QTUM.V,D,20191231,000000,1.632,1.641,1.584,1.597,0,0
QTUM.V,D,20200101,000000,1.596,1.634,1.594,1.606,0,0
QTUM.V,D,20200102,000000,1.605,1.607,1.534,1.534,0,0
QTUM.V,D,20200103,000000,1.536,1.647,1.511,1.626,0,0
QTUM.V,D,20200104,000000,1.626,1.656,1.6,1.641,0,0
QTUM.V,D,20200105,000000,1.641,1.679,1.622,1.632,0,0
QTUM.V,D,20200106,000000,1.632,1.735,1.62,1.723,0,0
QTUM.V,D,20200107,000000,1.722,1.773,1.665,1.721,0,0
QTUM.V,D,20200108,000000,1.721,1.779,1.657,1.692,0,0
QTUM.V,D,20200109,000000,1.692,1.692,1.611,1.626,0,0
QTUM.V,D,20200110,000000,1.626,1.734,1.609,1.713,0,0
QTUM.V,D,20200111,000000,1.713,1.818,1.706,1.764,0,0
QTUM.V,D,20200112,000000,1.766,1.811,1.722,1.744,0,0
QTUM.V,D,20200113,000000,1.744,1.77,1.676,1.705,0,0
QTUM.V,D,20200114,000000,1.705,1.975,1.696,1.896,0,0
QTUM.V,D,20200115,000000,1.891,2.112,1.871,1.971,0,0
QTUM.V,D,20200116,000000,1.97,2.011,1.846,1.917,0,0
QTUM.V,D,20200117,000000,1.918,2.22,1.898,2.194,0,0
QTUM.V,D,20200118,000000,2.194,2.195,2.002,2.055,0,0
QTUM.V,D,20200119,000000,2.055,2.089,1.853,1.907,0,0
QTUM.V,D,20200120,000000,1.907,1.961,1.849,1.922,0,0
QTUM.V,D,20200121,000000,1.919,1.972,1.885,1.943,0,0
QTUM.V,D,20200122,000000,1.943,2.04,1.934,1.996,0,0
QTUM.V,D,20200123,000000,1.996,2.005,1.82,1.873,0,0
QTUM.V,D,20200124,000000,1.873,1.928,1.797,1.897,0,0
QTUM.V,D,20200125,000000,1.897,1.907,1.834,1.876,0,0
QTUM.V,D,20200126,000000,1.875,1.957,1.85,1.935,0,0
QTUM.V,D,20200127,000000,1.935,2.049,1.915,1.998,0,0
QTUM.V,D,20200128,000000,1.999,2.081,1.978,2.041,0,0
QTUM.V,D,20200129,000000,2.039,2.146,2.02,2.107,0,0
QTUM.V,D,20200130,000000,2.107,2.226,2.017,2.188,0,0
QTUM.V,D,20200131,000000,2.189,2.209,2.045,2.144,0,0
QTUM.V,D,20200201,000000,2.144,2.223,2.106,2.21,0,0
QTUM.V,D,20200202,000000,2.21,2.401,2.145,2.289,0,0
QTUM.V,D,20200203,000000,2.29,2.392,2.232,2.264,0,0
QTUM.V,D,20200204,000000,2.266,2.34,2.187,2.272,0,0
QTUM.V,D,20200205,000000,2.272,2.513,2.252,2.449,0,0
QTUM.V,D,20200206,000000,2.435,2.561,2.377,2.518,0,0
QTUM.V,D,20200207,000000,2.524,2.667,2.501,2.523,0,0
QTUM.V,D,20200208,000000,2.523,2.659,2.443,2.605,0,0
QTUM.V,D,20200209,000000,2.605,2.742,2.576,2.679,0,0
QTUM.V,D,20200210,000000,2.688,2.737,2.494,2.584,0,0
QTUM.V,D,20200211,000000,2.584,2.786,2.526,2.716,0,0
QTUM.V,D,20200212,000000,2.716,2.955,2.691,2.87,0,0
QTUM.V,D,20200213,000000,2.874,3.01,2.734,2.804,0,0
QTUM.V,D,20200214,000000,2.825,3.077,2.766,3.015,0,0
QTUM.V,D,20200215,000000,3.015,3.069,2.63,2.725,0,0
QTUM.V,D,20200216,000000,2.725,2.816,2.261,2.467,0,0
QTUM.V,D,20200217,000000,2.471,2.563,2.283,2.45,0,0
QTUM.V,D,20200218,000000,2.432,2.652,2.395,2.636,0,0
QTUM.V,D,20200219,000000,2.64,2.741,2.437,2.5,0,0
QTUM.V,D,20200220,000000,2.5,2.54,2.287,2.397,0,0
QTUM.V,D,20200221,000000,2.397,2.483,2.355,2.397,0,0
QTUM.V,D,20200222,000000,2.397,2.437,2.348,2.397,0,0
QTUM.V,D,20200223,000000,2.398,2.498,2.382,2.496,0,0
QTUM.V,D,20200224,000000,2.493,2.513,2.278,2.333,0,0
QTUM.V,D,20200225,000000,2.334,2.618,2.308,2.417,0,0
QTUM.V,D,20200226,000000,2.418,2.425,2.034,2.136,0,0
QTUM.V,D,20200227,000000,2.14,2.221,1.993,2.141,0,0
QTUM.V,D,20200228,000000,2.141,2.172,1.995,2.099,0,0
QTUM.V,D,20200229,000000,2.103,2.126,2.025,2.07,0,0
QTUM.V,D,20200301,000000,2.07,2.103,1.987,2.039,0,0
QTUM.V,D,20200302,000000,2.04,2.217,2.015,2.166,0,0
QTUM.V,D,20200303,000000,2.165,2.185,2.096,2.141,0,0
QTUM.V,D,20200304,000000,2.143,2.177,2.089,2.144,0,0
QTUM.V,D,20200305,000000,2.146,2.256,2.142,2.201,0,0
QTUM.V,D,20200306,000000,2.2,2.314,2.179,2.294,0,0
QTUM.V,D,20200307,000000,2.294,2.335,2.201,2.237,0,0
QTUM.V,D,20200308,000000,2.234,2.237,1.876,1.89,0,0
QTUM.V,D,20200309,000000,1.891,2.104,1.806,1.925,0,0
QTUM.V,D,20200310,000000,1.929,1.979,1.878,1.976,0,0
QTUM.V,D,20200311,000000,1.972,1.975,1.819,1.947,0,0
QTUM.V,D,20200312,000000,1.945,1.957,1.259,1.362,0,0
QTUM.V,D,20200313,000000,1.366,1.367,0.7537,1.256,0,0
QTUM.V,D,20200314,000000,1.264,1.292,1.163,1.194,0,0
QTUM.V,D,20200315,000000,1.193,1.287,1.154,1.219,0,0
QTUM.V,D,20200316,000000,1.219,1.229,0.9092,1.017,0,0
QTUM.V,D,20200317,000000,1.018,1.161,1.015,1.122,0,0
QTUM.V,D,20200318,000000,1.121,1.153,1.019,1.094,0,0
QTUM.V,D,20200319,000000,1.094,1.324,1.089,1.29,0,0
QTUM.V,D,20200320,000000,1.291,1.381,1.115,1.218,0,0
QTUM.V,D,20200321,000000,1.214,1.288,1.174,1.232,0,0
QTUM.V,D,20200322,000000,1.232,1.288,1.138,1.156,0,0
QTUM.V,D,20200323,000000,1.156,1.26,1.13,1.228,0,0
QTUM.V,D,20200324,000000,1.228,1.303,1.217,1.283,0,0
QTUM.V,D,20200325,000000,1.282,1.296,1.204,1.255,0,0
QTUM.V,D,20200326,000000,1.255,1.286,1.221,1.256,0,0
QTUM.V,D,20200327,000000,1.256,1.308,1.239,1.262,0,0
QTUM.V,D,20200328,000000,1.269,1.278,1.148,1.226,0,0
QTUM.V,D,20200329,000000,1.222,1.231,1.132,1.147,0,0
QTUM.V,D,20200330,000000,1.146,1.232,1.136,1.213,0,0
QTUM.V,D,20200331,000000,1.217,1.239,1.182,1.238,0,0
QTUM.V,D,20200401,000000,1.218,1.242,1.17,1.206,0,0
QTUM.V,D,20200402,000000,1.206,1.318,1.201,1.272,0,0
QTUM.V,D,20200403,000000,1.271,1.314,1.241,1.263,0,0
QTUM.V,D,20200404,000000,1.263,1.311,1.238,1.293,0,0
QTUM.V,D,20200405,000000,1.293,1.314,1.245,1.254,0,0
QTUM.V,D,20200406,000000,1.254,1.421,1.25,1.406,0,0
QTUM.V,D,20200407,000000,1.407,1.454,1.344,1.38,0,0
QTUM.V,D,20200408,000000,1.379,1.513,1.358,1.478,0,0
QTUM.V,D,20200409,000000,1.478,1.534,1.434,1.486,0,0
QTUM.V,D,20200410,000000,1.486,1.499,1.296,1.349,0,0
QTUM.V,D,20200411,000000,1.349,1.393,1.312,1.338,0,0
QTUM.V,D,20200412,000000,1.342,1.434,1.322,1.41,0,0
QTUM.V,D,20200413,000000,1.41,1.413,1.295,1.351,0,0
QTUM.V,D,20200414,000000,1.351,1.37,1.319,1.325,0,0
QTUM.V,D,20200415,000000,1.325,1.368,1.311,1.333,0,0
QTUM.V,D,20200416,000000,1.332,1.414,1.256,1.397,0,0
QTUM.V,D,20200417,000000,1.408,1.44,1.368,1.382,0,0
QTUM.V,D,20200418,000000,1.382,1.457,1.38,1.433,0,0
QTUM.V,D,20200419,000000,1.433,1.46,1.369,1.419,0,0
QTUM.V,D,20200420,000000,1.418,1.427,1.296,1.318,0,0
QTUM.V,D,20200421,000000,1.318,1.356,1.296,1.331,0,0
QTUM.V,D,20200422,000000,1.338,1.392,1.307,1.364,0,0
QTUM.V,D,20200423,000000,1.364,1.441,1.336,1.427,0,0
QTUM.V,D,20200424,000000,1.427,1.465,1.376,1.431,0,0
QTUM.V,D,20200425,000000,1.431,1.541,1.406,1.481,0,0
QTUM.V,D,20200426,000000,1.481,1.569,1.467,1.522,0,0
QTUM.V,D,20200427,000000,1.522,1.561,1.45,1.502,0,0
QTUM.V,D,20200428,000000,1.501,1.529,1.465,1.511,0,0
QTUM.V,D,20200429,000000,1.511,1.654,1.508,1.64,0,0
QTUM.V,D,20200430,000000,1.641,1.72,1.511,1.54,0,0
QTUM.V,D,20200501,000000,1.553,1.647,1.532,1.596,0,0
QTUM.V,D,20200502,000000,1.596,1.653,1.569,1.647,0,0
QTUM.V,D,20200503,000000,1.647,1.67,1.55,1.587,0,0
QTUM.V,D,20200504,000000,1.588,1.604,1.47,1.57,0,0
QTUM.V,D,20200505,000000,1.566,1.592,1.515,1.544,0,0
QTUM.V,D,20200506,000000,1.546,1.598,1.52,1.551,0,0
QTUM.V,D,20200507,000000,1.556,1.624,1.498,1.587,0,0
QTUM.V,D,20200508,000000,1.582,1.658,1.547,1.656,0,0
QTUM.V,D,20200509,000000,1.661,1.711,1.59,1.609,0,0
QTUM.V,D,20200510,000000,1.609,1.617,1.37,1.446,0,0
QTUM.V,D,20200511,000000,1.445,1.476,1.361,1.404,0,0
QTUM.V,D,20200512,000000,1.406,1.479,1.39,1.439,0,0
QTUM.V,D,20200513,000000,1.441,1.511,1.44,1.499,0,0
QTUM.V,D,20200514,000000,1.499,1.547,1.462,1.521,0,0
QTUM.V,D,20200515,000000,1.521,1.573,1.48,1.507,0,0
QTUM.V,D,20200516,000000,1.507,1.558,1.489,1.552,0,0
QTUM.V,D,20200517,000000,1.551,1.59,1.532,1.577,0,0
QTUM.V,D,20200518,000000,1.577,1.61,1.541,1.566,0,0
QTUM.V,D,20200519,000000,1.566,1.585,1.525,1.573,0,0
QTUM.V,D,20200520,000000,1.573,1.619,1.549,1.582,0,0
QTUM.V,D,20200521,000000,1.582,1.592,1.457,1.49,0,0
QTUM.V,D,20200522,000000,1.491,1.813,1.479,1.798,0,0
QTUM.V,D,20200523,000000,1.796,1.804,1.66,1.696,0,0
QTUM.V,D,20200524,000000,1.696,1.744,1.592,1.62,0,0
QTUM.V,D,20200525,000000,1.62,1.657,1.552,1.634,0,0
QTUM.V,D,20200526,000000,1.633,1.679,1.579,1.66,0,0
QTUM.V,D,20200527,000000,1.66,1.692,1.611,1.612,0,0
QTUM.V,D,20200528,000000,1.612,1.685,1.612,1.669,0,0
QTUM.V,D,20200529,000000,1.668,1.718,1.651,1.681,0,0
QTUM.V,D,20200530,000000,1.68,1.78,1.665,1.776,0,0
QTUM.V,D,20200531,000000,1.776,1.841,1.726,1.789,0,0
QTUM.V,D,20200601,000000,1.789,1.908,1.73,1.895,0,0
QTUM.V,D,20200602,000000,1.894,1.939,1.717,1.805,0,0
QTUM.V,D,20200603,000000,1.805,1.832,1.754,1.814,0,0
QTUM.V,D,20200604,000000,1.814,1.881,1.774,1.831,0,0
QTUM.V,D,20200605,000000,1.832,1.854,1.791,1.799,0,0
QTUM.V,D,20200606,000000,1.799,1.851,1.772,1.843,0,0
QTUM.V,D,20200607,000000,1.843,1.857,1.746,1.793,0,0
QTUM.V,D,20200608,000000,1.794,1.836,1.793,1.824,0,0
QTUM.V,D,20200609,000000,1.824,1.84,1.794,1.817,0,0
QTUM.V,D,20200610,000000,1.817,1.886,1.803,1.858,0,0
QTUM.V,D,20200611,000000,1.859,1.942,1.666,1.734,0,0
QTUM.V,D,20200612,000000,1.734,1.785,1.668,1.744,0,0
QTUM.V,D,20200613,000000,1.746,1.784,1.711,1.771,0,0
QTUM.V,D,20200614,000000,1.771,1.78,1.706,1.729,0,0
QTUM.V,D,20200615,000000,1.73,1.735,1.564,1.674,0,0
QTUM.V,D,20200616,000000,1.673,1.721,1.659,1.716,0,0
QTUM.V,D,20200617,000000,1.716,1.739,1.662,1.698,0,0
QTUM.V,D,20200618,000000,1.697,1.715,1.648,1.667,0,0
QTUM.V,D,20200619,000000,1.667,1.692,1.639,1.681,0,0
QTUM.V,D,20200620,000000,1.681,1.688,1.631,1.669,0,0
QTUM.V,D,20200621,000000,1.669,1.792,1.655,1.762,0,0
QTUM.V,D,20200622,000000,1.762,1.849,1.722,1.835,0,0
QTUM.V,D,20200623,000000,1.835,1.848,1.775,1.818,0,0
QTUM.V,D,20200624,000000,1.819,1.837,1.695,1.724,0,0
QTUM.V,D,20200625,000000,1.724,1.738,1.659,1.725,0,0
QTUM.V,D,20200626,000000,1.725,1.734,1.655,1.684,0,0
QTUM.V,D,20200627,000000,1.684,1.713,1.526,1.582,0,0
QTUM.V,D,20200628,000000,1.581,1.652,1.544,1.619,0,0
QTUM.V,D,20200629,000000,1.62,1.683,1.595,1.672,0,0
QTUM.V,D,20200630,000000,1.672,1.685,1.625,1.649,0,0
QTUM.V,D,20200701,000000,1.648,1.684,1.616,1.66,0,0
QTUM.V,D,20200702,000000,1.659,1.691,1.605,1.662,0,0
QTUM.V,D,20200703,000000,1.656,1.674,1.639,1.65,0,0
QTUM.V,D,20200704,000000,1.65,1.697,1.629,1.685,0,0
QTUM.V,D,20200705,000000,1.685,1.732,1.653,1.728,0,0
QTUM.V,D,20200706,000000,1.728,1.81,1.728,1.8,0,0
QTUM.V,D,20200707,000000,1.8,1.831,1.748,1.786,0,0
QTUM.V,D,20200708,000000,1.786,2.09,1.785,2.016,0,0
QTUM.V,D,20200709,000000,2.016,2.159,1.948,2.142,0,0
QTUM.V,D,20200710,000000,2.141,2.146,1.953,2.017,0,0
QTUM.V,D,20200711,000000,2.017,2.095,2.004,2.084,0,0
QTUM.V,D,20200712,000000,2.084,2.106,1.967,2.015,0,0
QTUM.V,D,20200713,000000,2.015,2.261,2.015,2.226,0,0
QTUM.V,D,20200714,000000,2.226,2.383,2.116,2.343,0,0
QTUM.V,D,20200715,000000,2.343,2.466,2.3,2.319,0,0
QTUM.V,D,20200716,000000,2.319,2.335,2.119,2.249,0,0
QTUM.V,D,20200717,000000,2.249,2.402,2.249,2.338,0,0
QTUM.V,D,20200718,000000,2.337,2.413,2.31,2.4,0,0
QTUM.V,D,20200719,000000,2.4,2.401,2.3,2.351,0,0
QTUM.V,D,20200720,000000,2.35,2.363,2.212,2.241,0,0
QTUM.V,D,20200721,000000,2.242,2.346,2.183,2.33,0,0
QTUM.V,D,20200722,000000,2.359,2.36,2.276,2.335,0,0
QTUM.V,D,20200723,000000,2.335,2.408,2.332,2.354,0,0
QTUM.V,D,20200724,000000,2.354,2.363,2.29,2.328,0,0
QTUM.V,D,20200725,000000,2.328,2.436,2.289,2.411,0,0
QTUM.V,D,20200726,000000,2.411,2.483,2.327,2.362,0,0
QTUM.V,D,20200727,000000,2.363,2.369,2.206,2.279,0,0
QTUM.V,D,20200728,000000,2.279,2.391,2.257,2.384,0,0
QTUM.V,D,20200729,000000,2.383,2.45,2.356,2.383,0,0
