<TICKER>,<PER>,<DATE>,<TIME>,<OPEN>,<HIGH>,<LOW>,<CLOSE>,<VOL>,<OPENINT>
RDD.V,D,20200506,000000,0.001573,0.001573,0.0012,0.001487,0,0
RDD.V,D,20200507,000000,0.00158,0.001779,0.00137,0.001482,0,0
RDD.V,D,20200508,000000,0.001482,0.001703,0.001362,0.001702,0,0
RDD.V,D,20200509,000000,0.001702,0.001703,0.00144,0.001441,0,0
RDD.V,D,20200510,000000,0.001441,0.001641,0.00126,0.001309,0,0
RDD.V,D,20200511,000000,0.001309,0.002239,0.001299,0.002059,0,0
RDD.V,D,20200512,000000,0.002059,0.002277,0.001846,0.0021,0,0
RDD.V,D,20200513,000000,0.002104,0.002255,0.001856,0.002154,0,0
RDD.V,D,20200514,000000,0.002153,0.00235,0.002015,0.002152,0,0
RDD.V,D,20200515,000000,0.002152,0.002217,0.001704,0.001977,0,0
RDD.V,D,20200516,000000,0.001978,0.002107,0.0017,0.001877,0,0
RDD.V,D,20200517,000000,0.001877,0.002008,0.001804,0.001952,0,0
RDD.V,D,20200518,000000,0.001952,0.001988,0.001548,0.001743,0,0
RDD.V,D,20200519,000000,0.001743,0.00178,0.001431,0.001646,0,0
RDD.V,D,20200520,000000,0.001646,0.001762,0.001363,0.001624,0,0
RDD.V,D,20200521,000000,0.001528,0.001627,0.001344,0.001456,0,0
RDD.V,D,20200522,000000,0.001456,0.001572,0.001348,0.001565,0,0
RDD.V,D,20200523,000000,0.001565,0.001582,0.001005,0.001477,0,0
RDD.V,D,20200524,000000,0.001477,0.001724,0.001362,0.00163,0,0
RDD.V,D,20200525,000000,0.00163,0.001723,0.001054,0.001602,0,0
RDD.V,D,20200526,000000,0.001602,0.00171,0.001491,0.001593,0,0
RDD.V,D,20200527,000000,0.001593,0.001688,0.001326,0.001541,0,0
RDD.V,D,20200528,000000,0.001541,0.001714,0.001414,0.001605,0,0
RDD.V,D,20200529,000000,0.001605,0.001635,0.00104,0.001502,0,0
RDD.V,D,20200530,000000,0.001503,0.001612,0.0009404,0.001517,0,0
RDD.V,D,20200531,000000,0.001517,0.001558,0.001414,0.001514,0,0
RDD.V,D,20200601,000000,0.001514,0.00155,0.0009547,0.001544,0,0
RDD.V,D,20200602,000000,0.001545,0.001751,0.001355,0.001524,0,0
RDD.V,D,20200603,000000,0.001524,0.001634,0.00124,0.001533,0,0
RDD.V,D,20200604,000000,0.001534,0.001635,0.001353,0.001564,0,0
RDD.V,D,20200605,000000,0.001565,0.001576,0.001064,0.001546,0,0
RDD.V,D,20200606,000000,0.001546,0.001556,0.001052,0.001454,0,0
RDD.V,D,20200607,000000,0.001454,0.001471,0.001041,0.001359,0,0
RDD.V,D,20200608,000000,0.00136,0.001467,0.0009725,0.00136,0,0
RDD.V,D,20200609,000000,0.00136,0.001383,0.001066,0.001277,0,0
RDD.V,D,20200610,000000,0.001277,0.001386,0.001168,0.001281,0,0
RDD.V,D,20200611,000000,0.001281,0.001393,0.001183,0.001308,0,0
RDD.V,D,20200612,000000,0.001308,0.001334,0.000939,0.001227,0,0
RDD.V,D,20200613,000000,0.001227,0.001599,0.00113,0.001414,0,0
RDD.V,D,20200614,000000,0.001414,0.0017,0.001398,0.001494,0,0
RDD.V,D,20200615,000000,0.001494,0.001519,0.001248,0.00151,0,0
RDD.V,D,20200616,000000,0.00151,0.001531,0.001317,0.001426,0,0
RDD.V,D,20200617,000000,0.001426,0.001524,0.001295,0.001317,0,0
RDD.V,D,20200618,000000,0.001317,0.001417,0.001208,0.001311,0,0
RDD.V,D,20200619,000000,0.001311,0.001315,0.001111,0.001305,0,0
RDD.V,D,20200620,000000,0.001306,0.001306,0.001107,0.001214,0,0
RDD.V,D,20200621,000000,0.001214,0.001224,0.001117,0.001213,0,0
RDD.V,D,20200622,000000,0.001213,0.001368,0.001117,0.00126,0,0
RDD.V,D,20200623,000000,0.00126,0.00136,0.001059,0.001254,0,0
RDD.V,D,20200624,000000,0.001254,0.001353,0.0012,0.001297,0,0
RDD.V,D,20200625,000000,0.001297,0.0013,0.001091,0.001209,0,0
RDD.V,D,20200626,000000,0.001209,0.001289,0.001015,0.001284,0,0
RDD.V,D,20200627,000000,0.001285,0.001288,0.001073,0.001178,0,0
RDD.V,D,20200628,000000,0.001178,0.001283,0.001075,0.001277,0,0
RDD.V,D,20200629,000000,0.001277,0.001292,0.001092,0.00129,0,0
RDD.V,D,20200630,000000,0.00129,0.001301,0.001179,0.001283,0,0
RDD.V,D,20200701,000000,0.001283,0.001302,0.001184,0.001294,0,0
RDD.V,D,20200702,000000,0.001294,0.001297,0.001164,0.00119,0,0
RDD.V,D,20200703,000000,0.001188,0.001278,0.001179,0.001274,0,0
RDD.V,D,20200704,000000,0.001183,0.001285,0.001088,0.001278,0,0
RDD.V,D,20200705,000000,0.001278,0.00128,0.001005,0.001085,0,0
RDD.V,D,20200706,000000,0.001085,0.001308,0.001012,0.001207,0,0
RDD.V,D,20200707,000000,0.001207,0.001392,0.001201,0.001295,0,0
RDD.V,D,20200708,000000,0.001295,0.001417,0.001201,0.001321,0,0
RDD.V,D,20200709,000000,0.001321,0.001418,0.001284,0.001388,0,0
RDD.V,D,20200710,000000,0.001388,0.001388,0.00119,0.00129,0,0
RDD.V,D,20200711,000000,0.001291,0.001302,0.001114,0.001291,0,0
RDD.V,D,20200712,000000,0.001291,0.0013,0.001192,0.001205,0,0
RDD.V,D,20200713,000000,0.001205,0.001306,0.001113,0.001295,0,0
RDD.V,D,20200714,000000,0.001295,0.001299,0.00101,0.001294,0,0
RDD.V,D,20200715,000000,0.001294,0.001298,0.001106,0.001292,0,0
RDD.V,D,20200716,000000,0.001292,0.001292,0.001175,0.001186,0,0
RDD.V,D,20200717,000000,0.001186,0.001285,0.001093,0.001282,0,0
RDD.V,D,20200718,000000,0.001189,0.001288,0.001186,0.001285,0,0
RDD.V,D,20200719,000000,0.001285,0.001286,0.001007,0.001193,0,0
RDD.V,D,20200720,000000,0.001193,0.001291,0.001099,0.001284,0,0
RDD.V,D,20200721,000000,0.001284,0.001318,0.001122,0.00122,0,0
RDD.V,D,20200722,000000,0.001313,0.001315,0.001026,0.001314,0,0
RDD.V,D,20200723,000000,0.001314,0.00135,0.001045,0.00125,0,0
RDD.V,D,20200724,000000,0.00125,0.001351,0.00105,0.001346,0,0
RDD.V,D,20200725,000000,0.001345,0.001347,0.001145,0.001164,0,0
RDD.V,D,20200726,000000,0.001164,0.001302,0.000989,0.001187,0,0
RDD.V,D,20200727,000000,0.001187,0.001334,0.001084,0.001112,0,0
RDD.V,D,20200728,000000,0.001112,0.001343,0.001086,0.001323,0,0
RDD.V,D,20200729,000000,0.001323,0.001353,0.001096,0.001239,0,0
