<TICKER>,<PER>,<DATE>,<TIME>,<OPEN>,<HIGH>,<LOW>,<CLOSE>,<VOL>,<OPENINT>
REP.V,D,20161004,000000,9.5,10,8.5,8.5,0,0
REP.V,D,20161005,000000,8.5,11.25,7.92,8.6,0,0
REP.V,D,20161006,000000,8.6,9.98,6.7,7.35,0,0
REP.V,D,20161007,000000,7.35,8.25,6.54,7.17,0,0
REP.V,D,20161008,000000,7.17,7.2,6.02,7.01,0,0
REP.V,D,20161009,000000,7.01,7.4,6.5,7.11,0,0
REP.V,D,20161010,000000,7.11,7.44,6.52,6.52,0,0
REP.V,D,20161011,000000,6.52,6.86,5.72,5.72,0,0
REP.V,D,20161012,000000,5.72,6.59,5.52,5.81,0,0
REP.V,D,20161013,000000,5.81,6.59,5.81,5.87,0,0
REP.V,D,20161014,000000,5.87,6.55,5.7,5.81,0,0
REP.V,D,20161015,000000,5.81,5.87,5.75,5.78,0,0
REP.V,D,20161016,000000,5.78,5.78,5.62,5.73,0,0
REP.V,D,20161017,000000,5.73,5.73,5.05,5.06,0,0
REP.V,D,20161018,000000,5.06,6.32,5,5.15,0,0
REP.V,D,20161019,000000,5.15,5.81,5.15,5.64,0,0
REP.V,D,20161020,000000,5.64,5.64,5,5.2,0,0
REP.V,D,20161021,000000,5.2,5.52,5.2,5.48,0,0
REP.V,D,20161022,000000,5.48,5.48,5.21,5.21,0,0
REP.V,D,20161023,000000,5.21,5.51,5.21,5.49,0,0
REP.V,D,20161024,000000,5.49,5.49,5.2,5.32,0,0
REP.V,D,20161025,000000,5.32,5.63,4.84,4.84,0,0
REP.V,D,20161026,000000,4.84,5.41,4.61,5.05,0,0
REP.V,D,20161027,000000,5.05,5.25,5,5.25,0,0
REP.V,D,20161028,000000,5.25,5.25,4.5,4.5,0,0
REP.V,D,20161029,000000,4.5,5.12,4,4,0,0
REP.V,D,20161030,000000,4,4,3.86,3.86,0,0
REP.V,D,20161031,000000,3.86,4.15,3.86,4.15,0,0
REP.V,D,20161101,000000,4.15,4.46,3.75,4.46,0,0
REP.V,D,20161102,000000,4.46,4.5,4.25,4.25,0,0
REP.V,D,20161103,000000,4.25,4.83,4.1,4.81,0,0
REP.V,D,20161104,000000,4.81,4.81,4.06,4.06,0,0
REP.V,D,20161105,000000,4.06,5.67,4.06,5.67,0,0
REP.V,D,20161106,000000,5.67,5.71,4.9,5.71,0,0
REP.V,D,20161107,000000,5.71,5.71,4.5,4.5,0,0
REP.V,D,20161108,000000,4.5,5.47,4.5,5.43,0,0
REP.V,D,20161109,000000,5.43,5.43,4.46,4.46,0,0
REP.V,D,20161110,000000,4.47,5,4.4,5,0,0
REP.V,D,20161111,000000,4.46,5.02,4.46,5.02,0,0
REP.V,D,20161112,000000,5.02,5.05,4.84,4.94,0,0
REP.V,D,20161113,000000,4.87,5,4.8,4.8,0,0
REP.V,D,20161114,000000,4.94,4.94,4.5,4.5,0,0
REP.V,D,20161115,000000,4.51,4.61,4.35,4.5,0,0
REP.V,D,20161116,000000,4.5,4.7,4.49,4.49,0,0
REP.V,D,20161117,000000,4.5,4.5,4.37,4.37,0,0
REP.V,D,20161118,000000,4.37,4.44,4.06,4.44,0,0
REP.V,D,20161119,000000,4.44,4.88,4.14,4.67,0,0
REP.V,D,20161120,000000,4.67,4.67,4.31,4.31,0,0
REP.V,D,20161121,000000,4.31,4.69,4.16,4.25,0,0
REP.V,D,20161122,000000,4.25,4.61,4.25,4.27,0,0
REP.V,D,20161123,000000,4.49,4.5,4.31,4.43,0,0
REP.V,D,20161124,000000,4.27,4.27,4.16,4.16,0,0
REP.V,D,20161125,000000,4.16,4.16,4.16,4.16,0,0
REP.V,D,20161126,000000,4.16,4.16,4.04,4.04,0,0
REP.V,D,20161127,000000,4.04,4.26,4,4,0,0
REP.V,D,20161128,000000,4,4,3.7,3.7,0,0
REP.V,D,20161129,000000,3.79,3.79,3.58,3.67,0,0
REP.V,D,20161130,000000,3.7,3.7,3.68,3.68,0,0
REP.V,D,20161201,000000,3.68,3.68,3.42,3.42,0,0
REP.V,D,20161202,000000,3.42,3.48,3.25,3.25,0,0
REP.V,D,20161203,000000,3.37,3.37,3.19,3.3,0,0
REP.V,D,20161204,000000,3.25,3.26,3.25,3.26,0,0
REP.V,D,20161205,000000,3.26,3.26,3,3,0,0
REP.V,D,20161206,000000,3,3.5,2,3.48,0,0
REP.V,D,20161207,000000,3.48,3.48,3.24,3.24,0,0
REP.V,D,20161208,000000,3.18,3.57,2.8,3.24,0,0
REP.V,D,20161209,000000,3.24,3.54,3.21,3.48,0,0
REP.V,D,20161210,000000,3.24,3.68,3.09,3.09,0,0
REP.V,D,20161211,000000,3.09,3.09,3.05,3.05,0,0
REP.V,D,20161212,000000,3.05,3.21,3.05,3.21,0,0
REP.V,D,20161213,000000,3.21,3.21,3.04,3.04,0,0
REP.V,D,20161214,000000,3.04,3.22,3.04,3.14,0,0
REP.V,D,20161215,000000,3.14,3.14,2.95,2.95,0,0
REP.V,D,20161216,000000,2.95,2.95,2.9,2.95,0,0
REP.V,D,20161217,000000,2.95,2.95,2.51,2.51,0,0
REP.V,D,20161218,000000,2.51,3.14,2.51,3.14,0,0
REP.V,D,20161219,000000,3.14,3.14,2.94,2.94,0,0
REP.V,D,20161220,000000,2.94,2.94,2.87,2.94,0,0
REP.V,D,20161221,000000,2.8,2.94,2.74,2.82,0,0
REP.V,D,20161222,000000,2.94,2.94,2.47,2.47,0,0
REP.V,D,20161223,000000,2.74,2.87,2.41,2.49,0,0
REP.V,D,20161224,000000,2.47,2.5,2.47,2.5,0,0
REP.V,D,20161225,000000,2.5,3.12,2.5,2.75,0,0
REP.V,D,20161226,000000,2.75,3.25,2.75,3.25,0,0
REP.V,D,20161227,000000,3.25,3.49,3.25,3.49,0,0
REP.V,D,20161228,000000,3.49,3.54,3.49,3.54,0,0
REP.V,D,20161229,000000,3.54,3.54,3.08,3.08,0,0
REP.V,D,20161230,000000,3.08,3.15,3.08,3.15,0,0
REP.V,D,20161231,000000,3.7,4.15,3.62,3.8,0,0
REP.V,D,20170101,000000,3.8,3.96,3.66,3.92,0,0
REP.V,D,20170102,000000,3.15,4.16,3.15,4.16,0,0
REP.V,D,20170103,000000,4.16,4.29,4.16,4.28,0,0
REP.V,D,20170104,000000,4.28,5.16,4.07,5.16,0,0
REP.V,D,20170105,000000,5.16,5.99,4.15,4.49,0,0
REP.V,D,20170106,000000,4.49,5.34,4.49,5,0,0
REP.V,D,20170107,000000,5,5.2,4.25,4.25,0,0
REP.V,D,20170108,000000,4.25,5.19,4.25,4.46,0,0
REP.V,D,20170109,000000,4.46,4.46,4.15,4.15,0,0
REP.V,D,20170110,000000,4.15,4.2,4.15,4.2,0,0
REP.V,D,20170111,000000,4.2,4.2,3.51,3.6,0,0
REP.V,D,20170112,000000,3.6,4.17,3.6,4.17,0,0
REP.V,D,20170113,000000,4.17,4.2,4.17,4.2,0,0
REP.V,D,20170114,000000,4.31,4.41,4.19,4.24,0,0
REP.V,D,20170115,000000,4.2,4.2,3.76,3.76,0,0
REP.V,D,20170116,000000,4.07,4.22,3.98,4.03,0,0
REP.V,D,20170117,000000,3.76,4.49,3.76,4.49,0,0
REP.V,D,20170118,000000,4.49,4.49,3.95,4.48,0,0
REP.V,D,20170119,000000,4.48,4.65,4.48,4.65,0,0
REP.V,D,20170120,000000,4.65,4.65,4.5,4.5,0,0
REP.V,D,20170121,000000,4.5,6,4.5,6,0,0
REP.V,D,20170122,000000,4.58,4.67,4.38,4.62,0,0
REP.V,D,20170123,000000,4.62,4.69,4.5,4.57,0,0
REP.V,D,20170124,000000,6,6,4.28,4.28,0,0
REP.V,D,20170125,000000,4.33,4.39,4.21,4.29,0,0
REP.V,D,20170126,000000,4.29,4.42,4.24,4.26,0,0
REP.V,D,20170127,000000,4.26,4.43,4.01,4.3,0,0
REP.V,D,20170128,000000,4.28,4.28,4.21,4.21,0,0
REP.V,D,20170129,000000,4.24,4.31,4.16,4.24,0,0
REP.V,D,20170130,000000,4.24,4.3,4.16,4.21,0,0
REP.V,D,20170131,000000,4.21,4.52,4.21,4.52,0,0
REP.V,D,20170201,000000,4.52,4.52,4.09,4.51,0,0
REP.V,D,20170202,000000,4.51,4.51,3.92,3.92,0,0
REP.V,D,20170203,000000,3.92,4.44,3.92,3.97,0,0
REP.V,D,20170204,000000,3.97,4.38,3.97,4.38,0,0
REP.V,D,20170205,000000,4.38,4.38,4,4,0,0
REP.V,D,20170206,000000,4.14,4.22,4.06,4.19,0,0
REP.V,D,20170207,000000,4,4.42,4,4.38,0,0
REP.V,D,20170208,000000,4.38,5,4.2,5,0,0
REP.V,D,20170209,000000,5,5,4.2,4.2,0,0
REP.V,D,20170210,000000,4.2,4.2,3.99,4.01,0,0
REP.V,D,20170211,000000,4.01,4.66,4.01,4.66,0,0
REP.V,D,20170212,000000,4.66,4.66,4.47,4.47,0,0
REP.V,D,20170213,000000,4.47,4.47,4.46,4.46,0,0
REP.V,D,20170214,000000,4.46,5.02,4.46,5.02,0,0
REP.V,D,20170215,000000,5.02,5.02,4.91,4.91,0,0
REP.V,D,20170216,000000,4.91,5.24,4.91,5.24,0,0
REP.V,D,20170217,000000,5.24,5.24,4.85,4.93,0,0
REP.V,D,20170218,000000,4.93,5.07,4.86,5.07,0,0
REP.V,D,20170219,000000,5.07,5.25,5.07,5.25,0,0
REP.V,D,20170220,000000,5.25,5.25,5.08,5.08,0,0
REP.V,D,20170221,000000,5.08,5.08,4.58,4.58,0,0
REP.V,D,20170222,000000,4.58,4.59,4.58,4.58,0,0
REP.V,D,20170223,000000,4.58,5.07,4.58,5.07,0,0
REP.V,D,20170224,000000,5.07,5.07,4.4,4.87,0,0
REP.V,D,20170225,000000,4.87,5.17,4.7,5.17,0,0
REP.V,D,20170226,000000,5.17,5.17,4.92,5.05,0,0
REP.V,D,20170227,000000,5.05,5.05,5.02,5.02,0,0
REP.V,D,20170228,000000,5.02,5.02,4.49,4.85,0,0
REP.V,D,20170301,000000,4.85,5.1,4.28,5.1,0,0
REP.V,D,20170302,000000,5.1,7.5,4.92,5.75,0,0
REP.V,D,20170303,000000,5.75,5.9,5.63,5.9,0,0
REP.V,D,20170304,000000,5.9,5.9,5.27,5.27,0,0
REP.V,D,20170305,000000,5.27,6.3,5.27,6.25,0,0
REP.V,D,20170306,000000,6.25,6.25,5.32,6.02,0,0
REP.V,D,20170307,000000,6.02,6.04,5.59,5.83,0,0
REP.V,D,20170308,000000,5.83,5.83,5.28,5.28,0,0
REP.V,D,20170309,000000,5.28,5.55,5.28,5.53,0,0
REP.V,D,20170310,000000,5.53,6,4.5,4.5,0,0
REP.V,D,20170311,000000,4.5,6.18,4.5,5.83,0,0
REP.V,D,20170312,000000,5.83,7.4,5.83,7.39,0,0
REP.V,D,20170313,000000,7.39,8.53,6.55,7.7,0,0
REP.V,D,20170314,000000,7.7,8.61,7.56,8.49,0,0
REP.V,D,20170315,000000,8.49,10,8.1,9.9,0,0
REP.V,D,20170316,000000,9.9,10.87,6.71,9.98,0,0
REP.V,D,20170317,000000,9.98,9.98,7.4,7.4,0,0
REP.V,D,20170318,000000,7.4,8.59,6.55,6.55,0,0
REP.V,D,20170319,000000,6.55,8.52,6.55,8,0,0
REP.V,D,20170320,000000,8,9.34,7.96,8.72,0,0
REP.V,D,20170321,000000,8.72,8.85,7.68,8.04,0,0
REP.V,D,20170322,000000,8.04,9.33,7.69,8.53,0,0
REP.V,D,20170323,000000,8.53,9.29,8.53,9.11,0,0
REP.V,D,20170324,000000,9.11,9.89,8.75,8.95,0,0
REP.V,D,20170325,000000,8.95,9.75,8,8.71,0,0
REP.V,D,20170326,000000,8.71,8.89,8.03,8.37,0,0
REP.V,D,20170327,000000,8.37,9.16,8.37,8.64,0,0
REP.V,D,20170328,000000,8.64,9.23,8.6,9.23,0,0
REP.V,D,20170329,000000,9.23,9.44,9.16,9.2,0,0
REP.V,D,20170330,000000,9.2,10.49,9.2,9.84,0,0
REP.V,D,20170331,000000,9.84,15,9.84,12.49,0,0
REP.V,D,20170401,000000,12.49,13.88,10.65,12.6,0,0
REP.V,D,20170402,000000,12.6,12.93,11,11.93,0,0
REP.V,D,20170403,000000,11.93,12.04,10.24,10.51,0,0
REP.V,D,20170404,000000,10.51,11.14,10.25,10.46,0,0
REP.V,D,20170405,000000,10.46,12.42,10.4,10.45,0,0
REP.V,D,20170406,000000,10.45,11.36,9.46,10.33,0,0
REP.V,D,20170407,000000,10.33,10.99,9.5,9.76,0,0
REP.V,D,20170408,000000,9.76,10.4,9.76,10.07,0,0
REP.V,D,20170409,000000,10.07,10.76,9.96,10.03,0,0
REP.V,D,20170410,000000,10.03,10.52,9.76,10.25,0,0
REP.V,D,20170411,000000,10.25,10.68,10.21,10.21,0,0
REP.V,D,20170412,000000,10.21,10.91,10.01,10.6,0,0
REP.V,D,20170413,000000,10.6,11.23,10.49,10.7,0,0
REP.V,D,20170414,000000,10.7,11,10.33,10.99,0,0
REP.V,D,20170415,000000,10.99,11.59,10.35,10.7,0,0
REP.V,D,20170416,000000,10.7,12.41,10.7,11.55,0,0
REP.V,D,20170417,000000,11.55,12.49,11.53,12,0,0
REP.V,D,20170418,000000,12,12.49,11.63,12.25,0,0
REP.V,D,20170419,000000,12.25,12.49,12,12,0,0
REP.V,D,20170420,000000,12,12.49,11,12.49,0,0
REP.V,D,20170421,000000,12.49,12.49,10.92,11,0,0
REP.V,D,20170422,000000,11,12.88,10.95,12.43,0,0
REP.V,D,20170423,000000,12.43,12.43,11.51,11.51,0,0
REP.V,D,20170424,000000,11.51,16,11.51,13.95,0,0
REP.V,D,20170425,000000,13.95,16,12.91,13.05,0,0
REP.V,D,20170426,000000,13.05,13.75,12.59,12.6,0,0
REP.V,D,20170427,000000,12.6,14.15,12.6,14.15,0,0
REP.V,D,20170428,000000,14.15,15.7,13.12,14.5,0,0
REP.V,D,20170429,000000,14.5,17,14.22,17,0,0
REP.V,D,20170430,000000,17,17.2,15.94,16.8,0,0
REP.V,D,20170501,000000,16.8,19,15.1,15.74,0,0
REP.V,D,20170502,000000,15.74,17.98,15.2,16.78,0,0
REP.V,D,20170503,000000,16.78,17.24,15.61,16.34,0,0
REP.V,D,20170504,000000,16.34,18,16.34,17.3,0,0
REP.V,D,20170505,000000,17.3,18.6,16.44,17.25,0,0
REP.V,D,20170506,000000,17.25,17.74,16.65,17.2,0,0
REP.V,D,20170507,000000,17.2,18.31,15,15.69,0,0
REP.V,D,20170508,000000,15.69,17.5,15.69,17,0,0
REP.V,D,20170509,000000,17,17,13.8,16.64,0,0
REP.V,D,20170510,000000,16.64,17.27,15.2,17.05,0,0
REP.V,D,20170511,000000,17.05,18.6,16.07,17,0,0
REP.V,D,20170512,000000,17,18,16.14,16.65,0,0
REP.V,D,20170513,000000,16.65,17.2,15.75,16.13,0,0
REP.V,D,20170514,000000,16.13,17.15,16.13,16.96,0,0
REP.V,D,20170515,000000,16.96,17.2,15.83,16.15,0,0
REP.V,D,20170516,000000,16.15,16.34,13,14.52,0,0
REP.V,D,20170517,000000,14.52,15.75,13.29,15.6,0,0
REP.V,D,20170518,000000,15.6,17.2,15.32,15.82,0,0
REP.V,D,20170519,000000,15.82,17,14,16.99,0,0
REP.V,D,20170520,000000,16.99,18.42,16.35,17.39,0,0
REP.V,D,20170521,000000,17.39,18.22,16.84,17,0,0
REP.V,D,20170522,000000,17,21,16.85,18.38,0,0
REP.V,D,20170523,000000,18.38,32.8,18.38,31,0,0
REP.V,D,20170524,000000,31,35,25.89,26.38,0,0
REP.V,D,20170525,000000,26.38,30.99,21.5,22.4,0,0
REP.V,D,20170526,000000,22.4,27.77,21,22.07,0,0
REP.V,D,20170527,000000,21.68,21.78,14.2,19.75,0,0
REP.V,D,20170528,000000,19.9,23.5,17.41,19.92,0,0
REP.V,D,20170529,000000,19.92,21.79,19.05,20.58,0,0
REP.V,D,20170530,000000,20.58,23.78,19.83,19.86,0,0
REP.V,D,20170531,000000,19.86,22.34,19.52,21.46,0,0
REP.V,D,20170601,000000,21.46,24.7,20.71,23.4,0,0
REP.V,D,20170602,000000,23.4,25.66,22.47,24.25,0,0
REP.V,D,20170603,000000,24.25,26.2,23.63,26.2,0,0
REP.V,D,20170604,000000,26.2,28.99,25.97,28.8,0,0
REP.V,D,20170605,000000,28.8,32.15,27.56,28.31,0,0
REP.V,D,20170606,000000,28.31,33.7,27.51,33.16,0,0
REP.V,D,20170607,000000,33.16,38.69,32.08,34.03,0,0
REP.V,D,20170608,000000,34.03,36.75,32.47,35.3,0,0
REP.V,D,20170609,000000,35.3,36.21,33.59,34.17,0,0
REP.V,D,20170610,000000,34.17,34.82,31.49,32.96,0,0
REP.V,D,20170611,000000,32.96,34.4,31.89,33.52,0,0
REP.V,D,20170612,000000,33.52,34.8,26.02,31,0,0
REP.V,D,20170613,000000,31,33.51,30.06,32.97,0,0
REP.V,D,20170614,000000,32.97,36.62,27.8,29.78,0,0
REP.V,D,20170615,000000,29.78,31.3,23.7,28.09,0,0
REP.V,D,20170616,000000,28.09,29.95,25.86,28.42,0,0
REP.V,D,20170617,000000,28.42,31.88,27.81,31.46,0,0
REP.V,D,20170618,000000,31.46,32.57,28.88,29.79,0,0
REP.V,D,20170619,000000,29.79,32.75,29.69,32.69,0,0
REP.V,D,20170620,000000,32.69,32.85,30.05,30.58,0,0
REP.V,D,20170621,000000,30.58,31.82,27.88,29.38,0,0
REP.V,D,20170622,000000,29.38,32.3,28.6,30.62,0,0
REP.V,D,20170623,000000,30.62,34.07,30.15,30.98,0,0
REP.V,D,20170624,000000,30.98,31.52,27.9,28.39,0,0
REP.V,D,20170625,000000,28.39,29.71,25.15,26.49,0,0
REP.V,D,20170626,000000,26.49,27.08,20.48,24.37,0,0
REP.V,D,20170627,000000,24.37,25.49,20.65,25.41,0,0
REP.V,D,20170628,000000,25.41,28.48,24.8,27.67,0,0
REP.V,D,20170629,000000,27.67,28.6,25.94,26.26,0,0
REP.V,D,20170630,000000,26.26,30.36,25.88,27.66,0,0
REP.V,D,20170701,000000,27.66,28.31,23.55,24.45,0,0
REP.V,D,20170702,000000,24.45,26.18,23.19,25.92,0,0
REP.V,D,20170703,000000,25.92,29.74,25.07,28.72,0,0
REP.V,D,20170704,000000,28.72,29.48,26.95,27.54,0,0
REP.V,D,20170705,000000,27.54,27.54,25.94,27.06,0,0
REP.V,D,20170706,000000,27.06,27.73,26.54,27.34,0,0
REP.V,D,20170707,000000,27.34,28.74,21.71,23.08,0,0
REP.V,D,20170708,000000,23.08,24.12,20.82,23.57,0,0
REP.V,D,20170709,000000,23.57,25.28,22,22.08,0,0
REP.V,D,20170710,000000,22.08,25.25,15.5,16.69,0,0
REP.V,D,20170711,000000,16.69,18.08,14.3,16.18,0,0
REP.V,D,20170712,000000,16.18,21.2,15.66,21.19,0,0
REP.V,D,20170713,000000,21.19,23.08,19.76,20.29,0,0
REP.V,D,20170714,000000,20.29,21.12,18.58,19.32,0,0
REP.V,D,20170715,000000,19.32,19.94,18.18,18.18,0,0
REP.V,D,20170716,000000,18.18,18.44,13.96,16,0,0
REP.V,D,20170717,000000,16,18.34,15.91,18.12,0,0
REP.V,D,20170718,000000,18.12,20.35,17.17,19.63,0,0
REP.V,D,20170719,000000,19.63,19.87,16.57,16.85,0,0
REP.V,D,20170720,000000,16.85,19.93,16.81,19.77,0,0
REP.V,D,20170721,000000,19.77,20.76,19.06,20.19,0,0
REP.V,D,20170722,000000,20.19,21.73,19.61,21.66,0,0
REP.V,D,20170723,000000,21.66,22.26,20.46,21.01,0,0
REP.V,D,20170724,000000,21.01,22.31,20.53,21.8,0,0
REP.V,D,20170725,000000,21.8,21.96,17.6,17.99,0,0
REP.V,D,20170726,000000,17.99,18.42,17.26,18.09,0,0
REP.V,D,20170727,000000,18.09,18.51,17.79,18.14,0,0
REP.V,D,20170728,000000,18.14,18.4,16.84,17.28,0,0
REP.V,D,20170729,000000,17.28,17.64,16.18,17.57,0,0
REP.V,D,20170730,000000,17.57,18.34,17.1,17.15,0,0
REP.V,D,20170731,000000,17.15,17.72,16.19,16.55,0,0
REP.V,D,20170801,000000,16.55,18.25,16.4,18.02,0,0
REP.V,D,20170802,000000,18.02,18.56,17.04,17.93,0,0
REP.V,D,20170803,000000,17.93,18.26,16.99,17.38,0,0
REP.V,D,20170804,000000,17.38,17.75,17.2,17.44,0,0
REP.V,D,20170805,000000,17.44,19.96,17.34,18.98,0,0
REP.V,D,20170806,000000,18.98,19.5,18.36,19.1,0,0
REP.V,D,20170807,000000,19.1,19.52,18.43,18.96,0,0
REP.V,D,20170808,000000,18.96,21.63,18.81,21.4,0,0
REP.V,D,20170809,000000,21.4,23.42,21.23,23,0,0
REP.V,D,20170810,000000,23,24.95,22.61,22.79,0,0
REP.V,D,20170811,000000,22.79,23.17,21.92,22.42,0,0
REP.V,D,20170812,000000,22.42,24.09,21.34,22.74,0,0
REP.V,D,20170813,000000,22.74,23.1,20.51,20.73,0,0
REP.V,D,20170814,000000,20.73,20.99,19.32,19.93,0,0
REP.V,D,20170815,000000,19.93,23.23,19.34,21.24,0,0
REP.V,D,20170816,000000,21.24,21.48,20.11,21.46,0,0
REP.V,D,20170817,000000,21.46,21.97,19.99,19.99,0,0
REP.V,D,20170818,000000,19.99,20.5,18.43,19.08,0,0
REP.V,D,20170819,000000,19.08,20,18.4,19.64,0,0
REP.V,D,20170820,000000,19.64,21.4,19,20.49,0,0
REP.V,D,20170821,000000,20.49,23.56,20.22,21.82,0,0
REP.V,D,20170822,000000,21.82,22.36,19.49,20.89,0,0
REP.V,D,20170823,000000,20.89,23.3,20.46,22.1,0,0
REP.V,D,20170824,000000,22.1,23.15,21.5,23.1,0,0
REP.V,D,20170825,000000,23.1,27.98,22.74,25.01,0,0
REP.V,D,20170826,000000,25.01,32.5,24.79,29.72,0,0
REP.V,D,20170827,000000,29.72,31.3,27.09,28.07,0,0
REP.V,D,20170828,000000,28.07,28.22,20.1,25.89,0,0
REP.V,D,20170829,000000,25.89,26.95,23.17,25.16,0,0
REP.V,D,20170830,000000,25.16,25.5,23.69,25.3,0,0
REP.V,D,20170831,000000,25.3,26.63,24.78,26.3,0,0
REP.V,D,20170901,000000,26.3,28.62,26.11,28.55,0,0
REP.V,D,20170902,000000,28.55,28.97,22.6,23.88,0,0
REP.V,D,20170903,000000,23.88,26.4,23.14,24.97,0,0
REP.V,D,20170904,000000,24.97,24.97,20.36,21.56,0,0
REP.V,D,20170905,000000,21.56,23.28,19.93,22.87,0,0
REP.V,D,20170906,000000,22.87,24,22.26,23.6,0,0
REP.V,D,20170907,000000,23.6,24.1,22.67,23.8,0,0
REP.V,D,20170908,000000,23.8,25,21,22.1,0,0
REP.V,D,20170909,000000,22.1,22.5,21.54,22.18,0,0
REP.V,D,20170910,000000,22.18,22.18,19.97,21.44,0,0
REP.V,D,20170911,000000,21.44,21.84,20.04,20.85,0,0
REP.V,D,20170912,000000,20.85,21.86,20.4,21.29,0,0
REP.V,D,20170913,000000,21.29,24.2,19.98,20.51,0,0
REP.V,D,20170914,000000,20.51,20.81,15.52,15.74,0,0
REP.V,D,20170915,000000,15.74,18.99,13.5,18.27,0,0
REP.V,D,20170916,000000,18.27,18.95,16.54,17.57,0,0
REP.V,D,20170917,000000,17.57,17.82,15.66,17.62,0,0
REP.V,D,20170918,000000,17.62,19.16,17.51,18.91,0,0
REP.V,D,20170919,000000,18.91,19.06,17.75,18.4,0,0
REP.V,D,20170920,000000,18.4,18.9,18,18.3,0,0
REP.V,D,20170921,000000,18.3,18.56,16.04,16.98,0,0
REP.V,D,20170922,000000,16.98,17.44,16.12,16.89,0,0
REP.V,D,20170923,000000,16.89,18.01,16.38,17.96,0,0
REP.V,D,20170924,000000,17.96,18.54,17.75,17.87,0,0
REP.V,D,20170925,000000,17.87,18.95,17.75,18.78,0,0
REP.V,D,20170926,000000,18.78,19,18.3,18.9,0,0
REP.V,D,20170927,000000,18.9,21.25,18.72,21.07,0,0
REP.V,D,20170928,000000,21.07,22.83,20.65,22.2,0,0
REP.V,D,20170929,000000,22.2,22.52,19.88,20.68,0,0
REP.V,D,20170930,000000,20.68,21.77,20.51,21.3,0,0
REP.V,D,20171001,000000,21.3,21.41,20.02,20.83,0,0
REP.V,D,20171002,000000,20.83,20.83,19.1,19.41,0,0
REP.V,D,20171003,000000,19.41,19.6,18.7,19.39,0,0
REP.V,D,20171004,000000,19.39,19.57,18.82,19.01,0,0
REP.V,D,20171005,000000,19.01,19.3,18.4,19.01,0,0
REP.V,D,20171006,000000,19.01,19.87,18.38,19.63,0,0
REP.V,D,20171007,000000,19.63,20.72,19.32,20.05,0,0
REP.V,D,20171008,000000,20.05,20.05,19,19.23,0,0
REP.V,D,20171009,000000,19.23,19.26,17.62,17.89,0,0
REP.V,D,20171010,000000,17.6,19.35,17.49,18.71,0,0
REP.V,D,20171011,000000,18.71,18.99,18.32,18.51,0,0
REP.V,D,20171012,000000,18.51,19.11,18.22,18.52,0,0
REP.V,D,20171013,000000,18.52,19.09,17.98,18.38,0,0
REP.V,D,20171014,000000,18.38,19.1,18.01,19.1,0,0
REP.V,D,20171015,000000,19.1,19.19,17.98,18.74,0,0
REP.V,D,20171016,000000,18.74,19.3,18.44,19.03,0,0
REP.V,D,20171017,000000,19.03,19.08,18.48,18.62,0,0
REP.V,D,20171018,000000,18.62,18.75,17.59,18.35,0,0
REP.V,D,20171019,000000,18.35,18.65,17.81,18.1,0,0
REP.V,D,20171020,000000,18.1,18.23,17.06,17.38,0,0
REP.V,D,20171021,000000,17.38,17.6,16.2,16.87,0,0
REP.V,D,20171022,000000,16.87,17.3,16.26,16.81,0,0
REP.V,D,20171023,000000,16.81,16.97,15.97,16.41,0,0
REP.V,D,20171024,000000,16.41,18.5,15.9,17.65,0,0
REP.V,D,20171025,000000,17.65,17.99,17,17.69,0,0
REP.V,D,20171026,000000,17.69,18.33,17.4,18.01,0,0
REP.V,D,20171027,000000,18.01,18.02,17,17.5,0,0
REP.V,D,20171028,000000,17.5,17.71,17.05,17.1,0,0
REP.V,D,20171029,000000,17.1,18.4,16.92,17.53,0,0
REP.V,D,20171030,000000,17.53,17.58,16.9,17.18,0,0
REP.V,D,20171031,000000,17.09,17.84,17,17.43,0,0
REP.V,D,20171101,000000,17.43,19,16.9,16.95,0,0
REP.V,D,20171102,000000,16.87,17.05,15.08,16.13,0,0
REP.V,D,20171103,000000,16.13,17.9,15.66,17.9,0,0
REP.V,D,20171104,000000,17.72,17.89,16.99,17.46,0,0
REP.V,D,20171105,000000,17.46,19.06,16.04,16.68,0,0
REP.V,D,20171106,000000,16.68,17.23,16.35,16.87,0,0
REP.V,D,20171107,000000,16.87,18.81,16.8,17.02,0,0
REP.V,D,20171108,000000,17.02,19.13,16.77,18.08,0,0
REP.V,D,20171109,000000,18.08,19.29,17.98,18.61,0,0
REP.V,D,20171110,000000,18.75,20,17.07,17.68,0,0
REP.V,D,20171111,000000,17.63,18.7,17.21,18.19,0,0
REP.V,D,20171112,000000,18.19,18.68,16.31,17.35,0,0
REP.V,D,20171113,000000,17.35,18.27,17.13,18.21,0,0
REP.V,D,20171114,000000,18.21,19.01,17.74,18.63,0,0
REP.V,D,20171115,000000,18.57,19.32,18.45,19,0,0
REP.V,D,20171116,000000,19,20.51,18.86,19.68,0,0
REP.V,D,20171117,000000,19.68,20.22,19.1,19.1,0,0
REP.V,D,20171118,000000,19.1,19.85,18.84,19.65,0,0
REP.V,D,20171119,000000,19.65,20.79,19.61,20.4,0,0
REP.V,D,20171120,000000,20.4,21.4,19.8,21.05,0,0
REP.V,D,20171121,000000,21.15,21.5,20.1,21.19,0,0
REP.V,D,20171122,000000,21.19,28,21.01,25.23,0,0
REP.V,D,20171123,000000,25.23,32.9,24.7,25.84,0,0
REP.V,D,20171124,000000,25.72,28.66,24.38,28.65,0,0
REP.V,D,20171125,000000,28.65,28.7,27.28,28.21,0,0
REP.V,D,20171126,000000,28.21,28.48,26.38,27.1,0,0
REP.V,D,20171127,000000,27.31,30.06,27,28.55,0,0
REP.V,D,20171128,000000,28.55,29.4,27.8,28.49,0,0
REP.V,D,20171129,000000,28.49,31.2,22.94,24.28,0,0
REP.V,D,20171130,000000,24.39,26.53,22.53,25.96,0,0
REP.V,D,20171201,000000,25.96,27.8,24.34,26.01,0,0
REP.V,D,20171202,000000,26.01,29.5,25.83,29.5,0,0
REP.V,D,20171203,000000,29.5,47.83,28.13,35.67,0,0
REP.V,D,20171204,000000,35.56,39.74,33.41,36.69,0,0
REP.V,D,20171205,000000,37,37.15,34.6,35.46,0,0
REP.V,D,20171206,000000,35.18,35.46,30.05,30.8,0,0
REP.V,D,20171207,000000,31.05,31.16,26.3,26.46,0,0
REP.V,D,20171208,000000,26.8,30,24,29.25,0,0
REP.V,D,20171209,000000,29.25,30.65,26,28.47,0,0
REP.V,D,20171210,000000,28.47,33,24.49,27.19,0,0
REP.V,D,20171211,000000,27.19,31.49,27.09,30.15,0,0
REP.V,D,20171212,000000,30.15,37,29.38,32.35,0,0
REP.V,D,20171213,000000,32.41,36.28,30.19,34.65,0,0
REP.V,D,20171214,000000,34.65,38,34.5,36.85,0,0
REP.V,D,20171215,000000,36.85,37.63,31.8,36.32,0,0
REP.V,D,20171216,000000,36.22,44.95,36,41.4,0,0
REP.V,D,20171217,000000,41.4,44,40.69,42.72,0,0
REP.V,D,20171218,000000,42.72,55.9,40.77,55.9,0,0
REP.V,D,20171219,000000,55.52,110.3,53.24,102.5,0,0
REP.V,D,20171220,000000,103,107.25,76.03,88.5,0,0
REP.V,D,20171221,000000,88.9,104,72.05,82.77,0,0
REP.V,D,20171222,000000,82.77,89.19,45,59.9,0,0
REP.V,D,20171223,000000,58.5,85,58.5,69,0,0
REP.V,D,20171224,000000,70.88,71.76,57,67.4,0,0
REP.V,D,20171225,000000,68,71.6,62,70.6,0,0
REP.V,D,20171226,000000,71,87.33,71,85,0,0
REP.V,D,20171227,000000,85.5,85.86,75.3,79.98,0,0
REP.V,D,20171228,000000,79.98,80.89,66,73.19,0,0
REP.V,D,20171229,000000,73.19,78.2,70,76.62,0,0
REP.V,D,20171230,000000,76,76,59.1,63.2,0,0
REP.V,D,20171231,000000,63.2,71.03,62.26,70,0,0
REP.V,D,20180101,000000,70,75.4,65,75.1,0,0
REP.V,D,20180102,000000,74.95,84.9,74.33,78.21,0,0
REP.V,D,20180103,000000,78.99,80.44,72,77,0,0
REP.V,D,20180104,000000,77,77.21,70.62,73.09,0,0
REP.V,D,20180105,000000,73,89.46,70,72.87,0,0
REP.V,D,20180106,000000,72.87,80,68.1,76.06,0,0
REP.V,D,20180107,000000,76.06,80.55,75.23,78.05,0,0
REP.V,D,20180108,000000,78.67,97.78,68,97.78,0,0
REP.V,D,20180109,000000,99,110,87,89.79,0,0
REP.V,D,20180110,000000,90.1,123.5,74.83,102.59,0,0
REP.V,D,20180111,000000,103.41,124,81.1,99.67,0,0
REP.V,D,20180112,000000,99.86,113,96.6,105.5,0,0
REP.V,D,20180113,000000,105.5,110.93,100,105.39,0,0
REP.V,D,20180114,000000,105.39,105.39,88.38,93.7,0,0
REP.V,D,20180115,000000,93.8,103.08,88.83,90,0,0
REP.V,D,20180116,000000,89.4,90.11,52.21,64.2,0,0
REP.V,D,20180117,000000,64.99,70,46.41,64,0,0
REP.V,D,20180118,000000,64.78,69.53,58,62.43,0,0
REP.V,D,20180119,000000,62.43,79.74,61,75.71,0,0
REP.V,D,20180120,000000,75.71,98,75.71,96,0,0
REP.V,D,20180121,000000,96,104.5,81.9,87.01,0,0
REP.V,D,20180122,000000,87.73,91,75.49,83.5,0,0
REP.V,D,20180123,000000,83.5,93,76.5,87,0,0
REP.V,D,20180124,000000,87.5,97,83.71,89.83,0,0
REP.V,D,20180125,000000,89.85,93.56,85,88.59,0,0
REP.V,D,20180126,000000,88.59,90.7,76.07,81,0,0
REP.V,D,20180127,000000,81,85.75,80.5,84,0,0
REP.V,D,20180128,000000,84,88.36,82.84,84.16,0,0
REP.V,D,20180129,000000,84.16,85.99,78.4,78.4,0,0
REP.V,D,20180130,000000,78.4,79.79,67.16,70,0,0
REP.V,D,20180131,000000,70,71.44,64.5,68.7,0,0
REP.V,D,20180201,000000,68.7,70.8,61.79,64.86,0,0
REP.V,D,20180202,000000,64.86,66.78,45.47,57.48,0,0
REP.V,D,20180203,000000,57.48,62.94,51.64,61,0,0
REP.V,D,20180204,000000,61,61.66,48.23,50.2,0,0
REP.V,D,20180205,000000,50.2,53.54,41.6,43.35,0,0
REP.V,D,20180206,000000,43.35,48.29,35.06,46.15,0,0
REP.V,D,20180207,000000,46.15,52.37,43.09,49.19,0,0
REP.V,D,20180208,000000,49.19,53.92,46.19,52.02,0,0
REP.V,D,20180209,000000,52.02,57.4,48.5,55.56,0,0
REP.V,D,20180210,000000,55.56,59.67,51.14,53.75,0,0
REP.V,D,20180211,000000,53.75,55.39,47.5,50.64,0,0
REP.V,D,20180212,000000,50.64,56.8,48.68,53.62,0,0
REP.V,D,20180213,000000,53.62,54.81,48.89,49.35,0,0
REP.V,D,20180214,000000,49.35,52.98,47.61,51.64,0,0
REP.V,D,20180215,000000,51.62,55.26,51.41,53.14,0,0
REP.V,D,20180216,000000,53.14,55.05,50.38,53.41,0,0
REP.V,D,20180217,000000,53.41,55.65,52.68,54,0,0
REP.V,D,20180218,000000,54.03,59.09,51.5,53.1,0,0
REP.V,D,20180219,000000,52.92,55.96,48.85,53.84,0,0
REP.V,D,20180220,000000,53.84,54.35,50.04,50.7,0,0
REP.V,D,20180221,000000,50.7,50.73,44.6,45.72,0,0
REP.V,D,20180222,000000,45.72,47.96,42.06,43.78,0,0
REP.V,D,20180223,000000,43.78,46.4,41.62,43.24,0,0
REP.V,D,20180224,000000,43.24,46.16,41.89,42.74,0,0
REP.V,D,20180225,000000,42.74,44.01,41.95,43.7,0,0
REP.V,D,20180226,000000,43.7,46.77,42.06,46.53,0,0
REP.V,D,20180227,000000,46.53,52.1,46.08,48.98,0,0
REP.V,D,20180228,000000,48.97,50.26,44.69,45.63,0,0
REP.V,D,20180301,000000,45.63,46.99,43.87,46.86,0,0
REP.V,D,20180302,000000,46.86,47.88,44.65,45.38,0,0
REP.V,D,20180303,000000,45.38,49.02,45.01,47.5,0,0
REP.V,D,20180304,000000,47.5,47.56,44.72,46.33,0,0
REP.V,D,20180305,000000,46.33,46.99,45.89,46.57,0,0
REP.V,D,20180306,000000,46.57,46.57,42.79,43.47,0,0
REP.V,D,20180307,000000,43.47,43.59,37.3,39.73,0,0
REP.V,D,20180308,000000,39.73,41.33,37.29,38.29,0,0
REP.V,D,20180309,000000,38.29,38.69,33.75,36.45,0,0
REP.V,D,20180310,000000,36.45,38.38,30.39,33.22,0,0
REP.V,D,20180311,000000,33.22,36.85,31.56,36.23,0,0
REP.V,D,20180312,000000,36.23,37.48,33.75,34.68,0,0
REP.V,D,20180313,000000,34.68,38.61,34.28,38.56,0,0
REP.V,D,20180314,000000,38.57,39.57,29.97,31.48,0,0
REP.V,D,20180315,000000,31.48,32.53,29.62,31.94,0,0
REP.V,D,20180316,000000,32.02,34.49,30.58,33.52,0,0
REP.V,D,20180317,000000,33.52,33.62,30.18,31.13,0,0
REP.V,D,20180318,000000,31.13,31.34,25.65,29.25,0,0
REP.V,D,20180319,000000,29.25,38.92,28.83,32.98,0,0
REP.V,D,20180320,000000,32.98,35.97,32.38,35.53,0,0
REP.V,D,20180321,000000,35.53,36.99,34.78,35.2,0,0
REP.V,D,20180322,000000,35.2,36.58,33.77,35.01,0,0
REP.V,D,20180323,000000,35.01,38.45,32.57,34.26,0,0
REP.V,D,20180324,000000,34.43,39.95,34.41,34.96,0,0
REP.V,D,20180325,000000,34.96,35.1,33.4,34.66,0,0
REP.V,D,20180326,000000,34.66,34.98,31.23,33.59,0,0
REP.V,D,20180327,000000,33.59,35.76,31.42,32.98,0,0
REP.V,D,20180328,000000,32.98,34.58,30.41,32.55,0,0
REP.V,D,20180329,000000,32.55,33.39,25.64,26.23,0,0
REP.V,D,20180330,000000,26.23,28.2,25.21,25.92,0,0
REP.V,D,20180331,000000,25.92,28.19,25.38,25.89,0,0
REP.V,D,20180401,000000,25.89,26.36,23.14,24.53,0,0
REP.V,D,20180402,000000,24.53,26.79,24.01,25.35,0,0
REP.V,D,20180403,000000,25.35,27.78,24.9,26.95,0,0
REP.V,D,20180404,000000,26.95,27.41,23.49,23.83,0,0
REP.V,D,20180405,000000,23.83,27.45,23.25,26.66,0,0
REP.V,D,20180406,000000,26.66,27.07,23.71,24.54,0,0
REP.V,D,20180407,000000,24.54,25.15,23.81,25.04,0,0
REP.V,D,20180408,000000,25.04,25.18,24.36,24.7,0,0
REP.V,D,20180409,000000,24.7,25.98,23.75,24.11,0,0
REP.V,D,20180410,000000,24.11,24.91,23.19,24.78,0,0
REP.V,D,20180411,000000,24.78,25.39,24.5,24.91,0,0
REP.V,D,20180412,000000,24.91,27.99,24.48,27.79,0,0
REP.V,D,20180413,000000,27.79,31.27,26.35,29.45,0,0
REP.V,D,20180414,000000,29.45,30.1,28.63,29.73,0,0
REP.V,D,20180415,000000,29.75,31.15,28.39,30.57,0,0
REP.V,D,20180416,000000,30.57,31.34,27.69,28.8,0,0
REP.V,D,20180417,000000,28.8,29.88,28.38,29.23,0,0
REP.V,D,20180418,000000,29.23,33.4,28.77,32.35,0,0
REP.V,D,20180419,000000,32.18,44.75,31.98,38.93,0,0
REP.V,D,20180420,000000,38.93,39.94,35.84,39.42,0,0
REP.V,D,20180421,000000,39.42,41.66,36.75,38.67,0,0
REP.V,D,20180422,000000,38.67,41.65,37.97,40.56,0,0
REP.V,D,20180423,000000,40.56,42.06,39.4,41.98,0,0
REP.V,D,20180424,000000,41.98,46.53,41.78,45.58,0,0
REP.V,D,20180425,000000,45.58,45.89,36.93,41.79,0,0
REP.V,D,20180426,000000,41.81,42.45,38.76,42.03,0,0
REP.V,D,20180427,000000,42.03,43.55,40.34,40.51,0,0
REP.V,D,20180428,000000,40.51,41.99,39.8,41.97,0,0
REP.V,D,20180429,000000,41.97,42.44,39.39,40.67,0,0
REP.V,D,20180430,000000,40.67,41.25,39.31,39.54,0,0
REP.V,D,20180501,000000,39.54,40.66,37.84,38.77,0,0
REP.V,D,20180502,000000,38.77,39.87,30.76,39.17,0,0
REP.V,D,20180503,000000,39.17,47.69,39.05,44.39,0,0
REP.V,D,20180504,000000,44.39,45.23,41.76,42.78,0,0
REP.V,D,20180505,000000,42.78,44.87,42.67,43.32,0,0
REP.V,D,20180506,000000,43.32,44.85,41.07,42.34,0,0
REP.V,D,20180507,000000,42.34,43.25,41.03,41.29,0,0
REP.V,D,20180508,000000,41.29,49.42,41.28,44.85,0,0
REP.V,D,20180509,000000,44.85,54.95,43.53,49.59,0,0
REP.V,D,20180510,000000,49.54,50.77,44.95,44.95,0,0
REP.V,D,20180511,000000,44.95,83.55,43.26,51.62,0,0
REP.V,D,20180512,000000,51.62,57.44,45.91,50.35,0,0
REP.V,D,20180513,000000,50.35,53.41,49.12,52.39,0,0
REP.V,D,20180514,000000,52.39,60.85,48.52,52.48,0,0
REP.V,D,20180515,000000,52.48,60.03,52.21,54.25,0,0
REP.V,D,20180516,000000,54.25,54.25,47.86,49.29,0,0
REP.V,D,20180517,000000,49.29,62,49.29,56.86,0,0
REP.V,D,20180518,000000,56.86,58.45,51.73,53.04,0,0
REP.V,D,20180519,000000,53.03,55.45,52.25,53.16,0,0
REP.V,D,20180520,000000,53.16,54.47,52.67,54.21,0,0
REP.V,D,20180521,000000,54.21,54.47,50.26,51.28,0,0
REP.V,D,20180522,000000,51.28,51.67,46.55,46.55,0,0
REP.V,D,20180523,000000,46.55,46.72,39.19,43.09,0,0
REP.V,D,20180524,000000,43.09,43.29,38.3,40.89,0,0
REP.V,D,20180525,000000,40.89,43.27,39,39.71,0,0
REP.V,D,20180526,000000,39.71,40.39,38.95,40.02,0,0
REP.V,D,20180527,000000,40.02,40.02,37.86,38.04,0,0
REP.V,D,20180528,000000,38.04,38.34,34,34.03,0,0
REP.V,D,20180529,000000,34.03,37.99,32.64,37.98,0,0
REP.V,D,20180530,000000,37.98,41.8,35.19,35.86,0,0
REP.V,D,20180531,000000,35.86,38.57,35.65,38.57,0,0
REP.V,D,20180601,000000,38.57,39.18,37.19,37.94,0,0
REP.V,D,20180602,000000,37.94,40.89,37.85,40.39,0,0
REP.V,D,20180603,000000,40.39,41.9,40.17,40.75,0,0
REP.V,D,20180604,000000,40.75,41.34,37.21,38.18,0,0
REP.V,D,20180605,000000,38.18,48.36,36.45,38.16,0,0
REP.V,D,20180606,000000,38.16,38.77,37.01,38.11,0,0
REP.V,D,20180607,000000,38.11,41.29,38.11,39.14,0,0
REP.V,D,20180608,000000,39.14,40,37.47,38.41,0,0
REP.V,D,20180609,000000,38.41,39.07,37.61,37.61,0,0
REP.V,D,20180610,000000,37.61,37.84,32.61,32.79,0,0
REP.V,D,20180611,000000,32.86,33,31.11,33,0,0
REP.V,D,20180612,000000,33,34.12,30.49,31.03,0,0
REP.V,D,20180613,000000,31.03,31.29,29.26,30.65,0,0
REP.V,D,20180614,000000,30.65,35.26,30.13,34.41,0,0
REP.V,D,20180615,000000,34.41,34.63,32.11,33.2,0,0
REP.V,D,20180616,000000,33.2,35.11,31.95,33.73,0,0
REP.V,D,20180617,000000,33.73,34.29,32.63,33.51,0,0
REP.V,D,20180618,000000,33.51,34.7,32.11,34.47,0,0
REP.V,D,20180619,000000,34.47,36.77,34,36.3,0,0
REP.V,D,20180620,000000,36.3,36.75,34.22,36.09,0,0
REP.V,D,20180621,000000,36.09,36.68,34.97,35.14,0,0
REP.V,D,20180622,000000,35.14,35.38,29.39,29.57,0,0
REP.V,D,20180623,000000,29.57,31.52,29.56,30.71,0,0
REP.V,D,20180624,000000,30.71,30.84,27.92,30.65,0,0
REP.V,D,20180625,000000,30.65,32.26,30.01,32.16,0,0
REP.V,D,20180626,000000,32.16,32.28,30.26,30.81,0,0
REP.V,D,20180627,000000,30.81,30.85,29.03,30.11,0,0
REP.V,D,20180628,000000,30.11,35.48,29.62,30.74,0,0
REP.V,D,20180629,000000,30.74,37.45,29.92,30.73,0,0
REP.V,D,20180630,000000,30.73,37.28,30.71,34.43,0,0
REP.V,D,20180701,000000,34.43,35.83,34.24,34.58,0,0
REP.V,D,20180702,000000,34.58,37.7,33.79,37.27,0,0
REP.V,D,20180703,000000,37.27,38.18,35.91,35.96,0,0
REP.V,D,20180704,000000,35.96,37.16,34.98,36.09,0,0
REP.V,D,20180705,000000,36.16,36.87,35.43,36.07,0,0
REP.V,D,20180706,000000,36.07,38.44,35.91,36.22,0,0
REP.V,D,20180707,000000,36.22,36.91,32.77,34.16,0,0
REP.V,D,20180708,000000,34.16,36.13,33.3,34.58,0,0
REP.V,D,20180709,000000,34.58,35.2,33.52,34.9,0,0
REP.V,D,20180710,000000,34.9,35.38,30.81,31.51,0,0
REP.V,D,20180711,000000,31.51,32.09,30.1,31.5,0,0
REP.V,D,20180712,000000,31.5,32.11,30.16,30.18,0,0
REP.V,D,20180713,000000,30.18,31.93,27.94,28.21,0,0
REP.V,D,20180714,000000,28.21,28.9,27.54,28.48,0,0
REP.V,D,20180715,000000,28.4,29.16,27.56,29.15,0,0
REP.V,D,20180716,000000,29.15,30.49,28.56,30.01,0,0
REP.V,D,20180717,000000,30.01,32.43,29.6,31.6,0,0
REP.V,D,20180718,000000,31.6,32.99,30.76,31.17,0,0
REP.V,D,20180719,000000,31.17,31.47,29.75,30.49,0,0
REP.V,D,20180720,000000,30.49,30.7,28.07,28.07,0,0
REP.V,D,20180721,000000,28.07,30,27.94,29.68,0,0
REP.V,D,20180722,000000,29.68,41.73,29.43,34.54,0,0
REP.V,D,20180723,000000,34.49,38.57,32.14,32.22,0,0
REP.V,D,20180724,000000,32.22,32.41,29.39,30.51,0,0
REP.V,D,20180725,000000,30.51,31.37,28.72,30.02,0,0
REP.V,D,20180726,000000,30.02,31.59,29.8,30.64,0,0
REP.V,D,20180727,000000,30.64,31.19,29.27,30.59,0,0
REP.V,D,20180728,000000,30.58,31,29.99,30.1,0,0
REP.V,D,20180729,000000,30.1,31.76,29.96,30.3,0,0
REP.V,D,20180730,000000,30.3,32.12,29.95,31.32,0,0
REP.V,D,20180731,000000,31.32,31.79,29.48,30.26,0,0
REP.V,D,20180801,000000,30.26,31,27.8,30.19,0,0
REP.V,D,20180802,000000,30.09,30.79,29.27,29.7,0,0
REP.V,D,20180803,000000,29.7,30.27,27.84,30.26,0,0
REP.V,D,20180804,000000,30.26,30.26,27.68,28,0,0
REP.V,D,20180805,000000,28,29.06,27.91,28.98,0,0
REP.V,D,20180806,000000,28.98,29.26,27.54,27.74,0,0
REP.V,D,20180807,000000,27.74,28.63,26.59,26.89,0,0
REP.V,D,20180808,000000,26.89,27.05,22.77,23.25,0,0
REP.V,D,20180809,000000,23.25,26.25,22.24,26.25,0,0
REP.V,D,20180810,000000,26.25,26.88,22.4,22.9,0,0
REP.V,D,20180811,000000,22.9,23.3,19.31,20.88,0,0
REP.V,D,20180812,000000,20.88,22.05,20.37,21.07,0,0
REP.V,D,20180813,000000,21.07,21.79,19.44,19.51,0,0
REP.V,D,20180814,000000,19.51,19.68,15,15.51,0,0
REP.V,D,20180815,000000,15.58,17.75,15.48,17.06,0,0
REP.V,D,20180816,000000,17.06,17.8,15.66,16.97,0,0
REP.V,D,20180817,000000,17.02,19.15,16.65,18.99,0,0
REP.V,D,20180818,000000,18.99,19.98,17.31,17.9,0,0
REP.V,D,20180819,000000,17.9,19.2,17.68,18.61,0,0
REP.V,D,20180820,000000,18.61,19.04,17.87,18.29,0,0
REP.V,D,20180821,000000,18.29,18.91,17.44,18.91,0,0
REP.V,D,20180822,000000,18.91,20.21,18.15,18.41,0,0
REP.V,D,20180823,000000,18.41,18.9,18.06,18.8,0,0
REP.V,D,20180824,000000,18.8,19.5,18.18,19.03,0,0
REP.V,D,20180825,000000,19.03,19.3,18.56,19.25,0,0
REP.V,D,20180826,000000,19.25,19.41,18.75,19.01,0,0
REP.V,D,20180827,000000,19.01,19.6,19.01,19.5,0,0
REP.V,D,20180828,000000,19.5,20.97,19.4,20.85,0,0
REP.V,D,20180829,000000,20.85,21.5,20.07,20.59,0,0
REP.V,D,20180830,000000,20.59,20.87,19.14,19.81,0,0
REP.V,D,20180831,000000,19.81,20.32,19.31,19.56,0,0
REP.V,D,20180901,000000,19.56,20.95,19.54,20.51,0,0
REP.V,D,20180902,000000,20.51,20.92,20.09,20.2,0,0
REP.V,D,20180903,000000,20.2,20.98,19.93,20.72,0,0
REP.V,D,20180904,000000,20.72,21.07,20.32,20.68,0,0
REP.V,D,20180905,000000,20.68,20.94,17.91,18.26,0,0
REP.V,D,20180906,000000,18.26,18.28,15.72,16.25,0,0
REP.V,D,20180907,000000,16.25,16.8,15.51,15.71,0,0
REP.V,D,20180908,000000,15.71,15.73,13.74,14.14,0,0
REP.V,D,20180909,000000,14.14,15.15,13.72,15.11,0,0
REP.V,D,20180910,000000,15.11,15.11,13.88,14.08,0,0
REP.V,D,20180911,000000,14.08,15.2,13.53,13.75,0,0
REP.V,D,20180912,000000,13.78,13.88,12.46,13.13,0,0
REP.V,D,20180913,000000,13.13,14.35,13.1,14.04,0,0
REP.V,D,20180914,000000,14.04,14.23,13.38,13.73,0,0
REP.V,D,20180915,000000,13.73,14.25,13.08,13.25,0,0
REP.V,D,20180916,000000,13.25,13.56,12.94,13.43,0,0
REP.V,D,20180917,000000,13.43,13.8,11.93,12.2,0,0
REP.V,D,20180918,000000,12.2,12.99,12.13,12.65,0,0
REP.V,D,20180919,000000,12.65,12.84,12.01,12.47,0,0
REP.V,D,20180920,000000,12.47,13.07,12.38,13.07,0,0
REP.V,D,20180921,000000,13.07,14.49,12.88,14.28,0,0
REP.V,D,20180922,000000,14.28,14.5,13.32,13.57,0,0
REP.V,D,20180923,000000,13.57,14.03,13.43,13.53,0,0
REP.V,D,20180924,000000,13.53,13.76,12.85,13.41,0,0
REP.V,D,20180925,000000,13.41,14.83,12.5,12.9,0,0
REP.V,D,20180926,000000,12.9,13.16,12.56,12.83,0,0
REP.V,D,20180927,000000,12.83,14.85,12.72,13.64,0,0
REP.V,D,20180928,000000,13.64,13.87,12.91,13.15,0,0
REP.V,D,20180929,000000,13.15,14.32,12.83,13.32,0,0
REP.V,D,20180930,000000,13.32,14.44,13.25,13.44,0,0
REP.V,D,20181001,000000,13.44,13.94,13.14,13.37,0,0
REP.V,D,20181002,000000,13.37,13.94,13.16,13.4,0,0
REP.V,D,20181003,000000,13.4,13.4,12.6,12.91,0,0
REP.V,D,20181004,000000,12.87,13.21,12.8,12.84,0,0
REP.V,D,20181005,000000,12.84,13.18,12.54,12.63,0,0
REP.V,D,20181006,000000,12.62,13.72,12.5,12.74,0,0
REP.V,D,20181007,000000,12.74,12.79,12.53,12.76,0,0
REP.V,D,20181008,000000,12.74,13.39,12.73,13.36,0,0
REP.V,D,20181009,000000,13.36,13.37,12.88,13.15,0,0
REP.V,D,20181010,000000,13.15,13.73,12.91,13.52,0,0
REP.V,D,20181011,000000,13.52,13.52,11.67,11.91,0,0
REP.V,D,20181012,000000,11.91,12.28,10.28,11.86,0,0
REP.V,D,20181013,000000,11.86,13.38,11.64,12.47,0,0
REP.V,D,20181014,000000,12.47,12.66,11.67,12.34,0,0
REP.V,D,20181015,000000,12.34,13.41,11.75,12.39,0,0
REP.V,D,20181016,000000,12.39,12.93,12.03,12.57,0,0
REP.V,D,20181017,000000,12.57,13.06,12.3,12.9,0,0
REP.V,D,20181018,000000,12.9,13.23,12.42,12.57,0,0
REP.V,D,20181019,000000,12.58,12.71,12.3,12.48,0,0
REP.V,D,20181020,000000,12.48,12.82,12.21,12.45,0,0
REP.V,D,20181021,000000,12.45,13.6,12.26,13.2,0,0
REP.V,D,20181022,000000,13.2,13.43,12.91,13,0,0
REP.V,D,20181023,000000,13,13.7,13,13.55,0,0
REP.V,D,20181024,000000,13.55,15.21,13.45,14.7,0,0
REP.V,D,20181025,000000,14.7,14.7,13.55,13.55,0,0
REP.V,D,20181026,000000,13.55,13.94,13.28,13.77,0,0
REP.V,D,20181027,000000,13.77,13.97,13.4,13.62,0,0
REP.V,D,20181028,000000,13.62,15.2,13.61,14.83,0,0
REP.V,D,20181029,000000,14.83,15.11,13.94,14.19,0,0
REP.V,D,20181030,000000,14.19,14.6,14.08,14.51,0,0
REP.V,D,20181031,000000,14.5,14.58,13.81,14.31,0,0
REP.V,D,20181101,000000,14.31,14.48,14.1,14.36,0,0
REP.V,D,20181102,000000,14.36,14.79,14.27,14.7,0,0
REP.V,D,20181103,000000,14.7,15.57,14.69,15.55,0,0
REP.V,D,20181104,000000,15.55,15.55,14.42,14.85,0,0
REP.V,D,20181105,000000,14.85,14.94,14.42,14.62,0,0
REP.V,D,20181106,000000,14.62,14.75,14.26,14.73,0,0
REP.V,D,20181107,000000,14.73,14.93,14.66,14.92,0,0
REP.V,D,20181108,000000,14.92,14.93,14.44,14.71,0,0
REP.V,D,20181109,000000,14.71,14.93,14.55,14.58,0,0
REP.V,D,20181110,000000,14.58,14.93,14.55,14.86,0,0
REP.V,D,20181111,000000,14.86,14.93,13.58,13.7,0,0
REP.V,D,20181112,000000,13.7,14.08,13.25,13.26,0,0
REP.V,D,20181113,000000,13.26,13.48,12.98,13.19,0,0
REP.V,D,20181114,000000,13.18,13.27,10.5,10.92,0,0
REP.V,D,20181115,000000,10.92,11.34,10.31,10.67,0,0
REP.V,D,20181116,000000,10.67,11.22,10.63,10.9,0,0
REP.V,D,20181117,000000,10.9,11.16,10.68,10.89,0,0
REP.V,D,20181118,000000,10.89,11.24,10.78,11.09,0,0
REP.V,D,20181119,000000,11.09,11.11,8.69,8.73,0,0
REP.V,D,20181120,000000,8.73,9.44,7.7,7.97,0,0
REP.V,D,20181121,000000,7.97,12,7.81,8.75,0,0
REP.V,D,20181122,000000,8.75,10.53,8.73,9.86,0,0
REP.V,D,20181123,000000,9.86,10.61,8.94,9.15,0,0
REP.V,D,20181124,000000,9.15,9.64,7.7,7.76,0,0
REP.V,D,20181125,000000,7.76,8.32,7.22,7.85,0,0
REP.V,D,20181126,000000,7.85,8.69,7.26,7.51,0,0
REP.V,D,20181127,000000,7.51,7.88,7.33,7.83,0,0
REP.V,D,20181128,000000,7.84,9,7.73,8.51,0,0
REP.V,D,20181129,000000,8.51,8.96,8.38,8.52,0,0
REP.V,D,20181130,000000,8.52,8.88,7.87,7.95,0,0
REP.V,D,20181201,000000,7.95,8.95,7.95,8.78,0,0
REP.V,D,20181202,000000,8.78,8.95,8.15,8.44,0,0
REP.V,D,20181203,000000,8.44,8.5,7.65,7.83,0,0
REP.V,D,20181204,000000,7.83,8.18,7.45,8.09,0,0
REP.V,D,20181205,000000,8.09,8.19,7.35,7.45,0,0
REP.V,D,20181206,000000,7.45,9,6.77,6.83,0,0
REP.V,D,20181207,000000,6.83,7.21,5.79,6.27,0,0
REP.V,D,20181208,000000,6.27,6.9,5.91,6.37,0,0
REP.V,D,20181209,000000,6.35,6.66,6.15,6.4,0,0
REP.V,D,20181210,000000,6.4,6.5,5.85,5.96,0,0
REP.V,D,20181211,000000,5.96,6.41,5.71,6.4,0,0
REP.V,D,20181212,000000,6.4,7.38,6.19,6.76,0,0
REP.V,D,20181213,000000,6.76,7.2,6.14,6.22,0,0
REP.V,D,20181214,000000,6.22,6.45,5.63,5.75,0,0
REP.V,D,20181215,000000,5.75,5.84,5.46,5.62,0,0
REP.V,D,20181216,000000,5.62,5.89,5.58,5.71,0,0
REP.V,D,20181217,000000,5.71,6.4,5.64,6.23,0,0
REP.V,D,20181218,000000,6.23,6.75,5.47,6.37,0,0
REP.V,D,20181219,000000,6.37,8.49,6.28,6.84,0,0
REP.V,D,20181220,000000,6.84,7.97,6.7,7.35,0,0
REP.V,D,20181221,000000,7.35,7.71,6.93,6.98,0,0
REP.V,D,20181222,000000,6.98,7.69,6.94,7.35,0,0
REP.V,D,20181223,000000,7.35,9.67,7.34,8.43,0,0
REP.V,D,20181224,000000,8.43,9.89,8.43,8.85,0,0
REP.V,D,20181225,000000,8.85,8.85,7.02,7.87,0,0
REP.V,D,20181226,000000,7.87,8.4,7.59,7.97,0,0
REP.V,D,20181227,000000,7.97,8.21,7,7.38,0,0
REP.V,D,20181228,000000,7.38,8.13,6.91,8.07,0,0
REP.V,D,20181229,000000,8.07,9.26,8,8.51,0,0
REP.V,D,20181230,000000,8.51,8.69,8,8.2,0,0
REP.V,D,20181231,000000,8.2,8.43,7.7,7.7,0,0
REP.V,D,20190101,000000,7.7,8.16,7.2,8.11,0,0
REP.V,D,20190102,000000,8.11,8.92,8.01,8.81,0,0
REP.V,D,20190103,000000,8.81,9.5,8.49,8.68,0,0
REP.V,D,20190104,000000,8.68,9.31,8.58,9.18,0,0
REP.V,D,20190105,000000,9.18,10.04,8.91,9.42,0,0
REP.V,D,20190106,000000,9.42,9.76,8.99,9.71,0,0
REP.V,D,20190107,000000,9.71,9.96,9.34,9.43,0,0
REP.V,D,20190108,000000,9.43,10.26,9.36,10.13,0,0
REP.V,D,20190109,000000,10.14,15,9.76,9.82,0,0
REP.V,D,20190110,000000,9.82,10.07,8.71,8.73,0,0
REP.V,D,20190111,000000,8.73,9.55,8.73,9.34,0,0
REP.V,D,20190112,000000,9.36,9.43,8.9,9.14,0,0
REP.V,D,20190113,000000,9.14,9.16,5.62,8.23,0,0
REP.V,D,20190114,000000,8.23,11.7,8.05,10.09,0,0
REP.V,D,20190115,000000,10.09,10.99,9.52,9.68,0,0
REP.V,D,20190116,000000,9.68,13.91,9.51,12.85,0,0
REP.V,D,20190117,000000,12.85,16.41,12.85,14.7,0,0
REP.V,D,20190118,000000,14.7,15.48,12.84,15.15,0,0
REP.V,D,20190119,000000,15.15,19.92,14.7,17.65,0,0
REP.V,D,20190120,000000,17.65,20.73,16.88,18.18,0,0
REP.V,D,20190121,000000,18.18,18.18,16.13,16.51,0,0
REP.V,D,20190122,000000,16.51,17.24,14.39,15.08,0,0
REP.V,D,20190123,000000,15.08,15.45,14.3,14.43,0,0
REP.V,D,20190124,000000,14.43,15,13.79,14.11,0,0
REP.V,D,20190125,000000,14.11,14.92,13.78,13.97,0,0
REP.V,D,20190126,000000,13.97,14.14,13.39,13.39,0,0
REP.V,D,20190127,000000,13.39,13.55,12.24,12.64,0,0
REP.V,D,20190128,000000,12.64,13.17,10.75,10.91,0,0
REP.V,D,20190129,000000,10.91,12.56,10.91,11.98,0,0
REP.V,D,20190130,000000,11.98,12.16,11.55,12.16,0,0
REP.V,D,20190131,000000,12.16,12.59,11.48,12.57,0,0
REP.V,D,20190201,000000,12.57,13.29,11.91,12.82,0,0
REP.V,D,20190202,000000,12.82,15.44,12.7,14.32,0,0
REP.V,D,20190203,000000,14.32,15.95,13.76,14.35,0,0
REP.V,D,20190204,000000,14.35,14.68,13.25,13.4,0,0
REP.V,D,20190205,000000,13.4,13.85,12.97,13.25,0,0
REP.V,D,20190206,000000,13.25,13.69,12.85,12.99,0,0
REP.V,D,20190207,000000,12.99,13.21,12.68,13.1,0,0
REP.V,D,20190208,000000,13.09,14.35,12.74,13.76,0,0
REP.V,D,20190209,000000,13.76,14.96,13.45,13.45,0,0
REP.V,D,20190210,000000,13.45,13.83,13.25,13.55,0,0
REP.V,D,20190211,000000,13.55,13.66,13.07,13.37,0,0
REP.V,D,20190212,000000,13.37,15.2,13.3,13.37,0,0
REP.V,D,20190213,000000,13.37,13.68,13.32,13.43,0,0
REP.V,D,20190214,000000,13.43,13.74,13.26,13.46,0,0
REP.V,D,20190215,000000,13.47,13.65,13.22,13.29,0,0
REP.V,D,20190216,000000,13.4,13.57,13.37,13.5,0,0
REP.V,D,20190217,000000,13.5,13.82,13.39,13.68,0,0
REP.V,D,20190218,000000,13.67,15.13,13.59,14.12,0,0
REP.V,D,20190219,000000,14.12,14.55,13.8,14.06,0,0
REP.V,D,20190220,000000,14.05,14.12,13.04,13.96,0,0
REP.V,D,20190221,000000,13.96,14.17,13.53,13.57,0,0
REP.V,D,20190222,000000,13.57,14.09,13.51,13.96,0,0
REP.V,D,20190223,000000,13.96,14.34,13.69,14.02,0,0
REP.V,D,20190224,000000,14.02,16.12,12.64,12.64,0,0
REP.V,D,20190225,000000,12.66,13.15,12.5,12.86,0,0
REP.V,D,20190226,000000,12.86,13.08,12.68,12.86,0,0
REP.V,D,20190227,000000,12.86,12.99,12.45,12.52,0,0
REP.V,D,20190228,000000,12.52,12.81,12.37,12.53,0,0
REP.V,D,20190301,000000,12.53,13,12.48,12.75,0,0
REP.V,D,20190302,000000,12.78,12.8,12.42,12.61,0,0
REP.V,D,20190303,000000,12.6,13.59,12.52,12.69,0,0
REP.V,D,20190304,000000,12.7,12.84,11.83,12.21,0,0
REP.V,D,20190305,000000,12.21,12.83,12.07,12.73,0,0
REP.V,D,20190306,000000,12.73,12.75,12.3,12.6,0,0
REP.V,D,20190307,000000,12.6,13.07,12.36,12.91,0,0
REP.V,D,20190308,000000,12.91,13.03,12.55,12.64,0,0
REP.V,D,20190309,000000,12.64,13.4,12.6,13,0,0
REP.V,D,20190310,000000,13,13.76,13,13.46,0,0
REP.V,D,20190311,000000,13.46,15.01,13.46,14.07,0,0
REP.V,D,20190312,000000,14.24,15.01,13.43,14.06,0,0
REP.V,D,20190313,000000,14.06,14.2,13.58,14.15,0,0
REP.V,D,20190314,000000,14.15,14.39,13.61,14.3,0,0
REP.V,D,20190315,000000,14.3,15.12,13.67,14.5,0,0
REP.V,D,20190316,000000,14.5,14.97,14.19,14.48,0,0
REP.V,D,20190317,000000,14.48,14.75,14.11,14.74,0,0
REP.V,D,20190318,000000,14.74,15.49,14.54,14.97,0,0
REP.V,D,20190319,000000,14.97,14.98,14.45,14.65,0,0
REP.V,D,20190320,000000,14.65,15.13,14.57,15.02,0,0
REP.V,D,20190321,000000,15.01,15.03,14.02,14.31,0,0
REP.V,D,20190322,000000,14.31,14.44,14.25,14.34,0,0
REP.V,D,20190323,000000,14.34,14.51,14.31,14.43,0,0
REP.V,D,20190324,000000,14.43,14.48,14.26,14.36,0,0
REP.V,D,20190325,000000,14.37,14.43,13.75,14.05,0,0
REP.V,D,20190326,000000,14.05,14.22,13.88,14.13,0,0
REP.V,D,20190327,000000,14.13,14.62,14.06,14.56,0,0
REP.V,D,20190328,000000,14.56,14.64,14.47,14.56,0,0
REP.V,D,20190329,000000,14.56,14.63,14.35,14.48,0,0
REP.V,D,20190330,000000,14.48,17.58,14.48,15.94,0,0
REP.V,D,20190331,000000,15.94,15.98,15.08,15.71,0,0
REP.V,D,20190401,000000,15.71,15.78,15.33,15.72,0,0
REP.V,D,20190402,000000,15.72,19.87,15.71,17.73,0,0
REP.V,D,20190403,000000,17.73,25.46,17.48,21.07,0,0
REP.V,D,20190404,000000,21.07,22.65,18.56,19.14,0,0
REP.V,D,20190405,000000,19.14,19.96,18.94,19.68,0,0
REP.V,D,20190406,000000,19.68,24.09,19.49,21.37,0,0
REP.V,D,20190407,000000,21.37,23.09,20.71,21.63,0,0
REP.V,D,20190408,000000,21.63,24.82,20.98,22.01,0,0
REP.V,D,20190409,000000,22.01,22.46,20.29,20.79,0,0
REP.V,D,20190410,000000,20.8,20.93,19.74,19.83,0,0
REP.V,D,20190411,000000,19.83,19.93,17.18,18.09,0,0
REP.V,D,20190412,000000,18.08,20.7,17.93,19.48,0,0
REP.V,D,20190413,000000,19.48,19.61,18.62,18.84,0,0
REP.V,D,20190414,000000,18.84,20.12,18.67,19.78,0,0
REP.V,D,20190415,000000,19.8,20.58,18.23,18.46,0,0
REP.V,D,20190416,000000,18.46,19.14,18.21,19.11,0,0
REP.V,D,20190417,000000,19.1,20.08,18.99,19.73,0,0
REP.V,D,20190418,000000,19.73,28.34,19.65,21.58,0,0
REP.V,D,20190419,000000,21.58,22.69,20.6,22.33,0,0
REP.V,D,20190420,000000,22.33,22.4,21.31,21.5,0,0
REP.V,D,20190421,000000,21.5,21.76,20.05,20.6,0,0
REP.V,D,20190422,000000,20.6,24.89,20.55,22.33,0,0
REP.V,D,20190423,000000,22.33,22.92,21.64,21.65,0,0
REP.V,D,20190424,000000,21.65,22.24,20.35,21.34,0,0
REP.V,D,20190425,000000,21.34,23.07,21.25,22.25,0,0
REP.V,D,20190426,000000,22.25,22.25,20.48,21.27,0,0
REP.V,D,20190427,000000,21.21,22,21.15,21.53,0,0
REP.V,D,20190428,000000,21.53,21.95,20.83,20.88,0,0
REP.V,D,20190429,000000,20.88,21.36,19.45,20.6,0,0
REP.V,D,20190430,000000,20.6,21,20.08,20.65,0,0
REP.V,D,20190501,000000,20.65,21.63,19.97,20.22,0,0
REP.V,D,20190502,000000,20.18,20.79,19.96,20.04,0,0
REP.V,D,20190503,000000,20.04,20.82,19.61,20.5,0,0
REP.V,D,20190504,000000,20.5,21.12,19.73,20.23,0,0
REP.V,D,20190505,000000,20.23,20.62,19.98,20.46,0,0
REP.V,D,20190506,000000,20.46,20.51,19.56,20.4,0,0
REP.V,D,20190507,000000,20.41,21.1,19.77,19.87,0,0
REP.V,D,20190508,000000,19.89,20.1,19.54,19.86,0,0
REP.V,D,20190509,000000,19.86,20.37,18.76,19.03,0,0
REP.V,D,20190510,000000,18.92,20.04,18.67,19.72,0,0
REP.V,D,20190511,000000,19.72,21.89,19.69,21.19,0,0
REP.V,D,20190512,000000,21.19,21.47,19.84,20.25,0,0
REP.V,D,20190513,000000,20.25,21.34,19.89,20.69,0,0
REP.V,D,20190514,000000,20.69,21.41,20.31,21.06,0,0
REP.V,D,20190515,000000,21.06,24.93,20.85,23.8,0,0
REP.V,D,20190516,000000,23.8,25.98,22.36,23.35,0,0
REP.V,D,20190517,000000,23.35,23.45,19.06,20.95,0,0
REP.V,D,20190518,000000,20.95,22.19,20.8,22.16,0,0
REP.V,D,20190519,000000,22.16,22.7,21.75,22.69,0,0
REP.V,D,20190520,000000,22.69,22.89,20.73,21.53,0,0
REP.V,D,20190521,000000,21.53,21.69,20.03,20.49,0,0
REP.V,D,20190522,000000,20.49,21.34,19.62,19.71,0,0
REP.V,D,20190523,000000,19.71,19.89,18.39,19.35,0,0
REP.V,D,20190524,000000,19.35,20.7,19.21,19.44,0,0
REP.V,D,20190525,000000,19.44,20,19.27,19.67,0,0
REP.V,D,20190526,000000,19.67,20.48,19.15,20.38,0,0
REP.V,D,20190527,000000,20.35,20.86,19.91,20.22,0,0
REP.V,D,20190528,000000,20.22,20.64,20.06,20.33,0,0
REP.V,D,20190529,000000,20.33,21.17,19.95,20.94,0,0
REP.V,D,20190530,000000,20.94,21.23,18.92,19,0,0
REP.V,D,20190531,000000,19.1,19.71,18.26,19.52,0,0
REP.V,D,20190601,000000,19.52,19.78,19.3,19.52,0,0
REP.V,D,20190602,000000,19.53,19.84,19.27,19.6,0,0
REP.V,D,20190603,000000,19.6,19.87,18.76,19.3,0,0
REP.V,D,20190604,000000,19.3,19.3,16.68,16.93,0,0
REP.V,D,20190605,000000,16.71,18.91,16.69,17.69,0,0
REP.V,D,20190606,000000,17.69,17.99,16.89,17.19,0,0
REP.V,D,20190607,000000,17.19,18.59,17.15,18.37,0,0
REP.V,D,20190608,000000,18.37,19.27,18.25,19.04,0,0
REP.V,D,20190609,000000,19.05,20.92,17.52,17.89,0,0
REP.V,D,20190610,000000,17.89,19.04,17.5,18.77,0,0
REP.V,D,20190611,000000,18.77,19.69,18.11,18.67,0,0
REP.V,D,20190612,000000,18.67,18.83,18.25,18.78,0,0
REP.V,D,20190613,000000,18.78,18.8,18.27,18.57,0,0
REP.V,D,20190614,000000,18.57,19.1,17.65,18.06,0,0
REP.V,D,20190615,000000,18.06,18.82,18.05,18.82,0,0
REP.V,D,20190616,000000,18.82,19.57,18.22,18.78,0,0
REP.V,D,20190617,000000,18.78,18.96,18.53,18.55,0,0
REP.V,D,20190618,000000,18.55,19.14,17.8,17.82,0,0
REP.V,D,20190619,000000,17.82,18.5,17.8,18.37,0,0
REP.V,D,20190620,000000,18.37,18.44,17.71,17.98,0,0
REP.V,D,20190621,000000,17.98,18.49,17.83,18.16,0,0
REP.V,D,20190622,000000,18.16,18.97,18.02,18.55,0,0
REP.V,D,20190623,000000,18.55,18.56,18.01,18.09,0,0
REP.V,D,20190624,000000,18.09,18.26,17.62,18.01,0,0
REP.V,D,20190625,000000,18.01,18.2,17.34,17.55,0,0
REP.V,D,20190626,000000,17.55,18.2,16.92,17.6,0,0
REP.V,D,20190627,000000,17.6,19.46,16.25,16.57,0,0
REP.V,D,20190628,000000,16.57,17.36,15.82,16.9,0,0
REP.V,D,20190629,000000,16.9,17.15,15.75,16.68,0,0
REP.V,D,20190630,000000,16.68,17.21,15.58,15.94,0,0
REP.V,D,20190701,000000,15.94,16.25,14.55,15.33,0,0
REP.V,D,20190702,000000,15.4,15.42,14.17,14.79,0,0
REP.V,D,20190703,000000,14.79,15.25,14.63,14.81,0,0
REP.V,D,20190704,000000,14.81,15.3,14.45,14.6,0,0
REP.V,D,20190705,000000,14.6,14.67,13.77,14.32,0,0
REP.V,D,20190706,000000,14.29,15.13,14.07,14.47,0,0
REP.V,D,20190707,000000,14.47,14.88,14.21,14.71,0,0
REP.V,D,20190708,000000,14.71,14.96,14.34,14.76,0,0
REP.V,D,20190709,000000,14.76,18.4,14.46,16.07,0,0
REP.V,D,20190710,000000,16.07,17.24,14.99,15.17,0,0
REP.V,D,20190711,000000,15.17,15.7,14.04,14.16,0,0
REP.V,D,20190712,000000,14.16,15.45,13.95,15.4,0,0
REP.V,D,20190713,000000,15.4,15.78,14.2,14.3,0,0
REP.V,D,20190714,000000,14.3,14.79,13.46,13.87,0,0
REP.V,D,20190715,000000,13.87,13.93,12.31,12.96,0,0
REP.V,D,20190716,000000,12.88,13.23,10.41,10.94,0,0
REP.V,D,20190717,000000,10.96,11.66,10.12,11.47,0,0
REP.V,D,20190718,000000,11.47,12.55,10.85,12.16,0,0
REP.V,D,20190719,000000,12.16,12.62,11.51,12.49,0,0
REP.V,D,20190720,000000,12.46,13.2,12.17,12.99,0,0
REP.V,D,20190721,000000,12.99,13.06,12.31,12.62,0,0
REP.V,D,20190722,000000,12.62,12.74,11.8,11.98,0,0
REP.V,D,20190723,000000,11.98,12.32,11.57,11.88,0,0
REP.V,D,20190724,000000,11.88,11.99,11.11,11.72,0,0
REP.V,D,20190725,000000,11.65,12.06,11.34,11.44,0,0
REP.V,D,20190726,000000,11.44,11.67,11.18,11.55,0,0
REP.V,D,20190727,000000,11.55,11.92,10.86,11.13,0,0
REP.V,D,20190728,000000,11.13,11.21,10.95,10.95,0,0
REP.V,D,20190729,000000,10.95,11.48,10.6,11.11,0,0
REP.V,D,20190730,000000,11.11,11.73,10.98,11.64,0,0
REP.V,D,20190731,000000,11.64,11.94,11.31,11.47,0,0
REP.V,D,20190801,000000,11.47,11.58,11.1,11.23,0,0
REP.V,D,20190802,000000,11.23,11.5,10.99,11.06,0,0
REP.V,D,20190803,000000,11.06,11.35,10.95,11.18,0,0
REP.V,D,20190804,000000,11.2,11.2,10.63,10.83,0,0
REP.V,D,20190805,000000,10.83,13.3,10.83,12,0,0
REP.V,D,20190806,000000,12,12.08,10.82,10.91,0,0
REP.V,D,20190807,000000,10.93,11.72,10.78,11.11,0,0
REP.V,D,20190808,000000,11.11,11.18,10.82,10.97,0,0
REP.V,D,20190809,000000,10.97,11.17,10.24,10.87,0,0
REP.V,D,20190810,000000,10.87,10.95,10.62,10.81,0,0
REP.V,D,20190811,000000,10.8,11.12,10.76,10.95,0,0
REP.V,D,20190812,000000,10.95,11.05,10.87,10.94,0,0
REP.V,D,20190813,000000,10.94,10.97,10.35,10.68,0,0
REP.V,D,20190814,000000,10.68,10.7,9.496,9.701,0,0
REP.V,D,20190815,000000,9.701,9.964,9.053,9.838,0,0
REP.V,D,20190816,000000,9.838,10.1,9.417,9.692,0,0
REP.V,D,20190817,000000,9.692,9.772,9.337,9.415,0,0
REP.V,D,20190818,000000,9.413,9.846,9.39,9.734,0,0
REP.V,D,20190819,000000,9.739,10.03,9.576,10.02,0,0
REP.V,D,20190820,000000,10.02,11.45,10.01,10.17,0,0
REP.V,D,20190821,000000,10.17,10.64,9.351,9.81,0,0
REP.V,D,20190822,000000,9.81,10.11,9.508,10.11,0,0
REP.V,D,20190823,000000,10.11,10.11,9.741,9.873,0,0
REP.V,D,20190824,000000,9.876,9.886,9.565,9.754,0,0
REP.V,D,20190825,000000,9.757,9.935,9.33,9.489,0,0
REP.V,D,20190826,000000,9.489,9.854,9.455,9.613,0,0
REP.V,D,20190827,000000,9.613,9.737,9.398,9.41,0,0
REP.V,D,20190828,000000,9.41,9.42,8.117,8.18,0,0
REP.V,D,20190829,000000,8.18,8.495,7.86,8.099,0,0
REP.V,D,20190830,000000,8.099,8.431,7.99,8.149,0,0
REP.V,D,20190831,000000,8.149,8.181,7.875,8.025,0,0
REP.V,D,20190901,000000,8.025,8.133,7.978,8.045,0,0
REP.V,D,20190902,000000,8.047,8.394,7.979,8.22,0,0
REP.V,D,20190903,000000,8.224,8.568,8.115,8.231,0,0
REP.V,D,20190904,000000,8.231,9.821,8.101,8.542,0,0
REP.V,D,20190905,000000,8.542,9.445,8.312,9.192,0,0
REP.V,D,20190906,000000,9.183,12.74,9.091,10.9,0,0
REP.V,D,20190907,000000,10.9,11.98,10.51,10.8,0,0
REP.V,D,20190908,000000,10.8,11.25,10.62,10.86,0,0
REP.V,D,20190909,000000,10.86,10.99,10.36,10.66,0,0
REP.V,D,20190910,000000,10.66,10.77,9.937,10.13,0,0
REP.V,D,20190911,000000,10.13,10.36,10.01,10.34,0,0
REP.V,D,20190912,000000,10.34,11.47,10.18,10.58,0,0
REP.V,D,20190913,000000,10.58,10.65,10.19,10.44,0,0
REP.V,D,20190914,000000,10.44,10.59,10.34,10.52,0,0
REP.V,D,20190915,000000,10.53,10.75,10.43,10.44,0,0
REP.V,D,20190916,000000,10.44,10.62,10.34,10.52,0,0
REP.V,D,20190917,000000,10.52,12.15,10.26,10.89,0,0
REP.V,D,20190918,000000,10.89,11.67,10.59,10.94,0,0
REP.V,D,20190919,000000,10.94,10.97,10.26,10.74,0,0
REP.V,D,20190920,000000,10.74,10.99,10.61,10.92,0,0
REP.V,D,20190921,000000,10.92,10.94,10.5,10.73,0,0
REP.V,D,20190922,000000,10.72,10.82,10.5,10.58,0,0
REP.V,D,20190923,000000,10.58,11.31,10.4,10.56,0,0
REP.V,D,20190924,000000,10.55,10.56,8.554,9.031,0,0
REP.V,D,20190925,000000,8.995,9.257,8.055,8.67,0,0
REP.V,D,20190926,000000,8.67,8.984,7.617,7.955,0,0
REP.V,D,20190927,000000,7.955,8.385,7.853,8.309,0,0
REP.V,D,20190928,000000,8.311,8.435,8.205,8.345,0,0
REP.V,D,20190929,000000,8.345,8.524,8.014,8.157,0,0
REP.V,D,20190930,000000,8.156,8.442,8.131,8.393,0,0
REP.V,D,20191001,000000,8.389,8.693,8.243,8.27,0,0
REP.V,D,20191002,000000,8.272,8.346,8.123,8.149,0,0
REP.V,D,20191003,000000,8.149,8.931,8.102,8.285,0,0
REP.V,D,20191004,000000,8.285,8.296,8.008,8.151,0,0
REP.V,D,20191005,000000,8.151,8.191,8.049,8.147,0,0
REP.V,D,20191006,000000,8.147,8.201,7.892,8.021,0,0
REP.V,D,20191007,000000,8.021,8.384,7.926,8.321,0,0
REP.V,D,20191008,000000,8.321,8.643,8.223,8.36,0,0
REP.V,D,20191009,000000,8.36,8.836,8.36,8.638,0,0
REP.V,D,20191010,000000,8.638,8.981,8.435,8.53,0,0
REP.V,D,20191011,000000,8.53,8.712,8.1,8.2,0,0
REP.V,D,20191012,000000,8.2,8.465,7.951,8.128,0,0
REP.V,D,20191013,000000,8.12,8.355,7.955,8.225,0,0
REP.V,D,20191014,000000,8.084,8.388,7.802,8.33,0,0
REP.V,D,20191015,000000,8.33,8.507,8.053,8.131,0,0
REP.V,D,20191016,000000,8.131,8.253,7.919,7.981,0,0
REP.V,D,20191017,000000,8.028,8.189,7.906,8.127,0,0
REP.V,D,20191018,000000,8.127,8.293,8.002,8.172,0,0
REP.V,D,20191019,000000,8.164,8.438,7.92,8.015,0,0
REP.V,D,20191020,000000,8.069,8.358,7.842,8.085,0,0
REP.V,D,20191021,000000,8.091,8.359,7.942,8.111,0,0
REP.V,D,20191022,000000,8.11,8.397,7.926,7.995,0,0
REP.V,D,20191023,000000,7.995,8.008,7.303,7.36,0,0
REP.V,D,20191024,000000,7.36,7.577,7.296,7.414,0,0
REP.V,D,20191025,000000,7.413,8.288,7.366,7.983,0,0
REP.V,D,20191026,000000,7.983,8.854,7.621,8.227,0,0
REP.V,D,20191027,000000,8.227,8.673,8.067,8.443,0,0
REP.V,D,20191028,000000,8.433,9.645,8.255,9.472,0,0
REP.V,D,20191029,000000,9.508,10.31,8.779,9.468,0,0
REP.V,D,20191030,000000,9.468,9.617,8.819,9,0,0
REP.V,D,20191031,000000,9,9.237,8.862,8.971,0,0
REP.V,D,20191101,000000,8.971,9.243,8.75,9.094,0,0
REP.V,D,20191102,000000,9.094,10.43,9.029,10.02,0,0
REP.V,D,20191103,000000,9.975,11.06,9.543,10.23,0,0
REP.V,D,20191104,000000,10.23,12.89,10.03,12.24,0,0
REP.V,D,20191105,000000,12.24,12.95,11.57,12.4,0,0
REP.V,D,20191106,000000,12.4,12.56,11.42,11.43,0,0
REP.V,D,20191107,000000,11.42,12.06,10.71,11.14,0,0
REP.V,D,20191108,000000,11.14,12.47,10.31,11.24,0,0
REP.V,D,20191109,000000,11.24,12.7,11.03,12.15,0,0
REP.V,D,20191110,000000,12.37,12.53,11.84,12.39,0,0
REP.V,D,20191111,000000,12.39,12.4,11.65,11.79,0,0
REP.V,D,20191112,000000,11.79,12.19,11.47,11.68,0,0
REP.V,D,20191113,000000,11.68,12,11.35,11.49,0,0
REP.V,D,20191114,000000,11.49,11.71,10.83,11.19,0,0
REP.V,D,20191115,000000,11.19,11.44,10.56,10.77,0,0
REP.V,D,20191116,000000,10.77,11.24,10.75,11.2,0,0
REP.V,D,20191117,000000,11.2,11.48,10.97,11.48,0,0
REP.V,D,20191118,000000,11.48,11.85,10.6,10.97,0,0
REP.V,D,20191119,000000,10.97,11.14,9.898,10.38,0,0
REP.V,D,20191120,000000,10.38,12.45,10.28,11.9,0,0
REP.V,D,20191121,000000,11.9,12.46,10.88,11.48,0,0
REP.V,D,20191122,000000,11.48,11.52,9.864,10.87,0,0
REP.V,D,20191123,000000,10.87,11.67,10.62,11.17,0,0
REP.V,D,20191124,000000,11.17,11.32,10.34,10.4,0,0
REP.V,D,20191125,000000,10.37,11.2,9.508,10.41,0,0
REP.V,D,20191126,000000,10.41,11.1,10.36,10.76,0,0
REP.V,D,20191127,000000,10.76,11.01,10.08,10.84,0,0
REP.V,D,20191128,000000,10.84,11.09,10.72,10.75,0,0
REP.V,D,20191129,000000,10.75,11.29,10.68,11.05,0,0
REP.V,D,20191130,000000,11.05,11.13,10.69,10.78,0,0
REP.V,D,20191201,000000,10.78,10.9,10.43,10.69,0,0
REP.V,D,20191202,000000,10.69,10.75,10.12,10.32,0,0
REP.V,D,20191203,000000,10.33,10.43,10.1,10.11,0,0
REP.V,D,20191204,000000,10.11,10.49,9.856,10.01,0,0
REP.V,D,20191205,000000,10.01,10.71,9.952,10.62,0,0
REP.V,D,20191206,000000,10.62,10.71,10.22,10.49,0,0
REP.V,D,20191207,000000,10.5,10.67,10.36,10.38,0,0
REP.V,D,20191208,000000,10.38,10.6,10.23,10.38,0,0
REP.V,D,20191209,000000,10.54,10.61,10.06,10.13,0,0
REP.V,D,20191210,000000,10.13,10.55,9.848,10.32,0,0
REP.V,D,20191211,000000,10.32,10.38,10.04,10.09,0,0
REP.V,D,20191212,000000,10.09,10.27,9.728,10.1,0,0
REP.V,D,20191213,000000,10.1,10.36,9.961,10.22,0,0
REP.V,D,20191214,000000,10.22,10.31,9.756,9.911,0,0
REP.V,D,20191215,000000,9.903,10.24,9.737,10.01,0,0
REP.V,D,20191216,000000,9.999,10.36,9.447,9.561,0,0
REP.V,D,20191217,000000,9.561,9.616,8.51,8.63,0,0
REP.V,D,20191218,000000,8.63,9.998,8.403,9.998,0,0
REP.V,D,20191219,000000,10.05,10.09,9.333,9.43,0,0
REP.V,D,20191220,000000,9.43,9.835,9.41,9.793,0,0
REP.V,D,20191221,000000,9.791,9.864,9.665,9.805,0,0
REP.V,D,20191222,000000,9.805,10.01,9.653,9.767,0,0
REP.V,D,20191223,000000,9.767,10.12,9.681,9.733,0,0
REP.V,D,20191224,000000,9.731,9.964,9.613,9.683,0,0
REP.V,D,20191225,000000,9.675,9.809,9.299,9.449,0,0
REP.V,D,20191226,000000,9.456,9.529,9.156,9.213,0,0
REP.V,D,20191227,000000,9.212,9.391,9.062,9.272,0,0
REP.V,D,20191228,000000,9.286,9.417,9.168,9.224,0,0
REP.V,D,20191229,000000,9.223,9.485,9.01,9.241,0,0
REP.V,D,20191230,000000,9.242,9.924,9.01,9.021,0,0
REP.V,D,20191231,000000,9.021,9.068,8.535,8.773,0,0
REP.V,D,20200101,000000,8.773,8.95,8.512,8.64,0,0
REP.V,D,20200102,000000,8.64,9.038,8.41,8.51,0,0
REP.V,D,20200103,000000,8.51,9.43,8.391,8.837,0,0
REP.V,D,20200104,000000,8.837,9.167,8.762,9.052,0,0
REP.V,D,20200105,000000,9.046,9.568,9.033,9.31,0,0
REP.V,D,20200106,000000,9.31,9.997,9.24,9.654,0,0
REP.V,D,20200107,000000,9.654,9.886,9.392,9.52,0,0
REP.V,D,20200108,000000,9.549,10.11,9.373,9.47,0,0
REP.V,D,20200109,000000,9.47,9.59,9.233,9.302,0,0
REP.V,D,20200110,000000,9.303,9.698,9.052,9.28,0,0
REP.V,D,20200111,000000,9.28,9.73,9.156,9.457,0,0
REP.V,D,20200112,000000,9.457,9.635,9.362,9.616,0,0
REP.V,D,20200113,000000,9.616,9.651,9.325,9.348,0,0
REP.V,D,20200114,000000,9.348,10.2,9.348,10.04,0,0
REP.V,D,20200115,000000,10.04,12.86,9.977,12.52,0,0
REP.V,D,20200116,000000,12.52,22.68,12.41,16.04,0,0
REP.V,D,20200117,000000,16.25,16.62,14.54,15.11,0,0
REP.V,D,20200118,000000,15.11,15.86,13.94,14.17,0,0
REP.V,D,20200119,000000,14.19,15.48,13.18,13.4,0,0
REP.V,D,20200120,000000,13.4,14.49,13.05,14.36,0,0
REP.V,D,20200121,000000,14.43,14.54,13.68,14.05,0,0
REP.V,D,20200122,000000,14.05,14.48,13.66,13.87,0,0
REP.V,D,20200123,000000,13.87,13.95,12.87,13.5,0,0
REP.V,D,20200124,000000,13.5,15.14,12.86,14.91,0,0
REP.V,D,20200125,000000,15.03,15.73,14.09,14.47,0,0
REP.V,D,20200126,000000,14.51,14.91,13.94,14.35,0,0
REP.V,D,20200127,000000,14.35,15.28,14.33,14.71,0,0
REP.V,D,20200128,000000,14.71,14.8,14.2,14.53,0,0
REP.V,D,20200129,000000,14.53,14.72,13.93,14,0,0
REP.V,D,20200130,000000,14,14.74,13.87,14.71,0,0
REP.V,D,20200131,000000,14.72,14.75,14,14.26,0,0
REP.V,D,20200201,000000,14.26,15.1,14,14.15,0,0
REP.V,D,20200202,000000,14.15,14.72,13.97,14.39,0,0
REP.V,D,20200203,000000,14.39,14.62,14.25,14.44,0,0
REP.V,D,20200204,000000,14.44,17.41,14.44,14.87,0,0
REP.V,D,20200205,000000,14.87,15.9,14.87,15.63,0,0
REP.V,D,20200206,000000,15.64,16.71,15.48,15.57,0,0
REP.V,D,20200207,000000,15.57,16.12,15.52,15.77,0,0
REP.V,D,20200208,000000,15.77,16.16,15.07,16.16,0,0
REP.V,D,20200209,000000,16.16,16.75,16.04,16.39,0,0
REP.V,D,20200210,000000,16.39,16.51,15.57,16.12,0,0
REP.V,D,20200211,000000,16.12,16.83,15.64,16.75,0,0
REP.V,D,20200212,000000,16.75,18.81,16.58,17.48,0,0
REP.V,D,20200213,000000,17.48,18.01,16.1,16.35,0,0
REP.V,D,20200214,000000,16.32,16.88,15.97,16.48,0,0
REP.V,D,20200215,000000,16.48,17.18,14.51,15.07,0,0
REP.V,D,20200216,000000,15.07,15.18,12.88,14.14,0,0
REP.V,D,20200217,000000,14.14,14.68,12.71,13.6,0,0
REP.V,D,20200218,000000,13.6,14.58,13.47,14.18,0,0
REP.V,D,20200219,000000,14.18,15.64,13.04,13.62,0,0
REP.V,D,20200220,000000,13.62,13.98,12.52,13.92,0,0
REP.V,D,20200221,000000,13.92,13.97,13.17,13.42,0,0
REP.V,D,20200222,000000,13.42,13.58,13.03,13.22,0,0
REP.V,D,20200223,000000,13.22,14.41,13.07,13.69,0,0
REP.V,D,20200224,000000,13.69,14.22,12.46,13.18,0,0
REP.V,D,20200225,000000,13.18,13.21,12.31,12.55,0,0
REP.V,D,20200226,000000,12.56,12.76,10.66,11.25,0,0
REP.V,D,20200227,000000,11.25,12.26,10.67,11.48,0,0
REP.V,D,20200228,000000,11.48,11.81,10.76,11.48,0,0
REP.V,D,20200229,000000,11.48,11.59,11.18,11.24,0,0
REP.V,D,20200301,000000,11.25,13.74,11.09,12.63,0,0
REP.V,D,20200302,000000,12.63,13.49,12.26,12.67,0,0
REP.V,D,20200303,000000,12.67,13.05,11.97,12.18,0,0
REP.V,D,20200304,000000,12.18,12.5,12.05,12.29,0,0
REP.V,D,20200305,000000,12.37,12.93,12.37,12.52,0,0
REP.V,D,20200306,000000,12.49,12.75,12.37,12.68,0,0
REP.V,D,20200307,000000,12.68,13.5,12.52,12.61,0,0
REP.V,D,20200308,000000,12.61,12.61,11.06,11.38,0,0
REP.V,D,20200309,000000,11.36,12.26,10.58,12.17,0,0
REP.V,D,20200310,000000,12.14,13.21,11.25,11.7,0,0
REP.V,D,20200311,000000,11.7,11.95,10.76,11.48,0,0
REP.V,D,20200312,000000,11.48,11.56,7.015,7.713,0,0
REP.V,D,20200313,000000,7.712,8.405,5.586,8.05,0,0
REP.V,D,20200314,000000,8.05,8.533,7.433,7.544,0,0
REP.V,D,20200315,000000,7.544,8.149,7.069,7.456,0,0
REP.V,D,20200316,000000,7.456,7.591,6.113,6.665,0,0
REP.V,D,20200317,000000,6.665,7.485,6.664,7.422,0,0
REP.V,D,20200318,000000,7.422,8.551,6.814,7.97,0,0
REP.V,D,20200319,000000,7.978,9.234,7.962,9.13,0,0
REP.V,D,20200320,000000,9.136,9.463,7.601,8.125,0,0
REP.V,D,20200321,000000,8.109,8.982,7.886,8.481,0,0
REP.V,D,20200322,000000,8.481,9.016,7.893,7.968,0,0
REP.V,D,20200323,000000,7.931,8.722,7.572,8.481,0,0
REP.V,D,20200324,000000,8.492,8.782,8.237,8.691,0,0
REP.V,D,20200325,000000,8.652,9.323,8.312,9.034,0,0
REP.V,D,20200326,000000,9.034,11.95,8.996,10.24,0,0
REP.V,D,20200327,000000,10.13,11.66,9.612,10.69,0,0
REP.V,D,20200328,000000,10.67,10.77,9.362,9.994,0,0
REP.V,D,20200329,000000,9.994,10.15,9.165,9.219,0,0
REP.V,D,20200330,000000,9.219,10.2,9.2,10.14,0,0
REP.V,D,20200331,000000,10.14,10.74,10,10.18,0,0
REP.V,D,20200401,000000,10.17,10.24,9.763,9.97,0,0
REP.V,D,20200402,000000,9.97,10.39,9.821,9.963,0,0
REP.V,D,20200403,000000,9.963,10.22,9.69,9.87,0,0
REP.V,D,20200404,000000,9.87,10.09,9.61,9.909,0,0
REP.V,D,20200405,000000,9.909,9.95,9.669,9.682,0,0
REP.V,D,20200406,000000,9.691,10.21,9.681,10.16,0,0
REP.V,D,20200407,000000,10.16,10.48,10,10.14,0,0
REP.V,D,20200408,000000,10.14,10.44,10.07,10.27,0,0
REP.V,D,20200409,000000,10.27,10.55,10.12,10.33,0,0
REP.V,D,20200410,000000,10.33,10.65,9.103,9.749,0,0
REP.V,D,20200411,000000,9.749,10.97,9.628,9.73,0,0
REP.V,D,20200412,000000,9.73,10.25,9.701,10.02,0,0
REP.V,D,20200413,000000,10.02,10.02,9.315,9.682,0,0
REP.V,D,20200414,000000,9.682,10.26,9.682,10.03,0,0
REP.V,D,20200415,000000,10.03,10.07,9.66,9.78,0,0
REP.V,D,20200416,000000,9.78,10.15,9.42,10.02,0,0
REP.V,D,20200417,000000,10.02,10.15,9.88,9.97,0,0
REP.V,D,20200418,000000,9.944,10.31,9.906,10.22,0,0
REP.V,D,20200419,000000,10.22,10.27,9.923,10.03,0,0
REP.V,D,20200420,000000,10.03,10.26,9.454,9.608,0,0
REP.V,D,20200421,000000,9.608,9.76,9.452,9.64,0,0
REP.V,D,20200422,000000,9.639,10.12,9.599,9.893,0,0
REP.V,D,20200423,000000,9.891,10.36,9.79,10.15,0,0
REP.V,D,20200424,000000,10.13,10.29,9.894,10.16,0,0
REP.V,D,20200425,000000,10.16,10.31,10.1,10.14,0,0
REP.V,D,20200426,000000,10.14,10.65,10.14,10.38,0,0
REP.V,D,20200427,000000,10.38,10.52,10.11,10.35,0,0
REP.V,D,20200428,000000,10.35,10.63,10.25,10.49,0,0
REP.V,D,20200429,000000,10.49,11.27,10.46,11.04,0,0
REP.V,D,20200430,000000,11.04,11.54,10.35,10.6,0,0
REP.V,D,20200501,000000,10.61,11.42,10.42,10.97,0,0
REP.V,D,20200502,000000,10.94,11.14,10.81,11.05,0,0
REP.V,D,20200503,000000,11.05,11.38,10.7,10.81,0,0
REP.V,D,20200504,000000,10.81,11.56,10.11,10.94,0,0
REP.V,D,20200505,000000,10.94,11.51,10.79,11.23,0,0
REP.V,D,20200506,000000,11.23,11.24,10.87,10.95,0,0
REP.V,D,20200507,000000,10.95,11.31,10.66,11.18,0,0
REP.V,D,20200508,000000,11.18,16.37,10.84,14.69,0,0
REP.V,D,20200509,000000,14.56,14.61,12.82,13.14,0,0
REP.V,D,20200510,000000,13.14,13.23,11.04,12.1,0,0
REP.V,D,20200511,000000,12.1,15.19,11.78,13.99,0,0
REP.V,D,20200512,000000,13.99,14.28,12.77,12.91,0,0
REP.V,D,20200513,000000,12.9,13.49,12.7,13.15,0,0
REP.V,D,20200514,000000,13.19,13.19,12.54,12.93,0,0
REP.V,D,20200515,000000,12.96,13.56,12.3,12.87,0,0
REP.V,D,20200516,000000,12.86,12.95,12.55,12.83,0,0
REP.V,D,20200517,000000,12.83,12.92,12.66,12.81,0,0
REP.V,D,20200518,000000,12.81,12.99,12.67,12.93,0,0
REP.V,D,20200519,000000,12.93,12.99,12.73,12.86,0,0
REP.V,D,20200520,000000,12.86,13.31,12.79,12.98,0,0
REP.V,D,20200521,000000,12.98,12.99,11.9,12.29,0,0
REP.V,D,20200522,000000,12.3,12.73,11.99,12.53,0,0
REP.V,D,20200523,000000,12.53,12.97,12.31,12.76,0,0
REP.V,D,20200524,000000,12.76,12.79,12.09,12.5,0,0
REP.V,D,20200525,000000,12.5,12.59,12.02,12.37,0,0
REP.V,D,20200526,000000,12.37,12.62,12.23,12.43,0,0
REP.V,D,20200527,000000,12.43,12.84,12.28,12.73,0,0
REP.V,D,20200528,000000,12.73,12.82,12.48,12.72,0,0
REP.V,D,20200529,000000,12.72,12.91,12.65,12.73,0,0
REP.V,D,20200530,000000,12.73,13.2,12.66,13.11,0,0
REP.V,D,20200531,000000,13.11,13.39,12.75,12.82,0,0
REP.V,D,20200601,000000,12.82,13.27,12.74,13.14,0,0
REP.V,D,20200602,000000,13.14,13.98,12.69,13.6,0,0
REP.V,D,20200603,000000,13.6,14.42,13.33,14.15,0,0
REP.V,D,20200604,000000,14.11,15.46,13.96,14.47,0,0
REP.V,D,20200605,000000,14.47,14.93,14.03,14.05,0,0
REP.V,D,20200606,000000,14.05,14.44,13.96,14.17,0,0
REP.V,D,20200607,000000,14.17,14.69,14.12,14.54,0,0
REP.V,D,20200608,000000,14.54,15.3,14.5,14.73,0,0
REP.V,D,20200609,000000,14.73,14.89,14.35,14.69,0,0
REP.V,D,20200610,000000,14.69,16.29,14.42,15.45,0,0
REP.V,D,20200611,000000,15.45,16.53,14.22,14.49,0,0
REP.V,D,20200612,000000,14.49,15.33,13.59,14.82,0,0
REP.V,D,20200613,000000,14.82,15.64,14.28,15.61,0,0
REP.V,D,20200614,000000,15.61,17.1,15.61,15.88,0,0
REP.V,D,20200615,000000,15.78,16.24,14.43,15.42,0,0
REP.V,D,20200616,000000,15.42,15.97,15.13,15.41,0,0
REP.V,D,20200617,000000,15.41,16.37,15.29,16.01,0,0
REP.V,D,20200618,000000,16,16.6,15.48,15.57,0,0
REP.V,D,20200619,000000,15.59,18.48,15.55,18.16,0,0
REP.V,D,20200620,000000,18.15,19.48,17.3,17.63,0,0
REP.V,D,20200621,000000,17.63,18.2,17.29,17.97,0,0
REP.V,D,20200622,000000,17.97,18.3,17.51,17.89,0,0
REP.V,D,20200623,000000,17.9,18.91,17.34,17.57,0,0
REP.V,D,20200624,000000,17.57,17.83,16.25,16.72,0,0
REP.V,D,20200625,000000,16.72,16.87,15.92,16.12,0,0
REP.V,D,20200626,000000,16.12,17.15,15.58,16.83,0,0
REP.V,D,20200627,000000,16.83,17.85,15.51,16.04,0,0
REP.V,D,20200628,000000,16.04,16.58,15.66,15.76,0,0
REP.V,D,20200629,000000,15.76,16.82,15.76,16.57,0,0
REP.V,D,20200630,000000,16.57,17.68,16.23,16.44,0,0
REP.V,D,20200701,000000,16.44,17.21,16.16,16.6,0,0
REP.V,D,20200702,000000,16.63,17.42,16.39,16.71,0,0
REP.V,D,20200703,000000,16.71,18.5,16.71,18.12,0,0
REP.V,D,20200704,000000,18.12,19.81,18.05,18.96,0,0
REP.V,D,20200705,000000,18.99,19.12,17.5,18.25,0,0
REP.V,D,20200706,000000,18.37,19.62,18.04,18.82,0,0
REP.V,D,20200707,000000,18.81,19.86,18.63,19.34,0,0
REP.V,D,20200708,000000,19.34,21.15,19.28,20.04,0,0
REP.V,D,20200709,000000,20.04,20.34,18.94,19.29,0,0
REP.V,D,20200710,000000,19.3,19.91,18.64,19.07,0,0
REP.V,D,20200711,000000,19.07,19.42,18.84,19.32,0,0
REP.V,D,20200712,000000,19.32,19.98,19.16,19.41,0,0
REP.V,D,20200713,000000,19.41,19.86,18.55,18.56,0,0
REP.V,D,20200714,000000,18.57,20.29,18.03,20.1,0,0
REP.V,D,20200715,000000,20.11,20.36,19.08,19.89,0,0
REP.V,D,20200716,000000,19.89,20.15,18.78,19.14,0,0
REP.V,D,20200717,000000,19.14,19.31,18.86,19.06,0,0
REP.V,D,20200718,000000,19.05,19.71,18.6,19.25,0,0
REP.V,D,20200719,000000,19.26,19.57,18.85,19.06,0,0
REP.V,D,20200720,000000,19.06,19.94,18.88,19.17,0,0
REP.V,D,20200721,000000,19.18,25.36,19.14,23.22,0,0
REP.V,D,20200722,000000,22.8,25.65,22.75,24.73,0,0
REP.V,D,20200723,000000,24.66,24.68,22.19,22.65,0,0
REP.V,D,20200724,000000,22.66,24.42,22.45,23.46,0,0
REP.V,D,20200725,000000,23.46,24.4,22.88,23.01,0,0
REP.V,D,20200726,000000,23.01,23.18,21.72,22.65,0,0
REP.V,D,20200727,000000,22.65,23.54,19.45,20.72,0,0
REP.V,D,20200728,000000,20.68,22.09,19.59,21.47,0,0
REP.V,D,20200729,000000,21.57,22.05,19.41,20.6,0,0
