<TICKER>,<PER>,<DATE>,<TIME>,<OPEN>,<HIGH>,<LOW>,<CLOSE>,<VOL>,<OPENINT>
RVN.V,D,20180417,000000,0.03555,0.03555,0.03089,0.03248,0,0
RVN.V,D,20180418,000000,0.03248,0.03481,0.02866,0.0344,0,0
RVN.V,D,20180419,000000,0.0344,0.04151,0.03121,0.04151,0,0
RVN.V,D,20180420,000000,0.04151,0.04439,0.0364,0.0364,0,0
RVN.V,D,20180421,000000,0.0364,0.03753,0.03128,0.0353,0,0
RVN.V,D,20180422,000000,0.0353,0.03618,0.03265,0.033,0,0
RVN.V,D,20180423,000000,0.033,0.03856,0.033,0.03372,0,0
RVN.V,D,20180424,000000,0.03372,0.03959,0.03372,0.03476,0,0
RVN.V,D,20180425,000000,0.03477,0.03477,0.02706,0.03061,0,0
RVN.V,D,20180426,000000,0.03061,0.03202,0.0297,0.03156,0,0
RVN.V,D,20180427,000000,0.03158,0.03441,0.03039,0.03307,0,0
RVN.V,D,20180428,000000,0.03307,0.05143,0.03105,0.05143,0,0
RVN.V,D,20180429,000000,0.05142,0.05174,0.02869,0.02916,0,0
RVN.V,D,20180430,000000,0.02916,0.03514,0.02867,0.03237,0,0
RVN.V,D,20180501,000000,0.03237,0.03404,0.02905,0.03268,0,0
RVN.V,D,20180502,000000,0.03268,0.0637,0.03268,0.04136,0,0
RVN.V,D,20180503,000000,0.04136,0.05555,0.04136,0.05165,0,0
RVN.V,D,20180504,000000,0.05166,0.05781,0.04365,0.05393,0,0
RVN.V,D,20180505,000000,0.05393,0.05474,0.04687,0.04972,0,0
RVN.V,D,20180506,000000,0.04972,0.05363,0.0463,0.04919,0,0
RVN.V,D,20180507,000000,0.04918,0.05214,0.04595,0.04755,0,0
RVN.V,D,20180508,000000,0.04754,0.05104,0.04653,0.04828,0,0
RVN.V,D,20180509,000000,0.04828,0.05173,0.04474,0.04567,0,0
RVN.V,D,20180510,000000,0.04568,0.05329,0.04426,0.04877,0,0
RVN.V,D,20180511,000000,0.04877,0.04877,0.04303,0.04354,0,0
RVN.V,D,20180512,000000,0.04354,0.0471,0.04235,0.04328,0,0
RVN.V,D,20180513,000000,0.04329,0.04703,0.04329,0.04703,0,0
RVN.V,D,20180514,000000,0.04703,0.04987,0.04336,0.0451,0,0
RVN.V,D,20180515,000000,0.0451,0.04664,0.0424,0.04325,0,0
RVN.V,D,20180516,000000,0.04325,0.04339,0.03755,0.04031,0,0
RVN.V,D,20180517,000000,0.0403,0.0427,0.03245,0.04036,0,0
RVN.V,D,20180518,000000,0.04036,0.04536,0.03514,0.03753,0,0
RVN.V,D,20180519,000000,0.03753,0.03877,0.03316,0.03663,0,0
RVN.V,D,20180520,000000,0.03663,0.04181,0.03663,0.04181,0,0
RVN.V,D,20180521,000000,0.04181,0.04181,0.03738,0.03797,0,0
RVN.V,D,20180522,000000,0.03797,0.03813,0.03557,0.03597,0,0
RVN.V,D,20180523,000000,0.03597,0.03597,0.03227,0.03535,0,0
RVN.V,D,20180524,000000,0.03535,0.03792,0.03368,0.03512,0,0
RVN.V,D,20180525,000000,0.03512,0.03663,0.03461,0.03484,0,0
RVN.V,D,20180526,000000,0.03484,0.03516,0.03369,0.03369,0,0
RVN.V,D,20180527,000000,0.03369,0.03519,0.02945,0.03387,0,0
RVN.V,D,20180528,000000,0.03387,0.03387,0.02492,0.03203,0,0
RVN.V,D,20180529,000000,0.03203,0.03737,0.0299,0.03737,0,0
RVN.V,D,20180530,000000,0.03737,0.03737,0.02661,0.02661,0,0
RVN.V,D,20180531,000000,0.02661,0.03226,0.02633,0.02926,0,0
RVN.V,D,20180601,000000,0.02926,0.03359,0.02877,0.02929,0,0
RVN.V,D,20180602,000000,0.02929,0.03287,0.02929,0.03057,0,0
RVN.V,D,20180603,000000,0.03057,0.03319,0.02964,0.03242,0,0
RVN.V,D,20180604,000000,0.03242,0.03242,0.02874,0.03129,0,0
RVN.V,D,20180605,000000,0.03129,0.03181,0.02831,0.02914,0,0
RVN.V,D,20180606,000000,0.02914,0.03065,0.02689,0.03057,0,0
RVN.V,D,20180607,000000,0.03057,0.03072,0.02888,0.02926,0,0
RVN.V,D,20180608,000000,0.02926,0.02926,0.02441,0.02822,0,0
RVN.V,D,20180609,000000,0.02822,0.02855,0.02329,0.02637,0,0
RVN.V,D,20180610,000000,0.02637,0.02637,0.021,0.021,0,0
RVN.V,D,20180611,000000,0.021,0.02479,0.021,0.02342,0,0
RVN.V,D,20180612,000000,0.02342,0.02342,0.02033,0.02223,0,0
RVN.V,D,20180613,000000,0.02223,0.02223,0.01956,0.01969,0,0
RVN.V,D,20180614,000000,0.01969,0.02392,0.01661,0.02392,0,0
RVN.V,D,20180615,000000,0.02392,0.02437,0.01925,0.02437,0,0
RVN.V,D,20180616,000000,0.02437,0.02478,0.02114,0.02114,0,0
RVN.V,D,20180617,000000,0.02114,0.0226,0.02041,0.02112,0,0
RVN.V,D,20180618,000000,0.02112,0.02249,0.02041,0.02249,0,0
RVN.V,D,20180619,000000,0.02249,0.02292,0.02049,0.02137,0,0
RVN.V,D,20180620,000000,0.02137,0.02434,0.01961,0.02028,0,0
RVN.V,D,20180621,000000,0.02028,0.02352,0.02016,0.02097,0,0
RVN.V,D,20180622,000000,0.02097,0.02097,0.01821,0.01821,0,0
RVN.V,D,20180623,000000,0.01821,0.0206,0.01821,0.01887,0,0
RVN.V,D,20180624,000000,0.01887,0.0202,0.0186,0.01884,0,0
RVN.V,D,20180625,000000,0.01884,0.02053,0.01784,0.01847,0,0
RVN.V,D,20180626,000000,0.01847,0.01847,0.0168,0.01735,0,0
RVN.V,D,20180627,000000,0.01736,0.01842,0.01554,0.01554,0,0
RVN.V,D,20180628,000000,0.01554,0.0182,0.01485,0.01662,0,0
RVN.V,D,20180629,000000,0.01661,0.01768,0.01241,0.01241,0,0
RVN.V,D,20180630,000000,0.01241,0.02082,0.01241,0.01354,0,0
RVN.V,D,20180701,000000,0.01354,0.01426,0.01274,0.01274,0,0
RVN.V,D,20180702,000000,0.01275,0.01773,0.01275,0.01449,0,0
RVN.V,D,20180703,000000,0.01449,0.01497,0.01426,0.01445,0,0
RVN.V,D,20180704,000000,0.01445,0.01648,0.01351,0.01351,0,0
RVN.V,D,20180705,000000,0.01351,0.01503,0.009802,0.009802,0,0
RVN.V,D,20180706,000000,0.009802,0.01651,0.009802,0.01334,0,0
RVN.V,D,20180707,000000,0.01334,0.01811,0.01334,0.01811,0,0
RVN.V,D,20180708,000000,0.01811,0.02146,0.01375,0.01744,0,0
RVN.V,D,20180709,000000,0.01744,0.01744,0.01334,0.01334,0,0
RVN.V,D,20180710,000000,0.01334,0.01633,0.01261,0.01451,0,0
RVN.V,D,20180711,000000,0.01451,0.01477,0.01356,0.01356,0,0
RVN.V,D,20180712,000000,0.01356,0.01501,0.01326,0.01376,0,0
RVN.V,D,20180713,000000,0.01376,0.01744,0.01371,0.01389,0,0
RVN.V,D,20180714,000000,0.01389,0.01611,0.01335,0.01342,0,0
RVN.V,D,20180715,000000,0.01341,0.01464,0.01341,0.01356,0,0
RVN.V,D,20180716,000000,0.01356,0.01449,0.01247,0.01314,0,0
RVN.V,D,20180717,000000,0.01314,0.01575,0.01314,0.01539,0,0
RVN.V,D,20180718,000000,0.01539,0.01624,0.01381,0.01624,0,0
RVN.V,D,20180719,000000,0.01624,0.01795,0.0151,0.0154,0,0
RVN.V,D,20180720,000000,0.0154,0.01833,0.01511,0.0154,0,0
RVN.V,D,20180721,000000,0.0154,0.0177,0.0154,0.01681,0,0
RVN.V,D,20180722,000000,0.01681,0.02627,0.01613,0.01679,0,0
RVN.V,D,20180723,000000,0.01679,0.02778,0.01628,0.01628,0,0
RVN.V,D,20180724,000000,0.01628,0.0199,0.01628,0.01889,0,0
RVN.V,D,20180725,000000,0.01889,0.01912,0.01691,0.01691,0,0
RVN.V,D,20180726,000000,0.01691,0.01984,0.01643,0.01984,0,0
RVN.V,D,20180727,000000,0.01984,0.02046,0.01645,0.0171,0,0
RVN.V,D,20180728,000000,0.0171,0.02206,0.0171,0.02206,0,0
RVN.V,D,20180729,000000,0.02206,0.02206,0.01767,0.01791,0,0
RVN.V,D,20180730,000000,0.01791,0.02445,0.01782,0.02044,0,0
RVN.V,D,20180731,000000,0.02044,0.02553,0.01934,0.02174,0,0
RVN.V,D,20180801,000000,0.02174,0.03029,0.02139,0.02588,0,0
RVN.V,D,20180802,000000,0.02588,0.02588,0.02263,0.02489,0,0
RVN.V,D,20180803,000000,0.02489,0.0267,0.01943,0.02225,0,0
RVN.V,D,20180804,000000,0.02225,0.02225,0.02105,0.0214,0,0
RVN.V,D,20180805,000000,0.0214,0.02451,0.0212,0.02451,0,0
RVN.V,D,20180806,000000,0.02451,0.02494,0.02091,0.02091,0,0
RVN.V,D,20180807,000000,0.02091,0.02279,0.02024,0.02279,0,0
RVN.V,D,20180808,000000,0.02279,0.02279,0.01647,0.01886,0,0
RVN.V,D,20180809,000000,0.01886,0.02094,0.01832,0.02094,0,0
RVN.V,D,20180810,000000,0.02094,0.02094,0.01969,0.02074,0,0
RVN.V,D,20180811,000000,0.02074,0.02104,0.01829,0.02097,0,0
RVN.V,D,20180812,000000,0.02097,0.02125,0.01935,0.01935,0,0
RVN.V,D,20180813,000000,0.01935,0.02349,0.01917,0.02349,0,0
RVN.V,D,20180814,000000,0.02349,0.02474,0.01736,0.01736,0,0
RVN.V,D,20180815,000000,0.01736,0.01813,0.01736,0.01813,0,0
RVN.V,D,20180816,000000,0.01813,0.02277,0.01813,0.02277,0,0
RVN.V,D,20180817,000000,0.02277,0.02373,0.01911,0.01911,0,0
RVN.V,D,20180818,000000,0.01911,0.01979,0.01858,0.01858,0,0
RVN.V,D,20180819,000000,0.01858,0.01951,0.01858,0.01886,0,0
RVN.V,D,20180820,000000,0.01892,0.01892,0.01756,0.01756,0,0
RVN.V,D,20180821,000000,0.01756,0.01863,0.01473,0.01727,0,0
RVN.V,D,20180822,000000,0.01727,0.01878,0.01674,0.01776,0,0
RVN.V,D,20180823,000000,0.01776,0.01864,0.01681,0.01759,0,0
RVN.V,D,20180824,000000,0.01759,0.01805,0.0161,0.01724,0,0
RVN.V,D,20180825,000000,0.01724,0.01849,0.016,0.01782,0,0
RVN.V,D,20180826,000000,0.01782,0.01976,0.01754,0.01841,0,0
RVN.V,D,20180827,000000,0.01828,0.02192,0.01828,0.02054,0,0
RVN.V,D,20180828,000000,0.02054,0.02425,0.02054,0.02319,0,0
RVN.V,D,20180829,000000,0.02319,0.02412,0.02116,0.02313,0,0
RVN.V,D,20180830,000000,0.02313,0.02555,0.02296,0.02457,0,0
RVN.V,D,20180831,000000,0.0245,0.02502,0.02263,0.02319,0,0
RVN.V,D,20180901,000000,0.02305,0.02413,0.02305,0.02392,0,0
RVN.V,D,20180902,000000,0.02392,0.02453,0.02212,0.02249,0,0
RVN.V,D,20180903,000000,0.02249,0.02363,0.0205,0.02305,0,0
RVN.V,D,20180904,000000,0.02305,0.02462,0.02159,0.02248,0,0
RVN.V,D,20180905,000000,0.02248,0.02248,0.01918,0.01971,0,0
RVN.V,D,20180906,000000,0.01971,0.0202,0.01792,0.01863,0,0
RVN.V,D,20180907,000000,0.01876,0.01904,0.01789,0.01789,0,0
RVN.V,D,20180908,000000,0.01789,0.01789,0.01649,0.01649,0,0
RVN.V,D,20180909,000000,0.01649,0.01737,0.01649,0.01675,0,0
RVN.V,D,20180910,000000,0.01675,0.01777,0.01675,0.01682,0,0
RVN.V,D,20180911,000000,0.01682,0.01725,0.01574,0.01668,0,0
RVN.V,D,20180912,000000,0.01668,0.01692,0.01445,0.01527,0,0
RVN.V,D,20180913,000000,0.01439,0.01655,0.01439,0.01584,0,0
RVN.V,D,20180914,000000,0.01584,0.01589,0.01446,0.0157,0,0
RVN.V,D,20180915,000000,0.01569,0.01591,0.01467,0.0152,0,0
RVN.V,D,20180916,000000,0.0152,0.01541,0.01463,0.01509,0,0
RVN.V,D,20180917,000000,0.01509,0.01565,0.01446,0.01547,0,0
RVN.V,D,20180918,000000,0.01547,0.01644,0.01472,0.01555,0,0
RVN.V,D,20180919,000000,0.01555,0.01593,0.01504,0.01536,0,0
RVN.V,D,20180920,000000,0.01536,0.01613,0.01496,0.01522,0,0
RVN.V,D,20180921,000000,0.01522,0.01623,0.01494,0.01569,0,0
RVN.V,D,20180922,000000,0.01569,0.01572,0.01491,0.01491,0,0
RVN.V,D,20180923,000000,0.01491,0.01535,0.01454,0.01488,0,0
RVN.V,D,20180924,000000,0.01488,0.01508,0.01363,0.01415,0,0
RVN.V,D,20180925,000000,0.01415,0.01436,0.01345,0.01397,0,0
RVN.V,D,20180926,000000,0.01397,0.01461,0.01364,0.01402,0,0
RVN.V,D,20180927,000000,0.01402,0.01524,0.01402,0.01498,0,0
RVN.V,D,20180928,000000,0.01498,0.015,0.01427,0.01427,0,0
RVN.V,D,20180929,000000,0.01427,0.01459,0.01413,0.0144,0,0
RVN.V,D,20180930,000000,0.0144,0.01523,0.01424,0.01477,0,0
RVN.V,D,20181001,000000,0.01477,0.01642,0.01451,0.01576,0,0
RVN.V,D,20181002,000000,0.01576,0.0171,0.01403,0.01494,0,0
RVN.V,D,20181003,000000,0.01494,0.01617,0.01461,0.01545,0,0
RVN.V,D,20181004,000000,0.01545,0.01665,0.01527,0.01619,0,0
RVN.V,D,20181005,000000,0.01619,0.01638,0.01579,0.01599,0,0
RVN.V,D,20181006,000000,0.01599,0.01641,0.01575,0.01634,0,0
RVN.V,D,20181007,000000,0.01634,0.0165,0.01531,0.01545,0,0
RVN.V,D,20181008,000000,0.01545,0.01596,0.0153,0.01556,0,0
RVN.V,D,20181009,000000,0.01556,0.01598,0.01505,0.01532,0,0
RVN.V,D,20181010,000000,0.01532,0.01579,0.01468,0.01507,0,0
RVN.V,D,20181011,000000,0.01507,0.02465,0.01366,0.01919,0,0
RVN.V,D,20181012,000000,0.01913,0.02288,0.01663,0.01963,0,0
RVN.V,D,20181013,000000,0.01963,0.02068,0.01843,0.0193,0,0
RVN.V,D,20181014,000000,0.01905,0.01996,0.01733,0.01783,0,0
RVN.V,D,20181015,000000,0.01783,0.0199,0.01739,0.01838,0,0
RVN.V,D,20181016,000000,0.01838,0.02271,0.0183,0.02271,0,0
RVN.V,D,20181017,000000,0.02278,0.0311,0.02235,0.02781,0,0
RVN.V,D,20181018,000000,0.02788,0.03426,0.02712,0.02978,0,0
RVN.V,D,20181019,000000,0.02979,0.03196,0.02762,0.02801,0,0
RVN.V,D,20181020,000000,0.02801,0.0318,0.027,0.03083,0,0
RVN.V,D,20181021,000000,0.03083,0.04648,0.03083,0.04186,0,0
RVN.V,D,20181022,000000,0.04186,0.06749,0.04123,0.05874,0,0
RVN.V,D,20181023,000000,0.05875,0.06095,0.04542,0.046,0,0
RVN.V,D,20181024,000000,0.04614,0.05855,0.04307,0.05071,0,0
RVN.V,D,20181025,000000,0.05065,0.05655,0.05009,0.05293,0,0
RVN.V,D,20181026,000000,0.05293,0.05553,0.05192,0.05295,0,0
RVN.V,D,20181027,000000,0.05295,0.05448,0.04542,0.05131,0,0
RVN.V,D,20181028,000000,0.05131,0.05261,0.04756,0.04963,0,0
RVN.V,D,20181029,000000,0.04963,0.04963,0.04445,0.04641,0,0
RVN.V,D,20181030,000000,0.04641,0.04694,0.03867,0.04145,0,0
RVN.V,D,20181031,000000,0.04139,0.04605,0.03926,0.04104,0,0
RVN.V,D,20181101,000000,0.04091,0.04888,0.04014,0.04799,0,0
RVN.V,D,20181102,000000,0.04792,0.05212,0.04527,0.04783,0,0
RVN.V,D,20181103,000000,0.0477,0.04948,0.04578,0.04897,0,0
RVN.V,D,20181104,000000,0.04904,0.05154,0.0454,0.04637,0,0
RVN.V,D,20181105,000000,0.04637,0.04671,0.04163,0.04278,0,0
RVN.V,D,20181106,000000,0.04278,0.04445,0.04121,0.04277,0,0
RVN.V,D,20181107,000000,0.04277,0.04512,0.04186,0.04362,0,0
RVN.V,D,20181108,000000,0.04363,0.04363,0.0408,0.041,0,0
RVN.V,D,20181109,000000,0.04106,0.04114,0.03686,0.03846,0,0
RVN.V,D,20181110,000000,0.03846,0.04126,0.03665,0.03972,0,0
RVN.V,D,20181111,000000,0.03947,0.03999,0.03768,0.03883,0,0
RVN.V,D,20181112,000000,0.03883,0.03883,0.03698,0.03761,0,0
RVN.V,D,20181113,000000,0.03761,0.03761,0.03506,0.03531,0,0
RVN.V,D,20181114,000000,0.03531,0.03531,0.02716,0.02899,0,0
RVN.V,D,20181115,000000,0.02899,0.02899,0.02485,0.02711,0,0
RVN.V,D,20181116,000000,0.02711,0.02883,0.02603,0.02704,0,0
RVN.V,D,20181117,000000,0.02704,0.02768,0.02573,0.0264,0,0
RVN.V,D,20181118,000000,0.02639,0.02954,0.02639,0.02869,0,0
RVN.V,D,20181119,000000,0.02875,0.02875,0.01905,0.02174,0,0
RVN.V,D,20181120,000000,0.02174,0.02174,0.01803,0.01852,0,0
RVN.V,D,20181121,000000,0.01852,0.02044,0.01852,0.02003,0,0
RVN.V,D,20181122,000000,0.02003,0.02003,0.01776,0.01784,0,0
RVN.V,D,20181123,000000,0.01789,0.01811,0.01659,0.01716,0,0
RVN.V,D,20181124,000000,0.01716,0.01716,0.01511,0.01569,0,0
RVN.V,D,20181125,000000,0.01569,0.01866,0.01514,0.01822,0,0
RVN.V,D,20181126,000000,0.01826,0.01919,0.01658,0.01809,0,0
RVN.V,D,20181127,000000,0.01802,0.02152,0.01751,0.02087,0,0
RVN.V,D,20181128,000000,0.02087,0.02439,0.02087,0.02157,0,0
RVN.V,D,20181129,000000,0.0217,0.02221,0.01963,0.02019,0,0
RVN.V,D,20181130,000000,0.02019,0.02019,0.0178,0.01816,0,0
RVN.V,D,20181201,000000,0.01816,0.0212,0.01816,0.02032,0,0
RVN.V,D,20181202,000000,0.02032,0.02032,0.01898,0.01906,0,0
RVN.V,D,20181203,000000,0.01902,0.01902,0.01684,0.01738,0,0
RVN.V,D,20181204,000000,0.01738,0.0184,0.01733,0.01749,0,0
RVN.V,D,20181205,000000,0.01749,0.01749,0.0148,0.01495,0,0
RVN.V,D,20181206,000000,0.01495,0.01495,0.01335,0.01338,0,0
RVN.V,D,20181207,000000,0.01338,0.01382,0.01231,0.01355,0,0
RVN.V,D,20181208,000000,0.01355,0.01412,0.01305,0.01367,0,0
RVN.V,D,20181209,000000,0.01367,0.01563,0.01367,0.01484,0,0
RVN.V,D,20181210,000000,0.01484,0.01484,0.01324,0.01335,0,0
RVN.V,D,20181211,000000,0.01335,0.01384,0.01282,0.01303,0,0
RVN.V,D,20181212,000000,0.01303,0.01447,0.01303,0.01405,0,0
RVN.V,D,20181213,000000,0.01405,0.01405,0.01272,0.01289,0,0
RVN.V,D,20181214,000000,0.01289,0.01289,0.01204,0.01223,0,0
RVN.V,D,20181215,000000,0.01223,0.01238,0.0118,0.01215,0,0
RVN.V,D,20181216,000000,0.01215,0.01244,0.01198,0.01204,0,0
RVN.V,D,20181217,000000,0.01204,0.01437,0.01204,0.01377,0,0
RVN.V,D,20181218,000000,0.01377,0.01483,0.01377,0.0146,0,0
RVN.V,D,20181219,000000,0.0146,0.01558,0.0142,0.01427,0,0
RVN.V,D,20181220,000000,0.01427,0.01593,0.01427,0.01547,0,0
RVN.V,D,20181221,000000,0.01547,0.01579,0.01431,0.01513,0,0
RVN.V,D,20181222,000000,0.01513,0.01663,0.01513,0.0163,0,0
RVN.V,D,20181223,000000,0.0163,0.01723,0.01575,0.01627,0,0
RVN.V,D,20181224,000000,0.01627,0.01702,0.01616,0.01633,0,0
RVN.V,D,20181225,000000,0.01633,0.01633,0.01442,0.01461,0,0
RVN.V,D,20181226,000000,0.01461,0.01509,0.01439,0.0147,0,0
RVN.V,D,20181227,000000,0.0147,0.0147,0.01265,0.01272,0,0
RVN.V,D,20181228,000000,0.01272,0.01461,0.01272,0.01437,0,0
RVN.V,D,20181229,000000,0.01437,0.01462,0.01359,0.01375,0,0
RVN.V,D,20181230,000000,0.01375,0.0141,0.01329,0.01368,0,0
RVN.V,D,20181231,000000,0.01368,0.01368,0.01274,0.01289,0,0
RVN.V,D,20190101,000000,0.01289,0.0137,0.01289,0.01366,0,0
RVN.V,D,20190102,000000,0.01366,0.01446,0.01363,0.01422,0,0
RVN.V,D,20190103,000000,0.01422,0.01422,0.01323,0.01323,0,0
RVN.V,D,20190104,000000,0.01323,0.0136,0.01317,0.01333,0,0
RVN.V,D,20190105,000000,0.01333,0.01461,0.01319,0.01403,0,0
RVN.V,D,20190106,000000,0.01403,0.01543,0.01403,0.01465,0,0
RVN.V,D,20190107,000000,0.01465,0.01523,0.01422,0.01495,0,0
RVN.V,D,20190108,000000,0.01495,0.01552,0.01447,0.01527,0,0
RVN.V,D,20190109,000000,0.01527,0.01579,0.01502,0.01518,0,0
RVN.V,D,20190110,000000,0.01518,0.01518,0.01251,0.01269,0,0
RVN.V,D,20190111,000000,0.01269,0.01288,0.01248,0.01262,0,0
RVN.V,D,20190112,000000,0.01262,0.01316,0.01239,0.01272,0,0
RVN.V,D,20190113,000000,0.01272,0.01332,0.01158,0.0119,0,0
RVN.V,D,20190114,000000,0.0119,0.01304,0.0119,0.0127,0,0
RVN.V,D,20190115,000000,0.0127,0.0127,0.01177,0.01199,0,0
RVN.V,D,20190116,000000,0.01199,0.01261,0.01195,0.01243,0,0
RVN.V,D,20190117,000000,0.01243,0.01319,0.01231,0.01294,0,0
RVN.V,D,20190118,000000,0.01294,0.01332,0.01237,0.01266,0,0
RVN.V,D,20190119,000000,0.01266,0.01313,0.01266,0.01283,0,0
RVN.V,D,20190120,000000,0.01283,0.01283,0.01177,0.01209,0,0
RVN.V,D,20190121,000000,0.01209,0.01222,0.01189,0.01214,0,0
RVN.V,D,20190122,000000,0.01214,0.01448,0.01203,0.01423,0,0
RVN.V,D,20190123,000000,0.01423,0.01475,0.01304,0.01343,0,0
RVN.V,D,20190124,000000,0.01343,0.01353,0.01306,0.01328,0,0
RVN.V,D,20190125,000000,0.01328,0.01329,0.01247,0.0129,0,0
RVN.V,D,20190126,000000,0.0129,0.01309,0.01266,0.01291,0,0
RVN.V,D,20190127,000000,0.01291,0.01291,0.01209,0.01226,0,0
RVN.V,D,20190128,000000,0.01226,0.01226,0.01126,0.01174,0,0
RVN.V,D,20190129,000000,0.01174,0.01183,0.01131,0.01152,0,0
RVN.V,D,20190130,000000,0.01152,0.01196,0.01152,0.01186,0,0
RVN.V,D,20190131,000000,0.01186,0.01186,0.01061,0.01089,0,0
RVN.V,D,20190201,000000,0.01089,0.01115,0.01059,0.01094,0,0
RVN.V,D,20190202,000000,0.01094,0.01116,0.01084,0.01098,0,0
RVN.V,D,20190203,000000,0.01098,0.01098,0.01062,0.01069,0,0
RVN.V,D,20190204,000000,0.01069,0.01069,0.009951,0.01012,0,0
RVN.V,D,20190205,000000,0.01012,0.01034,0.009895,0.009964,0,0
RVN.V,D,20190206,000000,0.009964,0.01069,0.009506,0.01018,0,0
RVN.V,D,20190207,000000,0.01018,0.01087,0.009991,0.01023,0,0
RVN.V,D,20190208,000000,0.01023,0.01138,0.01023,0.01098,0,0
RVN.V,D,20190209,000000,0.01098,0.0118,0.01063,0.01154,0,0
RVN.V,D,20190210,000000,0.01154,0.01172,0.01106,0.01124,0,0
RVN.V,D,20190211,000000,0.01124,0.01124,0.01051,0.01062,0,0
RVN.V,D,20190212,000000,0.01062,0.01092,0.01035,0.01064,0,0
RVN.V,D,20190213,000000,0.01064,0.01067,0.01035,0.01042,0,0
RVN.V,D,20190214,000000,0.01042,0.01048,0.01026,0.01037,0,0
RVN.V,D,20190215,000000,0.01037,0.01067,0.01035,0.01046,0,0
RVN.V,D,20190216,000000,0.01046,0.0106,0.0102,0.01027,0,0
RVN.V,D,20190217,000000,0.01027,0.01065,0.01027,0.01057,0,0
RVN.V,D,20190218,000000,0.01057,0.01139,0.01057,0.01096,0,0
RVN.V,D,20190219,000000,0.01096,0.01134,0.01063,0.01095,0,0
RVN.V,D,20190220,000000,0.01095,0.01145,0.01095,0.01121,0,0
RVN.V,D,20190221,000000,0.01121,0.01121,0.01047,0.01075,0,0
RVN.V,D,20190222,000000,0.01075,0.01183,0.01075,0.01155,0,0
RVN.V,D,20190223,000000,0.01155,0.01224,0.01129,0.01145,0,0
RVN.V,D,20190224,000000,0.01145,0.01145,0.01015,0.01026,0,0
RVN.V,D,20190225,000000,0.01026,0.01088,0.01026,0.01058,0,0
RVN.V,D,20190226,000000,0.01058,0.01199,0.01046,0.01157,0,0
RVN.V,D,20190227,000000,0.01157,0.01325,0.01145,0.01279,0,0
RVN.V,D,20190228,000000,0.01279,0.01476,0.01239,0.01311,0,0
RVN.V,D,20190301,000000,0.01311,0.01617,0.01307,0.01594,0,0
RVN.V,D,20190302,000000,0.01594,0.02025,0.01568,0.01956,0,0
RVN.V,D,20190303,000000,0.01956,0.02379,0.01803,0.02356,0,0
RVN.V,D,20190304,000000,0.02356,0.02784,0.02131,0.0241,0,0
RVN.V,D,20190305,000000,0.0241,0.02588,0.02201,0.02294,0,0
RVN.V,D,20190306,000000,0.02294,0.02732,0.02263,0.02627,0,0
RVN.V,D,20190307,000000,0.02627,0.03475,0.02627,0.03452,0,0
RVN.V,D,20190308,000000,0.03452,0.03798,0.03149,0.03338,0,0
RVN.V,D,20190309,000000,0.03338,0.03415,0.02925,0.02992,0,0
RVN.V,D,20190310,000000,0.02992,0.03348,0.02661,0.02739,0,0
RVN.V,D,20190311,000000,0.02739,0.02856,0.02449,0.02457,0,0
RVN.V,D,20190312,000000,0.02457,0.0271,0.0231,0.02535,0,0
RVN.V,D,20190313,000000,0.02535,0.03052,0.02463,0.02548,0,0
RVN.V,D,20190314,000000,0.02548,0.02725,0.02461,0.02535,0,0
RVN.V,D,20190315,000000,0.02535,0.02965,0.02533,0.02898,0,0
RVN.V,D,20190316,000000,0.02898,0.02992,0.02694,0.02823,0,0
RVN.V,D,20190317,000000,0.02823,0.02911,0.02727,0.02847,0,0
RVN.V,D,20190318,000000,0.02847,0.03139,0.028,0.03091,0,0
RVN.V,D,20190319,000000,0.03091,0.03714,0.03091,0.03392,0,0
RVN.V,D,20190320,000000,0.03392,0.04004,0.03262,0.03992,0,0
RVN.V,D,20190321,000000,0.03992,0.04848,0.03905,0.046,0,0
RVN.V,D,20190322,000000,0.046,0.04837,0.04249,0.04389,0,0
RVN.V,D,20190323,000000,0.04389,0.05458,0.04324,0.05374,0,0
RVN.V,D,20190324,000000,0.05374,0.06387,0.05304,0.05688,0,0
RVN.V,D,20190325,000000,0.05688,0.06016,0.05243,0.05553,0,0
RVN.V,D,20190326,000000,0.05553,0.05866,0.04869,0.05164,0,0
RVN.V,D,20190327,000000,0.05164,0.05903,0.05017,0.05891,0,0
RVN.V,D,20190328,000000,0.05891,0.06809,0.05768,0.06608,0,0
RVN.V,D,20190329,000000,0.06608,0.06998,0.06377,0.06492,0,0
RVN.V,D,20190330,000000,0.06492,0.06515,0.05852,0.06268,0,0
RVN.V,D,20190331,000000,0.06268,0.06284,0.0575,0.06074,0,0
RVN.V,D,20190401,000000,0.06074,0.06663,0.05965,0.06381,0,0
RVN.V,D,20190402,000000,0.06381,0.07704,0.06266,0.06404,0,0
RVN.V,D,20190403,000000,0.06404,0.06539,0.0528,0.05892,0,0
RVN.V,D,20190404,000000,0.05892,0.06255,0.05483,0.06073,0,0
RVN.V,D,20190405,000000,0.06073,0.06238,0.05825,0.05956,0,0
RVN.V,D,20190406,000000,0.05956,0.0704,0.05937,0.06686,0,0
RVN.V,D,20190407,000000,0.06686,0.0751,0.06686,0.06767,0,0
RVN.V,D,20190408,000000,0.06767,0.06967,0.06538,0.0675,0,0
RVN.V,D,20190409,000000,0.0675,0.07214,0.06621,0.06907,0,0
RVN.V,D,20190410,000000,0.06907,0.07308,0.06707,0.06733,0,0
RVN.V,D,20190411,000000,0.06733,0.06733,0.0574,0.06215,0,0
RVN.V,D,20190412,000000,0.06215,0.06626,0.06011,0.06494,0,0
RVN.V,D,20190413,000000,0.06494,0.06564,0.06203,0.06407,0,0
RVN.V,D,20190414,000000,0.06407,0.06576,0.06142,0.06188,0,0
RVN.V,D,20190415,000000,0.06188,0.06188,0.05536,0.05868,0,0
RVN.V,D,20190416,000000,0.05868,0.06125,0.05682,0.05833,0,0
RVN.V,D,20190417,000000,0.05833,0.06137,0.0576,0.06001,0,0
RVN.V,D,20190418,000000,0.06001,0.06062,0.05692,0.05819,0,0
RVN.V,D,20190419,000000,0.05819,0.0698,0.05703,0.06641,0,0
RVN.V,D,20190420,000000,0.06641,0.07137,0.06477,0.06546,0,0
RVN.V,D,20190421,000000,0.06546,0.06712,0.06181,0.06367,0,0
RVN.V,D,20190422,000000,0.06367,0.06501,0.06155,0.06225,0,0
RVN.V,D,20190423,000000,0.06225,0.06525,0.06099,0.06187,0,0
RVN.V,D,20190424,000000,0.06187,0.06453,0.05602,0.05722,0,0
RVN.V,D,20190425,000000,0.05722,0.05722,0.05163,0.05173,0,0
RVN.V,D,20190426,000000,0.05173,0.05585,0.05035,0.05229,0,0
RVN.V,D,20190427,000000,0.05229,0.05632,0.05219,0.05501,0,0
RVN.V,D,20190428,000000,0.05506,0.05615,0.0523,0.05346,0,0
RVN.V,D,20190429,000000,0.05346,0.05346,0.04688,0.04709,0,0
RVN.V,D,20190430,000000,0.04709,0.05088,0.04468,0.05083,0,0
RVN.V,D,20190501,000000,0.05083,0.05562,0.05077,0.05222,0,0
RVN.V,D,20190502,000000,0.05222,0.0533,0.04962,0.0511,0,0
RVN.V,D,20190503,000000,0.0511,0.05489,0.0489,0.05017,0,0
RVN.V,D,20190504,000000,0.05017,0.05104,0.04719,0.04917,0,0
RVN.V,D,20190505,000000,0.04917,0.0518,0.0485,0.04971,0,0
RVN.V,D,20190506,000000,0.04971,0.04972,0.04811,0.04857,0,0
RVN.V,D,20190507,000000,0.04857,0.04987,0.04382,0.04411,0,0
RVN.V,D,20190508,000000,0.04411,0.05027,0.04411,0.04631,0,0
RVN.V,D,20190509,000000,0.04631,0.04777,0.04148,0.04166,0,0
RVN.V,D,20190510,000000,0.04166,0.0487,0.04166,0.04654,0,0
RVN.V,D,20190511,000000,0.04654,0.05365,0.04654,0.04869,0,0
RVN.V,D,20190512,000000,0.04869,0.04869,0.04438,0.04605,0,0
RVN.V,D,20190513,000000,0.04605,0.05308,0.04426,0.04528,0,0
RVN.V,D,20190514,000000,0.04528,0.0486,0.04373,0.04652,0,0
RVN.V,D,20190515,000000,0.04652,0.06637,0.04652,0.06506,0,0
RVN.V,D,20190516,000000,0.06506,0.06693,0.05417,0.05756,0,0
RVN.V,D,20190517,000000,0.05756,0.05883,0.04998,0.05721,0,0
RVN.V,D,20190518,000000,0.05721,0.05721,0.05268,0.05442,0,0
RVN.V,D,20190519,000000,0.05442,0.06505,0.05442,0.05563,0,0
RVN.V,D,20190520,000000,0.05563,0.05751,0.05415,0.05567,0,0
RVN.V,D,20190521,000000,0.05567,0.06072,0.0546,0.05667,0,0
RVN.V,D,20190522,000000,0.05667,0.05667,0.05041,0.05095,0,0
RVN.V,D,20190523,000000,0.05095,0.05616,0.05088,0.05246,0,0
RVN.V,D,20190524,000000,0.05246,0.05589,0.05086,0.0523,0,0
RVN.V,D,20190525,000000,0.0523,0.05351,0.05126,0.05214,0,0
RVN.V,D,20190526,000000,0.05214,0.06361,0.05214,0.05724,0,0
RVN.V,D,20190527,000000,0.05724,0.05798,0.05236,0.05341,0,0
RVN.V,D,20190528,000000,0.05341,0.05528,0.0524,0.05467,0,0
RVN.V,D,20190529,000000,0.05467,0.05805,0.05268,0.05597,0,0
RVN.V,D,20190530,000000,0.05597,0.06058,0.05181,0.05429,0,0
RVN.V,D,20190531,000000,0.05429,0.06379,0.05429,0.06003,0,0
RVN.V,D,20190601,000000,0.06003,0.0711,0.05998,0.07076,0,0
RVN.V,D,20190602,000000,0.07076,0.08126,0.06789,0.07296,0,0
RVN.V,D,20190603,000000,0.07296,0.0762,0.06516,0.07181,0,0
RVN.V,D,20190604,000000,0.07181,0.07181,0.06219,0.06487,0,0
RVN.V,D,20190605,000000,0.06487,0.06701,0.06241,0.06459,0,0
RVN.V,D,20190606,000000,0.06459,0.06589,0.06113,0.06332,0,0
RVN.V,D,20190607,000000,0.06332,0.06698,0.0633,0.06522,0,0
RVN.V,D,20190608,000000,0.06522,0.07029,0.06339,0.0691,0,0
RVN.V,D,20190609,000000,0.0691,0.0691,0.06191,0.06336,0,0
RVN.V,D,20190610,000000,0.06336,0.06874,0.06336,0.06746,0,0
RVN.V,D,20190611,000000,0.06746,0.06746,0.06445,0.06508,0,0
RVN.V,D,20190612,000000,0.06508,0.06825,0.0649,0.06564,0,0
RVN.V,D,20190613,000000,0.06564,0.06852,0.06292,0.06424,0,0
RVN.V,D,20190614,000000,0.06424,0.06886,0.05964,0.0606,0,0
RVN.V,D,20190615,000000,0.0606,0.06525,0.0606,0.06277,0,0
RVN.V,D,20190616,000000,0.06277,0.06393,0.05801,0.0625,0,0
RVN.V,D,20190617,000000,0.0625,0.06545,0.06124,0.06255,0,0
RVN.V,D,20190618,000000,0.06255,0.06303,0.0593,0.06266,0,0
RVN.V,D,20190619,000000,0.06266,0.06756,0.06266,0.06394,0,0
RVN.V,D,20190620,000000,0.06394,0.066,0.0618,0.06208,0,0
RVN.V,D,20190621,000000,0.06208,0.06663,0.06142,0.06193,0,0
RVN.V,D,20190622,000000,0.06193,0.06863,0.05526,0.0636,0,0
RVN.V,D,20190623,000000,0.0636,0.06611,0.05982,0.06199,0,0
RVN.V,D,20190624,000000,0.06199,0.06975,0.06199,0.06467,0,0
RVN.V,D,20190625,000000,0.06467,0.06974,0.06258,0.06269,0,0
RVN.V,D,20190626,000000,0.06269,0.0696,0.05359,0.05811,0,0
RVN.V,D,20190627,000000,0.05811,0.05856,0.04729,0.05354,0,0
RVN.V,D,20190628,000000,0.05354,0.06054,0.053,0.0535,0,0
RVN.V,D,20190629,000000,0.0535,0.05978,0.05146,0.05978,0,0
RVN.V,D,20190630,000000,0.05978,0.05978,0.05094,0.05234,0,0
RVN.V,D,20190701,000000,0.05234,0.0555,0.05095,0.05465,0,0
RVN.V,D,20190702,000000,0.05465,0.05671,0.05086,0.05216,0,0
RVN.V,D,20190703,000000,0.05216,0.06051,0.05216,0.055,0,0
RVN.V,D,20190704,000000,0.055,0.05589,0.05054,0.0521,0,0
RVN.V,D,20190705,000000,0.0521,0.05332,0.0498,0.05068,0,0
RVN.V,D,20190706,000000,0.05068,0.05186,0.04916,0.05051,0,0
RVN.V,D,20190707,000000,0.05051,0.0537,0.05051,0.05152,0,0
RVN.V,D,20190708,000000,0.05152,0.05607,0.04734,0.04796,0,0
RVN.V,D,20190709,000000,0.04796,0.05178,0.04662,0.05002,0,0
RVN.V,D,20190710,000000,0.05002,0.05002,0.04331,0.04452,0,0
RVN.V,D,20190711,000000,0.04452,0.04452,0.0397,0.03993,0,0
RVN.V,D,20190712,000000,0.03993,0.05061,0.03988,0.04707,0,0
RVN.V,D,20190713,000000,0.04707,0.0533,0.04455,0.05057,0,0
RVN.V,D,20190714,000000,0.05057,0.05057,0.04092,0.04255,0,0
RVN.V,D,20190715,000000,0.04255,0.04633,0.04134,0.04177,0,0
RVN.V,D,20190716,000000,0.04177,0.04177,0.03628,0.03835,0,0
RVN.V,D,20190717,000000,0.03835,0.04354,0.03835,0.04121,0,0
RVN.V,D,20190718,000000,0.04121,0.04606,0.04121,0.04298,0,0
RVN.V,D,20190719,000000,0.04298,0.04434,0.04213,0.04403,0,0
RVN.V,D,20190720,000000,0.04403,0.04885,0.04403,0.04842,0,0
RVN.V,D,20190721,000000,0.04842,0.05092,0.04616,0.05082,0,0
RVN.V,D,20190722,000000,0.05082,0.05287,0.04853,0.05225,0,0
RVN.V,D,20190723,000000,0.05225,0.05225,0.04405,0.04513,0,0
RVN.V,D,20190724,000000,0.04513,0.04886,0.0429,0.04867,0,0
RVN.V,D,20190725,000000,0.04867,0.04941,0.04536,0.04724,0,0
RVN.V,D,20190726,000000,0.04724,0.04746,0.0455,0.04678,0,0
RVN.V,D,20190727,000000,0.04678,0.04701,0.04388,0.04616,0,0
RVN.V,D,20190728,000000,0.04616,0.04833,0.04616,0.04642,0,0
RVN.V,D,20190729,000000,0.04642,0.04696,0.0444,0.04516,0,0
RVN.V,D,20190730,000000,0.04516,0.04558,0.0426,0.04318,0,0
RVN.V,D,20190731,000000,0.04318,0.0457,0.04207,0.04308,0,0
RVN.V,D,20190801,000000,0.04308,0.04539,0.0406,0.04185,0,0
RVN.V,D,20190802,000000,0.04185,0.04317,0.04043,0.04264,0,0
RVN.V,D,20190803,000000,0.04264,0.04393,0.04177,0.04307,0,0
RVN.V,D,20190804,000000,0.04307,0.04381,0.04018,0.04084,0,0
RVN.V,D,20190805,000000,0.04084,0.04416,0.04015,0.04192,0,0
RVN.V,D,20190806,000000,0.04192,0.04192,0.03761,0.04025,0,0
RVN.V,D,20190807,000000,0.04025,0.04251,0.03916,0.03963,0,0
RVN.V,D,20190808,000000,0.03963,0.04026,0.03846,0.03846,0,0
RVN.V,D,20190809,000000,0.03846,0.04177,0.0369,0.03916,0,0
RVN.V,D,20190810,000000,0.03916,0.04088,0.03682,0.03987,0,0
RVN.V,D,20190811,000000,0.03987,0.04111,0.03823,0.03846,0,0
RVN.V,D,20190812,000000,0.03846,0.03894,0.03746,0.03769,0,0
RVN.V,D,20190813,000000,0.03769,0.03773,0.03512,0.03675,0,0
RVN.V,D,20190814,000000,0.03675,0.03675,0.03381,0.03381,0,0
RVN.V,D,20190815,000000,0.03381,0.03567,0.03381,0.03515,0,0
RVN.V,D,20190816,000000,0.03515,0.03554,0.03212,0.03295,0,0
RVN.V,D,20190817,000000,0.03295,0.03301,0.03209,0.0326,0,0
RVN.V,D,20190818,000000,0.0326,0.0348,0.03222,0.03397,0,0
RVN.V,D,20190819,000000,0.03397,0.03724,0.03364,0.03375,0,0
RVN.V,D,20190820,000000,0.03375,0.03544,0.03285,0.03436,0,0
RVN.V,D,20190821,000000,0.03436,0.03436,0.03181,0.03374,0,0
RVN.V,D,20190822,000000,0.03374,0.03435,0.03284,0.03415,0,0
RVN.V,D,20190823,000000,0.03415,0.04039,0.03415,0.03956,0,0
RVN.V,D,20190824,000000,0.03956,0.04233,0.03695,0.03898,0,0
RVN.V,D,20190825,000000,0.03898,0.04006,0.0361,0.03631,0,0
RVN.V,D,20190826,000000,0.03631,0.03721,0.03555,0.03607,0,0
RVN.V,D,20190827,000000,0.03607,0.03806,0.03531,0.03582,0,0
RVN.V,D,20190828,000000,0.03582,0.03582,0.0316,0.03218,0,0
RVN.V,D,20190829,000000,0.03218,0.03218,0.03066,0.03171,0,0
RVN.V,D,20190830,000000,0.03171,0.03231,0.03145,0.03154,0,0
RVN.V,D,20190831,000000,0.03154,0.03224,0.03138,0.03157,0,0
RVN.V,D,20190901,000000,0.03157,0.03224,0.03116,0.03136,0,0
RVN.V,D,20190902,000000,0.03136,0.03376,0.03136,0.03262,0,0
RVN.V,D,20190903,000000,0.03262,0.03358,0.03134,0.03188,0,0
RVN.V,D,20190904,000000,0.03188,0.03324,0.03123,0.03176,0,0
RVN.V,D,20190905,000000,0.03176,0.03241,0.03146,0.03156,0,0
RVN.V,D,20190906,000000,0.03156,0.03175,0.02949,0.03145,0,0
RVN.V,D,20190907,000000,0.03145,0.03284,0.03145,0.03263,0,0
RVN.V,D,20190908,000000,0.03263,0.03314,0.03189,0.0321,0,0
RVN.V,D,20190909,000000,0.0321,0.0321,0.03043,0.03136,0,0
RVN.V,D,20190910,000000,0.03136,0.03144,0.03043,0.03114,0,0
RVN.V,D,20190911,000000,0.03114,0.03141,0.02989,0.03019,0,0
RVN.V,D,20190912,000000,0.03019,0.03181,0.03019,0.03066,0,0
RVN.V,D,20190913,000000,0.03066,0.03122,0.03049,0.03091,0,0
RVN.V,D,20190914,000000,0.03091,0.03276,0.03089,0.03265,0,0
RVN.V,D,20190915,000000,0.03265,0.03269,0.03197,0.03228,0,0
RVN.V,D,20190916,000000,0.03228,0.03256,0.03143,0.03164,0,0
RVN.V,D,20190917,000000,0.03164,0.03366,0.0308,0.03315,0,0
RVN.V,D,20190918,000000,0.03315,0.0372,0.03273,0.03659,0,0
RVN.V,D,20190919,000000,0.03659,0.03722,0.03372,0.03444,0,0
RVN.V,D,20190920,000000,0.03444,0.03704,0.03307,0.03552,0,0
RVN.V,D,20190921,000000,0.03552,0.03606,0.03446,0.03456,0,0
RVN.V,D,20190922,000000,0.03456,0.03503,0.03262,0.03292,0,0
RVN.V,D,20190923,000000,0.03292,0.03292,0.03083,0.03131,0,0
RVN.V,D,20190924,000000,0.03131,0.03131,0.02554,0.02571,0,0
RVN.V,D,20190925,000000,0.02571,0.02661,0.02526,0.02652,0,0
RVN.V,D,20190926,000000,0.02652,0.02786,0.02471,0.0277,0,0
RVN.V,D,20190927,000000,0.0277,0.02911,0.02665,0.02895,0,0
RVN.V,D,20190928,000000,0.02895,0.02936,0.02812,0.02812,0,0
RVN.V,D,20190929,000000,0.02812,0.0321,0.02726,0.03049,0,0
RVN.V,D,20190930,000000,0.03049,0.0316,0.0296,0.03085,0,0
RVN.V,D,20191001,000000,0.03085,0.03131,0.02906,0.02939,0,0
RVN.V,D,20191002,000000,0.02939,0.03138,0.02939,0.03113,0,0
RVN.V,D,20191003,000000,0.03113,0.03113,0.02927,0.03051,0,0
RVN.V,D,20191004,000000,0.03051,0.03153,0.02916,0.03137,0,0
RVN.V,D,20191005,000000,0.03137,0.03228,0.03065,0.0322,0,0
RVN.V,D,20191006,000000,0.0322,0.0322,0.02982,0.03029,0,0
RVN.V,D,20191007,000000,0.03029,0.03319,0.03029,0.03253,0,0
RVN.V,D,20191008,000000,0.03253,0.0326,0.03105,0.03195,0,0
RVN.V,D,20191009,000000,0.03195,0.03549,0.03188,0.03351,0,0
RVN.V,D,20191010,000000,0.03351,0.03886,0.03327,0.03808,0,0
RVN.V,D,20191011,000000,0.03808,0.03808,0.03411,0.03551,0,0
RVN.V,D,20191012,000000,0.03551,0.03851,0.03551,0.03842,0,0
RVN.V,D,20191013,000000,0.03842,0.0385,0.03559,0.0365,0,0
RVN.V,D,20191014,000000,0.0365,0.0373,0.03546,0.0363,0,0
RVN.V,D,20191015,000000,0.0363,0.0363,0.03392,0.034,0,0
RVN.V,D,20191016,000000,0.034,0.034,0.03118,0.03214,0,0
RVN.V,D,20191017,000000,0.03214,0.03354,0.03144,0.03298,0,0
RVN.V,D,20191018,000000,0.03298,0.03309,0.03093,0.03109,0,0
RVN.V,D,20191019,000000,0.03109,0.03174,0.03086,0.03158,0,0
RVN.V,D,20191020,000000,0.03158,0.03266,0.03142,0.03183,0,0
RVN.V,D,20191021,000000,0.03183,0.03183,0.03059,0.03125,0,0
RVN.V,D,20191022,000000,0.03125,0.03158,0.02997,0.03109,0,0
RVN.V,D,20191023,000000,0.03109,0.03109,0.02715,0.02767,0,0
RVN.V,D,20191024,000000,0.02767,0.02829,0.0271,0.02799,0,0
RVN.V,D,20191025,000000,0.02799,0.0326,0.02799,0.02974,0,0
RVN.V,D,20191026,000000,0.02974,0.03185,0.02509,0.02889,0,0
RVN.V,D,20191027,000000,0.02889,0.03133,0.02817,0.0297,0,0
RVN.V,D,20191028,000000,0.0297,0.03089,0.02794,0.03053,0,0
RVN.V,D,20191029,000000,0.03053,0.03169,0.02981,0.03,0,0
RVN.V,D,20191030,000000,0.03,0.03,0.02861,0.02898,0,0
RVN.V,D,20191031,000000,0.02898,0.02995,0.02821,0.02894,0,0
RVN.V,D,20191101,000000,0.02894,0.02982,0.02852,0.0288,0,0
RVN.V,D,20191102,000000,0.0288,0.02961,0.02877,0.02933,0,0
RVN.V,D,20191103,000000,0.02933,0.03071,0.02896,0.02988,0,0
RVN.V,D,20191104,000000,0.02988,0.0309,0.02855,0.02949,0,0
RVN.V,D,20191105,000000,0.02949,0.02965,0.02872,0.02946,0,0
RVN.V,D,20191106,000000,0.02946,0.03019,0.02907,0.02954,0,0
RVN.V,D,20191107,000000,0.02954,0.02954,0.02882,0.02919,0,0
RVN.V,D,20191108,000000,0.02919,0.02919,0.02763,0.02807,0,0
RVN.V,D,20191109,000000,0.02807,0.02894,0.02797,0.02858,0,0
RVN.V,D,20191110,000000,0.02858,0.0303,0.02858,0.02931,0,0
RVN.V,D,20191111,000000,0.02931,0.02931,0.02784,0.02854,0,0
RVN.V,D,20191112,000000,0.02854,0.029,0.02821,0.02847,0,0
RVN.V,D,20191113,000000,0.02847,0.0286,0.02799,0.02808,0,0
RVN.V,D,20191114,000000,0.02808,0.02808,0.02687,0.02722,0,0
RVN.V,D,20191115,000000,0.02722,0.02722,0.02591,0.02642,0,0
RVN.V,D,20191116,000000,0.02642,0.02694,0.02635,0.02686,0,0
RVN.V,D,20191117,000000,0.02686,0.02708,0.02648,0.02665,0,0
RVN.V,D,20191118,000000,0.02665,0.02665,0.02523,0.02547,0,0
RVN.V,D,20191119,000000,0.02547,0.02547,0.02489,0.02497,0,0
RVN.V,D,20191120,000000,0.02497,0.02509,0.02444,0.0246,0,0
RVN.V,D,20191121,000000,0.0246,0.0246,0.02236,0.02313,0,0
RVN.V,D,20191122,000000,0.02313,0.02313,0.02129,0.0218,0,0
RVN.V,D,20191123,000000,0.0218,0.02305,0.0218,0.02275,0,0
RVN.V,D,20191124,000000,0.02275,0.02275,0.02086,0.02114,0,0
RVN.V,D,20191125,000000,0.02114,0.0222,0.02099,0.02177,0,0
RVN.V,D,20191126,000000,0.02177,0.02251,0.02177,0.0223,0,0
RVN.V,D,20191127,000000,0.0223,0.02365,0.0223,0.02297,0,0
RVN.V,D,20191128,000000,0.02297,0.02297,0.0224,0.02277,0,0
RVN.V,D,20191129,000000,0.02277,0.02385,0.02277,0.02339,0,0
RVN.V,D,20191130,000000,0.02339,0.02339,0.02256,0.02264,0,0
RVN.V,D,20191201,000000,0.02264,0.02271,0.02219,0.02248,0,0
RVN.V,D,20191202,000000,0.02248,0.02321,0.02196,0.02291,0,0
RVN.V,D,20191203,000000,0.02291,0.02735,0.02267,0.02567,0,0
RVN.V,D,20191204,000000,0.02567,0.02768,0.02487,0.02631,0,0
RVN.V,D,20191205,000000,0.02631,0.02755,0.02452,0.02615,0,0
RVN.V,D,20191206,000000,0.02615,0.03061,0.02593,0.02842,0,0
RVN.V,D,20191207,000000,0.02842,0.03374,0.02811,0.03367,0,0
RVN.V,D,20191208,000000,0.03367,0.03423,0.03137,0.03227,0,0
RVN.V,D,20191209,000000,0.03227,0.03264,0.02999,0.03028,0,0
RVN.V,D,20191210,000000,0.03028,0.03028,0.02156,0.02409,0,0
RVN.V,D,20191211,000000,0.02409,0.02683,0.02366,0.02503,0,0
RVN.V,D,20191212,000000,0.02503,0.02503,0.02304,0.02354,0,0
RVN.V,D,20191213,000000,0.02354,0.02491,0.02331,0.02418,0,0
RVN.V,D,20191214,000000,0.02418,0.02418,0.02188,0.02237,0,0
RVN.V,D,20191215,000000,0.02237,0.02332,0.02225,0.02304,0,0
RVN.V,D,20191216,000000,0.02304,0.02318,0.02166,0.02207,0,0
RVN.V,D,20191217,000000,0.02207,0.02207,0.02031,0.02057,0,0
RVN.V,D,20191218,000000,0.02057,0.02334,0.02057,0.02276,0,0
RVN.V,D,20191219,000000,0.02276,0.02377,0.02205,0.02284,0,0
RVN.V,D,20191220,000000,0.02284,0.02428,0.02284,0.0237,0,0
RVN.V,D,20191221,000000,0.0237,0.02406,0.02248,0.02284,0,0
RVN.V,D,20191222,000000,0.02284,0.02436,0.02284,0.02361,0,0
RVN.V,D,20191223,000000,0.02361,0.02361,0.02249,0.02286,0,0
RVN.V,D,20191224,000000,0.02286,0.02331,0.022,0.02323,0,0
RVN.V,D,20191225,000000,0.02323,0.02341,0.02146,0.02226,0,0
RVN.V,D,20191226,000000,0.02226,0.0227,0.02198,0.02205,0,0
RVN.V,D,20191227,000000,0.02205,0.02249,0.02205,0.02234,0,0
RVN.V,D,20191228,000000,0.02234,0.02275,0.02234,0.02253,0,0
RVN.V,D,20191229,000000,0.02253,0.02323,0.02235,0.02279,0,0
RVN.V,D,20191230,000000,0.02279,0.02279,0.02207,0.02235,0,0
RVN.V,D,20191231,000000,0.02235,0.02328,0.02205,0.02292,0,0
RVN.V,D,20200101,000000,0.02292,0.02337,0.02243,0.02279,0,0
RVN.V,D,20200102,000000,0.02279,0.0232,0.02159,0.02292,0,0
RVN.V,D,20200103,000000,0.02292,0.02451,0.02275,0.02305,0,0
RVN.V,D,20200104,000000,0.02305,0.02325,0.02266,0.02296,0,0
RVN.V,D,20200105,000000,0.02296,0.02333,0.02267,0.02318,0,0
RVN.V,D,20200106,000000,0.02318,0.02461,0.02318,0.02406,0,0
RVN.V,D,20200107,000000,0.02406,0.02562,0.02406,0.02464,0,0
RVN.V,D,20200108,000000,0.02464,0.02464,0.02269,0.02414,0,0
RVN.V,D,20200109,000000,0.02414,0.02414,0.0229,0.02345,0,0
RVN.V,D,20200110,000000,0.02345,0.02465,0.02345,0.024,0,0
RVN.V,D,20200111,000000,0.024,0.02431,0.02335,0.02391,0,0
RVN.V,D,20200112,000000,0.02391,0.02454,0.02389,0.02397,0,0
RVN.V,D,20200113,000000,0.02397,0.024,0.02335,0.02351,0,0
RVN.V,D,20200114,000000,0.02351,0.02558,0.02351,0.02488,0,0
RVN.V,D,20200115,000000,0.02488,0.02723,0.02468,0.02679,0,0
RVN.V,D,20200116,000000,0.02679,0.02679,0.02485,0.02633,0,0
RVN.V,D,20200117,000000,0.02633,0.02855,0.02633,0.02802,0,0
RVN.V,D,20200118,000000,0.02802,0.02833,0.02708,0.02726,0,0
RVN.V,D,20200119,000000,0.02726,0.02726,0.02576,0.02628,0,0
RVN.V,D,20200120,000000,0.02628,0.02642,0.02556,0.02616,0,0
RVN.V,D,20200121,000000,0.02616,0.02748,0.026,0.02652,0,0
RVN.V,D,20200122,000000,0.02652,0.02696,0.02626,0.02652,0,0
RVN.V,D,20200123,000000,0.02652,0.02652,0.02527,0.02552,0,0
RVN.V,D,20200124,000000,0.02552,0.02614,0.02538,0.0258,0,0
RVN.V,D,20200125,000000,0.0258,0.02621,0.02537,0.02587,0,0
RVN.V,D,20200126,000000,0.02587,0.02701,0.02587,0.02641,0,0
RVN.V,D,20200127,000000,0.02641,0.02759,0.02641,0.0267,0,0
RVN.V,D,20200128,000000,0.0267,0.02836,0.0267,0.02733,0,0
RVN.V,D,20200129,000000,0.02733,0.02733,0.02637,0.02684,0,0
RVN.V,D,20200130,000000,0.02684,0.02822,0.02684,0.02774,0,0
RVN.V,D,20200131,000000,0.02774,0.02774,0.02719,0.02756,0,0
RVN.V,D,20200201,000000,0.02756,0.02797,0.02721,0.02778,0,0
RVN.V,D,20200202,000000,0.02778,0.02884,0.02744,0.02847,0,0
RVN.V,D,20200203,000000,0.02847,0.0314,0.02796,0.03056,0,0
RVN.V,D,20200204,000000,0.03056,0.0321,0.03008,0.03146,0,0
RVN.V,D,20200205,000000,0.03146,0.03326,0.03066,0.03172,0,0
RVN.V,D,20200206,000000,0.03172,0.03571,0.03172,0.03444,0,0
RVN.V,D,20200207,000000,0.03444,0.03766,0.03444,0.03639,0,0
RVN.V,D,20200208,000000,0.03639,0.03682,0.03276,0.03385,0,0
RVN.V,D,20200209,000000,0.03385,0.03606,0.03261,0.03403,0,0
RVN.V,D,20200210,000000,0.03403,0.03411,0.03204,0.03391,0,0
RVN.V,D,20200211,000000,0.03391,0.03666,0.03368,0.03481,0,0
RVN.V,D,20200212,000000,0.03481,0.03798,0.03481,0.03705,0,0
RVN.V,D,20200213,000000,0.03705,0.03756,0.03479,0.03633,0,0
RVN.V,D,20200214,000000,0.03633,0.04227,0.03626,0.04041,0,0
RVN.V,D,20200215,000000,0.04041,0.04041,0.03586,0.03685,0,0
RVN.V,D,20200216,000000,0.03685,0.03801,0.03295,0.03524,0,0
RVN.V,D,20200217,000000,0.03524,0.03524,0.03047,0.03328,0,0
RVN.V,D,20200218,000000,0.03328,0.03544,0.03328,0.03472,0,0
RVN.V,D,20200219,000000,0.03472,0.03472,0.03082,0.03111,0,0
RVN.V,D,20200220,000000,0.03111,0.03161,0.02979,0.03065,0,0
RVN.V,D,20200221,000000,0.03065,0.03191,0.03065,0.03123,0,0
RVN.V,D,20200222,000000,0.03123,0.03124,0.03017,0.03027,0,0
RVN.V,D,20200223,000000,0.03027,0.03223,0.03027,0.03193,0,0
RVN.V,D,20200224,000000,0.03193,0.03193,0.02909,0.02967,0,0
RVN.V,D,20200225,000000,0.02967,0.02967,0.02692,0.02739,0,0
RVN.V,D,20200226,000000,0.02739,0.02739,0.02471,0.02585,0,0
RVN.V,D,20200227,000000,0.02585,0.02735,0.02523,0.02691,0,0
RVN.V,D,20200228,000000,0.02691,0.02691,0.02529,0.02616,0,0
RVN.V,D,20200229,000000,0.02616,0.02616,0.02521,0.02564,0,0
RVN.V,D,20200301,000000,0.02564,0.02582,0.02471,0.02505,0,0
RVN.V,D,20200302,000000,0.02505,0.02685,0.02505,0.02658,0,0
RVN.V,D,20200303,000000,0.02658,0.02658,0.02568,0.02595,0,0
RVN.V,D,20200304,000000,0.02595,0.0279,0.02588,0.02764,0,0
RVN.V,D,20200305,000000,0.02764,0.02931,0.02764,0.02849,0,0
RVN.V,D,20200306,000000,0.02849,0.02895,0.02739,0.02794,0,0
RVN.V,D,20200307,000000,0.02794,0.02805,0.02653,0.02662,0,0
RVN.V,D,20200308,000000,0.02662,0.02662,0.02329,0.02337,0,0
RVN.V,D,20200309,000000,0.02337,0.02375,0.02272,0.02352,0,0
RVN.V,D,20200310,000000,0.02352,0.02368,0.02313,0.02353,0,0
RVN.V,D,20200311,000000,0.02353,0.02415,0.0228,0.0232,0,0
RVN.V,D,20200312,000000,0.0232,0.0232,0.01101,0.0117,0,0
RVN.V,D,20200313,000000,0.0117,0.01504,0.0117,0.01459,0,0
RVN.V,D,20200314,000000,0.01459,0.01459,0.01327,0.01363,0,0
RVN.V,D,20200315,000000,0.01363,0.01441,0.01363,0.01393,0,0
RVN.V,D,20200316,000000,0.01393,0.01393,0.01191,0.01221,0,0
RVN.V,D,20200317,000000,0.01221,0.0134,0.01221,0.01302,0,0
RVN.V,D,20200318,000000,0.01302,0.01348,0.01288,0.01315,0,0
RVN.V,D,20200319,000000,0.01315,0.0154,0.01315,0.01534,0,0
RVN.V,D,20200320,000000,0.01534,0.01607,0.0144,0.01471,0,0
RVN.V,D,20200321,000000,0.01471,0.01493,0.0145,0.01475,0,0
RVN.V,D,20200322,000000,0.01475,0.01475,0.01317,0.01335,0,0
RVN.V,D,20200323,000000,0.01335,0.01502,0.01335,0.01476,0,0
RVN.V,D,20200324,000000,0.01476,0.01563,0.01476,0.01523,0,0
RVN.V,D,20200325,000000,0.01523,0.01533,0.01493,0.0152,0,0
RVN.V,D,20200326,000000,0.0152,0.01635,0.0152,0.01575,0,0
RVN.V,D,20200327,000000,0.01575,0.01575,0.01443,0.01462,0,0
RVN.V,D,20200328,000000,0.01462,0.01462,0.01407,0.01438,0,0
RVN.V,D,20200329,000000,0.01438,0.01438,0.01341,0.01353,0,0
RVN.V,D,20200330,000000,0.01353,0.01498,0.01353,0.0146,0,0
RVN.V,D,20200331,000000,0.0146,0.01535,0.01458,0.01516,0,0
RVN.V,D,20200401,000000,0.01516,0.01633,0.01516,0.01566,0,0
RVN.V,D,20200402,000000,0.01566,0.01633,0.01524,0.01565,0,0
RVN.V,D,20200403,000000,0.01565,0.01565,0.01517,0.01544,0,0
RVN.V,D,20200404,000000,0.01544,0.01581,0.01544,0.01561,0,0
RVN.V,D,20200405,000000,0.01561,0.01561,0.01533,0.01546,0,0
RVN.V,D,20200406,000000,0.01546,0.01712,0.01546,0.01712,0,0
RVN.V,D,20200407,000000,0.01712,0.01721,0.01642,0.01656,0,0
RVN.V,D,20200408,000000,0.01656,0.01746,0.01656,0.01724,0,0
RVN.V,D,20200409,000000,0.01724,0.01853,0.0169,0.01829,0,0
RVN.V,D,20200410,000000,0.0183,0.01841,0.01585,0.01651,0,0
RVN.V,D,20200411,000000,0.0165,0.01708,0.01609,0.01664,0,0
RVN.V,D,20200412,000000,0.01664,0.01743,0.01621,0.01726,0,0
RVN.V,D,20200413,000000,0.01726,0.0173,0.01558,0.01622,0,0
RVN.V,D,20200414,000000,0.01622,0.01676,0.01593,0.01633,0,0
RVN.V,D,20200415,000000,0.01633,0.01652,0.01578,0.01585,0,0
RVN.V,D,20200416,000000,0.01591,0.017,0.0152,0.01699,0,0
RVN.V,D,20200417,000000,0.01699,0.01731,0.01655,0.01671,0,0
RVN.V,D,20200418,000000,0.01671,0.01753,0.0166,0.01743,0,0
RVN.V,D,20200419,000000,0.01735,0.01759,0.01665,0.01722,0,0
RVN.V,D,20200420,000000,0.01721,0.01777,0.01586,0.01619,0,0
RVN.V,D,20200421,000000,0.01619,0.01642,0.0158,0.01636,0,0
RVN.V,D,20200422,000000,0.01636,0.0169,0.01599,0.01669,0,0
RVN.V,D,20200423,000000,0.01669,0.01785,0.01637,0.01764,0,0
RVN.V,D,20200424,000000,0.01763,0.0182,0.01724,0.01804,0,0
RVN.V,D,20200425,000000,0.01803,0.01915,0.01756,0.01883,0,0
RVN.V,D,20200426,000000,0.01883,0.02084,0.01874,0.02,0,0
RVN.V,D,20200427,000000,0.02,0.02017,0.01863,0.01919,0,0
RVN.V,D,20200428,000000,0.01919,0.01973,0.01882,0.01958,0,0
RVN.V,D,20200429,000000,0.01958,0.02059,0.01931,0.02049,0,0
RVN.V,D,20200430,000000,0.02048,0.02099,0.01876,0.0192,0,0
RVN.V,D,20200501,000000,0.01919,0.02026,0.01892,0.01973,0,0
RVN.V,D,20200502,000000,0.01973,0.02195,0.01943,0.02136,0,0
RVN.V,D,20200503,000000,0.02127,0.02225,0.02012,0.02047,0,0
RVN.V,D,20200504,000000,0.02047,0.02173,0.0192,0.02149,0,0
RVN.V,D,20200505,000000,0.0214,0.02285,0.02064,0.02252,0,0
RVN.V,D,20200506,000000,0.02243,0.02359,0.0216,0.02286,0,0
RVN.V,D,20200507,000000,0.02286,0.02304,0.02094,0.02164,0,0
RVN.V,D,20200508,000000,0.02154,0.02255,0.02102,0.02222,0,0
RVN.V,D,20200509,000000,0.02233,0.02255,0.02121,0.02133,0,0
RVN.V,D,20200510,000000,0.02133,0.02144,0.01767,0.01902,0,0
RVN.V,D,20200511,000000,0.01902,0.01928,0.0171,0.01836,0,0
RVN.V,D,20200512,000000,0.01836,0.02009,0.01816,0.01943,0,0
RVN.V,D,20200513,000000,0.01937,0.02009,0.01917,0.01966,0,0
RVN.V,D,20200514,000000,0.01966,0.01983,0.01901,0.01937,0,0
RVN.V,D,20200515,000000,0.01936,0.01947,0.01825,0.01855,0,0
RVN.V,D,20200516,000000,0.01855,0.01979,0.01833,0.01942,0,0
RVN.V,D,20200517,000000,0.01942,0.01956,0.01911,0.01932,0,0
RVN.V,D,20200518,000000,0.01923,0.01969,0.01889,0.01927,0,0
RVN.V,D,20200519,000000,0.01927,0.01987,0.01884,0.01956,0,0
RVN.V,D,20200520,000000,0.01956,0.0199,0.01842,0.0192,0,0
RVN.V,D,20200521,000000,0.0192,0.01946,0.01754,0.01875,0,0
RVN.V,D,20200522,000000,0.01875,0.01987,0.01814,0.01952,0,0
RVN.V,D,20200523,000000,0.01942,0.0199,0.0188,0.01947,0,0
RVN.V,D,20200524,000000,0.01947,0.02045,0.01898,0.01974,0,0
RVN.V,D,20200525,000000,0.01975,0.02073,0.01874,0.02021,0,0
RVN.V,D,20200526,000000,0.02021,0.02129,0.01969,0.02088,0,0
RVN.V,D,20200527,000000,0.02097,0.02162,0.02033,0.0204,0,0
RVN.V,D,20200528,000000,0.0204,0.02077,0.01993,0.02048,0,0
RVN.V,D,20200529,000000,0.02058,0.02093,0.02009,0.02056,0,0
RVN.V,D,20200530,000000,0.02057,0.02138,0.02034,0.02115,0,0
RVN.V,D,20200531,000000,0.02115,0.02194,0.02045,0.02054,0,0
RVN.V,D,20200601,000000,0.02054,0.02073,0.01892,0.02037,0,0
RVN.V,D,20200602,000000,0.02037,0.02125,0.01917,0.02019,0,0
RVN.V,D,20200603,000000,0.02019,0.02057,0.01968,0.02032,0,0
RVN.V,D,20200604,000000,0.02032,0.02062,0.01983,0.02034,0,0
RVN.V,D,20200605,000000,0.02034,0.02047,0.01998,0.02009,0,0
RVN.V,D,20200606,000000,0.0201,0.02043,0.01978,0.02026,0,0
RVN.V,D,20200607,000000,0.02017,0.02036,0.0193,0.0202,0,0
RVN.V,D,20200608,000000,0.0202,0.02137,0.02008,0.02079,0,0
RVN.V,D,20200609,000000,0.02078,0.02111,0.02047,0.02082,0,0
RVN.V,D,20200610,000000,0.02082,0.02171,0.0206,0.02119,0,0
RVN.V,D,20200611,000000,0.02119,0.02204,0.01892,0.01972,0,0
RVN.V,D,20200612,000000,0.01972,0.02039,0.01939,0.01992,0,0
RVN.V,D,20200613,000000,0.01992,0.02073,0.01976,0.02045,0,0
RVN.V,D,20200614,000000,0.02045,0.02089,0.01997,0.02008,0,0
RVN.V,D,20200615,000000,0.02008,0.02016,0.01889,0.0201,0,0
RVN.V,D,20200616,000000,0.0201,0.02186,0.0198,0.02149,0,0
RVN.V,D,20200617,000000,0.02148,0.02256,0.02091,0.02174,0,0
RVN.V,D,20200618,000000,0.02174,0.02343,0.0214,0.02171,0,0
RVN.V,D,20200619,000000,0.0217,0.022,0.0205,0.0207,0,0
RVN.V,D,20200620,000000,0.0207,0.02125,0.02018,0.02092,0,0
RVN.V,D,20200621,000000,0.02092,0.02165,0.02061,0.0208,0,0
RVN.V,D,20200622,000000,0.0208,0.0213,0.02034,0.02112,0,0
RVN.V,D,20200623,000000,0.02112,0.02175,0.02073,0.02142,0,0
RVN.V,D,20200624,000000,0.02142,0.02164,0.02001,0.02029,0,0
RVN.V,D,20200625,000000,0.02029,0.02049,0.01943,0.02,0,0
RVN.V,D,20200626,000000,0.02,0.0201,0.01913,0.01945,0,0
RVN.V,D,20200627,000000,0.01945,0.01961,0.01756,0.01839,0,0
RVN.V,D,20200628,000000,0.0183,0.0193,0.01792,0.01889,0,0
RVN.V,D,20200629,000000,0.01889,0.01913,0.01861,0.01888,0,0
RVN.V,D,20200630,000000,0.01888,0.01929,0.01871,0.01906,0,0
RVN.V,D,20200701,000000,0.01906,0.01931,0.01861,0.01895,0,0
RVN.V,D,20200702,000000,0.01895,0.01918,0.01791,0.01858,0,0
RVN.V,D,20200703,000000,0.01854,0.01872,0.01817,0.01829,0,0
RVN.V,D,20200704,000000,0.0182,0.01912,0.01801,0.01898,0,0
RVN.V,D,20200705,000000,0.01889,0.01901,0.01804,0.01835,0,0
RVN.V,D,20200706,000000,0.01844,0.01898,0.01822,0.01885,0,0
RVN.V,D,20200707,000000,0.01884,0.01939,0.01872,0.01905,0,0
RVN.V,D,20200708,000000,0.01905,0.0207,0.01896,0.0201,0,0
RVN.V,D,20200709,000000,0.0201,0.02067,0.01924,0.01971,0,0
RVN.V,D,20200710,000000,0.01971,0.01999,0.01927,0.01972,0,0
RVN.V,D,20200711,000000,0.01973,0.0208,0.01965,0.02029,0,0
RVN.V,D,20200712,000000,0.02029,0.02066,0.01972,0.01993,0,0
RVN.V,D,20200713,000000,0.01993,0.02389,0.01993,0.02258,0,0
RVN.V,D,20200714,000000,0.02258,0.02439,0.021,0.0213,0,0
RVN.V,D,20200715,000000,0.0213,0.0217,0.0204,0.0209,0,0
RVN.V,D,20200716,000000,0.0209,0.02125,0.0189,0.0198,0,0
RVN.V,D,20200717,000000,0.0198,0.0204,0.0194,0.02023,0,0
RVN.V,D,20200718,000000,0.02022,0.02037,0.01973,0.0202,0,0
RVN.V,D,20200719,000000,0.0202,0.02044,0.0197,0.0201,0,0
RVN.V,D,20200720,000000,0.0201,0.02143,0.01994,0.0214,0,0
RVN.V,D,20200721,000000,0.0213,0.02145,0.02023,0.02036,0,0
RVN.V,D,20200722,000000,0.02045,0.02064,0.02019,0.02055,0,0
RVN.V,D,20200723,000000,0.02055,0.02068,0.02019,0.02039,0,0
RVN.V,D,20200724,000000,0.02039,0.02039,0.01974,0.01999,0,0
RVN.V,D,20200725,000000,0.01999,0.02048,0.0199,0.02028,0,0
RVN.V,D,20200726,000000,0.02028,0.02076,0.02011,0.02037,0,0
RVN.V,D,20200727,000000,0.02037,0.02075,0.01853,0.01969,0,0
RVN.V,D,20200728,000000,0.01968,0.02044,0.01925,0.0204,0,0
RVN.V,D,20200729,000000,0.02039,0.02065,0.01991,0.02027,0,0
