<TICKER>,<PER>,<DATE>,<TIME>,<OPEN>,<HIGH>,<LOW>,<CLOSE>,<VOL>,<OPENINT>
SNX.V,D,20180418,000000,0.3729,0.4013,0.3604,0.3691,0,0
SNX.V,D,20180419,000000,0.3691,0.4894,0.3691,0.44,0,0
SNX.V,D,20180420,000000,0.44,0.5325,0.44,0.464,0,0
SNX.V,D,20180421,000000,0.464,0.485,0.4207,0.4282,0,0
SNX.V,D,20180422,000000,0.4282,0.4585,0.4176,0.4579,0,0
SNX.V,D,20180423,000000,0.4579,0.5326,0.4542,0.515,0,0
SNX.V,D,20180424,000000,0.515,0.675,0.515,0.6025,0,0
SNX.V,D,20180425,000000,0.6026,0.6026,0.4905,0.519,0,0
SNX.V,D,20180426,000000,0.519,0.5842,0.4931,0.5041,0,0
SNX.V,D,20180427,000000,0.5045,0.5708,0.4854,0.5092,0,0
SNX.V,D,20180428,000000,0.5092,0.5783,0.4947,0.5783,0,0
SNX.V,D,20180429,000000,0.5782,0.6303,0.5291,0.5354,0,0
SNX.V,D,20180430,000000,0.5355,0.5437,0.4866,0.5306,0,0
SNX.V,D,20180501,000000,0.5306,0.5306,0.4803,0.5169,0,0
SNX.V,D,20180502,000000,0.5169,0.5257,0.4738,0.4835,0,0
SNX.V,D,20180503,000000,0.4835,0.5652,0.4748,0.5234,0,0
SNX.V,D,20180504,000000,0.5235,0.6982,0.4731,0.5363,0,0
SNX.V,D,20180505,000000,0.5363,0.5827,0.5238,0.548,0,0
SNX.V,D,20180506,000000,0.5481,0.5563,0.4889,0.4905,0,0
SNX.V,D,20180507,000000,0.4905,0.5814,0.4689,0.5635,0,0
SNX.V,D,20180508,000000,0.5635,0.6,0.519,0.5344,0,0
SNX.V,D,20180509,000000,0.5344,0.7052,0.5144,0.5721,0,0
SNX.V,D,20180510,000000,0.5722,0.7212,0.5403,0.6273,0,0
SNX.V,D,20180511,000000,0.6273,0.6273,0.5053,0.5074,0,0
SNX.V,D,20180512,000000,0.5074,0.6021,0.5074,0.565,0,0
SNX.V,D,20180513,000000,0.5651,0.587,0.5489,0.5737,0,0
SNX.V,D,20180514,000000,0.5737,0.6198,0.5637,0.6121,0,0
SNX.V,D,20180515,000000,0.6121,0.7202,0.5944,0.6622,0,0
SNX.V,D,20180516,000000,0.6622,0.6675,0.6174,0.6675,0,0
SNX.V,D,20180517,000000,0.6673,0.6673,0.6052,0.6088,0,0
SNX.V,D,20180518,000000,0.6088,0.6763,0.6088,0.6696,0,0
SNX.V,D,20180519,000000,0.6696,0.6863,0.6406,0.6729,0,0
SNX.V,D,20180520,000000,0.6729,0.7788,0.6451,0.7734,0,0
SNX.V,D,20180521,000000,0.7735,0.7735,0.6704,0.7003,0,0
SNX.V,D,20180522,000000,0.7003,0.8352,0.6228,0.6429,0,0
SNX.V,D,20180523,000000,0.6429,0.6457,0.5413,0.5723,0,0
SNX.V,D,20180524,000000,0.5723,0.6522,0.5576,0.6242,0,0
SNX.V,D,20180525,000000,0.6242,0.6242,0.542,0.5703,0,0
SNX.V,D,20180526,000000,0.5703,0.5703,0.5324,0.5602,0,0
SNX.V,D,20180527,000000,0.5602,0.5665,0.5229,0.5334,0,0
SNX.V,D,20180528,000000,0.5334,0.5334,0.4637,0.4733,0,0
SNX.V,D,20180529,000000,0.4733,0.543,0.4637,0.5311,0,0
SNX.V,D,20180530,000000,0.5311,0.5341,0.4843,0.4985,0,0
SNX.V,D,20180531,000000,0.4985,0.5231,0.4881,0.5058,0,0
SNX.V,D,20180601,000000,0.5058,0.539,0.4893,0.5021,0,0
SNX.V,D,20180602,000000,0.5021,0.5195,0.5013,0.5056,0,0
SNX.V,D,20180603,000000,0.5056,0.6329,0.5056,0.5886,0,0
SNX.V,D,20180604,000000,0.5886,0.5908,0.5283,0.5388,0,0
SNX.V,D,20180605,000000,0.5388,0.5794,0.5388,0.5594,0,0
SNX.V,D,20180606,000000,0.5594,0.5737,0.5387,0.5521,0,0
SNX.V,D,20180607,000000,0.5521,0.5632,0.509,0.5221,0,0
SNX.V,D,20180608,000000,0.5221,0.5531,0.5171,0.5303,0,0
SNX.V,D,20180609,000000,0.5303,0.556,0.5024,0.5482,0,0
SNX.V,D,20180610,000000,0.5482,0.5482,0.4519,0.4639,0,0
SNX.V,D,20180611,000000,0.4639,0.5303,0.455,0.5084,0,0
SNX.V,D,20180612,000000,0.5084,0.5084,0.4076,0.4131,0,0
SNX.V,D,20180613,000000,0.4131,0.4355,0.352,0.3802,0,0
SNX.V,D,20180614,000000,0.3802,0.4521,0.3802,0.4314,0,0
SNX.V,D,20180615,000000,0.4314,0.4476,0.3793,0.3874,0,0
SNX.V,D,20180616,000000,0.3874,0.415,0.3498,0.3662,0,0
SNX.V,D,20180617,000000,0.3662,0.4001,0.3416,0.3689,0,0
SNX.V,D,20180618,000000,0.3689,0.4563,0.3689,0.4265,0,0
SNX.V,D,20180619,000000,0.4265,0.449,0.4045,0.4299,0,0
SNX.V,D,20180620,000000,0.4299,0.441,0.3999,0.405,0,0
SNX.V,D,20180621,000000,0.405,0.442,0.402,0.4412,0,0
SNX.V,D,20180622,000000,0.4412,0.4412,0.35,0.3699,0,0
SNX.V,D,20180623,000000,0.3699,0.4187,0.3421,0.348,0,0
SNX.V,D,20180624,000000,0.348,0.3509,0.2911,0.3063,0,0
SNX.V,D,20180625,000000,0.3063,0.3567,0.3063,0.3294,0,0
SNX.V,D,20180626,000000,0.3294,0.3328,0.3062,0.3144,0,0
SNX.V,D,20180627,000000,0.3146,0.3174,0.2888,0.3098,0,0
SNX.V,D,20180628,000000,0.3098,0.3098,0.2654,0.2933,0,0
SNX.V,D,20180629,000000,0.2932,0.3168,0.2932,0.3016,0,0
SNX.V,D,20180630,000000,0.3016,0.3553,0.3016,0.3147,0,0
SNX.V,D,20180701,000000,0.3147,0.3193,0.2955,0.2985,0,0
SNX.V,D,20180702,000000,0.2987,0.3691,0.2987,0.3548,0,0
SNX.V,D,20180703,000000,0.3548,0.3548,0.3078,0.3188,0,0
SNX.V,D,20180704,000000,0.3187,0.332,0.312,0.313,0,0
SNX.V,D,20180705,000000,0.3129,0.3153,0.2859,0.2914,0,0
SNX.V,D,20180706,000000,0.2914,0.3044,0.29,0.296,0,0
SNX.V,D,20180707,000000,0.296,0.3283,0.289,0.298,0,0
SNX.V,D,20180708,000000,0.298,0.298,0.2689,0.2866,0,0
SNX.V,D,20180709,000000,0.2866,0.2866,0.2402,0.2427,0,0
SNX.V,D,20180710,000000,0.2427,0.2427,0.2013,0.2153,0,0
SNX.V,D,20180711,000000,0.2153,0.253,0.2009,0.225,0,0
SNX.V,D,20180712,000000,0.225,0.2813,0.2141,0.2417,0,0
SNX.V,D,20180713,000000,0.2417,0.2642,0.2233,0.2241,0,0
SNX.V,D,20180714,000000,0.2241,0.2754,0.221,0.2595,0,0
SNX.V,D,20180715,000000,0.2595,0.292,0.2542,0.2673,0,0
SNX.V,D,20180716,000000,0.2673,0.3061,0.2673,0.2795,0,0
SNX.V,D,20180717,000000,0.2795,0.3224,0.2789,0.2893,0,0
SNX.V,D,20180718,000000,0.2893,0.2963,0.2623,0.2743,0,0
SNX.V,D,20180719,000000,0.2743,0.2913,0.2617,0.264,0,0
SNX.V,D,20180720,000000,0.264,0.264,0.1905,0.2282,0,0
SNX.V,D,20180721,000000,0.2282,0.2479,0.2271,0.2438,0,0
SNX.V,D,20180722,000000,0.2438,0.2617,0.2406,0.2533,0,0
SNX.V,D,20180723,000000,0.2533,0.2647,0.2258,0.2269,0,0
SNX.V,D,20180724,000000,0.2269,0.2471,0.2204,0.2258,0,0
SNX.V,D,20180725,000000,0.2258,0.2332,0.2143,0.2282,0,0
SNX.V,D,20180726,000000,0.2282,0.2369,0.2211,0.2287,0,0
SNX.V,D,20180727,000000,0.2287,0.2357,0.2029,0.2176,0,0
SNX.V,D,20180728,000000,0.2176,0.2876,0.2144,0.281,0,0
SNX.V,D,20180729,000000,0.281,0.2976,0.248,0.264,0,0
SNX.V,D,20180730,000000,0.264,0.2809,0.2626,0.2716,0,0
SNX.V,D,20180731,000000,0.2716,0.2716,0.2107,0.2228,0,0
SNX.V,D,20180801,000000,0.2228,0.2395,0.2059,0.2224,0,0
SNX.V,D,20180802,000000,0.2224,0.228,0.2014,0.2094,0,0
SNX.V,D,20180803,000000,0.2094,0.2208,0.2026,0.2208,0,0
SNX.V,D,20180804,000000,0.2208,0.2208,0.1922,0.2057,0,0
SNX.V,D,20180805,000000,0.2057,0.211,0.1985,0.2052,0,0
SNX.V,D,20180806,000000,0.2052,0.2084,0.1945,0.2041,0,0
SNX.V,D,20180807,000000,0.2041,0.209,0.1917,0.1934,0,0
SNX.V,D,20180808,000000,0.1934,0.1934,0.1632,0.1663,0,0
SNX.V,D,20180809,000000,0.1663,0.1765,0.1663,0.1732,0,0
SNX.V,D,20180810,000000,0.1732,0.1732,0.1527,0.1567,0,0
SNX.V,D,20180811,000000,0.1567,0.159,0.1346,0.1362,0,0
SNX.V,D,20180812,000000,0.1362,0.144,0.1222,0.1286,0,0
SNX.V,D,20180813,000000,0.1286,0.1293,0.1073,0.1127,0,0
SNX.V,D,20180814,000000,0.1127,0.1156,0.0933,0.09833,0,0
SNX.V,D,20180815,000000,0.09833,0.1077,0.09675,0.09712,0,0
SNX.V,D,20180816,000000,0.09712,0.1066,0.09712,0.1047,0,0
SNX.V,D,20180817,000000,0.1047,0.1244,0.1047,0.1155,0,0
SNX.V,D,20180818,000000,0.1155,0.1172,0.1015,0.1035,0,0
SNX.V,D,20180819,000000,0.1035,0.1105,0.1035,0.1077,0,0
SNX.V,D,20180820,000000,0.1077,0.1395,0.1035,0.1081,0,0
SNX.V,D,20180821,000000,0.1081,0.1381,0.1081,0.1213,0,0
SNX.V,D,20180822,000000,0.1213,0.1289,0.1119,0.1157,0,0
SNX.V,D,20180823,000000,0.1157,0.1305,0.1029,0.1182,0,0
SNX.V,D,20180824,000000,0.1182,0.1389,0.1165,0.1325,0,0
SNX.V,D,20180825,000000,0.1325,0.1339,0.1268,0.1337,0,0
SNX.V,D,20180826,000000,0.1337,0.1337,0.1161,0.1252,0,0
SNX.V,D,20180827,000000,0.1252,0.1312,0.1107,0.1189,0,0
SNX.V,D,20180828,000000,0.1189,0.1326,0.1145,0.1182,0,0
SNX.V,D,20180829,000000,0.1182,0.1243,0.1139,0.1145,0,0
SNX.V,D,20180830,000000,0.1145,0.1154,0.1043,0.1097,0,0
SNX.V,D,20180831,000000,0.1097,0.1178,0.1055,0.1089,0,0
SNX.V,D,20180901,000000,0.1089,0.1196,0.1089,0.1146,0,0
SNX.V,D,20180902,000000,0.1146,0.1174,0.1062,0.1069,0,0
SNX.V,D,20180903,000000,0.1069,0.1093,0.1029,0.1035,0,0
SNX.V,D,20180904,000000,0.1035,0.1068,0.09876,0.09994,0,0
SNX.V,D,20180905,000000,0.09994,0.09994,0.07805,0.08133,0,0
SNX.V,D,20180906,000000,0.08133,0.08946,0.07558,0.08581,0,0
SNX.V,D,20180907,000000,0.08581,0.09752,0.08335,0.08611,0,0
SNX.V,D,20180908,000000,0.08613,0.08613,0.07167,0.07242,0,0
SNX.V,D,20180909,000000,0.07242,0.07811,0.07205,0.07611,0,0
SNX.V,D,20180910,000000,0.07611,0.08019,0.07298,0.07842,0,0
SNX.V,D,20180911,000000,0.07842,0.07939,0.0712,0.07586,0,0
SNX.V,D,20180912,000000,0.07586,0.07725,0.06793,0.07497,0,0
SNX.V,D,20180913,000000,0.07497,0.1101,0.07044,0.08563,0,0
SNX.V,D,20180914,000000,0.08563,0.08698,0.07485,0.07634,0,0
SNX.V,D,20180915,000000,0.07633,0.08283,0.07611,0.08029,0,0
SNX.V,D,20180916,000000,0.08029,0.08109,0.0738,0.07972,0,0
SNX.V,D,20180917,000000,0.07972,0.07972,0.07213,0.07301,0,0
SNX.V,D,20180918,000000,0.07301,0.08193,0.07301,0.07425,0,0
SNX.V,D,20180919,000000,0.07425,0.07999,0.07425,0.07858,0,0
SNX.V,D,20180920,000000,0.07858,0.08126,0.07762,0.07989,0,0
SNX.V,D,20180921,000000,0.07989,0.08547,0.0779,0.08067,0,0
SNX.V,D,20180922,000000,0.08067,0.08382,0.07711,0.08369,0,0
SNX.V,D,20180923,000000,0.08369,0.08369,0.07695,0.08083,0,0
SNX.V,D,20180924,000000,0.08083,0.08083,0.074,0.07499,0,0
SNX.V,D,20180925,000000,0.07499,0.07499,0.07011,0.07275,0,0
SNX.V,D,20180926,000000,0.07275,0.07529,0.07038,0.07374,0,0
SNX.V,D,20180927,000000,0.07374,0.07816,0.07288,0.07689,0,0
SNX.V,D,20180928,000000,0.07689,0.07737,0.07319,0.07405,0,0
SNX.V,D,20180929,000000,0.07405,0.09107,0.07284,0.08136,0,0
SNX.V,D,20180930,000000,0.08136,0.0822,0.07703,0.07982,0,0
SNX.V,D,20181001,000000,0.07982,0.08,0.07716,0.07855,0,0
SNX.V,D,20181002,000000,0.07855,0.08196,0.07667,0.08079,0,0
SNX.V,D,20181003,000000,0.08079,0.09089,0.07882,0.07979,0,0
SNX.V,D,20181004,000000,0.07979,0.0935,0.07979,0.09278,0,0
SNX.V,D,20181005,000000,0.09278,0.1142,0.09278,0.1019,0,0
SNX.V,D,20181006,000000,0.1019,0.1021,0.08751,0.09134,0,0
SNX.V,D,20181007,000000,0.09134,0.09195,0.08265,0.08542,0,0
SNX.V,D,20181008,000000,0.08542,0.09443,0.08542,0.09057,0,0
SNX.V,D,20181009,000000,0.09057,0.09172,0.08462,0.08641,0,0
SNX.V,D,20181010,000000,0.08641,0.1094,0.08404,0.1094,0,0
SNX.V,D,20181011,000000,0.1094,0.2304,0.1012,0.1934,0,0
SNX.V,D,20181012,000000,0.1934,0.202,0.1451,0.1503,0,0
SNX.V,D,20181013,000000,0.1504,0.1556,0.1275,0.1289,0,0
SNX.V,D,20181014,000000,0.1289,0.1632,0.1234,0.1404,0,0
SNX.V,D,20181015,000000,0.1404,0.1719,0.1266,0.1436,0,0
SNX.V,D,20181016,000000,0.1436,0.1559,0.1299,0.1319,0,0
SNX.V,D,20181017,000000,0.1319,0.1389,0.1227,0.1258,0,0
SNX.V,D,20181018,000000,0.1258,0.1393,0.122,0.129,0,0
SNX.V,D,20181019,000000,0.129,0.1414,0.1227,0.1349,0,0
SNX.V,D,20181020,000000,0.1349,0.1359,0.1257,0.1329,0,0
SNX.V,D,20181021,000000,0.1329,0.1549,0.1271,0.1387,0,0
SNX.V,D,20181022,000000,0.1387,0.1429,0.1305,0.136,0,0
SNX.V,D,20181023,000000,0.136,0.1377,0.1307,0.1359,0,0
SNX.V,D,20181024,000000,0.1359,0.136,0.1265,0.1304,0,0
SNX.V,D,20181025,000000,0.1304,0.1315,0.126,0.1279,0,0
SNX.V,D,20181026,000000,0.1279,0.1381,0.1259,0.1293,0,0
SNX.V,D,20181027,000000,0.1293,0.1338,0.1266,0.1277,0,0
SNX.V,D,20181028,000000,0.1277,0.1286,0.1261,0.1264,0,0
SNX.V,D,20181029,000000,0.1264,0.1264,0.1167,0.119,0,0
SNX.V,D,20181030,000000,0.119,0.1291,0.1182,0.1215,0,0
SNX.V,D,20181031,000000,0.1215,0.1259,0.1078,0.1203,0,0
SNX.V,D,20181101,000000,0.1203,0.1241,0.1146,0.1184,0,0
SNX.V,D,20181102,000000,0.1184,0.1246,0.1182,0.1213,0,0
SNX.V,D,20181103,000000,0.1213,0.1236,0.1196,0.1213,0,0
SNX.V,D,20181104,000000,0.1213,0.1323,0.1213,0.1272,0,0
SNX.V,D,20181105,000000,0.1272,0.1272,0.1227,0.1242,0,0
SNX.V,D,20181106,000000,0.1242,0.1306,0.1227,0.1293,0,0
SNX.V,D,20181107,000000,0.1293,0.1358,0.1264,0.1309,0,0
SNX.V,D,20181108,000000,0.1309,0.1309,0.1276,0.1281,0,0
SNX.V,D,20181109,000000,0.1281,0.1281,0.1218,0.122,0,0
SNX.V,D,20181110,000000,0.122,0.1378,0.1201,0.1325,0,0
SNX.V,D,20181111,000000,0.1325,0.137,0.1277,0.1344,0,0
SNX.V,D,20181112,000000,0.1344,0.1478,0.1295,0.1417,0,0
SNX.V,D,20181113,000000,0.1417,0.152,0.1368,0.1416,0,0
SNX.V,D,20181114,000000,0.1416,0.1416,0.1194,0.1226,0,0
SNX.V,D,20181115,000000,0.1226,0.136,0.117,0.1311,0,0
SNX.V,D,20181116,000000,0.1311,0.1314,0.1188,0.1188,0,0
SNX.V,D,20181117,000000,0.1188,0.123,0.1177,0.1183,0,0
SNX.V,D,20181118,000000,0.1183,0.143,0.117,0.1362,0,0
SNX.V,D,20181119,000000,0.1362,0.1362,0.1025,0.11,0,0
SNX.V,D,20181120,000000,0.11,0.11,0.07524,0.0792,0,0
SNX.V,D,20181121,000000,0.0792,0.08846,0.07,0.08313,0,0
SNX.V,D,20181122,000000,0.08313,0.08313,0.07038,0.07216,0,0
SNX.V,D,20181123,000000,0.07216,0.07614,0.06524,0.06997,0,0
SNX.V,D,20181124,000000,0.06997,0.06997,0.05881,0.06394,0,0
SNX.V,D,20181125,000000,0.06394,0.06643,0.05938,0.06074,0,0
SNX.V,D,20181126,000000,0.06075,0.06075,0.05314,0.05688,0,0
SNX.V,D,20181127,000000,0.05689,0.06094,0.0562,0.05861,0,0
SNX.V,D,20181128,000000,0.05861,0.06822,0.05861,0.06195,0,0
SNX.V,D,20181129,000000,0.06195,0.06563,0.06019,0.0622,0,0
SNX.V,D,20181130,000000,0.0622,0.0622,0.05493,0.05694,0,0
SNX.V,D,20181201,000000,0.05694,0.05973,0.05553,0.057,0,0
SNX.V,D,20181202,000000,0.057,0.05764,0.05424,0.0564,0,0
SNX.V,D,20181203,000000,0.0564,0.0564,0.04835,0.04975,0,0
SNX.V,D,20181204,000000,0.04975,0.05105,0.04489,0.04651,0,0
SNX.V,D,20181205,000000,0.04651,0.04651,0.04291,0.04407,0,0
SNX.V,D,20181206,000000,0.04407,0.04489,0.03973,0.04475,0,0
SNX.V,D,20181207,000000,0.04475,0.04475,0.03958,0.04365,0,0
SNX.V,D,20181208,000000,0.04365,0.05046,0.04316,0.0478,0,0
SNX.V,D,20181209,000000,0.0478,0.05073,0.04707,0.0498,0,0
SNX.V,D,20181210,000000,0.0498,0.0498,0.04095,0.04747,0,0
SNX.V,D,20181211,000000,0.04747,0.05227,0.04472,0.04506,0,0
SNX.V,D,20181212,000000,0.04506,0.07184,0.04475,0.06075,0,0
SNX.V,D,20181213,000000,0.06075,0.06075,0.04954,0.05622,0,0
SNX.V,D,20181214,000000,0.05622,0.05727,0.04407,0.04915,0,0
SNX.V,D,20181215,000000,0.04915,0.05178,0.04335,0.04862,0,0
SNX.V,D,20181216,000000,0.04862,0.05189,0.04688,0.0501,0,0
SNX.V,D,20181217,000000,0.0501,0.06153,0.0501,0.06071,0,0
SNX.V,D,20181218,000000,0.06071,0.06495,0.05574,0.05901,0,0
SNX.V,D,20181219,000000,0.05901,0.06072,0.05478,0.05564,0,0
SNX.V,D,20181220,000000,0.05564,0.06633,0.05564,0.06049,0,0
SNX.V,D,20181221,000000,0.06049,0.06049,0.04686,0.05478,0,0
SNX.V,D,20181222,000000,0.05478,0.05853,0.05012,0.05445,0,0
SNX.V,D,20181223,000000,0.05445,0.06052,0.05218,0.05683,0,0
SNX.V,D,20181224,000000,0.05683,0.06547,0.04825,0.05886,0,0
SNX.V,D,20181225,000000,0.05886,0.0594,0.05215,0.05668,0,0
SNX.V,D,20181226,000000,0.05668,0.06127,0.054,0.05792,0,0
SNX.V,D,20181227,000000,0.05792,0.05792,0.03318,0.04802,0,0
SNX.V,D,20181228,000000,0.04802,0.05203,0.04457,0.04619,0,0
SNX.V,D,20181229,000000,0.04619,0.05445,0.04234,0.04799,0,0
SNX.V,D,20181230,000000,0.04799,0.04925,0.03896,0.04243,0,0
SNX.V,D,20181231,000000,0.04243,0.04243,0.0338,0.03744,0,0
SNX.V,D,20190101,000000,0.03744,0.04974,0.03682,0.0485,0,0
SNX.V,D,20190102,000000,0.0485,0.0509,0.03672,0.04302,0,0
SNX.V,D,20190103,000000,0.04302,0.04407,0.03759,0.03985,0,0
SNX.V,D,20190104,000000,0.03985,0.04025,0.0356,0.03742,0,0
SNX.V,D,20190105,000000,0.03742,0.03952,0.03223,0.03643,0,0
SNX.V,D,20190106,000000,0.03643,0.04082,0.03528,0.03688,0,0
SNX.V,D,20190107,000000,0.03688,0.04577,0.03378,0.03755,0,0
SNX.V,D,20190108,000000,0.03755,0.03887,0.03515,0.03734,0,0
SNX.V,D,20190109,000000,0.03734,0.04635,0.03635,0.04615,0,0
SNX.V,D,20190110,000000,0.04615,0.04615,0.03661,0.03903,0,0
SNX.V,D,20190111,000000,0.03903,0.04157,0.03735,0.03933,0,0
SNX.V,D,20190112,000000,0.03933,0.0443,0.03822,0.04067,0,0
SNX.V,D,20190113,000000,0.04067,0.04119,0.03789,0.03899,0,0
SNX.V,D,20190114,000000,0.03899,0.04585,0.03899,0.04115,0,0
SNX.V,D,20190115,000000,0.04115,0.04175,0.03625,0.03983,0,0
SNX.V,D,20190116,000000,0.03983,0.04194,0.0383,0.04074,0,0
SNX.V,D,20190117,000000,0.04074,0.04378,0.03991,0.04091,0,0
SNX.V,D,20190118,000000,0.04091,0.04629,0.03947,0.04327,0,0
SNX.V,D,20190119,000000,0.04327,0.04599,0.03711,0.03987,0,0
SNX.V,D,20190120,000000,0.03987,0.04164,0.03636,0.03682,0,0
SNX.V,D,20190121,000000,0.03682,0.03815,0.03415,0.03479,0,0
SNX.V,D,20190122,000000,0.03479,0.03869,0.03479,0.03735,0,0
SNX.V,D,20190123,000000,0.03735,0.04311,0.03654,0.04144,0,0
SNX.V,D,20190124,000000,0.04144,0.06934,0.03901,0.0656,0,0
SNX.V,D,20190125,000000,0.0656,0.06704,0.04278,0.04887,0,0
SNX.V,D,20190126,000000,0.04887,0.05039,0.04078,0.04503,0,0
SNX.V,D,20190127,000000,0.04503,0.04531,0.04235,0.04374,0,0
SNX.V,D,20190128,000000,0.04374,0.04724,0.03971,0.04248,0,0
SNX.V,D,20190129,000000,0.04248,0.04468,0.03736,0.0376,0,0
SNX.V,D,20190130,000000,0.0376,0.04764,0.03734,0.04327,0,0
SNX.V,D,20190131,000000,0.04327,0.04866,0.03781,0.0408,0,0
SNX.V,D,20190201,000000,0.0408,0.04164,0.03811,0.0396,0,0
SNX.V,D,20190202,000000,0.0396,0.04168,0.03881,0.04168,0,0
SNX.V,D,20190203,000000,0.04168,0.04177,0.03836,0.03836,0,0
SNX.V,D,20190204,000000,0.03836,0.04183,0.03816,0.04183,0,0
SNX.V,D,20190205,000000,0.04183,0.04382,0.03799,0.03961,0,0
SNX.V,D,20190206,000000,0.03961,0.04053,0.03683,0.04053,0,0
SNX.V,D,20190207,000000,0.04053,0.04053,0.03753,0.03899,0,0
SNX.V,D,20190208,000000,0.03899,0.0459,0.03899,0.04194,0,0
SNX.V,D,20190209,000000,0.04194,0.04343,0.04094,0.04138,0,0
SNX.V,D,20190210,000000,0.04138,0.04433,0.04138,0.04308,0,0
SNX.V,D,20190211,000000,0.04308,0.04344,0.03828,0.04167,0,0
SNX.V,D,20190212,000000,0.04167,0.04355,0.03853,0.04001,0,0
SNX.V,D,20190213,000000,0.04001,0.04111,0.03819,0.03923,0,0
SNX.V,D,20190214,000000,0.03923,0.04037,0.03775,0.03826,0,0
SNX.V,D,20190215,000000,0.03826,0.04168,0.03716,0.03982,0,0
SNX.V,D,20190216,000000,0.03982,0.04456,0.03802,0.04456,0,0
SNX.V,D,20190217,000000,0.04456,0.08796,0.03939,0.05745,0,0
SNX.V,D,20190218,000000,0.05745,0.06123,0.04703,0.06064,0,0
SNX.V,D,20190219,000000,0.06064,0.0611,0.04729,0.05608,0,0
SNX.V,D,20190220,000000,0.05608,0.05679,0.04689,0.04856,0,0
SNX.V,D,20190221,000000,0.04856,0.05114,0.04661,0.04756,0,0
SNX.V,D,20190222,000000,0.04756,0.05107,0.03999,0.04573,0,0
SNX.V,D,20190223,000000,0.04573,0.0658,0.04236,0.04755,0,0
SNX.V,D,20190224,000000,0.04755,0.05993,0.04322,0.05028,0,0
SNX.V,D,20190225,000000,0.05028,0.05664,0.04269,0.04726,0,0
SNX.V,D,20190226,000000,0.04726,0.05284,0.03738,0.04314,0,0
SNX.V,D,20190227,000000,0.04314,0.04884,0.03884,0.04329,0,0
SNX.V,D,20190228,000000,0.04329,0.04489,0.04213,0.04324,0,0
SNX.V,D,20190301,000000,0.04324,0.04912,0.04027,0.0464,0,0
SNX.V,D,20190302,000000,0.0464,0.04708,0.04335,0.04335,0,0
SNX.V,D,20190303,000000,0.04335,0.04567,0.04186,0.04224,0,0
SNX.V,D,20190304,000000,0.04224,0.04254,0.03951,0.04145,0,0
SNX.V,D,20190305,000000,0.04145,0.05904,0.04145,0.05513,0,0
SNX.V,D,20190306,000000,0.05513,0.05623,0.04111,0.0441,0,0
SNX.V,D,20190307,000000,0.0441,0.05968,0.04294,0.05777,0,0
SNX.V,D,20190308,000000,0.05777,0.0586,0.04456,0.05245,0,0
SNX.V,D,20190309,000000,0.05245,0.06064,0.04808,0.05266,0,0
SNX.V,D,20190310,000000,0.05266,0.05427,0.04932,0.05203,0,0
SNX.V,D,20190311,000000,0.05203,0.05355,0.04844,0.05351,0,0
SNX.V,D,20190312,000000,0.05351,0.05374,0.049,0.04997,0,0
SNX.V,D,20190313,000000,0.04997,0.05197,0.0491,0.05042,0,0
SNX.V,D,20190314,000000,0.05042,0.05201,0.04743,0.04825,0,0
SNX.V,D,20190315,000000,0.04825,0.05266,0.04815,0.05262,0,0
SNX.V,D,20190316,000000,0.05262,0.05469,0.05179,0.05469,0,0
SNX.V,D,20190317,000000,0.05469,0.05469,0.05125,0.05401,0,0
SNX.V,D,20190318,000000,0.05401,0.05469,0.04807,0.05166,0,0
SNX.V,D,20190319,000000,0.05166,0.05517,0.04793,0.04829,0,0
SNX.V,D,20190320,000000,0.04829,0.05298,0.04829,0.05136,0,0
SNX.V,D,20190321,000000,0.05136,0.05136,0.04477,0.0468,0,0
SNX.V,D,20190322,000000,0.0468,0.04697,0.04321,0.04645,0,0
SNX.V,D,20190323,000000,0.04645,0.04781,0.04544,0.046,0,0
SNX.V,D,20190324,000000,0.046,0.04753,0.04214,0.04645,0,0
SNX.V,D,20190325,000000,0.04645,0.04645,0.04246,0.04388,0,0
SNX.V,D,20190326,000000,0.04388,0.04813,0.04222,0.04494,0,0
SNX.V,D,20190327,000000,0.04494,0.0473,0.04248,0.0458,0,0
SNX.V,D,20190328,000000,0.0458,0.0458,0.04121,0.04315,0,0
SNX.V,D,20190329,000000,0.04315,0.04646,0.04315,0.04457,0,0
SNX.V,D,20190330,000000,0.04457,0.04612,0.04118,0.04332,0,0
SNX.V,D,20190331,000000,0.04332,0.04606,0.03874,0.04516,0,0
SNX.V,D,20190401,000000,0.04516,0.0504,0.04185,0.04799,0,0
SNX.V,D,20190402,000000,0.04799,0.06428,0.02488,0.05795,0,0
SNX.V,D,20190403,000000,0.05795,0.06176,0.05245,0.05614,0,0
SNX.V,D,20190404,000000,0.05614,0.05655,0.05228,0.05611,0,0
SNX.V,D,20190405,000000,0.05611,0.06349,0.0533,0.06254,0,0
SNX.V,D,20190406,000000,0.06254,0.06883,0.05927,0.06595,0,0
SNX.V,D,20190407,000000,0.06595,0.07027,0.06325,0.0698,0,0
SNX.V,D,20190408,000000,0.0698,0.07311,0.06692,0.06988,0,0
SNX.V,D,20190409,000000,0.06988,0.06988,0.06429,0.06762,0,0
SNX.V,D,20190410,000000,0.06762,0.07127,0.06595,0.06685,0,0
SNX.V,D,20190411,000000,0.06685,0.06685,0.06225,0.06497,0,0
SNX.V,D,20190412,000000,0.06497,0.06967,0.06464,0.06733,0,0
SNX.V,D,20190413,000000,0.06733,0.07082,0.06524,0.07067,0,0
SNX.V,D,20190414,000000,0.07067,0.1085,0.06891,0.08012,0,0
SNX.V,D,20190415,000000,0.08012,0.08795,0.0743,0.07722,0,0
SNX.V,D,20190416,000000,0.07722,0.08862,0.06886,0.0735,0,0
SNX.V,D,20190417,000000,0.0735,0.08326,0.06828,0.07268,0,0
SNX.V,D,20190418,000000,0.07268,0.08099,0.07078,0.07538,0,0
SNX.V,D,20190419,000000,0.07538,0.07975,0.07186,0.07896,0,0
SNX.V,D,20190420,000000,0.07896,0.08021,0.07281,0.07371,0,0
SNX.V,D,20190421,000000,0.07371,0.07943,0.07343,0.07693,0,0
SNX.V,D,20190422,000000,0.07693,0.08043,0.07067,0.0759,0,0
SNX.V,D,20190423,000000,0.0759,0.07821,0.07229,0.0735,0,0
SNX.V,D,20190424,000000,0.0735,0.07904,0.07118,0.07615,0,0
SNX.V,D,20190425,000000,0.07615,0.07615,0.06789,0.07114,0,0
SNX.V,D,20190426,000000,0.07114,0.07411,0.06836,0.07087,0,0
SNX.V,D,20190427,000000,0.07087,0.07112,0.06872,0.06903,0,0
SNX.V,D,20190428,000000,0.06908,0.07355,0.06908,0.07139,0,0
SNX.V,D,20190429,000000,0.07139,0.07349,0.06877,0.07192,0,0
SNX.V,D,20190430,000000,0.07192,0.07603,0.07192,0.07427,0,0
SNX.V,D,20190501,000000,0.07427,0.07761,0.07006,0.07006,0,0
SNX.V,D,20190502,000000,0.07006,0.07916,0.07006,0.07723,0,0
SNX.V,D,20190503,000000,0.07723,0.08078,0.07192,0.07428,0,0
SNX.V,D,20190504,000000,0.07428,0.0758,0.07248,0.07277,0,0
SNX.V,D,20190505,000000,0.07277,0.07671,0.07219,0.07602,0,0
SNX.V,D,20190506,000000,0.07602,0.08139,0.07202,0.08082,0,0
SNX.V,D,20190507,000000,0.08082,0.08601,0.07757,0.08334,0,0
SNX.V,D,20190508,000000,0.08334,0.08794,0.08308,0.08536,0,0
SNX.V,D,20190509,000000,0.08536,0.08937,0.08098,0.08357,0,0
SNX.V,D,20190510,000000,0.08357,0.08965,0.08202,0.08488,0,0
SNX.V,D,20190511,000000,0.08488,0.09665,0.08488,0.08644,0,0
SNX.V,D,20190512,000000,0.08644,0.08644,0.07215,0.08017,0,0
SNX.V,D,20190513,000000,0.08017,0.09274,0.08017,0.08556,0,0
SNX.V,D,20190514,000000,0.08556,0.1045,0.08387,0.09903,0,0
SNX.V,D,20190515,000000,0.09903,0.1135,0.09804,0.103,0,0
SNX.V,D,20190516,000000,0.103,0.108,0.09063,0.1012,0,0
SNX.V,D,20190517,000000,0.1012,0.1012,0.09031,0.09908,0,0
SNX.V,D,20190518,000000,0.09908,0.1112,0.09359,0.1027,0,0
SNX.V,D,20190519,000000,0.1027,0.1158,0.1027,0.1124,0,0
SNX.V,D,20190520,000000,0.1124,0.1324,0.1097,0.1285,0,0
SNX.V,D,20190521,000000,0.1285,0.135,0.1124,0.1225,0,0
SNX.V,D,20190522,000000,0.1225,0.126,0.1112,0.1204,0,0
SNX.V,D,20190523,000000,0.1204,0.1338,0.1204,0.1297,0,0
SNX.V,D,20190524,000000,0.1297,0.1491,0.1211,0.1349,0,0
SNX.V,D,20190525,000000,0.1349,0.1531,0.1314,0.1484,0,0
SNX.V,D,20190526,000000,0.1484,0.1876,0.1484,0.1701,0,0
SNX.V,D,20190527,000000,0.1701,0.1932,0.1595,0.1812,0,0
SNX.V,D,20190528,000000,0.1812,0.4887,0.1721,0.2841,0,0
SNX.V,D,20190529,000000,0.2841,0.3899,0.2143,0.2474,0,0
SNX.V,D,20190530,000000,0.2474,0.2905,0.2062,0.2624,0,0
SNX.V,D,20190531,000000,0.2624,0.3407,0.2587,0.3053,0,0
SNX.V,D,20190601,000000,0.3053,0.3311,0.2781,0.308,0,0
SNX.V,D,20190602,000000,0.308,0.3366,0.3016,0.3237,0,0
SNX.V,D,20190603,000000,0.3237,0.3237,0.2597,0.2976,0,0
SNX.V,D,20190604,000000,0.2976,0.2976,0.2244,0.2653,0,0
SNX.V,D,20190605,000000,0.2653,0.3249,0.2536,0.3008,0,0
SNX.V,D,20190606,000000,0.3008,0.3724,0.2913,0.3506,0,0
SNX.V,D,20190607,000000,0.3506,0.3816,0.3237,0.3383,0,0
SNX.V,D,20190608,000000,0.3383,0.3401,0.2663,0.3191,0,0
SNX.V,D,20190609,000000,0.3191,0.3387,0.2816,0.3174,0,0
SNX.V,D,20190610,000000,0.3174,0.3609,0.312,0.3261,0,0
SNX.V,D,20190611,000000,0.3261,0.3375,0.314,0.3321,0,0
SNX.V,D,20190612,000000,0.3321,0.3485,0.3071,0.3155,0,0
SNX.V,D,20190613,000000,0.3155,0.3181,0.2388,0.2476,0,0
SNX.V,D,20190614,000000,0.2476,0.2659,0.218,0.2513,0,0
SNX.V,D,20190615,000000,0.2513,0.267,0.2432,0.2486,0,0
SNX.V,D,20190616,000000,0.2486,0.2651,0.2341,0.2588,0,0
SNX.V,D,20190617,000000,0.2588,0.281,0.2245,0.2339,0,0
SNX.V,D,20190618,000000,0.2339,0.2387,0.2181,0.2353,0,0
SNX.V,D,20190619,000000,0.2353,0.2597,0.2314,0.254,0,0
SNX.V,D,20190620,000000,0.254,0.3099,0.254,0.3036,0,0
SNX.V,D,20190621,000000,0.3036,0.3367,0.185,0.3035,0,0
SNX.V,D,20190622,000000,0.3035,0.3234,0.2223,0.298,0,0
SNX.V,D,20190623,000000,0.298,0.3733,0.2935,0.3575,0,0
SNX.V,D,20190624,000000,0.3575,0.377,0.2987,0.3591,0,0
SNX.V,D,20190625,000000,0.3591,0.382,0.3175,0.3535,0,0
SNX.V,D,20190626,000000,0.3535,0.3998,0.2909,0.3317,0,0
SNX.V,D,20190627,000000,0.3317,0.3317,0.2552,0.286,0,0
SNX.V,D,20190628,000000,0.286,0.3414,0.286,0.3076,0,0
SNX.V,D,20190629,000000,0.3076,0.3206,0.2882,0.3002,0,0
SNX.V,D,20190630,000000,0.3002,0.3002,0.253,0.2673,0,0
SNX.V,D,20190701,000000,0.2673,0.3019,0.2294,0.2789,0,0
SNX.V,D,20190702,000000,0.2789,0.3087,0.2782,0.3007,0,0
SNX.V,D,20190703,000000,0.3007,0.412,0.3007,0.3663,0,0
SNX.V,D,20190704,000000,0.3663,0.3663,0.3125,0.3332,0,0
SNX.V,D,20190705,000000,0.3332,0.3573,0.3122,0.3283,0,0
SNX.V,D,20190706,000000,0.3283,0.3617,0.3234,0.3317,0,0
SNX.V,D,20190707,000000,0.3317,0.3464,0.3212,0.3216,0,0
SNX.V,D,20190708,000000,0.3216,0.345,0.2909,0.2994,0,0
SNX.V,D,20190709,000000,0.2994,0.3196,0.2818,0.2922,0,0
SNX.V,D,20190710,000000,0.2922,0.355,0.2552,0.313,0,0
SNX.V,D,20190711,000000,0.313,0.313,0.2576,0.2687,0,0
SNX.V,D,20190712,000000,0.2687,0.2938,0.239,0.2802,0,0
SNX.V,D,20190713,000000,0.2802,0.2802,0.2305,0.2676,0,0
SNX.V,D,20190714,000000,0.2676,0.2676,0.2184,0.2238,0,0
SNX.V,D,20190715,000000,0.2238,0.2868,0.2238,0.2558,0,0
SNX.V,D,20190716,000000,0.2558,0.2558,0.2158,0.2191,0,0
SNX.V,D,20190717,000000,0.2191,0.2415,0.2191,0.2366,0,0
SNX.V,D,20190718,000000,0.2366,0.2803,0.2366,0.2614,0,0
SNX.V,D,20190719,000000,0.2614,0.2614,0.249,0.2553,0,0
SNX.V,D,20190720,000000,0.2553,0.2651,0.2502,0.2517,0,0
SNX.V,D,20190721,000000,0.2517,0.2708,0.2456,0.2564,0,0
SNX.V,D,20190722,000000,0.2564,0.2564,0.2272,0.2342,0,0
SNX.V,D,20190723,000000,0.2342,0.2342,0.205,0.226,0,0
SNX.V,D,20190724,000000,0.226,0.2385,0.203,0.2379,0,0
SNX.V,D,20190725,000000,0.2379,0.272,0.2316,0.2625,0,0
SNX.V,D,20190726,000000,0.2625,0.2757,0.2418,0.2757,0,0
SNX.V,D,20190727,000000,0.2757,0.2757,0.2404,0.2415,0,0
SNX.V,D,20190728,000000,0.2415,0.2529,0.2415,0.2502,0,0
SNX.V,D,20190729,000000,0.2502,0.2643,0.241,0.2606,0,0
SNX.V,D,20190730,000000,0.2606,0.272,0.2406,0.2563,0,0
SNX.V,D,20190731,000000,0.2563,0.2794,0.2563,0.2599,0,0
SNX.V,D,20190801,000000,0.2599,0.2738,0.2587,0.2594,0,0
SNX.V,D,20190802,000000,0.2594,0.2884,0.2594,0.2616,0,0
SNX.V,D,20190803,000000,0.2616,0.2896,0.2616,0.2743,0,0
SNX.V,D,20190804,000000,0.2743,0.2817,0.2743,0.2806,0,0
SNX.V,D,20190805,000000,0.2806,0.3031,0.2346,0.2695,0,0
SNX.V,D,20190806,000000,0.2695,0.2695,0.2354,0.2585,0,0
SNX.V,D,20190807,000000,0.2585,0.3043,0.2523,0.3014,0,0
SNX.V,D,20190808,000000,0.3014,0.3032,0.2733,0.2949,0,0
SNX.V,D,20190809,000000,0.2949,0.3175,0.2814,0.2979,0,0
SNX.V,D,20190810,000000,0.2979,0.2979,0.2723,0.2734,0,0
SNX.V,D,20190811,000000,0.2734,0.3176,0.2734,0.3043,0,0
SNX.V,D,20190812,000000,0.3043,0.3178,0.2947,0.2993,0,0
SNX.V,D,20190813,000000,0.2993,0.2993,0.2723,0.2892,0,0
SNX.V,D,20190814,000000,0.2892,0.2892,0.2592,0.2631,0,0
SNX.V,D,20190815,000000,0.2631,0.2744,0.2587,0.2636,0,0
SNX.V,D,20190816,000000,0.2636,0.2938,0.2568,0.28,0,0
SNX.V,D,20190817,000000,0.28,0.28,0.2683,0.2734,0,0
SNX.V,D,20190818,000000,0.2734,0.2985,0.2734,0.2956,0,0
SNX.V,D,20190819,000000,0.2956,0.3255,0.2956,0.3083,0,0
SNX.V,D,20190820,000000,0.3083,0.319,0.2995,0.3028,0,0
SNX.V,D,20190821,000000,0.3028,0.3141,0.2837,0.3091,0,0
SNX.V,D,20190822,000000,0.3091,0.313,0.283,0.287,0,0
SNX.V,D,20190823,000000,0.287,0.2983,0.287,0.2937,0,0
SNX.V,D,20190824,000000,0.2937,0.2937,0.2844,0.2866,0,0
SNX.V,D,20190825,000000,0.2866,0.3364,0.2841,0.3077,0,0
SNX.V,D,20190826,000000,0.3077,0.3908,0.2983,0.3317,0,0
SNX.V,D,20190827,000000,0.3317,0.3762,0.3155,0.3761,0,0
SNX.V,D,20190828,000000,0.3761,0.3889,0.331,0.3589,0,0
SNX.V,D,20190829,000000,0.3589,0.377,0.2972,0.376,0,0
SNX.V,D,20190830,000000,0.376,0.4203,0.3565,0.381,0,0
SNX.V,D,20190831,000000,0.381,0.3825,0.3465,0.3548,0,0
SNX.V,D,20190901,000000,0.3548,0.3956,0.3451,0.3882,0,0
SNX.V,D,20190902,000000,0.3882,0.445,0.3882,0.4259,0,0
SNX.V,D,20190903,000000,0.4259,0.4779,0.4149,0.4586,0,0
SNX.V,D,20190904,000000,0.4586,0.4763,0.4234,0.4262,0,0
SNX.V,D,20190905,000000,0.4262,0.4463,0.38,0.4038,0,0
SNX.V,D,20190906,000000,0.4038,0.4038,0.3561,0.3605,0,0
SNX.V,D,20190907,000000,0.3605,0.3713,0.3565,0.3666,0,0
SNX.V,D,20190908,000000,0.3666,0.3959,0.3545,0.3898,0,0
SNX.V,D,20190909,000000,0.3898,0.3925,0.3609,0.3925,0,0
SNX.V,D,20190910,000000,0.3925,0.4001,0.3741,0.3934,0,0
SNX.V,D,20190911,000000,0.3934,0.4269,0.378,0.4024,0,0
SNX.V,D,20190912,000000,0.4024,0.4693,0.4024,0.4484,0,0
SNX.V,D,20190913,000000,0.4484,0.4534,0.408,0.4387,0,0
SNX.V,D,20190914,000000,0.4387,0.458,0.4146,0.4338,0,0
SNX.V,D,20190915,000000,0.4338,0.4435,0.4022,0.4258,0,0
SNX.V,D,20190916,000000,0.4258,0.4571,0.4153,0.452,0,0
SNX.V,D,20190917,000000,0.452,0.5099,0.4309,0.4753,0,0
SNX.V,D,20190918,000000,0.4753,0.5336,0.4147,0.4949,0,0
SNX.V,D,20190919,000000,0.4949,0.5155,0.4569,0.4823,0,0
SNX.V,D,20190920,000000,0.4823,0.5046,0.472,0.49,0,0
SNX.V,D,20190921,000000,0.49,0.49,0.4495,0.4791,0,0
SNX.V,D,20190922,000000,0.4791,0.5179,0.4517,0.4793,0,0
SNX.V,D,20190923,000000,0.4793,0.4797,0.4363,0.4435,0,0
SNX.V,D,20190924,000000,0.4435,0.4435,0.3836,0.3935,0,0
SNX.V,D,20190925,000000,0.3935,0.4187,0.3886,0.4187,0,0
SNX.V,D,20190926,000000,0.4187,0.5087,0.3893,0.5069,0,0
SNX.V,D,20190927,000000,0.5069,0.515,0.3853,0.4911,0,0
SNX.V,D,20190928,000000,0.4911,0.5061,0.4596,0.4859,0,0
SNX.V,D,20190929,000000,0.4859,0.4941,0.4483,0.466,0,0
SNX.V,D,20190930,000000,0.466,0.4972,0.4471,0.4604,0,0
SNX.V,D,20191001,000000,0.4604,0.4728,0.4304,0.4541,0,0
SNX.V,D,20191002,000000,0.4541,0.493,0.4348,0.4849,0,0
SNX.V,D,20191003,000000,0.4849,0.4885,0.4394,0.454,0,0
SNX.V,D,20191004,000000,0.454,0.4966,0.4492,0.4966,0,0
SNX.V,D,20191005,000000,0.4966,0.5016,0.4752,0.4903,0,0
SNX.V,D,20191006,000000,0.4903,0.4903,0.4152,0.4475,0,0
SNX.V,D,20191007,000000,0.4475,0.4775,0.4317,0.4665,0,0
SNX.V,D,20191008,000000,0.4665,0.4837,0.4388,0.4632,0,0
SNX.V,D,20191009,000000,0.4632,0.5843,0.4591,0.4938,0,0
SNX.V,D,20191010,000000,0.4938,0.5148,0.4714,0.5095,0,0
SNX.V,D,20191011,000000,0.5095,0.5095,0.483,0.4952,0,0
SNX.V,D,20191012,000000,0.4952,0.5016,0.4807,0.4819,0,0
SNX.V,D,20191013,000000,0.4819,0.5642,0.4802,0.5412,0,0
SNX.V,D,20191014,000000,0.5412,0.561,0.5186,0.5366,0,0
SNX.V,D,20191015,000000,0.5366,0.5366,0.4925,0.5051,0,0
SNX.V,D,20191016,000000,0.5051,0.5608,0.4828,0.5608,0,0
SNX.V,D,20191017,000000,0.5608,0.7838,0.5153,0.6633,0,0
SNX.V,D,20191018,000000,0.6633,0.6935,0.6349,0.6581,0,0
SNX.V,D,20191019,000000,0.6581,0.6618,0.6266,0.6562,0,0
SNX.V,D,20191020,000000,0.6562,0.7018,0.6326,0.6966,0,0
SNX.V,D,20191021,000000,0.6966,0.7497,0.6686,0.741,0,0
SNX.V,D,20191022,000000,0.741,0.741,0.6794,0.7105,0,0
SNX.V,D,20191023,000000,0.7105,0.7105,0.6423,0.6892,0,0
SNX.V,D,20191024,000000,0.6892,0.8933,0.6796,0.8062,0,0
SNX.V,D,20191025,000000,0.8062,0.9538,0.8062,0.8758,0,0
SNX.V,D,20191026,000000,0.8758,0.9352,0.6769,0.7202,0,0
SNX.V,D,20191027,000000,0.7202,0.7951,0.7202,0.7656,0,0
SNX.V,D,20191028,000000,0.7656,0.8484,0.6824,0.7232,0,0
SNX.V,D,20191029,000000,0.7232,0.7735,0.7232,0.7598,0,0
SNX.V,D,20191030,000000,0.7598,0.7598,0.7146,0.7384,0,0
SNX.V,D,20191031,000000,0.7384,0.7549,0.7103,0.7394,0,0
SNX.V,D,20191101,000000,0.7394,0.7672,0.7277,0.7361,0,0
SNX.V,D,20191102,000000,0.7361,0.7497,0.7244,0.7244,0,0
SNX.V,D,20191103,000000,0.7244,0.7545,0.7156,0.7198,0,0
SNX.V,D,20191104,000000,0.7198,0.7709,0.7198,0.7429,0,0
SNX.V,D,20191105,000000,0.7429,0.7629,0.7153,0.7452,0,0
SNX.V,D,20191106,000000,0.7452,0.8058,0.7452,0.8057,0,0
SNX.V,D,20191107,000000,0.8057,0.8767,0.7839,0.8257,0,0
SNX.V,D,20191108,000000,0.8257,0.8724,0.7866,0.85,0,0
SNX.V,D,20191109,000000,0.85,0.8734,0.7927,0.8302,0,0
SNX.V,D,20191110,000000,0.8302,0.8636,0.7182,0.7453,0,0
SNX.V,D,20191111,000000,0.7453,0.8726,0.7046,0.7994,0,0
SNX.V,D,20191112,000000,0.7994,0.8478,0.7845,0.8281,0,0
SNX.V,D,20191113,000000,0.8281,0.8423,0.8132,0.8317,0,0
SNX.V,D,20191114,000000,0.8317,1.037,0.7995,0.836,0,0
SNX.V,D,20191115,000000,0.836,0.8833,0.7836,0.8536,0,0
SNX.V,D,20191116,000000,0.8536,1.013,0.8239,0.9519,0,0
SNX.V,D,20191117,000000,0.9519,1.093,0.9478,1.083,0,0
SNX.V,D,20191118,000000,1.083,1.083,0.9746,1.048,0,0
SNX.V,D,20191119,000000,1.048,1.269,0.9899,1.138,0,0
SNX.V,D,20191120,000000,1.138,1.275,1.123,1.198,0,0
SNX.V,D,20191121,000000,1.198,1.198,0.9922,1.1,0,0
SNX.V,D,20191122,000000,1.1,1.24,1.012,1.173,0,0
SNX.V,D,20191123,000000,1.173,1.321,1.14,1.262,0,0
SNX.V,D,20191124,000000,1.262,1.563,1.173,1.479,0,0
SNX.V,D,20191125,000000,1.479,1.535,1.222,1.388,0,0
SNX.V,D,20191126,000000,1.388,1.478,1.238,1.347,0,0
SNX.V,D,20191127,000000,1.347,1.506,1.347,1.416,0,0
SNX.V,D,20191128,000000,1.416,1.563,1.389,1.43,0,0
SNX.V,D,20191129,000000,1.43,1.554,1.321,1.356,0,0
SNX.V,D,20191130,000000,1.356,1.383,1.213,1.383,0,0
SNX.V,D,20191201,000000,1.383,1.383,1.202,1.251,0,0
SNX.V,D,20191202,000000,1.251,1.354,1.1,1.308,0,0
SNX.V,D,20191203,000000,1.308,1.444,1.251,1.365,0,0
SNX.V,D,20191204,000000,1.365,1.382,1.226,1.269,0,0
SNX.V,D,20191205,000000,1.269,1.341,1.178,1.237,0,0
SNX.V,D,20191206,000000,1.237,1.511,1.237,1.255,0,0
SNX.V,D,20191207,000000,1.255,1.315,1.225,1.305,0,0
SNX.V,D,20191208,000000,1.305,1.309,1.158,1.282,0,0
SNX.V,D,20191209,000000,1.282,1.316,1.213,1.281,0,0
SNX.V,D,20191210,000000,1.281,1.313,1.16,1.219,0,0
SNX.V,D,20191211,000000,1.219,1.358,1.185,1.292,0,0
SNX.V,D,20191212,000000,1.292,1.432,1.22,1.371,0,0
SNX.V,D,20191213,000000,1.371,1.444,1.26,1.369,0,0
SNX.V,D,20191214,000000,1.369,1.416,1.294,1.401,0,0
SNX.V,D,20191215,000000,1.401,1.426,1.335,1.382,0,0
SNX.V,D,20191216,000000,1.382,1.382,1.279,1.307,0,0
SNX.V,D,20191217,000000,1.307,1.354,1.214,1.261,0,0
SNX.V,D,20191218,000000,1.261,1.414,1.261,1.368,0,0
SNX.V,D,20191219,000000,1.368,1.387,1.267,1.327,0,0
SNX.V,D,20191220,000000,1.327,1.382,1.292,1.315,0,0
SNX.V,D,20191221,000000,1.315,1.32,1.274,1.299,0,0
SNX.V,D,20191222,000000,1.299,1.385,1.299,1.364,0,0
SNX.V,D,20191223,000000,1.364,1.364,1.272,1.289,0,0
SNX.V,D,20191224,000000,1.289,1.312,1.25,1.279,0,0
SNX.V,D,20191225,000000,1.279,1.318,1.26,1.272,0,0
SNX.V,D,20191226,000000,1.272,1.308,1.232,1.232,0,0
SNX.V,D,20191227,000000,1.232,1.28,1.232,1.264,0,0
SNX.V,D,20191228,000000,1.264,1.278,1.229,1.236,0,0
SNX.V,D,20191229,000000,1.236,1.284,1.225,1.274,0,0
SNX.V,D,20191230,000000,1.274,1.274,1.186,1.236,0,0
SNX.V,D,20191231,000000,1.236,1.236,1.165,1.212,0,0
SNX.V,D,20200101,000000,1.212,1.247,1.107,1.222,0,0
SNX.V,D,20200102,000000,1.222,1.222,1.084,1.119,0,0
SNX.V,D,20200103,000000,1.119,1.196,1.094,1.157,0,0
SNX.V,D,20200104,000000,1.157,1.183,1.116,1.152,0,0
SNX.V,D,20200105,000000,1.152,1.169,1.098,1.117,0,0
SNX.V,D,20200106,000000,1.117,1.178,0.8562,0.9238,0,0
SNX.V,D,20200107,000000,0.9238,1.061,0.8813,1.031,0,0
SNX.V,D,20200108,000000,1.031,1.037,0.8793,0.9332,0,0
SNX.V,D,20200109,000000,0.9332,0.9623,0.8271,0.8607,0,0
SNX.V,D,20200110,000000,0.8607,0.9501,0.8607,0.8903,0,0
SNX.V,D,20200111,000000,0.8903,0.8903,0.75,0.7714,0,0
SNX.V,D,20200112,000000,0.7714,0.8296,0.7306,0.7992,0,0
SNX.V,D,20200113,000000,0.7992,1.014,0.7855,1.014,0,0
SNX.V,D,20200114,000000,1.014,1.112,0.9712,1.109,0,0
SNX.V,D,20200115,000000,1.109,1.141,0.9342,0.9589,0,0
SNX.V,D,20200116,000000,0.9589,1.054,0.8894,0.9836,0,0
SNX.V,D,20200117,000000,0.9836,1.02,0.9829,1.003,0,0
SNX.V,D,20200118,000000,1.003,1.022,0.9747,1.006,0,0
SNX.V,D,20200119,000000,1.006,1.006,0.9373,0.9512,0,0
SNX.V,D,20200120,000000,0.9512,1.017,0.9437,1.017,0,0
SNX.V,D,20200121,000000,1.017,1.134,1.017,1.082,0,0
SNX.V,D,20200122,000000,1.082,1.162,1.052,1.07,0,0
SNX.V,D,20200123,000000,1.07,1.09,0.9905,1.016,0,0
SNX.V,D,20200124,000000,1.016,1.044,0.941,0.9486,0,0
SNX.V,D,20200125,000000,0.9486,1.003,0.9306,1.003,0,0
SNX.V,D,20200126,000000,1.003,1.084,1.003,1.046,0,0
SNX.V,D,20200127,000000,1.046,1.166,1.046,1.158,0,0
SNX.V,D,20200128,000000,1.158,1.55,1.158,1.222,0,0
SNX.V,D,20200129,000000,1.222,1.3,1.026,1.102,0,0
SNX.V,D,20200130,000000,1.102,1.274,1.102,1.21,0,0
SNX.V,D,20200131,000000,1.21,1.214,1.115,1.189,0,0
SNX.V,D,20200201,000000,1.189,1.202,1.154,1.188,0,0
SNX.V,D,20200202,000000,1.188,1.195,1.15,1.184,0,0
SNX.V,D,20200203,000000,1.184,1.189,1.097,1.149,0,0
SNX.V,D,20200204,000000,1.149,1.211,1.128,1.193,0,0
SNX.V,D,20200205,000000,1.193,1.25,1.091,1.118,0,0
SNX.V,D,20200206,000000,1.118,1.21,1.073,1.102,0,0
SNX.V,D,20200207,000000,1.102,1.182,0.9906,1.034,0,0
SNX.V,D,20200208,000000,1.034,1.079,0.8889,1.036,0,0
SNX.V,D,20200209,000000,1.036,1.126,0.8431,0.9081,0,0
SNX.V,D,20200210,000000,0.9081,1.003,0.8677,0.9853,0,0
SNX.V,D,20200211,000000,0.9853,1.101,0.9844,1.027,0,0
SNX.V,D,20200212,000000,1.027,1.068,0.8999,1.036,0,0
SNX.V,D,20200213,000000,1.036,1.038,0.9012,0.9379,0,0
SNX.V,D,20200214,000000,0.9379,1.037,0.9331,0.9931,0,0
SNX.V,D,20200215,000000,0.9931,0.9931,0.9036,0.9505,0,0
SNX.V,D,20200216,000000,0.9505,0.9692,0.8927,0.9459,0,0
SNX.V,D,20200217,000000,0.9459,1.055,0.8915,1.007,0,0
SNX.V,D,20200218,000000,1.007,1.074,0.9726,0.9998,0,0
SNX.V,D,20200219,000000,0.9998,1.019,0.8876,0.9053,0,0
SNX.V,D,20200220,000000,0.9053,0.9945,0.8853,0.9734,0,0
SNX.V,D,20200221,000000,0.9734,1.019,0.9475,1.01,0,0
SNX.V,D,20200222,000000,1.01,1.024,0.9631,0.9884,0,0
SNX.V,D,20200223,000000,0.9884,1.039,0.9817,1.006,0,0
SNX.V,D,20200224,000000,1.006,1.006,0.95,0.9593,0,0
SNX.V,D,20200225,000000,0.9593,0.9593,0.8476,0.8667,0,0
SNX.V,D,20200226,000000,0.8667,0.8667,0.7723,0.792,0,0
SNX.V,D,20200227,000000,0.792,1.003,0.7769,0.9457,0,0
SNX.V,D,20200228,000000,0.9457,0.9705,0.8572,0.8876,0,0
SNX.V,D,20200229,000000,0.8876,0.905,0.8588,0.8802,0,0
SNX.V,D,20200301,000000,0.8802,0.8943,0.7711,0.7958,0,0
SNX.V,D,20200302,000000,0.7958,0.8913,0.7958,0.8912,0,0
SNX.V,D,20200303,000000,0.8912,0.8912,0.7832,0.7836,0,0
SNX.V,D,20200304,000000,0.7836,0.8296,0.7659,0.7917,0,0
SNX.V,D,20200305,000000,0.7917,0.8303,0.7493,0.7531,0,0
SNX.V,D,20200306,000000,0.7531,0.8056,0.6428,0.7426,0,0
SNX.V,D,20200307,000000,0.7426,0.7426,0.689,0.7198,0,0
SNX.V,D,20200308,000000,0.7198,0.7198,0.5898,0.6083,0,0
SNX.V,D,20200309,000000,0.6083,0.7782,0.5786,0.7673,0,0
SNX.V,D,20200310,000000,0.7673,0.7742,0.6678,0.7742,0,0
SNX.V,D,20200311,000000,0.7742,0.905,0.7094,0.7233,0,0
SNX.V,D,20200312,000000,0.7233,0.7233,0.3447,0.3946,0,0
SNX.V,D,20200313,000000,0.3946,0.6016,0.3946,0.5948,0,0
SNX.V,D,20200314,000000,0.5948,0.5948,0.4661,0.47,0,0
SNX.V,D,20200315,000000,0.47,0.4899,0.4295,0.4472,0,0
SNX.V,D,20200316,000000,0.4472,0.4591,0.3417,0.4498,0,0
SNX.V,D,20200317,000000,0.4498,0.512,0.4485,0.4609,0,0
SNX.V,D,20200318,000000,0.4609,0.4971,0.4248,0.4421,0,0
SNX.V,D,20200319,000000,0.4421,0.5247,0.4421,0.4989,0,0
SNX.V,D,20200320,000000,0.4989,0.5102,0.4701,0.5012,0,0
SNX.V,D,20200321,000000,0.5012,0.5091,0.4601,0.4808,0,0
SNX.V,D,20200322,000000,0.4808,0.4808,0.4439,0.4545,0,0
SNX.V,D,20200323,000000,0.4545,0.5134,0.4545,0.4649,0,0
SNX.V,D,20200324,000000,0.4649,0.5158,0.4649,0.5053,0,0
SNX.V,D,20200325,000000,0.5053,0.6392,0.4104,0.5697,0,0
SNX.V,D,20200326,000000,0.5697,0.6265,0.5426,0.6264,0,0
SNX.V,D,20200327,000000,0.6264,0.6264,0.5258,0.5711,0,0
SNX.V,D,20200328,000000,0.5711,0.5711,0.5356,0.5688,0,0
SNX.V,D,20200329,000000,0.5688,0.5717,0.5193,0.5626,0,0
SNX.V,D,20200330,000000,0.5626,0.6177,0.56,0.6138,0,0
SNX.V,D,20200331,000000,0.6138,0.6234,0.5941,0.6197,0,0
SNX.V,D,20200401,000000,0.6197,0.661,0.6197,0.6388,0,0
SNX.V,D,20200402,000000,0.6388,0.6732,0.6217,0.673,0,0
SNX.V,D,20200403,000000,0.673,0.6946,0.649,0.6643,0,0
SNX.V,D,20200404,000000,0.6643,0.6993,0.6498,0.6553,0,0
SNX.V,D,20200405,000000,0.6553,0.6736,0.6365,0.6618,0,0
SNX.V,D,20200406,000000,0.6618,0.7832,0.6618,0.7773,0,0
SNX.V,D,20200407,000000,0.7773,0.7979,0.7526,0.7727,0,0
SNX.V,D,20200408,000000,0.7727,0.8001,0.734,0.7493,0,0
SNX.V,D,20200409,000000,0.7493,0.7493,0.6644,0.6784,0,0
SNX.V,D,20200410,000000,0.6786,0.6974,0.6406,0.6857,0,0
SNX.V,D,20200411,000000,0.6856,0.7112,0.6582,0.6778,0,0
SNX.V,D,20200412,000000,0.678,0.7488,0.6692,0.7409,0,0
SNX.V,D,20200413,000000,0.7409,0.7429,0.6634,0.6933,0,0
SNX.V,D,20200414,000000,0.6934,0.7047,0.6593,0.6712,0,0
SNX.V,D,20200415,000000,0.6721,0.6843,0.6242,0.6398,0,0
SNX.V,D,20200416,000000,0.6399,0.7528,0.6319,0.7471,0,0
SNX.V,D,20200417,000000,0.747,0.7528,0.7195,0.7377,0,0
SNX.V,D,20200418,000000,0.7377,0.7826,0.7328,0.7737,0,0
SNX.V,D,20200419,000000,0.773,0.7963,0.7286,0.7465,0,0
SNX.V,D,20200420,000000,0.7466,0.7528,0.6989,0.7198,0,0
SNX.V,D,20200421,000000,0.7197,0.732,0.6923,0.7165,0,0
SNX.V,D,20200422,000000,0.7165,0.7438,0.7068,0.7287,0,0
SNX.V,D,20200423,000000,0.7287,0.7389,0.6896,0.71,0,0
SNX.V,D,20200424,000000,0.7098,0.7155,0.6489,0.6934,0,0
SNX.V,D,20200425,000000,0.6883,0.7241,0.6384,0.6966,0,0
SNX.V,D,20200426,000000,0.6964,0.7429,0.6072,0.7334,0,0
SNX.V,D,20200427,000000,0.7343,0.7774,0.658,0.719,0,0
SNX.V,D,20200428,000000,0.7187,0.7682,0.7044,0.7595,0,0
SNX.V,D,20200429,000000,0.7592,0.8562,0.7408,0.8396,0,0
SNX.V,D,20200430,000000,0.8395,0.8496,0.7342,0.756,0,0
SNX.V,D,20200501,000000,0.7559,0.8009,0.7439,0.7948,0,0
SNX.V,D,20200502,000000,0.7948,0.8307,0.7765,0.8174,0,0
SNX.V,D,20200503,000000,0.8173,0.8437,0.7597,0.7755,0,0
SNX.V,D,20200504,000000,0.7754,0.7938,0.7399,0.7755,0,0
SNX.V,D,20200505,000000,0.7754,0.8524,0.7621,0.846,0,0
SNX.V,D,20200506,000000,0.8462,0.9149,0.8275,0.8568,0,0
SNX.V,D,20200507,000000,0.8569,0.898,0.8309,0.8913,0,0
SNX.V,D,20200508,000000,0.8912,0.9307,0.8675,0.9138,0,0
SNX.V,D,20200509,000000,0.914,0.9665,0.8849,0.95,0,0
SNX.V,D,20200510,000000,0.9505,0.9557,0.7846,0.8041,0,0
SNX.V,D,20200511,000000,0.8041,0.8171,0.7158,0.7702,0,0
SNX.V,D,20200512,000000,0.7703,0.8189,0.7585,0.7876,0,0
SNX.V,D,20200513,000000,0.7888,0.8963,0.7356,0.8076,0,0
SNX.V,D,20200514,000000,0.8075,0.8362,0.7318,0.8227,0,0
SNX.V,D,20200515,000000,0.8223,0.848,0.7378,0.8239,0,0
SNX.V,D,20200516,000000,0.8242,0.8589,0.8141,0.8467,0,0
SNX.V,D,20200517,000000,0.8467,0.8879,0.8074,0.8231,0,0
SNX.V,D,20200518,000000,0.8232,0.8556,0.8014,0.8517,0,0
SNX.V,D,20200519,000000,0.8517,0.869,0.8073,0.8297,0,0
SNX.V,D,20200520,000000,0.8296,0.8592,0.8025,0.8203,0,0
SNX.V,D,20200521,000000,0.8202,0.8587,0.7631,0.8078,0,0
SNX.V,D,20200522,000000,0.8078,0.8281,0.7577,0.8144,0,0
SNX.V,D,20200523,000000,0.8142,0.8381,0.8137,0.8353,0,0
SNX.V,D,20200524,000000,0.8353,0.8542,0.7805,0.806,0,0
SNX.V,D,20200525,000000,0.8062,0.8074,0.764,0.7938,0,0
SNX.V,D,20200526,000000,0.7938,0.8075,0.7631,0.7805,0,0
SNX.V,D,20200527,000000,0.7803,0.8153,0.722,0.7335,0,0
SNX.V,D,20200528,000000,0.7336,0.7854,0.7236,0.7481,0,0
SNX.V,D,20200529,000000,0.7481,0.7564,0.7357,0.7469,0,0
SNX.V,D,20200530,000000,0.7471,0.8108,0.7327,0.8044,0,0
SNX.V,D,20200531,000000,0.8044,0.8277,0.7876,0.7989,0,0
SNX.V,D,20200601,000000,0.8013,0.8117,0.7621,0.7868,0,0
SNX.V,D,20200602,000000,0.787,0.829,0.735,0.7886,0,0
SNX.V,D,20200603,000000,0.7886,0.835,0.7756,0.8324,0,0
SNX.V,D,20200604,000000,0.8325,0.8777,0.8175,0.8777,0,0
SNX.V,D,20200605,000000,0.8778,0.9103,0.8728,0.9028,0,0
SNX.V,D,20200606,000000,0.903,0.9114,0.8591,0.8793,0,0
SNX.V,D,20200607,000000,0.879,0.9041,0.8583,0.8975,0,0
SNX.V,D,20200608,000000,0.8976,0.924,0.8885,0.9239,0,0
SNX.V,D,20200609,000000,0.9238,0.9626,0.8969,0.9433,0,0
SNX.V,D,20200610,000000,0.9428,1.355,0.93,1.061,0,0
SNX.V,D,20200611,000000,1.064,1.113,0.9743,1.002,0,0
SNX.V,D,20200612,000000,1.002,1.056,0.9911,1.045,0,0
SNX.V,D,20200613,000000,1.045,1.206,1.045,1.145,0,0
SNX.V,D,20200614,000000,1.147,1.192,1.116,1.124,0,0
SNX.V,D,20200615,000000,1.125,1.157,1.026,1.094,0,0
SNX.V,D,20200616,000000,1.094,1.14,1.06,1.129,0,0
SNX.V,D,20200617,000000,1.128,1.135,1.089,1.093,0,0
SNX.V,D,20200618,000000,1.093,1.17,1.092,1.168,0,0
SNX.V,D,20200619,000000,1.168,1.474,1.137,1.408,0,0
SNX.V,D,20200620,000000,1.408,1.46,1.349,1.424,0,0
SNX.V,D,20200621,000000,1.424,1.44,1.303,1.421,0,0
SNX.V,D,20200622,000000,1.421,1.5,1.401,1.491,0,0
SNX.V,D,20200623,000000,1.491,1.591,1.489,1.586,0,0
SNX.V,D,20200624,000000,1.586,2.032,1.574,1.934,0,0
SNX.V,D,20200625,000000,1.934,1.948,1.686,1.892,0,0
SNX.V,D,20200626,000000,1.892,1.906,1.818,1.849,0,0
SNX.V,D,20200627,000000,1.849,1.91,1.678,1.733,0,0
SNX.V,D,20200628,000000,1.733,1.821,1.626,1.812,0,0
SNX.V,D,20200629,000000,1.812,1.85,1.782,1.812,0,0
SNX.V,D,20200630,000000,1.812,1.977,1.797,1.974,0,0
SNX.V,D,20200701,000000,1.974,2.312,1.93,2.278,0,0
SNX.V,D,20200702,000000,2.279,2.483,2.116,2.459,0,0
SNX.V,D,20200703,000000,2.455,2.591,2.369,2.509,0,0
SNX.V,D,20200704,000000,2.508,2.526,2.216,2.443,0,0
SNX.V,D,20200705,000000,2.443,2.541,2.391,2.475,0,0
SNX.V,D,20200706,000000,2.475,2.613,2.468,2.512,0,0
SNX.V,D,20200707,000000,2.511,2.57,2.392,2.57,0,0
SNX.V,D,20200708,000000,2.57,2.967,2.495,2.761,0,0
SNX.V,D,20200709,000000,2.764,3.178,2.629,2.914,0,0
SNX.V,D,20200710,000000,2.914,2.952,2.767,2.84,0,0
SNX.V,D,20200711,000000,2.842,2.933,2.716,2.79,0,0
SNX.V,D,20200712,000000,2.789,2.858,2.743,2.771,0,0
SNX.V,D,20200713,000000,2.771,2.838,2.603,2.631,0,0
SNX.V,D,20200714,000000,2.631,2.709,2.397,2.707,0,0
SNX.V,D,20200715,000000,2.707,3.116,2.683,3.078,0,0
SNX.V,D,20200716,000000,3.078,3.2,2.79,3.073,0,0
SNX.V,D,20200717,000000,3.073,3.522,3.071,3.394,0,0
SNX.V,D,20200718,000000,3.293,3.497,3.181,3.461,0,0
SNX.V,D,20200719,000000,3.456,3.467,3.325,3.413,0,0
SNX.V,D,20200720,000000,3.411,4.104,3.276,3.76,0,0
SNX.V,D,20200721,000000,3.76,3.981,3.36,3.529,0,0
SNX.V,D,20200722,000000,3.549,3.768,3.434,3.61,0,0
SNX.V,D,20200723,000000,3.61,3.66,3.261,3.376,0,0
SNX.V,D,20200724,000000,3.376,3.62,3.256,3.375,0,0
SNX.V,D,20200725,000000,3.374,3.716,3.324,3.538,0,0
SNX.V,D,20200726,000000,3.536,3.634,3.045,3.075,0,0
SNX.V,D,20200727,000000,3.076,3.227,2.696,2.876,0,0
SNX.V,D,20200728,000000,2.865,3.407,2.798,3.37,0,0
SNX.V,D,20200729,000000,3.369,3.394,3.075,3.376,0,0
