<TICKER>,<PER>,<DATE>,<TIME>,<OPEN>,<HIGH>,<LOW>,<CLOSE>,<VOL>,<OPENINT>
STEEM.V,D,20160417,000000,0.3623,0.503,0.2984,0.4049,0,0
STEEM.V,D,20160418,000000,0.4063,1.06,0.2997,0.834,0,0
STEEM.V,D,20160419,000000,0.8481,0.9655,0.6959,0.7568,0,0
STEEM.V,D,20160420,000000,0.7676,0.9706,0.7059,0.8325,0,0
STEEM.V,D,20160421,000000,0.8479,0.8479,0.6268,0.6718,0,0
STEEM.V,D,20160422,000000,0.6657,0.7258,0.3474,0.4493,0,0
STEEM.V,D,20160423,000000,0.4541,0.6526,0.4186,0.5766,0,0
STEEM.V,D,20160424,000000,0.5861,0.6635,0.5033,0.5587,0,0
STEEM.V,D,20160425,000000,0.5638,0.5638,0.3352,0.3676,0,0
STEEM.V,D,20160426,000000,0.371,0.466,0.333,0.3729,0,0
STEEM.V,D,20160427,000000,0.3577,0.5811,0.3353,0.4134,0,0
STEEM.V,D,20160428,000000,0.4148,0.4951,0.4126,0.4479,0,0
STEEM.V,D,20160429,000000,0.4544,0.4732,0.3913,0.4412,0,0
STEEM.V,D,20160430,000000,0.4349,0.4508,0.3969,0.4169,0,0
STEEM.V,D,20160501,000000,0.4203,0.4975,0.4002,0.4975,0,0
STEEM.V,D,20160502,000000,0.4886,0.5774,0.3909,0.3998,0,0
STEEM.V,D,20160503,000000,0.4052,0.5403,0.4052,0.4435,0,0
STEEM.V,D,20160504,000000,0.4391,0.4503,0.4165,0.4485,0,0
STEEM.V,D,20160505,000000,0.4508,0.4508,0.3585,0.3585,0,0
STEEM.V,D,20160506,000000,0.3677,0.4366,0.3217,0.3676,0,0
STEEM.V,D,20160507,000000,0.3668,0.3719,0.2994,0.3247,0,0
STEEM.V,D,20160508,000000,0.3243,0.334,0.2983,0.2983,0,0
STEEM.V,D,20160509,000000,0.3,0.3103,0.2302,0.2401,0,0
STEEM.V,D,20160510,000000,0.2343,0.2522,0.2242,0.2471,0,0
STEEM.V,D,20160511,000000,0.2489,0.2489,0.2263,0.2483,0,0
STEEM.V,D,20160512,000000,0.2493,0.2727,0.2283,0.2655,0,0
STEEM.V,D,20160513,000000,0.2661,0.4873,0.2661,0.3208,0,0
STEEM.V,D,20160514,000000,0.3215,0.3854,0.3104,0.3854,0,0
STEEM.V,D,20160515,000000,0.3868,0.3868,0.3312,0.3614,0,0
STEEM.V,D,20160516,000000,0.3589,0.3856,0.3371,0.3387,0,0
STEEM.V,D,20160517,000000,0.3374,0.3824,0.3364,0.3364,0,0
STEEM.V,D,20160518,000000,0.3371,0.3599,0.3099,0.3361,0,0
STEEM.V,D,20160519,000000,0.3276,0.3508,0.2744,0.3496,0,0
STEEM.V,D,20160520,000000,0.3491,0.4421,0.3314,0.42,0,0
STEEM.V,D,20160521,000000,0.4215,0.4614,0.3661,0.4215,0,0
STEEM.V,D,20160522,000000,0.4176,0.5188,0.4176,0.4181,0,0
STEEM.V,D,20160523,000000,0.422,0.4858,0.422,0.4437,0,0
STEEM.V,D,20160524,000000,0.4461,0.5353,0.4314,0.5309,0,0
STEEM.V,D,20160525,000000,0.5352,0.5843,0.4516,0.5703,0,0
STEEM.V,D,20160526,000000,0.5748,0.7615,0.4986,0.7207,0,0
STEEM.V,D,20160527,000000,0.7537,0.7537,0.2844,0.4647,0,0
STEEM.V,D,20160528,000000,0.5138,0.5803,0.4718,0.5083,0,0
STEEM.V,D,20160529,000000,0.5004,0.5004,0.4386,0.4386,0,0
STEEM.V,D,20160530,000000,0.4524,0.495,0.4524,0.4774,0,0
STEEM.V,D,20160531,000000,0.4744,0.4967,0.3702,0.4284,0,0
STEEM.V,D,20160601,000000,0.4353,0.4353,0.3869,0.3977,0,0
STEEM.V,D,20160602,000000,0.3975,0.4189,0.3867,0.4082,0,0
STEEM.V,D,20160603,000000,0.4309,0.4366,0.3615,0.3615,0,0
STEEM.V,D,20160604,000000,0.3646,0.4308,0.3646,0.4286,0,0
STEEM.V,D,20160605,000000,0.4308,0.4308,0.3363,0.3676,0,0
STEEM.V,D,20160606,000000,0.3731,0.3731,0.3414,0.3415,0,0
STEEM.V,D,20160607,000000,0.3368,0.3569,0.2935,0.3409,0,0
STEEM.V,D,20160608,000000,0.3438,0.5225,0.2908,0.3658,0,0
STEEM.V,D,20160609,000000,0.3621,0.4023,0.3161,0.3908,0,0
STEEM.V,D,20160610,000000,0.393,0.4161,0.3641,0.3698,0,0
STEEM.V,D,20160611,000000,0.3786,0.4138,0.3727,0.3747,0,0
STEEM.V,D,20160612,000000,0.4222,0.4398,0.3754,0.3754,0,0
STEEM.V,D,20160613,000000,0.3943,0.4634,0.3854,0.3854,0,0
STEEM.V,D,20160614,000000,0.3772,0.4111,0.3772,0.3837,0,0
STEEM.V,D,20160615,000000,0.3868,0.4145,0.3868,0.3876,0,0
STEEM.V,D,20160616,000000,0.4271,0.461,0.3958,0.3965,0,0
STEEM.V,D,20160617,000000,0.3875,0.434,0.2777,0.3086,0,0
STEEM.V,D,20160618,000000,0.3127,0.318,0.2834,0.3015,0,0
STEEM.V,D,20160619,000000,0.3044,0.3322,0.284,0.3322,0,0
STEEM.V,D,20160620,000000,0.3204,0.3204,0.2348,0.3009,0,0
STEEM.V,D,20160621,000000,0.2736,0.2736,0.2002,0.2002,0,0
STEEM.V,D,20160622,000000,0.1772,0.2214,0.1595,0.1793,0,0
STEEM.V,D,20160623,000000,0.1885,0.2853,0.188,0.2794,0,0
STEEM.V,D,20160624,000000,0.2956,0.3018,0.2335,0.2538,0,0
STEEM.V,D,20160625,000000,0.2563,0.2852,0.1991,0.2256,0,0
STEEM.V,D,20160626,000000,0.2126,0.2502,0.1881,0.2001,0,0
STEEM.V,D,20160627,000000,0.2063,0.2435,0.1941,0.2031,0,0
STEEM.V,D,20160628,000000,0.2031,0.2644,0.2031,0.2336,0,0
STEEM.V,D,20160629,000000,0.2306,0.2737,0.213,0.2188,0,0
STEEM.V,D,20160630,000000,0.2303,0.2814,0.2303,0.268,0,0
STEEM.V,D,20160701,000000,0.2698,0.2833,0.2091,0.2361,0,0
STEEM.V,D,20160702,000000,0.2443,0.2443,0.2017,0.2129,0,0
STEEM.V,D,20160703,000000,0.2018,0.2779,0.1827,0.2514,0,0
STEEM.V,D,20160704,000000,0.2565,0.3623,0.2298,0.2298,0,0
STEEM.V,D,20160705,000000,0.2259,0.2501,0.2157,0.2225,0,0
STEEM.V,D,20160706,000000,0.2255,0.2523,0.2255,0.2415,0,0
STEEM.V,D,20160707,000000,0.2281,0.3862,0.223,0.2897,0,0
STEEM.V,D,20160708,000000,0.3022,0.3579,0.2552,0.3387,0,0
STEEM.V,D,20160709,000000,0.3332,0.5866,0.3161,0.5475,0,0
STEEM.V,D,20160710,000000,0.5436,0.7959,0.5209,0.5594,0,0
STEEM.V,D,20160711,000000,0.559,0.9701,0.5497,0.9507,0,0
STEEM.V,D,20160712,000000,0.9857,3.15,0.9669,2.63,0,0
STEEM.V,D,20160713,000000,2.59,4.96,2.05,3.96,0,0
STEEM.V,D,20160714,000000,3.94,4.6,3.38,3.84,0,0
STEEM.V,D,20160715,000000,3.89,4.25,2.86,3.15,0,0
STEEM.V,D,20160716,000000,3.14,3.82,2.64,3.34,0,0
STEEM.V,D,20160717,000000,3.42,3.7,2.91,3.3,0,0
STEEM.V,D,20160718,000000,3.27,3.28,2.44,2.55,0,0
STEEM.V,D,20160719,000000,2.55,4.71,1.62,4.13,0,0
STEEM.V,D,20160720,000000,4.09,4.62,3.71,3.96,0,0
STEEM.V,D,20160721,000000,3.97,3.99,3.35,3.47,0,0
STEEM.V,D,20160722,000000,3.4,3.52,3.1,3.43,0,0
STEEM.V,D,20160723,000000,3.45,3.92,3.33,3.78,0,0
STEEM.V,D,20160724,000000,3.8,3.83,3.47,3.5,0,0
STEEM.V,D,20160725,000000,3.48,3.51,2.75,3.25,0,0
STEEM.V,D,20160726,000000,3.25,3.37,2.73,2.86,0,0
STEEM.V,D,20160727,000000,2.86,2.96,2.66,2.79,0,0
STEEM.V,D,20160728,000000,2.79,2.87,2.66,2.66,0,0
STEEM.V,D,20160729,000000,2.67,2.68,2.16,2.18,0,0
STEEM.V,D,20160730,000000,2.17,2.52,2.14,2.43,0,0
STEEM.V,D,20160731,000000,2.31,2.53,2.14,2.28,0,0
STEEM.V,D,20160801,000000,2.22,2.34,2.06,2.11,0,0
STEEM.V,D,20160802,000000,1.79,2.29,1.65,1.96,0,0
STEEM.V,D,20160803,000000,2.17,2.26,2.07,2.12,0,0
STEEM.V,D,20160804,000000,2.16,2.22,2.02,2.06,0,0
STEEM.V,D,20160805,000000,2.06,2.14,1.98,2.04,0,0
STEEM.V,D,20160806,000000,2.08,2.15,1.95,2.02,0,0
STEEM.V,D,20160807,000000,2.04,2.36,1.89,2.12,0,0
STEEM.V,D,20160808,000000,2.11,2.16,1.92,1.97,0,0
STEEM.V,D,20160809,000000,1.96,2.02,1.77,1.77,0,0
STEEM.V,D,20160810,000000,1.79,1.88,1.48,1.54,0,0
STEEM.V,D,20160811,000000,1.53,1.7,1.47,1.48,0,0
STEEM.V,D,20160812,000000,1.48,1.58,1.33,1.38,0,0
STEEM.V,D,20160813,000000,1.37,1.64,1.35,1.54,0,0
STEEM.V,D,20160814,000000,1.5,1.6,1.42,1.47,0,0
STEEM.V,D,20160815,000000,1.46,1.54,1.42,1.47,0,0
STEEM.V,D,20160816,000000,1.5,1.55,1.36,1.38,0,0
STEEM.V,D,20160817,000000,1.36,1.83,1.34,1.53,0,0
STEEM.V,D,20160818,000000,1.53,1.6,1.43,1.47,0,0
STEEM.V,D,20160819,000000,1.47,1.57,1.4,1.47,0,0
STEEM.V,D,20160820,000000,1.49,1.5,1.42,1.43,0,0
STEEM.V,D,20160821,000000,1.43,1.52,1.39,1.41,0,0
STEEM.V,D,20160822,000000,1.42,1.45,1.3,1.34,0,0
STEEM.V,D,20160823,000000,1.33,1.33,1.11,1.15,0,0
STEEM.V,D,20160824,000000,1.14,1.18,1.05,1.1,0,0
STEEM.V,D,20160825,000000,1.1,1.13,0.9727,0.9924,0,0
STEEM.V,D,20160826,000000,0.9948,1.03,0.9021,0.9247,0,0
STEEM.V,D,20160827,000000,0.9103,0.961,0.8304,0.8795,0,0
STEEM.V,D,20160828,000000,0.8866,0.8906,0.7756,0.7762,0,0
STEEM.V,D,20160829,000000,0.7752,1.25,0.7029,1.07,0,0
STEEM.V,D,20160830,000000,1.07,1.16,0.8365,0.9572,0,0
STEEM.V,D,20160831,000000,0.9515,0.9968,0.8717,0.9085,0,0
STEEM.V,D,20160901,000000,0.9055,0.9209,0.7379,0.8014,0,0
STEEM.V,D,20160902,000000,0.806,0.917,0.7789,0.8204,0,0
STEEM.V,D,20160903,000000,0.8539,0.9144,0.8114,0.8306,0,0
STEEM.V,D,20160904,000000,0.8454,0.8589,0.7741,0.8259,0,0
STEEM.V,D,20160905,000000,0.8208,0.8462,0.7863,0.8002,0,0
STEEM.V,D,20160906,000000,0.8064,0.8149,0.7631,0.7722,0,0
STEEM.V,D,20160907,000000,0.7757,0.791,0.7365,0.7622,0,0
STEEM.V,D,20160908,000000,0.7776,0.7776,0.5959,0.6287,0,0
STEEM.V,D,20160909,000000,0.6263,0.6905,0.5652,0.6356,0,0
STEEM.V,D,20160910,000000,0.637,0.7494,0.6283,0.7219,0,0
STEEM.V,D,20160911,000000,0.7001,0.7219,0.6317,0.6559,0,0
STEEM.V,D,20160912,000000,0.6584,0.6846,0.6244,0.6329,0,0
STEEM.V,D,20160913,000000,0.6336,0.6561,0.572,0.5832,0,0
STEEM.V,D,20160914,000000,0.5841,0.6036,0.5678,0.5686,0,0
STEEM.V,D,20160915,000000,0.5672,0.577,0.4945,0.5151,0,0
STEEM.V,D,20160916,000000,0.5149,0.5276,0.4775,0.5124,0,0
STEEM.V,D,20160917,000000,0.5118,0.5918,0.5028,0.5314,0,0
STEEM.V,D,20160918,000000,0.5346,0.5618,0.5209,0.524,0,0
STEEM.V,D,20160919,000000,0.5233,0.5279,0.4609,0.489,0,0
STEEM.V,D,20160920,000000,0.4885,0.4885,0.4271,0.4513,0,0
STEEM.V,D,20160921,000000,0.4423,0.4428,0.4018,0.4168,0,0
STEEM.V,D,20160922,000000,0.4157,0.5557,0.4095,0.4834,0,0
STEEM.V,D,20160923,000000,0.4893,0.5288,0.4689,0.4881,0,0
STEEM.V,D,20160924,000000,0.4879,0.7074,0.4614,0.6044,0,0
STEEM.V,D,20160925,000000,0.6033,0.6652,0.5745,0.6111,0,0
STEEM.V,D,20160926,000000,0.6162,0.6326,0.5435,0.5595,0,0
STEEM.V,D,20160927,000000,0.5585,0.592,0.5428,0.549,0,0
STEEM.V,D,20160928,000000,0.5483,0.554,0.486,0.5061,0,0
STEEM.V,D,20160929,000000,0.5061,0.5143,0.469,0.5026,0,0
STEEM.V,D,20160930,000000,0.5055,0.5282,0.4774,0.4872,0,0
STEEM.V,D,20161001,000000,0.4915,0.4971,0.4398,0.4448,0,0
STEEM.V,D,20161002,000000,0.4429,0.4717,0.426,0.4462,0,0
STEEM.V,D,20161003,000000,0.4468,0.4859,0.4378,0.456,0,0
STEEM.V,D,20161004,000000,0.454,0.454,0.3995,0.4078,0,0
STEEM.V,D,20161005,000000,0.4097,0.4379,0.3986,0.4206,0,0
STEEM.V,D,20161006,000000,0.42,0.4227,0.3998,0.4024,0,0
STEEM.V,D,20161007,000000,0.4057,0.409,0.3742,0.3747,0,0
STEEM.V,D,20161008,000000,0.3757,0.4163,0.3648,0.3889,0,0
STEEM.V,D,20161009,000000,0.3878,0.3878,0.3392,0.3531,0,0
STEEM.V,D,20161010,000000,0.354,0.3574,0.2971,0.3115,0,0
STEEM.V,D,20161011,000000,0.3232,0.3238,0.2617,0.2647,0,0
STEEM.V,D,20161012,000000,0.2629,0.3259,0.2426,0.2896,0,0
STEEM.V,D,20161013,000000,0.2894,0.3246,0.2636,0.3011,0,0
STEEM.V,D,20161014,000000,0.3022,0.305,0.2497,0.2723,0,0
STEEM.V,D,20161015,000000,0.2719,0.2737,0.2524,0.2567,0,0
STEEM.V,D,20161016,000000,0.258,0.2832,0.2481,0.2629,0,0
STEEM.V,D,20161017,000000,0.2618,0.2828,0.2474,0.2511,0,0
STEEM.V,D,20161018,000000,0.2503,0.256,0.2355,0.2393,0,0
STEEM.V,D,20161019,000000,0.2369,0.2539,0.2306,0.2361,0,0
STEEM.V,D,20161020,000000,0.2359,0.2489,0.232,0.2411,0,0
STEEM.V,D,20161021,000000,0.2419,0.2427,0.2272,0.2322,0,0
STEEM.V,D,20161022,000000,0.2414,0.2502,0.2223,0.2274,0,0
STEEM.V,D,20161023,000000,0.2265,0.2283,0.1965,0.1996,0,0
STEEM.V,D,20161024,000000,0.1989,0.2346,0.1886,0.1942,0,0
STEEM.V,D,20161025,000000,0.1944,0.1954,0.1728,0.1775,0,0
STEEM.V,D,20161026,000000,0.1839,0.1892,0.1433,0.1701,0,0
STEEM.V,D,20161027,000000,0.172,0.1754,0.1364,0.1402,0,0
STEEM.V,D,20161028,000000,0.141,0.1705,0.1275,0.1544,0,0
STEEM.V,D,20161029,000000,0.1609,0.179,0.1308,0.131,0,0
STEEM.V,D,20161030,000000,0.1277,0.1395,0.1241,0.1362,0,0
STEEM.V,D,20161031,000000,0.1365,0.139,0.1269,0.131,0,0
STEEM.V,D,20161101,000000,0.1363,0.1366,0.1167,0.1237,0,0
STEEM.V,D,20161102,000000,0.1248,0.1257,0.1014,0.1082,0,0
STEEM.V,D,20161103,000000,0.101,0.1038,0.08616,0.09814,0,0
STEEM.V,D,20161104,000000,0.1006,0.1678,0.09675,0.1323,0,0
STEEM.V,D,20161105,000000,0.1323,0.2708,0.1282,0.2179,0,0
STEEM.V,D,20161106,000000,0.2203,0.2331,0.1929,0.2072,0,0
STEEM.V,D,20161107,000000,0.2059,0.206,0.1506,0.1534,0,0
STEEM.V,D,20161108,000000,0.1546,0.16,0.1268,0.1317,0,0
STEEM.V,D,20161109,000000,0.1337,0.1791,0.1233,0.1433,0,0
STEEM.V,D,20161110,000000,0.1419,0.1727,0.1329,0.1509,0,0
STEEM.V,D,20161111,000000,0.151,0.1563,0.122,0.1267,0,0
STEEM.V,D,20161112,000000,0.1248,0.1401,0.1198,0.1232,0,0
STEEM.V,D,20161113,000000,0.1228,0.1305,0.1167,0.1184,0,0
STEEM.V,D,20161114,000000,0.1188,0.132,0.1124,0.1147,0,0
STEEM.V,D,20161115,000000,0.1158,0.1234,0.1114,0.1117,0,0
STEEM.V,D,20161116,000000,0.1163,0.1241,0.1039,0.107,0,0
STEEM.V,D,20161117,000000,0.1066,0.1075,0.09632,0.1037,0,0
STEEM.V,D,20161118,000000,0.105,0.1278,0.1006,0.1127,0,0
STEEM.V,D,20161119,000000,0.1129,0.1355,0.1081,0.1277,0,0
STEEM.V,D,20161120,000000,0.1244,0.1346,0.1147,0.1155,0,0
STEEM.V,D,20161121,000000,0.1167,0.1233,0.1123,0.1132,0,0
STEEM.V,D,20161122,000000,0.1152,0.1255,0.1108,0.1127,0,0
STEEM.V,D,20161123,000000,0.1115,0.1195,0.1051,0.1109,0,0
STEEM.V,D,20161124,000000,0.11,0.1303,0.1091,0.1234,0,0
STEEM.V,D,20161125,000000,0.1242,0.1727,0.1206,0.137,0,0
STEEM.V,D,20161126,000000,0.1359,0.1643,0.1341,0.1461,0,0
STEEM.V,D,20161127,000000,0.1452,0.2026,0.1435,0.1732,0,0
STEEM.V,D,20161128,000000,0.1741,0.1969,0.1616,0.1673,0,0
STEEM.V,D,20161129,000000,0.1671,0.1736,0.1404,0.1653,0,0
STEEM.V,D,20161130,000000,0.1675,0.187,0.1469,0.1507,0,0
STEEM.V,D,20161201,000000,0.1528,0.1686,0.143,0.1498,0,0
STEEM.V,D,20161202,000000,0.1534,0.188,0.1519,0.1741,0,0
STEEM.V,D,20161203,000000,0.1726,0.2064,0.1646,0.1967,0,0
STEEM.V,D,20161204,000000,0.1973,0.2232,0.1821,0.2167,0,0
STEEM.V,D,20161205,000000,0.2133,0.2473,0.1954,0.2306,0,0
STEEM.V,D,20161206,000000,0.2318,0.3412,0.2168,0.2338,0,0
STEEM.V,D,20161207,000000,0.2361,0.2558,0.2003,0.2151,0,0
STEEM.V,D,20161208,000000,0.2159,0.2569,0.2043,0.2413,0,0
STEEM.V,D,20161209,000000,0.2419,0.2657,0.2311,0.2353,0,0
STEEM.V,D,20161210,000000,0.2364,0.2444,0.2143,0.217,0,0
STEEM.V,D,20161211,000000,0.2153,0.227,0.1829,0.1862,0,0
STEEM.V,D,20161212,000000,0.1888,0.2005,0.1857,0.1943,0,0
STEEM.V,D,20161213,000000,0.1944,0.2024,0.1521,0.1568,0,0
STEEM.V,D,20161214,000000,0.1564,0.1864,0.1437,0.1705,0,0
STEEM.V,D,20161215,000000,0.1702,0.1935,0.1614,0.1761,0,0
STEEM.V,D,20161216,000000,0.1777,0.1907,0.1689,0.1695,0,0
STEEM.V,D,20161217,000000,0.1706,0.1812,0.1576,0.1626,0,0
STEEM.V,D,20161218,000000,0.1629,0.1768,0.1594,0.1699,0,0
STEEM.V,D,20161219,000000,0.17,0.1718,0.1414,0.1521,0,0
STEEM.V,D,20161220,000000,0.1539,0.1598,0.1386,0.1389,0,0
STEEM.V,D,20161221,000000,0.1441,0.1528,0.1251,0.1351,0,0
STEEM.V,D,20161222,000000,0.1401,0.1449,0.1295,0.1328,0,0
STEEM.V,D,20161223,000000,0.1416,0.1512,0.1344,0.1406,0,0
STEEM.V,D,20161224,000000,0.1366,0.1423,0.1312,0.1366,0,0
STEEM.V,D,20161225,000000,0.1366,0.1405,0.133,0.1345,0,0
STEEM.V,D,20161226,000000,0.1356,0.1569,0.1356,0.1509,0,0
STEEM.V,D,20161227,000000,0.1555,0.1638,0.1469,0.1515,0,0
STEEM.V,D,20161228,000000,0.159,0.1648,0.1511,0.1569,0,0
STEEM.V,D,20161229,000000,0.1567,0.175,0.1532,0.1653,0,0
STEEM.V,D,20161230,000000,0.1632,0.182,0.1566,0.1626,0,0
STEEM.V,D,20161231,000000,0.1633,0.1796,0.1596,0.1779,0,0
STEEM.V,D,20170101,000000,0.1839,0.1846,0.1574,0.1614,0,0
STEEM.V,D,20170102,000000,0.1649,0.1725,0.1433,0.1548,0,0
STEEM.V,D,20170103,000000,0.1573,0.1637,0.1548,0.1563,0,0
STEEM.V,D,20170104,000000,0.1718,0.1847,0.1666,0.1736,0,0
STEEM.V,D,20170105,000000,0.1513,0.1617,0.1484,0.1568,0,0
STEEM.V,D,20170106,000000,0.1405,0.1568,0.1374,0.1534,0,0
STEEM.V,D,20170107,000000,0.1539,0.16,0.1482,0.1503,0,0
STEEM.V,D,20170108,000000,0.1523,0.155,0.1454,0.153,0,0
STEEM.V,D,20170109,000000,0.1528,0.1563,0.1446,0.145,0,0
STEEM.V,D,20170110,000000,0.1458,0.1545,0.1449,0.1487,0,0
STEEM.V,D,20170111,000000,0.1291,0.1365,0.1239,0.1342,0,0
STEEM.V,D,20170112,000000,0.1384,0.1469,0.1358,0.1398,0,0
STEEM.V,D,20170113,000000,0.1424,0.1443,0.1274,0.1363,0,0
STEEM.V,D,20170114,000000,0.1355,0.1397,0.1313,0.137,0,0
STEEM.V,D,20170115,000000,0.1372,0.1436,0.136,0.1396,0,0
STEEM.V,D,20170116,000000,0.1406,0.1963,0.14,0.1794,0,0
STEEM.V,D,20170117,000000,0.195,0.2083,0.1533,0.168,0,0
STEEM.V,D,20170118,000000,0.1628,0.1671,0.1394,0.1623,0,0
STEEM.V,D,20170119,000000,0.1666,0.1697,0.1598,0.1617,0,0
STEEM.V,D,20170120,000000,0.1613,0.1773,0.1539,0.1594,0,0
STEEM.V,D,20170121,000000,0.1642,0.168,0.1525,0.1656,0,0
STEEM.V,D,20170122,000000,0.1654,0.167,0.1573,0.1602,0,0
STEEM.V,D,20170123,000000,0.1606,0.1635,0.1554,0.1587,0,0
STEEM.V,D,20170124,000000,0.1539,0.1569,0.1442,0.1483,0,0
STEEM.V,D,20170125,000000,0.1484,0.1512,0.1433,0.1461,0,0
STEEM.V,D,20170126,000000,0.1496,0.1525,0.1436,0.1483,0,0
STEEM.V,D,20170127,000000,0.1487,0.153,0.1435,0.1511,0,0
STEEM.V,D,20170128,000000,0.1512,0.1698,0.1493,0.166,0,0
STEEM.V,D,20170129,000000,0.1653,0.1755,0.1619,0.1619,0,0
STEEM.V,D,20170130,000000,0.163,0.1701,0.1606,0.1674,0,0
STEEM.V,D,20170131,000000,0.1755,0.1767,0.1595,0.1598,0,0
STEEM.V,D,20170201,000000,0.1626,0.1716,0.1594,0.1619,0,0
STEEM.V,D,20170202,000000,0.1655,0.1679,0.162,0.1642,0,0
STEEM.V,D,20170203,000000,0.1657,0.1676,0.158,0.1603,0,0
STEEM.V,D,20170204,000000,0.1632,0.172,0.1613,0.163,0,0
STEEM.V,D,20170205,000000,0.1605,0.1622,0.1557,0.1599,0,0
STEEM.V,D,20170206,000000,0.1613,0.1627,0.1546,0.1605,0,0
STEEM.V,D,20170207,000000,0.1644,0.1668,0.1407,0.1553,0,0
STEEM.V,D,20170208,000000,0.1562,0.1583,0.1471,0.1514,0,0
STEEM.V,D,20170209,000000,0.1404,0.1457,0.1354,0.1419,0,0
STEEM.V,D,20170210,000000,0.1447,0.1485,0.1427,0.1469,0,0
STEEM.V,D,20170211,000000,0.1485,0.1503,0.1444,0.1471,0,0
STEEM.V,D,20170212,000000,0.1454,0.1456,0.1393,0.1418,0,0
STEEM.V,D,20170213,000000,0.1416,0.1418,0.1321,0.1369,0,0
STEEM.V,D,20170214,000000,0.1386,0.1394,0.1278,0.135,0,0
STEEM.V,D,20170215,000000,0.135,0.1361,0.1301,0.1343,0,0
STEEM.V,D,20170216,000000,0.1375,0.1476,0.1319,0.1373,0,0
STEEM.V,D,20170217,000000,0.1397,0.152,0.1329,0.133,0,0
STEEM.V,D,20170218,000000,0.1333,0.1363,0.1148,0.1202,0,0
STEEM.V,D,20170219,000000,0.1198,0.1302,0.1172,0.119,0,0
STEEM.V,D,20170220,000000,0.1223,0.1225,0.1145,0.1164,0,0
STEEM.V,D,20170221,000000,0.1209,0.1216,0.09847,0.09991,0,0
STEEM.V,D,20170222,000000,0.1,0.1241,0.09494,0.1117,0,0
STEEM.V,D,20170223,000000,0.1169,0.1383,0.1123,0.128,0,0
STEEM.V,D,20170224,000000,0.1285,0.1285,0.1066,0.1072,0,0
STEEM.V,D,20170225,000000,0.1047,0.1221,0.1047,0.1155,0,0
STEEM.V,D,20170226,000000,0.1177,0.121,0.1088,0.1093,0,0
STEEM.V,D,20170227,000000,0.1109,0.116,0.1073,0.1146,0,0
STEEM.V,D,20170228,000000,0.1146,0.1167,0.1058,0.1067,0,0
STEEM.V,D,20170301,000000,0.1097,0.1158,0.09641,0.09769,0,0
STEEM.V,D,20170302,000000,0.1003,0.109,0.09102,0.09514,0,0
STEEM.V,D,20170303,000000,0.09725,0.09759,0.08675,0.09233,0,0
STEEM.V,D,20170304,000000,0.09097,0.09688,0.08714,0.09599,0,0
STEEM.V,D,20170305,000000,0.09651,0.1087,0.08976,0.09936,0,0
STEEM.V,D,20170306,000000,0.09981,0.1007,0.09578,0.09681,0,0
STEEM.V,D,20170307,000000,0.09345,0.09733,0.08967,0.09166,0,0
STEEM.V,D,20170308,000000,0.08529,0.08803,0.0799,0.08043,0,0
STEEM.V,D,20170309,000000,0.08354,0.08483,0.08109,0.08119,0,0
STEEM.V,D,20170310,000000,0.07581,0.07857,0.06435,0.07284,0,0
STEEM.V,D,20170311,000000,0.07722,0.08009,0.06856,0.072,0,0
STEEM.V,D,20170312,000000,0.07481,0.07884,0.07194,0.07242,0,0
STEEM.V,D,20170313,000000,0.07319,0.09655,0.07177,0.08563,0,0
STEEM.V,D,20170314,000000,0.08598,0.09678,0.0813,0.08412,0,0
STEEM.V,D,20170315,000000,0.08482,0.08635,0.07349,0.07953,0,0
STEEM.V,D,20170316,000000,0.07442,0.116,0.07058,0.09438,0,0
STEEM.V,D,20170317,000000,0.08624,0.1496,0.08552,0.1279,0,0
STEEM.V,D,20170318,000000,0.1159,0.3206,0.1134,0.1696,0,0
STEEM.V,D,20170319,000000,0.1785,0.2548,0.1776,0.1963,0,0
STEEM.V,D,20170320,000000,0.2011,0.2195,0.1575,0.1897,0,0
STEEM.V,D,20170321,000000,0.2031,0.2216,0.1538,0.1562,0,0
STEEM.V,D,20170322,000000,0.1455,0.1818,0.1444,0.1681,0,0
STEEM.V,D,20170323,000000,0.1665,0.1706,0.1544,0.1588,0,0
STEEM.V,D,20170324,000000,0.1441,0.1525,0.141,0.1492,0,0
STEEM.V,D,20170325,000000,0.1534,0.205,0.151,0.1794,0,0
STEEM.V,D,20170326,000000,0.18,0.1958,0.1574,0.1694,0,0
STEEM.V,D,20170327,000000,0.1826,0.1987,0.1512,0.1562,0,0
STEEM.V,D,20170328,000000,0.1561,0.177,0.1463,0.1686,0,0
STEEM.V,D,20170329,000000,0.1682,0.1732,0.1527,0.159,0,0
STEEM.V,D,20170330,000000,0.1584,0.1752,0.1494,0.165,0,0
STEEM.V,D,20170331,000000,0.1716,0.212,0.1641,0.1733,0,0
STEEM.V,D,20170401,000000,0.1744,0.1883,0.165,0.1758,0,0
STEEM.V,D,20170402,000000,0.1777,0.1868,0.1596,0.1641,0,0
STEEM.V,D,20170403,000000,0.1716,0.1833,0.1663,0.1737,0,0
STEEM.V,D,20170404,000000,0.1729,0.1812,0.1609,0.1677,0,0
STEEM.V,D,20170405,000000,0.166,0.175,0.1638,0.167,0,0
STEEM.V,D,20170406,000000,0.1757,0.1784,0.15,0.1655,0,0
STEEM.V,D,20170407,000000,0.1657,0.1674,0.1487,0.1513,0,0
STEEM.V,D,20170408,000000,0.1501,0.1742,0.1475,0.1621,0,0
STEEM.V,D,20170409,000000,0.1654,0.1744,0.1499,0.1572,0,0
STEEM.V,D,20170410,000000,0.1575,0.1607,0.1525,0.1587,0,0
STEEM.V,D,20170411,000000,0.1605,0.1636,0.1555,0.1577,0,0
STEEM.V,D,20170412,000000,0.1567,0.1673,0.1514,0.1654,0,0
STEEM.V,D,20170413,000000,0.1604,0.1697,0.1529,0.1613,0,0
STEEM.V,D,20170414,000000,0.1614,0.166,0.1593,0.164,0,0
STEEM.V,D,20170415,000000,0.164,0.2245,0.1612,0.197,0,0
STEEM.V,D,20170416,000000,0.197,0.2248,0.1921,0.2152,0,0
STEEM.V,D,20170417,000000,0.2184,0.2855,0.2095,0.2515,0,0
STEEM.V,D,20170418,000000,0.254,0.2627,0.2254,0.2354,0,0
STEEM.V,D,20170419,000000,0.2372,0.2563,0.2116,0.2443,0,0
STEEM.V,D,20170420,000000,0.2489,0.257,0.2158,0.2217,0,0
STEEM.V,D,20170421,000000,0.2238,0.2406,0.2162,0.2386,0,0
STEEM.V,D,20170422,000000,0.2369,0.241,0.2234,0.2247,0,0
STEEM.V,D,20170423,000000,0.2262,0.2387,0.2207,0.2367,0,0
STEEM.V,D,20170424,000000,0.2365,0.2388,0.2248,0.2305,0,0
STEEM.V,D,20170425,000000,0.2335,0.2354,0.2201,0.225,0,0
STEEM.V,D,20170426,000000,0.229,0.2566,0.2268,0.2356,0,0
STEEM.V,D,20170427,000000,0.2441,0.2639,0.2397,0.2439,0,0
STEEM.V,D,20170428,000000,0.2433,0.2647,0.2393,0.2627,0,0
STEEM.V,D,20170429,000000,0.264,0.3073,0.2544,0.2975,0,0
STEEM.V,D,20170430,000000,0.3009,0.3043,0.2736,0.2786,0,0
STEEM.V,D,20170501,000000,0.2918,0.3186,0.2565,0.2673,0,0
STEEM.V,D,20170502,000000,0.273,0.2834,0.2451,0.2702,0,0
STEEM.V,D,20170503,000000,0.2776,0.2894,0.2644,0.2782,0,0
STEEM.V,D,20170504,000000,0.2841,0.2959,0.2759,0.2864,0,0
STEEM.V,D,20170505,000000,0.2847,0.3317,0.2767,0.3203,0,0
STEEM.V,D,20170506,000000,0.3282,0.425,0.3091,0.3925,0,0
STEEM.V,D,20170507,000000,0.3948,0.5983,0.3888,0.5128,0,0
STEEM.V,D,20170508,000000,0.5491,1.12,0.4692,0.9862,0,0
STEEM.V,D,20170509,000000,1.01,1.32,0.5929,0.7257,0,0
STEEM.V,D,20170510,000000,0.7491,0.9979,0.7255,0.8474,0,0
STEEM.V,D,20170511,000000,0.8798,0.9453,0.7173,0.7606,0,0
STEEM.V,D,20170512,000000,0.7051,0.8424,0.6575,0.7381,0,0
STEEM.V,D,20170513,000000,0.772,0.7917,0.7143,0.7226,0,0
STEEM.V,D,20170514,000000,0.7262,0.8028,0.7127,0.753,0,0
STEEM.V,D,20170515,000000,0.7259,1.02,0.6935,0.883,0,0
STEEM.V,D,20170516,000000,0.8935,1.01,0.7931,0.7939,0,0
STEEM.V,D,20170517,000000,0.827,0.8974,0.7553,0.8326,0,0
STEEM.V,D,20170518,000000,0.8694,1.05,0.86,0.9751,0,0
STEEM.V,D,20170519,000000,1.02,1.16,0.9635,1.05,0,0
STEEM.V,D,20170520,000000,1.09,1.37,1.07,1.19,0,0
STEEM.V,D,20170521,000000,1.19,1.31,1.12,1.3,0,0
STEEM.V,D,20170522,000000,1.35,1.37,0.9562,1.13,0,0
STEEM.V,D,20170523,000000,1.21,1.4,1.13,1.24,0,0
STEEM.V,D,20170524,000000,1.34,1.44,1.19,1.24,0,0
STEEM.V,D,20170525,000000,1.17,1.18,0.9697,1.08,0,0
STEEM.V,D,20170526,000000,1.05,1.18,0.9054,0.9644,0,0
STEEM.V,D,20170527,000000,0.8813,0.9209,0.6826,0.8193,0,0
STEEM.V,D,20170528,000000,0.8741,1.07,0.8553,0.9638,0,0
STEEM.V,D,20170529,000000,1,1.01,0.9152,0.9707,0,0
STEEM.V,D,20170530,000000,0.9342,0.9836,0.9049,0.9375,0,0
STEEM.V,D,20170531,000000,0.9849,1.01,0.8914,0.9573,0,0
STEEM.V,D,20170601,000000,1,1.07,0.9665,1.01,0,0
STEEM.V,D,20170602,000000,1.04,1.37,1.04,1.33,0,0
STEEM.V,D,20170603,000000,1.35,1.47,1.2,1.31,0,0
STEEM.V,D,20170604,000000,1.3,1.34,1.21,1.3,0,0
STEEM.V,D,20170605,000000,1.39,1.76,1.38,1.73,0,0
STEEM.V,D,20170606,000000,1.83,2.79,1.44,2.62,0,0
STEEM.V,D,20170607,000000,2.45,2.49,1.91,2.13,0,0
STEEM.V,D,20170608,000000,2.21,2.4,2.14,2.37,0,0
STEEM.V,D,20170609,000000,2.38,2.81,2.3,2.52,0,0
STEEM.V,D,20170610,000000,2.6,2.81,2.22,2.24,0,0
STEEM.V,D,20170611,000000,2.29,2.57,2.24,2.45,0,0
STEEM.V,D,20170612,000000,2.19,2.22,2,2.1,0,0
STEEM.V,D,20170613,000000,2.14,2.44,2.1,2.37,0,0
STEEM.V,D,20170614,000000,2.15,2.17,1.87,1.98,0,0
STEEM.V,D,20170615,000000,1.96,2.06,1.86,2.06,0,0
STEEM.V,D,20170616,000000,2.11,2.15,2.05,2.1,0,0
STEEM.V,D,20170617,000000,2.23,2.24,2.13,2.17,0,0
STEEM.V,D,20170618,000000,2.07,2.1,2,2.03,0,0
STEEM.V,D,20170619,000000,2.09,2.35,2.07,2.2,0,0
STEEM.V,D,20170620,000000,2.32,2.44,2.11,2.24,0,0
STEEM.V,D,20170621,000000,2.18,2.21,1.97,2.11,0,0
STEEM.V,D,20170622,000000,2.15,2.18,2.03,2.18,0,0
STEEM.V,D,20170623,000000,2.17,2.25,2.08,2.19,0,0
STEEM.V,D,20170624,000000,2.09,2.15,2.03,2.07,0,0
STEEM.V,D,20170625,000000,2.03,2.08,1.84,1.91,0,0
STEEM.V,D,20170626,000000,1.84,1.93,1.48,1.81,0,0
STEEM.V,D,20170627,000000,1.91,1.97,1.65,1.83,0,0
STEEM.V,D,20170628,000000,1.82,1.97,1.76,1.95,0,0
STEEM.V,D,20170629,000000,1.94,1.94,1.74,1.77,0,0
STEEM.V,D,20170630,000000,1.72,1.75,1.65,1.67,0,0
STEEM.V,D,20170701,000000,1.63,1.65,1.57,1.61,0,0
STEEM.V,D,20170702,000000,1.68,1.7,1.62,1.67,0,0
STEEM.V,D,20170703,000000,1.69,1.7,1.63,1.65,0,0
STEEM.V,D,20170704,000000,1.68,1.89,1.66,1.87,0,0
STEEM.V,D,20170705,000000,1.88,1.94,1.79,1.81,0,0
STEEM.V,D,20170706,000000,1.8,1.92,1.79,1.86,0,0
STEEM.V,D,20170707,000000,1.79,1.83,1.53,1.53,0,0
STEEM.V,D,20170708,000000,1.56,1.73,1.43,1.7,0,0
STEEM.V,D,20170709,000000,1.66,1.7,1.51,1.53,0,0
STEEM.V,D,20170710,000000,1.43,1.45,1.21,1.25,0,0
STEEM.V,D,20170711,000000,1.24,1.3,0.8962,1.14,0,0
STEEM.V,D,20170712,000000,1.18,1.38,1.14,1.37,0,0
STEEM.V,D,20170713,000000,1.35,1.35,1.14,1.17,0,0
STEEM.V,D,20170714,000000,1.11,1.12,1,1.08,0,0
STEEM.V,D,20170715,000000,0.9514,0.9731,0.901,0.9506,0,0
STEEM.V,D,20170716,000000,0.9213,0.9266,0.7894,0.8887,0,0
STEEM.V,D,20170717,000000,1.04,1.14,1.02,1.13,0,0
STEEM.V,D,20170718,000000,1.17,1.33,1.12,1.27,0,0
STEEM.V,D,20170719,000000,1.25,1.27,1.1,1.14,0,0
STEEM.V,D,20170720,000000,1.43,1.52,1.36,1.39,0,0
STEEM.V,D,20170721,000000,1.3,1.47,1.29,1.42,0,0
STEEM.V,D,20170722,000000,1.51,1.81,1.5,1.77,0,0
STEEM.V,D,20170723,000000,1.72,1.76,1.49,1.61,0,0
STEEM.V,D,20170724,000000,1.61,1.66,1.52,1.54,0,0
STEEM.V,D,20170725,000000,1.44,1.44,1.2,1.3,0,0
STEEM.V,D,20170726,000000,1.29,1.32,1.19,1.25,0,0
STEEM.V,D,20170727,000000,1.31,1.39,1.26,1.36,0,0
STEEM.V,D,20170728,000000,1.42,1.45,1.21,1.25,0,0
STEEM.V,D,20170729,000000,1.21,1.31,1.07,1.31,0,0
STEEM.V,D,20170730,000000,1.33,1.34,1.19,1.2,0,0
STEEM.V,D,20170731,000000,1.25,1.3,1.2,1.21,0,0
STEEM.V,D,20170801,000000,1.16,1.28,1.07,1.27,0,0
STEEM.V,D,20170802,000000,1.26,1.34,1.21,1.25,0,0
STEEM.V,D,20170803,000000,1.29,1.34,1.26,1.28,0,0
STEEM.V,D,20170804,000000,1.31,1.37,1.28,1.29,0,0
STEEM.V,D,20170805,000000,1.46,1.47,1.33,1.35,0,0
STEEM.V,D,20170806,000000,1.34,1.39,1.3,1.37,0,0
STEEM.V,D,20170807,000000,1.44,1.46,1.31,1.31,0,0
STEEM.V,D,20170808,000000,1.32,1.44,1.31,1.37,0,0
STEEM.V,D,20170809,000000,1.34,1.38,1.31,1.31,0,0
STEEM.V,D,20170810,000000,1.34,1.36,1.22,1.22,0,0
STEEM.V,D,20170811,000000,1.3,1.32,1.14,1.14,0,0
STEEM.V,D,20170812,000000,1.21,1.56,1.2,1.35,0,0
STEEM.V,D,20170813,000000,1.42,1.44,1.17,1.25,0,0
STEEM.V,D,20170814,000000,1.33,1.34,1.11,1.22,0,0
STEEM.V,D,20170815,000000,1.17,1.28,1.03,1.13,0,0
STEEM.V,D,20170816,000000,1.19,1.26,1.14,1.18,0,0
STEEM.V,D,20170817,000000,1.15,1.17,1.02,1.12,0,0
STEEM.V,D,20170818,000000,1.08,1.14,1.03,1.05,0,0
STEEM.V,D,20170819,000000,1.06,1.1,0.9417,1.06,0,0
STEEM.V,D,20170820,000000,1.04,1.56,1.01,1.41,0,0
STEEM.V,D,20170821,000000,1.38,1.47,1.15,1.19,0,0
STEEM.V,D,20170822,000000,1.21,1.36,1.16,1.18,0,0
STEEM.V,D,20170823,000000,1.2,1.31,1.19,1.24,0,0
STEEM.V,D,20170824,000000,1.29,1.35,1.24,1.27,0,0
STEEM.V,D,20170825,000000,1.28,1.39,1.25,1.39,0,0
STEEM.V,D,20170826,000000,1.38,1.65,1.3,1.52,0,0
STEEM.V,D,20170827,000000,1.52,1.58,1.37,1.42,0,0
STEEM.V,D,20170828,000000,1.44,1.52,1.39,1.47,0,0
STEEM.V,D,20170829,000000,1.54,1.62,1.38,1.41,0,0
STEEM.V,D,20170830,000000,1.41,1.46,1.37,1.45,0,0
STEEM.V,D,20170831,000000,1.5,1.58,1.43,1.48,0,0
STEEM.V,D,20170901,000000,1.54,1.57,1.48,1.49,0,0
STEEM.V,D,20170902,000000,1.38,1.4,1.23,1.28,0,0
STEEM.V,D,20170903,000000,1.29,1.37,1.28,1.32,0,0
STEEM.V,D,20170904,000000,1.23,1.24,1.05,1.1,0,0
STEEM.V,D,20170905,000000,1.14,1.29,1.1,1.23,0,0
STEEM.V,D,20170906,000000,1.29,1.52,1.27,1.46,0,0
STEEM.V,D,20170907,000000,1.46,1.59,1.43,1.45,0,0
STEEM.V,D,20170908,000000,1.35,1.4,1.24,1.31,0,0
STEEM.V,D,20170909,000000,1.31,1.38,1.26,1.33,0,0
STEEM.V,D,20170910,000000,1.31,1.35,1.17,1.22,0,0
STEEM.V,D,20170911,000000,1.22,1.24,1.15,1.19,0,0
STEEM.V,D,20170912,000000,1.17,1.21,1.13,1.14,0,0
STEEM.V,D,20170913,000000,1.06,1.2,1.03,1.15,0,0
STEEM.V,D,20170914,000000,0.9616,1.02,0.8533,0.8837,0,0
STEEM.V,D,20170915,000000,1.01,1.1,0.9593,1.06,0,0
STEEM.V,D,20170916,000000,1.05,1.1,0.9835,1.04,0,0
STEEM.V,D,20170917,000000,1.03,1.11,0.9962,1.05,0,0
STEEM.V,D,20170918,000000,1.17,1.23,1.12,1.14,0,0
STEEM.V,D,20170919,000000,1.09,1.17,1.04,1.08,0,0
STEEM.V,D,20170920,000000,1.07,1.15,1.05,1.13,0,0
STEEM.V,D,20170921,000000,1.05,1.06,0.9814,1,0,0
STEEM.V,D,20170922,000000,0.9982,1.02,0.9679,0.9992,0,0
STEEM.V,D,20170923,000000,1.05,1.1,1.04,1.08,0,0
STEEM.V,D,20170924,000000,1.04,1.08,1.01,1.06,0,0
STEEM.V,D,20170925,000000,1.14,1.24,1.08,1.1,0,0
STEEM.V,D,20170926,000000,1.09,1.1,1.07,1.08,0,0
STEEM.V,D,20170927,000000,1.17,1.29,1.16,1.21,0,0
STEEM.V,D,20170928,000000,1.2,1.51,1.19,1.44,0,0
STEEM.V,D,20170929,000000,1.43,1.65,1.29,1.64,0,0
STEEM.V,D,20170930,000000,1.72,1.75,1.43,1.47,0,0
STEEM.V,D,20171001,000000,1.48,1.57,1.38,1.38,0,0
STEEM.V,D,20171002,000000,1.38,1.43,1.27,1.3,0,0
STEEM.V,D,20171003,000000,1.28,1.3,1.17,1.23,0,0
STEEM.V,D,20171004,000000,1.2,1.21,1.13,1.18,0,0
STEEM.V,D,20171005,000000,1.21,1.22,1.12,1.17,0,0
STEEM.V,D,20171006,000000,1.18,1.22,1.16,1.2,0,0
STEEM.V,D,20171007,000000,1.22,1.28,1.2,1.22,0,0
STEEM.V,D,20171008,000000,1.27,1.27,1.07,1.1,0,0
STEEM.V,D,20171009,000000,1.14,1.19,0.9273,1.06,0,0
STEEM.V,D,20171010,000000,1.06,1.11,0.9846,1.03,0,0
STEEM.V,D,20171011,000000,1.04,1.13,1.04,1.09,0,0
STEEM.V,D,20171012,000000,1.23,1.26,1.03,1.03,0,0
STEEM.V,D,20171013,000000,1.07,1.07,0.9459,1.03,0,0
STEEM.V,D,20171014,000000,1.06,1.24,1.03,1.05,0,0
STEEM.V,D,20171015,000000,1.03,1.12,0.9801,1.07,0,0
STEEM.V,D,20171016,000000,1.09,1.12,1.02,1.04,0,0
STEEM.V,D,20171017,000000,1.01,1.06,1,1.05,0,0
STEEM.V,D,20171018,000000,1.04,1.17,1.01,1.06,0,0
STEEM.V,D,20171019,000000,1.08,1.1,0.9921,1.07,0,0
STEEM.V,D,20171020,000000,1.12,1.19,0.9877,1,0,0
STEEM.V,D,20171021,000000,1,1.02,0.8716,0.9719,0,0
STEEM.V,D,20171022,000000,0.968,1.04,0.9579,0.965,0,0
STEEM.V,D,20171023,000000,0.9499,0.9646,0.9109,0.9334,0,0
STEEM.V,D,20171024,000000,0.8749,1.02,0.8622,0.9946,0,0
STEEM.V,D,20171025,000000,1.03,1.08,0.8991,1.01,0,0
STEEM.V,D,20171026,000000,1.04,1.05,0.9232,0.9614,0,0
STEEM.V,D,20171027,000000,0.9477,1,0.9344,0.9961,0,0
STEEM.V,D,20171028,000000,0.9924,0.9964,0.9294,0.9443,0,0
STEEM.V,D,20171029,000000,1.01,1.06,0.9658,0.967,0,0
STEEM.V,D,20171030,000000,0.9713,0.9964,0.9505,0.9658,0,0
STEEM.V,D,20171031,000000,1.02,1.04,0.9445,0.9445,0,0
STEEM.V,D,20171101,000000,0.9878,1.03,0.8786,0.8874,0,0
STEEM.V,D,20171102,000000,0.9252,0.9378,0.784,0.8788,0,0
STEEM.V,D,20171103,000000,0.9033,0.962,0.8411,0.9312,0,0
STEEM.V,D,20171104,000000,0.9647,0.9683,0.8932,0.9065,0,0
STEEM.V,D,20171105,000000,0.9097,0.94,0.8498,0.8816,0,0
STEEM.V,D,20171106,000000,0.8302,0.872,0.8184,0.8546,0,0
STEEM.V,D,20171107,000000,0.8701,0.9212,0.8502,0.8616,0,0
STEEM.V,D,20171108,000000,0.903,0.967,0.8613,0.9514,0,0
STEEM.V,D,20171109,000000,0.914,1.1,0.8948,0.9882,0,0
STEEM.V,D,20171110,000000,0.91,0.9159,0.8411,0.8778,0,0
STEEM.V,D,20171111,000000,0.8476,0.9383,0.8375,0.9294,0,0
STEEM.V,D,20171112,000000,0.8617,0.8829,0.7953,0.8323,0,0
STEEM.V,D,20171113,000000,0.9236,0.9784,0.8779,0.9275,0,0
STEEM.V,D,20171114,000000,0.9381,0.9566,0.9051,0.9295,0,0
STEEM.V,D,20171115,000000,1.03,1.03,0.9199,0.949,0,0
STEEM.V,D,20171116,000000,1.02,1.03,0.915,0.9259,0,0
STEEM.V,D,20171117,000000,0.9078,0.934,0.8609,0.8909,0,0
STEEM.V,D,20171118,000000,0.9003,0.9454,0.8909,0.915,0,0
STEEM.V,D,20171119,000000,0.945,0.9627,0.8903,0.9112,0,0
STEEM.V,D,20171120,000000,0.9341,0.9589,0.9003,0.9094,0,0
STEEM.V,D,20171121,000000,0.8934,0.9096,0.8756,0.8934,0,0
STEEM.V,D,20171122,000000,0.9091,1.36,0.8959,0.998,0,0
STEEM.V,D,20171123,000000,0.9712,1.02,0.9119,0.9544,0,0
STEEM.V,D,20171124,000000,0.9767,0.9784,0.9045,0.9423,0,0
STEEM.V,D,20171125,000000,1.01,1.2,1,1.04,0,0
STEEM.V,D,20171126,000000,1.11,1.12,1.05,1.1,0,0
STEEM.V,D,20171127,000000,1.15,1.32,1.1,1.18,0,0
STEEM.V,D,20171128,000000,1.2,1.27,1.12,1.15,0,0
STEEM.V,D,20171129,000000,1.14,1.15,0.9233,0.9565,0,0
STEEM.V,D,20171130,000000,0.9715,1.04,0.9578,0.9947,0,0
STEEM.V,D,20171201,000000,1.09,1.18,1.07,1.08,0,0
STEEM.V,D,20171202,000000,1.09,1.23,1.04,1.19,0,0
STEEM.V,D,20171203,000000,1.24,1.39,1.16,1.23,0,0
STEEM.V,D,20171204,000000,1.27,1.48,1.22,1.44,0,0
STEEM.V,D,20171205,000000,1.44,1.65,1.4,1.46,0,0
STEEM.V,D,20171206,000000,1.72,1.73,1.25,1.31,0,0
STEEM.V,D,20171207,000000,1.6,2.65,1.53,2.03,0,0
STEEM.V,D,20171208,000000,1.94,2.15,1.63,1.98,0,0
STEEM.V,D,20171209,000000,1.77,1.82,1.6,1.64,0,0
STEEM.V,D,20171210,000000,1.68,2,1.47,1.63,0,0
STEEM.V,D,20171211,000000,1.81,1.87,1.63,1.73,0,0
STEEM.V,D,20171212,000000,1.77,1.86,1.71,1.84,0,0
STEEM.V,D,20171213,000000,1.75,1.77,1.66,1.75,0,0
STEEM.V,D,20171214,000000,1.77,2.08,1.76,2.03,0,0
STEEM.V,D,20171215,000000,2.17,2.17,1.8,1.96,0,0
STEEM.V,D,20171216,000000,2.16,2.55,2.08,2.11,0,0
STEEM.V,D,20171217,000000,2.07,2.38,2.06,2.31,0,0
STEEM.V,D,20171218,000000,2.3,3,2.27,2.88,0,0
STEEM.V,D,20171219,000000,2.66,3.15,2.5,2.85,0,0
STEEM.V,D,20171220,000000,2.67,3.67,2.45,3.4,0,0
STEEM.V,D,20171221,000000,3.24,3.92,3.12,3.66,0,0
STEEM.V,D,20171222,000000,3.19,3.35,2.44,2.94,0,0
STEEM.V,D,20171223,000000,3.11,3.37,2.92,3.16,0,0
STEEM.V,D,20171224,000000,3.03,3.65,3.01,3.33,0,0
STEEM.V,D,20171225,000000,3.34,3.45,3.16,3.37,0,0
STEEM.V,D,20171226,000000,3.84,4.15,3.07,3.38,0,0
STEEM.V,D,20171227,000000,3.31,3.34,3.02,3.22,0,0
STEEM.V,D,20171228,000000,2.98,3.12,2.65,2.91,0,0
STEEM.V,D,20171229,000000,2.91,3.14,2.74,3.12,0,0
STEEM.V,D,20171230,000000,2.73,2.92,2.44,2.66,0,0
STEEM.V,D,20171231,000000,2.94,3.01,2.8,2.99,0,0
STEEM.V,D,20180101,000000,2.91,4.52,2.82,4.07,0,0
STEEM.V,D,20180102,000000,4.48,7.42,4.29,6.76,0,0
STEEM.V,D,20180103,000000,7.04,8.88,6.15,8.03,0,0
STEEM.V,D,20180104,000000,8.05,8.88,6.56,6.62,0,0
STEEM.V,D,20180105,000000,7.43,8.22,5.51,5.82,0,0
STEEM.V,D,20180106,000000,5.89,7.29,5.32,6.61,0,0
STEEM.V,D,20180107,000000,6.26,6.67,5.83,6.37,0,0
STEEM.V,D,20180108,000000,5.88,6.3,5.46,5.97,0,0
STEEM.V,D,20180109,000000,5.76,6.08,5.64,5.86,0,0
STEEM.V,D,20180110,000000,6.09,6.1,5.13,5.31,0,0
STEEM.V,D,20180111,000000,4.72,4.8,3.85,4.39,0,0
STEEM.V,D,20180112,000000,4.59,5.71,4.32,5.39,0,0
STEEM.V,D,20180113,000000,5.52,6.61,5.51,6.26,0,0
STEEM.V,D,20180114,000000,6,6.2,5.53,5.82,0,0
STEEM.V,D,20180115,000000,5.83,6.31,5.44,5.49,0,0
STEEM.V,D,20180116,000000,4.56,4.56,3.32,3.85,0,0
STEEM.V,D,20180117,000000,3.85,4.19,3.3,4.12,0,0
STEEM.V,D,20180118,000000,4.12,4.38,3.9,4.2,0,0
STEEM.V,D,20180119,000000,4.33,5.34,4.25,4.79,0,0
STEEM.V,D,20180120,000000,5.25,6.42,5.22,5.53,0,0
STEEM.V,D,20180121,000000,4.99,5.37,4.51,4.98,0,0
STEEM.V,D,20180122,000000,4.66,4.79,4.07,4.4,0,0
STEEM.V,D,20180123,000000,4.38,4.5,4.15,4.31,0,0
STEEM.V,D,20180124,000000,4.54,6.3,4.45,6.3,0,0
STEEM.V,D,20180125,000000,6.28,6.82,5.72,6.37,0,0
STEEM.V,D,20180126,000000,6.37,6.71,5.35,5.97,0,0
STEEM.V,D,20180127,000000,5.98,6.37,5.82,6.1,0,0
STEEM.V,D,20180128,000000,6.1,6.16,5.75,6.03,0,0
STEEM.V,D,20180129,000000,6.03,6.16,5.45,5.53,0,0
STEEM.V,D,20180130,000000,5.53,5.65,4.47,4.7,0,0
STEEM.V,D,20180131,000000,4.7,5.3,4,5.1,0,0
STEEM.V,D,20180201,000000,5.1,5.9,4,4.74,0,0
STEEM.V,D,20180202,000000,4.74,4.96,3,4.41,0,0
STEEM.V,D,20180203,000000,4.41,4.86,3,4.6,0,0
STEEM.V,D,20180204,000000,4.6,4.78,3.64,3.98,0,0
STEEM.V,D,20180205,000000,3.98,4.15,2.91,3.09,0,0
STEEM.V,D,20180206,000000,3.08,3.64,2,3.6,0,0
STEEM.V,D,20180207,000000,3.6,4.07,3.35,3.63,0,0
STEEM.V,D,20180208,000000,3.63,3.84,3.44,3.64,0,0
STEEM.V,D,20180209,000000,3.64,4.12,3,4.07,0,0
STEEM.V,D,20180210,000000,4.07,4.68,3.83,4.13,0,0
STEEM.V,D,20180211,000000,4.17,4.19,3.51,3.82,0,0
STEEM.V,D,20180212,000000,3.82,4.02,3.64,3.97,0,0
STEEM.V,D,20180213,000000,3.97,4.14,3.73,3.88,0,0
STEEM.V,D,20180214,000000,3.88,4.38,3,4.36,0,0
STEEM.V,D,20180215,000000,4.36,4.42,4.11,4.35,0,0
STEEM.V,D,20180216,000000,4.35,4.45,4.11,4.42,0,0
STEEM.V,D,20180217,000000,4.42,4.55,4.31,4.49,0,0
STEEM.V,D,20180218,000000,4.5,4.57,3.93,4.11,0,0
STEEM.V,D,20180219,000000,4.1,4.34,3.96,4.24,0,0
STEEM.V,D,20180220,000000,4.24,4.37,3.85,3.9,0,0
STEEM.V,D,20180221,000000,3.9,3.9,3.42,3.48,0,0
STEEM.V,D,20180222,000000,3.48,3.63,3.11,3.3,0,0
STEEM.V,D,20180223,000000,3.3,3.67,3.1,3.46,0,0
STEEM.V,D,20180224,000000,3.46,3.56,3.18,3.27,0,0
STEEM.V,D,20180225,000000,3.27,3.47,3.19,3.39,0,0
STEEM.V,D,20180226,000000,3.39,3.5,3.22,3.44,0,0
STEEM.V,D,20180227,000000,3.44,3.54,3.34,3.43,0,0
STEEM.V,D,20180228,000000,3.43,3.49,3.18,3.22,0,0
STEEM.V,D,20180301,000000,3.22,3.44,3.06,3.42,0,0
STEEM.V,D,20180302,000000,3.41,3.42,3.14,3.32,0,0
STEEM.V,D,20180303,000000,3.32,3.6,3.24,3.54,0,0
STEEM.V,D,20180304,000000,3.54,3.65,3.35,3.52,0,0
STEEM.V,D,20180305,000000,3.51,3.59,3.38,3.42,0,0
STEEM.V,D,20180306,000000,3.42,3.46,3.09,3.18,0,0
STEEM.V,D,20180307,000000,3.18,3.24,2,2.84,0,0
STEEM.V,D,20180308,000000,2.84,2.89,2.58,2.59,0,0
STEEM.V,D,20180309,000000,2.59,2.67,2.15,2.52,0,0
STEEM.V,D,20180310,000000,2.52,2.66,2.31,2.37,0,0
STEEM.V,D,20180311,000000,2.37,2.58,2.21,2.51,0,0
STEEM.V,D,20180312,000000,2.51,2.6,2.29,2.34,0,0
STEEM.V,D,20180313,000000,2.35,2.53,2.23,2.38,0,0
STEEM.V,D,20180314,000000,2.38,2.68,2.09,2.15,0,0
STEEM.V,D,20180315,000000,2.15,2.21,1.9,2.11,0,0
STEEM.V,D,20180316,000000,2.11,2.15,1.95,2.11,0,0
STEEM.V,D,20180317,000000,2.1,2.11,1.75,1.81,0,0
STEEM.V,D,20180318,000000,1.81,1.85,1.48,1.78,0,0
STEEM.V,D,20180319,000000,1.78,2.04,1.77,1.96,0,0
STEEM.V,D,20180320,000000,1.96,2.24,1.94,2.18,0,0
STEEM.V,D,20180321,000000,2.18,2.34,2.14,2.18,0,0
STEEM.V,D,20180322,000000,2.19,2.26,1.96,2.08,0,0
STEEM.V,D,20180323,000000,2.09,2.12,1.87,1.95,0,0
STEEM.V,D,20180324,000000,1.94,2.15,1,1.98,0,0
STEEM.V,D,20180325,000000,1.98,2.08,1.92,2.06,0,0
STEEM.V,D,20180326,000000,2.06,2.07,1.77,1.79,0,0
STEEM.V,D,20180327,000000,1.79,1.92,1.68,1.77,0,0
STEEM.V,D,20180328,000000,1.77,1.91,1.69,1.89,0,0
STEEM.V,D,20180329,000000,1.89,1.95,1.59,1.63,0,0
STEEM.V,D,20180330,000000,1.63,1.68,1.46,1.53,0,0
STEEM.V,D,20180331,000000,1.53,1.6,1.48,1.5,0,0
STEEM.V,D,20180401,000000,1.5,1.53,1.33,1.41,0,0
STEEM.V,D,20180402,000000,1.41,1.64,1.4,1.61,0,0
STEEM.V,D,20180403,000000,1.61,2.51,1.59,2.06,0,0
STEEM.V,D,20180404,000000,2.07,2.15,1.77,1.85,0,0
STEEM.V,D,20180405,000000,1.85,1.88,1.65,1.7,0,0
STEEM.V,D,20180406,000000,1.7,1.91,1.64,1.74,0,0
STEEM.V,D,20180407,000000,1.74,2.01,1.69,1.88,0,0
STEEM.V,D,20180408,000000,1.88,1.94,1.84,1.88,0,0
STEEM.V,D,20180409,000000,1.88,2.24,1.77,1.79,0,0
STEEM.V,D,20180410,000000,1.79,1.85,1.76,1.84,0,0
STEEM.V,D,20180411,000000,1.84,1.97,1.82,1.93,0,0
STEEM.V,D,20180412,000000,1.93,2.82,1.92,2.61,0,0
STEEM.V,D,20180413,000000,2.61,3.53,2,2.66,0,0
STEEM.V,D,20180414,000000,2.67,2.8,2.57,2.65,0,0
STEEM.V,D,20180415,000000,2.65,2.81,2.64,2.77,0,0
STEEM.V,D,20180416,000000,2.77,2.85,2.54,2.62,0,0
STEEM.V,D,20180417,000000,2.62,2.81,2.59,2.72,0,0
STEEM.V,D,20180418,000000,2.72,3.05,2.68,3.01,0,0
STEEM.V,D,20180419,000000,3.01,3.2,2.88,3.07,0,0
STEEM.V,D,20180420,000000,3.07,3.19,2.94,3.17,0,0
STEEM.V,D,20180421,000000,3.17,3.28,2.86,3,0,0
STEEM.V,D,20180422,000000,3,3.14,2.96,3.08,0,0
STEEM.V,D,20180423,000000,3.08,3.32,2.99,3.26,0,0
STEEM.V,D,20180424,000000,3.27,3.51,3.23,3.48,0,0
STEEM.V,D,20180425,000000,3.48,4.15,2.98,4.15,0,0
STEEM.V,D,20180426,000000,4.16,4.46,3.46,3.85,0,0
STEEM.V,D,20180427,000000,3.85,4.5,3.75,4.47,0,0
STEEM.V,D,20180428,000000,4.47,4.53,4.14,4.27,0,0
STEEM.V,D,20180429,000000,4.26,4.42,3.91,4.19,0,0
STEEM.V,D,20180430,000000,4.19,4.26,3.84,3.87,0,0
STEEM.V,D,20180501,000000,3.88,3.9,3.57,3.83,0,0
STEEM.V,D,20180502,000000,3.83,4.03,3.81,4,0,0
STEEM.V,D,20180503,000000,4.01,4.08,3.81,4.01,0,0
STEEM.V,D,20180504,000000,4.01,4.04,3.76,3.9,0,0
STEEM.V,D,20180505,000000,3.9,4.03,3.68,3.77,0,0
STEEM.V,D,20180506,000000,3.77,3.8,3.53,3.63,0,0
STEEM.V,D,20180507,000000,3.63,3.71,3.35,3.51,0,0
STEEM.V,D,20180508,000000,3.51,3.62,3.32,3.58,0,0
STEEM.V,D,20180509,000000,3.58,3.61,3.27,3.44,0,0
STEEM.V,D,20180510,000000,3.44,3.49,3.27,3.27,0,0
STEEM.V,D,20180511,000000,3.27,3.28,2.57,2.74,0,0
STEEM.V,D,20180512,000000,2.74,2.92,2.52,2.7,0,0
STEEM.V,D,20180513,000000,2.71,3.13,2.69,3.09,0,0
STEEM.V,D,20180514,000000,3.09,3.24,2.82,3.16,0,0
STEEM.V,D,20180515,000000,3.16,3.25,2.92,2.96,0,0
STEEM.V,D,20180516,000000,2.95,2.96,2.7,2.78,0,0
STEEM.V,D,20180517,000000,2.78,3,2.77,2.79,0,0
STEEM.V,D,20180518,000000,2.79,3.03,2.66,2.97,0,0
STEEM.V,D,20180519,000000,2.97,3.2,2.94,3.05,0,0
STEEM.V,D,20180520,000000,3.05,3.11,2.98,3.07,0,0
STEEM.V,D,20180521,000000,3.07,3.07,2.86,2.92,0,0
STEEM.V,D,20180522,000000,2.92,3.08,2.88,2.88,0,0
STEEM.V,D,20180523,000000,2.87,3.05,2.63,2.85,0,0
STEEM.V,D,20180524,000000,2.84,3.38,2.72,2.87,0,0
STEEM.V,D,20180525,000000,2.87,2.96,2.64,2.67,0,0
STEEM.V,D,20180526,000000,2.67,2.72,2.58,2.64,0,0
STEEM.V,D,20180527,000000,2.64,2.66,2.46,2.47,0,0
STEEM.V,D,20180528,000000,2.47,2.52,2.23,2.23,0,0
STEEM.V,D,20180529,000000,2.23,2.44,2.06,2.4,0,0
STEEM.V,D,20180530,000000,2.41,2.43,2.23,2.3,0,0
STEEM.V,D,20180531,000000,2.29,2.42,2.26,2.42,0,0
STEEM.V,D,20180601,000000,2.41,2.43,2.32,2.35,0,0
STEEM.V,D,20180602,000000,2.35,2.57,2.34,2.52,0,0
STEEM.V,D,20180603,000000,2.52,2.59,2.48,2.52,0,0
STEEM.V,D,20180604,000000,2.51,2.56,2.29,2.33,0,0
STEEM.V,D,20180605,000000,2.33,2.37,2.21,2.33,0,0
STEEM.V,D,20180606,000000,2.33,2.45,2.27,2.44,0,0
STEEM.V,D,20180607,000000,2.43,2.45,2.26,2.34,0,0
STEEM.V,D,20180608,000000,2.34,2.35,2.19,2.27,0,0
STEEM.V,D,20180609,000000,2.27,2.31,2.16,2.19,0,0
STEEM.V,D,20180610,000000,2.21,2.26,1.84,1.85,0,0
STEEM.V,D,20180611,000000,1.85,1.91,1.7,1.77,0,0
STEEM.V,D,20180612,000000,1.77,1.94,1.68,1.7,0,0
STEEM.V,D,20180613,000000,1.7,1.76,1.54,1.58,0,0
STEEM.V,D,20180614,000000,1.58,1.78,1.57,1.78,0,0
STEEM.V,D,20180615,000000,1.78,1.79,1.66,1.68,0,0
STEEM.V,D,20180616,000000,1.68,1.68,1.61,1.65,0,0
STEEM.V,D,20180617,000000,1.65,1.68,1.61,1.63,0,0
STEEM.V,D,20180618,000000,1.63,1.66,1.53,1.63,0,0
STEEM.V,D,20180619,000000,1.63,1.7,1.58,1.64,0,0
STEEM.V,D,20180620,000000,1.64,1.69,1.54,1.58,0,0
STEEM.V,D,20180621,000000,1.58,1.63,1.54,1.55,0,0
STEEM.V,D,20180622,000000,1.54,1.56,1.3,1.32,0,0
STEEM.V,D,20180623,000000,1.32,1.38,1.3,1.35,0,0
STEEM.V,D,20180624,000000,1.35,1.36,1.21,1.31,0,0
STEEM.V,D,20180625,000000,1.31,1.37,1.26,1.34,0,0
STEEM.V,D,20180626,000000,1.34,1.42,1.29,1.31,0,0
STEEM.V,D,20180627,000000,1.31,1.31,1.24,1.27,0,0
STEEM.V,D,20180628,000000,1.27,1.29,1.2,1.2,0,0
STEEM.V,D,20180629,000000,1.2,1.22,1.13,1.15,0,0
STEEM.V,D,20180630,000000,1.15,1.52,1.13,1.49,0,0
STEEM.V,D,20180701,000000,1.49,1.89,1.48,1.62,0,0
STEEM.V,D,20180702,000000,1.62,1.73,1.43,1.65,0,0
STEEM.V,D,20180703,000000,1.65,1.71,1.57,1.64,0,0
STEEM.V,D,20180704,000000,1.64,1.67,1.56,1.63,0,0
STEEM.V,D,20180705,000000,1.65,1.69,1.47,1.52,0,0
STEEM.V,D,20180706,000000,1.51,1.66,1.42,1.55,0,0
STEEM.V,D,20180707,000000,1.55,1.59,1.46,1.5,0,0
STEEM.V,D,20180708,000000,1.5,1.65,1.48,1.6,0,0
STEEM.V,D,20180709,000000,1.6,1.61,1.49,1.5,0,0
STEEM.V,D,20180710,000000,1.5,1.52,1.31,1.34,0,0
STEEM.V,D,20180711,000000,1.34,1.35,1.25,1.31,0,0
STEEM.V,D,20180712,000000,1.31,1.33,1.24,1.28,0,0
STEEM.V,D,20180713,000000,1.28,1.4,1.26,1.33,0,0
STEEM.V,D,20180714,000000,1.33,1.37,1.29,1.31,0,0
STEEM.V,D,20180715,000000,1.31,1.36,1.29,1.34,0,0
STEEM.V,D,20180716,000000,1.34,1.46,1.32,1.43,0,0
STEEM.V,D,20180717,000000,1.43,1.62,1.4,1.59,0,0
STEEM.V,D,20180718,000000,1.59,1.7,1.55,1.57,0,0
STEEM.V,D,20180719,000000,1.57,1.6,1.5,1.5,0,0
STEEM.V,D,20180720,000000,1.5,1.57,1.35,1.35,0,0
STEEM.V,D,20180721,000000,1.35,1.49,1.33,1.45,0,0
STEEM.V,D,20180722,000000,1.45,1.46,1.38,1.38,0,0
STEEM.V,D,20180723,000000,1.38,1.51,1.34,1.36,0,0
STEEM.V,D,20180724,000000,1.36,1.44,1.3,1.43,0,0
STEEM.V,D,20180725,000000,1.43,1.51,1.41,1.51,0,0
STEEM.V,D,20180726,000000,1.5,1.6,1.46,1.48,0,0
STEEM.V,D,20180727,000000,1.48,1.49,1.4,1.48,0,0
STEEM.V,D,20180728,000000,1.48,1.49,1.42,1.44,0,0
STEEM.V,D,20180729,000000,1.44,1.47,1.41,1.44,0,0
STEEM.V,D,20180730,000000,1.43,1.45,1.33,1.36,0,0
STEEM.V,D,20180731,000000,1.36,1.47,1.25,1.29,0,0
STEEM.V,D,20180801,000000,1.29,1.3,1.24,1.24,0,0
STEEM.V,D,20180802,000000,1.24,1.3,1.15,1.16,0,0
STEEM.V,D,20180803,000000,1.16,1.23,1.1,1.2,0,0
STEEM.V,D,20180804,000000,1.2,1.23,1.11,1.14,0,0
STEEM.V,D,20180805,000000,1.14,1.17,1.13,1.17,0,0
STEEM.V,D,20180806,000000,1.17,1.19,1.13,1.13,0,0
STEEM.V,D,20180807,000000,1.13,1.22,1.1,1.12,0,0
STEEM.V,D,20180808,000000,1.12,1.12,1,1.03,0,0
STEEM.V,D,20180809,000000,1.03,1.09,1.01,1.08,0,0
STEEM.V,D,20180810,000000,1.08,1.08,0.977,0.9811,0,0
STEEM.V,D,20180811,000000,0.9813,0.9917,0.9247,0.97,0,0
STEEM.V,D,20180812,000000,0.9701,0.9852,0.9396,0.9645,0,0
STEEM.V,D,20180813,000000,0.9645,0.9863,0.8784,0.8815,0,0
STEEM.V,D,20180814,000000,0.8838,0.8838,0.783,0.8172,0,0
STEEM.V,D,20180815,000000,0.817,0.9044,0.81,0.8812,0,0
STEEM.V,D,20180816,000000,0.8818,0.8879,0.8213,0.8689,0,0
STEEM.V,D,20180817,000000,0.8683,0.9829,0.8501,0.9578,0,0
STEEM.V,D,20180818,000000,0.9578,1.02,0.87,0.9109,0,0
STEEM.V,D,20180819,000000,0.911,0.9504,0.8857,0.9257,0,0
STEEM.V,D,20180820,000000,0.9257,0.9406,0.861,0.8639,0,0
STEEM.V,D,20180821,000000,0.8632,0.8932,0.8375,0.8585,0,0
STEEM.V,D,20180822,000000,0.8585,0.9177,0.8436,0.8569,0,0
STEEM.V,D,20180823,000000,0.8567,0.8784,0.8393,0.8679,0,0
STEEM.V,D,20180824,000000,0.87,0.8938,0.8617,0.8862,0,0
STEEM.V,D,20180825,000000,0.8862,0.918,0.8806,0.9089,0,0
STEEM.V,D,20180826,000000,0.9089,0.9421,0.8636,0.9123,0,0
STEEM.V,D,20180827,000000,0.9098,0.9399,0.8861,0.9276,0,0
STEEM.V,D,20180828,000000,0.929,1,0.9277,0.9933,0,0
STEEM.V,D,20180829,000000,0.9932,1.02,0.939,0.9773,0,0
STEEM.V,D,20180830,000000,0.9772,0.9923,0.8923,0.9218,0,0
STEEM.V,D,20180831,000000,0.922,0.9635,0.9099,0.9462,0,0
STEEM.V,D,20180901,000000,0.9462,1.03,0.9425,1,0,0
STEEM.V,D,20180902,000000,1,1.04,0.9676,1,0,0
STEEM.V,D,20180903,000000,1,1.01,0.9539,0.9932,0,0
STEEM.V,D,20180904,000000,0.9933,1.05,0.9838,1.02,0,0
STEEM.V,D,20180905,000000,1.02,1.04,0.836,0.8754,0,0
STEEM.V,D,20180906,000000,0.8744,0.8744,0.7624,0.8369,0,0
STEEM.V,D,20180907,000000,0.8369,0.8698,0.8089,0.8246,0,0
STEEM.V,D,20180908,000000,0.8248,0.8344,0.7515,0.7673,0,0
STEEM.V,D,20180909,000000,0.7673,0.7965,0.7493,0.7839,0,0
STEEM.V,D,20180910,000000,0.783,0.7954,0.741,0.7578,0,0
STEEM.V,D,20180911,000000,0.7579,0.7685,0.7002,0.7153,0,0
STEEM.V,D,20180912,000000,0.7148,0.7242,0.6589,0.693,0,0
STEEM.V,D,20180913,000000,0.693,0.7614,0.6927,0.7238,0,0
STEEM.V,D,20180914,000000,0.7246,0.7433,0.6924,0.7227,0,0
STEEM.V,D,20180915,000000,0.7228,0.7547,0.7071,0.7291,0,0
STEEM.V,D,20180916,000000,0.7296,0.767,0.7069,0.7602,0,0
STEEM.V,D,20180917,000000,0.7601,0.7699,0.7005,0.703,0,0
STEEM.V,D,20180918,000000,0.703,0.9068,0.6936,0.8216,0,0
STEEM.V,D,20180919,000000,0.8248,0.8586,0.7435,0.7924,0,0
STEEM.V,D,20180920,000000,0.7926,0.8601,0.7884,0.8214,0,0
STEEM.V,D,20180921,000000,0.8208,0.9104,0.8041,0.8519,0,0
STEEM.V,D,20180922,000000,0.8539,0.9196,0.8344,0.851,0,0
STEEM.V,D,20180923,000000,0.8491,0.9517,0.8439,0.9031,0,0
STEEM.V,D,20180924,000000,0.9031,1.08,0.8489,1.01,0,0
STEEM.V,D,20180925,000000,1.01,1.02,0.8604,0.8972,0,0
STEEM.V,D,20180926,000000,0.8971,0.973,0.8719,0.9164,0,0
STEEM.V,D,20180927,000000,0.9162,0.9652,0.8917,0.9375,0,0
STEEM.V,D,20180928,000000,0.9385,0.9513,0.8809,0.9029,0,0
STEEM.V,D,20180929,000000,0.9029,0.9215,0.8572,0.8918,0,0
STEEM.V,D,20180930,000000,0.8918,0.9135,0.8662,0.8741,0,0
STEEM.V,D,20181001,000000,0.8741,0.8888,0.8388,0.8617,0,0
STEEM.V,D,20181002,000000,0.8618,0.8782,0.8508,0.8615,0,0
STEEM.V,D,20181003,000000,0.8635,0.8674,0.8132,0.8348,0,0
STEEM.V,D,20181004,000000,0.8353,0.8841,0.821,0.8508,0,0
STEEM.V,D,20181005,000000,0.8454,0.884,0.8253,0.8674,0,0
STEEM.V,D,20181006,000000,0.8674,0.9317,0.8398,0.9265,0,0
STEEM.V,D,20181007,000000,0.9264,0.9786,0.8868,0.8985,0,0
STEEM.V,D,20181008,000000,0.8986,0.9302,0.8848,0.8952,0,0
STEEM.V,D,20181009,000000,0.8952,0.9064,0.8607,0.8795,0,0
STEEM.V,D,20181010,000000,0.8795,0.9094,0.8461,0.8682,0,0
STEEM.V,D,20181011,000000,0.8682,0.8852,0.7763,0.7855,0,0
STEEM.V,D,20181012,000000,0.7857,0.8394,0.7584,0.8252,0,0
STEEM.V,D,20181013,000000,0.827,0.9063,0.8148,0.8626,0,0
STEEM.V,D,20181014,000000,0.8607,0.8722,0.8196,0.8267,0,0
STEEM.V,D,20181015,000000,0.8265,0.9048,0.8131,0.8219,0,0
STEEM.V,D,20181016,000000,0.8218,0.8571,0.8201,0.8253,0,0
STEEM.V,D,20181017,000000,0.8249,0.8523,0.8224,0.838,0,0
STEEM.V,D,20181018,000000,0.8379,0.8459,0.7858,0.791,0,0
STEEM.V,D,20181019,000000,0.791,0.8095,0.7852,0.8024,0,0
STEEM.V,D,20181020,000000,0.8024,0.8311,0.5679,0.8178,0,0
STEEM.V,D,20181021,000000,0.8183,0.833,0.8133,0.8227,0,0
STEEM.V,D,20181022,000000,0.8223,0.8274,0.8014,0.8156,0,0
STEEM.V,D,20181023,000000,0.8156,0.8314,0.8061,0.8098,0,0
STEEM.V,D,20181024,000000,0.8098,0.8266,0.8063,0.816,0,0
STEEM.V,D,20181025,000000,0.8159,0.8203,0.7948,0.7998,0,0
STEEM.V,D,20181026,000000,0.8005,0.8052,0.7877,0.7917,0,0
STEEM.V,D,20181027,000000,0.7917,0.7979,0.7726,0.7767,0,0
STEEM.V,D,20181028,000000,0.7767,0.7914,0.7728,0.7791,0,0
STEEM.V,D,20181029,000000,0.781,0.8301,0.775,0.7839,0,0
STEEM.V,D,20181030,000000,0.7827,0.7875,0.7661,0.7723,0,0
STEEM.V,D,20181031,000000,0.772,0.8114,0.7659,0.8027,0,0
STEEM.V,D,20181101,000000,0.8026,0.8356,0.7936,0.814,0,0
STEEM.V,D,20181102,000000,0.8141,0.82,0.7993,0.8029,0,0
STEEM.V,D,20181103,000000,0.8023,0.8056,0.7816,0.7911,0,0
STEEM.V,D,20181104,000000,0.7924,0.8102,0.7808,0.7989,0,0
STEEM.V,D,20181105,000000,0.7995,0.8031,0.7716,0.7822,0,0
STEEM.V,D,20181106,000000,0.7824,0.7977,0.773,0.7878,0,0
STEEM.V,D,20181107,000000,0.7878,0.8271,0.7847,0.8116,0,0
STEEM.V,D,20181108,000000,0.814,0.8185,0.781,0.7835,0,0
STEEM.V,D,20181109,000000,0.7834,0.7871,0.7454,0.7538,0,0
STEEM.V,D,20181110,000000,0.7538,0.7744,0.7511,0.7674,0,0
STEEM.V,D,20181111,000000,0.7674,0.7675,0.7355,0.7417,0,0
STEEM.V,D,20181112,000000,0.7404,0.751,0.7248,0.7285,0,0
STEEM.V,D,20181113,000000,0.7284,0.7337,0.7212,0.7229,0,0
STEEM.V,D,20181114,000000,0.7227,0.7246,0.5905,0.6045,0,0
STEEM.V,D,20181115,000000,0.6041,0.6225,0.5441,0.5906,0,0
STEEM.V,D,20181116,000000,0.5912,0.6345,0.5709,0.5759,0,0
STEEM.V,D,20181117,000000,0.5759,0.6869,0.5653,0.5879,0,0
STEEM.V,D,20181118,000000,0.5879,0.6103,0.583,0.5858,0,0
STEEM.V,D,20181119,000000,0.5853,0.5899,0.4425,0.4536,0,0
STEEM.V,D,20181120,000000,0.4533,0.5305,0.375,0.3856,0,0
STEEM.V,D,20181121,000000,0.3868,0.4485,0.3765,0.4185,0,0
STEEM.V,D,20181122,000000,0.4173,0.4345,0.4015,0.4048,0,0
STEEM.V,D,20181123,000000,0.4047,0.4047,0.3673,0.3904,0,0
STEEM.V,D,20181124,000000,0.39,0.3994,0.3247,0.3298,0,0
STEEM.V,D,20181125,000000,0.3293,0.3576,0.304,0.348,0,0
STEEM.V,D,20181126,000000,0.3479,0.3638,0.2978,0.3053,0,0
STEEM.V,D,20181127,000000,0.3053,0.3246,0.2979,0.3215,0,0
STEEM.V,D,20181128,000000,0.3217,0.3868,0.317,0.3612,0,0
STEEM.V,D,20181129,000000,0.3616,0.4035,0.3577,0.3758,0,0
STEEM.V,D,20181130,000000,0.3758,0.3889,0.3227,0.3343,0,0
STEEM.V,D,20181201,000000,0.3343,0.3696,0.3342,0.3591,0,0
STEEM.V,D,20181202,000000,0.3591,0.3639,0.3393,0.3476,0,0
STEEM.V,D,20181203,000000,0.3477,0.3607,0.3112,0.3187,0,0
STEEM.V,D,20181204,000000,0.3188,0.3346,0.3012,0.3202,0,0
STEEM.V,D,20181205,000000,0.3201,0.3221,0.2923,0.2924,0,0
STEEM.V,D,20181206,000000,0.2923,0.3001,0.2605,0.2629,0,0
STEEM.V,D,20181207,000000,0.2629,0.2651,0.2268,0.2421,0,0
STEEM.V,D,20181208,000000,0.2423,0.2559,0.2308,0.2523,0,0
STEEM.V,D,20181209,000000,0.2523,0.2674,0.2419,0.2545,0,0
STEEM.V,D,20181210,000000,0.2542,0.2621,0.2431,0.2471,0,0
STEEM.V,D,20181211,000000,0.2471,0.2485,0.2345,0.2377,0,0
STEEM.V,D,20181212,000000,0.2377,0.2497,0.2342,0.2439,0,0
STEEM.V,D,20181213,000000,0.2439,0.2452,0.2292,0.231,0,0
STEEM.V,D,20181214,000000,0.231,0.2345,0.224,0.2294,0,0
STEEM.V,D,20181215,000000,0.2294,0.2336,0.2121,0.2181,0,0
STEEM.V,D,20181216,000000,0.2186,0.2258,0.2164,0.218,0,0
STEEM.V,D,20181217,000000,0.218,0.2436,0.214,0.2351,0,0
STEEM.V,D,20181218,000000,0.2351,0.2472,0.233,0.2459,0,0
STEEM.V,D,20181219,000000,0.2457,0.2846,0.2456,0.2635,0,0
STEEM.V,D,20181220,000000,0.2636,0.298,0.2569,0.2922,0,0
STEEM.V,D,20181221,000000,0.2923,0.3054,0.2698,0.2764,0,0
STEEM.V,D,20181222,000000,0.2764,0.3425,0.2741,0.32,0,0
STEEM.V,D,20181223,000000,0.3197,0.3414,0.3133,0.3172,0,0
STEEM.V,D,20181224,000000,0.3171,0.3424,0.312,0.3189,0,0
STEEM.V,D,20181225,000000,0.3188,0.3189,0.2685,0.2797,0,0
STEEM.V,D,20181226,000000,0.2797,0.2918,0.2722,0.2861,0,0
STEEM.V,D,20181227,000000,0.2872,0.2888,0.2505,0.2505,0,0
STEEM.V,D,20181228,000000,0.2504,0.2851,0.2485,0.2773,0,0
STEEM.V,D,20181229,000000,0.2772,0.2829,0.271,0.2796,0,0
STEEM.V,D,20181230,000000,0.2797,0.2837,0.2642,0.2773,0,0
STEEM.V,D,20181231,000000,0.2773,0.2804,0.2603,0.2618,0,0
STEEM.V,D,20190101,000000,0.262,0.2751,0.2606,0.2724,0,0
STEEM.V,D,20190102,000000,0.2723,0.2965,0.2714,0.2931,0,0
STEEM.V,D,20190103,000000,0.2931,0.2945,0.2762,0.2831,0,0
STEEM.V,D,20190104,000000,0.2831,0.2864,0.2753,0.283,0,0
STEEM.V,D,20190105,000000,0.2826,0.2891,0.2809,0.2841,0,0
STEEM.V,D,20190106,000000,0.2841,0.3006,0.2785,0.2979,0,0
STEEM.V,D,20190107,000000,0.2979,0.3064,0.2893,0.302,0,0
STEEM.V,D,20190108,000000,0.3021,0.3247,0.3012,0.3085,0,0
STEEM.V,D,20190109,000000,0.3086,0.32,0.3069,0.3171,0,0
STEEM.V,D,20190110,000000,0.3171,0.3264,0.2566,0.2632,0,0
STEEM.V,D,20190111,000000,0.2632,0.2688,0.2584,0.2619,0,0
STEEM.V,D,20190112,000000,0.262,0.2754,0.2554,0.2723,0,0
STEEM.V,D,20190113,000000,0.2723,0.2873,0.2499,0.251,0,0
STEEM.V,D,20190114,000000,0.251,0.2724,0.2499,0.2659,0,0
STEEM.V,D,20190115,000000,0.2661,0.2807,0.259,0.2613,0,0
STEEM.V,D,20190116,000000,0.2613,0.3097,0.2613,0.3053,0,0
STEEM.V,D,20190117,000000,0.3054,0.3526,0.3043,0.3372,0,0
STEEM.V,D,20190118,000000,0.3372,0.3817,0.3243,0.3747,0,0
STEEM.V,D,20190119,000000,0.3747,0.4028,0.3718,0.3893,0,0
STEEM.V,D,20190120,000000,0.3893,0.3992,0.3462,0.3682,0,0
STEEM.V,D,20190121,000000,0.3682,0.423,0.365,0.4097,0,0
STEEM.V,D,20190122,000000,0.4097,0.4221,0.3675,0.4085,0,0
STEEM.V,D,20190123,000000,0.4081,0.4474,0.3955,0.3971,0,0
STEEM.V,D,20190124,000000,0.3971,0.41,0.3703,0.3757,0,0
STEEM.V,D,20190125,000000,0.3757,0.3809,0.3488,0.3558,0,0
STEEM.V,D,20190126,000000,0.3558,0.36,0.3383,0.3414,0,0
STEEM.V,D,20190127,000000,0.3414,0.3422,0.3093,0.3195,0,0
STEEM.V,D,20190128,000000,0.3195,0.3214,0.2799,0.2924,0,0
STEEM.V,D,20190129,000000,0.2924,0.2994,0.2805,0.2915,0,0
STEEM.V,D,20190130,000000,0.2914,0.3005,0.2853,0.2949,0,0
STEEM.V,D,20190131,000000,0.2949,0.2966,0.2761,0.2811,0,0
STEEM.V,D,20190201,000000,0.2811,0.2811,0.2675,0.2729,0,0
STEEM.V,D,20190202,000000,0.2731,0.2854,0.2693,0.2835,0,0
STEEM.V,D,20190203,000000,0.2834,0.3148,0.2834,0.3031,0,0
STEEM.V,D,20190204,000000,0.3031,0.3069,0.2861,0.2888,0,0
STEEM.V,D,20190205,000000,0.2888,0.2902,0.2714,0.2732,0,0
STEEM.V,D,20190206,000000,0.2733,0.2751,0.2622,0.267,0,0
STEEM.V,D,20190207,000000,0.267,0.2788,0.2632,0.2725,0,0
STEEM.V,D,20190208,000000,0.2725,0.3078,0.2708,0.2917,0,0
STEEM.V,D,20190209,000000,0.2917,0.2984,0.289,0.292,0,0
STEEM.V,D,20190210,000000,0.292,0.3,0.2859,0.2993,0,0
STEEM.V,D,20190211,000000,0.2993,0.3014,0.2901,0.2903,0,0
STEEM.V,D,20190212,000000,0.2903,0.293,0.2855,0.2895,0,0
STEEM.V,D,20190213,000000,0.2895,0.2955,0.2886,0.2903,0,0
STEEM.V,D,20190214,000000,0.2903,0.3035,0.2895,0.2973,0,0
STEEM.V,D,20190215,000000,0.2974,0.3108,0.297,0.3063,0,0
STEEM.V,D,20190216,000000,0.3063,0.3468,0.3063,0.3269,0,0
STEEM.V,D,20190217,000000,0.3269,0.3361,0.3124,0.3247,0,0
STEEM.V,D,20190218,000000,0.3247,0.3407,0.3212,0.3372,0,0
STEEM.V,D,20190219,000000,0.3373,0.3423,0.327,0.3333,0,0
STEEM.V,D,20190220,000000,0.3333,0.3466,0.3277,0.3441,0,0
STEEM.V,D,20190221,000000,0.3441,0.3501,0.3309,0.3326,0,0
STEEM.V,D,20190222,000000,0.3329,0.3399,0.3316,0.3375,0,0
STEEM.V,D,20190223,000000,0.3375,0.3589,0.3343,0.3543,0,0
STEEM.V,D,20190224,000000,0.3543,0.3651,0.3027,0.3073,0,0
STEEM.V,D,20190225,000000,0.3073,0.3567,0.3038,0.329,0,0
STEEM.V,D,20190226,000000,0.329,0.3687,0.3274,0.3485,0,0
STEEM.V,D,20190227,000000,0.3486,0.3635,0.3394,0.3459,0,0
STEEM.V,D,20190228,000000,0.3455,0.4149,0.3452,0.405,0,0
STEEM.V,D,20190301,000000,0.405,0.4313,0.3959,0.4017,0,0
STEEM.V,D,20190302,000000,0.4016,0.4017,0.3798,0.3889,0,0
STEEM.V,D,20190303,000000,0.3889,0.4245,0.3872,0.3931,0,0
STEEM.V,D,20190304,000000,0.3931,0.401,0.3616,0.3865,0,0
STEEM.V,D,20190305,000000,0.3864,0.4079,0.3757,0.4061,0,0
STEEM.V,D,20190306,000000,0.406,0.4166,0.3944,0.4151,0,0
STEEM.V,D,20190307,000000,0.4151,0.4903,0.4147,0.4709,0,0
STEEM.V,D,20190308,000000,0.471,0.4774,0.4359,0.4378,0,0
STEEM.V,D,20190309,000000,0.4379,0.4784,0.4375,0.4653,0,0
STEEM.V,D,20190310,000000,0.4653,0.5648,0.4603,0.5267,0,0
STEEM.V,D,20190311,000000,0.5267,0.5569,0.4904,0.5157,0,0
STEEM.V,D,20190312,000000,0.5157,0.5384,0.4738,0.5227,0,0
STEEM.V,D,20190313,000000,0.5227,0.5304,0.4925,0.5079,0,0
STEEM.V,D,20190314,000000,0.5079,0.5107,0.451,0.4741,0,0
STEEM.V,D,20190315,000000,0.474,0.478,0.4593,0.4702,0,0
STEEM.V,D,20190316,000000,0.4702,0.4954,0.4692,0.4733,0,0
STEEM.V,D,20190317,000000,0.4733,0.4919,0.4595,0.4824,0,0
STEEM.V,D,20190318,000000,0.482,0.4845,0.4646,0.4667,0,0
STEEM.V,D,20190319,000000,0.4667,0.486,0.4572,0.4664,0,0
STEEM.V,D,20190320,000000,0.4664,0.4976,0.4585,0.4888,0,0
STEEM.V,D,20190321,000000,0.4886,0.5039,0.4532,0.4647,0,0
STEEM.V,D,20190322,000000,0.4648,0.4718,0.4606,0.4665,0,0
STEEM.V,D,20190323,000000,0.4664,0.471,0.4622,0.469,0,0
STEEM.V,D,20190324,000000,0.469,0.4861,0.4647,0.4797,0,0
STEEM.V,D,20190325,000000,0.4798,0.4891,0.4446,0.4488,0,0
STEEM.V,D,20190326,000000,0.4488,0.453,0.4132,0.4381,0,0
STEEM.V,D,20190327,000000,0.4381,0.4481,0.4295,0.4444,0,0
STEEM.V,D,20190328,000000,0.4443,0.4582,0.4423,0.4485,0,0
STEEM.V,D,20190329,000000,0.4491,0.4518,0.4393,0.4423,0,0
STEEM.V,D,20190330,000000,0.4423,0.4499,0.4314,0.4397,0,0
STEEM.V,D,20190331,000000,0.4397,0.4696,0.4364,0.4586,0,0
STEEM.V,D,20190401,000000,0.4586,0.4745,0.4476,0.45,0,0
STEEM.V,D,20190402,000000,0.45,0.4873,0.4461,0.4796,0,0
STEEM.V,D,20190403,000000,0.4796,0.5166,0.478,0.4949,0,0
STEEM.V,D,20190404,000000,0.4955,0.5026,0.4566,0.4709,0,0
STEEM.V,D,20190405,000000,0.4708,0.5334,0.469,0.519,0,0
STEEM.V,D,20190406,000000,0.519,0.5375,0.4972,0.5063,0,0
STEEM.V,D,20190407,000000,0.5058,0.5136,0.5005,0.5069,0,0
STEEM.V,D,20190408,000000,0.5068,0.5271,0.4786,0.497,0,0
STEEM.V,D,20190409,000000,0.4968,0.4984,0.4718,0.4911,0,0
STEEM.V,D,20190410,000000,0.4911,0.4953,0.4718,0.4748,0,0
STEEM.V,D,20190411,000000,0.4748,0.477,0.4067,0.4249,0,0
STEEM.V,D,20190412,000000,0.4249,0.4271,0.405,0.4225,0,0
STEEM.V,D,20190413,000000,0.4225,0.4397,0.4175,0.4221,0,0
STEEM.V,D,20190414,000000,0.4221,0.4325,0.4162,0.43,0,0
STEEM.V,D,20190415,000000,0.4302,0.4463,0.4025,0.4082,0,0
STEEM.V,D,20190416,000000,0.4082,0.4216,0.4035,0.4168,0,0
STEEM.V,D,20190417,000000,0.4167,0.4302,0.412,0.427,0,0
STEEM.V,D,20190418,000000,0.427,0.4321,0.4234,0.4276,0,0
STEEM.V,D,20190419,000000,0.428,0.4347,0.4178,0.4252,0,0
STEEM.V,D,20190420,000000,0.4251,0.4544,0.4242,0.4403,0,0
STEEM.V,D,20190421,000000,0.4404,0.4495,0.4065,0.4139,0,0
STEEM.V,D,20190422,000000,0.4139,0.4209,0.4069,0.4124,0,0
STEEM.V,D,20190423,000000,0.4123,0.4166,0.3965,0.3967,0,0
STEEM.V,D,20190424,000000,0.3966,0.4,0.3552,0.3622,0,0
STEEM.V,D,20190425,000000,0.3622,0.3751,0.3577,0.3651,0,0
STEEM.V,D,20190426,000000,0.3651,0.3654,0.3278,0.335,0,0
STEEM.V,D,20190427,000000,0.335,0.3528,0.3348,0.3517,0,0
STEEM.V,D,20190428,000000,0.3517,0.3732,0.3482,0.3597,0,0
STEEM.V,D,20190429,000000,0.3598,0.3603,0.3324,0.3331,0,0
STEEM.V,D,20190430,000000,0.3331,0.3515,0.3326,0.3478,0,0
STEEM.V,D,20190501,000000,0.3478,0.3601,0.3441,0.3473,0,0
STEEM.V,D,20190502,000000,0.3472,0.3583,0.3448,0.3524,0,0
STEEM.V,D,20190503,000000,0.3521,0.3657,0.3473,0.3558,0,0
STEEM.V,D,20190504,000000,0.3558,0.3634,0.3363,0.3492,0,0
STEEM.V,D,20190505,000000,0.3492,0.3518,0.3312,0.3337,0,0
STEEM.V,D,20190506,000000,0.3337,0.34,0.3262,0.3335,0,0
STEEM.V,D,20190507,000000,0.3335,0.3425,0.3263,0.3279,0,0
STEEM.V,D,20190508,000000,0.3278,0.3287,0.3085,0.3152,0,0
STEEM.V,D,20190509,000000,0.3152,0.317,0.2988,0.3022,0,0
STEEM.V,D,20190510,000000,0.3023,0.3125,0.291,0.3084,0,0
STEEM.V,D,20190511,000000,0.3084,0.3357,0.3014,0.3357,0,0
STEEM.V,D,20190512,000000,0.3359,0.345,0.3041,0.3159,0,0
STEEM.V,D,20190513,000000,0.3159,0.3338,0.3083,0.3252,0,0
STEEM.V,D,20190514,000000,0.3248,0.3541,0.3115,0.3399,0,0
STEEM.V,D,20190515,000000,0.3402,0.3885,0.3402,0.3865,0,0
STEEM.V,D,20190516,000000,0.3865,0.4467,0.3599,0.3827,0,0
STEEM.V,D,20190517,000000,0.3827,0.3978,0.3146,0.349,0,0
STEEM.V,D,20190518,000000,0.3493,0.366,0.3413,0.3492,0,0
STEEM.V,D,20190519,000000,0.3489,0.3742,0.3454,0.3672,0,0
STEEM.V,D,20190520,000000,0.3671,0.3716,0.3393,0.3526,0,0
STEEM.V,D,20190521,000000,0.3524,0.3903,0.3487,0.3842,0,0
STEEM.V,D,20190522,000000,0.3842,0.4044,0.3699,0.3713,0,0
STEEM.V,D,20190523,000000,0.3714,0.4161,0.3604,0.3727,0,0
STEEM.V,D,20190524,000000,0.3727,0.399,0.3712,0.3899,0,0
STEEM.V,D,20190525,000000,0.3898,0.4013,0.3847,0.3908,0,0
STEEM.V,D,20190526,000000,0.3908,0.4073,0.3813,0.4004,0,0
STEEM.V,D,20190527,000000,0.4004,0.4388,0.3938,0.419,0,0
STEEM.V,D,20190528,000000,0.4191,0.4384,0.4085,0.4191,0,0
STEEM.V,D,20190529,000000,0.4191,0.4321,0.4007,0.4182,0,0
STEEM.V,D,20190530,000000,0.4183,0.4352,0.3735,0.3754,0,0
STEEM.V,D,20190531,000000,0.3757,0.4044,0.3695,0.3946,0,0
STEEM.V,D,20190601,000000,0.3947,0.4119,0.3892,0.3973,0,0
STEEM.V,D,20190602,000000,0.3973,0.4145,0.3937,0.4122,0,0
STEEM.V,D,20190603,000000,0.4123,0.4124,0.3876,0.3909,0,0
STEEM.V,D,20190604,000000,0.3911,0.3943,0.3403,0.3403,0,0
STEEM.V,D,20190605,000000,0.3391,0.3674,0.3388,0.3574,0,0
STEEM.V,D,20190606,000000,0.3573,0.3604,0.3381,0.3506,0,0
STEEM.V,D,20190607,000000,0.3506,0.3807,0.3499,0.3688,0,0
STEEM.V,D,20190608,000000,0.3687,0.407,0.368,0.3907,0,0
STEEM.V,D,20190609,000000,0.3907,0.4384,0.3735,0.3735,0,0
STEEM.V,D,20190610,000000,0.3735,0.4141,0.3711,0.4079,0,0
STEEM.V,D,20190611,000000,0.4079,0.442,0.3978,0.4352,0,0
STEEM.V,D,20190612,000000,0.4352,0.4378,0.4181,0.427,0,0
STEEM.V,D,20190613,000000,0.4271,0.4297,0.4096,0.4176,0,0
STEEM.V,D,20190614,000000,0.4176,0.4251,0.3903,0.3975,0,0
STEEM.V,D,20190615,000000,0.3975,0.4084,0.3963,0.4029,0,0
STEEM.V,D,20190616,000000,0.4029,0.43,0.397,0.4138,0,0
STEEM.V,D,20190617,000000,0.4139,0.427,0.4093,0.4169,0,0
STEEM.V,D,20190618,000000,0.417,0.4213,0.4016,0.4025,0,0
STEEM.V,D,20190619,000000,0.4026,0.4166,0.4011,0.414,0,0
STEEM.V,D,20190620,000000,0.4141,0.4222,0.3936,0.3965,0,0
STEEM.V,D,20190621,000000,0.3965,0.4041,0.3809,0.3861,0,0
STEEM.V,D,20190622,000000,0.3862,0.4127,0.3818,0.4017,0,0
STEEM.V,D,20190623,000000,0.4018,0.4235,0.3971,0.4104,0,0
STEEM.V,D,20190624,000000,0.41,0.4164,0.3969,0.411,0,0
STEEM.V,D,20190625,000000,0.4109,0.4185,0.4009,0.4107,0,0
STEEM.V,D,20190626,000000,0.4105,0.4361,0.389,0.3996,0,0
STEEM.V,D,20190627,000000,0.3996,0.4105,0.3358,0.3509,0,0
STEEM.V,D,20190628,000000,0.3513,0.3753,0.3437,0.3667,0,0
STEEM.V,D,20190629,000000,0.3671,0.3866,0.3485,0.3812,0,0
STEEM.V,D,20190630,000000,0.3811,0.3872,0.3492,0.3538,0,0
STEEM.V,D,20190701,000000,0.3532,0.3658,0.3335,0.3451,0,0
STEEM.V,D,20190702,000000,0.3449,0.3506,0.3188,0.3399,0,0
STEEM.V,D,20190703,000000,0.34,0.3533,0.3386,0.3481,0,0
STEEM.V,D,20190704,000000,0.348,0.3612,0.3403,0.346,0,0
STEEM.V,D,20190705,000000,0.3459,0.3503,0.3303,0.3366,0,0
STEEM.V,D,20190706,000000,0.3368,0.3557,0.3321,0.3425,0,0
STEEM.V,D,20190707,000000,0.3425,0.3573,0.339,0.353,0,0
STEEM.V,D,20190708,000000,0.3527,0.36,0.3402,0.3426,0,0
STEEM.V,D,20190709,000000,0.3426,0.3551,0.3358,0.3391,0,0
STEEM.V,D,20190710,000000,0.3392,0.3464,0.3044,0.3089,0,0
STEEM.V,D,20190711,000000,0.3089,0.3115,0.2701,0.2756,0,0
STEEM.V,D,20190712,000000,0.2755,0.2925,0.2722,0.2872,0,0
STEEM.V,D,20190713,000000,0.2871,0.2919,0.2722,0.2748,0,0
STEEM.V,D,20190714,000000,0.2747,0.2916,0.264,0.2802,0,0
STEEM.V,D,20190715,000000,0.28,0.28,0.2431,0.2539,0,0
STEEM.V,D,20190716,000000,0.2543,0.2702,0.2192,0.2238,0,0
STEEM.V,D,20190717,000000,0.2243,0.2401,0.2098,0.2354,0,0
STEEM.V,D,20190718,000000,0.2351,0.2453,0.2228,0.2414,0,0
STEEM.V,D,20190719,000000,0.2414,0.2469,0.2308,0.2441,0,0
STEEM.V,D,20190720,000000,0.2442,0.2569,0.242,0.2551,0,0
STEEM.V,D,20190721,000000,0.2551,0.2568,0.2406,0.2452,0,0
STEEM.V,D,20190722,000000,0.2452,0.2594,0.2449,0.2508,0,0
STEEM.V,D,20190723,000000,0.2509,0.2646,0.2372,0.2454,0,0
STEEM.V,D,20190724,000000,0.2455,0.2482,0.225,0.2441,0,0
STEEM.V,D,20190725,000000,0.244,0.2548,0.242,0.2447,0,0
STEEM.V,D,20190726,000000,0.2447,0.2488,0.2365,0.243,0,0
STEEM.V,D,20190727,000000,0.2431,0.2538,0.2313,0.2344,0,0
STEEM.V,D,20190728,000000,0.2344,0.2422,0.2314,0.2317,0,0
STEEM.V,D,20190729,000000,0.2314,0.2389,0.2234,0.2338,0,0
STEEM.V,D,20190730,000000,0.2337,0.2375,0.2281,0.2343,0,0
STEEM.V,D,20190731,000000,0.2343,0.2467,0.2335,0.2408,0,0
STEEM.V,D,20190801,000000,0.2406,0.2429,0.2328,0.2335,0,0
STEEM.V,D,20190802,000000,0.2336,0.2381,0.2278,0.2292,0,0
STEEM.V,D,20190803,000000,0.2292,0.2332,0.2257,0.226,0,0
STEEM.V,D,20190804,000000,0.2261,0.2279,0.2191,0.2224,0,0
STEEM.V,D,20190805,000000,0.2224,0.229,0.2195,0.2228,0,0
STEEM.V,D,20190806,000000,0.2228,0.2239,0.2057,0.2076,0,0
STEEM.V,D,20190807,000000,0.2075,0.2218,0.2004,0.2049,0,0
STEEM.V,D,20190808,000000,0.2048,0.2052,0.197,0.2005,0,0
STEEM.V,D,20190809,000000,0.2007,0.2032,0.1889,0.1904,0,0
STEEM.V,D,20190810,000000,0.1905,0.1921,0.1786,0.1875,0,0
STEEM.V,D,20190811,000000,0.1875,0.1981,0.1839,0.194,0,0
STEEM.V,D,20190812,000000,0.194,0.2052,0.1934,0.1946,0,0
STEEM.V,D,20190813,000000,0.1946,0.1956,0.1834,0.1875,0,0
STEEM.V,D,20190814,000000,0.1875,0.2121,0.1769,0.1796,0,0
STEEM.V,D,20190815,000000,0.1796,0.1802,0.1624,0.1762,0,0
STEEM.V,D,20190816,000000,0.1762,0.1775,0.1649,0.1686,0,0
STEEM.V,D,20190817,000000,0.1686,0.1728,0.1668,0.1688,0,0
STEEM.V,D,20190818,000000,0.1688,0.1748,0.1676,0.1746,0,0
STEEM.V,D,20190819,000000,0.1744,0.1778,0.172,0.1757,0,0
STEEM.V,D,20190820,000000,0.1756,0.1804,0.1708,0.1737,0,0
STEEM.V,D,20190821,000000,0.1738,0.1745,0.1596,0.1642,0,0
STEEM.V,D,20190822,000000,0.1642,0.1756,0.1604,0.1747,0,0
STEEM.V,D,20190823,000000,0.1747,0.184,0.172,0.1799,0,0
STEEM.V,D,20190824,000000,0.1798,0.192,0.1787,0.1876,0,0
STEEM.V,D,20190825,000000,0.1876,0.2035,0.1831,0.1842,0,0
STEEM.V,D,20190826,000000,0.1842,0.1912,0.1805,0.1818,0,0
STEEM.V,D,20190827,000000,0.1818,0.1847,0.1745,0.1792,0,0
STEEM.V,D,20190828,000000,0.1792,0.1819,0.1616,0.1655,0,0
STEEM.V,D,20190829,000000,0.1655,0.1662,0.1561,0.162,0,0
STEEM.V,D,20190830,000000,0.162,0.1652,0.1589,0.1626,0,0
STEEM.V,D,20190831,000000,0.1626,0.169,0.162,0.1683,0,0
STEEM.V,D,20190901,000000,0.1683,0.1693,0.163,0.1679,0,0
STEEM.V,D,20190902,000000,0.168,0.1696,0.1636,0.1672,0,0
STEEM.V,D,20190903,000000,0.1672,0.1696,0.1641,0.1663,0,0
STEEM.V,D,20190904,000000,0.1665,0.1681,0.1634,0.1649,0,0
STEEM.V,D,20190905,000000,0.1649,0.1809,0.1623,0.1761,0,0
STEEM.V,D,20190906,000000,0.176,0.1776,0.1664,0.168,0,0
STEEM.V,D,20190907,000000,0.1681,0.1702,0.1638,0.1691,0,0
STEEM.V,D,20190908,000000,0.1691,0.1713,0.1652,0.1665,0,0
STEEM.V,D,20190909,000000,0.1665,0.1672,0.1592,0.1653,0,0
STEEM.V,D,20190910,000000,0.1652,0.169,0.1616,0.1637,0,0
STEEM.V,D,20190911,000000,0.1637,0.1654,0.1572,0.1594,0,0
STEEM.V,D,20190912,000000,0.1593,0.1613,0.1525,0.1558,0,0
STEEM.V,D,20190913,000000,0.1557,0.1601,0.1539,0.158,0,0
STEEM.V,D,20190914,000000,0.158,0.1628,0.1563,0.162,0,0
STEEM.V,D,20190915,000000,0.162,0.1631,0.159,0.1599,0,0
STEEM.V,D,20190916,000000,0.1599,0.1608,0.1533,0.1567,0,0
STEEM.V,D,20190917,000000,0.1567,0.1603,0.1534,0.1595,0,0
STEEM.V,D,20190918,000000,0.1595,0.1693,0.1586,0.1677,0,0
STEEM.V,D,20190919,000000,0.1678,0.1832,0.1612,0.1668,0,0
STEEM.V,D,20190920,000000,0.1668,0.1679,0.1632,0.1638,0,0
STEEM.V,D,20190921,000000,0.1638,0.1678,0.1638,0.1665,0,0
STEEM.V,D,20190922,000000,0.1664,0.1674,0.162,0.1661,0,0
STEEM.V,D,20190923,000000,0.1661,0.1676,0.1571,0.158,0,0
STEEM.V,D,20190924,000000,0.1579,0.1603,0.1259,0.1309,0,0
STEEM.V,D,20190925,000000,0.1311,0.1386,0.1262,0.1371,0,0
STEEM.V,D,20190926,000000,0.1371,0.1378,0.1216,0.13,0,0
STEEM.V,D,20190927,000000,0.1301,0.1354,0.1274,0.1344,0,0
STEEM.V,D,20190928,000000,0.1345,0.1361,0.1319,0.1339,0,0
STEEM.V,D,20190929,000000,0.1338,0.1366,0.1259,0.1293,0,0
STEEM.V,D,20190930,000000,0.1293,0.134,0.1293,0.1315,0,0
STEEM.V,D,20191001,000000,0.1314,0.1382,0.1309,0.1346,0,0
STEEM.V,D,20191002,000000,0.1346,0.1391,0.1335,0.1367,0,0
STEEM.V,D,20191003,000000,0.1367,0.1437,0.1367,0.1391,0,0
STEEM.V,D,20191004,000000,0.1391,0.1505,0.137,0.146,0,0
STEEM.V,D,20191005,000000,0.1459,0.1481,0.139,0.1423,0,0
STEEM.V,D,20191006,000000,0.1426,0.1477,0.1377,0.1422,0,0
STEEM.V,D,20191007,000000,0.1422,0.1471,0.1381,0.1445,0,0
STEEM.V,D,20191008,000000,0.1444,0.1531,0.1425,0.1486,0,0
STEEM.V,D,20191009,000000,0.1486,0.1518,0.1428,0.1457,0,0
STEEM.V,D,20191010,000000,0.1458,0.1492,0.1398,0.141,0,0
STEEM.V,D,20191011,000000,0.141,0.1427,0.1343,0.1362,0,0
STEEM.V,D,20191012,000000,0.1362,0.1397,0.1353,0.1376,0,0
STEEM.V,D,20191013,000000,0.1376,0.1409,0.1363,0.1391,0,0
STEEM.V,D,20191014,000000,0.1393,0.1393,0.1359,0.1367,0,0
STEEM.V,D,20191015,000000,0.1367,0.1394,0.1311,0.1321,0,0
STEEM.V,D,20191016,000000,0.1321,0.1412,0.1302,0.1394,0,0
STEEM.V,D,20191017,000000,0.1394,0.1481,0.1389,0.1468,0,0
STEEM.V,D,20191018,000000,0.1468,0.155,0.1375,0.1394,0,0
STEEM.V,D,20191019,000000,0.1394,0.1669,0.138,0.1404,0,0
STEEM.V,D,20191020,000000,0.1404,0.1485,0.1386,0.139,0,0
STEEM.V,D,20191021,000000,0.139,0.1423,0.1369,0.138,0,0
STEEM.V,D,20191022,000000,0.1379,0.1398,0.1353,0.1368,0,0
STEEM.V,D,20191023,000000,0.1368,0.1376,0.1223,0.1247,0,0
STEEM.V,D,20191024,000000,0.1246,0.1267,0.1231,0.1258,0,0
STEEM.V,D,20191025,000000,0.1258,0.1365,0.124,0.1343,0,0
STEEM.V,D,20191026,000000,0.1342,0.1435,0.1284,0.1322,0,0
STEEM.V,D,20191027,000000,0.1321,0.1418,0.1303,0.1397,0,0
STEEM.V,D,20191028,000000,0.1398,0.149,0.1375,0.1463,0,0
STEEM.V,D,20191029,000000,0.1462,0.1499,0.1425,0.146,0,0
STEEM.V,D,20191030,000000,0.1459,0.1463,0.1363,0.1418,0,0
STEEM.V,D,20191031,000000,0.1418,0.1635,0.1381,0.1502,0,0
STEEM.V,D,20191101,000000,0.1502,0.1719,0.1443,0.151,0,0
STEEM.V,D,20191102,000000,0.1508,0.1632,0.1505,0.1537,0,0
STEEM.V,D,20191103,000000,0.1537,0.1561,0.1495,0.153,0,0
STEEM.V,D,20191104,000000,0.153,0.1535,0.1478,0.1504,0,0
STEEM.V,D,20191105,000000,0.1504,0.153,0.1456,0.1506,0,0
STEEM.V,D,20191106,000000,0.1506,0.1514,0.1463,0.147,0,0
STEEM.V,D,20191107,000000,0.1468,0.1494,0.1407,0.1439,0,0
STEEM.V,D,20191108,000000,0.1438,0.1458,0.1353,0.143,0,0
STEEM.V,D,20191109,000000,0.1431,0.145,0.1397,0.1414,0,0
STEEM.V,D,20191110,000000,0.1417,0.1454,0.1401,0.1439,0,0
STEEM.V,D,20191111,000000,0.1439,0.1443,0.1361,0.1385,0,0
STEEM.V,D,20191112,000000,0.1384,0.143,0.1372,0.1399,0,0
STEEM.V,D,20191113,000000,0.1399,0.1425,0.139,0.1415,0,0
STEEM.V,D,20191114,000000,0.1414,0.15,0.1362,0.1476,0,0
STEEM.V,D,20191115,000000,0.1474,0.1522,0.1409,0.1444,0,0
STEEM.V,D,20191116,000000,0.1443,0.1492,0.1432,0.1473,0,0
STEEM.V,D,20191117,000000,0.147,0.156,0.1457,0.1505,0,0
STEEM.V,D,20191118,000000,0.1505,0.1514,0.1372,0.1399,0,0
STEEM.V,D,20191119,000000,0.1399,0.1426,0.1303,0.135,0,0
STEEM.V,D,20191120,000000,0.135,0.1373,0.1322,0.1357,0,0
STEEM.V,D,20191121,000000,0.1357,0.1397,0.1222,0.1252,0,0
STEEM.V,D,20191122,000000,0.1249,0.1271,0.105,0.1151,0,0
STEEM.V,D,20191123,000000,0.115,0.1246,0.1106,0.1216,0,0
STEEM.V,D,20191124,000000,0.1216,0.1224,0.1118,0.1138,0,0
STEEM.V,D,20191125,000000,0.1138,0.1248,0.09987,0.1192,0,0
STEEM.V,D,20191126,000000,0.1192,0.1229,0.1143,0.1213,0,0
STEEM.V,D,20191127,000000,0.1214,0.1595,0.1204,0.1312,0,0
STEEM.V,D,20191128,000000,0.1312,0.1367,0.1277,0.1293,0,0
STEEM.V,D,20191129,000000,0.1294,0.132,0.1261,0.1271,0,0
STEEM.V,D,20191130,000000,0.1272,0.1295,0.1225,0.123,0,0
STEEM.V,D,20191201,000000,0.123,0.1242,0.1157,0.1188,0,0
STEEM.V,D,20191202,000000,0.1188,0.1217,0.1155,0.1208,0,0
STEEM.V,D,20191203,000000,0.1208,0.1229,0.1162,0.1179,0,0
STEEM.V,D,20191204,000000,0.1179,0.1268,0.1141,0.1173,0,0
STEEM.V,D,20191205,000000,0.1173,0.1227,0.1155,0.1183,0,0
STEEM.V,D,20191206,000000,0.1183,0.1226,0.1165,0.1214,0,0
STEEM.V,D,20191207,000000,0.1214,0.1225,0.12,0.1211,0,0
STEEM.V,D,20191208,000000,0.1211,0.1257,0.1184,0.1247,0,0
STEEM.V,D,20191209,000000,0.1247,0.1285,0.1207,0.1272,0,0
STEEM.V,D,20191210,000000,0.1272,0.142,0.126,0.1332,0,0
STEEM.V,D,20191211,000000,0.1332,0.1371,0.1271,0.1339,0,0
STEEM.V,D,20191212,000000,0.1339,0.1474,0.1317,0.1372,0,0
STEEM.V,D,20191213,000000,0.1372,0.1382,0.1311,0.1314,0,0
STEEM.V,D,20191214,000000,0.1314,0.1352,0.1287,0.1299,0,0
STEEM.V,D,20191215,000000,0.1299,0.1379,0.1222,0.1322,0,0
STEEM.V,D,20191216,000000,0.1323,0.1383,0.123,0.1245,0,0
STEEM.V,D,20191217,000000,0.1245,0.1245,0.1175,0.1178,0,0
STEEM.V,D,20191218,000000,0.1178,0.133,0.1163,0.1328,0,0
STEEM.V,D,20191219,000000,0.1335,0.1452,0.13,0.1443,0,0
STEEM.V,D,20191220,000000,0.1443,0.1498,0.1374,0.1465,0,0
STEEM.V,D,20191221,000000,0.1464,0.1494,0.1384,0.1462,0,0
STEEM.V,D,20191222,000000,0.1462,0.1482,0.1384,0.1416,0,0
STEEM.V,D,20191223,000000,0.1417,0.1448,0.1345,0.1347,0,0
STEEM.V,D,20191224,000000,0.1347,0.1361,0.1303,0.1311,0,0
STEEM.V,D,20191225,000000,0.1311,0.1322,0.1228,0.1258,0,0
STEEM.V,D,20191226,000000,0.1258,0.1279,0.1217,0.1274,0,0
STEEM.V,D,20191227,000000,0.1274,0.1314,0.1189,0.1256,0,0
STEEM.V,D,20191228,000000,0.1256,0.1272,0.1242,0.1259,0,0
STEEM.V,D,20191229,000000,0.1259,0.1358,0.1254,0.1307,0,0
STEEM.V,D,20191230,000000,0.1307,0.1346,0.1282,0.1316,0,0
STEEM.V,D,20191231,000000,0.1316,0.1319,0.1252,0.1259,0,0
STEEM.V,D,20200101,000000,0.1259,0.1265,0.1228,0.123,0,0
STEEM.V,D,20200102,000000,0.1229,0.1239,0.1194,0.1205,0,0
STEEM.V,D,20200103,000000,0.1204,0.1267,0.1195,0.1264,0,0
STEEM.V,D,20200104,000000,0.1264,0.1271,0.1221,0.1256,0,0
STEEM.V,D,20200105,000000,0.1256,0.1276,0.1229,0.123,0,0
STEEM.V,D,20200106,000000,0.1231,0.126,0.1226,0.1245,0,0
STEEM.V,D,20200107,000000,0.1244,0.1289,0.1218,0.123,0,0
STEEM.V,D,20200108,000000,0.1231,0.132,0.122,0.1235,0,0
STEEM.V,D,20200109,000000,0.1236,0.1251,0.1187,0.119,0,0
STEEM.V,D,20200110,000000,0.119,0.1266,0.1187,0.1256,0,0
STEEM.V,D,20200111,000000,0.1256,0.1497,0.1227,0.131,0,0
STEEM.V,D,20200112,000000,0.131,0.1344,0.1287,0.1309,0,0
STEEM.V,D,20200113,000000,0.1308,0.1356,0.1284,0.1306,0,0
STEEM.V,D,20200114,000000,0.1306,0.1425,0.1295,0.1388,0,0
STEEM.V,D,20200115,000000,0.1386,0.1582,0.1381,0.1436,0,0
STEEM.V,D,20200116,000000,0.1436,0.1467,0.138,0.1423,0,0
STEEM.V,D,20200117,000000,0.1423,0.1503,0.1406,0.1492,0,0
STEEM.V,D,20200118,000000,0.1492,0.2293,0.1473,0.1922,0,0
STEEM.V,D,20200119,000000,0.1922,0.209,0.1661,0.1681,0,0
STEEM.V,D,20200120,000000,0.168,0.1802,0.1581,0.1673,0,0
STEEM.V,D,20200121,000000,0.167,0.1938,0.1663,0.1706,0,0
STEEM.V,D,20200122,000000,0.1706,0.1757,0.1696,0.1712,0,0
STEEM.V,D,20200123,000000,0.1712,0.1735,0.1503,0.1548,0,0
STEEM.V,D,20200124,000000,0.1548,0.1604,0.1502,0.1567,0,0
STEEM.V,D,20200125,000000,0.1567,0.1577,0.1527,0.1532,0,0
STEEM.V,D,20200126,000000,0.1532,0.1589,0.1515,0.1566,0,0
STEEM.V,D,20200127,000000,0.1567,0.1663,0.1565,0.1657,0,0
STEEM.V,D,20200128,000000,0.1658,0.1768,0.1634,0.1634,0,0
STEEM.V,D,20200129,000000,0.1634,0.1685,0.1624,0.1625,0,0
STEEM.V,D,20200130,000000,0.1625,0.167,0.16,0.1659,0,0
STEEM.V,D,20200131,000000,0.1659,0.1671,0.1608,0.1653,0,0
STEEM.V,D,20200201,000000,0.1653,0.1773,0.1638,0.1738,0,0
STEEM.V,D,20200202,000000,0.1738,0.1849,0.1737,0.1836,0,0
STEEM.V,D,20200203,000000,0.1836,0.1898,0.1769,0.1803,0,0
STEEM.V,D,20200204,000000,0.1803,0.1995,0.1744,0.1899,0,0
STEEM.V,D,20200205,000000,0.1899,0.1978,0.1841,0.1946,0,0
STEEM.V,D,20200206,000000,0.1946,0.2227,0.1907,0.2089,0,0
STEEM.V,D,20200207,000000,0.2089,0.2116,0.201,0.2082,0,0
STEEM.V,D,20200208,000000,0.2082,0.2108,0.197,0.1993,0,0
STEEM.V,D,20200209,000000,0.1992,0.2042,0.197,0.2034,0,0
STEEM.V,D,20200210,000000,0.2034,0.2134,0.1935,0.2088,0,0
STEEM.V,D,20200211,000000,0.2088,0.2314,0.2014,0.2301,0,0
STEEM.V,D,20200212,000000,0.2301,0.2448,0.2236,0.2289,0,0
STEEM.V,D,20200213,000000,0.2289,0.2622,0.2194,0.2557,0,0
STEEM.V,D,20200214,000000,0.2557,0.3089,0.243,0.2823,0,0
STEEM.V,D,20200215,000000,0.2823,0.2946,0.2452,0.2518,0,0
STEEM.V,D,20200216,000000,0.2507,0.2566,0.21,0.2288,0,0
STEEM.V,D,20200217,000000,0.2289,0.2402,0.1999,0.2147,0,0
STEEM.V,D,20200218,000000,0.2147,0.2605,0.2145,0.2604,0,0
STEEM.V,D,20200219,000000,0.2603,0.2607,0.2146,0.2226,0,0
STEEM.V,D,20200220,000000,0.2227,0.2248,0.2045,0.2113,0,0
STEEM.V,D,20200221,000000,0.2114,0.2258,0.2105,0.219,0,0
STEEM.V,D,20200222,000000,0.219,0.2208,0.2093,0.2138,0,0
STEEM.V,D,20200223,000000,0.2139,0.2283,0.2129,0.2276,0,0
STEEM.V,D,20200224,000000,0.2277,0.2293,0.2039,0.2049,0,0
STEEM.V,D,20200225,000000,0.2049,0.2083,0.1875,0.1922,0,0
STEEM.V,D,20200226,000000,0.1922,0.1922,0.1528,0.1625,0,0
STEEM.V,D,20200227,000000,0.1625,0.1797,0.1525,0.1732,0,0
STEEM.V,D,20200228,000000,0.1731,0.1801,0.1617,0.1707,0,0
STEEM.V,D,20200229,000000,0.1707,0.2194,0.1692,0.1861,0,0
STEEM.V,D,20200301,000000,0.1862,0.1916,0.1758,0.177,0,0
STEEM.V,D,20200302,000000,0.177,0.1829,0.1758,0.1808,0,0
STEEM.V,D,20200303,000000,0.1807,0.1937,0.1771,0.1835,0,0
STEEM.V,D,20200304,000000,0.1835,0.1936,0.1802,0.1886,0,0
STEEM.V,D,20200305,000000,0.1887,0.1984,0.1874,0.1935,0,0
STEEM.V,D,20200306,000000,0.1935,0.2185,0.1922,0.2135,0,0
STEEM.V,D,20200307,000000,0.2136,0.218,0.1999,0.2107,0,0
STEEM.V,D,20200308,000000,0.2106,0.2131,0.1832,0.1871,0,0
STEEM.V,D,20200309,000000,0.187,0.1975,0.1661,0.1942,0,0
STEEM.V,D,20200310,000000,0.1941,0.2237,0.1893,0.2165,0,0
STEEM.V,D,20200311,000000,0.2165,0.23,0.2009,0.2174,0,0
STEEM.V,D,20200312,000000,0.2167,0.218,0.1306,0.1359,0,0
STEEM.V,D,20200313,000000,0.136,0.1425,0.08678,0.1391,0,0
STEEM.V,D,20200314,000000,0.1387,0.142,0.1248,0.1338,0,0
STEEM.V,D,20200315,000000,0.1336,0.1487,0.1265,0.1349,0,0
STEEM.V,D,20200316,000000,0.1348,0.1401,0.1082,0.1188,0,0
STEEM.V,D,20200317,000000,0.1188,0.1387,0.1188,0.1321,0,0
STEEM.V,D,20200318,000000,0.132,0.2201,0.1201,0.1907,0,0
STEEM.V,D,20200319,000000,0.1906,0.4324,0.1866,0.3039,0,0
STEEM.V,D,20200320,000000,0.3009,0.3254,0.1645,0.1857,0,0
STEEM.V,D,20200321,000000,0.1869,0.2047,0.1699,0.1883,0,0
STEEM.V,D,20200322,000000,0.1883,0.2092,0.1592,0.1605,0,0
STEEM.V,D,20200323,000000,0.1769,0.2337,0.1536,0.1669,0,0
STEEM.V,D,20200324,000000,0.1957,0.2057,0.1644,0.1779,0,0
STEEM.V,D,20200325,000000,0.1781,0.1815,0.1641,0.1678,0,0
STEEM.V,D,20200326,000000,0.1678,0.1906,0.1668,0.1729,0,0
STEEM.V,D,20200327,000000,0.1728,0.1779,0.1627,0.1685,0,0
STEEM.V,D,20200328,000000,0.1687,0.1806,0.1527,0.1728,0,0
STEEM.V,D,20200329,000000,0.172,0.1803,0.1474,0.1537,0,0
STEEM.V,D,20200330,000000,0.1537,0.1764,0.1462,0.1655,0,0
STEEM.V,D,20200331,000000,0.1661,0.1772,0.151,0.1665,0,0
STEEM.V,D,20200401,000000,0.1755,0.1786,0.1433,0.1434,0,0
STEEM.V,D,20200402,000000,0.1437,0.1693,0.1436,0.1593,0,0
STEEM.V,D,20200403,000000,0.1593,0.1984,0.1494,0.1776,0,0
STEEM.V,D,20200404,000000,0.1773,0.2025,0.1773,0.1819,0,0
STEEM.V,D,20200405,000000,0.1823,0.1845,0.1716,0.1732,0,0
STEEM.V,D,20200406,000000,0.1732,0.1792,0.1718,0.1754,0,0
STEEM.V,D,20200407,000000,0.1756,0.181,0.1707,0.1721,0,0
STEEM.V,D,20200408,000000,0.1719,0.1786,0.1698,0.1733,0,0
STEEM.V,D,20200409,000000,0.1733,0.1768,0.1694,0.1702,0,0
STEEM.V,D,20200410,000000,0.1703,0.1715,0.1483,0.1547,0,0
STEEM.V,D,20200411,000000,0.1547,0.1602,0.1496,0.1518,0,0
STEEM.V,D,20200412,000000,0.1519,0.1591,0.1504,0.1577,0,0
STEEM.V,D,20200413,000000,0.1577,0.1579,0.1458,0.1508,0,0
STEEM.V,D,20200414,000000,0.1508,0.1555,0.1495,0.1514,0,0
STEEM.V,D,20200415,000000,0.1515,0.1535,0.1483,0.1496,0,0
STEEM.V,D,20200416,000000,0.1497,0.1545,0.1422,0.1504,0,0
STEEM.V,D,20200417,000000,0.1504,0.1584,0.1498,0.1529,0,0
STEEM.V,D,20200418,000000,0.1529,0.1575,0.152,0.1547,0,0
STEEM.V,D,20200419,000000,0.1547,0.156,0.1493,0.155,0,0
STEEM.V,D,20200420,000000,0.1549,0.1683,0.1454,0.1482,0,0
STEEM.V,D,20200421,000000,0.1487,0.1525,0.1472,0.1491,0,0
STEEM.V,D,20200422,000000,0.1491,0.1533,0.147,0.1513,0,0
STEEM.V,D,20200423,000000,0.1513,0.1627,0.1492,0.1561,0,0
STEEM.V,D,20200424,000000,0.156,0.1767,0.1538,0.164,0,0
STEEM.V,D,20200425,000000,0.1639,0.1696,0.1606,0.1612,0,0
STEEM.V,D,20200426,000000,0.1612,0.1981,0.1602,0.1867,0,0
STEEM.V,D,20200427,000000,0.1867,0.2509,0.1807,0.2151,0,0
STEEM.V,D,20200428,000000,0.215,0.2367,0.1893,0.1954,0,0
STEEM.V,D,20200429,000000,0.1954,0.2105,0.1884,0.1947,0,0
STEEM.V,D,20200430,000000,0.1947,0.2041,0.1799,0.1861,0,0
STEEM.V,D,20200501,000000,0.1861,0.1992,0.1833,0.1876,0,0
STEEM.V,D,20200502,000000,0.1875,0.1885,0.1834,0.1861,0,0
STEEM.V,D,20200503,000000,0.1861,0.189,0.1761,0.184,0,0
STEEM.V,D,20200504,000000,0.1839,0.1953,0.1757,0.1864,0,0
STEEM.V,D,20200505,000000,0.1864,0.1866,0.1801,0.182,0,0
STEEM.V,D,20200506,000000,0.182,0.1839,0.1795,0.1796,0,0
STEEM.V,D,20200507,000000,0.1796,0.1817,0.1743,0.1786,0,0
STEEM.V,D,20200508,000000,0.1786,0.1846,0.1768,0.1829,0,0
STEEM.V,D,20200509,000000,0.183,0.1991,0.1799,0.1885,0,0
STEEM.V,D,20200510,000000,0.1885,0.1901,0.1585,0.1652,0,0
STEEM.V,D,20200511,000000,0.1652,0.1737,0.156,0.1614,0,0
STEEM.V,D,20200512,000000,0.1614,0.1691,0.1602,0.166,0,0
STEEM.V,D,20200513,000000,0.1663,0.1712,0.1553,0.1695,0,0
STEEM.V,D,20200514,000000,0.1694,0.1766,0.1675,0.173,0,0
STEEM.V,D,20200515,000000,0.173,0.1808,0.1682,0.1758,0,0
STEEM.V,D,20200516,000000,0.1758,0.1793,0.1727,0.1745,0,0
STEEM.V,D,20200517,000000,0.1745,0.1808,0.1742,0.1774,0,0
STEEM.V,D,20200518,000000,0.1775,0.1884,0.1754,0.1816,0,0
STEEM.V,D,20200519,000000,0.1816,0.2289,0.1809,0.2114,0,0
STEEM.V,D,20200520,000000,0.2114,0.3137,0.211,0.253,0,0
STEEM.V,D,20200521,000000,0.253,0.2612,0.2127,0.2224,0,0
STEEM.V,D,20200522,000000,0.2224,0.227,0.2047,0.2145,0,0
STEEM.V,D,20200523,000000,0.2145,0.2599,0.2127,0.2235,0,0
STEEM.V,D,20200524,000000,0.2235,0.2289,0.2091,0.2154,0,0
STEEM.V,D,20200525,000000,0.2155,0.2183,0.2015,0.2155,0,0
STEEM.V,D,20200526,000000,0.2155,0.2201,0.2089,0.212,0,0
STEEM.V,D,20200527,000000,0.212,0.2247,0.2089,0.2131,0,0
STEEM.V,D,20200528,000000,0.2131,0.2234,0.2101,0.2205,0,0
STEEM.V,D,20200529,000000,0.2205,0.225,0.2109,0.2148,0,0
STEEM.V,D,20200530,000000,0.2148,0.2295,0.2133,0.2216,0,0
STEEM.V,D,20200531,000000,0.2216,0.2273,0.2185,0.2243,0,0
STEEM.V,D,20200601,000000,0.2243,0.2245,0.2104,0.2134,0,0
STEEM.V,D,20200602,000000,0.2134,0.2204,0.1985,0.2071,0,0
STEEM.V,D,20200603,000000,0.2071,0.2083,0.2022,0.2057,0,0
STEEM.V,D,20200604,000000,0.2057,0.2121,0.2037,0.2118,0,0
STEEM.V,D,20200605,000000,0.2118,0.2149,0.2024,0.2086,0,0
STEEM.V,D,20200606,000000,0.2086,0.2161,0.2058,0.2151,0,0
STEEM.V,D,20200607,000000,0.2151,0.238,0.2132,0.2356,0,0
STEEM.V,D,20200608,000000,0.2357,0.237,0.222,0.2239,0,0
STEEM.V,D,20200609,000000,0.2239,0.2346,0.2221,0.2311,0,0
STEEM.V,D,20200610,000000,0.2311,0.2322,0.2183,0.2222,0,0
STEEM.V,D,20200611,000000,0.2225,0.225,0.1954,0.1989,0,0
STEEM.V,D,20200612,000000,0.1988,0.2061,0.1902,0.2013,0,0
STEEM.V,D,20200613,000000,0.2014,0.2074,0.2013,0.2039,0,0
STEEM.V,D,20200614,000000,0.2039,0.2106,0.202,0.2069,0,0
STEEM.V,D,20200615,000000,0.207,0.207,0.1889,0.2019,0,0
STEEM.V,D,20200616,000000,0.202,0.2079,0.1998,0.2047,0,0
STEEM.V,D,20200617,000000,0.2043,0.2199,0.2036,0.2129,0,0
STEEM.V,D,20200618,000000,0.2129,0.2267,0.2121,0.2162,0,0
STEEM.V,D,20200619,000000,0.2161,0.22,0.2064,0.2092,0,0
STEEM.V,D,20200620,000000,0.2093,0.214,0.2066,0.2112,0,0
STEEM.V,D,20200621,000000,0.2115,0.2133,0.2044,0.2051,0,0
STEEM.V,D,20200622,000000,0.2051,0.2111,0.2036,0.2097,0,0
STEEM.V,D,20200623,000000,0.2097,0.2139,0.207,0.2122,0,0
STEEM.V,D,20200624,000000,0.2122,0.2156,0.2005,0.2032,0,0
STEEM.V,D,20200625,000000,0.2032,0.2047,0.1947,0.2029,0,0
STEEM.V,D,20200626,000000,0.2029,0.2076,0.1947,0.2026,0,0
STEEM.V,D,20200627,000000,0.2026,0.2121,0.1958,0.1983,0,0
STEEM.V,D,20200628,000000,0.1983,0.2027,0.1925,0.1989,0,0
STEEM.V,D,20200629,000000,0.1989,0.2022,0.1958,0.2012,0,0
STEEM.V,D,20200630,000000,0.2012,0.2035,0.1977,0.2021,0,0
STEEM.V,D,20200701,000000,0.2021,0.2098,0.1982,0.2043,0,0
STEEM.V,D,20200702,000000,0.2043,0.2084,0.1979,0.2042,0,0
STEEM.V,D,20200703,000000,0.2039,0.2057,0.1992,0.2009,0,0
STEEM.V,D,20200704,000000,0.2009,0.2023,0.1981,0.1992,0,0
STEEM.V,D,20200705,000000,0.1992,0.2009,0.1943,0.1956,0,0
STEEM.V,D,20200706,000000,0.1956,0.2047,0.1956,0.203,0,0
STEEM.V,D,20200707,000000,0.2029,0.2084,0.2014,0.2048,0,0
STEEM.V,D,20200708,000000,0.2047,0.2143,0.2031,0.2125,0,0
STEEM.V,D,20200709,000000,0.2125,0.224,0.2069,0.2129,0,0
STEEM.V,D,20200710,000000,0.2129,0.2148,0.2072,0.2117,0,0
STEEM.V,D,20200711,000000,0.2118,0.2175,0.2092,0.2135,0,0
STEEM.V,D,20200712,000000,0.2135,0.2148,0.2074,0.2081,0,0
STEEM.V,D,20200713,000000,0.2081,0.2161,0.2072,0.2113,0,0
STEEM.V,D,20200714,000000,0.2104,0.2104,0.202,0.2065,0,0
STEEM.V,D,20200715,000000,0.2065,0.2093,0.2017,0.2053,0,0
STEEM.V,D,20200716,000000,0.2053,0.2057,0.1956,0.1991,0,0
STEEM.V,D,20200717,000000,0.1991,0.2051,0.1982,0.2009,0,0
STEEM.V,D,20200718,000000,0.201,0.2085,0.1909,0.2068,0,0
STEEM.V,D,20200719,000000,0.2067,0.2088,0.2048,0.2073,0,0
STEEM.V,D,20200720,000000,0.2073,0.2109,0.2042,0.2089,0,0
STEEM.V,D,20200721,000000,0.209,0.2258,0.2056,0.2258,0,0
STEEM.V,D,20200722,000000,0.2231,0.2248,0.2187,0.2187,0,0
