<TICKER>,<PER>,<DATE>,<TIME>,<OPEN>,<HIGH>,<LOW>,<CLOSE>,<VOL>,<OPENINT>
THETA.V,D,20180130,000000,0.2364,0.2364,0.2066,0.2157,0,0
THETA.V,D,20180131,000000,0.2143,0.2505,0.1979,0.218,0,0
THETA.V,D,20180201,000000,0.2184,0.2184,0.169,0.191,0,0
THETA.V,D,20180202,000000,0.191,0.191,0.1522,0.1724,0,0
THETA.V,D,20180203,000000,0.1729,0.2014,0.1729,0.1886,0,0
THETA.V,D,20180204,000000,0.1891,0.1891,0.1488,0.151,0,0
THETA.V,D,20180205,000000,0.151,0.151,0.1145,0.1181,0,0
THETA.V,D,20180206,000000,0.1183,0.138,0.1183,0.1368,0,0
THETA.V,D,20180207,000000,0.1362,0.1362,0.1197,0.1222,0,0
THETA.V,D,20180208,000000,0.1223,0.1413,0.1223,0.1295,0,0
THETA.V,D,20180209,000000,0.1303,0.1546,0.1303,0.1416,0,0
THETA.V,D,20180210,000000,0.1417,0.1446,0.1286,0.1305,0,0
THETA.V,D,20180211,000000,0.1308,0.1308,0.1094,0.1167,0,0
THETA.V,D,20180212,000000,0.1167,0.1296,0.1123,0.1173,0,0
THETA.V,D,20180213,000000,0.1167,0.1167,0.1106,0.1147,0,0
THETA.V,D,20180214,000000,0.1147,0.134,0.1147,0.1297,0,0
THETA.V,D,20180215,000000,0.13,0.169,0.124,0.1406,0,0
THETA.V,D,20180216,000000,0.1408,0.1466,0.1362,0.1409,0,0
THETA.V,D,20180217,000000,0.1408,0.1996,0.1408,0.1679,0,0
THETA.V,D,20180218,000000,0.1679,0.1819,0.1506,0.1674,0,0
THETA.V,D,20180219,000000,0.1672,0.1879,0.1672,0.1703,0,0
THETA.V,D,20180220,000000,0.1703,0.1724,0.1432,0.1457,0,0
THETA.V,D,20180221,000000,0.1443,0.1443,0.1253,0.1275,0,0
THETA.V,D,20180222,000000,0.1279,0.1347,0.1192,0.1304,0,0
THETA.V,D,20180223,000000,0.1296,0.1381,0.1296,0.1311,0,0
THETA.V,D,20180224,000000,0.1323,0.1323,0.1219,0.126,0,0
THETA.V,D,20180225,000000,0.126,0.1276,0.09245,0.1145,0,0
THETA.V,D,20180226,000000,0.1144,0.1355,0.1144,0.1263,0,0
THETA.V,D,20180227,000000,0.1253,0.149,0.1204,0.1389,0,0
THETA.V,D,20180228,000000,0.1385,0.1472,0.1278,0.1462,0,0
THETA.V,D,20180301,000000,0.1465,0.2164,0.1465,0.2137,0,0
THETA.V,D,20180302,000000,0.2137,0.2171,0.1726,0.1965,0,0
THETA.V,D,20180303,000000,0.1948,0.238,0.1857,0.2301,0,0
THETA.V,D,20180304,000000,0.2293,0.2449,0.2049,0.2143,0,0
THETA.V,D,20180305,000000,0.216,0.2239,0.2004,0.2126,0,0
THETA.V,D,20180306,000000,0.213,0.213,0.1786,0.2039,0,0
THETA.V,D,20180307,000000,0.2035,0.2035,0.1566,0.1694,0,0
THETA.V,D,20180308,000000,0.1693,0.1693,0.1307,0.1369,0,0
THETA.V,D,20180309,000000,0.137,0.1746,0.1228,0.1682,0,0
THETA.V,D,20180310,000000,0.1666,0.1803,0.1487,0.1637,0,0
THETA.V,D,20180311,000000,0.1634,0.1954,0.1634,0.1825,0,0
THETA.V,D,20180312,000000,0.1825,0.1825,0.1603,0.1669,0,0
THETA.V,D,20180313,000000,0.1669,0.1687,0.1568,0.1631,0,0
THETA.V,D,20180314,000000,0.1632,0.1632,0.1399,0.1472,0,0
THETA.V,D,20180315,000000,0.1468,0.1531,0.14,0.1465,0,0
THETA.V,D,20180316,000000,0.1467,0.1497,0.1429,0.1463,0,0
THETA.V,D,20180317,000000,0.1458,0.1458,0.1382,0.1422,0,0
THETA.V,D,20180318,000000,0.1422,0.1487,0.1315,0.1401,0,0
THETA.V,D,20180319,000000,0.1397,0.156,0.1397,0.1482,0,0
THETA.V,D,20180320,000000,0.1484,0.1646,0.1451,0.1552,0,0
THETA.V,D,20180321,000000,0.1547,0.1634,0.1491,0.1544,0,0
THETA.V,D,20180322,000000,0.1543,0.1543,0.1427,0.1486,0,0
THETA.V,D,20180323,000000,0.1484,0.1602,0.1469,0.1516,0,0
THETA.V,D,20180324,000000,0.1519,0.1519,0.1409,0.1444,0,0
THETA.V,D,20180325,000000,0.1445,0.1486,0.1415,0.1445,0,0
THETA.V,D,20180326,000000,0.1444,0.1444,0.1282,0.1314,0,0
THETA.V,D,20180327,000000,0.1317,0.1341,0.1242,0.1282,0,0
THETA.V,D,20180328,000000,0.1285,0.1373,0.1285,0.1335,0,0
THETA.V,D,20180329,000000,0.1334,0.1334,0.1151,0.1182,0,0
THETA.V,D,20180330,000000,0.1181,0.1181,0.1121,0.1159,0,0
THETA.V,D,20180331,000000,0.116,0.1208,0.114,0.1164,0,0
THETA.V,D,20180401,000000,0.1167,0.1167,0.1074,0.1083,0,0
THETA.V,D,20180402,000000,0.1085,0.1176,0.1076,0.1145,0,0
THETA.V,D,20180403,000000,0.1146,0.1229,0.1146,0.1192,0,0
THETA.V,D,20180404,000000,0.1192,0.1192,0.1038,0.1088,0,0
THETA.V,D,20180405,000000,0.1089,0.1121,0.1035,0.1072,0,0
THETA.V,D,20180406,000000,0.107,0.1091,0.09919,0.1009,0,0
THETA.V,D,20180407,000000,0.1007,0.1065,0.1007,0.104,0,0
THETA.V,D,20180408,000000,0.104,0.1085,0.104,0.1053,0,0
THETA.V,D,20180409,000000,0.1053,0.1105,0.09967,0.1061,0,0
THETA.V,D,20180410,000000,0.1061,0.1102,0.1033,0.1051,0,0
THETA.V,D,20180411,000000,0.1051,0.1179,0.1051,0.1136,0,0
THETA.V,D,20180412,000000,0.1136,0.1348,0.1136,0.1254,0,0
THETA.V,D,20180413,000000,0.1255,0.1339,0.1231,0.125,0,0
THETA.V,D,20180414,000000,0.1251,0.1297,0.1176,0.1216,0,0
THETA.V,D,20180415,000000,0.1216,0.1303,0.1216,0.1253,0,0
THETA.V,D,20180416,000000,0.1252,0.1252,0.1119,0.1176,0,0
THETA.V,D,20180417,000000,0.1176,0.1192,0.1119,0.1171,0,0
THETA.V,D,20180418,000000,0.1171,0.1256,0.1171,0.1242,0,0
THETA.V,D,20180419,000000,0.1242,0.1473,0.1242,0.1386,0,0
THETA.V,D,20180420,000000,0.1383,0.1581,0.1383,0.1448,0,0
THETA.V,D,20180421,000000,0.1448,0.1523,0.1345,0.1461,0,0
THETA.V,D,20180422,000000,0.146,0.1629,0.142,0.1517,0,0
THETA.V,D,20180423,000000,0.1519,0.1597,0.1473,0.1494,0,0
THETA.V,D,20180424,000000,0.1484,0.1672,0.1484,0.1587,0,0
THETA.V,D,20180425,000000,0.1589,0.1589,0.1247,0.1308,0,0
THETA.V,D,20180426,000000,0.1305,0.1503,0.1305,0.147,0,0
THETA.V,D,20180427,000000,0.1471,0.1471,0.1331,0.1331,0,0
THETA.V,D,20180428,000000,0.1331,0.1466,0.1331,0.1439,0,0
THETA.V,D,20180429,000000,0.144,0.1555,0.1439,0.148,0,0
THETA.V,D,20180430,000000,0.1479,0.1499,0.1421,0.1431,0,0
THETA.V,D,20180501,000000,0.1431,0.1431,0.1366,0.1411,0,0
THETA.V,D,20180502,000000,0.1411,0.1524,0.1411,0.1467,0,0
THETA.V,D,20180503,000000,0.1467,0.1909,0.1467,0.1743,0,0
THETA.V,D,20180504,000000,0.1744,0.1926,0.1684,0.1761,0,0
THETA.V,D,20180505,000000,0.1763,0.18,0.1668,0.1678,0,0
THETA.V,D,20180506,000000,0.1681,0.1734,0.154,0.1649,0,0
THETA.V,D,20180507,000000,0.165,0.2166,0.154,0.2111,0,0
THETA.V,D,20180508,000000,0.2112,0.2218,0.1869,0.1995,0,0
THETA.V,D,20180509,000000,0.199,0.2188,0.186,0.2188,0,0
THETA.V,D,20180510,000000,0.2183,0.2298,0.2039,0.2168,0,0
THETA.V,D,20180511,000000,0.2169,0.2169,0.1688,0.18,0,0
THETA.V,D,20180512,000000,0.1798,0.2008,0.1596,0.1863,0,0
THETA.V,D,20180513,000000,0.1863,0.2031,0.1798,0.1911,0,0
THETA.V,D,20180514,000000,0.1911,0.2369,0.184,0.2367,0,0
THETA.V,D,20180515,000000,0.2367,0.2441,0.2162,0.2344,0,0
THETA.V,D,20180516,000000,0.2344,0.2475,0.2211,0.2402,0,0
THETA.V,D,20180517,000000,0.24,0.24,0.2052,0.2086,0,0
THETA.V,D,20180518,000000,0.2085,0.2355,0.2059,0.2339,0,0
THETA.V,D,20180519,000000,0.2339,0.2407,0.2218,0.2275,0,0
THETA.V,D,20180520,000000,0.2274,0.2402,0.2257,0.2279,0,0
THETA.V,D,20180521,000000,0.2279,0.2323,0.2073,0.2219,0,0
THETA.V,D,20180522,000000,0.222,0.222,0.1993,0.2015,0,0
THETA.V,D,20180523,000000,0.2013,0.2013,0.1617,0.1734,0,0
THETA.V,D,20180524,000000,0.1735,0.1848,0.1631,0.1777,0,0
THETA.V,D,20180525,000000,0.1775,0.1793,0.1678,0.1686,0,0
THETA.V,D,20180526,000000,0.1686,0.1693,0.1614,0.1658,0,0
THETA.V,D,20180527,000000,0.1655,0.1729,0.1593,0.1631,0,0
THETA.V,D,20180528,000000,0.1631,0.1681,0.1558,0.162,0,0
THETA.V,D,20180529,000000,0.1618,0.221,0.1618,0.1951,0,0
THETA.V,D,20180530,000000,0.1954,0.2975,0.193,0.2866,0,0
THETA.V,D,20180531,000000,0.29,0.2983,0.2248,0.2458,0,0
THETA.V,D,20180601,000000,0.2459,0.2761,0.2319,0.263,0,0
THETA.V,D,20180602,000000,0.2624,0.2714,0.2438,0.2544,0,0
THETA.V,D,20180603,000000,0.2544,0.2755,0.2544,0.2688,0,0
THETA.V,D,20180604,000000,0.2686,0.2786,0.2456,0.2553,0,0
THETA.V,D,20180605,000000,0.2553,0.2648,0.246,0.2597,0,0
THETA.V,D,20180606,000000,0.2597,0.2703,0.2531,0.2559,0,0
THETA.V,D,20180607,000000,0.2559,0.2609,0.2367,0.2391,0,0
THETA.V,D,20180608,000000,0.2391,0.2419,0.2293,0.2313,0,0
THETA.V,D,20180609,000000,0.2313,0.2313,0.2026,0.2081,0,0
THETA.V,D,20180610,000000,0.2081,0.2081,0.1753,0.1781,0,0
THETA.V,D,20180611,000000,0.1784,0.214,0.1784,0.2019,0,0
THETA.V,D,20180612,000000,0.2019,0.2019,0.1756,0.1814,0,0
THETA.V,D,20180613,000000,0.1815,0.1815,0.155,0.1627,0,0
THETA.V,D,20180614,000000,0.1627,0.1774,0.1627,0.1738,0,0
THETA.V,D,20180615,000000,0.1737,0.1737,0.1597,0.1617,0,0
THETA.V,D,20180616,000000,0.1616,0.1686,0.1616,0.1653,0,0
THETA.V,D,20180617,000000,0.1652,0.1654,0.1582,0.1591,0,0
THETA.V,D,20180618,000000,0.1591,0.1663,0.1536,0.1603,0,0
THETA.V,D,20180619,000000,0.1605,0.1618,0.1513,0.1527,0,0
THETA.V,D,20180620,000000,0.1528,0.1556,0.1462,0.1483,0,0
THETA.V,D,20180621,000000,0.1483,0.1685,0.1468,0.1532,0,0
THETA.V,D,20180622,000000,0.1532,0.1532,0.1238,0.1256,0,0
THETA.V,D,20180623,000000,0.1256,0.1325,0.1234,0.1244,0,0
THETA.V,D,20180624,000000,0.1244,0.1504,0.1114,0.1375,0,0
THETA.V,D,20180625,000000,0.1373,0.1755,0.1322,0.1606,0,0
THETA.V,D,20180626,000000,0.1604,0.1839,0.1474,0.1539,0,0
THETA.V,D,20180627,000000,0.154,0.1868,0.1525,0.1635,0,0
THETA.V,D,20180628,000000,0.1635,0.1635,0.1352,0.139,0,0
THETA.V,D,20180629,000000,0.139,0.169,0.1388,0.1593,0,0
THETA.V,D,20180630,000000,0.1598,0.1725,0.1557,0.1628,0,0
THETA.V,D,20180701,000000,0.1628,0.1662,0.153,0.1619,0,0
THETA.V,D,20180702,000000,0.1619,0.1709,0.1601,0.1636,0,0
THETA.V,D,20180703,000000,0.1636,0.1748,0.1593,0.1637,0,0
THETA.V,D,20180704,000000,0.1636,0.1682,0.1584,0.1631,0,0
THETA.V,D,20180705,000000,0.1631,0.1678,0.1521,0.154,0,0
THETA.V,D,20180706,000000,0.154,0.1641,0.1491,0.1573,0,0
THETA.V,D,20180707,000000,0.1573,0.1637,0.1548,0.1608,0,0
THETA.V,D,20180708,000000,0.1608,0.1608,0.1532,0.1573,0,0
THETA.V,D,20180709,000000,0.1573,0.1573,0.143,0.1434,0,0
THETA.V,D,20180710,000000,0.1434,0.1434,0.1286,0.1295,0,0
THETA.V,D,20180711,000000,0.1296,0.1328,0.1217,0.1288,0,0
THETA.V,D,20180712,000000,0.1288,0.1336,0.1203,0.1281,0,0
THETA.V,D,20180713,000000,0.1282,0.1359,0.1232,0.1244,0,0
THETA.V,D,20180714,000000,0.1245,0.1297,0.1235,0.126,0,0
THETA.V,D,20180715,000000,0.126,0.1331,0.126,0.1299,0,0
THETA.V,D,20180716,000000,0.13,0.1498,0.13,0.1473,0,0
THETA.V,D,20180717,000000,0.1473,0.1646,0.1473,0.1585,0,0
THETA.V,D,20180718,000000,0.1584,0.1632,0.1549,0.1569,0,0
THETA.V,D,20180719,000000,0.157,0.159,0.1458,0.1474,0,0
THETA.V,D,20180720,000000,0.1474,0.1474,0.1292,0.1295,0,0
THETA.V,D,20180721,000000,0.1295,0.1406,0.1295,0.1378,0,0
THETA.V,D,20180722,000000,0.1375,0.1384,0.1307,0.1325,0,0
THETA.V,D,20180723,000000,0.1326,0.1445,0.13,0.1442,0,0
THETA.V,D,20180724,000000,0.1445,0.1577,0.1351,0.1363,0,0
THETA.V,D,20180725,000000,0.1365,0.1498,0.1324,0.1431,0,0
THETA.V,D,20180726,000000,0.1431,0.1431,0.1321,0.1335,0,0
THETA.V,D,20180727,000000,0.1335,0.1385,0.1329,0.1331,0,0
THETA.V,D,20180728,000000,0.133,0.1348,0.1296,0.1314,0,0
THETA.V,D,20180729,000000,0.1314,0.1348,0.1291,0.1332,0,0
THETA.V,D,20180730,000000,0.1333,0.1333,0.124,0.127,0,0
THETA.V,D,20180731,000000,0.1269,0.1269,0.1114,0.1128,0,0
THETA.V,D,20180801,000000,0.1126,0.1156,0.1091,0.1138,0,0
THETA.V,D,20180802,000000,0.1139,0.1139,0.106,0.1065,0,0
THETA.V,D,20180803,000000,0.1065,0.1151,0.1014,0.1111,0,0
THETA.V,D,20180804,000000,0.1112,0.1112,0.1012,0.1079,0,0
THETA.V,D,20180805,000000,0.1081,0.1272,0.1077,0.1207,0,0
THETA.V,D,20180806,000000,0.1207,0.1207,0.1106,0.1163,0,0
THETA.V,D,20180807,000000,0.1163,0.1163,0.1066,0.1072,0,0
THETA.V,D,20180808,000000,0.1072,0.1106,0.1002,0.1025,0,0
THETA.V,D,20180809,000000,0.1025,0.1154,0.1025,0.108,0,0
THETA.V,D,20180810,000000,0.108,0.108,0.09692,0.09895,0,0
THETA.V,D,20180811,000000,0.09875,0.1003,0.0819,0.08465,0,0
THETA.V,D,20180812,000000,0.08465,0.08776,0.08334,0.08359,0,0
THETA.V,D,20180813,000000,0.08358,0.08524,0.07366,0.07378,0,0
THETA.V,D,20180814,000000,0.07391,0.07391,0.06113,0.06627,0,0
THETA.V,D,20180815,000000,0.06627,0.07071,0.06387,0.06519,0,0
THETA.V,D,20180816,000000,0.06519,0.06994,0.06406,0.06703,0,0
THETA.V,D,20180817,000000,0.06722,0.0957,0.06722,0.09353,0,0
THETA.V,D,20180818,000000,0.09399,0.09399,0.0727,0.07604,0,0
THETA.V,D,20180819,000000,0.07604,0.08752,0.07604,0.08459,0,0
THETA.V,D,20180820,000000,0.08459,0.08459,0.0721,0.07292,0,0
THETA.V,D,20180821,000000,0.07292,0.07952,0.07292,0.07569,0,0
THETA.V,D,20180822,000000,0.07569,0.0762,0.07124,0.07124,0,0
THETA.V,D,20180823,000000,0.0713,0.0903,0.0713,0.0835,0,0
THETA.V,D,20180824,000000,0.0835,0.1194,0.08286,0.1086,0,0
THETA.V,D,20180825,000000,0.1084,0.1124,0.1023,0.1046,0,0
THETA.V,D,20180826,000000,0.1046,0.1046,0.09543,0.09664,0,0
THETA.V,D,20180827,000000,0.09664,0.1073,0.09664,0.1017,0,0
THETA.V,D,20180828,000000,0.102,0.1111,0.102,0.1057,0,0
THETA.V,D,20180829,000000,0.1057,0.1077,0.09943,0.1032,0,0
THETA.V,D,20180830,000000,0.1032,0.1046,0.09749,0.1018,0,0
THETA.V,D,20180831,000000,0.1017,0.1044,0.09936,0.1003,0,0
THETA.V,D,20180901,000000,0.1003,0.108,0.1003,0.1066,0,0
THETA.V,D,20180902,000000,0.1066,0.1087,0.1027,0.1049,0,0
THETA.V,D,20180903,000000,0.1049,0.1151,0.1024,0.108,0,0
THETA.V,D,20180904,000000,0.108,0.1173,0.1078,0.1111,0,0
THETA.V,D,20180905,000000,0.111,0.111,0.08797,0.08864,0,0
THETA.V,D,20180906,000000,0.08817,0.09447,0.08431,0.09415,0,0
THETA.V,D,20180907,000000,0.09421,0.0947,0.08617,0.09021,0,0
THETA.V,D,20180908,000000,0.0903,0.09102,0.08494,0.08606,0,0
THETA.V,D,20180909,000000,0.08612,0.08717,0.08286,0.08436,0,0
THETA.V,D,20180910,000000,0.08436,0.08658,0.08285,0.08589,0,0
THETA.V,D,20180911,000000,0.08589,0.08675,0.07976,0.08197,0,0
THETA.V,D,20180912,000000,0.08197,0.08251,0.07452,0.08099,0,0
THETA.V,D,20180913,000000,0.08099,0.08745,0.08099,0.08453,0,0
THETA.V,D,20180914,000000,0.08453,0.08536,0.08101,0.08296,0,0
THETA.V,D,20180915,000000,0.08295,0.08459,0.08153,0.08342,0,0
THETA.V,D,20180916,000000,0.08349,0.08479,0.08109,0.08453,0,0
THETA.V,D,20180917,000000,0.08408,0.08898,0.07896,0.08265,0,0
THETA.V,D,20180918,000000,0.08284,0.08822,0.08079,0.08231,0,0
THETA.V,D,20180919,000000,0.08225,0.08926,0.08225,0.08843,0,0
THETA.V,D,20180920,000000,0.0883,0.09004,0.08601,0.08809,0,0
THETA.V,D,20180921,000000,0.08809,0.0946,0.08791,0.09203,0,0
THETA.V,D,20180922,000000,0.09203,0.09203,0.08617,0.08779,0,0
THETA.V,D,20180923,000000,0.08779,0.08988,0.08667,0.08854,0,0
THETA.V,D,20180924,000000,0.08854,0.08854,0.08434,0.08565,0,0
THETA.V,D,20180925,000000,0.08565,0.08704,0.08215,0.0862,0,0
THETA.V,D,20180926,000000,0.0862,0.08673,0.08098,0.08453,0,0
THETA.V,D,20180927,000000,0.08453,0.08899,0.08453,0.08772,0,0
THETA.V,D,20180928,000000,0.08772,0.08792,0.08526,0.08613,0,0
THETA.V,D,20180929,000000,0.08613,0.09708,0.08459,0.08697,0,0
THETA.V,D,20180930,000000,0.08724,0.09127,0.08651,0.08823,0,0
THETA.V,D,20181001,000000,0.08836,0.09358,0.08752,0.09015,0,0
THETA.V,D,20181002,000000,0.09015,0.09449,0.08888,0.09312,0,0
THETA.V,D,20181003,000000,0.0926,0.09264,0.08823,0.09128,0,0
THETA.V,D,20181004,000000,0.09129,0.09909,0.09113,0.09876,0,0
THETA.V,D,20181005,000000,0.09903,0.1029,0.09465,0.09704,0,0
THETA.V,D,20181006,000000,0.09704,0.09704,0.09325,0.09351,0,0
THETA.V,D,20181007,000000,0.09351,0.09783,0.09281,0.09644,0,0
THETA.V,D,20181008,000000,0.09645,0.1017,0.09596,0.09689,0,0
THETA.V,D,20181009,000000,0.09689,0.09735,0.09556,0.09716,0,0
THETA.V,D,20181010,000000,0.09716,0.1009,0.09391,0.09845,0,0
THETA.V,D,20181011,000000,0.09799,0.09799,0.07861,0.07979,0,0
THETA.V,D,20181012,000000,0.07979,0.08364,0.07976,0.08251,0,0
THETA.V,D,20181013,000000,0.08253,0.08856,0.08248,0.08386,0,0
THETA.V,D,20181014,000000,0.08354,0.09235,0.08274,0.09046,0,0
THETA.V,D,20181015,000000,0.0909,0.09978,0.08312,0.09039,0,0
THETA.V,D,20181016,000000,0.0904,0.09229,0.08887,0.09025,0,0
THETA.V,D,20181017,000000,0.09025,0.09375,0.08994,0.09053,0,0
THETA.V,D,20181018,000000,0.09056,0.09056,0.08598,0.08656,0,0
THETA.V,D,20181019,000000,0.08657,0.08798,0.08507,0.08721,0,0
THETA.V,D,20181020,000000,0.08721,0.09015,0.08691,0.08957,0,0
THETA.V,D,20181021,000000,0.08957,0.09049,0.08827,0.08912,0,0
THETA.V,D,20181022,000000,0.08912,0.08973,0.0872,0.0894,0,0
THETA.V,D,20181023,000000,0.08942,0.09207,0.08696,0.09091,0,0
THETA.V,D,20181024,000000,0.09091,0.09099,0.08788,0.08898,0,0
THETA.V,D,20181025,000000,0.08899,0.08899,0.08479,0.08731,0,0
THETA.V,D,20181026,000000,0.08731,0.08879,0.08633,0.0873,0,0
THETA.V,D,20181027,000000,0.0873,0.09162,0.08709,0.08935,0,0
THETA.V,D,20181028,000000,0.08942,0.09648,0.08871,0.09383,0,0
THETA.V,D,20181029,000000,0.09383,0.09383,0.08612,0.08821,0,0
THETA.V,D,20181030,000000,0.08821,0.09035,0.0865,0.08902,0,0
THETA.V,D,20181031,000000,0.08902,0.09127,0.08734,0.08987,0,0
THETA.V,D,20181101,000000,0.08994,0.09636,0.08994,0.094,0,0
THETA.V,D,20181102,000000,0.094,0.09509,0.09164,0.09304,0,0
THETA.V,D,20181103,000000,0.09304,0.09386,0.09022,0.09188,0,0
THETA.V,D,20181104,000000,0.09189,0.09532,0.09106,0.09248,0,0
THETA.V,D,20181105,000000,0.09248,0.0958,0.09187,0.09342,0,0
THETA.V,D,20181106,000000,0.09348,0.09447,0.08884,0.09227,0,0
THETA.V,D,20181107,000000,0.09227,0.09311,0.09031,0.09292,0,0
THETA.V,D,20181108,000000,0.09294,0.09579,0.08915,0.09108,0,0
THETA.V,D,20181109,000000,0.09108,0.09108,0.08776,0.08878,0,0
THETA.V,D,20181110,000000,0.08878,0.0891,0.08737,0.08865,0,0
THETA.V,D,20181111,000000,0.08865,0.0892,0.08516,0.08702,0,0
THETA.V,D,20181112,000000,0.08702,0.09193,0.08574,0.08855,0,0
THETA.V,D,20181113,000000,0.08855,0.089,0.08558,0.08558,0,0
THETA.V,D,20181114,000000,0.08558,0.08558,0.07165,0.07418,0,0
THETA.V,D,20181115,000000,0.07417,0.07421,0.07127,0.07314,0,0
THETA.V,D,20181116,000000,0.07314,0.07771,0.07095,0.07145,0,0
THETA.V,D,20181117,000000,0.07146,0.07262,0.06794,0.06861,0,0
THETA.V,D,20181118,000000,0.0686,0.07075,0.0686,0.0707,0,0
THETA.V,D,20181119,000000,0.0707,0.0707,0.05444,0.05974,0,0
THETA.V,D,20181120,000000,0.05974,0.06019,0.04842,0.0505,0,0
THETA.V,D,20181121,000000,0.0505,0.05654,0.04965,0.05645,0,0
THETA.V,D,20181122,000000,0.05631,0.05631,0.05098,0.0525,0,0
THETA.V,D,20181123,000000,0.0525,0.0615,0.05125,0.05646,0,0
THETA.V,D,20181124,000000,0.05646,0.05646,0.04795,0.05037,0,0
THETA.V,D,20181125,000000,0.05037,0.05318,0.04833,0.05297,0,0
THETA.V,D,20181126,000000,0.05298,0.05298,0.04837,0.05166,0,0
THETA.V,D,20181127,000000,0.05166,0.05226,0.04993,0.05085,0,0
THETA.V,D,20181128,000000,0.05085,0.05781,0.05085,0.0547,0,0
THETA.V,D,20181129,000000,0.0547,0.05646,0.05268,0.05371,0,0
THETA.V,D,20181130,000000,0.05371,0.1388,0.04952,0.0895,0,0
THETA.V,D,20181201,000000,0.0895,0.09419,0.07631,0.08038,0,0
THETA.V,D,20181202,000000,0.08022,0.08022,0.06655,0.06771,0,0
THETA.V,D,20181203,000000,0.06771,0.06771,0.05958,0.06136,0,0
THETA.V,D,20181204,000000,0.06136,0.0749,0.06136,0.06558,0,0
THETA.V,D,20181205,000000,0.06558,0.06558,0.05655,0.05707,0,0
THETA.V,D,20181206,000000,0.05707,0.05707,0.0482,0.04932,0,0
THETA.V,D,20181207,000000,0.04932,0.04932,0.04457,0.04755,0,0
THETA.V,D,20181208,000000,0.04755,0.05192,0.04582,0.04686,0,0
THETA.V,D,20181209,000000,0.04686,0.04972,0.04686,0.04782,0,0
THETA.V,D,20181210,000000,0.04782,0.04962,0.0457,0.04851,0,0
THETA.V,D,20181211,000000,0.04851,0.04851,0.04503,0.0454,0,0
THETA.V,D,20181212,000000,0.0454,0.0473,0.04469,0.04521,0,0
THETA.V,D,20181213,000000,0.04521,0.04591,0.04184,0.04197,0,0
THETA.V,D,20181214,000000,0.04197,0.04213,0.04073,0.04135,0,0
THETA.V,D,20181215,000000,0.04135,0.04176,0.04057,0.04128,0,0
THETA.V,D,20181216,000000,0.04128,0.04268,0.04092,0.04157,0,0
THETA.V,D,20181217,000000,0.04157,0.04588,0.04157,0.04513,0,0
THETA.V,D,20181218,000000,0.04513,0.0473,0.04513,0.04615,0,0
THETA.V,D,20181219,000000,0.04615,0.05041,0.04592,0.04678,0,0
THETA.V,D,20181220,000000,0.04678,0.05251,0.04678,0.05044,0,0
THETA.V,D,20181221,000000,0.05044,0.05044,0.04542,0.04874,0,0
THETA.V,D,20181222,000000,0.04874,0.07035,0.04874,0.05595,0,0
THETA.V,D,20181223,000000,0.05595,0.05955,0.05402,0.05587,0,0
THETA.V,D,20181224,000000,0.05587,0.05719,0.0536,0.05437,0,0
THETA.V,D,20181225,000000,0.05437,0.05437,0.0474,0.04878,0,0
THETA.V,D,20181226,000000,0.04878,0.05019,0.04749,0.04811,0,0
THETA.V,D,20181227,000000,0.04811,0.04811,0.0435,0.04368,0,0
THETA.V,D,20181228,000000,0.04368,0.05997,0.04368,0.05053,0,0
THETA.V,D,20181229,000000,0.05053,0.05396,0.0486,0.05054,0,0
THETA.V,D,20181230,000000,0.05054,0.05198,0.04952,0.05038,0,0
THETA.V,D,20181231,000000,0.05038,0.05038,0.04654,0.04699,0,0
THETA.V,D,20190101,000000,0.04699,0.05246,0.04699,0.05017,0,0
THETA.V,D,20190102,000000,0.05017,0.05213,0.04904,0.05086,0,0
THETA.V,D,20190103,000000,0.05086,0.05504,0.04921,0.0529,0,0
THETA.V,D,20190104,000000,0.0529,0.05346,0.05036,0.05168,0,0
THETA.V,D,20190105,000000,0.05168,0.0517,0.04981,0.05047,0,0
THETA.V,D,20190106,000000,0.05047,0.05543,0.05047,0.05227,0,0
THETA.V,D,20190107,000000,0.05227,0.05391,0.05091,0.05152,0,0
THETA.V,D,20190108,000000,0.05152,0.05261,0.04986,0.05071,0,0
THETA.V,D,20190109,000000,0.05071,0.05182,0.05032,0.05109,0,0
THETA.V,D,20190110,000000,0.05109,0.05109,0.04424,0.04468,0,0
THETA.V,D,20190111,000000,0.04468,0.04689,0.04432,0.04616,0,0
THETA.V,D,20190112,000000,0.04616,0.0472,0.04555,0.04679,0,0
THETA.V,D,20190113,000000,0.04679,0.04744,0.0434,0.04421,0,0
THETA.V,D,20190114,000000,0.04421,0.04685,0.04421,0.04656,0,0
THETA.V,D,20190115,000000,0.04656,0.04769,0.04494,0.04584,0,0
THETA.V,D,20190116,000000,0.04584,0.04763,0.04584,0.0473,0,0
THETA.V,D,20190117,000000,0.0473,0.04916,0.0471,0.04784,0,0
THETA.V,D,20190118,000000,0.04784,0.04784,0.04626,0.04695,0,0
THETA.V,D,20190119,000000,0.04695,0.05707,0.04695,0.05102,0,0
THETA.V,D,20190120,000000,0.05102,0.05102,0.04585,0.04681,0,0
THETA.V,D,20190121,000000,0.04681,0.04819,0.04586,0.04765,0,0
THETA.V,D,20190122,000000,0.04765,0.05068,0.04686,0.04974,0,0
THETA.V,D,20190123,000000,0.04974,0.05422,0.04887,0.05179,0,0
THETA.V,D,20190124,000000,0.05179,0.05355,0.05045,0.05175,0,0
THETA.V,D,20190125,000000,0.05175,0.05715,0.05088,0.05543,0,0
THETA.V,D,20190126,000000,0.05543,0.06452,0.05535,0.06204,0,0
THETA.V,D,20190127,000000,0.06204,0.06799,0.05547,0.05701,0,0
THETA.V,D,20190128,000000,0.05701,0.05701,0.04942,0.05197,0,0
THETA.V,D,20190129,000000,0.05197,0.05466,0.05103,0.05233,0,0
THETA.V,D,20190130,000000,0.05233,0.05478,0.0518,0.05381,0,0
THETA.V,D,20190131,000000,0.05381,0.05381,0.0499,0.0523,0,0
THETA.V,D,20190201,000000,0.0523,0.05819,0.05151,0.05774,0,0
THETA.V,D,20190202,000000,0.05774,0.06112,0.05579,0.05712,0,0
THETA.V,D,20190203,000000,0.05712,0.05716,0.05409,0.05568,0,0
THETA.V,D,20190204,000000,0.05568,0.06228,0.05466,0.06049,0,0
THETA.V,D,20190205,000000,0.06049,0.07009,0.05964,0.06875,0,0
THETA.V,D,20190206,000000,0.06875,0.07364,0.0623,0.06281,0,0
THETA.V,D,20190207,000000,0.06281,0.07038,0.06224,0.06889,0,0
THETA.V,D,20190208,000000,0.06889,0.07529,0.06889,0.07177,0,0
THETA.V,D,20190209,000000,0.07177,0.08031,0.0687,0.07849,0,0
THETA.V,D,20190210,000000,0.07849,0.09891,0.0765,0.08634,0,0
THETA.V,D,20190211,000000,0.08634,0.0944,0.08277,0.08718,0,0
THETA.V,D,20190212,000000,0.08718,0.08751,0.08136,0.0836,0,0
THETA.V,D,20190213,000000,0.0836,0.09336,0.08203,0.09144,0,0
THETA.V,D,20190214,000000,0.09144,0.09822,0.08871,0.09255,0,0
THETA.V,D,20190215,000000,0.09255,0.09472,0.08951,0.09214,0,0
THETA.V,D,20190216,000000,0.09214,0.093,0.08555,0.08725,0,0
THETA.V,D,20190217,000000,0.08725,0.09309,0.08725,0.08994,0,0
THETA.V,D,20190218,000000,0.08994,0.09676,0.08749,0.08913,0,0
THETA.V,D,20190219,000000,0.08913,0.09395,0.08637,0.0912,0,0
THETA.V,D,20190220,000000,0.0912,0.1034,0.09109,0.09776,0,0
THETA.V,D,20190221,000000,0.09776,0.09913,0.09063,0.09173,0,0
THETA.V,D,20190222,000000,0.09173,0.09815,0.0917,0.09628,0,0
THETA.V,D,20190223,000000,0.09628,0.1015,0.09628,0.09738,0,0
THETA.V,D,20190224,000000,0.09738,0.09738,0.08569,0.08788,0,0
THETA.V,D,20190225,000000,0.08788,0.1162,0.08788,0.1115,0,0
THETA.V,D,20190226,000000,0.1115,0.1313,0.1042,0.1241,0,0
THETA.V,D,20190227,000000,0.1241,0.1486,0.1227,0.1445,0,0
THETA.V,D,20190228,000000,0.1445,0.1486,0.1304,0.1442,0,0
THETA.V,D,20190301,000000,0.1442,0.1528,0.1384,0.1405,0,0
THETA.V,D,20190302,000000,0.1405,0.1433,0.1372,0.1404,0,0
THETA.V,D,20190303,000000,0.1404,0.1439,0.1299,0.1305,0,0
THETA.V,D,20190304,000000,0.1305,0.1305,0.111,0.1238,0,0
THETA.V,D,20190305,000000,0.1238,0.1316,0.1206,0.1278,0,0
THETA.V,D,20190306,000000,0.1278,0.1494,0.1245,0.1389,0,0
THETA.V,D,20190307,000000,0.1389,0.1416,0.1292,0.1324,0,0
THETA.V,D,20190308,000000,0.1324,0.1333,0.1228,0.1252,0,0
THETA.V,D,20190309,000000,0.1252,0.1395,0.1252,0.1395,0,0
THETA.V,D,20190310,000000,0.1395,0.2045,0.1348,0.1905,0,0
THETA.V,D,20190311,000000,0.1905,0.1922,0.1473,0.1501,0,0
THETA.V,D,20190312,000000,0.1501,0.1726,0.1143,0.1328,0,0
THETA.V,D,20190313,000000,0.1328,0.1406,0.1282,0.1346,0,0
THETA.V,D,20190314,000000,0.1346,0.1496,0.1224,0.1336,0,0
THETA.V,D,20190315,000000,0.1336,0.1435,0.1293,0.1334,0,0
THETA.V,D,20190316,000000,0.1334,0.1377,0.1279,0.1322,0,0
THETA.V,D,20190317,000000,0.1322,0.1369,0.1276,0.1364,0,0
THETA.V,D,20190318,000000,0.1364,0.1391,0.1301,0.1314,0,0
THETA.V,D,20190319,000000,0.1314,0.1356,0.1274,0.1283,0,0
THETA.V,D,20190320,000000,0.1283,0.1323,0.1249,0.1286,0,0
THETA.V,D,20190321,000000,0.1286,0.1297,0.1183,0.1207,0,0
THETA.V,D,20190322,000000,0.1207,0.1339,0.1199,0.1238,0,0
THETA.V,D,20190323,000000,0.1238,0.1247,0.1201,0.1208,0,0
THETA.V,D,20190324,000000,0.1208,0.124,0.115,0.1172,0,0
THETA.V,D,20190325,000000,0.1172,0.1172,0.1045,0.1073,0,0
THETA.V,D,20190326,000000,0.1073,0.1113,0.1018,0.1081,0,0
THETA.V,D,20190327,000000,0.1081,0.1162,0.1065,0.1116,0,0
THETA.V,D,20190328,000000,0.1116,0.1172,0.1113,0.1133,0,0
THETA.V,D,20190329,000000,0.1133,0.1154,0.1096,0.1109,0,0
THETA.V,D,20190330,000000,0.1109,0.1122,0.1074,0.1086,0,0
THETA.V,D,20190331,000000,0.1086,0.1128,0.1064,0.1116,0,0
THETA.V,D,20190401,000000,0.1116,0.1136,0.1072,0.1088,0,0
THETA.V,D,20190402,000000,0.1088,0.1297,0.1088,0.114,0,0
THETA.V,D,20190403,000000,0.114,0.1227,0.1078,0.1107,0,0
THETA.V,D,20190404,000000,0.1107,0.125,0.1086,0.1206,0,0
THETA.V,D,20190405,000000,0.1206,0.1307,0.1206,0.1223,0,0
THETA.V,D,20190406,000000,0.1223,0.1238,0.1152,0.1174,0,0
THETA.V,D,20190407,000000,0.1174,0.1288,0.1155,0.1239,0,0
THETA.V,D,20190408,000000,0.1239,0.1264,0.1164,0.118,0,0
THETA.V,D,20190409,000000,0.118,0.1351,0.1106,0.127,0,0
THETA.V,D,20190410,000000,0.127,0.1358,0.1209,0.1242,0,0
THETA.V,D,20190411,000000,0.1242,0.1242,0.1072,0.111,0,0
THETA.V,D,20190412,000000,0.111,0.1192,0.1081,0.1155,0,0
THETA.V,D,20190413,000000,0.1155,0.1189,0.1126,0.1176,0,0
THETA.V,D,20190414,000000,0.1176,0.1274,0.1176,0.1215,0,0
THETA.V,D,20190415,000000,0.1215,0.1239,0.1148,0.1182,0,0
THETA.V,D,20190416,000000,0.1182,0.1374,0.1182,0.1324,0,0
THETA.V,D,20190417,000000,0.1324,0.1359,0.1268,0.1282,0,0
THETA.V,D,20190418,000000,0.1282,0.1313,0.1255,0.1267,0,0
THETA.V,D,20190419,000000,0.1267,0.1275,0.1204,0.1224,0,0
THETA.V,D,20190420,000000,0.1224,0.1261,0.1202,0.124,0,0
THETA.V,D,20190421,000000,0.124,0.1241,0.1118,0.1149,0,0
THETA.V,D,20190422,000000,0.1149,0.1197,0.1117,0.1122,0,0
THETA.V,D,20190423,000000,0.1122,0.1179,0.1092,0.1104,0,0
THETA.V,D,20190424,000000,0.1104,0.1104,0.09606,0.1007,0,0
THETA.V,D,20190425,000000,0.1007,0.1007,0.09035,0.09448,0,0
THETA.V,D,20190426,000000,0.09448,0.1069,0.09332,0.1026,0,0
THETA.V,D,20190427,000000,0.1026,0.104,0.09873,0.1014,0,0
THETA.V,D,20190428,000000,0.1013,0.1023,0.0977,0.09838,0,0
THETA.V,D,20190429,000000,0.09838,0.09926,0.08826,0.09015,0,0
THETA.V,D,20190430,000000,0.09015,0.09562,0.09015,0.09487,0,0
THETA.V,D,20190501,000000,0.09487,0.09965,0.09319,0.09642,0,0
THETA.V,D,20190502,000000,0.09642,0.1016,0.0945,0.09511,0,0
THETA.V,D,20190503,000000,0.09511,0.1003,0.09332,0.09637,0,0
THETA.V,D,20190504,000000,0.09637,0.09788,0.08865,0.09058,0,0
THETA.V,D,20190505,000000,0.09058,0.09058,0.08639,0.08784,0,0
THETA.V,D,20190506,000000,0.08784,0.09496,0.08651,0.09111,0,0
THETA.V,D,20190507,000000,0.09111,0.09346,0.08438,0.08491,0,0
THETA.V,D,20190508,000000,0.08491,0.08872,0.08374,0.0871,0,0
THETA.V,D,20190509,000000,0.0871,0.09011,0.07764,0.07832,0,0
THETA.V,D,20190510,000000,0.07832,0.08819,0.07832,0.08615,0,0
THETA.V,D,20190511,000000,0.08615,0.09795,0.08615,0.08968,0,0
THETA.V,D,20190512,000000,0.08968,0.0898,0.0838,0.08589,0,0
THETA.V,D,20190513,000000,0.08589,0.1098,0.08589,0.08993,0,0
THETA.V,D,20190514,000000,0.08993,0.1168,0.08978,0.1025,0,0
THETA.V,D,20190515,000000,0.1025,0.1292,0.1025,0.1182,0,0
THETA.V,D,20190516,000000,0.1182,0.1194,0.1063,0.1129,0,0
THETA.V,D,20190517,000000,0.1129,0.1173,0.0976,0.1137,0,0
THETA.V,D,20190518,000000,0.1137,0.1227,0.1111,0.1198,0,0
THETA.V,D,20190519,000000,0.1198,0.1367,0.1154,0.1172,0,0
THETA.V,D,20190520,000000,0.1172,0.1177,0.1104,0.1134,0,0
THETA.V,D,20190521,000000,0.1134,0.1238,0.1109,0.1144,0,0
THETA.V,D,20190522,000000,0.1144,0.1148,0.104,0.1056,0,0
THETA.V,D,20190523,000000,0.1056,0.1115,0.1049,0.1092,0,0
THETA.V,D,20190524,000000,0.1092,0.1472,0.1092,0.119,0,0
THETA.V,D,20190525,000000,0.119,0.1393,0.119,0.1376,0,0
THETA.V,D,20190526,000000,0.1376,0.1503,0.1207,0.125,0,0
THETA.V,D,20190527,000000,0.125,0.1318,0.1226,0.127,0,0
THETA.V,D,20190528,000000,0.127,0.1375,0.1239,0.1326,0,0
THETA.V,D,20190529,000000,0.1326,0.1661,0.1268,0.1504,0,0
THETA.V,D,20190530,000000,0.1504,0.1596,0.1257,0.1311,0,0
THETA.V,D,20190531,000000,0.1311,0.1429,0.1303,0.1365,0,0
THETA.V,D,20190601,000000,0.1365,0.1382,0.1289,0.1317,0,0
THETA.V,D,20190602,000000,0.1317,0.1481,0.1317,0.1412,0,0
THETA.V,D,20190603,000000,0.1412,0.1412,0.1256,0.1302,0,0
THETA.V,D,20190604,000000,0.1302,0.1302,0.1194,0.1227,0,0
THETA.V,D,20190605,000000,0.1227,0.1339,0.1227,0.1295,0,0
THETA.V,D,20190606,000000,0.1295,0.1383,0.1279,0.1309,0,0
THETA.V,D,20190607,000000,0.1309,0.1377,0.1309,0.134,0,0
THETA.V,D,20190608,000000,0.134,0.1455,0.1315,0.1412,0,0
THETA.V,D,20190609,000000,0.1412,0.1412,0.1277,0.1289,0,0
THETA.V,D,20190610,000000,0.1289,0.1489,0.1289,0.1457,0,0
THETA.V,D,20190611,000000,0.1457,0.1468,0.1402,0.1423,0,0
THETA.V,D,20190612,000000,0.1423,0.1475,0.1371,0.1375,0,0
THETA.V,D,20190613,000000,0.1375,0.1398,0.1303,0.1329,0,0
THETA.V,D,20190614,000000,0.1329,0.1435,0.1266,0.1289,0,0
THETA.V,D,20190615,000000,0.1289,0.1342,0.1243,0.1317,0,0
THETA.V,D,20190616,000000,0.1317,0.1336,0.1225,0.1277,0,0
THETA.V,D,20190617,000000,0.1277,0.1334,0.1263,0.1292,0,0
THETA.V,D,20190618,000000,0.1292,0.1292,0.1219,0.1273,0,0
THETA.V,D,20190619,000000,0.1273,0.1311,0.1273,0.1285,0,0
THETA.V,D,20190620,000000,0.1285,0.1369,0.1255,0.1283,0,0
THETA.V,D,20190621,000000,0.1283,0.138,0.1255,0.1257,0,0
THETA.V,D,20190622,000000,0.1257,0.1361,0.1203,0.132,0,0
THETA.V,D,20190623,000000,0.132,0.135,0.1232,0.1293,0,0
THETA.V,D,20190624,000000,0.1293,0.1373,0.1293,0.133,0,0
THETA.V,D,20190625,000000,0.133,0.1476,0.133,0.1364,0,0
THETA.V,D,20190626,000000,0.1364,0.1506,0.1166,0.1242,0,0
THETA.V,D,20190627,000000,0.1242,0.1242,0.1031,0.1161,0,0
THETA.V,D,20190628,000000,0.1161,0.1295,0.1142,0.117,0,0
THETA.V,D,20190629,000000,0.117,0.1206,0.1117,0.1201,0,0
THETA.V,D,20190630,000000,0.1201,0.1201,0.105,0.1142,0,0
THETA.V,D,20190701,000000,0.1142,0.1217,0.1114,0.1204,0,0
THETA.V,D,20190702,000000,0.1204,0.129,0.1125,0.1145,0,0
THETA.V,D,20190703,000000,0.1145,0.1276,0.1145,0.1204,0,0
THETA.V,D,20190704,000000,0.1204,0.1204,0.1102,0.1161,0,0
THETA.V,D,20190705,000000,0.1161,0.1161,0.1109,0.1142,0,0
THETA.V,D,20190706,000000,0.1142,0.1221,0.1138,0.1194,0,0
THETA.V,D,20190707,000000,0.1194,0.1276,0.1188,0.1198,0,0
THETA.V,D,20190708,000000,0.1198,0.1291,0.1156,0.1169,0,0
THETA.V,D,20190709,000000,0.1169,0.1227,0.1155,0.121,0,0
THETA.V,D,20190710,000000,0.121,0.1426,0.1102,0.1209,0,0
THETA.V,D,20190711,000000,0.1209,0.1209,0.1084,0.1104,0,0
THETA.V,D,20190712,000000,0.1104,0.1167,0.1088,0.1137,0,0
THETA.V,D,20190713,000000,0.1137,0.1194,0.1091,0.115,0,0
THETA.V,D,20190714,000000,0.115,0.115,0.09806,0.1028,0,0
THETA.V,D,20190715,000000,0.1028,0.1105,0.102,0.1022,0,0
THETA.V,D,20190716,000000,0.1022,0.1022,0.08698,0.09188,0,0
THETA.V,D,20190717,000000,0.09188,0.1354,0.09188,0.1123,0,0
THETA.V,D,20190718,000000,0.1123,0.1282,0.1123,0.1195,0,0
THETA.V,D,20190719,000000,0.1195,0.1253,0.117,0.1226,0,0
THETA.V,D,20190720,000000,0.1226,0.1256,0.1186,0.1204,0,0
THETA.V,D,20190721,000000,0.1204,0.1239,0.1185,0.1217,0,0
THETA.V,D,20190722,000000,0.1217,0.1278,0.1183,0.1275,0,0
THETA.V,D,20190723,000000,0.1275,0.1275,0.1169,0.1189,0,0
THETA.V,D,20190724,000000,0.1189,0.1217,0.1146,0.1183,0,0
THETA.V,D,20190725,000000,0.1183,0.1294,0.1182,0.1284,0,0
THETA.V,D,20190726,000000,0.1284,0.1284,0.1238,0.1255,0,0
THETA.V,D,20190727,000000,0.1255,0.1264,0.1181,0.1258,0,0
THETA.V,D,20190728,000000,0.1258,0.1276,0.122,0.1236,0,0
THETA.V,D,20190729,000000,0.1236,0.126,0.1217,0.1248,0,0
THETA.V,D,20190730,000000,0.1248,0.1278,0.1209,0.1232,0,0
THETA.V,D,20190731,000000,0.1232,0.1408,0.1231,0.1404,0,0
THETA.V,D,20190801,000000,0.1404,0.148,0.1297,0.1297,0,0
THETA.V,D,20190802,000000,0.1297,0.1347,0.1266,0.1321,0,0
THETA.V,D,20190803,000000,0.1321,0.1358,0.1262,0.1282,0,0
THETA.V,D,20190804,000000,0.1282,0.1306,0.125,0.1257,0,0
THETA.V,D,20190805,000000,0.1257,0.1354,0.1257,0.13,0,0
THETA.V,D,20190806,000000,0.13,0.13,0.1196,0.1229,0,0
THETA.V,D,20190807,000000,0.1229,0.1291,0.1181,0.1184,0,0
THETA.V,D,20190808,000000,0.1184,0.1256,0.1178,0.1202,0,0
THETA.V,D,20190809,000000,0.1202,0.1221,0.1137,0.115,0,0
THETA.V,D,20190810,000000,0.115,0.1167,0.1084,0.1153,0,0
THETA.V,D,20190811,000000,0.1153,0.1231,0.1153,0.1178,0,0
THETA.V,D,20190812,000000,0.1178,0.1283,0.1157,0.1282,0,0
THETA.V,D,20190813,000000,0.1282,0.1282,0.1156,0.1192,0,0
THETA.V,D,20190814,000000,0.1192,0.1192,0.1068,0.1076,0,0
THETA.V,D,20190815,000000,0.1076,0.1133,0.1062,0.1116,0,0
THETA.V,D,20190816,000000,0.1116,0.1138,0.1081,0.1134,0,0
THETA.V,D,20190817,000000,0.1134,0.1157,0.1106,0.1153,0,0
THETA.V,D,20190818,000000,0.1153,0.1194,0.1137,0.1175,0,0
THETA.V,D,20190819,000000,0.1175,0.1301,0.1175,0.1248,0,0
THETA.V,D,20190820,000000,0.1248,0.1287,0.1186,0.1216,0,0
THETA.V,D,20190821,000000,0.1216,0.1266,0.1141,0.1245,0,0
THETA.V,D,20190822,000000,0.1245,0.1281,0.1215,0.128,0,0
THETA.V,D,20190823,000000,0.128,0.1337,0.1253,0.1293,0,0
THETA.V,D,20190824,000000,0.1293,0.1346,0.1255,0.1301,0,0
THETA.V,D,20190825,000000,0.1301,0.1355,0.122,0.1235,0,0
THETA.V,D,20190826,000000,0.1235,0.1265,0.1185,0.1202,0,0
THETA.V,D,20190827,000000,0.1202,0.1336,0.1178,0.1325,0,0
THETA.V,D,20190828,000000,0.1325,0.1325,0.1151,0.1173,0,0
THETA.V,D,20190829,000000,0.1173,0.1173,0.1071,0.1136,0,0
THETA.V,D,20190830,000000,0.1136,0.1162,0.1096,0.112,0,0
THETA.V,D,20190831,000000,0.112,0.116,0.1116,0.1132,0,0
THETA.V,D,20190901,000000,0.1132,0.1156,0.1105,0.1132,0,0
THETA.V,D,20190902,000000,0.1132,0.1206,0.1081,0.1116,0,0
THETA.V,D,20190903,000000,0.1116,0.1157,0.1074,0.1124,0,0
THETA.V,D,20190904,000000,0.1124,0.1176,0.1074,0.1137,0,0
THETA.V,D,20190905,000000,0.1137,0.1163,0.1111,0.1152,0,0
THETA.V,D,20190906,000000,0.1152,0.1152,0.1047,0.1093,0,0
THETA.V,D,20190907,000000,0.1093,0.1117,0.1092,0.1109,0,0
THETA.V,D,20190908,000000,0.1109,0.1124,0.1094,0.1106,0,0
THETA.V,D,20190909,000000,0.1106,0.111,0.1072,0.1099,0,0
THETA.V,D,20190910,000000,0.1099,0.1107,0.1069,0.1094,0,0
THETA.V,D,20190911,000000,0.1094,0.1115,0.1062,0.1067,0,0
THETA.V,D,20190912,000000,0.1067,0.1117,0.1046,0.1051,0,0
THETA.V,D,20190913,000000,0.1051,0.1087,0.1023,0.1058,0,0
THETA.V,D,20190914,000000,0.1058,0.1065,0.1037,0.1055,0,0
THETA.V,D,20190915,000000,0.1055,0.1067,0.1047,0.1055,0,0
THETA.V,D,20190916,000000,0.1055,0.11,0.1029,0.1055,0,0
THETA.V,D,20190917,000000,0.1055,0.1083,0.1018,0.1055,0,0
THETA.V,D,20190918,000000,0.1055,0.1128,0.1041,0.111,0,0
THETA.V,D,20190919,000000,0.111,0.1149,0.108,0.1088,0,0
THETA.V,D,20190920,000000,0.1088,0.1105,0.1073,0.1093,0,0
THETA.V,D,20190921,000000,0.1093,0.1093,0.106,0.1072,0,0
THETA.V,D,20190922,000000,0.1072,0.108,0.1022,0.1031,0,0
THETA.V,D,20190923,000000,0.1031,0.1036,0.09879,0.1015,0,0
THETA.V,D,20190924,000000,0.1015,0.1015,0.08107,0.08278,0,0
THETA.V,D,20190925,000000,0.08278,0.08743,0.08008,0.08346,0,0
THETA.V,D,20190926,000000,0.08346,0.08745,0.07841,0.08511,0,0
THETA.V,D,20190927,000000,0.08511,0.08939,0.08341,0.08546,0,0
THETA.V,D,20190928,000000,0.08546,0.08758,0.08339,0.08495,0,0
THETA.V,D,20190929,000000,0.08495,0.08495,0.0796,0.08122,0,0
THETA.V,D,20190930,000000,0.08122,0.08597,0.08122,0.08273,0,0
THETA.V,D,20191001,000000,0.08273,0.08477,0.07977,0.08077,0,0
THETA.V,D,20191002,000000,0.08077,0.08509,0.08006,0.08282,0,0
THETA.V,D,20191003,000000,0.08282,0.08576,0.08081,0.08444,0,0
THETA.V,D,20191004,000000,0.08444,0.08446,0.08168,0.08307,0,0
THETA.V,D,20191005,000000,0.08307,0.08622,0.08287,0.08622,0,0
THETA.V,D,20191006,000000,0.08622,0.08622,0.08152,0.08419,0,0
THETA.V,D,20191007,000000,0.08419,0.08831,0.08305,0.08683,0,0
THETA.V,D,20191008,000000,0.08683,0.09208,0.08405,0.09036,0,0
THETA.V,D,20191009,000000,0.09036,0.09762,0.08645,0.08868,0,0
THETA.V,D,20191010,000000,0.08868,0.09069,0.08554,0.0888,0,0
THETA.V,D,20191011,000000,0.0888,0.0888,0.08204,0.0841,0,0
THETA.V,D,20191012,000000,0.0841,0.09049,0.084,0.08724,0,0
THETA.V,D,20191013,000000,0.08724,0.08827,0.08388,0.08645,0,0
THETA.V,D,20191014,000000,0.08645,0.08782,0.08498,0.08648,0,0
THETA.V,D,20191015,000000,0.08648,0.0913,0.08451,0.08778,0,0
THETA.V,D,20191016,000000,0.08778,0.08778,0.0807,0.08399,0,0
THETA.V,D,20191017,000000,0.08399,0.08713,0.0839,0.08616,0,0
THETA.V,D,20191018,000000,0.08616,0.08616,0.0814,0.08188,0,0
THETA.V,D,20191019,000000,0.08188,0.08356,0.08125,0.08253,0,0
THETA.V,D,20191020,000000,0.08253,0.08701,0.08253,0.0861,0,0
THETA.V,D,20191021,000000,0.0861,0.08741,0.08404,0.08667,0,0
THETA.V,D,20191022,000000,0.08667,0.09208,0.0838,0.0895,0,0
THETA.V,D,20191023,000000,0.0895,0.09619,0.08332,0.09559,0,0
THETA.V,D,20191024,000000,0.09559,0.09685,0.09022,0.09328,0,0
THETA.V,D,20191025,000000,0.09328,0.111,0.09328,0.09781,0,0
THETA.V,D,20191026,000000,0.09781,0.1057,0.08805,0.09333,0,0
THETA.V,D,20191027,000000,0.09333,0.1015,0.09235,0.09656,0,0
THETA.V,D,20191028,000000,0.09656,0.09831,0.09167,0.09812,0,0
THETA.V,D,20191029,000000,0.09812,0.1064,0.09812,0.1014,0,0
THETA.V,D,20191030,000000,0.1014,0.1014,0.09225,0.09472,0,0
THETA.V,D,20191031,000000,0.09472,0.09496,0.08947,0.09313,0,0
THETA.V,D,20191101,000000,0.09313,0.0965,0.09313,0.09437,0,0
THETA.V,D,20191102,000000,0.09437,0.09722,0.09331,0.09368,0,0
THETA.V,D,20191103,000000,0.09368,0.09563,0.09249,0.09323,0,0
THETA.V,D,20191104,000000,0.09323,0.09629,0.09261,0.09384,0,0
THETA.V,D,20191105,000000,0.09384,0.09417,0.09193,0.09408,0,0
THETA.V,D,20191106,000000,0.09408,0.09478,0.09263,0.09385,0,0
THETA.V,D,20191107,000000,0.09385,0.09385,0.09034,0.09126,0,0
THETA.V,D,20191108,000000,0.09126,0.09126,0.08518,0.08737,0,0
THETA.V,D,20191109,000000,0.08737,0.09131,0.08737,0.09016,0,0
THETA.V,D,20191110,000000,0.09016,0.09335,0.0901,0.09037,0,0
THETA.V,D,20191111,000000,0.09037,0.09037,0.08665,0.08866,0,0
THETA.V,D,20191112,000000,0.08866,0.09053,0.08833,0.09009,0,0
THETA.V,D,20191113,000000,0.09009,0.09055,0.08853,0.09019,0,0
THETA.V,D,20191114,000000,0.09019,0.09019,0.08632,0.08718,0,0
THETA.V,D,20191115,000000,0.08718,0.09358,0.08545,0.09231,0,0
THETA.V,D,20191116,000000,0.09231,0.09298,0.08856,0.09009,0,0
THETA.V,D,20191117,000000,0.09009,0.09052,0.08762,0.08839,0,0
THETA.V,D,20191118,000000,0.08839,0.09239,0.08436,0.0923,0,0
THETA.V,D,20191119,000000,0.0923,0.09565,0.08923,0.09402,0,0
THETA.V,D,20191120,000000,0.09402,0.09688,0.08741,0.08862,0,0
THETA.V,D,20191121,000000,0.08862,0.08862,0.07793,0.08228,0,0
THETA.V,D,20191122,000000,0.08228,0.08228,0.07453,0.07591,0,0
THETA.V,D,20191123,000000,0.07591,0.0767,0.07251,0.07523,0,0
THETA.V,D,20191124,000000,0.07523,0.07523,0.06875,0.06875,0,0
THETA.V,D,20191125,000000,0.06875,0.07338,0.06875,0.07174,0,0
THETA.V,D,20191126,000000,0.07174,0.07457,0.07163,0.07349,0,0
THETA.V,D,20191127,000000,0.07349,0.07923,0.07349,0.07599,0,0
THETA.V,D,20191128,000000,0.07599,0.07651,0.07457,0.07621,0,0
THETA.V,D,20191129,000000,0.07621,0.07987,0.07621,0.07738,0,0
THETA.V,D,20191130,000000,0.07738,0.07738,0.07042,0.07057,0,0
THETA.V,D,20191201,000000,0.07057,0.07621,0.06894,0.07495,0,0
THETA.V,D,20191202,000000,0.07495,0.07495,0.07028,0.07167,0,0
THETA.V,D,20191203,000000,0.07167,0.07379,0.07036,0.07358,0,0
THETA.V,D,20191204,000000,0.07358,0.07358,0.07013,0.07157,0,0
THETA.V,D,20191205,000000,0.07157,0.07992,0.07157,0.07807,0,0
THETA.V,D,20191206,000000,0.07807,0.08277,0.07807,0.07967,0,0
THETA.V,D,20191207,000000,0.07967,0.08033,0.07628,0.07876,0,0
THETA.V,D,20191208,000000,0.07876,0.08739,0.07728,0.08316,0,0
THETA.V,D,20191209,000000,0.08316,0.08718,0.07939,0.08549,0,0
THETA.V,D,20191210,000000,0.08549,0.08549,0.07277,0.07617,0,0
THETA.V,D,20191211,000000,0.07617,0.08647,0.07573,0.08301,0,0
THETA.V,D,20191212,000000,0.08301,0.08862,0.07869,0.08546,0,0
THETA.V,D,20191213,000000,0.08546,0.09215,0.08438,0.09041,0,0
THETA.V,D,20191214,000000,0.09041,0.09041,0.08284,0.08843,0,0
THETA.V,D,20191215,000000,0.08843,0.09914,0.08488,0.09579,0,0
THETA.V,D,20191216,000000,0.09579,0.09877,0.08794,0.09111,0,0
THETA.V,D,20191217,000000,0.09111,0.09867,0.0854,0.09436,0,0
THETA.V,D,20191218,000000,0.09436,0.1112,0.09436,0.1012,0,0
THETA.V,D,20191219,000000,0.1012,0.112,0.09751,0.1073,0,0
THETA.V,D,20191220,000000,0.1073,0.11,0.103,0.1059,0,0
THETA.V,D,20191221,000000,0.1059,0.1059,0.09766,0.09945,0,0
THETA.V,D,20191222,000000,0.09945,0.1113,0.09607,0.09698,0,0
THETA.V,D,20191223,000000,0.09698,0.09796,0.08704,0.08982,0,0
THETA.V,D,20191224,000000,0.08982,0.09446,0.08844,0.09221,0,0
THETA.V,D,20191225,000000,0.09221,0.09637,0.09011,0.09047,0,0
THETA.V,D,20191226,000000,0.09047,0.09096,0.08598,0.08714,0,0
THETA.V,D,20191227,000000,0.08714,0.08879,0.08501,0.08523,0,0
THETA.V,D,20191228,000000,0.08523,0.09131,0.08523,0.08889,0,0
THETA.V,D,20191229,000000,0.08889,0.09027,0.08443,0.08717,0,0
THETA.V,D,20191230,000000,0.08717,0.09202,0.08392,0.08985,0,0
THETA.V,D,20191231,000000,0.08985,0.09404,0.08635,0.08692,0,0
THETA.V,D,20200101,000000,0.08692,0.08937,0.08614,0.08649,0,0
THETA.V,D,20200102,000000,0.08649,0.08881,0.08261,0.08484,0,0
THETA.V,D,20200103,000000,0.08484,0.08962,0.08484,0.08771,0,0
THETA.V,D,20200104,000000,0.08771,0.09484,0.08741,0.09351,0,0
THETA.V,D,20200105,000000,0.09351,0.09546,0.09119,0.09435,0,0
THETA.V,D,20200106,000000,0.09435,0.107,0.09435,0.0996,0,0
THETA.V,D,20200107,000000,0.0996,0.1049,0.09376,0.09588,0,0
THETA.V,D,20200108,000000,0.09588,0.09863,0.09043,0.09807,0,0
THETA.V,D,20200109,000000,0.09807,0.09983,0.0906,0.09264,0,0
THETA.V,D,20200110,000000,0.09264,0.09935,0.09264,0.09517,0,0
THETA.V,D,20200111,000000,0.09517,0.09734,0.09292,0.09389,0,0
THETA.V,D,20200112,000000,0.09389,0.09761,0.09389,0.09556,0,0
THETA.V,D,20200113,000000,0.09556,0.09882,0.09258,0.0972,0,0
THETA.V,D,20200114,000000,0.0972,0.1118,0.0972,0.1053,0,0
THETA.V,D,20200115,000000,0.1053,0.1102,0.1016,0.104,0,0
THETA.V,D,20200116,000000,0.104,0.1064,0.1011,0.1029,0,0
THETA.V,D,20200117,000000,0.1029,0.112,0.1029,0.1104,0,0
THETA.V,D,20200118,000000,0.1104,0.1123,0.1055,0.1087,0,0
THETA.V,D,20200119,000000,0.1087,0.1165,0.1034,0.1123,0,0
THETA.V,D,20200120,000000,0.1123,0.1163,0.1084,0.1099,0,0
THETA.V,D,20200121,000000,0.1099,0.1158,0.1066,0.1117,0,0
THETA.V,D,20200122,000000,0.1117,0.1206,0.1104,0.1188,0,0
THETA.V,D,20200123,000000,0.1188,0.1188,0.1053,0.1081,0,0
THETA.V,D,20200124,000000,0.1081,0.1094,0.1006,0.1047,0,0
THETA.V,D,20200125,000000,0.1047,0.1047,0.09982,0.1014,0,0
THETA.V,D,20200126,000000,0.1014,0.106,0.1014,0.1026,0,0
THETA.V,D,20200127,000000,0.1026,0.1085,0.1021,0.1039,0,0
THETA.V,D,20200128,000000,0.1039,0.1159,0.1039,0.1085,0,0
THETA.V,D,20200129,000000,0.1085,0.1118,0.1026,0.104,0,0
THETA.V,D,20200130,000000,0.104,0.1097,0.1027,0.1038,0,0
THETA.V,D,20200131,000000,0.1038,0.1074,0.1019,0.1061,0,0
THETA.V,D,20200201,000000,0.1061,0.1079,0.1047,0.1054,0,0
THETA.V,D,20200202,000000,0.1054,0.1075,0.104,0.1055,0,0
THETA.V,D,20200203,000000,0.1055,0.1116,0.1036,0.1084,0,0
THETA.V,D,20200204,000000,0.1084,0.1219,0.1065,0.1218,0,0
THETA.V,D,20200205,000000,0.1218,0.1296,0.1144,0.1219,0,0
THETA.V,D,20200206,000000,0.1219,0.125,0.1182,0.1239,0,0
THETA.V,D,20200207,000000,0.1239,0.1251,0.1197,0.1244,0,0
THETA.V,D,20200208,000000,0.1244,0.1267,0.1158,0.1167,0,0
THETA.V,D,20200209,000000,0.1167,0.1244,0.1167,0.1233,0,0
THETA.V,D,20200210,000000,0.1233,0.1321,0.1174,0.1301,0,0
THETA.V,D,20200211,000000,0.1301,0.1359,0.1233,0.1292,0,0
THETA.V,D,20200212,000000,0.1292,0.1387,0.1291,0.1381,0,0
THETA.V,D,20200213,000000,0.1381,0.1832,0.1332,0.1723,0,0
THETA.V,D,20200214,000000,0.1723,0.1813,0.1498,0.1586,0,0
THETA.V,D,20200215,000000,0.1586,0.1586,0.1357,0.1468,0,0
THETA.V,D,20200216,000000,0.1468,0.1471,0.1257,0.1347,0,0
THETA.V,D,20200217,000000,0.1347,0.1425,0.1203,0.1368,0,0
THETA.V,D,20200218,000000,0.1368,0.1457,0.1323,0.1421,0,0
THETA.V,D,20200219,000000,0.1421,0.1421,0.1216,0.1265,0,0
THETA.V,D,20200220,000000,0.1265,0.1349,0.1233,0.1319,0,0
THETA.V,D,20200221,000000,0.1319,0.1399,0.1271,0.1281,0,0
THETA.V,D,20200222,000000,0.1281,0.1316,0.1257,0.1288,0,0
THETA.V,D,20200223,000000,0.1288,0.1462,0.1288,0.1414,0,0
THETA.V,D,20200224,000000,0.1414,0.1498,0.1324,0.1482,0,0
THETA.V,D,20200225,000000,0.1482,0.1482,0.1327,0.1349,0,0
THETA.V,D,20200226,000000,0.1349,0.1349,0.1099,0.1179,0,0
THETA.V,D,20200227,000000,0.1179,0.1253,0.1126,0.1218,0,0
THETA.V,D,20200228,000000,0.1218,0.1229,0.1124,0.1213,0,0
THETA.V,D,20200229,000000,0.1213,0.1213,0.115,0.1164,0,0
THETA.V,D,20200301,000000,0.1164,0.1179,0.1133,0.1164,0,0
THETA.V,D,20200302,000000,0.1164,0.1324,0.1164,0.1283,0,0
THETA.V,D,20200303,000000,0.1283,0.1362,0.1236,0.1317,0,0
THETA.V,D,20200304,000000,0.1317,0.1358,0.126,0.132,0,0
THETA.V,D,20200305,000000,0.132,0.1421,0.132,0.1416,0,0
THETA.V,D,20200306,000000,0.1416,0.1439,0.1321,0.1352,0,0
THETA.V,D,20200307,000000,0.1352,0.1445,0.1303,0.136,0,0
THETA.V,D,20200308,000000,0.136,0.136,0.1095,0.11,0,0
THETA.V,D,20200309,000000,0.11,0.1155,0.1033,0.1092,0,0
THETA.V,D,20200310,000000,0.1092,0.1131,0.1052,0.1102,0,0
THETA.V,D,20200311,000000,0.1102,0.1109,0.09534,0.099,0,0
THETA.V,D,20200312,000000,0.099,0.099,0.04838,0.05364,0,0
THETA.V,D,20200313,000000,0.05364,0.06421,0.05244,0.06207,0,0
THETA.V,D,20200314,000000,0.06207,0.06207,0.05565,0.06114,0,0
THETA.V,D,20200315,000000,0.06114,0.06836,0.0607,0.06145,0,0
THETA.V,D,20200316,000000,0.06145,0.06145,0.05247,0.05322,0,0
THETA.V,D,20200317,000000,0.05322,0.05871,0.05322,0.05711,0,0
THETA.V,D,20200318,000000,0.05711,0.05835,0.05532,0.057,0,0
THETA.V,D,20200319,000000,0.057,0.07354,0.057,0.06568,0,0
THETA.V,D,20200320,000000,0.06568,0.0805,0.0656,0.07175,0,0
THETA.V,D,20200321,000000,0.07175,0.08116,0.0715,0.07298,0,0
THETA.V,D,20200322,000000,0.07298,0.07298,0.06294,0.06312,0,0
THETA.V,D,20200323,000000,0.06312,0.07362,0.06312,0.06985,0,0
THETA.V,D,20200324,000000,0.06985,0.07369,0.06909,0.07112,0,0
THETA.V,D,20200325,000000,0.07112,0.07538,0.06875,0.06949,0,0
THETA.V,D,20200326,000000,0.06949,0.07488,0.06949,0.07278,0,0
THETA.V,D,20200327,000000,0.07278,0.07513,0.06817,0.07193,0,0
THETA.V,D,20200328,000000,0.07193,0.07193,0.06871,0.07028,0,0
THETA.V,D,20200329,000000,0.07028,0.07028,0.06523,0.06541,0,0
THETA.V,D,20200330,000000,0.06541,0.07434,0.06541,0.07255,0,0
THETA.V,D,20200331,000000,0.07255,0.07561,0.07188,0.07413,0,0
THETA.V,D,20200401,000000,0.07413,0.07716,0.0741,0.07443,0,0
THETA.V,D,20200402,000000,0.07443,0.0788,0.07301,0.07791,0,0
THETA.V,D,20200403,000000,0.07791,0.07843,0.07465,0.07627,0,0
THETA.V,D,20200404,000000,0.07627,0.07935,0.07627,0.0788,0,0
THETA.V,D,20200405,000000,0.0788,0.08314,0.07772,0.08036,0,0
THETA.V,D,20200406,000000,0.08036,0.08831,0.08036,0.0878,0,0
THETA.V,D,20200407,000000,0.0878,0.08786,0.0844,0.08476,0,0
THETA.V,D,20200408,000000,0.08476,0.08878,0.08476,0.08775,0,0
THETA.V,D,20200409,000000,0.08775,0.0879,0.08499,0.08693,0,0
THETA.V,D,20200410,000000,0.08696,0.08771,0.07745,0.08046,0,0
THETA.V,D,20200411,000000,0.08045,0.08189,0.07738,0.07838,0,0
THETA.V,D,20200412,000000,0.07841,0.08261,0.07789,0.08151,0,0
THETA.V,D,20200413,000000,0.08151,0.08198,0.07502,0.07713,0,0
THETA.V,D,20200414,000000,0.07714,0.08005,0.07649,0.07746,0,0
THETA.V,D,20200415,000000,0.07749,0.07838,0.07552,0.07606,0,0
THETA.V,D,20200416,000000,0.07606,0.07947,0.07172,0.07881,0,0
THETA.V,D,20200417,000000,0.07881,0.07995,0.07741,0.07779,0,0
THETA.V,D,20200418,000000,0.07779,0.08037,0.07737,0.08012,0,0
THETA.V,D,20200419,000000,0.08012,0.08221,0.07877,0.08221,0,0
THETA.V,D,20200420,000000,0.08222,0.08796,0.08143,0.0835,0,0
THETA.V,D,20200421,000000,0.08349,0.0872,0.08284,0.08705,0,0
THETA.V,D,20200422,000000,0.08705,0.09374,0.08522,0.09099,0,0
THETA.V,D,20200423,000000,0.09099,0.1046,0.09004,0.1011,0,0
THETA.V,D,20200424,000000,0.1011,0.1033,0.0977,0.1022,0,0
THETA.V,D,20200425,000000,0.1022,0.1083,0.09953,0.1068,0,0
THETA.V,D,20200426,000000,0.1068,0.1165,0.1063,0.1125,0,0
THETA.V,D,20200427,000000,0.1125,0.1156,0.1019,0.1066,0,0
THETA.V,D,20200428,000000,0.1066,0.1096,0.1043,0.1094,0,0
THETA.V,D,20200429,000000,0.1093,0.1186,0.1084,0.1184,0,0
THETA.V,D,20200430,000000,0.1184,0.1265,0.1093,0.1217,0,0
THETA.V,D,20200501,000000,0.1217,0.1289,0.1201,0.1246,0,0
THETA.V,D,20200502,000000,0.1246,0.141,0.1235,0.1396,0,0
THETA.V,D,20200503,000000,0.1396,0.149,0.135,0.1414,0,0
THETA.V,D,20200504,000000,0.1413,0.1457,0.1315,0.1456,0,0
THETA.V,D,20200505,000000,0.1456,0.161,0.1429,0.1515,0,0
THETA.V,D,20200506,000000,0.1515,0.1567,0.1461,0.1546,0,0
THETA.V,D,20200507,000000,0.1549,0.1599,0.1489,0.1567,0,0
THETA.V,D,20200508,000000,0.1567,0.1705,0.1558,0.1672,0,0
THETA.V,D,20200509,000000,0.1672,0.1694,0.1566,0.1591,0,0
THETA.V,D,20200510,000000,0.1591,0.1591,0.1327,0.1425,0,0
THETA.V,D,20200511,000000,0.1425,0.1468,0.1339,0.1445,0,0
THETA.V,D,20200512,000000,0.1446,0.1854,0.1446,0.1736,0,0
THETA.V,D,20200513,000000,0.1737,0.1829,0.1654,0.1744,0,0
THETA.V,D,20200514,000000,0.1746,0.1752,0.1621,0.1671,0,0
THETA.V,D,20200515,000000,0.167,0.1928,0.1658,0.187,0,0
THETA.V,D,20200516,000000,0.187,0.1968,0.1809,0.1846,0,0
THETA.V,D,20200517,000000,0.1846,0.1952,0.1822,0.1916,0,0
THETA.V,D,20200518,000000,0.1916,0.193,0.1822,0.1912,0,0
THETA.V,D,20200519,000000,0.1912,0.2323,0.1878,0.2311,0,0
THETA.V,D,20200520,000000,0.2311,0.285,0.2159,0.284,0,0
THETA.V,D,20200521,000000,0.284,0.328,0.2383,0.2765,0,0
THETA.V,D,20200522,000000,0.2765,0.281,0.2462,0.2751,0,0
THETA.V,D,20200523,000000,0.2747,0.3069,0.2614,0.2957,0,0
THETA.V,D,20200524,000000,0.2957,0.3811,0.2956,0.3811,0,0
THETA.V,D,20200525,000000,0.3812,0.3843,0.3319,0.3545,0,0
THETA.V,D,20200526,000000,0.3548,0.4698,0.3462,0.436,0,0
THETA.V,D,20200527,000000,0.4359,0.5814,0.3341,0.3439,0,0
THETA.V,D,20200528,000000,0.3447,0.3595,0.2792,0.3247,0,0
THETA.V,D,20200529,000000,0.3248,0.3362,0.2921,0.3052,0,0
THETA.V,D,20200530,000000,0.3052,0.3113,0.2871,0.2949,0,0
THETA.V,D,20200531,000000,0.2949,0.296,0.2545,0.2581,0,0
THETA.V,D,20200601,000000,0.2581,0.2904,0.2429,0.2703,0,0
THETA.V,D,20200602,000000,0.2703,0.2843,0.2437,0.2521,0,0
THETA.V,D,20200603,000000,0.2521,0.2794,0.2503,0.2688,0,0
THETA.V,D,20200604,000000,0.2688,0.2939,0.2688,0.2804,0,0
THETA.V,D,20200605,000000,0.2804,0.3026,0.2804,0.2827,0,0
THETA.V,D,20200606,000000,0.2827,0.2851,0.2713,0.2723,0,0
THETA.V,D,20200607,000000,0.2723,0.2737,0.2504,0.2622,0,0
THETA.V,D,20200608,000000,0.2622,0.2659,0.2537,0.2551,0,0
THETA.V,D,20200609,000000,0.255,0.2576,0.2482,0.2533,0,0
THETA.V,D,20200610,000000,0.253,0.2533,0.2375,0.2397,0,0
THETA.V,D,20200611,000000,0.2397,0.2492,0.2043,0.2131,0,0
THETA.V,D,20200612,000000,0.2131,0.2597,0.2002,0.2432,0,0
THETA.V,D,20200613,000000,0.2432,0.2702,0.2425,0.2507,0,0
THETA.V,D,20200614,000000,0.2507,0.2525,0.2302,0.2331,0,0
THETA.V,D,20200615,000000,0.2331,0.2392,0.2104,0.233,0,0
THETA.V,D,20200616,000000,0.233,0.2383,0.2256,0.2331,0,0
THETA.V,D,20200617,000000,0.2331,0.2377,0.224,0.2334,0,0
THETA.V,D,20200618,000000,0.2334,0.235,0.218,0.2206,0,0
THETA.V,D,20200619,000000,0.2205,0.2344,0.2202,0.2236,0,0
THETA.V,D,20200620,000000,0.2232,0.226,0.2177,0.222,0,0
THETA.V,D,20200621,000000,0.222,0.226,0.2203,0.2218,0,0
THETA.V,D,20200622,000000,0.2218,0.2429,0.2193,0.2384,0,0
THETA.V,D,20200623,000000,0.2384,0.258,0.2375,0.2573,0,0
THETA.V,D,20200624,000000,0.2566,0.2623,0.2347,0.2423,0,0
THETA.V,D,20200625,000000,0.2423,0.2467,0.2279,0.2371,0,0
THETA.V,D,20200626,000000,0.2371,0.238,0.2257,0.2318,0,0
THETA.V,D,20200627,000000,0.2319,0.2337,0.2032,0.215,0,0
THETA.V,D,20200628,000000,0.2145,0.2226,0.2075,0.2195,0,0
THETA.V,D,20200629,000000,0.2195,0.227,0.2182,0.2256,0,0
THETA.V,D,20200630,000000,0.2256,0.2277,0.2191,0.2246,0,0
THETA.V,D,20200701,000000,0.2246,0.2272,0.2171,0.2237,0,0
THETA.V,D,20200702,000000,0.2235,0.2249,0.215,0.2197,0,0
THETA.V,D,20200703,000000,0.2193,0.222,0.2154,0.2178,0,0
THETA.V,D,20200704,000000,0.2178,0.2232,0.2143,0.2218,0,0
THETA.V,D,20200705,000000,0.2218,0.2235,0.213,0.2152,0,0
THETA.V,D,20200706,000000,0.2152,0.233,0.2151,0.2275,0,0
THETA.V,D,20200707,000000,0.2274,0.2518,0.2272,0.2465,0,0
THETA.V,D,20200708,000000,0.2464,0.2643,0.2454,0.2526,0,0
THETA.V,D,20200709,000000,0.2527,0.2537,0.2349,0.2411,0,0
THETA.V,D,20200710,000000,0.2411,0.2425,0.2312,0.2395,0,0
THETA.V,D,20200711,000000,0.2396,0.2582,0.2392,0.2541,0,0
THETA.V,D,20200712,000000,0.2543,0.283,0.2532,0.2737,0,0
THETA.V,D,20200713,000000,0.2737,0.2805,0.2244,0.2446,0,0
THETA.V,D,20200714,000000,0.2446,0.2541,0.2338,0.2394,0,0
THETA.V,D,20200715,000000,0.2394,0.2422,0.232,0.2364,0,0
THETA.V,D,20200716,000000,0.2364,0.2441,0.2211,0.2331,0,0
THETA.V,D,20200717,000000,0.2331,0.2451,0.23,0.243,0,0
THETA.V,D,20200718,000000,0.2415,0.2519,0.2371,0.2501,0,0
THETA.V,D,20200719,000000,0.2501,0.2513,0.2357,0.2408,0,0
THETA.V,D,20200720,000000,0.2408,0.2428,0.2322,0.2389,0,0
THETA.V,D,20200721,000000,0.2389,0.2423,0.2316,0.2382,0,0
THETA.V,D,20200722,000000,0.2377,0.2406,0.2376,0.2406,0,0
