<TICKER>,<PER>,<DATE>,<TIME>,<OPEN>,<HIGH>,<LOW>,<CLOSE>,<VOL>,<OPENINT>
USDT.V,D,20170305,000000,0.9,0.999,0.9,0.999,0,0
USDT.V,D,20170306,000000,0.999,1,0.99,0.99,0,0
USDT.V,D,20170307,000000,0.99,0.99,0.981,0.982,0,0
USDT.V,D,20170308,000000,0.982,0.982,0.982,0.982,0,0
USDT.V,D,20170309,000000,0.982,0.982,0.982,0.982,0,0
USDT.V,D,20170310,000000,0.982,1,0.982,1,0,0
USDT.V,D,20170311,000000,1,1,0.9953,1,0,0
USDT.V,D,20170312,000000,1,1,1,1,0,0
USDT.V,D,20170313,000000,1,1,1,1,0,0
USDT.V,D,20170314,000000,1,1.03,1,1.03,0,0
USDT.V,D,20170315,000000,1.03,1.03,1.03,1.03,0,0
USDT.V,D,20170316,000000,1.03,1.05,1.03,1.03,0,0
USDT.V,D,20170317,000000,1.03,1.03,1.03,1.03,0,0
USDT.V,D,20170318,000000,1.03,1.05,1,1,0,0
USDT.V,D,20170319,000000,1,1.01,1,1.01,0,0
USDT.V,D,20170320,000000,1.01,1.03,1.01,1.03,0,0
USDT.V,D,20170321,000000,1.03,1.03,1.03,1.03,0,0
USDT.V,D,20170322,000000,1.03,1.03,1.03,1.03,0,0
USDT.V,D,20170323,000000,1.03,1.03,1.03,1.03,0,0
USDT.V,D,20170324,000000,1.03,1.03,1.02,1.02,0,0
USDT.V,D,20170325,000000,1.02,1.02,1.02,1.02,0,0
USDT.V,D,20170326,000000,1.02,1.02,1.02,1.02,0,0
USDT.V,D,20170327,000000,1.02,1.03,1,1,0,0
USDT.V,D,20170328,000000,1,1,1,1,0,0
USDT.V,D,20170329,000000,1,1.02,1,1.02,0,0
USDT.V,D,20170330,000000,1.02,1.02,1,1,0,0
USDT.V,D,20170331,000000,1,1.05,1,1,0,0
USDT.V,D,20170401,000000,1,1,1,1,0,0
USDT.V,D,20170402,000000,1,1.01,1,1.01,0,0
USDT.V,D,20170403,000000,1.01,1.01,1.01,1.01,0,0
USDT.V,D,20170404,000000,1.01,1.01,1.01,1.01,0,0
USDT.V,D,20170405,000000,1.01,1.01,1.01,1.01,0,0
USDT.V,D,20170406,000000,1.01,1.01,1.01,1.01,0,0
USDT.V,D,20170407,000000,1.01,1.01,1.01,1.01,0,0
USDT.V,D,20170408,000000,1.01,1.01,1.01,1.01,0,0
USDT.V,D,20170409,000000,1.01,1.09,1.01,1.01,0,0
USDT.V,D,20170410,000000,1.01,1.01,1,1.01,0,0
USDT.V,D,20170411,000000,1.01,1.01,1,1,0,0
USDT.V,D,20170412,000000,1,1,1,1,0,0
USDT.V,D,20170413,000000,0.9932,0.9954,0.9902,0.9939,0,0
USDT.V,D,20170414,000000,0.9939,0.996,0.9689,0.9899,0,0
USDT.V,D,20170415,000000,0.9899,0.9899,0.9676,0.9896,0,0
USDT.V,D,20170416,000000,0.9896,0.9896,0.9515,0.9515,0,0
USDT.V,D,20170417,000000,0.9515,0.9698,0.9211,0.9392,0,0
USDT.V,D,20170418,000000,0.9392,0.9628,0.9207,0.945,0,0
USDT.V,D,20170419,000000,0.945,0.9549,0.9372,0.946,0,0
USDT.V,D,20170420,000000,0.946,0.9549,0.92,0.949,0,0
USDT.V,D,20170421,000000,0.949,0.95,0.9,0.9363,0,0
USDT.V,D,20170422,000000,0.9363,0.95,0.915,0.915,0,0
USDT.V,D,20170423,000000,0.915,0.94,0.901,0.915,0,0
USDT.V,D,20170424,000000,0.915,0.9286,0.901,0.915,0,0
USDT.V,D,20170425,000000,0.915,0.925,0.89,0.904,0,0
USDT.V,D,20170426,000000,0.904,0.9367,0.903,0.9201,0,0
USDT.V,D,20170427,000000,0.9201,0.937,0.9199,0.92,0,0
USDT.V,D,20170428,000000,0.92,0.9649,0.9199,0.94,0,0
USDT.V,D,20170429,000000,0.94,0.9524,0.931,0.931,0,0
USDT.V,D,20170430,000000,0.931,0.9529,0.912,0.935,0,0
USDT.V,D,20170501,000000,0.935,0.94,0.9151,0.9156,0,0
USDT.V,D,20170502,000000,0.9156,0.94,0.9121,0.9283,0,0
USDT.V,D,20170503,000000,0.9283,0.948,0.9212,0.9347,0,0
USDT.V,D,20170504,000000,0.9347,0.9639,0.9155,0.959,0,0
USDT.V,D,20170505,000000,0.959,0.98,0.9306,0.979,0,0
USDT.V,D,20170506,000000,0.979,0.9929,0.955,0.983,0,0
USDT.V,D,20170507,000000,0.983,0.983,0.928,0.9281,0,0
USDT.V,D,20170508,000000,0.9281,0.972,0.9281,0.9711,0,0
USDT.V,D,20170509,000000,0.9711,0.978,0.9527,0.97,0,0
USDT.V,D,20170510,000000,0.97,0.9946,0.965,0.994,0,0
USDT.V,D,20170511,000000,0.994,0.9986,0.9475,0.9725,0,0
USDT.V,D,20170512,000000,0.9725,0.9928,0.9601,0.9811,0,0
USDT.V,D,20170513,000000,0.9811,0.9857,0.956,0.9778,0,0
USDT.V,D,20170514,000000,0.9778,0.9886,0.9615,0.98,0,0
USDT.V,D,20170515,000000,0.98,0.992,0.9722,0.9773,0,0
USDT.V,D,20170516,000000,0.9773,0.9898,0.97,0.9897,0,0
USDT.V,D,20170517,000000,0.9897,0.9897,0.9702,0.9766,0,0
USDT.V,D,20170518,000000,0.9766,0.9868,0.9703,0.9799,0,0
USDT.V,D,20170519,000000,0.9799,0.9983,0.9706,0.9983,0,0
USDT.V,D,20170520,000000,0.9983,0.999,0.9801,0.99,0,0
USDT.V,D,20170521,000000,0.99,1,0.977,0.9956,0,0
USDT.V,D,20170522,000000,0.9956,1,0.9768,1,0,0
USDT.V,D,20170523,000000,1,1.02,0.9827,0.999,0,0
USDT.V,D,20170524,000000,0.999,1.02,0.9801,1.01,0,0
USDT.V,D,20170525,000000,1.01,1.07,0.984,1,0,0
USDT.V,D,20170526,000000,1,1.05,1,1.02,0,0
USDT.V,D,20170527,000000,1.02,1.05,1,1,0,0
USDT.V,D,20170528,000000,1,1.04,1,1,0,0
USDT.V,D,20170529,000000,1,1.04,1,1.04,0,0
USDT.V,D,20170530,000000,1.04,1.04,1.01,1.02,0,0
USDT.V,D,20170531,000000,1.02,1.07,1.01,1.06,0,0
USDT.V,D,20170601,000000,1.06,1.06,1.01,1.04,0,0
USDT.V,D,20170602,000000,1.04,1.06,1.03,1.03,0,0
USDT.V,D,20170603,000000,1.03,1.05,1.01,1.03,0,0
USDT.V,D,20170604,000000,1.03,1.05,1.02,1.02,0,0
USDT.V,D,20170605,000000,1.02,1.03,1.02,1.02,0,0
USDT.V,D,20170606,000000,1.02,1.04,1.01,1.01,0,0
USDT.V,D,20170607,000000,1.01,1.02,1.01,1.02,0,0
USDT.V,D,20170608,000000,1.02,1.02,1,1.01,0,0
USDT.V,D,20170609,000000,1.01,1.01,0.999,1,0,0
USDT.V,D,20170610,000000,1,1.02,0.9995,1,0,0
USDT.V,D,20170611,000000,1,1.01,0.984,0.9951,0,0
USDT.V,D,20170612,000000,0.9951,1.01,0.995,1,0,0
USDT.V,D,20170613,000000,1,1.04,1,1.01,0,0
USDT.V,D,20170614,000000,1.01,1.07,1.01,1.01,0,0
USDT.V,D,20170615,000000,1.01,1.06,1.01,1.02,0,0
USDT.V,D,20170616,000000,1.02,1.04,1.01,1.01,0,0
USDT.V,D,20170617,000000,1.01,1.02,1.01,1.01,0,0
USDT.V,D,20170618,000000,1.01,1.02,1.01,1.02,0,0
USDT.V,D,20170619,000000,1.02,1.02,1,1,0,0
USDT.V,D,20170620,000000,1,1.01,1,1,0,0
USDT.V,D,20170621,000000,1,1.01,1,1.01,0,0
USDT.V,D,20170622,000000,1.01,1.02,1,1.01,0,0
USDT.V,D,20170623,000000,1.01,1.01,0.9969,1,0,0
USDT.V,D,20170624,000000,1,1.02,0.9969,1.02,0,0
USDT.V,D,20170625,000000,1.02,1.02,0.999,1,0,0
USDT.V,D,20170626,000000,1,1.02,1,1,0,0
USDT.V,D,20170627,000000,1,1.01,0.993,1.01,0,0
USDT.V,D,20170628,000000,1.01,1.03,1.01,1.02,0,0
USDT.V,D,20170629,000000,1.02,1.03,1,1.02,0,0
USDT.V,D,20170630,000000,1.02,1.03,1.01,1.01,0,0
USDT.V,D,20170701,000000,1.01,1.03,1.01,1.01,0,0
USDT.V,D,20170702,000000,1.01,1.04,1.01,1.03,0,0
USDT.V,D,20170703,000000,1.03,1.03,1.01,1.01,0,0
USDT.V,D,20170704,000000,1.01,1.02,1.01,1.01,0,0
USDT.V,D,20170705,000000,1.01,1.01,1.01,1.01,0,0
USDT.V,D,20170706,000000,1.01,1.03,1.01,1.01,0,0
USDT.V,D,20170707,000000,1.01,1.02,1.01,1.01,0,0
USDT.V,D,20170708,000000,1.01,1.02,1.01,1.01,0,0
USDT.V,D,20170709,000000,1.01,1.01,1.01,1.01,0,0
USDT.V,D,20170710,000000,1.01,1.01,1,1.01,0,0
USDT.V,D,20170711,000000,1.01,1.02,1,1.01,0,0
USDT.V,D,20170712,000000,1.01,1.01,1,1.01,0,0
USDT.V,D,20170713,000000,1.01,1.02,1,1,0,0
USDT.V,D,20170714,000000,1,1.01,1,1,0,0
USDT.V,D,20170715,000000,1,1.01,0.999,0.999,0,0
USDT.V,D,20170716,000000,0.999,1,0.9803,0.99,0,0
USDT.V,D,20170717,000000,0.99,1,0.981,1,0,0
USDT.V,D,20170718,000000,1,1.01,0.9943,1,0,0
USDT.V,D,20170719,000000,1,1,1,1,0,0
USDT.V,D,20170720,000000,1,1,0.9951,1,0,0
USDT.V,D,20170721,000000,1,1.01,0.9962,1,0,0
USDT.V,D,20170722,000000,1,1,0.9969,0.9976,0,0
USDT.V,D,20170723,000000,0.9976,1,0.9941,1,0,0
USDT.V,D,20170724,000000,1,1,0.9951,0.9969,0,0
USDT.V,D,20170725,000000,0.9969,1,0.983,0.9869,0,0
USDT.V,D,20170726,000000,0.9869,1,0.9869,0.9985,0,0
USDT.V,D,20170727,000000,0.9985,1,0.9918,0.9993,0,0
USDT.V,D,20170728,000000,0.9993,1,0.9966,1,0,0
USDT.V,D,20170729,000000,1,1.01,0.9984,1,0,0
USDT.V,D,20170730,000000,1,1.01,0.9991,1,0,0
USDT.V,D,20170731,000000,1,1.01,1,1,0,0
USDT.V,D,20170801,000000,1,1.01,0.995,1,0,0
USDT.V,D,20170802,000000,1,1,0.965,0.9991,0,0
USDT.V,D,20170803,000000,0.9991,1,0.9902,0.9931,0,0
USDT.V,D,20170804,000000,0.9931,1,0.9931,1,0,0
USDT.V,D,20170805,000000,1,1,0.9972,1,0,0
USDT.V,D,20170806,000000,1,1,0.9983,1,0,0
USDT.V,D,20170807,000000,1,1,0.9972,1,0,0
USDT.V,D,20170808,000000,1,1,0.9974,1,0,0
USDT.V,D,20170809,000000,1,1,0.9982,1,0,0
USDT.V,D,20170810,000000,1,1,0.9985,1,0,0
USDT.V,D,20170811,000000,1,1,0.98,1,0,0
USDT.V,D,20170812,000000,1,1.01,1,1.01,0,0
USDT.V,D,20170813,000000,1.01,1.01,1,1,0,0
USDT.V,D,20170814,000000,1,1,0.9844,1,0,0
USDT.V,D,20170815,000000,1,1,0.9891,1,0,0
USDT.V,D,20170816,000000,1,1,1,1,0,0
USDT.V,D,20170817,000000,1,1,0.9872,0.9999,0,0
USDT.V,D,20170818,000000,0.9999,1,0.9902,1,0,0
USDT.V,D,20170819,000000,1,1.01,0.9999,1,0,0
USDT.V,D,20170820,000000,1,1.01,1,1,0,0
USDT.V,D,20170821,000000,1,1.01,1,1.01,0,0
USDT.V,D,20170822,000000,1.01,1.02,1,1.01,0,0
USDT.V,D,20170823,000000,1.01,1.04,1.01,1.01,0,0
USDT.V,D,20170824,000000,1.01,1.01,1.01,1.01,0,0
USDT.V,D,20170825,000000,1.01,1.01,1,1.01,0,0
USDT.V,D,20170826,000000,1.01,1.01,1.01,1.01,0,0
USDT.V,D,20170827,000000,1.01,1.02,1,1,0,0
USDT.V,D,20170828,000000,1,1,1,1,0,0
USDT.V,D,20170829,000000,1,1.02,1,1.01,0,0
USDT.V,D,20170830,000000,1.01,1.01,1,1,0,0
USDT.V,D,20170831,000000,1,1.01,1,1,0,0
USDT.V,D,20170901,000000,1,1.07,1,1.01,0,0
USDT.V,D,20170902,000000,1.01,1.05,1,1.02,0,0
USDT.V,D,20170903,000000,1.02,1.05,1.01,1.02,0,0
USDT.V,D,20170904,000000,1.02,1.05,1.01,1.04,0,0
USDT.V,D,20170905,000000,1.04,1.05,1.01,1.02,0,0
USDT.V,D,20170906,000000,1.02,1.04,1.02,1.02,0,0
USDT.V,D,20170907,000000,1.02,1.02,1.01,1.01,0,0
USDT.V,D,20170908,000000,1.01,1.03,1.01,1.02,0,0
USDT.V,D,20170909,000000,1.02,1.02,1.01,1.01,0,0
USDT.V,D,20170910,000000,1.01,1.03,1.01,1.02,0,0
USDT.V,D,20170911,000000,1.02,1.02,1.01,1.01,0,0
USDT.V,D,20170912,000000,1.01,1.02,1,1,0,0
USDT.V,D,20170913,000000,1,1.01,1,1,0,0
USDT.V,D,20170914,000000,1,1.01,1,1.01,0,0
USDT.V,D,20170915,000000,1.01,1.01,0.9953,1.01,0,0
USDT.V,D,20170916,000000,1.01,1.03,1,1.01,0,0
USDT.V,D,20170917,000000,1.01,1.02,1,1.01,0,0
USDT.V,D,20170918,000000,1.01,1.02,1,1,0,0
USDT.V,D,20170919,000000,1,1.01,1,1,0,0
USDT.V,D,20170920,000000,1,1.01,1,1,0,0
USDT.V,D,20170921,000000,1,1.01,1,1,0,0
USDT.V,D,20170922,000000,1,1.01,1,1,0,0
USDT.V,D,20170923,000000,1,1,0.9882,1,0,0
USDT.V,D,20170924,000000,1,1,0.996,0.9998,0,0
USDT.V,D,20170925,000000,0.9998,1,0.995,1,0,0
USDT.V,D,20170926,000000,1,1.01,0.9995,0.9998,0,0
USDT.V,D,20170927,000000,0.9998,1,0.992,0.9986,0,0
USDT.V,D,20170928,000000,0.9986,1,0.9952,0.9979,0,0
USDT.V,D,20170929,000000,0.9979,1,0.9939,0.9984,0,0
USDT.V,D,20170930,000000,0.9984,0.9999,0.9905,0.9998,0,0
USDT.V,D,20171001,000000,0.9998,0.9998,0.9909,0.9928,0,0
USDT.V,D,20171002,000000,0.9928,0.9979,0.9906,0.9936,0,0
USDT.V,D,20171003,000000,0.9936,0.9999,0.9926,0.9998,0,0
USDT.V,D,20171004,000000,0.9998,1,0.993,0.9961,0,0
USDT.V,D,20171005,000000,0.9961,1,0.996,0.9984,0,0
USDT.V,D,20171006,000000,0.9984,0.9999,0.994,0.9969,0,0
USDT.V,D,20171007,000000,0.9969,0.9984,0.9933,0.9943,0,0
USDT.V,D,20171008,000000,0.9943,0.9972,0.9933,0.9954,0,0
USDT.V,D,20171009,000000,0.9954,0.9972,0.9949,0.997,0,0
USDT.V,D,20171010,000000,0.997,0.9972,0.9941,0.9942,0,0
USDT.V,D,20171011,000000,0.9942,0.9972,0.993,0.9962,0,0
USDT.V,D,20171012,000000,0.9962,0.9972,0.9904,0.9937,0,0
USDT.V,D,20171013,000000,0.9937,0.9972,0.9915,0.9945,0,0
USDT.V,D,20171014,000000,0.9945,0.998,0.9921,0.9958,0,0
USDT.V,D,20171015,000000,0.9958,1,0.9952,0.9992,0,0
USDT.V,D,20171016,000000,0.9992,1,0.9805,0.9924,0,0
USDT.V,D,20171017,000000,0.9924,1,0.9874,1,0,0
USDT.V,D,20171018,000000,1,1.01,0.9997,1,0,0
USDT.V,D,20171019,000000,1,1.01,0.9989,0.9989,0,0
USDT.V,D,20171020,000000,0.9999,1,0.993,0.993,0,0
USDT.V,D,20171021,000000,0.993,0.994,0.9901,0.9901,0,0
USDT.V,D,20171022,000000,0.9901,0.9951,0.9901,0.9901,0,0
USDT.V,D,20171023,000000,0.9901,1.04,0.9901,1.02,0,0
USDT.V,D,20171024,000000,1.02,1.02,0.9911,1,0,0
USDT.V,D,20171025,000000,1,1,1,1,0,0
USDT.V,D,20171026,000000,1,1,1,1,0,0
USDT.V,D,20171027,000000,0.994,1.03,0.98,0.9971,0,0
USDT.V,D,20171028,000000,0.9971,1.02,0.99,1,0,0
USDT.V,D,20171029,000000,1,1.01,0.9672,0.9717,0,0
USDT.V,D,20171030,000000,0.9717,0.9989,0.96,0.977,0,0
USDT.V,D,20171031,000000,0.977,0.985,0.975,0.9786,0,0
USDT.V,D,20171101,000000,0.9786,0.999,0.975,0.9947,0,0
USDT.V,D,20171102,000000,0.9947,1,0.9774,0.9891,0,0
USDT.V,D,20171103,000000,0.9891,1.02,0.9752,0.9878,0,0
USDT.V,D,20171104,000000,0.9878,0.9975,0.98,0.9827,0,0
USDT.V,D,20171105,000000,0.9827,0.995,0.9752,0.9843,0,0
USDT.V,D,20171106,000000,0.9843,1,0.981,1,0,0
USDT.V,D,20171107,000000,1,1.01,0.9925,0.9992,0,0
USDT.V,D,20171108,000000,0.9992,1,0.9752,0.9999,0,0
USDT.V,D,20171109,000000,0.9999,0.9999,0.9805,0.9881,0,0
USDT.V,D,20171110,000000,0.9881,0.9999,0.981,0.9973,0,0
USDT.V,D,20171111,000000,0.9973,1.02,0.9938,0.9992,0,0
USDT.V,D,20171112,000000,0.9992,1.05,0.981,1,0,0
USDT.V,D,20171113,000000,1,1.03,0.9901,1.01,0,0
USDT.V,D,20171114,000000,1.01,1.02,0.9999,1.01,0,0
USDT.V,D,20171115,000000,1.01,1.02,0.999,1.01,0,0
USDT.V,D,20171116,000000,1.01,1.01,0.9851,0.9852,0,0
USDT.V,D,20171117,000000,0.9852,1,0.9831,0.9997,0,0
USDT.V,D,20171118,000000,0.9997,1.01,0.9902,0.9986,0,0
USDT.V,D,20171119,000000,0.9983,1,0.9888,0.9938,0,0
USDT.V,D,20171120,000000,0.9938,0.9989,0.9029,0.9941,0,0
USDT.V,D,20171121,000000,0.9939,0.9967,0.9611,0.9807,0,0
USDT.V,D,20171122,000000,0.9807,1,0.9789,0.9982,0,0
USDT.V,D,20171123,000000,0.9982,0.9989,0.9801,0.9948,0,0
USDT.V,D,20171124,000000,0.9948,1,0.9863,0.9907,0,0
USDT.V,D,20171125,000000,0.9907,0.9974,0.9781,0.9957,0,0
USDT.V,D,20171126,000000,0.9957,0.9999,0.9824,0.9947,0,0
USDT.V,D,20171127,000000,0.9924,1,0.9727,0.9963,0,0
USDT.V,D,20171128,000000,0.9963,0.9963,0.9765,0.9924,0,0
USDT.V,D,20171129,000000,0.9924,0.9986,0.9624,0.9982,0,0
USDT.V,D,20171130,000000,0.9982,1.02,0.9906,1,0,0
USDT.V,D,20171201,000000,1,1.03,0.9917,1.01,0,0
USDT.V,D,20171202,000000,1.01,1.01,0.9828,0.9956,0,0
USDT.V,D,20171203,000000,0.9955,0.998,0.9841,0.9978,0,0
USDT.V,D,20171204,000000,0.9976,1,0.9864,1,0,0
USDT.V,D,20171205,000000,1,1,0.9851,1,0,0
USDT.V,D,20171206,000000,1,1.03,0.9967,1.01,0,0
USDT.V,D,20171207,000000,1.01,1.09,1,1.02,0,0
USDT.V,D,20171208,000000,1.02,1.05,0.999,1.01,0,0
USDT.V,D,20171209,000000,1.01,1.02,0.9893,1,0,0
USDT.V,D,20171210,000000,1,1.06,1,1,0,0
USDT.V,D,20171211,000000,1,1.02,1,1.01,0,0
USDT.V,D,20171212,000000,1.01,1.02,0.9969,1.02,0,0
USDT.V,D,20171213,000000,1.02,1.06,0.9932,1,0,0
USDT.V,D,20171214,000000,1,1.03,1,1,0,0
USDT.V,D,20171215,000000,1,1.02,0.999,1,0,0
USDT.V,D,20171216,000000,1,1.01,1,1.01,0,0
USDT.V,D,20171217,000000,1.01,1.01,0.9905,0.9963,0,0
USDT.V,D,20171218,000000,0.9963,1.01,0.9959,0.9984,0,0
USDT.V,D,20171219,000000,0.9983,1.03,0.9911,1.01,0,0
USDT.V,D,20171220,000000,1.01,1.02,0.9914,0.995,0,0
USDT.V,D,20171221,000000,0.995,1.01,0.9727,0.996,0,0
USDT.V,D,20171222,000000,0.996,1.04,0.9856,1.02,0,0
USDT.V,D,20171223,000000,1.02,1.04,1.01,1.03,0,0
USDT.V,D,20171224,000000,1.03,1.06,1.01,1.02,0,0
USDT.V,D,20171225,000000,1.02,1.03,1,1.01,0,0
USDT.V,D,20171226,000000,1.01,1.02,1,1,0,0
USDT.V,D,20171227,000000,1,1.03,0.9977,1.01,0,0
USDT.V,D,20171228,000000,1.01,1.03,1,1.02,0,0
USDT.V,D,20171229,000000,1.02,1.06,1.01,1.02,0,0
USDT.V,D,20171230,000000,1.02,1.1,1.02,1.02,0,0
USDT.V,D,20171231,000000,1.02,1.11,1.02,1.02,0,0
USDT.V,D,20180101,000000,1.02,1.04,1.01,1.01,0,0
USDT.V,D,20180102,000000,1.01,1.08,1.01,1.02,0,0
USDT.V,D,20180103,000000,1.02,1.07,1.01,1.01,0,0
USDT.V,D,20180104,000000,1.01,1.05,1.01,1.02,0,0
USDT.V,D,20180105,000000,1.02,1.09,1,1.01,0,0
USDT.V,D,20180106,000000,1.01,1.01,0.9978,1.01,0,0
USDT.V,D,20180107,000000,1.01,1.07,0.9962,1,0,0
USDT.V,D,20180108,000000,1,1.18,0.977,1.01,0,0
USDT.V,D,20180109,000000,1.01,1.08,1,1.01,0,0
USDT.V,D,20180110,000000,1.01,1.11,1,1,0,0
USDT.V,D,20180111,000000,1.01,1.13,1,1.12,0,0
USDT.V,D,20180112,000000,1.12,1.15,1.09,1.11,0,0
USDT.V,D,20180113,000000,1.11,1.14,1.09,1.1,0,0
USDT.V,D,20180114,000000,1.1,1.11,1.01,1.01,0,0
USDT.V,D,20180115,000000,1.01,1.02,1,1,0,0
USDT.V,D,20180116,000000,1.01,1.05,1,1.03,0,0
USDT.V,D,20180117,000000,1.03,1.05,1,1.02,0,0
USDT.V,D,20180118,000000,1.02,1.1,1.01,1.03,0,0
USDT.V,D,20180119,000000,1.03,1.1,1.02,1.02,0,0
USDT.V,D,20180120,000000,1.02,1.02,1.01,1.02,0,0
USDT.V,D,20180121,000000,1.02,1.03,1.01,1.01,0,0
USDT.V,D,20180122,000000,1.01,1.02,1,1.01,0,0
USDT.V,D,20180123,000000,1.01,1.09,1,1.01,0,0
USDT.V,D,20180124,000000,1.01,1.01,1,1.01,0,0
USDT.V,D,20180125,000000,1.01,1.05,0.9977,1,0,0
USDT.V,D,20180126,000000,1,1.01,0.9991,1,0,0
USDT.V,D,20180127,000000,1,1.06,0.9969,0.9994,0,0
USDT.V,D,20180128,000000,0.9994,0.9998,0.9359,0.9787,0,0
USDT.V,D,20180129,000000,0.9787,1.03,0.9543,0.9955,0,0
USDT.V,D,20180130,000000,0.9964,1,0.9794,0.9794,0,0
USDT.V,D,20180131,000000,0.9794,0.9994,0.9755,0.9869,0,0
USDT.V,D,20180201,000000,0.9869,1.02,0.97,0.9789,0,0
USDT.V,D,20180202,000000,0.9789,0.9915,0.9404,0.9841,0,0
USDT.V,D,20180203,000000,0.9841,1.05,0.9825,0.9921,0,0
USDT.V,D,20180204,000000,0.9921,1.05,0.9864,0.9946,0,0
USDT.V,D,20180205,000000,0.9946,1,0.9854,0.9915,0,0
USDT.V,D,20180206,000000,0.9915,1.01,0.9725,0.9964,0,0
USDT.V,D,20180207,000000,0.9964,1.01,0.995,0.9988,0,0
USDT.V,D,20180208,000000,0.9988,1.03,0.9964,0.9984,0,0
USDT.V,D,20180209,000000,0.9984,1.04,0.997,1,0,0
USDT.V,D,20180210,000000,1,1.03,1,1,0,0
USDT.V,D,20180211,000000,1,1.02,0.9986,1,0,0
USDT.V,D,20180212,000000,1,1.02,0.9988,0.9999,0,0
USDT.V,D,20180213,000000,0.9999,1.03,0.9989,1,0,0
USDT.V,D,20180214,000000,1,1.02,0.9998,1,0,0
USDT.V,D,20180215,000000,1,1.02,1,1,0,0
USDT.V,D,20180216,000000,1,1.02,1,1,0,0
USDT.V,D,20180217,000000,1,1.02,1,1,0,0
USDT.V,D,20180218,000000,1,1.03,1,1,0,0
USDT.V,D,20180219,000000,1,1.02,1,1,0,0
USDT.V,D,20180220,000000,1,1.02,1,1,0,0
USDT.V,D,20180221,000000,1,1.01,0.9976,1,0,0
USDT.V,D,20180222,000000,1,1.02,0.9992,1,0,0
USDT.V,D,20180223,000000,1,1.01,1,1,0,0
USDT.V,D,20180224,000000,1,1.03,1,1,0,0
USDT.V,D,20180225,000000,1,1.03,1,1,0,0
USDT.V,D,20180226,000000,1,1.03,1,1.02,0,0
USDT.V,D,20180227,000000,1.02,1.02,1,1,0,0
USDT.V,D,20180228,000000,1,1.03,1,1,0,0
USDT.V,D,20180301,000000,1,1.02,0.9988,1,0,0
USDT.V,D,20180302,000000,1,1.02,0.9995,1,0,0
USDT.V,D,20180303,000000,1,1.02,0.9993,1,0,0
USDT.V,D,20180304,000000,1,1.02,1,1,0,0
USDT.V,D,20180305,000000,1,1.02,1,1,0,0
USDT.V,D,20180306,000000,1,1.01,0.9998,1,0,0
USDT.V,D,20180307,000000,1,1.02,0.9998,1,0,0
USDT.V,D,20180308,000000,1,1.05,1,1,0,0
USDT.V,D,20180309,000000,1,1.04,1,1,0,0
USDT.V,D,20180310,000000,1,1.03,1,1,0,0
USDT.V,D,20180311,000000,1,1.05,1,1,0,0
USDT.V,D,20180312,000000,1,1.03,1,1,0,0
USDT.V,D,20180313,000000,1,1.03,0.9986,1,0,0
USDT.V,D,20180314,000000,1,1.03,0.9954,0.999,0,0
USDT.V,D,20180315,000000,0.999,1.05,0.992,1,0,0
USDT.V,D,20180316,000000,1,1.03,0.997,0.9986,0,0
USDT.V,D,20180317,000000,0.9986,1.03,0.9933,1.02,0,0
USDT.V,D,20180318,000000,1.02,1.03,0.9925,0.9966,0,0
USDT.V,D,20180319,000000,0.9966,1.02,0.9905,1,0,0
USDT.V,D,20180320,000000,1,1.02,0.9977,1,0,0
USDT.V,D,20180321,000000,1,1.03,0.9929,1,0,0
USDT.V,D,20180322,000000,1,1.02,0.9998,1,0,0
USDT.V,D,20180323,000000,1,1.02,0.9986,0.9998,0,0
USDT.V,D,20180324,000000,1,1.02,0.9988,1,0,0
USDT.V,D,20180325,000000,1,1.03,0.9993,1,0,0
USDT.V,D,20180326,000000,1,1.03,0.9996,1,0,0
USDT.V,D,20180327,000000,1,1.04,0.9995,1,0,0
USDT.V,D,20180328,000000,1,1.04,0.9994,1,0,0
USDT.V,D,20180329,000000,1,1.03,0.9965,0.9967,0,0
USDT.V,D,20180330,000000,0.9968,1.03,0.9954,1,0,0
USDT.V,D,20180331,000000,1,1.03,0.9935,0.9979,0,0
USDT.V,D,20180401,000000,0.9979,1.03,0.9938,0.9998,0,0
USDT.V,D,20180402,000000,0.9998,1.02,0.9976,1,0,0
USDT.V,D,20180403,000000,1,1.03,0.9962,1,0,0
USDT.V,D,20180404,000000,1,1.03,0.9968,1,0,0
USDT.V,D,20180405,000000,1,1.03,0.9959,0.9997,0,0
USDT.V,D,20180406,000000,0.9997,1.02,0.9982,1.02,0,0
USDT.V,D,20180407,000000,1.02,1.02,0.9974,1,0,0
USDT.V,D,20180408,000000,1,1.02,0.9963,1,0,0
USDT.V,D,20180409,000000,1,1.01,0.9982,0.9991,0,0
USDT.V,D,20180410,000000,0.9991,1.02,0.9988,1,0,0
USDT.V,D,20180411,000000,1,1.02,0.9986,0.9998,0,0
USDT.V,D,20180412,000000,0.9998,1.01,0.9951,0.9995,0,0
USDT.V,D,20180413,000000,0.9995,1.01,0.9985,1,0,0
USDT.V,D,20180414,000000,1,1.01,0.9999,1,0,0
USDT.V,D,20180415,000000,1,1.01,0.9985,1,0,0
USDT.V,D,20180416,000000,1,1.01,0.9983,1.01,0,0
USDT.V,D,20180417,000000,1.01,1.01,0.9988,0.9995,0,0
USDT.V,D,20180418,000000,0.9995,1.01,0.9984,1,0,0
USDT.V,D,20180419,000000,1,1,0.9991,0.9997,0,0
USDT.V,D,20180420,000000,0.9997,1,0.9984,1,0,0
USDT.V,D,20180421,000000,1,1,0.9969,1,0,0
USDT.V,D,20180422,000000,1,1,0.9967,0.9967,0,0
USDT.V,D,20180423,000000,0.9967,1,0.9967,1,0,0
USDT.V,D,20180424,000000,1,1,0.9997,1,0,0
USDT.V,D,20180425,000000,0.9999,1,0.9982,1,0,0
USDT.V,D,20180426,000000,1,1.01,0.9972,1,0,0
USDT.V,D,20180427,000000,1,1,0.9902,1,0,0
USDT.V,D,20180428,000000,1,1,0.9937,1,0,0
USDT.V,D,20180429,000000,1,1,0.9916,1,0,0
USDT.V,D,20180430,000000,1,1,0.9972,0.9999,0,0
USDT.V,D,20180501,000000,0.9999,1.01,0.9998,1,0,0
USDT.V,D,20180502,000000,1,1,0.9939,0.9996,0,0
USDT.V,D,20180503,000000,0.9996,0.9998,0.9937,0.9945,0,0
USDT.V,D,20180504,000000,0.9957,1,0.9832,0.9963,0,0
USDT.V,D,20180505,000000,0.9963,0.9997,0.9791,0.9926,0,0
USDT.V,D,20180506,000000,0.9926,0.9989,0.9801,0.9959,0,0
USDT.V,D,20180507,000000,0.9959,1.01,0.989,0.9998,0,0
USDT.V,D,20180508,000000,0.9998,1.01,0.9959,1,0,0
USDT.V,D,20180509,000000,1,1,0.999,0.9992,0,0
USDT.V,D,20180510,000000,0.9992,1,0.9976,0.9991,0,0
USDT.V,D,20180511,000000,0.9991,1.01,0.999,0.9994,0,0
USDT.V,D,20180512,000000,0.9994,1.02,0.9993,1,0,0
USDT.V,D,20180513,000000,1,1.02,0.9999,1,0,0
USDT.V,D,20180514,000000,1,1.01,0.9959,0.9995,0,0
USDT.V,D,20180515,000000,0.9995,1,0.9964,1,0,0
USDT.V,D,20180516,000000,1,1.01,0.9986,1,0,0
USDT.V,D,20180517,000000,1,1,0.9979,1,0,0
USDT.V,D,20180518,000000,1,1,0.9943,0.9995,0,0
USDT.V,D,20180519,000000,0.9995,1,0.9952,0.9996,0,0
USDT.V,D,20180520,000000,0.9996,1,0.9945,0.9996,0,0
USDT.V,D,20180521,000000,0.9996,1,0.9936,0.9978,0,0
USDT.V,D,20180522,000000,0.9978,1,0.9901,0.9985,0,0
USDT.V,D,20180523,000000,0.9985,1,0.9951,1,0,0
USDT.V,D,20180524,000000,1,1.01,0.9907,0.9998,0,0
USDT.V,D,20180525,000000,0.9998,1.01,0.9983,1.01,0,0
USDT.V,D,20180526,000000,1.01,1.01,0.9988,0.999,0,0
USDT.V,D,20180527,000000,0.999,1.01,0.9988,0.9997,0,0
USDT.V,D,20180528,000000,0.9997,1.01,0.9982,0.9997,0,0
USDT.V,D,20180529,000000,0.9997,1.01,0.9964,1,0,0
USDT.V,D,20180530,000000,1,1,0.9952,0.9987,0,0
USDT.V,D,20180531,000000,0.9987,1,0.9962,0.9982,0,0
USDT.V,D,20180601,000000,0.9982,1,0.9955,0.9992,0,0
USDT.V,D,20180602,000000,1,1,0.9956,0.9986,0,0
USDT.V,D,20180603,000000,0.9986,1,0.9937,0.999,0,0
USDT.V,D,20180604,000000,0.999,1,0.9935,1,0,0
USDT.V,D,20180605,000000,1,1,0.9971,0.9976,0,0
USDT.V,D,20180606,000000,0.9976,1,0.9951,0.9975,0,0
USDT.V,D,20180607,000000,0.9975,1,0.9962,0.9969,0,0
USDT.V,D,20180608,000000,0.9969,1,0.9964,0.9993,0,0
USDT.V,D,20180609,000000,0.9993,1,0.9964,0.9988,0,0
USDT.V,D,20180610,000000,0.9988,1.01,0.9982,1,0,0
USDT.V,D,20180611,000000,1,1.02,0.9972,1,0,0
USDT.V,D,20180612,000000,1,1.01,0.9988,1,0,0
USDT.V,D,20180613,000000,1,1.02,0.9982,1,0,0
USDT.V,D,20180614,000000,1,1.01,0.9997,1,0,0
USDT.V,D,20180615,000000,1,1.01,0.9998,1.01,0,0
USDT.V,D,20180616,000000,1.01,1.02,0.9999,1,0,0
USDT.V,D,20180617,000000,1,1.02,0.999,1,0,0
USDT.V,D,20180618,000000,1,1.02,0.9982,1,0,0
USDT.V,D,20180619,000000,1,1.01,0.9986,0.9994,0,0
USDT.V,D,20180620,000000,0.9995,1.01,0.9989,1,0,0
USDT.V,D,20180621,000000,1,1,0.9959,0.9996,0,0
USDT.V,D,20180622,000000,0.9996,1.01,0.9985,1,0,0
USDT.V,D,20180623,000000,1,1.02,1,1,0,0
USDT.V,D,20180624,000000,1,1.02,1,1,0,0
USDT.V,D,20180625,000000,1,1.02,0.9988,1,0,0
USDT.V,D,20180626,000000,1,1.01,0.9996,1,0,0
USDT.V,D,20180627,000000,1,1,0.9991,1,0,0
USDT.V,D,20180628,000000,1,1,0.9985,0.9991,0,0
USDT.V,D,20180629,000000,0.9991,1.01,0.9983,0.9989,0,0
USDT.V,D,20180630,000000,0.9989,1.01,0.9956,0.9992,0,0
USDT.V,D,20180701,000000,0.9992,1,0.9944,0.9984,0,0
USDT.V,D,20180702,000000,0.9984,1,0.9926,0.9989,0,0
USDT.V,D,20180703,000000,0.9989,1,0.995,0.999,0,0
USDT.V,D,20180704,000000,0.999,1,0.9963,1,0,0
USDT.V,D,20180705,000000,1,1.01,0.9969,0.9991,0,0
USDT.V,D,20180706,000000,0.9991,1.01,0.9981,1,0,0
USDT.V,D,20180707,000000,1,1.01,0.9937,1,0,0
USDT.V,D,20180708,000000,1,1.01,0.9957,0.9992,0,0
USDT.V,D,20180709,000000,0.9992,1.01,0.9985,0.9993,0,0
USDT.V,D,20180710,000000,0.9993,1.01,0.9956,0.9996,0,0
USDT.V,D,20180711,000000,0.9996,1.02,0.9967,1.01,0,0
USDT.V,D,20180712,000000,1.01,1.01,0.9981,0.9996,0,0
USDT.V,D,20180713,000000,0.9996,1.01,0.9979,0.9999,0,0
USDT.V,D,20180714,000000,0.9999,1.02,0.9953,1.01,0,0
USDT.V,D,20180715,000000,1.01,1.01,0.9974,0.9976,0,0
USDT.V,D,20180716,000000,0.9976,1.01,0.9903,0.9988,0,0
USDT.V,D,20180717,000000,0.9988,1,0.9951,0.9983,0,0
USDT.V,D,20180718,000000,0.9983,1,0.9937,0.9992,0,0
USDT.V,D,20180719,000000,0.9992,1,0.9952,0.9983,0,0
USDT.V,D,20180720,000000,0.9983,1,0.9961,0.9976,0,0
USDT.V,D,20180721,000000,0.9976,1.01,0.9948,0.9997,0,0
USDT.V,D,20180722,000000,0.9996,1,0.9938,0.9988,0,0
USDT.V,D,20180723,000000,0.9988,1,0.9961,0.9977,0,0
USDT.V,D,20180724,000000,0.9977,1,0.9845,0.9968,0,0
USDT.V,D,20180725,000000,0.9968,0.9999,0.9932,0.9983,0,0
USDT.V,D,20180726,000000,0.9983,0.9996,0.9926,0.9991,0,0
USDT.V,D,20180727,000000,0.9991,1,0.9956,0.9976,0,0
USDT.V,D,20180728,000000,0.9976,1,0.9945,0.9992,0,0
USDT.V,D,20180729,000000,0.9992,1,0.9946,0.9992,0,0
USDT.V,D,20180730,000000,0.9992,1,0.9966,0.9972,0,0
USDT.V,D,20180731,000000,0.9972,1,0.9366,0.9967,0,0
USDT.V,D,20180801,000000,0.9967,1,0.9967,0.9981,0,0
USDT.V,D,20180802,000000,0.9981,1.01,0.9971,0.9976,0,0
USDT.V,D,20180803,000000,0.9976,1.01,0.9956,1,0,0
USDT.V,D,20180804,000000,1,1.01,0.9866,0.999,0,0
USDT.V,D,20180805,000000,0.999,1.01,0.9963,0.9989,0,0
USDT.V,D,20180806,000000,0.9989,1.01,0.9963,0.9986,0,0
USDT.V,D,20180807,000000,0.9986,1,0.9887,0.9979,0,0
USDT.V,D,20180808,000000,0.9979,1.01,0.9893,1,0,0
USDT.V,D,20180809,000000,1,1.01,0.991,0.9997,0,0
USDT.V,D,20180810,000000,0.9997,1.01,0.9983,1,0,0
USDT.V,D,20180811,000000,1,1.02,0.9971,1,0,0
USDT.V,D,20180812,000000,1,1.02,0.9983,0.9997,0,0
USDT.V,D,20180813,000000,0.9997,1.01,0.9982,0.9998,0,0
USDT.V,D,20180814,000000,0.9998,1.01,0.9987,1,0,0
USDT.V,D,20180815,000000,1,1.01,0.9999,1,0,0
USDT.V,D,20180816,000000,1,1,0.9982,0.9996,0,0
USDT.V,D,20180817,000000,0.9996,1,0.9963,0.9996,0,0
USDT.V,D,20180818,000000,0.9996,1.01,0.9985,1,0,0
USDT.V,D,20180819,000000,1,1,1,1,0,0
USDT.V,D,20180820,000000,1,1.01,0.9998,1,0,0
USDT.V,D,20180821,000000,1,1.01,0.9989,1,0,0
USDT.V,D,20180822,000000,1,1.01,0.9959,0.9992,0,0
USDT.V,D,20180823,000000,0.9991,1.01,0.9988,1,0,0
USDT.V,D,20180824,000000,1,1.01,0.9964,0.9998,0,0
USDT.V,D,20180825,000000,0.9999,1,0.9968,1,0,0
USDT.V,D,20180826,000000,1,1.01,0.9953,1,0,0
USDT.V,D,20180827,000000,1,1,0.9951,0.9987,0,0
USDT.V,D,20180828,000000,0.9987,1,0.9911,0.9985,0,0
USDT.V,D,20180829,000000,0.9985,1,0.9925,0.9981,0,0
USDT.V,D,20180830,000000,0.9981,1,0.9967,0.9978,0,0
USDT.V,D,20180831,000000,0.9978,1.01,0.9913,0.9994,0,0
USDT.V,D,20180901,000000,0.9994,1,0.9968,0.9991,0,0
USDT.V,D,20180902,000000,0.9991,1,0.9922,0.9997,0,0
USDT.V,D,20180903,000000,0.9997,1,0.9909,0.9973,0,0
USDT.V,D,20180904,000000,0.9973,1,0.9929,0.9964,0,0
USDT.V,D,20180905,000000,0.9964,1,0.9948,0.9988,0,0
USDT.V,D,20180906,000000,0.9988,1.01,0.9953,0.9976,0,0
USDT.V,D,20180907,000000,0.9976,1.01,0.9964,0.9994,0,0
USDT.V,D,20180908,000000,0.9994,1.02,0.9977,0.9981,0,0
USDT.V,D,20180909,000000,0.9981,1.02,0.9973,1.01,0,0
USDT.V,D,20180910,000000,0.9977,1.01,0.9947,1,0,0
USDT.V,D,20180911,000000,1,1.01,0.9951,0.9983,0,0
USDT.V,D,20180912,000000,0.9984,1.01,0.9913,0.9984,0,0
USDT.V,D,20180913,000000,0.9984,1.01,0.9957,0.996,0,0
USDT.V,D,20180914,000000,0.996,1.01,0.996,0.9994,0,0
USDT.V,D,20180915,000000,0.9994,1.01,0.9971,0.9984,0,0
USDT.V,D,20180916,000000,0.9984,1.01,0.9954,0.9983,0,0
USDT.V,D,20180917,000000,0.9983,1.01,0.995,0.9979,0,0
USDT.V,D,20180918,000000,0.9979,1.01,0.9893,0.9978,0,0
USDT.V,D,20180919,000000,0.9978,1.01,0.994,0.9985,0,0
USDT.V,D,20180920,000000,0.9985,1,0.9961,0.9988,0,0
USDT.V,D,20180921,000000,0.9988,1,0.996,0.9987,0,0
USDT.V,D,20180922,000000,0.9988,1,0.9937,0.9991,0,0
USDT.V,D,20180923,000000,0.9991,1,0.9949,0.9996,0,0
USDT.V,D,20180924,000000,0.9996,1,0.9926,0.9985,0,0
USDT.V,D,20180925,000000,0.9985,1,0.9966,0.9987,0,0
USDT.V,D,20180926,000000,0.9987,1,0.9975,0.9985,0,0
USDT.V,D,20180927,000000,0.9985,0.9999,0.9964,0.9972,0,0
USDT.V,D,20180928,000000,0.9973,1,0.9933,1,0,0
USDT.V,D,20180929,000000,1,1,0.9948,0.9973,0,0
USDT.V,D,20180930,000000,0.9973,1,0.9935,0.9964,0,0
USDT.V,D,20181001,000000,0.9964,1,0.991,0.9947,0,0
USDT.V,D,20181002,000000,0.9947,1,0.9905,0.9916,0,0
USDT.V,D,20181003,000000,0.9916,1.02,0.9538,0.993,0,0
USDT.V,D,20181004,000000,0.993,1.01,0.9907,0.9936,0,0
USDT.V,D,20181005,000000,0.9936,1.01,0.9902,0.9925,0,0
USDT.V,D,20181006,000000,0.9925,0.999,0.991,0.9927,0,0
USDT.V,D,20181007,000000,0.9927,1.01,0.9915,0.9939,0,0
USDT.V,D,20181008,000000,0.9939,1.01,0.9871,0.9934,0,0
USDT.V,D,20181009,000000,0.9934,1,0.9887,0.9905,0,0
USDT.V,D,20181010,000000,0.9905,1,0.9822,0.9827,0,0
USDT.V,D,20181011,000000,0.9829,0.9948,0.9707,0.9815,0,0
USDT.V,D,20181012,000000,0.9815,0.9843,0.9722,0.9804,0,0
USDT.V,D,20181013,000000,0.9804,0.9923,0.9783,0.9783,0,0
USDT.V,D,20181014,000000,0.9781,0.9931,0.9673,0.974,0,0
USDT.V,D,20181015,000000,0.9739,0.9932,0.869,0.9703,0,0
USDT.V,D,20181016,000000,0.9703,0.9703,0.9423,0.959,0,0
USDT.V,D,20181017,000000,0.959,0.9705,0.951,0.9579,0,0
USDT.V,D,20181018,000000,0.9579,0.9657,0.9516,0.964,0,0
USDT.V,D,20181019,000000,0.964,0.9769,0.9568,0.9761,0,0
USDT.V,D,20181020,000000,0.9761,0.9908,0.9704,0.9723,0,0
USDT.V,D,20181021,000000,0.9723,0.9918,0.9698,0.9734,0,0
USDT.V,D,20181022,000000,0.9734,0.9863,0.9668,0.9731,0,0
USDT.V,D,20181023,000000,0.9731,0.9854,0.9708,0.9759,0,0
USDT.V,D,20181024,000000,0.9759,0.9937,0.9712,0.9778,0,0
USDT.V,D,20181025,000000,0.9778,0.9895,0.9731,0.9772,0,0
USDT.V,D,20181026,000000,0.9772,0.9926,0.9761,0.9773,0,0
USDT.V,D,20181027,000000,0.9773,1,0.9773,0.99,0,0
USDT.V,D,20181028,000000,0.99,0.9909,0.988,0.99,0,0
USDT.V,D,20181029,000000,0.99,0.9925,0.9825,0.9877,0,0
USDT.V,D,20181030,000000,0.9877,0.9957,0.985,0.9925,0,0
USDT.V,D,20181031,000000,0.9925,0.9967,0.9873,0.9912,0,0
USDT.V,D,20181101,000000,0.9912,1,0.9893,0.9903,0,0
USDT.V,D,20181102,000000,0.9903,1,0.9887,0.9892,0,0
USDT.V,D,20181103,000000,0.9892,1.01,0.9882,1,0,0
USDT.V,D,20181104,000000,1,1.01,0.9891,0.9912,0,0
USDT.V,D,20181105,000000,0.9912,0.9998,0.9881,0.9913,0,0
USDT.V,D,20181106,000000,0.9913,0.9987,0.9869,0.9909,0,0
USDT.V,D,20181107,000000,0.9909,0.9977,0.9819,0.9911,0,0
USDT.V,D,20181108,000000,0.9911,0.9956,0.9882,0.9896,0,0
USDT.V,D,20181109,000000,0.9896,0.9966,0.9862,0.9876,0,0
USDT.V,D,20181110,000000,0.9876,0.9986,0.9856,0.9865,0,0
USDT.V,D,20181111,000000,0.9865,1,0.9861,0.9866,0,0
USDT.V,D,20181112,000000,0.9866,0.9953,0.9803,0.981,0,0
USDT.V,D,20181113,000000,0.981,0.9909,0.9691,0.9702,0,0
USDT.V,D,20181114,000000,0.9702,0.9804,0.9413,0.9526,0,0
USDT.V,D,20181115,000000,0.9526,0.9798,0.9462,0.9728,0,0
USDT.V,D,20181116,000000,0.9728,0.9851,0.9702,0.977,0,0
USDT.V,D,20181117,000000,0.977,0.9949,0.9761,0.9797,0,0
USDT.V,D,20181118,000000,0.9797,0.9905,0.9779,0.9837,0,0
USDT.V,D,20181119,000000,0.9837,0.995,0.9654,0.9659,0,0
USDT.V,D,20181120,000000,0.9659,0.9734,0.9315,0.9527,0,0
USDT.V,D,20181121,000000,0.9527,0.9766,0.9507,0.9705,0,0
USDT.V,D,20181122,000000,0.9709,0.9903,0.9705,0.9751,0,0
USDT.V,D,20181123,000000,0.9751,0.9777,0.9691,0.9718,0,0
USDT.V,D,20181124,000000,0.9718,0.9804,0.9588,0.9593,0,0
USDT.V,D,20181125,000000,0.9593,0.9727,0.9465,0.9698,0,0
USDT.V,D,20181126,000000,0.9698,0.9721,0.954,0.9639,0,0
USDT.V,D,20181127,000000,0.9639,0.9751,0.9629,0.9709,0,0
USDT.V,D,20181128,000000,0.9709,0.9901,0.9698,0.986,0,0
USDT.V,D,20181129,000000,0.986,0.9949,0.9835,0.9868,0,0
USDT.V,D,20181130,000000,0.9868,0.9926,0.9798,0.9843,0,0
USDT.V,D,20181201,000000,0.9842,1.01,0.981,0.9885,0,0
USDT.V,D,20181202,000000,0.9884,1.01,0.9823,0.9859,0,0
USDT.V,D,20181203,000000,0.9859,1.02,0.9812,0.9888,0,0
USDT.V,D,20181204,000000,0.9888,1.02,0.9829,0.9867,0,0
USDT.V,D,20181205,000000,0.9867,1.02,0.9799,0.9835,0,0
USDT.V,D,20181206,000000,0.9835,1.01,0.9796,0.984,0,0
USDT.V,D,20181207,000000,0.984,0.9971,0.98,0.9954,0,0
USDT.V,D,20181208,000000,0.9954,0.9996,0.988,0.995,0,0
USDT.V,D,20181209,000000,0.995,1.02,0.9919,0.9963,0,0
USDT.V,D,20181210,000000,0.9963,1.02,0.9922,0.995,0,0
USDT.V,D,20181211,000000,0.995,1.03,0.9871,0.9929,0,0
USDT.V,D,20181212,000000,0.9929,0.999,0.9893,0.9949,0,0
USDT.V,D,20181213,000000,0.9949,1.02,0.9864,0.9892,0,0
USDT.V,D,20181214,000000,0.9892,1.02,0.986,0.9916,0,0
USDT.V,D,20181215,000000,0.9916,1.02,0.9874,0.9922,0,0
USDT.V,D,20181216,000000,0.9921,1.02,0.9691,0.9911,0,0
USDT.V,D,20181217,000000,0.9911,1.02,0.9882,0.9979,0,0
USDT.V,D,20181218,000000,0.9979,0.9994,0.9945,0.9988,0,0
USDT.V,D,20181219,000000,0.9988,1.01,0.9973,1,0,0
USDT.V,D,20181220,000000,1,1.01,1,1.01,0,0
USDT.V,D,20181221,000000,1.01,1.02,1,1,0,0
USDT.V,D,20181222,000000,1,1.01,0.9989,1,0,0
USDT.V,D,20181223,000000,1,1.01,1,1,0,0
USDT.V,D,20181224,000000,1,1.01,1,1,0,0
USDT.V,D,20181225,000000,1,1.01,1,1.01,0,0
USDT.V,D,20181226,000000,1.01,1.02,1.01,1.01,0,0
USDT.V,D,20181227,000000,1.01,1.01,1,1.01,0,0
USDT.V,D,20181228,000000,1.01,1.02,1.01,1.01,0,0
USDT.V,D,20181229,000000,1.01,1.02,1.01,1.01,0,0
USDT.V,D,20181230,000000,1.01,1.01,1,1.01,0,0
USDT.V,D,20181231,000000,1.01,1.01,1,1,0,0
USDT.V,D,20190101,000000,1,1.01,0.9971,1,0,0
USDT.V,D,20190102,000000,1,1.02,1,1.01,0,0
USDT.V,D,20190103,000000,1.01,1.01,1,1.01,0,0
USDT.V,D,20190104,000000,1.01,1.01,1,1.01,0,0
USDT.V,D,20190105,000000,1.01,1.02,1,1.01,0,0
USDT.V,D,20190106,000000,1.01,1.02,1,1.01,0,0
USDT.V,D,20190107,000000,1.01,1.01,1.01,1.01,0,0
USDT.V,D,20190108,000000,1.01,1.01,1.01,1.01,0,0
USDT.V,D,20190109,000000,1.01,1.01,1,1.01,0,0
USDT.V,D,20190110,000000,1.01,1.01,1,1.01,0,0
USDT.V,D,20190111,000000,1.01,1.01,1,1.01,0,0
USDT.V,D,20190112,000000,1.01,1.01,1.01,1.01,0,0
USDT.V,D,20190113,000000,1.01,1.03,1.01,1.01,0,0
USDT.V,D,20190114,000000,1.01,1.01,1.01,1.01,0,0
USDT.V,D,20190115,000000,1.01,1.01,1.01,1.01,0,0
USDT.V,D,20190116,000000,1.01,1.01,1,1,0,0
USDT.V,D,20190117,000000,1,1,1,1,0,0
USDT.V,D,20190118,000000,1,1.01,1,1,0,0
USDT.V,D,20190119,000000,1,1.03,1,1,0,0
USDT.V,D,20190120,000000,1,1.02,0.9973,0.9999,0,0
USDT.V,D,20190121,000000,0.9999,1.02,0.9988,1,0,0
USDT.V,D,20190122,000000,1,1.01,1,1,0,0
USDT.V,D,20190123,000000,1,1.03,1,1,0,0
USDT.V,D,20190124,000000,1,1.01,0.9987,1,0,0
USDT.V,D,20190125,000000,1,1.01,0.9979,1,0,0
USDT.V,D,20190126,000000,1,1.03,0.9968,0.9991,0,0
USDT.V,D,20190127,000000,0.9991,1.03,0.9941,0.9964,0,0
USDT.V,D,20190128,000000,0.9964,1.01,0.9947,0.998,0,0
USDT.V,D,20190129,000000,0.998,1,0.9946,0.9961,0,0
USDT.V,D,20190130,000000,0.9961,1.01,0.9934,0.9935,0,0
USDT.V,D,20190131,000000,0.9935,0.9972,0.9916,0.9936,0,0
USDT.V,D,20190201,000000,0.9936,0.9951,0.9882,0.9911,0,0
USDT.V,D,20190202,000000,0.9911,1.01,0.9899,0.9909,0,0
USDT.V,D,20190203,000000,0.9909,1.01,0.9873,0.9876,0,0
USDT.V,D,20190204,000000,0.9876,0.9895,0.9849,0.9866,0,0
USDT.V,D,20190205,000000,0.9866,1,0.9848,0.9873,0,0
USDT.V,D,20190206,000000,0.9872,0.9964,0.9862,0.9891,0,0
USDT.V,D,20190207,000000,0.9891,0.9962,0.987,0.9883,0,0
USDT.V,D,20190208,000000,0.9883,0.9935,0.9861,0.9883,0,0
USDT.V,D,20190209,000000,0.9883,0.9908,0.9877,0.9894,0,0
USDT.V,D,20190210,000000,0.989,0.9925,0.9885,0.9904,0,0
USDT.V,D,20190211,000000,0.9904,0.9931,0.9873,0.988,0,0
USDT.V,D,20190212,000000,0.988,0.9939,0.9856,0.9883,0,0
USDT.V,D,20190213,000000,0.9883,1,0.9879,0.9902,0,0
USDT.V,D,20190214,000000,0.9902,0.9919,0.9889,0.9902,0,0
USDT.V,D,20190215,000000,0.9902,0.9924,0.9889,0.9904,0,0
USDT.V,D,20190216,000000,0.9904,1,0.9898,0.9904,0,0
USDT.V,D,20190217,000000,0.9904,0.9909,0.9877,0.9892,0,0
USDT.V,D,20190218,000000,0.9892,1,0.9863,0.9933,0,0
USDT.V,D,20190219,000000,0.9933,0.9984,0.9893,0.9924,0,0
USDT.V,D,20190220,000000,0.9924,0.9969,0.943,0.9914,0,0
USDT.V,D,20190221,000000,0.9914,0.9938,0.9898,0.9901,0,0
USDT.V,D,20190222,000000,0.9899,0.9948,0.9892,0.9925,0,0
USDT.V,D,20190223,000000,0.9925,0.9986,0.9917,0.9968,0,0
USDT.V,D,20190224,000000,0.9969,1.01,0.9934,0.9969,0,0
USDT.V,D,20190225,000000,0.9969,0.998,0.9924,0.9957,0,0
USDT.V,D,20190226,000000,0.9956,0.9987,0.9898,0.997,0,0
USDT.V,D,20190227,000000,0.997,0.9975,0.9925,0.9961,0,0
USDT.V,D,20190228,000000,0.9961,0.9976,0.9935,0.9948,0,0
USDT.V,D,20190301,000000,0.9948,0.996,0.9922,0.9952,0,0
USDT.V,D,20190302,000000,0.9952,0.9975,0.9939,0.9966,0,0
USDT.V,D,20190303,000000,0.9966,1.02,0.9942,0.9943,0,0
USDT.V,D,20190304,000000,0.9943,0.9982,0.9935,0.9963,0,0
USDT.V,D,20190305,000000,0.9963,0.9981,0.9945,0.9963,0,0
USDT.V,D,20190306,000000,0.9963,0.9978,0.9948,0.9956,0,0
USDT.V,D,20190307,000000,0.9956,0.997,0.9935,0.9959,0,0
USDT.V,D,20190308,000000,0.9959,1.01,0.9931,0.9944,0,0
USDT.V,D,20190309,000000,0.9944,1,0.9933,0.9938,0,0
USDT.V,D,20190310,000000,0.9937,0.9998,0.9936,0.9948,0,0
USDT.V,D,20190311,000000,0.9949,1.02,0.9933,1.01,0,0
USDT.V,D,20190312,000000,1.01,1.02,1,1.01,0,0
USDT.V,D,20190313,000000,1.01,1.01,0.999,1,0,0
USDT.V,D,20190314,000000,1,1.02,0.9956,1,0,0
USDT.V,D,20190315,000000,1,1.01,0.9934,1,0,0
USDT.V,D,20190316,000000,1,1.02,0.9935,1.01,0,0
USDT.V,D,20190317,000000,1.01,1.02,0.9957,1.01,0,0
USDT.V,D,20190318,000000,1.01,1.02,0.9994,1,0,0
USDT.V,D,20190319,000000,1,1.02,0.9955,1.01,0,0
USDT.V,D,20190320,000000,1.01,1.02,0.9966,1.01,0,0
USDT.V,D,20190321,000000,1.01,1.02,0.9969,1,0,0
USDT.V,D,20190322,000000,1,1.01,0.9978,1.01,0,0
USDT.V,D,20190323,000000,1.01,1.01,0.9962,1,0,0
USDT.V,D,20190324,000000,1,1.01,0.9995,1.01,0,0
USDT.V,D,20190325,000000,1.01,1.01,0.9971,1,0,0
USDT.V,D,20190326,000000,1,1.01,0.9954,1.01,0,0
USDT.V,D,20190327,000000,1.01,1.01,0.9974,1,0,0
USDT.V,D,20190328,000000,1,1.01,0.9969,1,0,0
USDT.V,D,20190329,000000,1,1.01,0.9981,1,0,0
USDT.V,D,20190330,000000,1,1.02,0.9975,1.01,0,0
USDT.V,D,20190331,000000,1.01,1.01,0.998,1,0,0
USDT.V,D,20190401,000000,1,1.01,0.9967,1,0,0
USDT.V,D,20190402,000000,1,1.02,1,1.01,0,0
USDT.V,D,20190403,000000,1.01,1.02,1.01,1.01,0,0
USDT.V,D,20190404,000000,1.01,1.01,1,1.01,0,0
USDT.V,D,20190405,000000,1.01,1.01,1,1.01,0,0
USDT.V,D,20190406,000000,1.01,1.01,1,1.01,0,0
USDT.V,D,20190407,000000,1.01,1.01,1,1.01,0,0
USDT.V,D,20190408,000000,1.01,1.02,1.01,1.01,0,0
USDT.V,D,20190409,000000,1.01,1.01,1.01,1.01,0,0
USDT.V,D,20190410,000000,1.01,1.01,1,1,0,0
USDT.V,D,20190411,000000,1,1.01,1,1.01,0,0
USDT.V,D,20190412,000000,1.01,1.01,1,1,0,0
USDT.V,D,20190413,000000,1,1.01,1,1,0,0
USDT.V,D,20190414,000000,1,1.01,1,1.01,0,0
USDT.V,D,20190415,000000,1.01,1.01,1,1,0,0
USDT.V,D,20190416,000000,1,1.01,1,1.01,0,0
USDT.V,D,20190417,000000,1.01,1.01,1,1,0,0
USDT.V,D,20190418,000000,1,1.01,1,1.01,0,0
USDT.V,D,20190419,000000,1.01,1.01,1,1,0,0
USDT.V,D,20190420,000000,1,1.01,1,1.01,0,0
USDT.V,D,20190421,000000,1.01,1.01,1,1.01,0,0
USDT.V,D,20190422,000000,1.01,1.01,1,1.01,0,0
USDT.V,D,20190423,000000,1.01,1.01,1,1.01,0,0
USDT.V,D,20190424,000000,1.01,1.01,1,1,0,0
USDT.V,D,20190425,000000,1,1.01,1,1,0,0
USDT.V,D,20190426,000000,1,1,0.9774,0.9954,0,0
USDT.V,D,20190427,000000,0.9954,1.02,0.98,1.01,0,0
USDT.V,D,20190428,000000,1.01,1.03,0.975,0.9917,0,0
USDT.V,D,20190429,000000,0.9917,1.03,0.9742,1.02,0,0
USDT.V,D,20190430,000000,1.02,1.04,0.999,1.01,0,0
USDT.V,D,20190501,000000,1.01,1.05,0.9934,1.01,0,0
USDT.V,D,20190502,000000,1.01,1.05,0.9875,1.02,0,0
USDT.V,D,20190503,000000,1.02,1.04,0.9814,1.02,0,0
USDT.V,D,20190504,000000,1.02,1.05,0.9837,1.01,0,0
USDT.V,D,20190505,000000,1.01,1.05,0.9914,1.03,0,0
USDT.V,D,20190506,000000,1.03,1.05,0.9885,1.02,0,0
USDT.V,D,20190507,000000,1.02,1.05,1.01,1.01,0,0
USDT.V,D,20190508,000000,1.01,1.04,0.9912,1.01,0,0
USDT.V,D,20190509,000000,1.01,1.03,0.9992,1.01,0,0
USDT.V,D,20190510,000000,1.01,1.01,0.9939,1,0,0
USDT.V,D,20190511,000000,1,1,0.9987,1,0,0
USDT.V,D,20190512,000000,1,1.01,0.9962,1,0,0
USDT.V,D,20190513,000000,1,1.01,0.9971,1,0,0
USDT.V,D,20190514,000000,0.9999,1,0.9937,0.9968,0,0
USDT.V,D,20190515,000000,0.9968,1,0.9962,0.9994,0,0
USDT.V,D,20190516,000000,0.9991,1,0.9959,0.9987,0,0
USDT.V,D,20190517,000000,0.9985,1.01,0.9925,1,0,0
USDT.V,D,20190518,000000,1,1.01,1,1,0,0
USDT.V,D,20190519,000000,1,1.01,1,1,0,0
USDT.V,D,20190520,000000,1,1.01,1,1,0,0
USDT.V,D,20190521,000000,1,1.01,1,1.01,0,0
USDT.V,D,20190522,000000,1.01,1.01,0.9984,1,0,0
USDT.V,D,20190523,000000,1,1,0.9993,1,0,0
USDT.V,D,20190524,000000,1,1.01,1,1.01,0,0
USDT.V,D,20190525,000000,1.01,1.01,1,1,0,0
USDT.V,D,20190526,000000,1,1.01,1,1.01,0,0
USDT.V,D,20190527,000000,1.01,1.01,1,1,0,0
USDT.V,D,20190528,000000,1,1,1,1,0,0
USDT.V,D,20190529,000000,1,1,1,1,0,0
USDT.V,D,20190530,000000,1,1,0.9994,1,0,0
USDT.V,D,20190531,000000,1,1,0.9963,0.9988,0,0
USDT.V,D,20190601,000000,0.9988,1,0.9978,1,0,0
USDT.V,D,20190602,000000,1,1,0.9999,1,0,0
USDT.V,D,20190603,000000,1,1,0.9981,0.9984,0,0
USDT.V,D,20190604,000000,0.9984,1,0.9958,0.9995,0,0
USDT.V,D,20190605,000000,0.9994,1,0.9985,1,0,0
USDT.V,D,20190606,000000,1,1,1,1,0,0
USDT.V,D,20190607,000000,1,1,1,1,0,0
USDT.V,D,20190608,000000,1,1,1,1,0,0
USDT.V,D,20190609,000000,1,1,1,1,0,0
USDT.V,D,20190610,000000,1,1.004,1,1.004,0,0
USDT.V,D,20190611,000000,1.004,1.004,1.002,1.003,0,0
USDT.V,D,20190612,000000,1.003,1.005,1.002,1.004,0,0
USDT.V,D,20190613,000000,1.004,1.005,1.002,1.002,0,0
USDT.V,D,20190614,000000,1.002,1.003,1.001,1.003,0,0
USDT.V,D,20190615,000000,1.003,1.005,1.003,1.004,0,0
USDT.V,D,20190616,000000,1.004,1.006,1.002,1.002,0,0
USDT.V,D,20190617,000000,1.002,1.004,1.001,1.004,0,0
USDT.V,D,20190618,000000,1.004,1.004,0.9991,0.9999,0,0
USDT.V,D,20190619,000000,0.9999,1.003,0.9993,1.003,0,0
USDT.V,D,20190620,000000,1.003,1.004,1.002,1.003,0,0
USDT.V,D,20190621,000000,1.003,1.004,1.001,1.002,0,0
USDT.V,D,20190622,000000,1.002,1.004,0.9982,1.002,0,0
USDT.V,D,20190623,000000,1.002,1.002,0.9963,0.9966,0,0
USDT.V,D,20190624,000000,0.9966,1.001,0.9966,0.9984,0,0
USDT.V,D,20190625,000000,0.9984,1,0.9967,0.9968,0,0
USDT.V,D,20190626,000000,0.9968,0.9983,0.9825,0.9899,0,0
USDT.V,D,20190627,000000,0.9899,0.9951,0.9858,0.9926,0,0
USDT.V,D,20190628,000000,0.9926,0.9961,0.9852,0.9926,0,0
USDT.V,D,20190629,000000,0.9926,0.999,0.9915,0.9973,0,0
USDT.V,D,20190630,000000,0.9973,1.001,0.9919,0.9944,0,0
USDT.V,D,20190701,000000,0.9943,1.002,0.9927,1.001,0,0
USDT.V,D,20190702,000000,1.001,1.004,0.9964,1.002,0,0
USDT.V,D,20190703,000000,1.002,1.003,1,1.002,0,0
USDT.V,D,20190704,000000,1.002,1.004,1.002,1.002,0,0
USDT.V,D,20190705,000000,1.003,1.003,0.9982,1.002,0,0
USDT.V,D,20190706,000000,1.002,1.005,1.001,1.003,0,0
USDT.V,D,20190707,000000,1.003,1.005,1,1.003,0,0
USDT.V,D,20190708,000000,1.003,1.005,1.003,1.004,0,0
USDT.V,D,20190709,000000,1.004,1.005,1,1.002,0,0
USDT.V,D,20190710,000000,1.002,1.003,0.9981,0.9992,0,0
USDT.V,D,20190711,000000,0.9992,1.002,0.9983,1,0,0
USDT.V,D,20190712,000000,1,1.003,0.9987,1.002,0,0
USDT.V,D,20190713,000000,1.002,1.003,0.9963,0.9963,0,0
USDT.V,D,20190714,000000,0.9963,1,0.9957,0.9993,0,0
USDT.V,D,20190715,000000,0.9993,1.002,0.9986,1,0,0
USDT.V,D,20190716,000000,1,1.001,0.9972,0.9998,0,0
USDT.V,D,20190717,000000,0.9998,1.002,0.9989,1.001,0,0
USDT.V,D,20190718,000000,1.001,1.003,0.9993,1.001,0,0
USDT.V,D,20190719,000000,1.001,1.003,1,1.001,0,0
USDT.V,D,20190720,000000,1.001,1.002,1,1.002,0,0
USDT.V,D,20190721,000000,1.002,1.002,0.9976,0.9994,0,0
USDT.V,D,20190722,000000,0.9994,1.001,0.9975,0.9982,0,0
USDT.V,D,20190723,000000,0.9982,1,0.9973,0.9996,0,0
USDT.V,D,20190724,000000,0.9996,1.001,0.9983,1,0,0
USDT.V,D,20190725,000000,1,1.002,0.9999,1.001,0,0
USDT.V,D,20190726,000000,1.001,1.003,1,1.001,0,0
USDT.V,D,20190727,000000,1.001,1.003,0.9964,0.9989,0,0
USDT.V,D,20190728,000000,0.9989,1.003,0.998,0.9982,0,0
USDT.V,D,20190729,000000,0.9982,1,0.9959,0.9985,0,0
USDT.V,D,20190730,000000,0.9985,1.003,0.998,1.001,0,0
USDT.V,D,20190731,000000,1.001,1.003,0.9998,1.002,0,0
USDT.V,D,20190801,000000,1.002,1.003,1,1.001,0,0
USDT.V,D,20190802,000000,1.001,1.002,1,1,0,0
USDT.V,D,20190803,000000,1,1.002,0.9998,1.001,0,0
USDT.V,D,20190804,000000,1.001,1.003,1.001,1.001,0,0
USDT.V,D,20190805,000000,1.001,1.002,1,1,0,0
USDT.V,D,20190806,000000,1,1.002,0.9986,0.9989,0,0
USDT.V,D,20190807,000000,0.9989,1.001,0.9985,0.9995,0,0
USDT.V,D,20190808,000000,0.9995,1.002,0.9981,1.001,0,0
USDT.V,D,20190809,000000,1.001,1.002,0.9983,1.001,0,0
USDT.V,D,20190810,000000,1.001,1.002,0.9973,0.9987,0,0
USDT.V,D,20190811,000000,0.9988,1.004,0.9983,1,0,0
USDT.V,D,20190812,000000,1,1.002,0.9982,1.001,0,0
USDT.V,D,20190813,000000,1.001,1.001,0.9972,1,0,0
USDT.V,D,20190814,000000,1,1.001,0.9975,0.9997,0,0
USDT.V,D,20190815,000000,0.9997,1.002,0.9982,1.002,0,0
USDT.V,D,20190816,000000,1.002,1.003,0.9996,1.002,0,0
USDT.V,D,20190817,000000,1.002,1.012,1.001,1.001,0,0
USDT.V,D,20190818,000000,1.001,1.011,1.001,1.001,0,0
USDT.V,D,20190819,000000,1.001,1.015,1.001,1.002,0,0
USDT.V,D,20190820,000000,1.002,1.003,1,1.001,0,0
USDT.V,D,20190821,000000,1.001,1.003,0.9988,1,0,0
USDT.V,D,20190822,000000,1,1.006,0.9987,1.001,0,0
USDT.V,D,20190823,000000,1.001,1.004,1,1.001,0,0
USDT.V,D,20190824,000000,1.001,1.019,1.001,1.002,0,0
USDT.V,D,20190825,000000,1.002,1.011,1.001,1.002,0,0
USDT.V,D,20190826,000000,1.002,1.002,0.9999,1,0,0
USDT.V,D,20190827,000000,1,1.009,0.9997,1.001,0,0
USDT.V,D,20190828,000000,1.001,1.014,0.9984,1.001,0,0
USDT.V,D,20190829,000000,1.001,1.004,1.001,1.002,0,0
USDT.V,D,20190830,000000,1.002,1.023,1.001,1.003,0,0
USDT.V,D,20190831,000000,1.003,1.027,1.001,1.002,0,0
USDT.V,D,20190901,000000,1.002,1.016,1.001,1.003,0,0
USDT.V,D,20190902,000000,1.003,1.005,1,1.001,0,0
USDT.V,D,20190903,000000,1.001,1.003,1,1.001,0,0
USDT.V,D,20190904,000000,1.001,1.004,1,1.003,0,0
USDT.V,D,20190905,000000,1.003,1.01,1.001,1.003,0,0
USDT.V,D,20190906,000000,1.003,1.004,1,1.002,0,0
USDT.V,D,20190907,000000,1.002,1.01,1.001,1.002,0,0
USDT.V,D,20190908,000000,1.002,1.006,1.002,1.003,0,0
USDT.V,D,20190909,000000,1.003,1.009,1.001,1.002,0,0
USDT.V,D,20190910,000000,1.002,1.005,1.001,1.002,0,0
USDT.V,D,20190911,000000,1.002,1.008,1,1.003,0,0
USDT.V,D,20190912,000000,1.002,1.007,1.002,1.003,0,0
USDT.V,D,20190913,000000,1.003,1.012,1.001,1.002,0,0
USDT.V,D,20190914,000000,1.002,1.009,1.002,1.003,0,0
USDT.V,D,20190915,000000,1.003,1.007,1.002,1.003,0,0
USDT.V,D,20190916,000000,1.003,1.014,1.002,1.003,0,0
USDT.V,D,20190917,000000,1.003,1.004,1.001,1.002,0,0
USDT.V,D,20190918,000000,1.002,1.004,1,1.002,0,0
USDT.V,D,20190919,000000,1.002,1.004,1,1.003,0,0
USDT.V,D,20190920,000000,1.003,1.004,0.9999,1.002,0,0
USDT.V,D,20190921,000000,1.002,1.005,1.001,1.003,0,0
USDT.V,D,20190922,000000,1.003,1.011,1.002,1.002,0,0
USDT.V,D,20190923,000000,1.002,1.004,1,1.001,0,0
USDT.V,D,20190924,000000,1.001,1.016,0.9984,1.004,0,0
USDT.V,D,20190925,000000,1.004,1.005,1.002,1.004,0,0
USDT.V,D,20190926,000000,1.004,1.005,1.001,1.004,0,0
USDT.V,D,20190927,000000,1.004,1.011,1.002,1.004,0,0
USDT.V,D,20190928,000000,1.004,1.009,1.003,1.004,0,0
USDT.V,D,20190929,000000,1.004,1.005,1.002,1.004,0,0
USDT.V,D,20190930,000000,1.004,1.006,1.004,1.005,0,0
USDT.V,D,20191001,000000,1.005,1.008,1.004,1.005,0,0
USDT.V,D,20191002,000000,1.005,1.01,1.004,1.005,0,0
USDT.V,D,20191003,000000,1.005,1.009,1.004,1.004,0,0
USDT.V,D,20191004,000000,1.004,1.01,1.003,1.004,0,0
USDT.V,D,20191005,000000,1.004,1.031,1.004,1.006,0,0
USDT.V,D,20191006,000000,1.006,1.035,1.004,1.006,0,0
USDT.V,D,20191007,000000,1.006,1.033,1.003,1.004,0,0
USDT.V,D,20191008,000000,1.004,1.005,1.003,1.003,0,0
USDT.V,D,20191009,000000,1.003,1.005,1.002,1.003,0,0
USDT.V,D,20191010,000000,1.003,1.004,1.002,1.003,0,0
USDT.V,D,20191011,000000,1.003,1.01,1.001,1.002,0,0
USDT.V,D,20191012,000000,1.002,1.008,1.001,1.004,0,0
USDT.V,D,20191013,000000,1.004,1.027,1.003,1.003,0,0
USDT.V,D,20191014,000000,1.002,1.006,1.001,1.002,0,0
USDT.V,D,20191015,000000,1.002,1.024,1.001,1.003,0,0
USDT.V,D,20191016,000000,1.003,1.025,1.002,1.002,0,0
USDT.V,D,20191017,000000,1.002,1.012,1.002,1.003,0,0
USDT.V,D,20191018,000000,1.003,1.01,1.003,1.005,0,0
USDT.V,D,20191019,000000,1.005,1.013,1.004,1.005,0,0
USDT.V,D,20191020,000000,1.005,1.033,1.004,1.008,0,0
USDT.V,D,20191021,000000,1.008,1.015,1.003,1.005,0,0
USDT.V,D,20191022,000000,1.005,1.008,1.003,1.004,0,0
USDT.V,D,20191023,000000,1.004,1.029,1.003,1.004,0,0
USDT.V,D,20191024,000000,1.004,1.029,1.003,1.005,0,0
USDT.V,D,20191025,000000,1.005,1.039,1.003,1.004,0,0
USDT.V,D,20191026,000000,1.004,1.006,1.002,1.004,0,0
USDT.V,D,20191027,000000,1.004,1.005,1.003,1.003,0,0
USDT.V,D,20191028,000000,1.003,1.005,1.003,1.003,0,0
USDT.V,D,20191029,000000,1.003,1.004,1.002,1.003,0,0
USDT.V,D,20191030,000000,1.003,1.004,1.002,1.004,0,0
USDT.V,D,20191031,000000,1.004,1.004,1.003,1.003,0,0
USDT.V,D,20191101,000000,1.003,1.004,1.002,1.003,0,0
USDT.V,D,20191102,000000,1.003,1.01,1.001,1.003,0,0
USDT.V,D,20191103,000000,1.003,1.005,1.002,1.003,0,0
USDT.V,D,20191104,000000,1.003,1.004,1.002,1.004,0,0
USDT.V,D,20191105,000000,1.004,1.004,1.001,1.002,0,0
USDT.V,D,20191106,000000,1.002,1.005,1.001,1.001,0,0
USDT.V,D,20191107,000000,1.001,1.002,0.9997,1,0,0
USDT.V,D,20191108,000000,1,1.001,0.9988,1,0,0
USDT.V,D,20191109,000000,1,1.002,0.9998,1.001,0,0
USDT.V,D,20191110,000000,1.002,1.004,1.001,1.003,0,0
USDT.V,D,20191111,000000,1.003,1.004,1.001,1.002,0,0
USDT.V,D,20191112,000000,1.002,1.004,1,1.002,0,0
USDT.V,D,20191113,000000,1.002,1.004,1,1.001,0,0
USDT.V,D,20191114,000000,1.001,1.004,0.9989,1.001,0,0
USDT.V,D,20191115,000000,1.001,1.003,1,1.002,0,0
USDT.V,D,20191116,000000,1.002,1.005,1.001,1.003,0,0
USDT.V,D,20191117,000000,1.003,1.006,1.003,1.006,0,0
USDT.V,D,20191118,000000,1.006,1.009,1,1.005,0,0
USDT.V,D,20191119,000000,1.005,1.006,1,1.002,0,0
USDT.V,D,20191120,000000,1.002,1.008,1,1.002,0,0
USDT.V,D,20191121,000000,1.002,1.007,1.001,1.003,0,0
USDT.V,D,20191122,000000,1.003,1.005,1.001,1.005,0,0
USDT.V,D,20191123,000000,1.005,1.007,1.004,1.006,0,0
USDT.V,D,20191124,000000,1.006,1.01,1.005,1.008,0,0
USDT.V,D,20191125,000000,1.008,1.014,1.006,1.006,0,0
USDT.V,D,20191126,000000,1.006,1.007,1.003,1.005,0,0
USDT.V,D,20191127,000000,1.005,1.006,1.003,1.005,0,0
USDT.V,D,20191128,000000,1.005,1.005,1.001,1.004,0,0
USDT.V,D,20191129,000000,1.004,1.013,1.003,1.005,0,0
USDT.V,D,20191130,000000,1.005,1.016,1.003,1.006,0,0
USDT.V,D,20191201,000000,1.006,1.019,1.005,1.006,0,0
USDT.V,D,20191202,000000,1.006,1.035,1.005,1.007,0,0
USDT.V,D,20191203,000000,1.007,1.012,1.004,1.005,0,0
USDT.V,D,20191204,000000,1.005,1.022,1.002,1.005,0,0
USDT.V,D,20191205,000000,1.005,1.007,1.002,1.004,0,0
USDT.V,D,20191206,000000,1.004,1.007,1.002,1.004,0,0
USDT.V,D,20191207,000000,1.004,1.008,1.002,1.005,0,0
USDT.V,D,20191208,000000,1.005,1.012,1.004,1.006,0,0
USDT.V,D,20191209,000000,1.006,1.007,1.003,1.004,0,0
USDT.V,D,20191210,000000,1.004,1.012,1.001,1.002,0,0
USDT.V,D,20191211,000000,1.002,1.004,0.9999,1.002,0,0
USDT.V,D,20191212,000000,1.002,1.005,1.001,1.002,0,0
USDT.V,D,20191213,000000,1.002,1.007,1.001,1.004,0,0
USDT.V,D,20191214,000000,1.004,1.035,1.003,1.005,0,0
USDT.V,D,20191215,000000,1.005,1.013,1.005,1.006,0,0
USDT.V,D,20191216,000000,1.006,1.008,1.002,1.004,0,0
USDT.V,D,20191217,000000,1.004,1.005,1.002,1.005,0,0
USDT.V,D,20191218,000000,1.005,1.005,1.002,1.004,0,0
USDT.V,D,20191219,000000,1.004,1.007,1.002,1.003,0,0
USDT.V,D,20191220,000000,1.004,1.009,1,1.004,0,0
USDT.V,D,20191221,000000,1.004,1.032,1.002,1.004,0,0
USDT.V,D,20191222,000000,1.004,1.018,1.003,1.006,0,0
USDT.V,D,20191223,000000,1.006,1.01,1.001,1.002,0,0
USDT.V,D,20191224,000000,1.002,1.004,1.001,1.003,0,0
USDT.V,D,20191225,000000,1.003,1.006,1,1.001,0,0
USDT.V,D,20191226,000000,1.001,1.007,1.001,1.002,0,0
USDT.V,D,20191227,000000,1.002,1.004,0.9987,1.001,0,0
USDT.V,D,20191228,000000,1.001,1.005,1.001,1.002,0,0
USDT.V,D,20191229,000000,1.003,1.01,1.001,1.004,0,0
USDT.V,D,20191230,000000,1.003,1.01,0.9995,1,0,0
USDT.V,D,20191231,000000,1,1.016,0.9996,1.001,0,0
USDT.V,D,20200101,000000,1.001,1.017,1.001,1.008,0,0
USDT.V,D,20200102,000000,1.008,1.019,1.003,1.003,0,0
USDT.V,D,20200103,000000,1.003,1.005,1.001,1.002,0,0
USDT.V,D,20200104,000000,1.002,1.007,1,1.002,0,0
USDT.V,D,20200105,000000,1.002,1.004,1.001,1.001,0,0
USDT.V,D,20200106,000000,1.001,1.004,1.001,1.002,0,0
USDT.V,D,20200107,000000,1.002,1.002,1,1.001,0,0
USDT.V,D,20200108,000000,1.001,1.001,1,1,0,0
USDT.V,D,20200109,000000,1,1.002,1,1,0,0
USDT.V,D,20200110,000000,1,1.004,0.9996,1.001,0,0
USDT.V,D,20200111,000000,1.001,1.001,1,1,0,0
USDT.V,D,20200112,000000,1,1.001,0.9996,0.9997,0,0
USDT.V,D,20200113,000000,0.9997,1.001,0.9992,1.001,0,0
USDT.V,D,20200114,000000,1.001,1.002,0.997,0.9974,0,0
USDT.V,D,20200115,000000,0.9973,0.9995,0.9959,0.9988,0,0
USDT.V,D,20200116,000000,0.999,1,0.9978,0.9994,0,0
USDT.V,D,20200117,000000,0.9994,0.9997,0.9979,0.9983,0,0
USDT.V,D,20200118,000000,0.9983,0.9997,0.9976,0.9991,0,0
USDT.V,D,20200119,000000,0.9989,1.001,0.9969,1,0,0
USDT.V,D,20200120,000000,0.9999,1.001,0.9989,0.9995,0,0
USDT.V,D,20200121,000000,0.9997,1.001,0.9991,0.9999,0,0
USDT.V,D,20200122,000000,1,1.001,0.9985,0.9994,0,0
USDT.V,D,20200123,000000,0.9994,1,0.9978,0.9993,0,0
USDT.V,D,20200124,000000,0.9992,1.001,0.9985,0.9997,0,0
USDT.V,D,20200125,000000,0.9997,1.005,0.9993,1.001,0,0
USDT.V,D,20200126,000000,1.001,1.007,0.9994,1.002,0,0
USDT.V,D,20200127,000000,1.002,1.003,0.9983,0.9989,0,0
USDT.V,D,20200128,000000,0.9989,1.001,0.9984,1,0,0
USDT.V,D,20200129,000000,1,1.002,0.9986,0.9992,0,0
USDT.V,D,20200130,000000,0.9992,1.001,0.9977,0.999,0,0
USDT.V,D,20200131,000000,0.999,1,0.9981,0.9993,0,0
USDT.V,D,20200201,000000,0.9993,1.002,0.9976,1.001,0,0
USDT.V,D,20200202,000000,1.001,1.002,0.9991,1.001,0,0
USDT.V,D,20200203,000000,1.001,1.001,0.9988,1.001,0,0
USDT.V,D,20200204,000000,1.001,1.001,0.9981,0.9991,0,0
USDT.V,D,20200205,000000,0.9991,1.001,0.9979,1,0,0
USDT.V,D,20200206,000000,0.9998,1.001,0.9981,0.9986,0,0
USDT.V,D,20200207,000000,0.9987,0.9994,0.9974,0.998,0,0
USDT.V,D,20200208,000000,0.998,1.001,0.9975,0.9998,0,0
USDT.V,D,20200209,000000,0.9998,1.001,0.9989,0.9993,0,0
USDT.V,D,20200210,000000,0.9993,1.009,0.9988,0.9999,0,0
USDT.V,D,20200211,000000,0.9997,1.04,0.9993,1.005,0,0
USDT.V,D,20200212,000000,1.005,1.006,1,1.001,0,0
USDT.V,D,20200213,000000,1.001,1.002,0.9989,0.9992,0,0
USDT.V,D,20200214,000000,0.9992,1,0.9986,1,0,0
USDT.V,D,20200215,000000,1,1.001,0.999,0.9999,0,0
USDT.V,D,20200216,000000,0.9999,1.002,0.9991,1.001,0,0
USDT.V,D,20200217,000000,1.001,1.003,1.001,1.002,0,0
USDT.V,D,20200218,000000,1.001,1.003,1,1.001,0,0
USDT.V,D,20200219,000000,1.001,1.003,1,1,0,0
USDT.V,D,20200220,000000,1,1.002,0.9999,1.001,0,0
USDT.V,D,20200221,000000,1.001,1.002,1.001,1.001,0,0
USDT.V,D,20200222,000000,1.001,1.003,1.001,1.002,0,0
USDT.V,D,20200223,000000,1.002,1.004,1.001,1.002,0,0
USDT.V,D,20200224,000000,1.002,1.002,1,1.001,0,0
USDT.V,D,20200225,000000,1.001,1.003,1,1.001,0,0
USDT.V,D,20200226,000000,1.001,1.002,1,1.002,0,0
USDT.V,D,20200227,000000,1.002,1.003,1.001,1.001,0,0
USDT.V,D,20200228,000000,1.001,1.003,1,1.002,0,0
USDT.V,D,20200229,000000,1.002,1.004,1.002,1.003,0,0
USDT.V,D,20200301,000000,1.003,1.004,1.002,1.002,0,0
USDT.V,D,20200302,000000,1.002,1.004,1.002,1.002,0,0
USDT.V,D,20200303,000000,1.002,1.003,1.001,1.002,0,0
USDT.V,D,20200304,000000,1.002,1.004,1.001,1.003,0,0
USDT.V,D,20200305,000000,1.003,1.003,1.001,1.002,0,0
USDT.V,D,20200306,000000,1.002,1.002,1.001,1.001,0,0
USDT.V,D,20200307,000000,1.001,1.005,1.001,1.004,0,0
USDT.V,D,20200308,000000,1.004,1.005,1.002,1.004,0,0
USDT.V,D,20200309,000000,1.004,1.005,1.003,1.003,0,0
USDT.V,D,20200310,000000,1.003,1.003,1.002,1.003,0,0
USDT.V,D,20200311,000000,1.003,1.004,1.001,1.002,0,0
USDT.V,D,20200312,000000,1.002,1.004,0.997,1.002,0,0
USDT.V,D,20200313,000000,1.002,1.056,1,1.006,0,0
USDT.V,D,20200314,000000,1.007,1.01,1.003,1.004,0,0
USDT.V,D,20200315,000000,1.004,1.06,1.001,1.002,0,0
USDT.V,D,20200316,000000,1.002,1.006,1,1.004,0,0
USDT.V,D,20200317,000000,1.004,1.014,1.003,1.005,0,0
USDT.V,D,20200318,000000,1.006,1.007,1.002,1.004,0,0
USDT.V,D,20200319,000000,1.004,1.007,1.002,1.003,0,0
USDT.V,D,20200320,000000,1.003,1.004,1,1.001,0,0
USDT.V,D,20200321,000000,1.011,1.011,0.9991,1.005,0,0
USDT.V,D,20200322,000000,1.006,1.011,1,1.006,0,0
USDT.V,D,20200323,000000,1.005,1.021,0.9989,1.007,0,0
USDT.V,D,20200324,000000,1.004,1.012,1.001,1.004,0,0
USDT.V,D,20200325,000000,1.003,1.004,1.001,1.002,0,0
USDT.V,D,20200326,000000,1.002,1.003,1.001,1.002,0,0
USDT.V,D,20200327,000000,1.003,1.004,1.001,1.002,0,0
USDT.V,D,20200328,000000,1.002,1.002,1.001,1.002,0,0
USDT.V,D,20200329,000000,1.002,1.002,1.001,1.001,0,0
USDT.V,D,20200330,000000,1.001,1.004,1.001,1.003,0,0
USDT.V,D,20200331,000000,1.003,1.003,1.001,1.002,0,0
USDT.V,D,20200401,000000,1.002,1.003,1.001,1.003,0,0
USDT.V,D,20200402,000000,1.003,1.004,1.001,1.002,0,0
USDT.V,D,20200403,000000,1.002,1.002,1,1.001,0,0
USDT.V,D,20200404,000000,1.001,1.002,1.001,1.002,0,0
USDT.V,D,20200405,000000,1.002,1.003,1.001,1.002,0,0
USDT.V,D,20200406,000000,1.002,1.002,1.001,1.002,0,0
USDT.V,D,20200407,000000,1.002,1.002,1.001,1.001,0,0
USDT.V,D,20200408,000000,1.001,1.001,1,1.001,0,0
USDT.V,D,20200409,000000,1.001,1.002,1.001,1.001,0,0
USDT.V,D,20200410,000000,1.001,1.003,1.001,1.002,0,0
USDT.V,D,20200411,000000,1.002,1.002,1.001,1.002,0,0
USDT.V,D,20200412,000000,1.002,1.003,1.001,1.002,0,0
USDT.V,D,20200413,000000,1.002,1.003,1.001,1.002,0,0
USDT.V,D,20200414,000000,1.002,1.003,1.001,1.001,0,0
USDT.V,D,20200415,000000,1.001,1.002,1,1.001,0,0
USDT.V,D,20200416,000000,1.001,1.002,1,1.002,0,0
USDT.V,D,20200417,000000,1.002,1.002,1.001,1.001,0,0
USDT.V,D,20200418,000000,1.001,1.002,1.001,1.002,0,0
USDT.V,D,20200419,000000,1.002,1.002,1.001,1.002,0,0
USDT.V,D,20200420,000000,1.002,1.002,1.001,1.001,0,0
USDT.V,D,20200421,000000,1.001,1.002,1.001,1.001,0,0
USDT.V,D,20200422,000000,1.001,1.002,1.001,1.002,0,0
USDT.V,D,20200423,000000,1.002,1.003,1.001,1.002,0,0
USDT.V,D,20200424,000000,1.002,1.002,1,1.001,0,0
USDT.V,D,20200425,000000,1.001,1.001,1,1.001,0,0
USDT.V,D,20200426,000000,1.001,1.001,1,1.001,0,0
USDT.V,D,20200427,000000,1.001,1.001,1.001,1.001,0,0
USDT.V,D,20200428,000000,1.001,1.002,1.001,1.001,0,0
USDT.V,D,20200429,000000,1.001,1.002,1.001,1.001,0,0
USDT.V,D,20200430,000000,1.001,1.001,0.9985,1.001,0,0
USDT.V,D,20200501,000000,1.001,1.001,0.9996,1,0,0
USDT.V,D,20200502,000000,1,1.001,1,1.001,0,0
USDT.V,D,20200503,000000,1.001,1.001,1,1,0,0
USDT.V,D,20200504,000000,1,1.001,1,1.001,0,0
USDT.V,D,20200505,000000,1.001,1.001,1,1.001,0,0
USDT.V,D,20200506,000000,1.001,1.001,1,1.001,0,0
USDT.V,D,20200507,000000,1.001,1.001,1,1.001,0,0
USDT.V,D,20200508,000000,1.001,1.002,1.001,1.001,0,0
USDT.V,D,20200509,000000,1.001,1.002,1,1,0,0
USDT.V,D,20200510,000000,1,1.001,0.9996,1.001,0,0
USDT.V,D,20200511,000000,1.001,1.001,1,1,0,0
USDT.V,D,20200512,000000,1,1.001,1,1.001,0,0
USDT.V,D,20200513,000000,1.001,1.001,1,1.001,0,0
USDT.V,D,20200514,000000,1.001,1.001,0.9998,1,0,0
USDT.V,D,20200515,000000,1,1.001,0.9988,0.9995,0,0
USDT.V,D,20200516,000000,0.9995,1,0.9992,0.9998,0,0
USDT.V,D,20200517,000000,0.9998,1,0.9994,0.9999,0,0
USDT.V,D,20200518,000000,0.9999,1,0.9991,0.9993,0,0
USDT.V,D,20200519,000000,0.9993,1,0.9992,1,0,0
USDT.V,D,20200520,000000,1,1,0.9989,0.9997,0,0
USDT.V,D,20200521,000000,0.9997,1,0.999,0.9997,0,0
USDT.V,D,20200522,000000,0.9997,1,0.9988,1,0,0
USDT.V,D,20200523,000000,1,1.001,0.9998,1,0,0
USDT.V,D,20200524,000000,1,1.001,0.9998,1,0,0
USDT.V,D,20200525,000000,1,1,0.9994,1,0,0
USDT.V,D,20200526,000000,1,1,0.9998,1,0,0
USDT.V,D,20200527,000000,1,1.001,0.9998,1,0,0
USDT.V,D,20200528,000000,1,1,0.9997,1,0,0
USDT.V,D,20200529,000000,1,1,0.9993,0.9996,0,0
USDT.V,D,20200530,000000,0.9996,1,0.9992,0.9997,0,0
USDT.V,D,20200531,000000,0.9998,1,0.9992,0.9995,0,0
USDT.V,D,20200601,000000,0.9995,1,0.9987,1,0,0
USDT.V,D,20200602,000000,1,1.01,0.9789,1,0,0
USDT.V,D,20200603,000000,1,1.001,0.9995,0.9999,0,0
USDT.V,D,20200604,000000,0.9999,1,0.9994,1,0,0
USDT.V,D,20200605,000000,1,1,0.9994,0.9997,0,0
USDT.V,D,20200606,000000,0.9997,1,0.9994,0.9999,0,0
USDT.V,D,20200607,000000,1,1,0.9996,1,0,0
USDT.V,D,20200608,000000,1,1,0.9999,1,0,0
USDT.V,D,20200609,000000,1,1.001,0.9999,1.001,0,0
USDT.V,D,20200610,000000,1.001,1.001,0.9997,1.001,0,0
USDT.V,D,20200611,000000,1.001,1.001,0.9981,0.9992,0,0
USDT.V,D,20200612,000000,0.9991,1,0.9989,0.9999,0,0
USDT.V,D,20200613,000000,0.9999,1,0.9995,0.9999,0,0
USDT.V,D,20200614,000000,0.9999,1,0.9993,0.9996,0,0
USDT.V,D,20200615,000000,0.9996,1,0.9988,1,0,0
USDT.V,D,20200616,000000,1,1.001,0.9995,1,0,0
USDT.V,D,20200617,000000,1,1,0.9991,0.9998,0,0
USDT.V,D,20200618,000000,0.9998,1,0.9988,0.9995,0,0
USDT.V,D,20200619,000000,0.9994,0.9997,0.9986,0.9995,0,0
USDT.V,D,20200620,000000,0.9995,1,0.9988,1,0,0
USDT.V,D,20200621,000000,1,1.001,0.9991,0.9999,0,0
USDT.V,D,20200622,000000,0.9999,1.001,0.9993,1.001,0,0
USDT.V,D,20200623,000000,1.001,1.001,0.9994,1.001,0,0
USDT.V,D,20200624,000000,1.001,1.001,0.999,0.9994,0,0
USDT.V,D,20200625,000000,0.9994,1,0.9989,0.9993,0,0
USDT.V,D,20200626,000000,0.9993,0.9997,0.9983,0.9995,0,0
USDT.V,D,20200627,000000,0.9995,1,0.9988,0.9995,0,0
USDT.V,D,20200628,000000,0.9996,1,0.9995,0.9999,0,0
USDT.V,D,20200629,000000,0.9999,1,0.999,0.9999,0,0
USDT.V,D,20200630,000000,0.9999,1,0.9997,1,0,0
USDT.V,D,20200701,000000,1,1.001,0.9999,1,0,0
USDT.V,D,20200702,000000,1,1.001,0.9997,1,0,0
USDT.V,D,20200703,000000,1,1,0.9997,1,0,0
USDT.V,D,20200704,000000,1,1.001,1,1.001,0,0
USDT.V,D,20200705,000000,1.001,1.001,1,1.001,0,0
USDT.V,D,20200706,000000,1.001,1.001,1,1.001,0,0
USDT.V,D,20200707,000000,1.001,1.001,1,1.001,0,0
USDT.V,D,20200708,000000,1.001,1.001,1,1,0,0
USDT.V,D,20200709,000000,1,1.001,1,1.001,0,0
USDT.V,D,20200710,000000,1.001,1.001,0.9999,1,0,0
USDT.V,D,20200711,000000,1,1.001,1,1.001,0,0
USDT.V,D,20200712,000000,1.001,1.001,1,1.001,0,0
USDT.V,D,20200713,000000,1.001,1.001,0.9999,1,0,0
USDT.V,D,20200714,000000,1,1,0.9997,1,0,0
USDT.V,D,20200715,000000,1,1,0.9994,0.9998,0,0
USDT.V,D,20200716,000000,0.9997,1,0.9992,1,0,0
USDT.V,D,20200717,000000,1,1,0.9997,1,0,0
USDT.V,D,20200718,000000,1,1.001,1,1.001,0,0
USDT.V,D,20200719,000000,1.001,1.001,1,1.001,0,0
USDT.V,D,20200720,000000,1.001,1.002,1.001,1.001,0,0
USDT.V,D,20200721,000000,1.001,1.002,1,1.002,0,0
USDT.V,D,20200722,000000,1.002,1.002,1.002,1.002,0,0
