<TICKER>,<PER>,<DATE>,<TIME>,<OPEN>,<HIGH>,<LOW>,<CLOSE>,<VOL>,<OPENINT>
VET.V,D,20180804,000000,1.53,1.54,0.01284,0.01301,0,0
VET.V,D,20180805,000000,0.01301,1.62,0.0127,0.01405,0,0
VET.V,D,20180806,000000,0.01405,0.01438,0.01291,0.01327,0,0
VET.V,D,20180807,000000,0.01326,0.01415,0.01261,0.01276,0,0
VET.V,D,20180808,000000,0.01277,0.01323,0.01029,0.01078,0,0
VET.V,D,20180809,000000,0.01078,0.01182,0.0106,0.0118,0,0
VET.V,D,20180810,000000,0.0118,0.01195,0.009372,0.009508,0,0
VET.V,D,20180811,000000,0.009503,0.00981,0.008678,0.009528,0,0
VET.V,D,20180812,000000,0.009528,0.009817,0.008969,0.009243,0,0
VET.V,D,20180813,000000,0.009307,0.009323,0.006938,0.007064,0,0
VET.V,D,20180814,000000,0.007001,0.007537,0.006018,0.007156,0,0
VET.V,D,20180815,000000,0.007154,0.008834,0.007099,0.008338,0,0
VET.V,D,20180816,000000,0.008273,0.01173,0.007695,0.01057,0,0
VET.V,D,20180817,000000,0.01057,0.01656,0.0105,0.01415,0,0
VET.V,D,20180818,000000,0.01415,0.01518,0.01115,0.01263,0,0
VET.V,D,20180819,000000,0.01263,0.01461,0.01214,0.0142,0,0
VET.V,D,20180820,000000,0.0142,0.01502,0.01327,0.01409,0,0
VET.V,D,20180821,000000,0.01396,0.01577,0.01291,0.01566,0,0
VET.V,D,20180822,000000,0.01559,0.01642,0.01245,0.01325,0,0
VET.V,D,20180823,000000,0.01325,0.01479,0.01271,0.01466,0,0
VET.V,D,20180824,000000,0.01466,0.01499,0.01393,0.01455,0,0
VET.V,D,20180825,000000,0.01448,0.01586,0.0142,0.01532,0,0
VET.V,D,20180826,000000,0.01518,0.01554,0.01443,0.01521,0,0
VET.V,D,20180827,000000,0.01514,0.01727,0.01498,0.01666,0,0
VET.V,D,20180828,000000,0.01673,0.01885,0.01658,0.0179,0,0
VET.V,D,20180829,000000,0.0179,0.01823,0.0165,0.01726,0,0
VET.V,D,20180830,000000,0.01732,0.01741,0.01561,0.01661,0,0
VET.V,D,20180831,000000,0.01662,0.01773,0.01637,0.01704,0,0
VET.V,D,20180901,000000,0.01704,0.01876,0.0169,0.01813,0,0
VET.V,D,20180902,000000,0.01821,0.01852,0.01733,0.01785,0,0
VET.V,D,20180903,000000,0.01785,0.01923,0.01738,0.0191,0,0
VET.V,D,20180904,000000,0.0191,0.01994,0.01856,0.01923,0,0
VET.V,D,20180905,000000,0.01924,0.01982,0.01614,0.01701,0,0
VET.V,D,20180906,000000,0.01701,0.01704,0.0148,0.01575,0,0
VET.V,D,20180907,000000,0.01575,0.01683,0.01512,0.0157,0,0
VET.V,D,20180908,000000,0.0157,0.01617,0.01419,0.0145,0,0
VET.V,D,20180909,000000,0.0145,0.01539,0.01411,0.01486,0,0
VET.V,D,20180910,000000,0.01486,0.01538,0.01373,0.01407,0,0
VET.V,D,20180911,000000,0.01407,0.01436,0.0127,0.0132,0,0
VET.V,D,20180912,000000,0.0132,0.01411,0.01165,0.01374,0,0
VET.V,D,20180913,000000,0.01374,0.01442,0.01323,0.01397,0,0
VET.V,D,20180914,000000,0.01397,0.01437,0.01346,0.01414,0,0
VET.V,D,20180915,000000,0.01414,0.01469,0.01375,0.01426,0,0
VET.V,D,20180916,000000,0.01425,0.01438,0.01372,0.01418,0,0
VET.V,D,20180917,000000,0.01417,0.01443,0.01232,0.01276,0,0
VET.V,D,20180918,000000,0.01276,0.01334,0.01233,0.01305,0,0
VET.V,D,20180919,000000,0.01305,0.01333,0.01221,0.01293,0,0
VET.V,D,20180920,000000,0.01293,0.01361,0.01283,0.01344,0,0
VET.V,D,20180921,000000,0.01336,0.01471,0.01321,0.0142,0,0
VET.V,D,20180922,000000,0.0142,0.01469,0.01335,0.01373,0,0
VET.V,D,20180923,000000,0.01366,0.01419,0.01357,0.01383,0,0
VET.V,D,20180924,000000,0.01383,0.01409,0.01287,0.01331,0,0
VET.V,D,20180925,000000,0.01331,0.01337,0.01209,0.0126,0,0
VET.V,D,20180926,000000,0.0126,0.01296,0.01232,0.01256,0,0
VET.V,D,20180927,000000,0.01256,0.01326,0.01236,0.01316,0,0
VET.V,D,20180928,000000,0.01323,0.01368,0.0129,0.01316,0,0
VET.V,D,20180929,000000,0.01316,0.01318,0.01267,0.01293,0,0
VET.V,D,20180930,000000,0.01293,0.0132,0.01262,0.01277,0,0
VET.V,D,20181001,000000,0.01277,0.01304,0.01259,0.01286,0,0
VET.V,D,20181002,000000,0.01286,0.01343,0.0127,0.01297,0,0
VET.V,D,20181003,000000,0.01297,0.01313,0.01254,0.0127,0,0
VET.V,D,20181004,000000,0.0127,0.01304,0.01263,0.01283,0,0
VET.V,D,20181005,000000,0.01283,0.01324,0.01272,0.01305,0,0
VET.V,D,20181006,000000,0.01312,0.0133,0.01287,0.01306,0,0
VET.V,D,20181007,000000,0.01305,0.01313,0.01282,0.01301,0,0
VET.V,D,20181008,000000,0.01302,0.01391,0.01297,0.01379,0,0
VET.V,D,20181009,000000,0.01385,0.01391,0.01334,0.01351,0,0
VET.V,D,20181010,000000,0.01358,0.01371,0.01294,0.01327,0,0
VET.V,D,20181011,000000,0.01327,0.0133,0.01151,0.01169,0,0
VET.V,D,20181012,000000,0.0117,0.01181,0.01099,0.01153,0,0
VET.V,D,20181013,000000,0.01153,0.01172,0.01138,0.01146,0,0
VET.V,D,20181014,000000,0.01146,0.01177,0.01139,0.01152,0,0
VET.V,D,20181015,000000,0.01152,0.01248,0.01114,0.01158,0,0
VET.V,D,20181016,000000,0.01158,0.01209,0.01151,0.0119,0,0
VET.V,D,20181017,000000,0.0119,0.01203,0.0116,0.01182,0,0
VET.V,D,20181018,000000,0.01175,0.01196,0.01124,0.01125,0,0
VET.V,D,20181019,000000,0.01124,0.01167,0.01105,0.01144,0,0
VET.V,D,20181020,000000,0.01151,0.01172,0.007979,0.01145,0,0
VET.V,D,20181021,000000,0.01145,0.01173,0.01135,0.01137,0,0
VET.V,D,20181022,000000,0.01136,0.01148,0.011,0.01109,0,0
VET.V,D,20181023,000000,0.01109,0.01207,0.01073,0.01159,0,0
VET.V,D,20181024,000000,0.01159,0.01198,0.01139,0.01149,0,0
VET.V,D,20181025,000000,0.01149,0.01156,0.01106,0.01139,0,0
VET.V,D,20181026,000000,0.01132,0.01139,0.01089,0.01111,0,0
VET.V,D,20181027,000000,0.01111,0.01112,0.0108,0.01082,0,0
VET.V,D,20181028,000000,0.01082,0.01133,0.01074,0.01092,0,0
VET.V,D,20181029,000000,0.01092,0.01132,0.01032,0.01048,0,0
VET.V,D,20181030,000000,0.01048,0.01065,0.01001,0.01016,0,0
VET.V,D,20181031,000000,0.01016,0.0106,0.009938,0.01054,0,0
VET.V,D,20181101,000000,0.01054,0.01056,0.01008,0.0104,0,0
VET.V,D,20181102,000000,0.0104,0.01057,0.01033,0.01042,0,0
VET.V,D,20181103,000000,0.01036,0.01049,0.01021,0.01033,0,0
VET.V,D,20181104,000000,0.01039,0.01128,0.01024,0.01083,0,0
VET.V,D,20181105,000000,0.01083,0.01094,0.01045,0.01068,0,0
VET.V,D,20181106,000000,0.01062,0.01123,0.01058,0.01119,0,0
VET.V,D,20181107,000000,0.01119,0.01135,0.01051,0.01084,0,0
VET.V,D,20181108,000000,0.01084,0.01091,0.01049,0.01051,0,0
VET.V,D,20181109,000000,0.01051,0.01058,0.01006,0.0102,0,0
VET.V,D,20181110,000000,0.0102,0.01045,0.01009,0.01032,0,0
VET.V,D,20181111,000000,0.01032,0.01033,0.009992,0.009995,0,0
VET.V,D,20181112,000000,0.009995,0.01023,0.00985,0.009943,0,0
VET.V,D,20181113,000000,0.009942,0.01001,0.009278,0.009282,0,0
VET.V,D,20181114,000000,0.00928,0.0094,0.007381,0.008247,0,0
VET.V,D,20181115,000000,0.008229,0.008722,0.007028,0.007786,0,0
VET.V,D,20181116,000000,0.007786,0.008099,0.007519,0.00755,0,0
VET.V,D,20181117,000000,0.00755,0.007783,0.007465,0.007732,0,0
VET.V,D,20181118,000000,0.007731,0.007813,0.007559,0.00768,0,0
VET.V,D,20181119,000000,0.00768,0.007694,0.005838,0.006093,0,0
VET.V,D,20181120,000000,0.006106,0.006351,0.004888,0.005152,0,0
VET.V,D,20181121,000000,0.005152,0.005992,0.005091,0.005703,0,0
VET.V,D,20181122,000000,0.005703,0.00594,0.005343,0.005452,0,0
VET.V,D,20181123,000000,0.005451,0.005451,0.004908,0.005213,0,0
VET.V,D,20181124,000000,0.005207,0.005316,0.004375,0.004485,0,0
VET.V,D,20181125,000000,0.004441,0.004903,0.003915,0.004706,0,0
VET.V,D,20181126,000000,0.004706,0.004868,0.004168,0.004221,0,0
VET.V,D,20181127,000000,0.004221,0.004537,0.004084,0.004501,0,0
VET.V,D,20181128,000000,0.004503,0.005499,0.00438,0.005246,0,0
VET.V,D,20181129,000000,0.005246,0.005719,0.004962,0.005243,0,0
VET.V,D,20181130,000000,0.005243,0.005377,0.004509,0.004744,0,0
VET.V,D,20181201,000000,0.004745,0.005252,0.004624,0.005164,0,0
VET.V,D,20181202,000000,0.005164,0.005225,0.004792,0.004998,0,0
VET.V,D,20181203,000000,0.004999,0.005022,0.004426,0.004563,0,0
VET.V,D,20181204,000000,0.004563,0.004931,0.004362,0.004653,0,0
VET.V,D,20181205,000000,0.004652,0.004688,0.004329,0.004503,0,0
VET.V,D,20181206,000000,0.004463,0.004835,0.004173,0.004246,0,0
VET.V,D,20181207,000000,0.004246,0.004281,0.003663,0.003915,0,0
VET.V,D,20181208,000000,0.003915,0.004128,0.003677,0.004043,0,0
VET.V,D,20181209,000000,0.004043,0.004238,0.003826,0.00402,0,0
VET.V,D,20181210,000000,0.004015,0.004117,0.003696,0.003827,0,0
VET.V,D,20181211,000000,0.003827,0.00387,0.003619,0.003722,0,0
VET.V,D,20181212,000000,0.003722,0.00385,0.003594,0.003708,0,0
VET.V,D,20181213,000000,0.003675,0.003773,0.003451,0.003473,0,0
VET.V,D,20181214,000000,0.003474,0.003568,0.003279,0.00342,0,0
VET.V,D,20181215,000000,0.00342,0.003454,0.003248,0.003407,0,0
VET.V,D,20181216,000000,0.003407,0.003525,0.003322,0.003421,0,0
VET.V,D,20181217,000000,0.003421,0.004155,0.003414,0.004124,0,0
VET.V,D,20181218,000000,0.004124,0.004146,0.003762,0.004038,0,0
VET.V,D,20181219,000000,0.004038,0.004594,0.004038,0.004319,0,0
VET.V,D,20181220,000000,0.004319,0.004671,0.004128,0.004578,0,0
VET.V,D,20181221,000000,0.004538,0.0055,0.00435,0.004546,0,0
VET.V,D,20181222,000000,0.004546,0.004861,0.00437,0.004514,0,0
VET.V,D,20181223,000000,0.004515,0.004939,0.004514,0.004736,0,0
VET.V,D,20181224,000000,0.004736,0.005421,0.004712,0.004846,0,0
VET.V,D,20181225,000000,0.004846,0.004978,0.004216,0.004475,0,0
VET.V,D,20181226,000000,0.004475,0.004632,0.004234,0.004428,0,0
VET.V,D,20181227,000000,0.004429,0.004467,0.003872,0.004003,0,0
VET.V,D,20181228,000000,0.004003,0.004685,0.00383,0.00452,0,0
VET.V,D,20181229,000000,0.00452,0.004627,0.004257,0.00448,0,0
VET.V,D,20181230,000000,0.00448,0.004524,0.004188,0.004335,0,0
VET.V,D,20181231,000000,0.004335,0.004483,0.004001,0.004063,0,0
VET.V,D,20190101,000000,0.004063,0.004336,0.003969,0.004181,0,0
VET.V,D,20190102,000000,0.004181,0.004514,0.004088,0.004322,0,0
VET.V,D,20190103,000000,0.004322,0.004356,0.004023,0.004075,0,0
VET.V,D,20190104,000000,0.004075,0.004245,0.003985,0.004142,0,0
VET.V,D,20190105,000000,0.004142,0.004236,0.004066,0.004138,0,0
VET.V,D,20190106,000000,0.004138,0.004486,0.004035,0.004423,0,0
VET.V,D,20190107,000000,0.004423,0.004525,0.004175,0.004252,0,0
VET.V,D,20190108,000000,0.004252,0.0047,0.004087,0.004578,0,0
VET.V,D,20190109,000000,0.004578,0.004959,0.004515,0.004775,0,0
VET.V,D,20190110,000000,0.004775,0.00509,0.003938,0.004202,0,0
VET.V,D,20190111,000000,0.004202,0.004373,0.00396,0.004035,0,0
VET.V,D,20190112,000000,0.004035,0.004337,0.003961,0.004035,0,0
VET.V,D,20190113,000000,0.004035,0.004063,0.003707,0.003753,0,0
VET.V,D,20190114,000000,0.003789,0.004229,0.003747,0.004111,0,0
VET.V,D,20190115,000000,0.004111,0.004209,0.003867,0.003902,0,0
VET.V,D,20190116,000000,0.003902,0.004192,0.003871,0.003978,0,0
VET.V,D,20190117,000000,0.003978,0.004569,0.003961,0.00437,0,0
VET.V,D,20190118,000000,0.00437,0.004449,0.003995,0.00405,0,0
VET.V,D,20190119,000000,0.004049,0.004308,0.004044,0.004147,0,0
VET.V,D,20190120,000000,0.004147,0.004331,0.00393,0.00405,0,0
VET.V,D,20190121,000000,0.00405,0.00426,0.00396,0.00413,0,0
VET.V,D,20190122,000000,0.00413,0.004709,0.004108,0.004505,0,0
VET.V,D,20190123,000000,0.004505,0.0049,0.004289,0.004357,0,0
VET.V,D,20190124,000000,0.004356,0.004448,0.004229,0.004382,0,0
VET.V,D,20190125,000000,0.004382,0.004436,0.004272,0.004375,0,0
VET.V,D,20190126,000000,0.004375,0.004496,0.004343,0.004418,0,0
VET.V,D,20190127,000000,0.004418,0.004421,0.004004,0.004179,0,0
VET.V,D,20190128,000000,0.004179,0.004214,0.003758,0.003968,0,0
VET.V,D,20190129,000000,0.003968,0.003988,0.00374,0.003899,0,0
VET.V,D,20190130,000000,0.003898,0.004199,0.003812,0.004068,0,0
VET.V,D,20190131,000000,0.004068,0.004093,0.003772,0.003895,0,0
VET.V,D,20190201,000000,0.003895,0.003953,0.003775,0.003884,0,0
VET.V,D,20190202,000000,0.003884,0.00393,0.003828,0.003885,0,0
VET.V,D,20190203,000000,0.003884,0.004132,0.003801,0.003871,0,0
VET.V,D,20190204,000000,0.003871,0.00399,0.003772,0.003811,0,0
VET.V,D,20190205,000000,0.003811,0.003855,0.003706,0.00375,0,0
VET.V,D,20190206,000000,0.00375,0.003868,0.003596,0.003632,0,0
VET.V,D,20190207,000000,0.003632,0.003824,0.003613,0.003763,0,0
VET.V,D,20190208,000000,0.003763,0.004199,0.003617,0.004087,0,0
VET.V,D,20190209,000000,0.004087,0.004126,0.003873,0.004013,0,0
VET.V,D,20190210,000000,0.004012,0.004247,0.00391,0.004127,0,0
VET.V,D,20190211,000000,0.004127,0.004159,0.003867,0.003871,0,0
VET.V,D,20190212,000000,0.003871,0.003973,0.003798,0.0039,0,0
VET.V,D,20190213,000000,0.0039,0.003977,0.003815,0.003854,0,0
VET.V,D,20190214,000000,0.003854,0.003978,0.003799,0.003879,0,0
VET.V,D,20190215,000000,0.003879,0.003993,0.003816,0.003879,0,0
VET.V,D,20190216,000000,0.003879,0.004276,0.003875,0.004263,0,0
VET.V,D,20190217,000000,0.004263,0.004304,0.004011,0.00415,0,0
VET.V,D,20190218,000000,0.00415,0.0045,0.00415,0.004409,0,0
VET.V,D,20190219,000000,0.004409,0.00467,0.004328,0.004457,0,0
VET.V,D,20190220,000000,0.004457,0.004503,0.004001,0.00441,0,0
VET.V,D,20190221,000000,0.00441,0.004871,0.004307,0.004623,0,0
VET.V,D,20190222,000000,0.004623,0.005263,0.004532,0.004936,0,0
VET.V,D,20190223,000000,0.004936,0.0052,0.004726,0.005043,0,0
VET.V,D,20190224,000000,0.005043,0.005123,0.004283,0.004641,0,0
VET.V,D,20190225,000000,0.004641,0.004837,0.00445,0.004699,0,0
VET.V,D,20190226,000000,0.004695,0.0049,0.004574,0.0047,0,0
VET.V,D,20190227,000000,0.0047,0.00483,0.00445,0.004711,0,0
VET.V,D,20190228,000000,0.004711,0.004817,0.004518,0.00476,0,0
VET.V,D,20190301,000000,0.00476,0.004826,0.004531,0.00471,0,0
VET.V,D,20190302,000000,0.00471,0.004762,0.004473,0.00455,0,0
VET.V,D,20190303,000000,0.00455,0.004663,0.004423,0.004531,0,0
VET.V,D,20190304,000000,0.004531,0.004544,0.004046,0.00427,0,0
VET.V,D,20190305,000000,0.004268,0.004786,0.004177,0.004429,0,0
VET.V,D,20190306,000000,0.004429,0.004562,0.004278,0.004475,0,0
VET.V,D,20190307,000000,0.004475,0.004687,0.004219,0.004614,0,0
VET.V,D,20190308,000000,0.004614,0.0048,0.004002,0.004473,0,0
VET.V,D,20190309,000000,0.004478,0.005006,0.004365,0.004872,0,0
VET.V,D,20190310,000000,0.00487,0.005096,0.00467,0.00467,0,0
VET.V,D,20190311,000000,0.00467,0.004829,0.003608,0.004733,0,0
VET.V,D,20190312,000000,0.004733,0.00565,0.004454,0.00542,0,0
VET.V,D,20190313,000000,0.005417,0.005459,0.005057,0.005117,0,0
VET.V,D,20190314,000000,0.005116,0.005278,0.004993,0.005197,0,0
VET.V,D,20190315,000000,0.005194,0.005445,0.005082,0.005328,0,0
VET.V,D,20190316,000000,0.005325,0.005557,0.005233,0.005352,0,0
VET.V,D,20190317,000000,0.005352,0.005381,0.005122,0.005278,0,0
VET.V,D,20190318,000000,0.00527,0.005361,0.005143,0.005291,0,0
VET.V,D,20190319,000000,0.005291,0.005425,0.005144,0.005384,0,0
VET.V,D,20190320,000000,0.005383,0.005816,0.005281,0.00566,0,0
VET.V,D,20190321,000000,0.00566,0.006068,0.005277,0.00562,0,0
VET.V,D,20190322,000000,0.005618,0.005908,0.005557,0.005804,0,0
VET.V,D,20190323,000000,0.005804,0.006075,0.005776,0.005866,0,0
VET.V,D,20190324,000000,0.005866,0.005907,0.005666,0.005741,0,0
VET.V,D,20190325,000000,0.005738,0.0058,0.005386,0.005605,0,0
VET.V,D,20190326,000000,0.005607,0.00568,0.00532,0.005503,0,0
VET.V,D,20190327,000000,0.005502,0.005794,0.005481,0.005703,0,0
VET.V,D,20190328,000000,0.005704,0.005871,0.00562,0.005807,0,0
VET.V,D,20190329,000000,0.005808,0.005959,0.005777,0.005923,0,0
VET.V,D,20190330,000000,0.005921,0.006044,0.005729,0.00593,0,0
VET.V,D,20190331,000000,0.005932,0.006274,0.005915,0.00612,0,0
VET.V,D,20190401,000000,0.006127,0.006434,0.006062,0.006302,0,0
VET.V,D,20190402,000000,0.006303,0.007353,0.006291,0.007206,0,0
VET.V,D,20190403,000000,0.007202,0.008103,0.006972,0.007628,0,0
VET.V,D,20190404,000000,0.007631,0.00774,0.006951,0.007408,0,0
VET.V,D,20190405,000000,0.007408,0.007617,0.007233,0.007477,0,0
VET.V,D,20190406,000000,0.007474,0.007824,0.007388,0.007453,0,0
VET.V,D,20190407,000000,0.007456,0.007884,0.007447,0.007654,0,0
VET.V,D,20190408,000000,0.007656,0.00782,0.006986,0.007562,0,0
VET.V,D,20190409,000000,0.007563,0.007575,0.007047,0.00729,0,0
VET.V,D,20190410,000000,0.007292,0.007451,0.006966,0.007168,0,0
VET.V,D,20190411,000000,0.007166,0.007214,0.006237,0.00658,0,0
VET.V,D,20190412,000000,0.006582,0.006944,0.006374,0.006939,0,0
VET.V,D,20190413,000000,0.006939,0.007066,0.006788,0.006938,0,0
VET.V,D,20190414,000000,0.006938,0.006983,0.006764,0.006955,0,0
VET.V,D,20190415,000000,0.006905,0.007142,0.006634,0.006828,0,0
VET.V,D,20190416,000000,0.006828,0.007084,0.00672,0.007067,0,0
VET.V,D,20190417,000000,0.007067,0.007104,0.006899,0.00708,0,0
VET.V,D,20190418,000000,0.00708,0.007587,0.006992,0.007417,0,0
VET.V,D,20190419,000000,0.007417,0.007465,0.007152,0.00723,0,0
VET.V,D,20190420,000000,0.007229,0.007296,0.006867,0.006895,0,0
VET.V,D,20190421,000000,0.006893,0.007092,0.006643,0.006737,0,0
VET.V,D,20190422,000000,0.006743,0.007102,0.006728,0.007002,0,0
VET.V,D,20190423,000000,0.007002,0.007134,0.006815,0.006912,0,0
VET.V,D,20190424,000000,0.006913,0.006946,0.006157,0.006374,0,0
VET.V,D,20190425,000000,0.00637,0.006632,0.006061,0.006331,0,0
VET.V,D,20190426,000000,0.006324,0.006324,0.00564,0.005918,0,0
VET.V,D,20190427,000000,0.005909,0.00634,0.005902,0.006186,0,0
VET.V,D,20190428,000000,0.006181,0.006303,0.005998,0.00602,0,0
VET.V,D,20190429,000000,0.006022,0.006132,0.005789,0.005896,0,0
VET.V,D,20190430,000000,0.005896,0.006295,0.005838,0.006206,0,0
VET.V,D,20190501,000000,0.006206,0.006675,0.006152,0.006601,0,0
VET.V,D,20190502,000000,0.006601,0.006626,0.006315,0.006459,0,0
VET.V,D,20190503,000000,0.006459,0.006832,0.006421,0.006728,0,0
VET.V,D,20190504,000000,0.006719,0.006766,0.006261,0.006551,0,0
VET.V,D,20190505,000000,0.006552,0.006601,0.006278,0.006525,0,0
VET.V,D,20190506,000000,0.006526,0.006527,0.006003,0.006308,0,0
VET.V,D,20190507,000000,0.006309,0.00648,0.006187,0.006311,0,0
VET.V,D,20190508,000000,0.006311,0.006382,0.005947,0.006255,0,0
VET.V,D,20190509,000000,0.006255,0.006421,0.005774,0.005809,0,0
VET.V,D,20190510,000000,0.005765,0.006145,0.005687,0.005984,0,0
VET.V,D,20190511,000000,0.006004,0.006578,0.005827,0.006518,0,0
VET.V,D,20190512,000000,0.006519,0.006622,0.005914,0.006215,0,0
VET.V,D,20190513,000000,0.006217,0.006803,0.005986,0.006607,0,0
VET.V,D,20190514,000000,0.006545,0.007186,0.006266,0.006874,0,0
VET.V,D,20190515,000000,0.006877,0.007987,0.0068,0.007838,0,0
VET.V,D,20190516,000000,0.007838,0.008867,0.007212,0.007904,0,0
VET.V,D,20190517,000000,0.007897,0.008278,0.006801,0.007393,0,0
VET.V,D,20190518,000000,0.007398,0.007943,0.007341,0.007928,0,0
VET.V,D,20190519,000000,0.007926,0.008162,0.007711,0.008042,0,0
VET.V,D,20190520,000000,0.008042,0.008084,0.007306,0.007807,0,0
VET.V,D,20190521,000000,0.007803,0.00809,0.00758,0.007834,0,0
VET.V,D,20190522,000000,0.007915,0.007916,0.007109,0.00714,0,0
VET.V,D,20190523,000000,0.007142,0.007522,0.006915,0.007358,0,0
VET.V,D,20190524,000000,0.007439,0.007659,0.007287,0.007496,0,0
VET.V,D,20190525,000000,0.007413,0.007621,0.007263,0.00732,0,0
VET.V,D,20190526,000000,0.00732,0.007611,0.007116,0.007349,0,0
VET.V,D,20190527,000000,0.00735,0.007958,0.007345,0.007838,0,0
VET.V,D,20190528,000000,0.00784,0.008286,0.00772,0.007986,0,0
VET.V,D,20190529,000000,0.007987,0.008037,0.007437,0.007709,0,0
VET.V,D,20190530,000000,0.00771,0.008568,0.006985,0.007232,0,0
VET.V,D,20190531,000000,0.00731,0.007869,0.00715,0.007672,0,0
VET.V,D,20190601,000000,0.007672,0.007793,0.00731,0.007563,0,0
VET.V,D,20190602,000000,0.007563,0.007848,0.007342,0.00775,0,0
VET.V,D,20190603,000000,0.007751,0.00788,0.007289,0.007548,0,0
VET.V,D,20190604,000000,0.007549,0.007656,0.006765,0.007059,0,0
VET.V,D,20190605,000000,0.007108,0.008003,0.007026,0.007665,0,0
VET.V,D,20190606,000000,0.00774,0.008099,0.007263,0.007588,0,0
VET.V,D,20190607,000000,0.007588,0.007961,0.007526,0.007639,0,0
VET.V,D,20190608,000000,0.007638,0.00782,0.007441,0.007579,0,0
VET.V,D,20190609,000000,0.007579,0.007733,0.007037,0.007037,0,0
VET.V,D,20190610,000000,0.007035,0.007845,0.007016,0.007711,0,0
VET.V,D,20190611,000000,0.007712,0.007832,0.007308,0.007518,0,0
VET.V,D,20190612,000000,0.007519,0.007831,0.007368,0.007664,0,0
VET.V,D,20190613,000000,0.007583,0.007814,0.007437,0.007646,0,0
VET.V,D,20190614,000000,0.007648,0.007725,0.007004,0.007324,0,0
VET.V,D,20190615,000000,0.007239,0.00754,0.007158,0.007499,0,0
VET.V,D,20190616,000000,0.007499,0.007523,0.007077,0.007323,0,0
VET.V,D,20190617,000000,0.007323,0.007672,0.007176,0.007246,0,0
VET.V,D,20190618,000000,0.007246,0.007486,0.007044,0.007301,0,0
VET.V,D,20190619,000000,0.007302,0.007473,0.007172,0.007287,0,0
VET.V,D,20190620,000000,0.00729,0.007443,0.006756,0.006952,0,0
VET.V,D,20190621,000000,0.006951,0.007176,0.006635,0.00685,0,0
VET.V,D,20190622,000000,0.00675,0.007667,0.006398,0.007097,0,0
VET.V,D,20190623,000000,0.007097,0.007666,0.006817,0.007116,0,0
VET.V,D,20190624,000000,0.007111,0.007385,0.006819,0.007002,0,0
VET.V,D,20190625,000000,0.007002,0.01082,0.006902,0.008934,0,0
VET.V,D,20190626,000000,0.008933,0.009681,0.007905,0.008105,0,0
VET.V,D,20190627,000000,0.008086,0.008543,0.007372,0.007845,0,0
VET.V,D,20190628,000000,0.007847,0.00852,0.007437,0.0081,0,0
VET.V,D,20190629,000000,0.00798,0.009048,0.007626,0.0086,0,0
VET.V,D,20190630,000000,0.0086,0.009612,0.008099,0.008575,0,0
VET.V,D,20190701,000000,0.008687,0.008688,0.007609,0.007935,0,0
VET.V,D,20190702,000000,0.007928,0.0082,0.007277,0.007591,0,0
VET.V,D,20190703,000000,0.007484,0.008046,0.007473,0.007759,0,0
VET.V,D,20190704,000000,0.007757,0.008095,0.007349,0.007414,0,0
VET.V,D,20190705,000000,0.007412,0.007938,0.007048,0.007535,0,0
VET.V,D,20190706,000000,0.007536,0.007786,0.007283,0.007388,0,0
VET.V,D,20190707,000000,0.007386,0.007669,0.007291,0.007497,0,0
VET.V,D,20190708,000000,0.0075,0.007708,0.007089,0.007279,0,0
VET.V,D,20190709,000000,0.007278,0.007615,0.007054,0.007281,0,0
VET.V,D,20190710,000000,0.007284,0.007471,0.006752,0.00692,0,0
VET.V,D,20190711,000000,0.007045,0.00707,0.005763,0.005991,0,0
VET.V,D,20190712,000000,0.006102,0.007316,0.005854,0.006726,0,0
VET.V,D,20190713,000000,0.006724,0.007099,0.006174,0.006283,0,0
VET.V,D,20190714,000000,0.006285,0.006634,0.005731,0.005972,0,0
VET.V,D,20190715,000000,0.005968,0.005974,0.00525,0.005696,0,0
VET.V,D,20190716,000000,0.005702,0.005897,0.004982,0.005208,0,0
VET.V,D,20190717,000000,0.00521,0.005847,0.004999,0.005503,0,0
VET.V,D,20190718,000000,0.005499,0.00585,0.005205,0.00572,0,0
VET.V,D,20190719,000000,0.005721,0.005918,0.00545,0.005915,0,0
VET.V,D,20190720,000000,0.005917,0.006288,0.005767,0.006137,0,0
VET.V,D,20190721,000000,0.006137,0.006317,0.005802,0.006024,0,0
VET.V,D,20190722,000000,0.006024,0.006515,0.005997,0.006264,0,0
VET.V,D,20190723,000000,0.006267,0.006312,0.005657,0.005873,0,0
VET.V,D,20190724,000000,0.005872,0.00608,0.005561,0.005867,0,0
VET.V,D,20190725,000000,0.005866,0.00611,0.005798,0.00584,0,0
VET.V,D,20190726,000000,0.005939,0.006108,0.005709,0.005902,0,0
VET.V,D,20190727,000000,0.005902,0.006196,0.005534,0.0058,0,0
VET.V,D,20190728,000000,0.0058,0.005801,0.005561,0.00558,0,0
VET.V,D,20190729,000000,0.005674,0.005819,0.005409,0.005608,0,0
VET.V,D,20190730,000000,0.005608,0.005719,0.005448,0.00556,0,0
VET.V,D,20190731,000000,0.005561,0.005727,0.005438,0.005528,0,0
VET.V,D,20190801,000000,0.005527,0.00569,0.005185,0.005418,0,0
VET.V,D,20190802,000000,0.005417,0.005634,0.005292,0.005423,0,0
VET.V,D,20190803,000000,0.005421,0.005653,0.005366,0.005527,0,0
VET.V,D,20190804,000000,0.005527,0.00556,0.005262,0.005373,0,0
VET.V,D,20190805,000000,0.005373,0.005489,0.005145,0.005282,0,0
VET.V,D,20190806,000000,0.005281,0.005326,0.004765,0.004776,0,0
VET.V,D,20190807,000000,0.004775,0.005784,0.004736,0.005014,0,0
VET.V,D,20190808,000000,0.005013,0.005165,0.004731,0.004923,0,0
VET.V,D,20190809,000000,0.004923,0.005107,0.004737,0.004886,0,0
VET.V,D,20190810,000000,0.004887,0.005123,0.004663,0.004861,0,0
VET.V,D,20190811,000000,0.004861,0.005486,0.004747,0.005177,0,0
VET.V,D,20190812,000000,0.005177,0.005284,0.004985,0.005127,0,0
VET.V,D,20190813,000000,0.005127,0.005141,0.004707,0.004892,0,0
VET.V,D,20190814,000000,0.004892,0.005013,0.00435,0.004689,0,0
VET.V,D,20190815,000000,0.00469,0.004822,0.004371,0.004653,0,0
VET.V,D,20190816,000000,0.004654,0.004697,0.004321,0.004492,0,0
VET.V,D,20190817,000000,0.004493,0.00461,0.004319,0.004361,0,0
VET.V,D,20190818,000000,0.004361,0.00464,0.004355,0.004483,0,0
VET.V,D,20190819,000000,0.004484,0.004731,0.004421,0.00461,0,0
VET.V,D,20190820,000000,0.00461,0.00478,0.004445,0.004644,0,0
VET.V,D,20190821,000000,0.004644,0.004664,0.004063,0.004322,0,0
VET.V,D,20190822,000000,0.004322,0.004704,0.004113,0.004462,0,0
VET.V,D,20190823,000000,0.004463,0.004751,0.004426,0.00469,0,0
VET.V,D,20190824,000000,0.004691,0.005008,0.004463,0.004937,0,0
VET.V,D,20190825,000000,0.004937,0.005058,0.004297,0.004402,0,0
VET.V,D,20190826,000000,0.004401,0.004675,0.004392,0.004621,0,0
VET.V,D,20190827,000000,0.004622,0.004679,0.004421,0.004462,0,0
VET.V,D,20190828,000000,0.004463,0.004703,0.004149,0.004281,0,0
VET.V,D,20190829,000000,0.004282,0.004292,0.003954,0.003997,0,0
VET.V,D,20190830,000000,0.003999,0.004229,0.003954,0.004127,0,0
VET.V,D,20190831,000000,0.004127,0.004246,0.003995,0.004161,0,0
VET.V,D,20190901,000000,0.004162,0.004249,0.004024,0.004079,0,0
VET.V,D,20190902,000000,0.004081,0.004538,0.004081,0.004367,0,0
VET.V,D,20190903,000000,0.004368,0.004484,0.004151,0.004387,0,0
VET.V,D,20190904,000000,0.004386,0.004393,0.004035,0.004053,0,0
VET.V,D,20190905,000000,0.004054,0.004255,0.003781,0.003907,0,0
VET.V,D,20190906,000000,0.003907,0.004091,0.003623,0.003754,0,0
VET.V,D,20190907,000000,0.003754,0.004015,0.00362,0.003791,0,0
VET.V,D,20190908,000000,0.003791,0.004075,0.003777,0.003961,0,0
VET.V,D,20190909,000000,0.003962,0.004103,0.003806,0.004013,0,0
VET.V,D,20190910,000000,0.004013,0.004099,0.003794,0.003941,0,0
VET.V,D,20190911,000000,0.003942,0.003993,0.003632,0.003765,0,0
VET.V,D,20190912,000000,0.003764,0.003856,0.003525,0.003751,0,0
VET.V,D,20190913,000000,0.00375,0.003868,0.0036,0.003814,0,0
VET.V,D,20190914,000000,0.003814,0.003846,0.003507,0.003743,0,0
VET.V,D,20190915,000000,0.003745,0.003832,0.003607,0.003813,0,0
VET.V,D,20190916,000000,0.003813,0.00445,0.003711,0.004024,0,0
VET.V,D,20190917,000000,0.004024,0.004322,0.003983,0.004295,0,0
VET.V,D,20190918,000000,0.004294,0.004491,0.004172,0.004285,0,0
VET.V,D,20190919,000000,0.004285,0.004384,0.003948,0.004213,0,0
VET.V,D,20190920,000000,0.004214,0.004318,0.00407,0.00425,0,0
VET.V,D,20190921,000000,0.004249,0.004281,0.004078,0.004097,0,0
VET.V,D,20190922,000000,0.004096,0.004211,0.003949,0.004127,0,0
VET.V,D,20190923,000000,0.004128,0.004139,0.003867,0.003904,0,0
VET.V,D,20190924,000000,0.003902,0.00411,0.003152,0.003468,0,0
VET.V,D,20190925,000000,0.003468,0.003525,0.00322,0.00344,0,0
VET.V,D,20190926,000000,0.003441,0.003494,0.003034,0.003317,0,0
VET.V,D,20190927,000000,0.003317,0.003472,0.003159,0.00338,0,0
VET.V,D,20190928,000000,0.00338,0.003559,0.003339,0.003426,0,0
VET.V,D,20190929,000000,0.003427,0.003503,0.003258,0.003386,0,0
VET.V,D,20190930,000000,0.003385,0.003585,0.003307,0.003473,0,0
VET.V,D,20191001,000000,0.003471,0.003664,0.003379,0.003497,0,0
VET.V,D,20191002,000000,0.003498,0.003523,0.003366,0.003478,0,0
VET.V,D,20191003,000000,0.003478,0.003529,0.003324,0.003442,0,0
VET.V,D,20191004,000000,0.003442,0.003545,0.003304,0.003441,0,0
VET.V,D,20191005,000000,0.003441,0.003539,0.003306,0.003432,0,0
VET.V,D,20191006,000000,0.003431,0.003509,0.003256,0.003336,0,0
VET.V,D,20191007,000000,0.003336,0.003575,0.003277,0.003532,0,0
VET.V,D,20191008,000000,0.003532,0.003673,0.003431,0.003597,0,0
VET.V,D,20191009,000000,0.003598,0.003817,0.0035,0.003684,0,0
VET.V,D,20191010,000000,0.003685,0.003961,0.003651,0.003774,0,0
VET.V,D,20191011,000000,0.003773,0.00387,0.00357,0.003581,0,0
VET.V,D,20191012,000000,0.003581,0.003797,0.003561,0.003762,0,0
VET.V,D,20191013,000000,0.003762,0.003786,0.003586,0.003639,0,0
VET.V,D,20191014,000000,0.003579,0.003686,0.003457,0.003579,0,0
VET.V,D,20191015,000000,0.003579,0.003711,0.003413,0.003428,0,0
VET.V,D,20191016,000000,0.003428,0.003523,0.003262,0.003276,0,0
VET.V,D,20191017,000000,0.003355,0.0035,0.003261,0.003396,0,0
VET.V,D,20191018,000000,0.003396,0.003507,0.003299,0.003425,0,0
VET.V,D,20191019,000000,0.003425,0.003443,0.003258,0.00327,0,0
VET.V,D,20191020,000000,0.003269,0.003462,0.003249,0.00337,0,0
VET.V,D,20191021,000000,0.00337,0.003407,0.003272,0.003292,0,0
VET.V,D,20191022,000000,0.00329,0.003409,0.003246,0.003246,0,0
VET.V,D,20191023,000000,0.003246,0.003334,0.002867,0.002979,0,0
VET.V,D,20191024,000000,0.002978,0.003082,0.002876,0.002986,0,0
VET.V,D,20191025,000000,0.002985,0.003468,0.002975,0.003443,0,0
VET.V,D,20191026,000000,0.003357,0.003836,0.003204,0.003331,0,0
VET.V,D,20191027,000000,0.003423,0.004389,0.003282,0.004212,0,0
VET.V,D,20191028,000000,0.004312,0.004891,0.003831,0.003881,0,0
VET.V,D,20191029,000000,0.003882,0.004362,0.003777,0.00426,0,0
VET.V,D,20191030,000000,0.004258,0.004436,0.003861,0.004247,0,0
VET.V,D,20191031,000000,0.004248,0.004265,0.003863,0.004019,0,0
VET.V,D,20191101,000000,0.00402,0.00421,0.003908,0.004063,0,0
VET.V,D,20191102,000000,0.003967,0.004385,0.003877,0.004285,0,0
VET.V,D,20191103,000000,0.004286,0.004409,0.004105,0.004249,0,0
VET.V,D,20191104,000000,0.004249,0.004496,0.004131,0.004325,0,0
VET.V,D,20191105,000000,0.004324,0.005082,0.00432,0.004953,0,0
VET.V,D,20191106,000000,0.004953,0.00533,0.004844,0.005306,0,0
VET.V,D,20191107,000000,0.0053,0.005894,0.005022,0.005628,0,0
VET.V,D,20191108,000000,0.005628,0.005926,0.005173,0.005289,0,0
VET.V,D,20191109,000000,0.005289,0.005386,0.005023,0.00521,0,0
VET.V,D,20191110,000000,0.005202,0.005737,0.005085,0.005733,0,0
VET.V,D,20191111,000000,0.005732,0.006127,0.005365,0.006018,0,0
VET.V,D,20191112,000000,0.006017,0.006748,0.005923,0.006567,0,0
VET.V,D,20191113,000000,0.006567,0.006629,0.006116,0.006311,0,0
VET.V,D,20191114,000000,0.006222,0.007497,0.006133,0.007394,0,0
VET.V,D,20191115,000000,0.007392,0.008089,0.006777,0.007738,0,0
VET.V,D,20191116,000000,0.007738,0.007863,0.00728,0.007306,0,0
VET.V,D,20191117,000000,0.007389,0.007538,0.007098,0.007528,0,0
VET.V,D,20191118,000000,0.007444,0.007756,0.007053,0.007397,0,0
VET.V,D,20191119,000000,0.007396,0.007541,0.006584,0.006921,0,0
VET.V,D,20191120,000000,0.006921,0.00701,0.005984,0.006128,0,0
VET.V,D,20191121,000000,0.006128,0.006255,0.005441,0.0058,0,0
VET.V,D,20191122,000000,0.005724,0.005921,0.004638,0.005244,0,0
VET.V,D,20191123,000000,0.005241,0.005802,0.004882,0.005689,0,0
VET.V,D,20191124,000000,0.005689,0.006053,0.005205,0.005486,0,0
VET.V,D,20191125,000000,0.005486,0.006,0.00506,0.005893,0,0
VET.V,D,20191126,000000,0.005894,0.006388,0.00579,0.006155,0,0
VET.V,D,20191127,000000,0.006154,0.006697,0.005847,0.006496,0,0
VET.V,D,20191128,000000,0.006497,0.006673,0.006356,0.006439,0,0
VET.V,D,20191129,000000,0.006439,0.006587,0.006215,0.006434,0,0
VET.V,D,20191130,000000,0.006435,0.00653,0.005937,0.006054,0,0
VET.V,D,20191201,000000,0.006052,0.007295,0.00575,0.007064,0,0
VET.V,D,20191202,000000,0.007063,0.008009,0.007054,0.007471,0,0
VET.V,D,20191203,000000,0.007471,0.007648,0.006807,0.006944,0,0
VET.V,D,20191204,000000,0.006891,0.007704,0.006752,0.006914,0,0
VET.V,D,20191205,000000,0.006914,0.007086,0.006685,0.006925,0,0
VET.V,D,20191206,000000,0.006925,0.007587,0.006479,0.006859,0,0
VET.V,D,20191207,000000,0.006859,0.00733,0.006833,0.006944,0,0
VET.V,D,20191208,000000,0.006945,0.007355,0.006643,0.007195,0,0
VET.V,D,20191209,000000,0.007194,0.00742,0.00674,0.006909,0,0
VET.V,D,20191210,000000,0.006908,0.006986,0.005933,0.006237,0,0
VET.V,D,20191211,000000,0.006239,0.0064,0.006039,0.006132,0,0
VET.V,D,20191212,000000,0.006133,0.006318,0.005777,0.006267,0,0
VET.V,D,20191213,000000,0.006268,0.00667,0.005677,0.005946,0,0
VET.V,D,20191214,000000,0.005874,0.005985,0.005346,0.00547,0,0
VET.V,D,20191215,000000,0.00547,0.005703,0.005219,0.005638,0,0
VET.V,D,20191216,000000,0.005567,0.005646,0.004978,0.005181,0,0
VET.V,D,20191217,000000,0.00518,0.005183,0.004557,0.004624,0,0
VET.V,D,20191218,000000,0.004622,0.005461,0.004451,0.005461,0,0
VET.V,D,20191219,000000,0.005412,0.005442,0.004871,0.005015,0,0
VET.V,D,20191220,000000,0.005014,0.005528,0.004967,0.005528,0,0
VET.V,D,20191221,000000,0.005528,0.005587,0.005291,0.005304,0,0
VET.V,D,20191222,000000,0.005304,0.00565,0.005293,0.005562,0,0
VET.V,D,20191223,000000,0.005562,0.006195,0.005413,0.005696,0,0
VET.V,D,20191224,000000,0.005694,0.006313,0.005693,0.00602,0,0
VET.V,D,20191225,000000,0.006092,0.006098,0.005731,0.005852,0,0
VET.V,D,20191226,000000,0.005851,0.006122,0.005378,0.005402,0,0
VET.V,D,20191227,000000,0.005401,0.005958,0.005322,0.005732,0,0
VET.V,D,20191228,000000,0.005735,0.005782,0.005533,0.005715,0,0
VET.V,D,20191229,000000,0.005714,0.005895,0.005543,0.005632,0,0
VET.V,D,20191230,000000,0.005558,0.005656,0.00537,0.005455,0,0
VET.V,D,20191231,000000,0.005455,0.005508,0.005154,0.005248,0,0
VET.V,D,20200101,000000,0.005247,0.005548,0.005164,0.005408,0,0
VET.V,D,20200102,000000,0.005402,0.00546,0.005071,0.005165,0,0
VET.V,D,20200103,000000,0.005164,0.005479,0.004971,0.005408,0,0
VET.V,D,20200104,000000,0.005407,0.005728,0.00525,0.005662,0,0
VET.V,D,20200105,000000,0.005663,0.005761,0.005433,0.005443,0,0
VET.V,D,20200106,000000,0.005443,0.005798,0.00541,0.005718,0,0
VET.V,D,20200107,000000,0.005717,0.005836,0.005429,0.005549,0,0
VET.V,D,20200108,000000,0.005551,0.005665,0.005163,0.005487,0,0
VET.V,D,20200109,000000,0.005487,0.005596,0.005267,0.005311,0,0
VET.V,D,20200110,000000,0.005311,0.005658,0.005224,0.00542,0,0
VET.V,D,20200111,000000,0.005421,0.005599,0.005289,0.005411,0,0
VET.V,D,20200112,000000,0.005411,0.005656,0.005383,0.005546,0,0
VET.V,D,20200113,000000,0.005547,0.005564,0.005325,0.005442,0,0
VET.V,D,20200114,000000,0.005441,0.006039,0.005349,0.006034,0,0
VET.V,D,20200115,000000,0.006028,0.006271,0.005687,0.006015,0,0
VET.V,D,20200116,000000,0.006015,0.006109,0.005673,0.005839,0,0
VET.V,D,20200117,000000,0.005838,0.006617,0.005806,0.006426,0,0
VET.V,D,20200118,000000,0.006335,0.006435,0.00608,0.00617,0,0
VET.V,D,20200119,000000,0.00617,0.006317,0.005741,0.005786,0,0
VET.V,D,20200120,000000,0.005785,0.006012,0.005712,0.005801,0,0
VET.V,D,20200121,000000,0.005793,0.006049,0.005688,0.006013,0,0
VET.V,D,20200122,000000,0.006012,0.006062,0.00579,0.00588,0,0
VET.V,D,20200123,000000,0.00588,0.005901,0.005402,0.005546,0,0
VET.V,D,20200124,000000,0.005546,0.005706,0.005429,0.005581,0,0
VET.V,D,20200125,000000,0.005582,0.005722,0.005454,0.005678,0,0
VET.V,D,20200126,000000,0.005677,0.005765,0.0055,0.005738,0,0
VET.V,D,20200127,000000,0.005739,0.005945,0.005591,0.005783,0,0
VET.V,D,20200128,000000,0.005781,0.005969,0.005684,0.005851,0,0
VET.V,D,20200129,000000,0.005851,0.005923,0.005646,0.005692,0,0
VET.V,D,20200130,000000,0.005693,0.005869,0.005581,0.005637,0,0
VET.V,D,20200131,000000,0.005735,0.005862,0.005462,0.005732,0,0
VET.V,D,20200201,000000,0.005733,0.006192,0.005696,0.005999,0,0
VET.V,D,20200202,000000,0.005999,0.006505,0.005797,0.006294,0,0
VET.V,D,20200203,000000,0.006292,0.006434,0.006089,0.006213,0,0
VET.V,D,20200204,000000,0.006212,0.006663,0.006183,0.006519,0,0
VET.V,D,20200205,000000,0.006427,0.006681,0.006285,0.006448,0,0
VET.V,D,20200206,000000,0.006448,0.006957,0.006388,0.006678,0,0
VET.V,D,20200207,000000,0.006677,0.007,0.006621,0.006855,0,0
VET.V,D,20200208,000000,0.006757,0.006872,0.006476,0.006643,0,0
VET.V,D,20200209,000000,0.006741,0.006908,0.006594,0.006877,0,0
VET.V,D,20200210,000000,0.006876,0.006923,0.006292,0.006494,0,0
VET.V,D,20200211,000000,0.006493,0.007487,0.006321,0.007365,0,0
VET.V,D,20200212,000000,0.007467,0.007956,0.007355,0.007455,0,0
VET.V,D,20200213,000000,0.007557,0.008185,0.007438,0.00807,0,0
VET.V,D,20200214,000000,0.008071,0.008414,0.007579,0.008291,0,0
VET.V,D,20200215,000000,0.008291,0.008506,0.007265,0.007444,0,0
VET.V,D,20200216,000000,0.007543,0.007731,0.006552,0.007108,0,0
VET.V,D,20200217,000000,0.00711,0.007238,0.006262,0.006746,0,0
VET.V,D,20200218,000000,0.006744,0.007329,0.006638,0.007128,0,0
VET.V,D,20200219,000000,0.007126,0.007251,0.006336,0.00659,0,0
VET.V,D,20200220,000000,0.006589,0.006686,0.006299,0.006547,0,0
VET.V,D,20200221,000000,0.006547,0.006836,0.006422,0.006678,0,0
VET.V,D,20200222,000000,0.006677,0.006712,0.006418,0.006684,0,0
VET.V,D,20200223,000000,0.006687,0.007008,0.006578,0.006948,0,0
VET.V,D,20200224,000000,0.006852,0.007358,0.006622,0.006658,0,0
VET.V,D,20200225,000000,0.006658,0.006777,0.00614,0.00629,0,0
VET.V,D,20200226,000000,0.006291,0.006385,0.005368,0.005631,0,0
VET.V,D,20200227,000000,0.005629,0.006014,0.005211,0.005812,0,0
VET.V,D,20200228,000000,0.005806,0.005967,0.005335,0.005718,0,0
VET.V,D,20200229,000000,0.005721,0.005932,0.00567,0.005717,0,0
VET.V,D,20200301,000000,0.0058,0.005876,0.005325,0.005397,0,0
VET.V,D,20200302,000000,0.005398,0.005921,0.005369,0.005812,0,0
VET.V,D,20200303,000000,0.005808,0.005892,0.005609,0.005803,0,0
VET.V,D,20200304,000000,0.005801,0.006241,0.005688,0.00596,0,0
VET.V,D,20200305,000000,0.005961,0.006396,0.00596,0.006176,0,0
VET.V,D,20200306,000000,0.006267,0.006268,0.00597,0.006114,0,0
VET.V,D,20200307,000000,0.006115,0.006242,0.005685,0.005904,0,0
VET.V,D,20200308,000000,0.005904,0.005906,0.004833,0.004835,0,0
VET.V,D,20200309,000000,0.004915,0.005041,0.00433,0.004657,0,0
VET.V,D,20200310,000000,0.004657,0.00498,0.004559,0.004783,0,0
VET.V,D,20200311,000000,0.004783,0.004783,0.004117,0.00455,0,0
VET.V,D,20200312,000000,0.004546,0.004554,0.002634,0.002729,0,0
VET.V,D,20200313,000000,0.00273,0.003117,0.001587,0.002711,0,0
VET.V,D,20200314,000000,0.002711,0.002939,0.002474,0.002646,0,0
VET.V,D,20200315,000000,0.002643,0.002843,0.00244,0.00252,0,0
VET.V,D,20200316,000000,0.002519,0.002615,0.001929,0.002225,0,0
VET.V,D,20200317,000000,0.002227,0.002622,0.002194,0.002514,0,0
VET.V,D,20200318,000000,0.002511,0.002568,0.002265,0.002521,0,0
VET.V,D,20200319,000000,0.002468,0.003079,0.002467,0.003026,0,0
VET.V,D,20200320,000000,0.003026,0.003177,0.002593,0.002787,0,0
VET.V,D,20200321,000000,0.002811,0.002997,0.002669,0.002878,0,0
VET.V,D,20200322,000000,0.002878,0.003057,0.002629,0.002631,0,0
VET.V,D,20200323,000000,0.002631,0.002928,0.002555,0.002852,0,0
VET.V,D,20200324,000000,0.002869,0.003089,0.002717,0.00307,0,0
VET.V,D,20200325,000000,0.003054,0.003256,0.002924,0.003083,0,0
VET.V,D,20200326,000000,0.00308,0.003149,0.002962,0.003027,0,0
VET.V,D,20200327,000000,0.003093,0.003614,0.003029,0.003276,0,0
VET.V,D,20200328,000000,0.003276,0.003276,0.002854,0.002928,0,0
VET.V,D,20200329,000000,0.002928,0.003018,0.002708,0.00278,0,0
VET.V,D,20200330,000000,0.002779,0.003085,0.002655,0.003012,0,0
VET.V,D,20200331,000000,0.003012,0.003316,0.002875,0.003101,0,0
VET.V,D,20200401,000000,0.003148,0.003158,0.002921,0.003061,0,0
VET.V,D,20200402,000000,0.00306,0.003547,0.00306,0.003216,0,0
VET.V,D,20200403,000000,0.003215,0.003355,0.003116,0.003302,0,0
VET.V,D,20200404,000000,0.003302,0.003357,0.003153,0.003302,0,0
VET.V,D,20200405,000000,0.003303,0.003315,0.003156,0.00325,0,0
VET.V,D,20200406,000000,0.003249,0.003731,0.003183,0.003577,0,0
VET.V,D,20200407,000000,0.003577,0.00467,0.003549,0.00388,0,0
VET.V,D,20200408,000000,0.003877,0.004055,0.003791,0.003961,0,0
VET.V,D,20200409,000000,0.004034,0.004057,0.003772,0.003878,0,0
VET.V,D,20200410,000000,0.00388,0.003942,0.00344,0.003591,0,0
VET.V,D,20200411,000000,0.003591,0.003823,0.003505,0.003644,0,0
VET.V,D,20200412,000000,0.003645,0.003887,0.003545,0.003851,0,0
VET.V,D,20200413,000000,0.003851,0.00386,0.00344,0.003627,0,0
VET.V,D,20200414,000000,0.003628,0.003832,0.003531,0.003705,0,0
VET.V,D,20200415,000000,0.003706,0.003866,0.003552,0.003776,0,0
VET.V,D,20200416,000000,0.003709,0.003901,0.00348,0.003895,0,0
VET.V,D,20200417,000000,0.003894,0.003951,0.003727,0.003808,0,0
VET.V,D,20200418,000000,0.003808,0.004002,0.003738,0.003977,0,0
VET.V,D,20200419,000000,0.003977,0.004088,0.00382,0.003963,0,0
VET.V,D,20200420,000000,0.00396,0.004042,0.00359,0.003705,0,0
VET.V,D,20200421,000000,0.003705,0.003809,0.003597,0.003797,0,0
VET.V,D,20200422,000000,0.003797,0.003994,0.003622,0.003835,0,0
VET.V,D,20200423,000000,0.003835,0.004173,0.003732,0.004105,0,0
VET.V,D,20200424,000000,0.004104,0.004171,0.003883,0.004134,0,0
VET.V,D,20200425,000000,0.004132,0.004313,0.00403,0.004143,0,0
VET.V,D,20200426,000000,0.004142,0.004576,0.004137,0.004427,0,0
VET.V,D,20200427,000000,0.004428,0.004595,0.00421,0.004411,0,0
VET.V,D,20200428,000000,0.00441,0.004502,0.004245,0.004334,0,0
VET.V,D,20200429,000000,0.004333,0.004971,0.004253,0.004789,0,0
VET.V,D,20200430,000000,0.0047,0.004935,0.004198,0.004383,0,0
VET.V,D,20200501,000000,0.004382,0.004712,0.004299,0.004513,0,0
VET.V,D,20200502,000000,0.004513,0.00461,0.00439,0.004558,0,0
VET.V,D,20200503,000000,0.004558,0.004673,0.004197,0.004342,0,0
VET.V,D,20200504,000000,0.004341,0.004691,0.004015,0.004566,0,0
VET.V,D,20200505,000000,0.004566,0.004572,0.004215,0.004486,0,0
VET.V,D,20200506,000000,0.004486,0.004597,0.004292,0.004461,0,0
VET.V,D,20200507,000000,0.004461,0.004641,0.004164,0.004546,0,0
VET.V,D,20200508,000000,0.004546,0.004906,0.004435,0.004905,0,0
VET.V,D,20200509,000000,0.004907,0.004956,0.004482,0.004612,0,0
VET.V,D,20200510,000000,0.004612,0.004643,0.003819,0.004188,0,0
VET.V,D,20200511,000000,0.004188,0.004309,0.003883,0.004118,0,0
VET.V,D,20200512,000000,0.004119,0.004312,0.003951,0.004113,0,0
VET.V,D,20200513,000000,0.00412,0.004588,0.00412,0.004588,0,0
VET.V,D,20200514,000000,0.004587,0.00461,0.0043,0.004499,0,0
VET.V,D,20200515,000000,0.004499,0.004612,0.0043,0.0044,0,0
VET.V,D,20200516,000000,0.0044,0.004554,0.0043,0.00441,0,0
VET.V,D,20200517,000000,0.00441,0.004636,0.00436,0.004392,0,0
VET.V,D,20200518,000000,0.004393,0.00467,0.004343,0.004551,0,0
VET.V,D,20200519,000000,0.004551,0.004581,0.004298,0.004552,0,0
VET.V,D,20200520,000000,0.004552,0.0047,0.004318,0.004489,0,0
VET.V,D,20200521,000000,0.004584,0.004593,0.00406,0.0043,0,0
VET.V,D,20200522,000000,0.004278,0.0048,0.0041,0.0047,0,0
VET.V,D,20200523,000000,0.0047,0.0048,0.0045,0.004614,0,0
VET.V,D,20200524,000000,0.004615,0.004839,0.004434,0.004709,0,0
VET.V,D,20200525,000000,0.00462,0.0052,0.004384,0.0051,0,0
VET.V,D,20200526,000000,0.0051,0.0052,0.0047,0.0049,0,0
VET.V,D,20200527,000000,0.0049,0.005001,0.0047,0.0049,0,0
VET.V,D,20200528,000000,0.0049,0.005501,0.0048,0.0055,0,0
VET.V,D,20200529,000000,0.0055,0.005701,0.0053,0.0056,0,0
VET.V,D,20200530,000000,0.0056,0.0061,0.0055,0.0061,0,0
VET.V,D,20200531,000000,0.0061,0.008077,0.006,0.0075,0,0
VET.V,D,20200601,000000,0.0075,0.0077,0.006399,0.0069,0,0
VET.V,D,20200602,000000,0.0069,0.007798,0.006599,0.0073,0,0
VET.V,D,20200603,000000,0.0073,0.0075,0.0069,0.007,0,0
VET.V,D,20200604,000000,0.007,0.0073,0.0066,0.0067,0,0
VET.V,D,20200605,000000,0.0067,0.0071,0.0066,0.0068,0,0
VET.V,D,20200606,000000,0.0068,0.0072,0.0066,0.0071,0,0
VET.V,D,20200607,000000,0.0071,0.0075,0.0069,0.007102,0,0
VET.V,D,20200608,000000,0.007103,0.007801,0.0071,0.007801,0,0
VET.V,D,20200609,000000,0.007801,0.008316,0.0076,0.008316,0,0
VET.V,D,20200610,000000,0.008316,0.008613,0.007996,0.008599,0,0
VET.V,D,20200611,000000,0.008599,0.01061,0.0085,0.009302,0,0
VET.V,D,20200612,000000,0.009302,0.009901,0.0086,0.0097,0,0
VET.V,D,20200613,000000,0.0097,0.0099,0.0093,0.0095,0,0
VET.V,D,20200614,000000,0.0095,0.0096,0.0084,0.0087,0,0
VET.V,D,20200615,000000,0.008699,0.0093,0.0077,0.009101,0,0
VET.V,D,20200616,000000,0.009101,0.009499,0.0088,0.009099,0,0
VET.V,D,20200617,000000,0.009099,0.009298,0.008603,0.0089,0,0
VET.V,D,20200618,000000,0.0089,0.0091,0.0084,0.0086,0,0
VET.V,D,20200619,000000,0.0086,0.0087,0.0083,0.0085,0,0
VET.V,D,20200620,000000,0.0085,0.0085,0.008001,0.0082,0,0
VET.V,D,20200621,000000,0.0082,0.0089,0.0082,0.0088,0,0
VET.V,D,20200622,000000,0.0088,0.009499,0.0086,0.0093,0,0
VET.V,D,20200623,000000,0.0094,0.0094,0.0089,0.0091,0,0
VET.V,D,20200624,000000,0.0091,0.0093,0.0086,0.0088,0,0
VET.V,D,20200625,000000,0.0088,0.0092,0.0086,0.0091,0,0
VET.V,D,20200626,000000,0.0091,0.0091,0.0087,0.009,0,0
VET.V,D,20200627,000000,0.009,0.0092,0.008399,0.0086,0,0
VET.V,D,20200628,000000,0.0086,0.0088,0.008398,0.0087,0,0
VET.V,D,20200629,000000,0.0087,0.0089,0.0084,0.0088,0,0
VET.V,D,20200630,000000,0.0088,0.0089,0.0086,0.0089,0,0
VET.V,D,20200701,000000,0.0089,0.009599,0.0087,0.0093,0,0
VET.V,D,20200702,000000,0.0094,0.0098,0.009199,0.009698,0,0
VET.V,D,20200703,000000,0.009649,0.0105,0.009501,0.0104,0,0
VET.V,D,20200704,000000,0.0104,0.013,0.0101,0.0124,0,0
VET.V,D,20200705,000000,0.0124,0.01645,0.0119,0.0144,0,0
VET.V,D,20200706,000000,0.0143,0.0162,0.014,0.01475,0,0
VET.V,D,20200707,000000,0.0147,0.0166,0.0142,0.0162,0,0
VET.V,D,20200708,000000,0.0162,0.022,0.0161,0.02,0,0
VET.V,D,20200709,000000,0.02,0.0202,0.0173,0.01791,0,0
VET.V,D,20200710,000000,0.01791,0.01948,0.015,0.017,0,0
VET.V,D,20200711,000000,0.017,0.0187,0.0167,0.0183,0,0
VET.V,D,20200712,000000,0.0184,0.0188,0.0173,0.0178,0,0
VET.V,D,20200713,000000,0.01775,0.0198,0.0177,0.0187,0,0
VET.V,D,20200714,000000,0.0187,0.0189,0.0173,0.0183,0,0
VET.V,D,20200715,000000,0.0183,0.0198,0.0182,0.019,0,0
VET.V,D,20200716,000000,0.019,0.0194,0.0175,0.0182,0,0
VET.V,D,20200717,000000,0.0182,0.0191,0.0178,0.0186,0,0
VET.V,D,20200718,000000,0.0185,0.0188,0.018,0.0184,0,0
VET.V,D,20200719,000000,0.0184,0.0184,0.0175,0.0179,0,0
VET.V,D,20200720,000000,0.0179,0.0182,0.016,0.0165,0,0
VET.V,D,20200721,000000,0.0165,0.0183,0.016,0.0172,0,0
VET.V,D,20200722,000000,0.0174,0.0178,0.0172,0.0172,0,0
