<TICKER>,<PER>,<DATE>,<TIME>,<OPEN>,<HIGH>,<LOW>,<CLOSE>,<VOL>,<OPENINT>
XEM.V,D,20170602,000000,0.18,0.2265,0.18,0.2158,0,0
XEM.V,D,20170603,000000,0.2158,0.248,0.2008,0.2108,0,0
XEM.V,D,20170604,000000,0.2108,0.232,0.2,0.2139,0,0
XEM.V,D,20170605,000000,0.2139,0.2787,0.2097,0.2308,0,0
XEM.V,D,20170606,000000,0.2308,0.2419,0.1988,0.2279,0,0
XEM.V,D,20170607,000000,0.2279,0.2396,0.2,0.216,0,0
XEM.V,D,20170608,000000,0.216,0.2234,0.187,0.2188,0,0
XEM.V,D,20170609,000000,0.2188,0.2278,0.2115,0.2164,0,0
XEM.V,D,20170610,000000,0.2164,0.225,0.1862,0.1918,0,0
XEM.V,D,20170611,000000,0.1918,0.2244,0.189,0.2165,0,0
XEM.V,D,20170612,000000,0.2165,0.25,0.1556,0.1913,0,0
XEM.V,D,20170613,000000,0.1913,0.2099,0.1794,0.203,0,0
XEM.V,D,20170614,000000,0.203,0.225,0.1783,0.1944,0,0
XEM.V,D,20170615,000000,0.1944,0.2031,0.1548,0.1868,0,0
XEM.V,D,20170616,000000,0.1868,0.204,0.174,0.1858,0,0
XEM.V,D,20170617,000000,0.1858,0.2033,0.1761,0.2007,0,0
XEM.V,D,20170618,000000,0.2007,0.2023,0.1795,0.1915,0,0
XEM.V,D,20170619,000000,0.1915,0.2008,0.189,0.1982,0,0
XEM.V,D,20170620,000000,0.1982,0.2224,0.1934,0.206,0,0
XEM.V,D,20170621,000000,0.206,0.2135,0.185,0.1902,0,0
XEM.V,D,20170622,000000,0.1902,0.1981,0.1862,0.1903,0,0
XEM.V,D,20170623,000000,0.1903,0.1953,0.1872,0.1926,0,0
XEM.V,D,20170624,000000,0.1926,0.2005,0.168,0.1773,0,0
XEM.V,D,20170625,000000,0.1773,0.184,0.158,0.1684,0,0
XEM.V,D,20170626,000000,0.1684,0.1725,0.1335,0.158,0,0
XEM.V,D,20170627,000000,0.158,0.1659,0.1331,0.1614,0,0
XEM.V,D,20170628,000000,0.1614,0.1762,0.1521,0.1692,0,0
XEM.V,D,20170629,000000,0.1692,0.1754,0.1554,0.1587,0,0
XEM.V,D,20170630,000000,0.1587,0.1665,0.155,0.1559,0,0
XEM.V,D,20170701,000000,0.1559,0.1583,0.138,0.1415,0,0
XEM.V,D,20170702,000000,0.1415,0.1568,0.1394,0.1561,0,0
XEM.V,D,20170703,000000,0.1561,0.1781,0.1516,0.1735,0,0
XEM.V,D,20170704,000000,0.1735,0.195,0.1629,0.187,0,0
XEM.V,D,20170705,000000,0.187,0.1871,0.17,0.1736,0,0
XEM.V,D,20170706,000000,0.1736,0.1781,0.1628,0.1704,0,0
XEM.V,D,20170707,000000,0.1704,0.1722,0.1506,0.1561,0,0
XEM.V,D,20170708,000000,0.1561,0.1648,0.146,0.1578,0,0
XEM.V,D,20170709,000000,0.1578,0.1611,0.1506,0.1521,0,0
XEM.V,D,20170710,000000,0.1521,0.158,0.144,0.1457,0,0
XEM.V,D,20170711,000000,0.1457,0.1457,0.1457,0.1457,0,0
XEM.V,D,20170712,000000,0.1445,0.1445,0.1245,0.1337,0,0
XEM.V,D,20170713,000000,0.1337,0.1406,0.1126,0.1208,0,0
XEM.V,D,20170714,000000,0.1208,0.1244,0.1093,0.1177,0,0
XEM.V,D,20170715,000000,0.1177,0.118,0.1045,0.1098,0,0
XEM.V,D,20170716,000000,0.1098,0.1128,0.08767,0.09683,0,0
XEM.V,D,20170717,000000,0.09683,0.1349,0.09681,0.1349,0,0
XEM.V,D,20170718,000000,0.1349,0.145,0.1153,0.1324,0,0
XEM.V,D,20170719,000000,0.1324,0.16,0.1228,0.126,0,0
XEM.V,D,20170720,000000,0.126,0.1612,0.125,0.1534,0,0
XEM.V,D,20170721,000000,0.1534,0.1534,0.1415,0.145,0,0
XEM.V,D,20170722,000000,0.145,0.179,0.145,0.177,0,0
XEM.V,D,20170723,000000,0.177,0.1883,0.1555,0.1674,0,0
XEM.V,D,20170724,000000,0.1674,0.1737,0.1589,0.1696,0,0
XEM.V,D,20170725,000000,0.1696,0.1784,0.1422,0.1579,0,0
XEM.V,D,20170726,000000,0.1579,0.1665,0.1444,0.1565,0,0
XEM.V,D,20170727,000000,0.1565,0.1772,0.1534,0.1716,0,0
XEM.V,D,20170728,000000,0.1716,0.176,0.1554,0.1655,0,0
XEM.V,D,20170729,000000,0.1655,0.171,0.1562,0.1693,0,0
XEM.V,D,20170730,000000,0.1693,0.1767,0.1582,0.159,0,0
XEM.V,D,20170731,000000,0.159,0.1701,0.1574,0.1612,0,0
XEM.V,D,20170801,000000,0.1612,0.1857,0.1611,0.1791,0,0
XEM.V,D,20170802,000000,0.1791,0.2404,0.1785,0.2149,0,0
XEM.V,D,20170803,000000,0.2149,0.2458,0.2109,0.22,0,0
XEM.V,D,20170804,000000,0.22,0.231,0.2112,0.2236,0,0
XEM.V,D,20170805,000000,0.2236,0.26,0.215,0.2296,0,0
XEM.V,D,20170806,000000,0.2296,0.255,0.2103,0.2442,0,0
XEM.V,D,20170807,000000,0.2442,0.2913,0.236,0.2802,0,0
XEM.V,D,20170808,000000,0.2802,0.31,0.2548,0.2731,0,0
XEM.V,D,20170809,000000,0.2731,0.3014,0.2536,0.2786,0,0
XEM.V,D,20170810,000000,0.2786,0.3046,0.2754,0.293,0,0
XEM.V,D,20170811,000000,0.2931,0.3,0.274,0.293,0,0
XEM.V,D,20170812,000000,0.293,0.3027,0.2683,0.2741,0,0
XEM.V,D,20170813,000000,0.2741,0.2796,0.2234,0.2595,0,0
XEM.V,D,20170814,000000,0.2595,0.2672,0.2332,0.2526,0,0
XEM.V,D,20170815,000000,0.2526,0.256,0.2272,0.2458,0,0
XEM.V,D,20170816,000000,0.2458,0.2795,0.2433,0.2568,0,0
XEM.V,D,20170817,000000,0.2568,0.259,0.2425,0.2452,0,0
XEM.V,D,20170818,000000,0.2452,0.255,0.235,0.2412,0,0
XEM.V,D,20170819,000000,0.2412,0.2631,0.2257,0.2549,0,0
XEM.V,D,20170820,000000,0.2549,0.32,0.2545,0.276,0,0
XEM.V,D,20170821,000000,0.276,0.31,0.2358,0.2465,0,0
XEM.V,D,20170822,000000,0.2465,0.2616,0.2343,0.2495,0,0
XEM.V,D,20170823,000000,0.2495,0.2615,0.2413,0.2583,0,0
XEM.V,D,20170824,000000,0.2583,0.26,0.1816,0.2409,0,0
XEM.V,D,20170825,000000,0.2409,0.285,0.1819,0.256,0,0
XEM.V,D,20170826,000000,0.256,0.339,0.215,0.2696,0,0
XEM.V,D,20170827,000000,0.2696,0.28,0.255,0.2709,0,0
XEM.V,D,20170828,000000,0.2709,0.2887,0.2669,0.2808,0,0
XEM.V,D,20170829,000000,0.2808,0.288,0.2771,0.282,0,0
XEM.V,D,20170830,000000,0.282,0.3,0.28,0.2942,0,0
XEM.V,D,20170831,000000,0.2942,0.34,0.2885,0.3372,0,0
XEM.V,D,20170901,000000,0.3372,0.34,0.3111,0.3249,0,0
XEM.V,D,20170902,000000,0.326,0.3297,0.2624,0.2777,0,0
XEM.V,D,20170903,000000,0.2777,0.3161,0.261,0.3011,0,0
XEM.V,D,20170904,000000,0.3011,0.311,0.2471,0.2767,0,0
XEM.V,D,20170905,000000,0.2767,0.2905,0.2463,0.2838,0,0
XEM.V,D,20170906,000000,0.2838,0.3085,0.2786,0.3009,0,0
XEM.V,D,20170907,000000,0.3009,0.3027,0.285,0.2923,0,0
XEM.V,D,20170908,000000,0.2923,0.3071,0.2519,0.2651,0,0
XEM.V,D,20170909,000000,0.2651,0.2868,0.2538,0.2725,0,0
XEM.V,D,20170910,000000,0.2725,0.274,0.235,0.2668,0,0
XEM.V,D,20170911,000000,0.2668,0.2882,0.2526,0.2564,0,0
XEM.V,D,20170912,000000,0.2564,0.2689,0.2453,0.2486,0,0
XEM.V,D,20170913,000000,0.2486,0.2579,0.2146,0.231,0,0
XEM.V,D,20170914,000000,0.231,0.236,0.1724,0.1794,0,0
XEM.V,D,20170915,000000,0.1794,0.2285,0.1582,0.221,0,0
XEM.V,D,20170916,000000,0.221,0.236,0.2013,0.2123,0,0
XEM.V,D,20170917,000000,0.2123,0.225,0.1984,0.2156,0,0
XEM.V,D,20170918,000000,0.2156,0.2522,0.2089,0.2441,0,0
XEM.V,D,20170919,000000,0.2441,0.2561,0.229,0.2375,0,0
XEM.V,D,20170920,000000,0.2375,0.2398,0.2296,0.233,0,0
XEM.V,D,20170921,000000,0.233,0.2361,0.2048,0.21,0,0
XEM.V,D,20170922,000000,0.21,0.22,0.2008,0.208,0,0
XEM.V,D,20170923,000000,0.208,0.2279,0.2023,0.2197,0,0
XEM.V,D,20170924,000000,0.2197,0.2329,0.2148,0.2163,0,0
XEM.V,D,20170925,000000,0.2163,0.239,0.2163,0.2368,0,0
XEM.V,D,20170926,000000,0.2368,0.2397,0.219,0.2314,0,0
XEM.V,D,20170927,000000,0.2314,0.2522,0.2252,0.247,0,0
XEM.V,D,20170928,000000,0.247,0.251,0.2295,0.2366,0,0
XEM.V,D,20170929,000000,0.2366,0.2387,0.2177,0.2365,0,0
XEM.V,D,20170930,000000,0.2365,0.2401,0.2326,0.2349,0,0
XEM.V,D,20171001,000000,0.2349,0.2509,0.2165,0.244,0,0
XEM.V,D,20171002,000000,0.244,0.26,0.23,0.231,0,0
XEM.V,D,20171003,000000,0.231,0.24,0.215,0.226,0,0
XEM.V,D,20171004,000000,0.226,0.228,0.21,0.2158,0,0
XEM.V,D,20171005,000000,0.2158,0.2259,0.2042,0.2099,0,0
XEM.V,D,20171006,000000,0.2099,0.2248,0.2022,0.2173,0,0
XEM.V,D,20171007,000000,0.2173,0.2255,0.195,0.2132,0,0
XEM.V,D,20171008,000000,0.2132,0.2137,0.19,0.1958,0,0
XEM.V,D,20171009,000000,0.1958,0.2067,0.1902,0.195,0,0
XEM.V,D,20171010,000000,0.195,0.2197,0.1923,0.2116,0,0
XEM.V,D,20171011,000000,0.2116,0.2198,0.2078,0.2134,0,0
XEM.V,D,20171012,000000,0.2134,0.2154,0.2018,0.2057,0,0
XEM.V,D,20171013,000000,0.2057,0.2138,0.193,0.2123,0,0
XEM.V,D,20171014,000000,0.2123,0.214,0.2021,0.21,0,0
XEM.V,D,20171015,000000,0.21,0.2115,0.1957,0.206,0,0
XEM.V,D,20171016,000000,0.2074,0.26,0.2026,0.2224,0,0
XEM.V,D,20171017,000000,0.2224,0.235,0.213,0.2147,0,0
XEM.V,D,20171018,000000,0.2198,0.2224,0.204,0.2193,0,0
XEM.V,D,20171019,000000,0.2157,0.2302,0.2119,0.2188,0,0
XEM.V,D,20171020,000000,0.2211,0.2486,0.2121,0.2157,0,0
XEM.V,D,20171021,000000,0.2143,0.2226,0.197,0.2069,0,0
XEM.V,D,20171022,000000,0.2144,0.2227,0.197,0.2105,0,0
XEM.V,D,20171023,000000,0.2094,0.2146,0.1832,0.2015,0,0
XEM.V,D,20171024,000000,0.2029,0.2221,0.1902,0.2105,0,0
XEM.V,D,20171025,000000,0.2111,0.2189,0.195,0.2039,0,0
XEM.V,D,20171026,000000,0.2043,0.2058,0.193,0.1988,0,0
XEM.V,D,20171027,000000,0.1994,0.2028,0.193,0.1964,0,0
XEM.V,D,20171028,000000,0.1962,0.2049,0.191,0.1962,0,0
XEM.V,D,20171029,000000,0.1969,0.21,0.191,0.2013,0,0
XEM.V,D,20171030,000000,0.2011,0.2058,0.196,0.2004,0,0
XEM.V,D,20171031,000000,0.2003,0.2023,0.1828,0.1867,0,0
XEM.V,D,20171101,000000,0.1864,0.1931,0.1655,0.1669,0,0
XEM.V,D,20171102,000000,0.1669,0.183,0.15,0.1664,0,0
XEM.V,D,20171103,000000,0.1669,0.1805,0.16,0.1707,0,0
XEM.V,D,20171104,000000,0.1707,0.1799,0.1676,0.17,0,0
XEM.V,D,20171105,000000,0.17,0.1816,0.163,0.1797,0,0
XEM.V,D,20171106,000000,0.1779,0.22,0.1754,0.1854,0,0
XEM.V,D,20171107,000000,0.1855,0.1879,0.1735,0.1789,0,0
XEM.V,D,20171108,000000,0.1785,0.1975,0.1761,0.1923,0,0
XEM.V,D,20171109,000000,0.1923,0.229,0.1875,0.2253,0,0
XEM.V,D,20171110,000000,0.2251,0.239,0.185,0.1929,0,0
XEM.V,D,20171111,000000,0.1918,0.214,0.1847,0.1916,0,0
XEM.V,D,20171112,000000,0.1912,0.1924,0.161,0.1839,0,0
XEM.V,D,20171113,000000,0.1839,0.2081,0.1804,0.1922,0,0
XEM.V,D,20171114,000000,0.1914,0.2088,0.1911,0.2082,0,0
XEM.V,D,20171115,000000,0.2077,0.21,0.1985,0.2021,0,0
XEM.V,D,20171116,000000,0.2035,0.2175,0.1916,0.1976,0,0
XEM.V,D,20171117,000000,0.1978,0.2026,0.18,0.1928,0,0
XEM.V,D,20171118,000000,0.1912,0.1995,0.1871,0.1939,0,0
XEM.V,D,20171119,000000,0.1923,0.2087,0.192,0.2036,0,0
XEM.V,D,20171120,000000,0.2013,0.224,0.2,0.2142,0,0
XEM.V,D,20171121,000000,0.2139,0.2193,0.198,0.2027,0,0
XEM.V,D,20171122,000000,0.2025,0.2091,0.1982,0.2042,0,0
XEM.V,D,20171123,000000,0.204,0.2108,0.1981,0.2011,0,0
XEM.V,D,20171124,000000,0.2011,0.2098,0.197,0.2078,0,0
XEM.V,D,20171125,000000,0.2084,0.2231,0.207,0.2201,0,0
XEM.V,D,20171126,000000,0.2202,0.224,0.2001,0.2143,0,0
XEM.V,D,20171127,000000,0.2142,0.225,0.2101,0.2248,0,0
XEM.V,D,20171128,000000,0.224,0.257,0.22,0.2454,0,0
XEM.V,D,20171129,000000,0.2451,0.2672,0.2022,0.2137,0,0
XEM.V,D,20171130,000000,0.2144,0.24,0.2002,0.2198,0,0
XEM.V,D,20171201,000000,0.2195,0.2398,0.2084,0.2383,0,0
XEM.V,D,20171202,000000,0.2386,0.2597,0.215,0.2503,0,0
XEM.V,D,20171203,000000,0.2498,0.2962,0.2458,0.2704,0,0
XEM.V,D,20171204,000000,0.2688,0.2855,0.2631,0.2848,0,0
XEM.V,D,20171205,000000,0.2846,0.3108,0.2705,0.299,0,0
XEM.V,D,20171206,000000,0.2995,0.3227,0.2874,0.3148,0,0
XEM.V,D,20171207,000000,0.3165,0.3266,0.25,0.2836,0,0
XEM.V,D,20171208,000000,0.289,0.7153,0.236,0.6417,0,0
XEM.V,D,20171209,000000,0.6417,0.669,0.3644,0.4387,0,0
XEM.V,D,20171210,000000,0.4385,0.449,0.3167,0.3812,0,0
XEM.V,D,20171211,000000,0.3818,0.5256,0.3809,0.4886,0,0
XEM.V,D,20171212,000000,0.4975,0.5825,0.4537,0.5042,0,0
XEM.V,D,20171213,000000,0.5014,0.5428,0.465,0.5087,0,0
XEM.V,D,20171214,000000,0.5087,0.615,0.49,0.5963,0,0
XEM.V,D,20171215,000000,0.6003,0.61,0.495,0.5895,0,0
XEM.V,D,20171216,000000,0.5839,0.7113,0.5647,0.6455,0,0
XEM.V,D,20171217,000000,0.6456,0.7411,0.6215,0.6754,0,0
XEM.V,D,20171218,000000,0.6754,0.83,0.6607,0.8293,0,0
XEM.V,D,20171219,000000,0.8293,1.05,0.8103,0.8913,0,0
XEM.V,D,20171220,000000,0.8913,1.04,0.7477,0.888,0,0
XEM.V,D,20171221,000000,0.8872,1.04,0.8556,0.9762,0,0
XEM.V,D,20171222,000000,0.9727,1,0.5168,0.7989,0,0
XEM.V,D,20171223,000000,0.7968,0.951,0.7598,0.8652,0,0
XEM.V,D,20171224,000000,0.8716,1.01,0.7134,1,0,0
XEM.V,D,20171225,000000,0.9988,1.09,0.8992,0.984,0,0
XEM.V,D,20171226,000000,0.9802,1,0.902,0.9675,0,0
XEM.V,D,20171227,000000,0.9675,0.9929,0.888,0.9296,0,0
XEM.V,D,20171228,000000,0.9302,0.9486,0.795,0.8857,0,0
XEM.V,D,20171229,000000,0.8903,1.05,0.87,1.03,0,0
XEM.V,D,20171230,000000,1.04,1.05,0.84,0.8819,0,0
XEM.V,D,20171231,000000,0.8812,1.08,0.873,1.03,0,0
XEM.V,D,20180101,000000,1.02,1.06,0.9553,1.01,0,0
XEM.V,D,20180102,000000,1.01,1.17,0.9978,1.13,0,0
XEM.V,D,20180103,000000,1.13,1.78,1.12,1.75,0,0
XEM.V,D,20180104,000000,1.75,2.06,1.52,1.61,0,0
XEM.V,D,20180105,000000,1.6,1.81,1.5,1.56,0,0
XEM.V,D,20180106,000000,1.56,1.7,1.45,1.63,0,0
XEM.V,D,20180107,000000,1.63,1.9,1.58,1.8,0,0
XEM.V,D,20180108,000000,1.8,1.8,1.31,1.57,0,0
XEM.V,D,20180109,000000,1.57,1.69,1.3,1.44,0,0
XEM.V,D,20180110,000000,1.44,1.48,1.15,1.37,0,0
XEM.V,D,20180111,000000,1.37,1.43,1.08,1.25,0,0
XEM.V,D,20180112,000000,1.24,1.4,1.17,1.39,0,0
XEM.V,D,20180113,000000,1.39,1.52,1.38,1.44,0,0
XEM.V,D,20180114,000000,1.46,1.49,1.24,1.3,0,0
XEM.V,D,20180115,000000,1.3,1.45,1.3,1.34,0,0
XEM.V,D,20180116,000000,1.33,1.34,0.5513,0.9426,0,0
XEM.V,D,20180117,000000,0.9435,0.9796,0.6135,0.9397,0,0
XEM.V,D,20180118,000000,0.943,1.11,0.8633,1.02,0,0
XEM.V,D,20180119,000000,1.02,1.12,0.9248,1.07,0,0
XEM.V,D,20180120,000000,1.07,1.2,1.07,1.17,0,0
XEM.V,D,20180121,000000,1.17,1.2,0.9803,1.04,0,0
XEM.V,D,20180122,000000,1.04,1.09,0.8824,0.9799,0,0
XEM.V,D,20180123,000000,0.9799,1.01,0.8613,0.9421,0,0
XEM.V,D,20180124,000000,0.9473,0.9933,0.9013,0.9582,0,0
XEM.V,D,20180125,000000,0.9676,1.09,0.9131,0.9465,0,0
XEM.V,D,20180126,000000,0.946,1.03,0.79,0.8306,0,0
XEM.V,D,20180127,000000,0.8344,1.09,0.8289,1.03,0,0
XEM.V,D,20180128,000000,1.03,1.05,0.9701,1,0,0
XEM.V,D,20180129,000000,1,1,0.9072,0.915,0,0
XEM.V,D,20180130,000000,0.9166,0.9403,0.775,0.8116,0,0
XEM.V,D,20180131,000000,0.8116,0.8177,0.7454,0.7773,0,0
XEM.V,D,20180201,000000,0.7817,0.838,0.6231,0.653,0,0
XEM.V,D,20180202,000000,0.6532,0.6678,0.4708,0.5879,0,0
XEM.V,D,20180203,000000,0.5879,0.6655,0.5254,0.6278,0,0
XEM.V,D,20180204,000000,0.6278,0.6907,0.5357,0.5731,0,0
XEM.V,D,20180205,000000,0.5731,0.5761,0.4409,0.4495,0,0
XEM.V,D,20180206,000000,0.4494,0.5455,0.3686,0.5209,0,0
XEM.V,D,20180207,000000,0.523,0.6006,0.5159,0.5543,0,0
XEM.V,D,20180208,000000,0.5543,0.5877,0.5163,0.5488,0,0
XEM.V,D,20180209,000000,0.5493,0.5806,0.5253,0.5763,0,0
XEM.V,D,20180210,000000,0.5763,0.6372,0.5333,0.5604,0,0
XEM.V,D,20180211,000000,0.5604,0.5712,0.5002,0.5287,0,0
XEM.V,D,20180212,000000,0.5287,0.5546,0.5123,0.5429,0,0
XEM.V,D,20180213,000000,0.5383,0.5456,0.4806,0.4808,0,0
XEM.V,D,20180214,000000,0.4814,0.5489,0.4814,0.5359,0,0
XEM.V,D,20180215,000000,0.5353,0.5722,0.5318,0.5548,0,0
XEM.V,D,20180216,000000,0.5558,0.5792,0.4909,0.5245,0,0
XEM.V,D,20180217,000000,0.5251,0.597,0.5158,0.5941,0,0
XEM.V,D,20180218,000000,0.5941,0.5957,0.5169,0.529,0,0
XEM.V,D,20180219,000000,0.528,0.5363,0.5148,0.5196,0,0
XEM.V,D,20180220,000000,0.5196,0.5255,0.4873,0.4924,0,0
XEM.V,D,20180221,000000,0.4917,0.5214,0.4569,0.463,0,0
XEM.V,D,20180222,000000,0.463,0.4805,0.4129,0.4322,0,0
XEM.V,D,20180223,000000,0.4322,0.4573,0.4135,0.4405,0,0
XEM.V,D,20180224,000000,0.4385,0.4493,0.4029,0.4095,0,0
XEM.V,D,20180225,000000,0.4098,0.414,0.3816,0.4044,0,0
XEM.V,D,20180226,000000,0.4044,0.4099,0.3847,0.3965,0,0
XEM.V,D,20180227,000000,0.3965,0.4033,0.3861,0.4015,0,0
XEM.V,D,20180228,000000,0.4015,0.4396,0.3925,0.412,0,0
XEM.V,D,20180301,000000,0.412,0.4161,0.3889,0.4066,0,0
XEM.V,D,20180302,000000,0.4066,0.417,0.3872,0.3943,0,0
XEM.V,D,20180303,000000,0.3944,0.4022,0.352,0.3622,0,0
XEM.V,D,20180304,000000,0.361,0.3686,0.3243,0.3511,0,0
XEM.V,D,20180305,000000,0.3503,0.3668,0.3137,0.3499,0,0
XEM.V,D,20180306,000000,0.3499,0.3512,0.3148,0.3256,0,0
XEM.V,D,20180307,000000,0.3254,0.3366,0.292,0.2988,0,0
XEM.V,D,20180308,000000,0.299,0.3698,0.2865,0.349,0,0
XEM.V,D,20180309,000000,0.3491,0.3733,0.3251,0.3543,0,0
XEM.V,D,20180310,000000,0.3537,0.3744,0.3467,0.3581,0,0
XEM.V,D,20180311,000000,0.3574,0.3684,0.3463,0.3528,0,0
XEM.V,D,20180312,000000,0.3528,0.4164,0.3477,0.3824,0,0
XEM.V,D,20180313,000000,0.3832,0.4771,0.3831,0.4764,0,0
XEM.V,D,20180314,000000,0.4764,0.5299,0.4017,0.4017,0,0
XEM.V,D,20180315,000000,0.402,0.438,0.3477,0.3866,0,0
XEM.V,D,20180316,000000,0.3863,0.3896,0.3423,0.3524,0,0
XEM.V,D,20180317,000000,0.3519,0.3543,0.2886,0.2967,0,0
XEM.V,D,20180318,000000,0.2964,0.3016,0.2407,0.2838,0,0
XEM.V,D,20180319,000000,0.2826,0.3138,0.2711,0.2875,0,0
XEM.V,D,20180320,000000,0.2888,0.3471,0.2739,0.3158,0,0
XEM.V,D,20180321,000000,0.3159,0.3293,0.2968,0.304,0,0
XEM.V,D,20180322,000000,0.3038,0.3198,0.2841,0.3039,0,0
XEM.V,D,20180323,000000,0.3039,0.3065,0.2781,0.2861,0,0
XEM.V,D,20180324,000000,0.2857,0.2994,0.2831,0.2877,0,0
XEM.V,D,20180325,000000,0.2876,0.3206,0.2772,0.3052,0,0
XEM.V,D,20180326,000000,0.305,0.3067,0.2609,0.2616,0,0
XEM.V,D,20180327,000000,0.2616,0.2777,0.2551,0.262,0,0
XEM.V,D,20180328,000000,0.2623,0.2642,0.2519,0.2565,0,0
XEM.V,D,20180329,000000,0.2566,0.2591,0.2293,0.2332,0,0
XEM.V,D,20180330,000000,0.2332,0.2464,0.2194,0.2315,0,0
XEM.V,D,20180331,000000,0.2315,0.2393,0.226,0.2268,0,0
XEM.V,D,20180401,000000,0.2269,0.2315,0.207,0.2206,0,0
XEM.V,D,20180402,000000,0.2195,0.2367,0.215,0.2309,0,0
XEM.V,D,20180403,000000,0.2309,0.2608,0.2288,0.2606,0,0
XEM.V,D,20180404,000000,0.2606,0.2691,0.2311,0.2356,0,0
XEM.V,D,20180405,000000,0.2342,0.2457,0.2221,0.2277,0,0
XEM.V,D,20180406,000000,0.2277,0.2336,0.2198,0.2269,0,0
XEM.V,D,20180407,000000,0.2266,0.2363,0.2245,0.2312,0,0
XEM.V,D,20180408,000000,0.2312,0.2412,0.2293,0.2352,0,0
XEM.V,D,20180409,000000,0.2352,0.2518,0.2304,0.2353,0,0
XEM.V,D,20180410,000000,0.2353,0.2435,0.2316,0.2428,0,0
XEM.V,D,20180411,000000,0.2428,0.2495,0.239,0.2488,0,0
XEM.V,D,20180412,000000,0.2488,0.2785,0.2436,0.2769,0,0
XEM.V,D,20180413,000000,0.2769,0.3159,0.2769,0.2968,0,0
XEM.V,D,20180414,000000,0.2968,0.3107,0.284,0.3058,0,0
XEM.V,D,20180415,000000,0.3058,0.3579,0.3058,0.3579,0,0
XEM.V,D,20180416,000000,0.3579,0.3806,0.3243,0.3484,0,0
XEM.V,D,20180417,000000,0.3484,0.3569,0.3387,0.3453,0,0
XEM.V,D,20180418,000000,0.3453,0.3787,0.3434,0.3769,0,0
XEM.V,D,20180419,000000,0.3775,0.3961,0.376,0.3937,0,0
XEM.V,D,20180420,000000,0.3937,0.406,0.3829,0.4049,0,0
XEM.V,D,20180421,000000,0.4049,0.4175,0.3626,0.3822,0,0
XEM.V,D,20180422,000000,0.3822,0.4077,0.3807,0.3995,0,0
XEM.V,D,20180423,000000,0.3995,0.4025,0.3899,0.4012,0,0
XEM.V,D,20180424,000000,0.4012,0.4277,0.3996,0.4256,0,0
XEM.V,D,20180425,000000,0.4257,0.4545,0.358,0.4016,0,0
XEM.V,D,20180426,000000,0.4015,0.4051,0.3676,0.3964,0,0
XEM.V,D,20180427,000000,0.3951,0.412,0.3889,0.3919,0,0
XEM.V,D,20180428,000000,0.3919,0.4291,0.3876,0.4216,0,0
XEM.V,D,20180429,000000,0.4216,0.4393,0.4024,0.4208,0,0
XEM.V,D,20180430,000000,0.4208,0.4291,0.4022,0.4107,0,0
XEM.V,D,20180501,000000,0.4107,0.4127,0.3888,0.407,0,0
XEM.V,D,20180502,000000,0.407,0.4268,0.3993,0.421,0,0
XEM.V,D,20180503,000000,0.421,0.4407,0.4157,0.4374,0,0
XEM.V,D,20180504,000000,0.4374,0.4402,0.4216,0.4316,0,0
XEM.V,D,20180505,000000,0.4306,0.4398,0.4256,0.4278,0,0
XEM.V,D,20180506,000000,0.4278,0.43,0.3997,0.4122,0,0
XEM.V,D,20180507,000000,0.4122,0.4207,0.3795,0.4005,0,0
XEM.V,D,20180508,000000,0.4005,0.4025,0.3713,0.3811,0,0
XEM.V,D,20180509,000000,0.3804,0.3906,0.3593,0.3814,0,0
XEM.V,D,20180510,000000,0.381,0.3852,0.3632,0.3646,0,0
XEM.V,D,20180511,000000,0.3646,0.3654,0.3053,0.3161,0,0
XEM.V,D,20180512,000000,0.3161,0.3446,0.3065,0.3297,0,0
XEM.V,D,20180513,000000,0.3297,0.3593,0.327,0.354,0,0
XEM.V,D,20180514,000000,0.354,0.385,0.3328,0.3713,0,0
XEM.V,D,20180515,000000,0.3713,0.3721,0.3348,0.3423,0,0
XEM.V,D,20180516,000000,0.3423,0.3423,0.3078,0.3178,0,0
XEM.V,D,20180517,000000,0.3178,0.3296,0.3047,0.3058,0,0
XEM.V,D,20180518,000000,0.3058,0.3126,0.2926,0.3123,0,0
XEM.V,D,20180519,000000,0.3123,0.3165,0.3027,0.3083,0,0
XEM.V,D,20180520,000000,0.3083,0.3249,0.3047,0.3242,0,0
XEM.V,D,20180521,000000,0.3242,0.3255,0.3063,0.3106,0,0
XEM.V,D,20180522,000000,0.3106,0.3126,0.2911,0.2911,0,0
XEM.V,D,20180523,000000,0.2911,0.2921,0.2577,0.2682,0,0
XEM.V,D,20180524,000000,0.2681,0.2703,0.2543,0.2672,0,0
XEM.V,D,20180525,000000,0.2672,0.2854,0.2597,0.2628,0,0
XEM.V,D,20180526,000000,0.2627,0.2697,0.2601,0.2635,0,0
XEM.V,D,20180527,000000,0.2629,0.263,0.2537,0.2557,0,0
XEM.V,D,20180528,000000,0.2557,0.2582,0.2316,0.2321,0,0
XEM.V,D,20180529,000000,0.2316,0.2512,0.2281,0.2455,0,0
XEM.V,D,20180530,000000,0.2455,0.2616,0.2346,0.2381,0,0
XEM.V,D,20180531,000000,0.2376,0.2486,0.2368,0.2467,0,0
XEM.V,D,20180601,000000,0.2468,0.2627,0.2416,0.2512,0,0
XEM.V,D,20180602,000000,0.2504,0.2639,0.2494,0.2629,0,0
XEM.V,D,20180603,000000,0.2629,0.2753,0.2627,0.2632,0,0
XEM.V,D,20180604,000000,0.2632,0.2674,0.2435,0.2512,0,0
XEM.V,D,20180605,000000,0.2506,0.2565,0.2402,0.2517,0,0
XEM.V,D,20180606,000000,0.2517,0.2535,0.2453,0.2508,0,0
XEM.V,D,20180607,000000,0.2508,0.2778,0.2498,0.2584,0,0
XEM.V,D,20180608,000000,0.2584,0.2595,0.2486,0.2531,0,0
XEM.V,D,20180609,000000,0.2531,0.2614,0.2458,0.2483,0,0
XEM.V,D,20180610,000000,0.2483,0.2485,0.2139,0.2169,0,0
XEM.V,D,20180611,000000,0.2169,0.2323,0.2123,0.2296,0,0
XEM.V,D,20180612,000000,0.2296,0.2377,0.222,0.2221,0,0
XEM.V,D,20180613,000000,0.2221,0.2228,0.1986,0.2016,0,0
XEM.V,D,20180614,000000,0.2016,0.2177,0.2016,0.2163,0,0
XEM.V,D,20180615,000000,0.2163,0.2168,0.2006,0.2024,0,0
XEM.V,D,20180616,000000,0.2024,0.2104,0.1934,0.2051,0,0
XEM.V,D,20180617,000000,0.2051,0.2066,0.1943,0.2044,0,0
XEM.V,D,20180618,000000,0.2044,0.2083,0.1924,0.2065,0,0
XEM.V,D,20180619,000000,0.2065,0.2119,0.1965,0.209,0,0
XEM.V,D,20180620,000000,0.209,0.209,0.1919,0.2043,0,0
XEM.V,D,20180621,000000,0.2043,0.2049,0.1901,0.196,0,0
XEM.V,D,20180622,000000,0.196,0.196,0.1685,0.1739,0,0
XEM.V,D,20180623,000000,0.1739,0.1781,0.1634,0.1747,0,0
XEM.V,D,20180624,000000,0.1747,0.185,0.1513,0.161,0,0
XEM.V,D,20180625,000000,0.161,0.1757,0.1528,0.1642,0,0
XEM.V,D,20180626,000000,0.1642,0.1676,0.1541,0.16,0,0
XEM.V,D,20180627,000000,0.16,0.16,0.1495,0.1564,0,0
XEM.V,D,20180628,000000,0.1564,0.1613,0.1519,0.1568,0,0
XEM.V,D,20180629,000000,0.1568,0.1568,0.1433,0.1509,0,0
XEM.V,D,20180630,000000,0.1509,0.1683,0.1509,0.1661,0,0
XEM.V,D,20180701,000000,0.1661,0.169,0.1598,0.1653,0,0
XEM.V,D,20180702,000000,0.1652,0.1894,0.1607,0.1894,0,0
XEM.V,D,20180703,000000,0.1894,0.2138,0.188,0.1978,0,0
XEM.V,D,20180704,000000,0.1978,0.1994,0.182,0.1973,0,0
XEM.V,D,20180705,000000,0.1973,0.1997,0.1878,0.1918,0,0
XEM.V,D,20180706,000000,0.1918,0.1977,0.1807,0.193,0,0
XEM.V,D,20180707,000000,0.193,0.1953,0.1807,0.185,0,0
XEM.V,D,20180708,000000,0.185,0.1915,0.183,0.1904,0,0
XEM.V,D,20180709,000000,0.1904,0.1904,0.1811,0.1813,0,0
XEM.V,D,20180710,000000,0.1814,0.1845,0.1621,0.1728,0,0
XEM.V,D,20180711,000000,0.1728,0.1771,0.1619,0.1663,0,0
XEM.V,D,20180712,000000,0.1662,0.1756,0.1568,0.1684,0,0
XEM.V,D,20180713,000000,0.1684,0.1717,0.1567,0.1684,0,0
XEM.V,D,20180714,000000,0.1684,0.1684,0.1575,0.1638,0,0
XEM.V,D,20180715,000000,0.1638,0.1706,0.1577,0.1697,0,0
XEM.V,D,20180716,000000,0.1697,0.1814,0.1623,0.1781,0,0
XEM.V,D,20180717,000000,0.1781,0.1907,0.1749,0.189,0,0
XEM.V,D,20180718,000000,0.189,0.2163,0.1862,0.19,0,0
XEM.V,D,20180719,000000,0.19,0.1978,0.1853,0.1873,0,0
XEM.V,D,20180720,000000,0.1873,0.1919,0.1692,0.1692,0,0
XEM.V,D,20180721,000000,0.1692,0.175,0.1668,0.1725,0,0
XEM.V,D,20180722,000000,0.1725,0.1747,0.1674,0.1674,0,0
XEM.V,D,20180723,000000,0.1674,0.193,0.1673,0.1742,0,0
XEM.V,D,20180724,000000,0.1742,0.1833,0.1703,0.1788,0,0
XEM.V,D,20180725,000000,0.1788,0.1833,0.175,0.1809,0,0
XEM.V,D,20180726,000000,0.1809,0.1858,0.176,0.176,0,0
XEM.V,D,20180727,000000,0.176,0.1793,0.1682,0.1765,0,0
XEM.V,D,20180728,000000,0.1765,0.1781,0.1716,0.1749,0,0
XEM.V,D,20180729,000000,0.1749,0.178,0.1721,0.1746,0,0
XEM.V,D,20180730,000000,0.1746,0.183,0.1698,0.1731,0,0
XEM.V,D,20180731,000000,0.1731,0.1765,0.1603,0.1617,0,0
XEM.V,D,20180801,000000,0.1617,0.1645,0.1558,0.1583,0,0
XEM.V,D,20180802,000000,0.1583,0.1631,0.153,0.1554,0,0
XEM.V,D,20180803,000000,0.1554,0.1557,0.1461,0.1537,0,0
XEM.V,D,20180804,000000,0.1537,0.1544,0.142,0.1475,0,0
XEM.V,D,20180805,000000,0.1475,0.151,0.1423,0.1489,0,0
XEM.V,D,20180806,000000,0.1489,0.152,0.144,0.1441,0,0
XEM.V,D,20180807,000000,0.1441,0.1497,0.1371,0.14,0,0
XEM.V,D,20180808,000000,0.14,0.1411,0.122,0.1259,0,0
XEM.V,D,20180809,000000,0.1259,0.1283,0.1179,0.1256,0,0
XEM.V,D,20180810,000000,0.1256,0.1348,0.1181,0.1181,0,0
XEM.V,D,20180811,000000,0.1181,0.1187,0.1062,0.1175,0,0
XEM.V,D,20180812,000000,0.1175,0.1185,0.1059,0.1084,0,0
XEM.V,D,20180813,000000,0.1084,0.1197,0.1069,0.1094,0,0
XEM.V,D,20180814,000000,0.1094,0.11,0.09938,0.1055,0,0
XEM.V,D,20180815,000000,0.1055,0.115,0.1047,0.109,0,0
XEM.V,D,20180816,000000,0.109,0.1117,0.1019,0.108,0,0
XEM.V,D,20180817,000000,0.108,0.1172,0.1027,0.116,0,0
XEM.V,D,20180818,000000,0.116,0.156,0.1036,0.1104,0,0
XEM.V,D,20180819,000000,0.1104,0.112,0.1044,0.1109,0,0
XEM.V,D,20180820,000000,0.1109,0.1117,0.1033,0.1035,0,0
XEM.V,D,20180821,000000,0.1035,0.1072,0.099,0.102,0,0
XEM.V,D,20180822,000000,0.102,0.1084,0.09956,0.1007,0,0
XEM.V,D,20180823,000000,0.1007,0.1047,0.09569,0.1047,0,0
XEM.V,D,20180824,000000,0.1047,0.11,0.09755,0.1074,0,0
XEM.V,D,20180825,000000,0.1074,0.1094,0.1013,0.1024,0,0
XEM.V,D,20180826,000000,0.1024,0.1077,0.1003,0.1067,0,0
XEM.V,D,20180827,000000,0.1067,0.1098,0.1036,0.1075,0,0
XEM.V,D,20180828,000000,0.1075,0.1136,0.1069,0.1136,0,0
XEM.V,D,20180829,000000,0.1136,0.117,0.1083,0.1102,0,0
XEM.V,D,20180830,000000,0.1102,0.1134,0.101,0.1039,0,0
XEM.V,D,20180831,000000,0.1039,0.1068,0.1022,0.1051,0,0
XEM.V,D,20180901,000000,0.1051,0.1139,0.1033,0.1127,0,0
XEM.V,D,20180902,000000,0.1127,0.1157,0.107,0.1099,0,0
XEM.V,D,20180903,000000,0.1099,0.1161,0.1078,0.1139,0,0
XEM.V,D,20180904,000000,0.1139,0.1263,0.113,0.1218,0,0
XEM.V,D,20180905,000000,0.1218,0.1249,0.1046,0.1056,0,0
XEM.V,D,20180906,000000,0.1056,0.1064,0.09899,0.1016,0,0
XEM.V,D,20180907,000000,0.1016,0.1081,0.09928,0.1029,0,0
XEM.V,D,20180908,000000,0.1029,0.1052,0.09513,0.09874,0,0
XEM.V,D,20180909,000000,0.09874,0.1055,0.09645,0.09829,0,0
XEM.V,D,20180910,000000,0.09826,0.101,0.09401,0.09471,0,0
XEM.V,D,20180911,000000,0.09472,0.09772,0.09052,0.09057,0,0
XEM.V,D,20180912,000000,0.09057,0.09097,0.07998,0.08495,0,0
XEM.V,D,20180913,000000,0.08502,0.09709,0.085,0.09031,0,0
XEM.V,D,20180914,000000,0.09031,0.09657,0.08539,0.09052,0,0
XEM.V,D,20180915,000000,0.09053,0.09398,0.08879,0.08957,0,0
XEM.V,D,20180916,000000,0.08956,0.09245,0.08781,0.09054,0,0
XEM.V,D,20180917,000000,0.09054,0.09361,0.08507,0.08614,0,0
XEM.V,D,20180918,000000,0.08614,0.095,0.08362,0.08641,0,0
XEM.V,D,20180919,000000,0.08647,0.08997,0.08481,0.08789,0,0
XEM.V,D,20180920,000000,0.0879,0.09,0.0857,0.08912,0,0
XEM.V,D,20180921,000000,0.08912,0.105,0.08912,0.09738,0,0
XEM.V,D,20180922,000000,0.09738,0.105,0.09304,0.09806,0,0
XEM.V,D,20180923,000000,0.09806,0.104,0.09502,0.09948,0,0
XEM.V,D,20180924,000000,0.09948,0.101,0.09568,0.09858,0,0
XEM.V,D,20180925,000000,0.09858,0.09858,0.09079,0.09142,0,0
XEM.V,D,20180926,000000,0.09142,0.0971,0.0894,0.09268,0,0
XEM.V,D,20180927,000000,0.09273,0.1019,0.09152,0.1,0,0
XEM.V,D,20180928,000000,0.1,0.1025,0.096,0.09623,0,0
XEM.V,D,20180929,000000,0.09623,0.1025,0.09291,0.0995,0,0
XEM.V,D,20180930,000000,0.0995,0.1004,0.09491,0.09889,0,0
XEM.V,D,20181001,000000,0.09889,0.1089,0.09629,0.105,0,0
XEM.V,D,20181002,000000,0.105,0.1139,0.1034,0.1078,0,0
XEM.V,D,20181003,000000,0.1078,0.1085,0.0987,0.09989,0,0
XEM.V,D,20181004,000000,0.09989,0.1125,0.09935,0.104,0,0
XEM.V,D,20181005,000000,0.1039,0.1072,0.1023,0.1056,0,0
XEM.V,D,20181006,000000,0.1056,0.1078,0.1024,0.1033,0,0
XEM.V,D,20181007,000000,0.1033,0.1086,0.1027,0.1062,0,0
XEM.V,D,20181008,000000,0.1062,0.1104,0.1045,0.1098,0,0
XEM.V,D,20181009,000000,0.1098,0.1101,0.1052,0.1068,0,0
XEM.V,D,20181010,000000,0.1068,0.1094,0.1013,0.1042,0,0
XEM.V,D,20181011,000000,0.1042,0.1042,0.09151,0.09389,0,0
XEM.V,D,20181012,000000,0.09389,0.09413,0.08978,0.09173,0,0
XEM.V,D,20181013,000000,0.09179,0.09589,0.09119,0.09488,0,0
XEM.V,D,20181014,000000,0.09488,0.09677,0.09305,0.09473,0,0
XEM.V,D,20181015,000000,0.09473,0.09823,0.09181,0.09573,0,0
XEM.V,D,20181016,000000,0.09572,0.09905,0.09561,0.09627,0,0
XEM.V,D,20181017,000000,0.09623,0.09865,0.09466,0.09588,0,0
XEM.V,D,20181018,000000,0.09588,0.0985,0.094,0.094,0,0
XEM.V,D,20181019,000000,0.094,0.09618,0.09343,0.09534,0,0
XEM.V,D,20181020,000000,0.09534,0.09798,0.06603,0.09529,0,0
XEM.V,D,20181021,000000,0.09528,0.1016,0.09483,0.1012,0,0
XEM.V,D,20181022,000000,0.1012,0.109,0.09817,0.09928,0,0
XEM.V,D,20181023,000000,0.09928,0.1002,0.0977,0.09963,0,0
XEM.V,D,20181024,000000,0.09962,0.09994,0.09752,0.09867,0,0
XEM.V,D,20181025,000000,0.09872,0.099,0.09527,0.09728,0,0
XEM.V,D,20181026,000000,0.09728,0.09829,0.09532,0.0959,0,0
XEM.V,D,20181027,000000,0.0959,0.09759,0.09334,0.09464,0,0
XEM.V,D,20181028,000000,0.09464,0.09476,0.09213,0.09431,0,0
XEM.V,D,20181029,000000,0.09431,0.09484,0.09073,0.09167,0,0
XEM.V,D,20181030,000000,0.09167,0.09666,0.08923,0.08972,0,0
XEM.V,D,20181031,000000,0.08969,0.09645,0.08767,0.09332,0,0
XEM.V,D,20181101,000000,0.09332,0.09564,0.092,0.09285,0,0
XEM.V,D,20181102,000000,0.09285,0.09605,0.09217,0.09468,0,0
XEM.V,D,20181103,000000,0.09468,0.09678,0.09373,0.09537,0,0
XEM.V,D,20181104,000000,0.09537,0.09924,0.0935,0.09695,0,0
XEM.V,D,20181105,000000,0.09695,0.09924,0.09408,0.09482,0,0
XEM.V,D,20181106,000000,0.09482,0.09846,0.09329,0.09748,0,0
XEM.V,D,20181107,000000,0.09748,0.09984,0.0955,0.0988,0,0
XEM.V,D,20181108,000000,0.0988,0.09929,0.09453,0.09501,0,0
XEM.V,D,20181109,000000,0.09501,0.09654,0.09328,0.09375,0,0
XEM.V,D,20181110,000000,0.09375,0.09893,0.09131,0.09701,0,0
XEM.V,D,20181111,000000,0.09701,0.09993,0.09373,0.09552,0,0
XEM.V,D,20181112,000000,0.09552,0.1186,0.09298,0.1108,0,0
XEM.V,D,20181113,000000,0.1108,0.1267,0.1057,0.1138,0,0
XEM.V,D,20181114,000000,0.1138,0.1174,0.09507,0.1035,0,0
XEM.V,D,20181115,000000,0.1035,0.1084,0.09157,0.09776,0,0
XEM.V,D,20181116,000000,0.09776,0.1035,0.09204,0.09956,0,0
XEM.V,D,20181117,000000,0.09956,0.1035,0.09364,0.09655,0,0
XEM.V,D,20181118,000000,0.09655,0.1007,0.09359,0.09732,0,0
XEM.V,D,20181119,000000,0.09732,0.09856,0.08396,0.08828,0,0
XEM.V,D,20181120,000000,0.08828,0.09059,0.07207,0.08446,0,0
XEM.V,D,20181121,000000,0.08446,0.08886,0.07749,0.08205,0,0
XEM.V,D,20181122,000000,0.08205,0.08977,0.08103,0.08426,0,0
XEM.V,D,20181123,000000,0.08426,0.08491,0.0759,0.07931,0,0
XEM.V,D,20181124,000000,0.07931,0.08187,0.06514,0.06684,0,0
XEM.V,D,20181125,000000,0.06684,0.07286,0.06077,0.06913,0,0
XEM.V,D,20181126,000000,0.06913,0.07595,0.06517,0.06653,0,0
XEM.V,D,20181127,000000,0.06653,0.0768,0.06591,0.07622,0,0
XEM.V,D,20181128,000000,0.07622,0.08616,0.07526,0.08082,0,0
XEM.V,D,20181129,000000,0.08082,0.0857,0.07658,0.07984,0,0
XEM.V,D,20181130,000000,0.07984,0.08188,0.07232,0.0741,0,0
XEM.V,D,20181201,000000,0.0741,0.08276,0.07324,0.07897,0,0
XEM.V,D,20181202,000000,0.07897,0.08206,0.07655,0.07955,0,0
XEM.V,D,20181203,000000,0.07955,0.08088,0.073,0.07364,0,0
XEM.V,D,20181204,000000,0.07361,0.08557,0.07361,0.07823,0,0
XEM.V,D,20181205,000000,0.07823,0.08092,0.07477,0.07621,0,0
XEM.V,D,20181206,000000,0.07621,0.07952,0.07201,0.07338,0,0
XEM.V,D,20181207,000000,0.07338,0.07664,0.06446,0.07118,0,0
XEM.V,D,20181208,000000,0.07118,0.07743,0.0697,0.07118,0,0
XEM.V,D,20181209,000000,0.07118,0.07793,0.07011,0.07473,0,0
XEM.V,D,20181210,000000,0.07473,0.07903,0.07122,0.07227,0,0
XEM.V,D,20181211,000000,0.07315,0.07418,0.06778,0.06847,0,0
XEM.V,D,20181212,000000,0.06847,0.07577,0.06826,0.07212,0,0
XEM.V,D,20181213,000000,0.07212,0.07458,0.06615,0.0702,0,0
XEM.V,D,20181214,000000,0.0702,0.07272,0.06168,0.06168,0,0
XEM.V,D,20181215,000000,0.06168,0.06685,0.05715,0.05755,0,0
XEM.V,D,20181216,000000,0.05755,0.06452,0.05743,0.06295,0,0
XEM.V,D,20181217,000000,0.06295,0.06979,0.05912,0.06354,0,0
XEM.V,D,20181218,000000,0.06354,0.06726,0.06283,0.06453,0,0
XEM.V,D,20181219,000000,0.06453,0.07662,0.06408,0.06587,0,0
XEM.V,D,20181220,000000,0.06837,0.07468,0.06656,0.07111,0,0
XEM.V,D,20181221,000000,0.07111,0.07918,0.0705,0.07219,0,0
XEM.V,D,20181222,000000,0.07219,0.07612,0.07066,0.07283,0,0
XEM.V,D,20181223,000000,0.07283,0.07607,0.07023,0.07273,0,0
XEM.V,D,20181224,000000,0.07273,0.08115,0.0721,0.07468,0,0
XEM.V,D,20181225,000000,0.07468,0.07663,0.06804,0.06921,0,0
XEM.V,D,20181226,000000,0.06921,0.0722,0.06829,0.07024,0,0
XEM.V,D,20181227,000000,0.07024,0.07209,0.06529,0.06591,0,0
XEM.V,D,20181228,000000,0.06591,0.0721,0.06342,0.07193,0,0
XEM.V,D,20181229,000000,0.07193,0.07373,0.06791,0.06839,0,0
XEM.V,D,20181230,000000,0.06839,0.07359,0.066,0.06817,0,0
XEM.V,D,20181231,000000,0.06817,0.07068,0.06467,0.06739,0,0
XEM.V,D,20190101,000000,0.06739,0.07023,0.0637,0.06453,0,0
XEM.V,D,20190102,000000,0.06453,0.06931,0.06394,0.06751,0,0
XEM.V,D,20190103,000000,0.06751,0.06973,0.06386,0.06526,0,0
XEM.V,D,20190104,000000,0.06526,0.06849,0.0635,0.06397,0,0
XEM.V,D,20190105,000000,0.06397,0.06746,0.06272,0.06459,0,0
XEM.V,D,20190106,000000,0.06459,0.06801,0.06303,0.06613,0,0
XEM.V,D,20190107,000000,0.06613,0.06768,0.06472,0.06565,0,0
XEM.V,D,20190108,000000,0.06565,0.06735,0.06214,0.06373,0,0
XEM.V,D,20190109,000000,0.06373,0.06734,0.06214,0.0657,0,0
XEM.V,D,20190110,000000,0.0657,0.06644,0.05453,0.05966,0,0
XEM.V,D,20190111,000000,0.05966,0.0643,0.05528,0.05853,0,0
XEM.V,D,20190112,000000,0.05853,0.06077,0.05575,0.05866,0,0
XEM.V,D,20190113,000000,0.05866,0.06313,0.0543,0.0565,0,0
XEM.V,D,20190114,000000,0.0565,0.06048,0.05369,0.05816,0,0
XEM.V,D,20190115,000000,0.05816,0.06088,0.05514,0.05538,0,0
XEM.V,D,20190116,000000,0.05538,0.05794,0.0547,0.0569,0,0
XEM.V,D,20190117,000000,0.0569,0.05877,0.05533,0.05714,0,0
XEM.V,D,20190118,000000,0.05714,0.05872,0.05602,0.05699,0,0
XEM.V,D,20190119,000000,0.05699,0.05875,0.05422,0.05807,0,0
XEM.V,D,20190120,000000,0.05807,0.05853,0.05559,0.05687,0,0
XEM.V,D,20190121,000000,0.05687,0.05727,0.05436,0.05582,0,0
XEM.V,D,20190122,000000,0.05679,0.05823,0.05437,0.05626,0,0
XEM.V,D,20190123,000000,0.05626,0.05811,0.05524,0.05607,0,0
XEM.V,D,20190124,000000,0.05607,0.05685,0.05478,0.05666,0,0
XEM.V,D,20190125,000000,0.05666,0.05682,0.05449,0.05497,0,0
XEM.V,D,20190126,000000,0.05501,0.05736,0.05454,0.05611,0,0
XEM.V,D,20190127,000000,0.05611,0.05659,0.05275,0.05387,0,0
XEM.V,D,20190128,000000,0.05387,0.05387,0.04423,0.04808,0,0
XEM.V,D,20190129,000000,0.04808,0.04985,0.04606,0.04706,0,0
XEM.V,D,20190130,000000,0.04703,0.04847,0.04648,0.0483,0,0
XEM.V,D,20190131,000000,0.0483,0.04874,0.04024,0.04053,0,0
XEM.V,D,20190201,000000,0.04053,0.0435,0.03944,0.04141,0,0
XEM.V,D,20190202,000000,0.04141,0.04183,0.0394,0.03971,0,0
XEM.V,D,20190203,000000,0.03971,0.0407,0.03795,0.03864,0,0
XEM.V,D,20190204,000000,0.03864,0.0393,0.03702,0.03855,0,0
XEM.V,D,20190205,000000,0.03855,0.04228,0.0354,0.03681,0,0
XEM.V,D,20190206,000000,0.03681,0.037,0.03305,0.03336,0,0
XEM.V,D,20190207,000000,0.03336,0.04034,0.03336,0.0383,0,0
XEM.V,D,20190208,000000,0.0383,0.04131,0.03598,0.0399,0,0
XEM.V,D,20190209,000000,0.0399,0.04149,0.03834,0.04012,0,0
XEM.V,D,20190210,000000,0.04013,0.04032,0.03829,0.03948,0,0
XEM.V,D,20190211,000000,0.03948,0.0408,0.03814,0.03946,0,0
XEM.V,D,20190212,000000,0.03946,0.03979,0.03749,0.03781,0,0
XEM.V,D,20190213,000000,0.03781,0.04118,0.03769,0.03951,0,0
XEM.V,D,20190214,000000,0.03951,0.04404,0.03929,0.04316,0,0
XEM.V,D,20190215,000000,0.04316,0.04719,0.04121,0.04245,0,0
XEM.V,D,20190216,000000,0.04245,0.04398,0.04025,0.04157,0,0
XEM.V,D,20190217,000000,0.04157,0.04413,0.03985,0.04143,0,0
XEM.V,D,20190218,000000,0.04143,0.04391,0.04092,0.04164,0,0
XEM.V,D,20190219,000000,0.04164,0.04398,0.04147,0.04313,0,0
XEM.V,D,20190220,000000,0.04319,0.04496,0.04219,0.04272,0,0
XEM.V,D,20190221,000000,0.04272,0.04458,0.04201,0.04274,0,0
XEM.V,D,20190222,000000,0.04284,0.04442,0.04221,0.04392,0,0
XEM.V,D,20190223,000000,0.04392,0.04763,0.04234,0.04651,0,0
XEM.V,D,20190224,000000,0.04651,0.05085,0.04212,0.04353,0,0
XEM.V,D,20190225,000000,0.04353,0.04428,0.04175,0.04374,0,0
XEM.V,D,20190226,000000,0.04374,0.04473,0.04226,0.04473,0,0
XEM.V,D,20190227,000000,0.04471,0.04493,0.04243,0.04292,0,0
XEM.V,D,20190228,000000,0.04407,0.04494,0.04217,0.0423,0,0
XEM.V,D,20190301,000000,0.0423,0.04298,0.04221,0.04259,0,0
XEM.V,D,20190302,000000,0.04258,0.04294,0.04223,0.0425,0,0
XEM.V,D,20190303,000000,0.0425,0.04282,0.042,0.04213,0,0
XEM.V,D,20190304,000000,0.04213,0.04227,0.04011,0.04107,0,0
XEM.V,D,20190305,000000,0.04107,0.04298,0.04035,0.04199,0,0
XEM.V,D,20190306,000000,0.04213,0.04293,0.04133,0.0419,0,0
XEM.V,D,20190307,000000,0.0419,0.04285,0.04181,0.0427,0,0
XEM.V,D,20190308,000000,0.04271,0.04292,0.0414,0.04208,0,0
XEM.V,D,20190309,000000,0.04208,0.04869,0.04191,0.04569,0,0
XEM.V,D,20190310,000000,0.04573,0.04605,0.04356,0.04406,0,0
XEM.V,D,20190311,000000,0.04407,0.04636,0.04379,0.04429,0,0
XEM.V,D,20190312,000000,0.04438,0.04648,0.04424,0.046,0,0
XEM.V,D,20190313,000000,0.046,0.04687,0.04502,0.04614,0,0
XEM.V,D,20190314,000000,0.04614,0.05106,0.046,0.04849,0,0
XEM.V,D,20190315,000000,0.04849,0.05137,0.04813,0.05011,0,0
XEM.V,D,20190316,000000,0.05011,0.05086,0.04907,0.04986,0,0
XEM.V,D,20190317,000000,0.04986,0.05078,0.04891,0.05056,0,0
XEM.V,D,20190318,000000,0.05056,0.05099,0.04877,0.04946,0,0
XEM.V,D,20190319,000000,0.04947,0.04967,0.04893,0.04934,0,0
XEM.V,D,20190320,000000,0.04933,0.05075,0.04912,0.05058,0,0
XEM.V,D,20190321,000000,0.05056,0.05164,0.04714,0.04867,0,0
XEM.V,D,20190322,000000,0.04867,0.04996,0.04839,0.04977,0,0
XEM.V,D,20190323,000000,0.04976,0.05147,0.04936,0.0511,0,0
XEM.V,D,20190324,000000,0.0511,0.05201,0.05054,0.05077,0,0
XEM.V,D,20190325,000000,0.05077,0.0514,0.04883,0.04916,0,0
XEM.V,D,20190326,000000,0.0492,0.04976,0.04813,0.04892,0,0
XEM.V,D,20190327,000000,0.04892,0.05106,0.04879,0.05072,0,0
XEM.V,D,20190328,000000,0.05072,0.05181,0.05043,0.05155,0,0
XEM.V,D,20190329,000000,0.05155,0.05651,0.05151,0.05543,0,0
XEM.V,D,20190330,000000,0.05543,0.05622,0.05315,0.05358,0,0
XEM.V,D,20190331,000000,0.05359,0.05619,0.05348,0.05598,0,0
XEM.V,D,20190401,000000,0.05598,0.0564,0.05518,0.05628,0,0
XEM.V,D,20190402,000000,0.05628,0.06926,0.05624,0.06885,0,0
XEM.V,D,20190403,000000,0.0688,0.07883,0.06861,0.07413,0,0
XEM.V,D,20190404,000000,0.07421,0.0756,0.06507,0.06742,0,0
XEM.V,D,20190405,000000,0.06741,0.07242,0.06615,0.07087,0,0
XEM.V,D,20190406,000000,0.07088,0.07204,0.06848,0.06927,0,0
XEM.V,D,20190407,000000,0.06932,0.07307,0.06875,0.07215,0,0
XEM.V,D,20190408,000000,0.07217,0.07608,0.0706,0.07549,0,0
XEM.V,D,20190409,000000,0.07547,0.07587,0.07148,0.07375,0,0
XEM.V,D,20190410,000000,0.07376,0.0751,0.07109,0.07216,0,0
XEM.V,D,20190411,000000,0.07215,0.0733,0.06385,0.06498,0,0
XEM.V,D,20190412,000000,0.06492,0.06753,0.06305,0.06592,0,0
XEM.V,D,20190413,000000,0.0659,0.06866,0.06575,0.06661,0,0
XEM.V,D,20190414,000000,0.06661,0.06855,0.06551,0.06704,0,0
XEM.V,D,20190415,000000,0.06706,0.06911,0.06344,0.06466,0,0
XEM.V,D,20190416,000000,0.06468,0.06575,0.06248,0.06501,0,0
XEM.V,D,20190417,000000,0.065,0.06723,0.06311,0.06429,0,0
XEM.V,D,20190418,000000,0.06429,0.06587,0.06407,0.06527,0,0
XEM.V,D,20190419,000000,0.06521,0.06538,0.06344,0.06346,0,0
XEM.V,D,20190420,000000,0.06346,0.06519,0.06333,0.06369,0,0
XEM.V,D,20190421,000000,0.06371,0.06677,0.06222,0.06286,0,0
XEM.V,D,20190422,000000,0.06286,0.06493,0.0628,0.06427,0,0
XEM.V,D,20190423,000000,0.06425,0.0659,0.06308,0.06343,0,0
XEM.V,D,20190424,000000,0.06343,0.06362,0.05738,0.05799,0,0
XEM.V,D,20190425,000000,0.05799,0.06224,0.05786,0.05999,0,0
XEM.V,D,20190426,000000,0.06,0.06,0.0556,0.05725,0,0
XEM.V,D,20190427,000000,0.05723,0.06004,0.05722,0.05905,0,0
XEM.V,D,20190428,000000,0.05905,0.05913,0.05709,0.0573,0,0
XEM.V,D,20190429,000000,0.05731,0.05871,0.05484,0.0552,0,0
XEM.V,D,20190430,000000,0.0552,0.05706,0.05438,0.05563,0,0
XEM.V,D,20190501,000000,0.05562,0.05697,0.05498,0.05501,0,0
XEM.V,D,20190502,000000,0.05501,0.0562,0.0549,0.05573,0,0
XEM.V,D,20190503,000000,0.0557,0.05732,0.05486,0.05665,0,0
XEM.V,D,20190504,000000,0.05666,0.05739,0.05305,0.05498,0,0
XEM.V,D,20190505,000000,0.05499,0.05527,0.05238,0.05272,0,0
XEM.V,D,20190506,000000,0.05273,0.0542,0.05087,0.05384,0,0
XEM.V,D,20190507,000000,0.05385,0.05525,0.05171,0.05258,0,0
XEM.V,D,20190508,000000,0.05257,0.05269,0.04964,0.05099,0,0
XEM.V,D,20190509,000000,0.05099,0.05192,0.04654,0.04698,0,0
XEM.V,D,20190510,000000,0.04699,0.05195,0.0462,0.0492,0,0
XEM.V,D,20190511,000000,0.0492,0.0598,0.04908,0.0598,0,0
XEM.V,D,20190512,000000,0.05981,0.06218,0.05431,0.05665,0,0
XEM.V,D,20190513,000000,0.05666,0.0617,0.05492,0.05963,0,0
XEM.V,D,20190514,000000,0.05955,0.06796,0.05651,0.06251,0,0
XEM.V,D,20190515,000000,0.06252,0.07397,0.06252,0.07337,0,0
XEM.V,D,20190516,000000,0.07337,0.1251,0.07303,0.09495,0,0
XEM.V,D,20190517,000000,0.09495,0.09565,0.08122,0.08725,0,0
XEM.V,D,20190518,000000,0.08729,0.09294,0.08613,0.08853,0,0
XEM.V,D,20190519,000000,0.0885,0.09553,0.08634,0.09387,0,0
XEM.V,D,20190520,000000,0.09387,0.09638,0.08528,0.09006,0,0
XEM.V,D,20190521,000000,0.09001,0.09116,0.0858,0.08873,0,0
XEM.V,D,20190522,000000,0.08874,0.08876,0.07968,0.08007,0,0
XEM.V,D,20190523,000000,0.08009,0.08046,0.0736,0.07951,0,0
XEM.V,D,20190524,000000,0.07953,0.08742,0.07929,0.08584,0,0
XEM.V,D,20190525,000000,0.08582,0.08672,0.08245,0.08318,0,0
XEM.V,D,20190526,000000,0.08318,0.08886,0.07963,0.08862,0,0
XEM.V,D,20190527,000000,0.08863,0.09391,0.08671,0.09001,0,0
XEM.V,D,20190528,000000,0.09003,0.09234,0.08717,0.09014,0,0
XEM.V,D,20190529,000000,0.09015,0.09309,0.08541,0.09103,0,0
XEM.V,D,20190530,000000,0.09105,0.1017,0.08489,0.08719,0,0
XEM.V,D,20190531,000000,0.08715,0.1037,0.08512,0.09453,0,0
XEM.V,D,20190601,000000,0.09454,0.09786,0.09272,0.09488,0,0
XEM.V,D,20190602,000000,0.09488,0.09664,0.09301,0.09457,0,0
XEM.V,D,20190603,000000,0.09458,0.09821,0.0895,0.09023,0,0
XEM.V,D,20190604,000000,0.09024,0.09049,0.07889,0.07907,0,0
XEM.V,D,20190605,000000,0.07879,0.08482,0.07865,0.08207,0,0
XEM.V,D,20190606,000000,0.08205,0.08468,0.07868,0.083,0,0
XEM.V,D,20190607,000000,0.08301,0.08841,0.08233,0.0861,0,0
XEM.V,D,20190608,000000,0.08609,0.08842,0.08393,0.08503,0,0
XEM.V,D,20190609,000000,0.08503,0.08571,0.08042,0.0807,0,0
XEM.V,D,20190610,000000,0.08068,0.08567,0.07956,0.08363,0,0
XEM.V,D,20190611,000000,0.08364,0.08593,0.08111,0.08357,0,0
XEM.V,D,20190612,000000,0.08358,0.08722,0.08242,0.08569,0,0
XEM.V,D,20190613,000000,0.0857,0.08685,0.08474,0.08594,0,0
XEM.V,D,20190614,000000,0.08595,0.08771,0.08278,0.08444,0,0
XEM.V,D,20190615,000000,0.08445,0.08707,0.08391,0.08558,0,0
XEM.V,D,20190616,000000,0.08558,0.09193,0.08514,0.08832,0,0
XEM.V,D,20190617,000000,0.08833,0.09246,0.08726,0.09066,0,0
XEM.V,D,20190618,000000,0.09067,0.09153,0.08497,0.08527,0,0
XEM.V,D,20190619,000000,0.08528,0.08776,0.08512,0.08689,0,0
XEM.V,D,20190620,000000,0.08692,0.08767,0.08458,0.0859,0,0
XEM.V,D,20190621,000000,0.08589,0.08818,0.08552,0.08756,0,0
XEM.V,D,20190622,000000,0.08755,0.09375,0.08712,0.09152,0,0
XEM.V,D,20190623,000000,0.09152,0.09462,0.09045,0.09185,0,0
XEM.V,D,20190624,000000,0.09179,0.09256,0.08869,0.0908,0,0
XEM.V,D,20190625,000000,0.0908,0.09335,0.08804,0.09102,0,0
XEM.V,D,20190626,000000,0.091,0.1062,0.09018,0.09477,0,0
XEM.V,D,20190627,000000,0.09477,0.1007,0.08286,0.08726,0,0
XEM.V,D,20190628,000000,0.08729,0.09892,0.08687,0.09647,0,0
XEM.V,D,20190629,000000,0.09649,0.09932,0.09222,0.09771,0,0
XEM.V,D,20190630,000000,0.0977,0.102,0.08977,0.0932,0,0
XEM.V,D,20190701,000000,0.09319,0.09543,0.08624,0.09099,0,0
XEM.V,D,20190702,000000,0.09091,0.09237,0.08433,0.08778,0,0
XEM.V,D,20190703,000000,0.08778,0.09373,0.08764,0.08991,0,0
XEM.V,D,20190704,000000,0.08988,0.09611,0.08815,0.09116,0,0
XEM.V,D,20190705,000000,0.09114,0.09241,0.08762,0.0902,0,0
XEM.V,D,20190706,000000,0.09032,0.09218,0.08869,0.08944,0,0
XEM.V,D,20190707,000000,0.08942,0.09136,0.08822,0.09066,0,0
XEM.V,D,20190708,000000,0.0907,0.09353,0.08966,0.09141,0,0
XEM.V,D,20190709,000000,0.09116,0.09408,0.08849,0.08975,0,0
XEM.V,D,20190710,000000,0.0898,0.09131,0.07971,0.08148,0,0
XEM.V,D,20190711,000000,0.08156,0.08373,0.07574,0.07777,0,0
XEM.V,D,20190712,000000,0.07775,0.07926,0.07428,0.07729,0,0
XEM.V,D,20190713,000000,0.07727,0.07901,0.07072,0.07187,0,0
XEM.V,D,20190714,000000,0.07189,0.074,0.06192,0.06495,0,0
XEM.V,D,20190715,000000,0.06491,0.06944,0.05832,0.06878,0,0
XEM.V,D,20190716,000000,0.06885,0.07464,0.05824,0.06144,0,0
XEM.V,D,20190717,000000,0.06146,0.06632,0.05892,0.06476,0,0
XEM.V,D,20190718,000000,0.06471,0.06962,0.06229,0.06832,0,0
XEM.V,D,20190719,000000,0.06833,0.07014,0.06525,0.06644,0,0
XEM.V,D,20190720,000000,0.06646,0.07159,0.06582,0.07003,0,0
XEM.V,D,20190721,000000,0.07003,0.07097,0.06586,0.06732,0,0
XEM.V,D,20190722,000000,0.06732,0.06846,0.06542,0.06696,0,0
XEM.V,D,20190723,000000,0.06699,0.06956,0.06368,0.06531,0,0
XEM.V,D,20190724,000000,0.0653,0.06694,0.06208,0.06669,0,0
XEM.V,D,20190725,000000,0.06668,0.06797,0.0655,0.06613,0,0
XEM.V,D,20190726,000000,0.06612,0.06679,0.06408,0.0659,0,0
XEM.V,D,20190727,000000,0.0659,0.06793,0.06283,0.06371,0,0
XEM.V,D,20190728,000000,0.0637,0.064,0.06255,0.06261,0,0
XEM.V,D,20190729,000000,0.0626,0.06431,0.06061,0.06311,0,0
XEM.V,D,20190730,000000,0.06311,0.06551,0.06218,0.06442,0,0
XEM.V,D,20190731,000000,0.06443,0.06688,0.06442,0.06513,0,0
XEM.V,D,20190801,000000,0.06512,0.06625,0.06379,0.06533,0,0
XEM.V,D,20190802,000000,0.06532,0.06604,0.06299,0.06392,0,0
XEM.V,D,20190803,000000,0.06391,0.06435,0.06269,0.06383,0,0
XEM.V,D,20190804,000000,0.06383,0.06405,0.06182,0.06273,0,0
XEM.V,D,20190805,000000,0.06272,0.06681,0.06257,0.06408,0,0
XEM.V,D,20190806,000000,0.06408,0.06592,0.06212,0.06255,0,0
XEM.V,D,20190807,000000,0.06253,0.0654,0.0613,0.06399,0,0
XEM.V,D,20190808,000000,0.06397,0.06441,0.06053,0.06095,0,0
XEM.V,D,20190809,000000,0.06096,0.06162,0.05608,0.05673,0,0
XEM.V,D,20190810,000000,0.05673,0.05819,0.05544,0.05776,0,0
XEM.V,D,20190811,000000,0.05777,0.06163,0.05759,0.06063,0,0
XEM.V,D,20190812,000000,0.06051,0.06068,0.05702,0.05765,0,0
XEM.V,D,20190813,000000,0.05765,0.0579,0.05384,0.05556,0,0
XEM.V,D,20190814,000000,0.05555,0.0568,0.05228,0.05393,0,0
XEM.V,D,20190815,000000,0.05393,0.05554,0.05053,0.05419,0,0
XEM.V,D,20190816,000000,0.05419,0.05491,0.05244,0.05401,0,0
XEM.V,D,20190817,000000,0.05401,0.0551,0.05323,0.05386,0,0
XEM.V,D,20190818,000000,0.05386,0.05589,0.05353,0.05567,0,0
XEM.V,D,20190819,000000,0.05568,0.05768,0.05497,0.05618,0,0
XEM.V,D,20190820,000000,0.05617,0.05718,0.05469,0.05573,0,0
XEM.V,D,20190821,000000,0.05573,0.05628,0.05318,0.05397,0,0
XEM.V,D,20190822,000000,0.05397,0.05547,0.05306,0.05517,0,0
XEM.V,D,20190823,000000,0.05518,0.05636,0.05456,0.05587,0,0
XEM.V,D,20190824,000000,0.05598,0.05698,0.05516,0.05592,0,0
XEM.V,D,20190825,000000,0.05592,0.05661,0.05399,0.05432,0,0
XEM.V,D,20190826,000000,0.05432,0.0567,0.05397,0.05443,0,0
XEM.V,D,20190827,000000,0.05444,0.05485,0.05182,0.05203,0,0
XEM.V,D,20190828,000000,0.05203,0.05226,0.04779,0.04894,0,0
XEM.V,D,20190829,000000,0.04895,0.04936,0.04598,0.0472,0,0
XEM.V,D,20190830,000000,0.04722,0.05079,0.04669,0.04982,0,0
XEM.V,D,20190831,000000,0.04982,0.05024,0.04766,0.04819,0,0
XEM.V,D,20190901,000000,0.0482,0.04913,0.0479,0.04885,0,0
XEM.V,D,20190902,000000,0.04887,0.0512,0.04866,0.05054,0,0
XEM.V,D,20190903,000000,0.05055,0.05063,0.04778,0.04933,0,0
XEM.V,D,20190904,000000,0.04932,0.05203,0.04761,0.05035,0,0
XEM.V,D,20190905,000000,0.05004,0.05027,0.04745,0.04773,0,0
XEM.V,D,20190906,000000,0.04773,0.0483,0.04545,0.0464,0,0
XEM.V,D,20190907,000000,0.0464,0.04723,0.04559,0.04676,0,0
XEM.V,D,20190908,000000,0.04675,0.04776,0.0466,0.04743,0,0
XEM.V,D,20190909,000000,0.04744,0.04769,0.04539,0.04578,0,0
XEM.V,D,20190910,000000,0.04579,0.04665,0.04381,0.04416,0,0
XEM.V,D,20190911,000000,0.04417,0.04494,0.04236,0.04274,0,0
XEM.V,D,20190912,000000,0.04272,0.04306,0.04122,0.04282,0,0
XEM.V,D,20190913,000000,0.04271,0.04399,0.04243,0.04392,0,0
XEM.V,D,20190914,000000,0.04391,0.05027,0.0434,0.04648,0,0
XEM.V,D,20190915,000000,0.04649,0.04723,0.0454,0.04617,0,0
XEM.V,D,20190916,000000,0.04617,0.04721,0.04204,0.04323,0,0
XEM.V,D,20190917,000000,0.04323,0.045,0.04232,0.04458,0,0
XEM.V,D,20190918,000000,0.04458,0.04964,0.04431,0.04795,0,0
XEM.V,D,20190919,000000,0.04795,0.04925,0.04468,0.04686,0,0
XEM.V,D,20190920,000000,0.04686,0.04775,0.04579,0.04584,0,0
XEM.V,D,20190921,000000,0.04583,0.04642,0.04502,0.04516,0,0
XEM.V,D,20190922,000000,0.04515,0.04561,0.04382,0.04409,0,0
XEM.V,D,20190923,000000,0.0441,0.04577,0.04345,0.0445,0,0
XEM.V,D,20190924,000000,0.04448,0.04484,0.03686,0.03927,0,0
XEM.V,D,20190925,000000,0.03927,0.04425,0.03839,0.04111,0,0
XEM.V,D,20190926,000000,0.04112,0.04472,0.03895,0.04127,0,0
XEM.V,D,20190927,000000,0.04127,0.04281,0.04009,0.04179,0,0
XEM.V,D,20190928,000000,0.0418,0.04214,0.04074,0.04128,0,0
XEM.V,D,20190929,000000,0.04129,0.04209,0.03941,0.0399,0,0
XEM.V,D,20190930,000000,0.03997,0.04142,0.03993,0.04052,0,0
XEM.V,D,20191001,000000,0.0405,0.04283,0.03981,0.04013,0,0
XEM.V,D,20191002,000000,0.04014,0.04036,0.03909,0.04,0,0
XEM.V,D,20191003,000000,0.04,0.04073,0.03901,0.03934,0,0
XEM.V,D,20191004,000000,0.03934,0.04039,0.03849,0.04022,0,0
XEM.V,D,20191005,000000,0.04023,0.04047,0.03923,0.0402,0,0
XEM.V,D,20191006,000000,0.04019,0.04041,0.03893,0.03915,0,0
XEM.V,D,20191007,000000,0.03916,0.04066,0.03861,0.04041,0,0
XEM.V,D,20191008,000000,0.04041,0.04126,0.03987,0.04038,0,0
XEM.V,D,20191009,000000,0.04039,0.04286,0.04038,0.04198,0,0
XEM.V,D,20191010,000000,0.04199,0.04265,0.03975,0.04099,0,0
XEM.V,D,20191011,000000,0.04099,0.04117,0.03831,0.03906,0,0
XEM.V,D,20191012,000000,0.03906,0.03951,0.03884,0.03929,0,0
XEM.V,D,20191013,000000,0.03929,0.03989,0.03921,0.03978,0,0
XEM.V,D,20191014,000000,0.03904,0.03951,0.03871,0.03871,0,0
XEM.V,D,20191015,000000,0.0387,0.03937,0.03755,0.03779,0,0
XEM.V,D,20191016,000000,0.03779,0.03814,0.03633,0.03659,0,0
XEM.V,D,20191017,000000,0.03659,0.04326,0.03659,0.04278,0,0
XEM.V,D,20191018,000000,0.04278,0.04461,0.03995,0.04038,0,0
XEM.V,D,20191019,000000,0.04038,0.04149,0.03951,0.04027,0,0
XEM.V,D,20191020,000000,0.04027,0.04112,0.03988,0.04085,0,0
XEM.V,D,20191021,000000,0.04085,0.04136,0.03975,0.04024,0,0
XEM.V,D,20191022,000000,0.04022,0.04077,0.03969,0.03976,0,0
XEM.V,D,20191023,000000,0.03976,0.03985,0.03652,0.03657,0,0
XEM.V,D,20191024,000000,0.03656,0.03852,0.03656,0.03851,0,0
XEM.V,D,20191025,000000,0.03851,0.04216,0.03748,0.04105,0,0
XEM.V,D,20191026,000000,0.04106,0.04538,0.03975,0.0408,0,0
XEM.V,D,20191027,000000,0.0408,0.04386,0.03989,0.04184,0,0
XEM.V,D,20191028,000000,0.04178,0.04433,0.04125,0.04241,0,0
XEM.V,D,20191029,000000,0.04242,0.04315,0.04171,0.04212,0,0
XEM.V,D,20191030,000000,0.0421,0.04233,0.03989,0.041,0,0
XEM.V,D,20191031,000000,0.041,0.0411,0.03945,0.04056,0,0
XEM.V,D,20191101,000000,0.04057,0.04185,0.04023,0.04146,0,0
XEM.V,D,20191102,000000,0.04142,0.04348,0.04133,0.04257,0,0
XEM.V,D,20191103,000000,0.04258,0.04331,0.04123,0.04166,0,0
XEM.V,D,20191104,000000,0.04166,0.04285,0.04109,0.04202,0,0
XEM.V,D,20191105,000000,0.04202,0.0437,0.04189,0.04308,0,0
XEM.V,D,20191106,000000,0.04308,0.0438,0.04253,0.04282,0,0
XEM.V,D,20191107,000000,0.04281,0.04331,0.04115,0.04185,0,0
XEM.V,D,20191108,000000,0.04184,0.04209,0.03847,0.03958,0,0
XEM.V,D,20191109,000000,0.03958,0.03978,0.03896,0.03938,0,0
XEM.V,D,20191110,000000,0.0395,0.04082,0.03917,0.04049,0,0
XEM.V,D,20191111,000000,0.04049,0.04064,0.0389,0.03942,0,0
XEM.V,D,20191112,000000,0.03942,0.04007,0.0392,0.03995,0,0
XEM.V,D,20191113,000000,0.03995,0.0402,0.03925,0.03988,0,0
XEM.V,D,20191114,000000,0.03987,0.04032,0.03892,0.03975,0,0
XEM.V,D,20191115,000000,0.03967,0.04193,0.03912,0.04002,0,0
XEM.V,D,20191116,000000,0.04002,0.04129,0.03956,0.04078,0,0
XEM.V,D,20191117,000000,0.04076,0.04499,0.04076,0.0414,0,0
XEM.V,D,20191118,000000,0.04141,0.0417,0.03893,0.03986,0,0
XEM.V,D,20191119,000000,0.03985,0.04005,0.03833,0.0399,0,0
XEM.V,D,20191120,000000,0.0399,0.04068,0.03912,0.04001,0,0
XEM.V,D,20191121,000000,0.04001,0.04078,0.03687,0.03839,0,0
XEM.V,D,20191122,000000,0.03839,0.03858,0.03383,0.03613,0,0
XEM.V,D,20191123,000000,0.0361,0.03765,0.03512,0.03634,0,0
XEM.V,D,20191124,000000,0.03634,0.0366,0.03468,0.03521,0,0
XEM.V,D,20191125,000000,0.03521,0.03677,0.03241,0.0357,0,0
XEM.V,D,20191126,000000,0.03569,0.03655,0.03501,0.03593,0,0
XEM.V,D,20191127,000000,0.03592,0.03778,0.03432,0.03709,0,0
XEM.V,D,20191128,000000,0.0371,0.03711,0.03571,0.03592,0,0
XEM.V,D,20191129,000000,0.03593,0.03768,0.03577,0.03728,0,0
XEM.V,D,20191130,000000,0.03729,0.03747,0.036,0.03625,0,0
XEM.V,D,20191201,000000,0.03624,0.03659,0.03523,0.03591,0,0
XEM.V,D,20191202,000000,0.03591,0.03643,0.03516,0.03602,0,0
XEM.V,D,20191203,000000,0.03602,0.03625,0.03487,0.03504,0,0
XEM.V,D,20191204,000000,0.03504,0.03742,0.03411,0.03526,0,0
XEM.V,D,20191205,000000,0.03527,0.03632,0.03501,0.03596,0,0
XEM.V,D,20191206,000000,0.03597,0.0367,0.03559,0.03625,0,0
XEM.V,D,20191207,000000,0.03625,0.03659,0.0358,0.03615,0,0
XEM.V,D,20191208,000000,0.03616,0.03688,0.03569,0.0365,0,0
XEM.V,D,20191209,000000,0.0365,0.03661,0.03505,0.0352,0,0
XEM.V,D,20191210,000000,0.0352,0.03546,0.03379,0.03474,0,0
XEM.V,D,20191211,000000,0.03475,0.03628,0.03438,0.03521,0,0
XEM.V,D,20191212,000000,0.03521,0.03598,0.03483,0.03515,0,0
XEM.V,D,20191213,000000,0.03516,0.03623,0.03509,0.03596,0,0
XEM.V,D,20191214,000000,0.03597,0.03622,0.03486,0.03502,0,0
XEM.V,D,20191215,000000,0.03502,0.03559,0.03481,0.03525,0,0
XEM.V,D,20191216,000000,0.03526,0.03547,0.03342,0.03392,0,0
XEM.V,D,20191217,000000,0.03391,0.03401,0.03053,0.03124,0,0
XEM.V,D,20191218,000000,0.03123,0.03428,0.03,0.03424,0,0
XEM.V,D,20191219,000000,0.0344,0.03451,0.03149,0.03231,0,0
XEM.V,D,20191220,000000,0.0323,0.03305,0.03219,0.03273,0,0
XEM.V,D,20191221,000000,0.03273,0.03301,0.03226,0.0324,0,0
XEM.V,D,20191222,000000,0.0324,0.03323,0.03211,0.033,0,0
XEM.V,D,20191223,000000,0.033,0.03357,0.03201,0.0322,0,0
XEM.V,D,20191224,000000,0.03219,0.03248,0.03145,0.03199,0,0
XEM.V,D,20191225,000000,0.03198,0.03314,0.0316,0.032,0,0
XEM.V,D,20191226,000000,0.032,0.03263,0.03147,0.03186,0,0
XEM.V,D,20191227,000000,0.03186,0.03231,0.03148,0.03226,0,0
XEM.V,D,20191228,000000,0.03226,0.03329,0.0321,0.03268,0,0
XEM.V,D,20191229,000000,0.03267,0.03297,0.03213,0.03231,0,0
XEM.V,D,20191230,000000,0.03231,0.03262,0.03168,0.03193,0,0
XEM.V,D,20191231,000000,0.03193,0.03213,0.03131,0.03192,0,0
XEM.V,D,20200101,000000,0.03191,0.03298,0.03181,0.03288,0,0
XEM.V,D,20200102,000000,0.03285,0.03321,0.03121,0.03148,0,0
XEM.V,D,20200103,000000,0.03148,0.03257,0.03102,0.03194,0,0
XEM.V,D,20200104,000000,0.03193,0.03241,0.03119,0.03184,0,0
XEM.V,D,20200105,000000,0.03184,0.03274,0.0317,0.03207,0,0
XEM.V,D,20200106,000000,0.03207,0.03378,0.03174,0.033,0,0
XEM.V,D,20200107,000000,0.03299,0.03454,0.03289,0.03361,0,0
XEM.V,D,20200108,000000,0.03363,0.0348,0.03293,0.03348,0,0
XEM.V,D,20200109,000000,0.03348,0.03354,0.03215,0.03233,0,0
XEM.V,D,20200110,000000,0.03234,0.03317,0.03158,0.03212,0,0
XEM.V,D,20200111,000000,0.03212,0.03381,0.03197,0.03319,0,0
XEM.V,D,20200112,000000,0.03319,0.03362,0.03276,0.03352,0,0
XEM.V,D,20200113,000000,0.03352,0.03359,0.03293,0.03306,0,0
XEM.V,D,20200114,000000,0.03305,0.03614,0.0329,0.03541,0,0
XEM.V,D,20200115,000000,0.03538,0.03765,0.03497,0.03733,0,0
XEM.V,D,20200116,000000,0.03733,0.03747,0.03495,0.03608,0,0
XEM.V,D,20200117,000000,0.03616,0.04065,0.03605,0.03989,0,0
XEM.V,D,20200118,000000,0.03989,0.04065,0.03881,0.03899,0,0
XEM.V,D,20200119,000000,0.03899,0.0402,0.03599,0.03696,0,0
XEM.V,D,20200120,000000,0.03695,0.03767,0.03583,0.03723,0,0
XEM.V,D,20200121,000000,0.03701,0.03822,0.03676,0.038,0,0
XEM.V,D,20200122,000000,0.03799,0.04178,0.0378,0.04142,0,0
XEM.V,D,20200123,000000,0.04151,0.04396,0.03845,0.03949,0,0
XEM.V,D,20200124,000000,0.03949,0.04047,0.03746,0.03949,0,0
XEM.V,D,20200125,000000,0.03949,0.03966,0.03766,0.03849,0,0
XEM.V,D,20200126,000000,0.03848,0.04082,0.03825,0.03982,0,0
XEM.V,D,20200127,000000,0.03983,0.04111,0.03975,0.04021,0,0
XEM.V,D,20200128,000000,0.0402,0.04169,0.03993,0.04032,0,0
XEM.V,D,20200129,000000,0.04032,0.04229,0.04025,0.04115,0,0
XEM.V,D,20200130,000000,0.04115,0.04252,0.04016,0.04147,0,0
XEM.V,D,20200131,000000,0.04148,0.04625,0.04062,0.04567,0,0
XEM.V,D,20200201,000000,0.04567,0.05073,0.04477,0.04949,0,0
XEM.V,D,20200202,000000,0.04949,0.04972,0.04624,0.0481,0,0
XEM.V,D,20200203,000000,0.04808,0.04959,0.04636,0.04859,0,0
XEM.V,D,20200204,000000,0.04858,0.04988,0.04616,0.04811,0,0
XEM.V,D,20200205,000000,0.04811,0.05639,0.04763,0.05601,0,0
XEM.V,D,20200206,000000,0.05601,0.0646,0.05563,0.05778,0,0
XEM.V,D,20200207,000000,0.05777,0.06146,0.05776,0.05895,0,0
XEM.V,D,20200208,000000,0.05895,0.06014,0.05533,0.05899,0,0
XEM.V,D,20200209,000000,0.05899,0.06399,0.05867,0.06381,0,0
XEM.V,D,20200210,000000,0.06381,0.06763,0.06044,0.06386,0,0
XEM.V,D,20200211,000000,0.06375,0.0758,0.06164,0.07416,0,0
XEM.V,D,20200212,000000,0.07416,0.07764,0.07273,0.07403,0,0
XEM.V,D,20200213,000000,0.07402,0.07501,0.06635,0.06762,0,0
XEM.V,D,20200214,000000,0.06763,0.07323,0.06752,0.07255,0,0
XEM.V,D,20200215,000000,0.07254,0.07558,0.0658,0.06928,0,0
XEM.V,D,20200216,000000,0.06928,0.07059,0.05877,0.06417,0,0
XEM.V,D,20200217,000000,0.06419,0.0679,0.05895,0.06139,0,0
XEM.V,D,20200218,000000,0.06137,0.06632,0.06023,0.06578,0,0
XEM.V,D,20200219,000000,0.06577,0.06612,0.05783,0.06115,0,0
XEM.V,D,20200220,000000,0.06105,0.06115,0.05731,0.0595,0,0
XEM.V,D,20200221,000000,0.0595,0.06279,0.05914,0.06068,0,0
XEM.V,D,20200222,000000,0.06067,0.06164,0.05872,0.05967,0,0
XEM.V,D,20200223,000000,0.0597,0.06202,0.05919,0.06075,0,0
XEM.V,D,20200224,000000,0.06078,0.06181,0.05624,0.05674,0,0
XEM.V,D,20200225,000000,0.05674,0.05674,0.05075,0.05164,0,0
XEM.V,D,20200226,000000,0.05183,0.05183,0.04387,0.04522,0,0
XEM.V,D,20200227,000000,0.04521,0.05408,0.0429,0.04957,0,0
XEM.V,D,20200228,000000,0.04944,0.05314,0.04713,0.05041,0,0
XEM.V,D,20200229,000000,0.05044,0.05191,0.04822,0.04886,0,0
XEM.V,D,20200301,000000,0.04882,0.0512,0.0478,0.04866,0,0
XEM.V,D,20200302,000000,0.04876,0.05488,0.04857,0.05436,0,0
XEM.V,D,20200303,000000,0.05433,0.0545,0.05244,0.05337,0,0
XEM.V,D,20200304,000000,0.05335,0.05465,0.05103,0.05233,0,0
XEM.V,D,20200305,000000,0.05234,0.05559,0.05233,0.05386,0,0
XEM.V,D,20200306,000000,0.05386,0.0552,0.05318,0.0543,0,0
XEM.V,D,20200307,000000,0.0543,0.05515,0.05269,0.05376,0,0
XEM.V,D,20200308,000000,0.05376,0.05388,0.0436,0.04597,0,0
XEM.V,D,20200309,000000,0.04596,0.04672,0.04054,0.0431,0,0
XEM.V,D,20200310,000000,0.04317,0.04735,0.043,0.04488,0,0
XEM.V,D,20200311,000000,0.04504,0.04543,0.04223,0.04439,0,0
XEM.V,D,20200312,000000,0.04435,0.04444,0.0317,0.03391,0,0
XEM.V,D,20200313,000000,0.03392,0.03836,0.02669,0.03465,0,0
XEM.V,D,20200314,000000,0.0346,0.03592,0.03323,0.03419,0,0
XEM.V,D,20200315,000000,0.03409,0.03708,0.03286,0.03421,0,0
XEM.V,D,20200316,000000,0.0342,0.03465,0.03012,0.03243,0,0
XEM.V,D,20200317,000000,0.03241,0.03521,0.03214,0.03514,0,0
XEM.V,D,20200318,000000,0.03516,0.0354,0.03326,0.03465,0,0
XEM.V,D,20200319,000000,0.03466,0.04169,0.03465,0.04085,0,0
XEM.V,D,20200320,000000,0.04097,0.04273,0.03588,0.03951,0,0
XEM.V,D,20200321,000000,0.0393,0.04113,0.03745,0.03865,0,0
XEM.V,D,20200322,000000,0.03865,0.0401,0.03643,0.03696,0,0
XEM.V,D,20200323,000000,0.03696,0.03992,0.03563,0.03944,0,0
XEM.V,D,20200324,000000,0.03944,0.04041,0.03843,0.03957,0,0
XEM.V,D,20200325,000000,0.03956,0.0402,0.03738,0.03827,0,0
XEM.V,D,20200326,000000,0.03826,0.03936,0.03714,0.03922,0,0
XEM.V,D,20200327,000000,0.0392,0.0404,0.03871,0.03918,0,0
XEM.V,D,20200328,000000,0.03918,0.03918,0.03575,0.03688,0,0
XEM.V,D,20200329,000000,0.03688,0.03719,0.03537,0.03567,0,0
XEM.V,D,20200330,000000,0.03565,0.03802,0.03499,0.03686,0,0
XEM.V,D,20200331,000000,0.03686,0.03757,0.03556,0.0365,0,0
XEM.V,D,20200401,000000,0.03642,0.03665,0.03552,0.03603,0,0
XEM.V,D,20200402,000000,0.03602,0.03912,0.03602,0.03675,0,0
XEM.V,D,20200403,000000,0.03674,0.03796,0.03627,0.03679,0,0
XEM.V,D,20200404,000000,0.03679,0.03812,0.03652,0.0377,0,0
XEM.V,D,20200405,000000,0.03771,0.03777,0.03665,0.03683,0,0
XEM.V,D,20200406,000000,0.03682,0.04003,0.0367,0.03986,0,0
XEM.V,D,20200407,000000,0.03979,0.0411,0.03833,0.03915,0,0
XEM.V,D,20200408,000000,0.03913,0.04003,0.0384,0.03939,0,0
XEM.V,D,20200409,000000,0.03939,0.04,0.03863,0.03915,0,0
XEM.V,D,20200410,000000,0.03916,0.03944,0.03582,0.03722,0,0
XEM.V,D,20200411,000000,0.03708,0.03738,0.03605,0.03644,0,0
XEM.V,D,20200412,000000,0.03645,0.03801,0.03634,0.03758,0,0
XEM.V,D,20200413,000000,0.03758,0.03775,0.03552,0.03696,0,0
XEM.V,D,20200414,000000,0.03696,0.03758,0.03639,0.03678,0,0
XEM.V,D,20200415,000000,0.03679,0.0374,0.03621,0.03635,0,0
XEM.V,D,20200416,000000,0.03635,0.03785,0.03526,0.03753,0,0
XEM.V,D,20200417,000000,0.03753,0.03825,0.03707,0.03787,0,0
XEM.V,D,20200418,000000,0.03787,0.03843,0.03734,0.03789,0,0
XEM.V,D,20200419,000000,0.03789,0.03833,0.03663,0.03711,0,0
XEM.V,D,20200420,000000,0.037,0.0375,0.03529,0.03582,0,0
XEM.V,D,20200421,000000,0.03581,0.03626,0.03505,0.03555,0,0
XEM.V,D,20200422,000000,0.03562,0.03674,0.03521,0.03644,0,0
XEM.V,D,20200423,000000,0.03644,0.03899,0.0359,0.03801,0,0
XEM.V,D,20200424,000000,0.03793,0.04032,0.03745,0.03893,0,0
XEM.V,D,20200425,000000,0.03884,0.03961,0.03805,0.03864,0,0
XEM.V,D,20200426,000000,0.03863,0.03957,0.03845,0.03931,0,0
XEM.V,D,20200427,000000,0.03932,0.04067,0.03873,0.03908,0,0
XEM.V,D,20200428,000000,0.03907,0.04064,0.03899,0.04024,0,0
XEM.V,D,20200429,000000,0.04024,0.0436,0.04002,0.0431,0,0
XEM.V,D,20200430,000000,0.0431,0.04528,0.03964,0.04076,0,0
XEM.V,D,20200501,000000,0.04075,0.04303,0.04021,0.04159,0,0
XEM.V,D,20200502,000000,0.04159,0.04403,0.04148,0.0429,0,0
XEM.V,D,20200503,000000,0.04299,0.04431,0.04162,0.04183,0,0
XEM.V,D,20200504,000000,0.04182,0.04224,0.03915,0.04119,0,0
XEM.V,D,20200505,000000,0.04118,0.04201,0.03983,0.04056,0,0
XEM.V,D,20200506,000000,0.04056,0.04343,0.0402,0.04136,0,0
XEM.V,D,20200507,000000,0.04136,0.04181,0.04034,0.04131,0,0
XEM.V,D,20200508,000000,0.04131,0.04235,0.04038,0.04235,0,0
XEM.V,D,20200509,000000,0.04236,0.04322,0.04069,0.04103,0,0
XEM.V,D,20200510,000000,0.04102,0.04121,0.03477,0.03743,0,0
XEM.V,D,20200511,000000,0.03743,0.03865,0.03502,0.0368,0,0
XEM.V,D,20200512,000000,0.03681,0.0392,0.03657,0.03781,0,0
XEM.V,D,20200513,000000,0.03787,0.03884,0.0378,0.03867,0,0
XEM.V,D,20200514,000000,0.03866,0.04017,0.03822,0.03971,0,0
XEM.V,D,20200515,000000,0.03971,0.03989,0.03825,0.03916,0,0
XEM.V,D,20200516,000000,0.03917,0.04059,0.03853,0.03922,0,0
XEM.V,D,20200517,000000,0.03922,0.04015,0.03875,0.03953,0,0
XEM.V,D,20200518,000000,0.03953,0.03995,0.03843,0.03951,0,0
XEM.V,D,20200519,000000,0.03951,0.03984,0.03868,0.03922,0,0
XEM.V,D,20200520,000000,0.03922,0.03988,0.03819,0.03916,0,0
XEM.V,D,20200521,000000,0.03915,0.03963,0.03696,0.03804,0,0
XEM.V,D,20200522,000000,0.03805,0.04078,0.0378,0.04078,0,0
XEM.V,D,20200523,000000,0.04068,0.04185,0.03979,0.04079,0,0
XEM.V,D,20200524,000000,0.04079,0.04208,0.03829,0.03966,0,0
XEM.V,D,20200525,000000,0.03967,0.04024,0.03815,0.03988,0,0
XEM.V,D,20200526,000000,0.03997,0.04197,0.03965,0.04071,0,0
XEM.V,D,20200527,000000,0.04079,0.04151,0.03995,0.04043,0,0
XEM.V,D,20200528,000000,0.04044,0.04114,0.04023,0.04078,0,0
XEM.V,D,20200529,000000,0.04078,0.04169,0.04074,0.04113,0,0
XEM.V,D,20200530,000000,0.04123,0.04236,0.04067,0.0422,0,0
XEM.V,D,20200531,000000,0.0422,0.04396,0.04175,0.04277,0,0
XEM.V,D,20200601,000000,0.04277,0.04412,0.0418,0.04401,0,0
XEM.V,D,20200602,000000,0.04402,0.04536,0.04099,0.04267,0,0
XEM.V,D,20200603,000000,0.04267,0.0481,0.04242,0.04686,0,0
XEM.V,D,20200604,000000,0.04687,0.04767,0.04513,0.04654,0,0
XEM.V,D,20200605,000000,0.04655,0.04737,0.04571,0.04598,0,0
XEM.V,D,20200606,000000,0.04599,0.04687,0.04514,0.04663,0,0
XEM.V,D,20200607,000000,0.04663,0.04681,0.04424,0.04564,0,0
XEM.V,D,20200608,000000,0.04564,0.04618,0.04503,0.04546,0,0
XEM.V,D,20200609,000000,0.04545,0.04648,0.04461,0.04597,0,0
XEM.V,D,20200610,000000,0.04597,0.04929,0.04565,0.0473,0,0
XEM.V,D,20200611,000000,0.04731,0.04866,0.04176,0.04374,0,0
XEM.V,D,20200612,000000,0.04374,0.04512,0.04213,0.04418,0,0
XEM.V,D,20200613,000000,0.04418,0.04561,0.04417,0.04496,0,0
XEM.V,D,20200614,000000,0.04496,0.0456,0.04342,0.04361,0,0
XEM.V,D,20200615,000000,0.04362,0.04387,0.04014,0.04322,0,0
XEM.V,D,20200616,000000,0.04332,0.04409,0.04274,0.04317,0,0
XEM.V,D,20200617,000000,0.04316,0.04581,0.04302,0.0446,0,0
XEM.V,D,20200618,000000,0.0446,0.04576,0.04407,0.04458,0,0
XEM.V,D,20200619,000000,0.04458,0.04547,0.0438,0.04457,0,0
XEM.V,D,20200620,000000,0.04457,0.04514,0.04402,0.04418,0,0
XEM.V,D,20200621,000000,0.04417,0.04551,0.04415,0.0444,0,0
XEM.V,D,20200622,000000,0.0444,0.0453,0.04414,0.04467,0,0
XEM.V,D,20200623,000000,0.04467,0.04567,0.04444,0.04535,0,0
XEM.V,D,20200624,000000,0.04535,0.04563,0.04256,0.04262,0,0
XEM.V,D,20200625,000000,0.04262,0.04293,0.04083,0.0426,0,0
XEM.V,D,20200626,000000,0.0426,0.0428,0.0413,0.04175,0,0
XEM.V,D,20200627,000000,0.04175,0.04312,0.03989,0.04031,0,0
XEM.V,D,20200628,000000,0.04049,0.04181,0.03985,0.04115,0,0
XEM.V,D,20200629,000000,0.04115,0.04153,0.04061,0.04136,0,0
XEM.V,D,20200630,000000,0.04136,0.04318,0.04119,0.04179,0,0
XEM.V,D,20200701,000000,0.04179,0.0431,0.04134,0.04298,0,0
XEM.V,D,20200702,000000,0.04298,0.04319,0.04077,0.042,0,0
XEM.V,D,20200703,000000,0.04184,0.0437,0.04127,0.04277,0,0
XEM.V,D,20200704,000000,0.04277,0.04307,0.04199,0.04261,0,0
XEM.V,D,20200705,000000,0.04261,0.04309,0.04131,0.04168,0,0
XEM.V,D,20200706,000000,0.04176,0.04326,0.04167,0.04317,0,0
XEM.V,D,20200707,000000,0.04316,0.044,0.04252,0.0431,0,0
XEM.V,D,20200708,000000,0.04309,0.04672,0.04305,0.0466,0,0
XEM.V,D,20200709,000000,0.04661,0.04951,0.04524,0.04682,0,0
XEM.V,D,20200710,000000,0.04682,0.04705,0.04428,0.04534,0,0
XEM.V,D,20200711,000000,0.04545,0.04717,0.04535,0.04622,0,0
XEM.V,D,20200712,000000,0.04622,0.04684,0.04493,0.0457,0,0
XEM.V,D,20200713,000000,0.0457,0.04751,0.04569,0.04717,0,0
XEM.V,D,20200714,000000,0.04717,0.04732,0.04535,0.04641,0,0
XEM.V,D,20200715,000000,0.0464,0.04727,0.04565,0.0465,0,0
XEM.V,D,20200716,000000,0.0465,0.04652,0.04372,0.04454,0,0
XEM.V,D,20200717,000000,0.04454,0.04571,0.04438,0.04513,0,0
XEM.V,D,20200718,000000,0.04511,0.05127,0.04467,0.05004,0,0
XEM.V,D,20200719,000000,0.05003,0.05431,0.04937,0.05157,0,0
XEM.V,D,20200720,000000,0.05157,0.05212,0.0491,0.04936,0,0
XEM.V,D,20200721,000000,0.04945,0.05027,0.04863,0.04992,0,0
XEM.V,D,20200722,000000,0.04991,0.05009,0.04962,0.04976,0,0
