<TICKER>,<PER>,<DATE>,<TIME>,<OPEN>,<HIGH>,<LOW>,<CLOSE>,<VOL>,<OPENINT>
ZB.V,D,20180604,000000,0.7079,0.7104,0.685,0.69,0,0
ZB.V,D,20180605,000000,0.69,0.8392,0.69,0.755,0,0
ZB.V,D,20180606,000000,0.755,0.7723,0.7378,0.753,0,0
ZB.V,D,20180607,000000,0.753,0.7604,0.7241,0.7443,0,0
ZB.V,D,20180608,000000,0.7444,0.7476,0.7246,0.7419,0,0
ZB.V,D,20180609,000000,0.7419,0.8415,0.7185,0.801,0,0
ZB.V,D,20180610,000000,0.801,0.801,0.6591,0.6916,0,0
ZB.V,D,20180611,000000,0.6916,0.7225,0.6541,0.6984,0,0
ZB.V,D,20180612,000000,0.6984,0.6984,0.6335,0.6556,0,0
ZB.V,D,20180613,000000,0.6556,0.6809,0.6209,0.6809,0,0
ZB.V,D,20180614,000000,0.6809,0.7673,0.6809,0.7401,0,0
ZB.V,D,20180615,000000,0.7401,0.7401,0.6902,0.7177,0,0
ZB.V,D,20180616,000000,0.7177,0.7999,0.7177,0.7921,0,0
ZB.V,D,20180617,000000,0.7921,0.824,0.7556,0.7756,0,0
ZB.V,D,20180618,000000,0.7756,0.8185,0.7662,0.7991,0,0
ZB.V,D,20180619,000000,0.795,0.8393,0.7766,0.815,0,0
ZB.V,D,20180620,000000,0.815,1.001,0.8141,0.9547,0,0
ZB.V,D,20180621,000000,0.9621,0.9621,0.8401,0.8495,0,0
ZB.V,D,20180622,000000,0.8495,0.8495,0.6723,0.7238,0,0
ZB.V,D,20180623,000000,0.7238,0.7733,0.7178,0.7406,0,0
ZB.V,D,20180624,000000,0.7406,0.7469,0.6595,0.6903,0,0
ZB.V,D,20180625,000000,0.6903,0.7913,0.688,0.7431,0,0
ZB.V,D,20180626,000000,0.7431,0.7431,0.7044,0.7142,0,0
ZB.V,D,20180627,000000,0.7146,0.7536,0.7063,0.7388,0,0
ZB.V,D,20180628,000000,0.7388,0.7388,0.6811,0.6999,0,0
ZB.V,D,20180629,000000,0.6998,0.7544,0.6998,0.7178,0,0
ZB.V,D,20180630,000000,0.7178,0.7592,0.7178,0.742,0,0
ZB.V,D,20180701,000000,0.742,0.742,0.7169,0.729,0,0
ZB.V,D,20180702,000000,0.7294,0.7608,0.7294,0.7383,0,0
ZB.V,D,20180703,000000,0.7384,0.7733,0.7102,0.733,0,0
ZB.V,D,20180704,000000,0.7328,0.7453,0.7196,0.7289,0,0
ZB.V,D,20180705,000000,0.7288,0.7288,0.711,0.7208,0,0
ZB.V,D,20180706,000000,0.7208,0.7328,0.7044,0.7157,0,0
ZB.V,D,20180707,000000,0.7157,0.7461,0.713,0.7224,0,0
ZB.V,D,20180708,000000,0.7224,0.7432,0.7123,0.7264,0,0
ZB.V,D,20180709,000000,0.7251,0.7309,0.7122,0.7156,0,0
ZB.V,D,20180710,000000,0.7156,0.7156,0.6647,0.6893,0,0
ZB.V,D,20180711,000000,0.6893,0.6989,0.6529,0.681,0,0
ZB.V,D,20180712,000000,0.681,0.681,0.6441,0.6623,0,0
ZB.V,D,20180713,000000,0.6623,0.6952,0.6597,0.6784,0,0
ZB.V,D,20180714,000000,0.6784,0.694,0.6777,0.6871,0,0
ZB.V,D,20180715,000000,0.6864,0.7122,0.6864,0.7122,0,0
ZB.V,D,20180716,000000,0.7122,0.7556,0.7122,0.7253,0,0
ZB.V,D,20180717,000000,0.7253,0.8023,0.7253,0.7503,0,0
ZB.V,D,20180718,000000,0.7503,0.759,0.7295,0.7344,0,0
ZB.V,D,20180719,000000,0.7356,0.7605,0.727,0.7371,0,0
ZB.V,D,20180720,000000,0.7371,0.7591,0.7203,0.7341,0,0
ZB.V,D,20180721,000000,0.7341,0.7835,0.7341,0.7435,0,0
ZB.V,D,20180722,000000,0.7435,0.7435,0.7224,0.7336,0,0
ZB.V,D,20180723,000000,0.7336,0.7653,0.7216,0.7229,0,0
ZB.V,D,20180724,000000,0.7229,0.7908,0.6986,0.7152,0,0
ZB.V,D,20180725,000000,0.7152,0.7174,0.6909,0.7115,0,0
ZB.V,D,20180726,000000,0.7115,0.7115,0.6747,0.6978,0,0
ZB.V,D,20180727,000000,0.6978,0.7225,0.6874,0.7053,0,0
ZB.V,D,20180728,000000,0.7053,0.7111,0.6888,0.69,0,0
ZB.V,D,20180729,000000,0.69,0.6934,0.682,0.682,0,0
ZB.V,D,20180730,000000,0.682,0.687,0.6648,0.6648,0,0
ZB.V,D,20180731,000000,0.6648,0.6648,0.6141,0.6349,0,0
ZB.V,D,20180801,000000,0.635,0.6469,0.621,0.6294,0,0
ZB.V,D,20180802,000000,0.6294,0.6317,0.6029,0.6069,0,0
ZB.V,D,20180803,000000,0.6103,0.6103,0.5786,0.6079,0,0
ZB.V,D,20180804,000000,0.6079,0.6109,0.5637,0.5929,0,0
ZB.V,D,20180805,000000,0.5871,0.5985,0.5859,0.5917,0,0
ZB.V,D,20180806,000000,0.5917,0.5917,0.5714,0.5737,0,0
ZB.V,D,20180807,000000,0.5737,0.5737,0.5284,0.5389,0,0
ZB.V,D,20180808,000000,0.5389,0.5389,0.4539,0.4548,0,0
ZB.V,D,20180809,000000,0.4548,0.4979,0.4548,0.4772,0,0
ZB.V,D,20180810,000000,0.4778,0.4778,0.4379,0.4437,0,0
ZB.V,D,20180811,000000,0.4437,0.4619,0.4,0.4266,0,0
ZB.V,D,20180812,000000,0.4266,0.441,0.4261,0.4308,0,0
ZB.V,D,20180813,000000,0.4308,0.4308,0.3836,0.3858,0,0
ZB.V,D,20180814,000000,0.3858,0.3882,0.3504,0.3645,0,0
ZB.V,D,20180815,000000,0.3645,0.3901,0.3603,0.3692,0,0
ZB.V,D,20180816,000000,0.3692,0.3839,0.3678,0.379,0,0
ZB.V,D,20180817,000000,0.379,0.4302,0.379,0.4225,0,0
ZB.V,D,20180818,000000,0.4225,0.4316,0.3859,0.3952,0,0
ZB.V,D,20180819,000000,0.3952,0.4161,0.3952,0.4089,0,0
ZB.V,D,20180820,000000,0.4089,0.4089,0.3737,0.3756,0,0
ZB.V,D,20180821,000000,0.3756,0.3937,0.3756,0.3897,0,0
ZB.V,D,20180822,000000,0.3897,0.3897,0.367,0.3773,0,0
ZB.V,D,20180823,000000,0.3773,0.388,0.3717,0.377,0,0
ZB.V,D,20180824,000000,0.377,0.3888,0.3757,0.3768,0,0
ZB.V,D,20180825,000000,0.3768,0.3828,0.3717,0.3768,0,0
ZB.V,D,20180826,000000,0.3768,0.3775,0.3709,0.3723,0,0
ZB.V,D,20180827,000000,0.3723,0.3898,0.3723,0.3853,0,0
ZB.V,D,20180828,000000,0.3854,0.3989,0.3854,0.3974,0,0
ZB.V,D,20180829,000000,0.3974,0.3974,0.3838,0.3862,0,0
ZB.V,D,20180830,000000,0.3861,0.3861,0.3724,0.3779,0,0
ZB.V,D,20180831,000000,0.3779,0.3823,0.3759,0.382,0,0
ZB.V,D,20180901,000000,0.382,0.4091,0.382,0.3962,0,0
ZB.V,D,20180902,000000,0.3962,0.4018,0.3903,0.3929,0,0
ZB.V,D,20180903,000000,0.3929,0.3995,0.3853,0.3939,0,0
ZB.V,D,20180904,000000,0.3939,0.4006,0.3915,0.3938,0,0
ZB.V,D,20180905,000000,0.3938,0.3938,0.3538,0.3564,0,0
ZB.V,D,20180906,000000,0.3564,0.3564,0.3408,0.3538,0,0
ZB.V,D,20180907,000000,0.3538,0.3538,0.3323,0.3362,0,0
ZB.V,D,20180908,000000,0.3362,0.3362,0.3038,0.3107,0,0
ZB.V,D,20180909,000000,0.3107,0.3161,0.2941,0.2983,0,0
ZB.V,D,20180910,000000,0.2983,0.3086,0.2978,0.3019,0,0
ZB.V,D,20180911,000000,0.3019,0.3058,0.2636,0.2781,0,0
ZB.V,D,20180912,000000,0.2778,0.316,0.2458,0.2598,0,0
ZB.V,D,20180913,000000,0.2584,0.3123,0.2584,0.2788,0,0
ZB.V,D,20180914,000000,0.2788,0.3063,0.264,0.2659,0,0
ZB.V,D,20180915,000000,0.2658,0.2808,0.2658,0.2744,0,0
ZB.V,D,20180916,000000,0.2741,0.2746,0.2645,0.2719,0,0
ZB.V,D,20180917,000000,0.2719,0.2719,0.2419,0.2473,0,0
ZB.V,D,20180918,000000,0.2473,0.2763,0.2473,0.2574,0,0
ZB.V,D,20180919,000000,0.2574,0.2607,0.2521,0.2544,0,0
ZB.V,D,20180920,000000,0.2553,0.2712,0.2553,0.2712,0,0
ZB.V,D,20180921,000000,0.2706,0.2827,0.2668,0.277,0,0
ZB.V,D,20180922,000000,0.277,0.2814,0.2679,0.2681,0,0
ZB.V,D,20180923,000000,0.2681,0.2751,0.2665,0.2716,0,0
ZB.V,D,20180924,000000,0.2716,0.2716,0.2563,0.2606,0,0
ZB.V,D,20180925,000000,0.2606,0.2606,0.247,0.2534,0,0
ZB.V,D,20180926,000000,0.2534,0.261,0.2519,0.2568,0,0
ZB.V,D,20180927,000000,0.2568,0.2731,0.2568,0.2647,0,0
ZB.V,D,20180928,000000,0.2647,0.2651,0.2584,0.2619,0,0
ZB.V,D,20180929,000000,0.2619,0.2636,0.2588,0.2612,0,0
ZB.V,D,20180930,000000,0.2612,0.2652,0.2583,0.2624,0,0
ZB.V,D,20181001,000000,0.2624,0.2624,0.2583,0.2611,0,0
ZB.V,D,20181002,000000,0.2611,0.2611,0.2564,0.2596,0,0
ZB.V,D,20181003,000000,0.2596,0.2596,0.2541,0.2569,0,0
ZB.V,D,20181004,000000,0.2569,0.2615,0.2569,0.2587,0,0
ZB.V,D,20181005,000000,0.2587,0.2621,0.2587,0.2604,0,0
ZB.V,D,20181006,000000,0.2604,0.262,0.2559,0.2603,0,0
ZB.V,D,20181007,000000,0.2603,0.2636,0.2563,0.2591,0,0
ZB.V,D,20181008,000000,0.2591,0.2659,0.2578,0.26,0,0
ZB.V,D,20181009,000000,0.26,0.26,0.2565,0.2581,0,0
ZB.V,D,20181010,000000,0.2581,0.2581,0.2522,0.2539,0,0
ZB.V,D,20181011,000000,0.2539,0.2539,0.2201,0.2214,0,0
ZB.V,D,20181012,000000,0.2199,0.2285,0.2172,0.2245,0,0
ZB.V,D,20181013,000000,0.2245,0.2272,0.2238,0.2247,0,0
ZB.V,D,20181014,000000,0.2247,0.2261,0.2222,0.2222,0,0
ZB.V,D,20181015,000000,0.2222,0.2355,0.2222,0.233,0,0
ZB.V,D,20181016,000000,0.233,0.233,0.228,0.2292,0,0
ZB.V,D,20181017,000000,0.2292,0.2324,0.2257,0.2319,0,0
ZB.V,D,20181018,000000,0.2319,0.2319,0.2205,0.2235,0,0
ZB.V,D,20181019,000000,0.2236,0.2236,0.2167,0.2209,0,0
ZB.V,D,20181020,000000,0.2209,0.2248,0.2201,0.2239,0,0
ZB.V,D,20181021,000000,0.2239,0.2254,0.2204,0.2216,0,0
ZB.V,D,20181022,000000,0.2216,0.223,0.2174,0.2189,0,0
ZB.V,D,20181023,000000,0.2189,0.2193,0.212,0.215,0,0
ZB.V,D,20181024,000000,0.215,0.216,0.2118,0.2144,0,0
ZB.V,D,20181025,000000,0.2144,0.2144,0.21,0.2113,0,0
ZB.V,D,20181026,000000,0.2115,0.2123,0.2036,0.2059,0,0
ZB.V,D,20181027,000000,0.2059,0.2078,0.1975,0.2025,0,0
ZB.V,D,20181028,000000,0.2025,0.235,0.2004,0.2223,0,0
ZB.V,D,20181029,000000,0.2223,0.2229,0.2037,0.214,0,0
ZB.V,D,20181030,000000,0.2141,0.2153,0.2054,0.2107,0,0
ZB.V,D,20181031,000000,0.2107,0.213,0.2068,0.2112,0,0
ZB.V,D,20181101,000000,0.2112,0.2137,0.2078,0.2119,0,0
ZB.V,D,20181102,000000,0.2119,0.22,0.211,0.2167,0,0
ZB.V,D,20181103,000000,0.2167,0.2167,0.2116,0.2134,0,0
ZB.V,D,20181104,000000,0.2134,0.2191,0.2134,0.2178,0,0
ZB.V,D,20181105,000000,0.2178,0.2178,0.2112,0.2133,0,0
ZB.V,D,20181106,000000,0.2133,0.2205,0.2121,0.2153,0,0
ZB.V,D,20181107,000000,0.2153,0.2199,0.2131,0.2141,0,0
ZB.V,D,20181108,000000,0.2141,0.2154,0.2073,0.2079,0,0
ZB.V,D,20181109,000000,0.2079,0.2079,0.2029,0.2049,0,0
ZB.V,D,20181110,000000,0.2049,0.2059,0.2022,0.2053,0,0
ZB.V,D,20181111,000000,0.2053,0.2067,0.2033,0.2043,0,0
ZB.V,D,20181112,000000,0.2043,0.2043,0.1971,0.2031,0,0
ZB.V,D,20181113,000000,0.2031,0.2031,0.1967,0.1982,0,0
ZB.V,D,20181114,000000,0.1982,0.1982,0.162,0.1735,0,0
ZB.V,D,20181115,000000,0.1735,0.1738,0.1628,0.1724,0,0
ZB.V,D,20181116,000000,0.1724,0.1728,0.1669,0.1685,0,0
ZB.V,D,20181117,000000,0.1686,0.1697,0.1661,0.1682,0,0
ZB.V,D,20181118,000000,0.1682,0.1712,0.1682,0.1702,0,0
ZB.V,D,20181119,000000,0.1705,0.1705,0.1361,0.1516,0,0
ZB.V,D,20181120,000000,0.1516,0.1516,0.1165,0.1263,0,0
ZB.V,D,20181121,000000,0.1263,0.1359,0.1263,0.1327,0,0
ZB.V,D,20181122,000000,0.1327,0.1327,0.1212,0.125,0,0
ZB.V,D,20181123,000000,0.125,0.133,0.1233,0.127,0,0
ZB.V,D,20181124,000000,0.127,0.127,0.1116,0.1177,0,0
ZB.V,D,20181125,000000,0.1177,0.1234,0.1145,0.1165,0,0
ZB.V,D,20181126,000000,0.1165,0.1165,0.1075,0.1109,0,0
ZB.V,D,20181127,000000,0.1109,0.1153,0.1099,0.1116,0,0
ZB.V,D,20181128,000000,0.1116,0.1315,0.1116,0.1228,0,0
ZB.V,D,20181129,000000,0.1228,0.1254,0.1178,0.1201,0,0
ZB.V,D,20181130,000000,0.1198,0.1219,0.1112,0.1165,0,0
ZB.V,D,20181201,000000,0.1165,0.1234,0.1165,0.1185,0,0
ZB.V,D,20181202,000000,0.1185,0.168,0.1154,0.1416,0,0
ZB.V,D,20181203,000000,0.1416,0.1465,0.1306,0.1337,0,0
ZB.V,D,20181204,000000,0.1337,0.1364,0.1205,0.1297,0,0
ZB.V,D,20181205,000000,0.1297,0.1401,0.1163,0.1275,0,0
ZB.V,D,20181206,000000,0.1275,0.1275,0.1126,0.1193,0,0
ZB.V,D,20181207,000000,0.1193,0.1244,0.1148,0.1227,0,0
ZB.V,D,20181208,000000,0.1227,0.1315,0.1181,0.1229,0,0
ZB.V,D,20181209,000000,0.1229,0.1327,0.1207,0.123,0,0
ZB.V,D,20181210,000000,0.123,0.123,0.1162,0.1208,0,0
ZB.V,D,20181211,000000,0.1208,0.1208,0.1146,0.1154,0,0
ZB.V,D,20181212,000000,0.1154,0.122,0.1154,0.1198,0,0
ZB.V,D,20181213,000000,0.1198,0.1198,0.1128,0.1172,0,0
ZB.V,D,20181214,000000,0.1172,0.1183,0.1133,0.1167,0,0
ZB.V,D,20181215,000000,0.1167,0.1188,0.1149,0.1166,0,0
ZB.V,D,20181216,000000,0.1166,0.1195,0.1166,0.1178,0,0
ZB.V,D,20181217,000000,0.1178,0.1317,0.1178,0.1248,0,0
ZB.V,D,20181218,000000,0.1248,0.1337,0.1248,0.1282,0,0
ZB.V,D,20181219,000000,0.1282,0.1399,0.1252,0.1291,0,0
ZB.V,D,20181220,000000,0.1291,0.143,0.1291,0.1352,0,0
ZB.V,D,20181221,000000,0.1352,0.1372,0.125,0.1309,0,0
ZB.V,D,20181222,000000,0.1309,0.1438,0.1309,0.1389,0,0
ZB.V,D,20181223,000000,0.1389,0.1414,0.1346,0.1387,0,0
ZB.V,D,20181224,000000,0.1387,0.156,0.1367,0.1473,0,0
ZB.V,D,20181225,000000,0.1473,0.1473,0.132,0.1343,0,0
ZB.V,D,20181226,000000,0.1343,0.1425,0.1325,0.135,0,0
ZB.V,D,20181227,000000,0.135,0.135,0.1249,0.1255,0,0
ZB.V,D,20181228,000000,0.1255,0.14,0.1255,0.1359,0,0
ZB.V,D,20181229,000000,0.1359,0.1359,0.1289,0.135,0,0
ZB.V,D,20181230,000000,0.135,0.1385,0.1344,0.1364,0,0
ZB.V,D,20181231,000000,0.1364,0.1412,0.131,0.1347,0,0
ZB.V,D,20190101,000000,0.1347,0.1455,0.1347,0.1382,0,0
ZB.V,D,20190102,000000,0.1382,0.1439,0.1382,0.1414,0,0
ZB.V,D,20190103,000000,0.1414,0.1414,0.1342,0.1363,0,0
ZB.V,D,20190104,000000,0.1363,0.1416,0.1347,0.1383,0,0
ZB.V,D,20190105,000000,0.1383,0.1411,0.1371,0.1385,0,0
ZB.V,D,20190106,000000,0.1385,0.1479,0.1385,0.1417,0,0
ZB.V,D,20190107,000000,0.1417,0.142,0.1382,0.1383,0,0
ZB.V,D,20190108,000000,0.1383,0.1396,0.1362,0.1383,0,0
ZB.V,D,20190109,000000,0.1383,0.1395,0.1351,0.1389,0,0
ZB.V,D,20190110,000000,0.1389,0.1389,0.1249,0.1283,0,0
ZB.V,D,20190111,000000,0.1283,0.1303,0.1233,0.1283,0,0
ZB.V,D,20190112,000000,0.1283,0.1337,0.1242,0.1269,0,0
ZB.V,D,20190113,000000,0.1269,0.1269,0.1183,0.1214,0,0
ZB.V,D,20190114,000000,0.1214,0.1268,0.117,0.1224,0,0
ZB.V,D,20190115,000000,0.1224,0.1224,0.1153,0.119,0,0
ZB.V,D,20190116,000000,0.119,0.1212,0.119,0.1206,0,0
ZB.V,D,20190117,000000,0.1206,0.1234,0.1204,0.1214,0,0
ZB.V,D,20190118,000000,0.1214,0.1221,0.1185,0.1193,0,0
ZB.V,D,20190119,000000,0.1193,0.1231,0.1193,0.1225,0,0
ZB.V,D,20190120,000000,0.1225,0.1225,0.115,0.1182,0,0
ZB.V,D,20190121,000000,0.1182,0.1196,0.1178,0.1186,0,0
ZB.V,D,20190122,000000,0.1186,0.1212,0.118,0.119,0,0
ZB.V,D,20190123,000000,0.119,0.1197,0.1176,0.1184,0,0
ZB.V,D,20190124,000000,0.1184,0.1276,0.1183,0.1207,0,0
ZB.V,D,20190125,000000,0.1207,0.1207,0.1189,0.1193,0,0
ZB.V,D,20190126,000000,0.1193,0.1218,0.1192,0.1204,0,0
ZB.V,D,20190127,000000,0.1204,0.1204,0.1184,0.1191,0,0
ZB.V,D,20190128,000000,0.1191,0.1191,0.1144,0.1172,0,0
ZB.V,D,20190129,000000,0.1172,0.1213,0.1149,0.1182,0,0
ZB.V,D,20190130,000000,0.1182,0.1206,0.1179,0.12,0,0
ZB.V,D,20190131,000000,0.12,0.1208,0.1171,0.1194,0,0
ZB.V,D,20190201,000000,0.1194,0.1207,0.1176,0.1198,0,0
ZB.V,D,20190202,000000,0.1198,0.1216,0.1198,0.1203,0,0
ZB.V,D,20190203,000000,0.1203,0.1203,0.1179,0.1191,0,0
ZB.V,D,20190204,000000,0.1191,0.1191,0.1172,0.1184,0,0
ZB.V,D,20190205,000000,0.1184,0.1224,0.1182,0.119,0,0
ZB.V,D,20190206,000000,0.119,0.1196,0.116,0.1185,0,0
ZB.V,D,20190207,000000,0.1185,0.119,0.1175,0.1183,0,0
ZB.V,D,20190208,000000,0.1183,0.1289,0.1183,0.1257,0,0
ZB.V,D,20190209,000000,0.1257,0.1315,0.1239,0.125,0,0
ZB.V,D,20190210,000000,0.125,0.1282,0.1237,0.1251,0,0
ZB.V,D,20190211,000000,0.1251,0.129,0.122,0.1257,0,0
ZB.V,D,20190212,000000,0.1257,0.1319,0.1255,0.1292,0,0
ZB.V,D,20190213,000000,0.1292,0.1299,0.1245,0.1259,0,0
ZB.V,D,20190214,000000,0.1259,0.1259,0.1218,0.1231,0,0
ZB.V,D,20190215,000000,0.1231,0.1242,0.1221,0.1234,0,0
ZB.V,D,20190216,000000,0.1234,0.1263,0.1233,0.1242,0,0
ZB.V,D,20190217,000000,0.1242,0.1276,0.1242,0.1252,0,0
ZB.V,D,20190218,000000,0.1252,0.1426,0.1252,0.1326,0,0
ZB.V,D,20190219,000000,0.1326,0.1369,0.1311,0.1331,0,0
ZB.V,D,20190220,000000,0.1331,0.1348,0.1304,0.1339,0,0
ZB.V,D,20190221,000000,0.1339,0.1339,0.1283,0.1293,0,0
ZB.V,D,20190222,000000,0.1293,0.1381,0.1293,0.1354,0,0
ZB.V,D,20190223,000000,0.1354,0.1419,0.1354,0.138,0,0
ZB.V,D,20190224,000000,0.138,0.138,0.1237,0.1272,0,0
ZB.V,D,20190225,000000,0.1272,0.1304,0.1272,0.1298,0,0
ZB.V,D,20190226,000000,0.1298,0.1298,0.1271,0.1276,0,0
ZB.V,D,20190227,000000,0.1276,0.1328,0.1276,0.1295,0,0
ZB.V,D,20190228,000000,0.1295,0.1297,0.1262,0.128,0,0
ZB.V,D,20190301,000000,0.128,0.1353,0.1276,0.1328,0,0
ZB.V,D,20190302,000000,0.1328,0.1383,0.1308,0.1328,0,0
ZB.V,D,20190303,000000,0.1328,0.1328,0.1295,0.1305,0,0
ZB.V,D,20190304,000000,0.1305,0.1306,0.1244,0.1262,0,0
ZB.V,D,20190305,000000,0.1262,0.1375,0.1262,0.1339,0,0
ZB.V,D,20190306,000000,0.1339,0.183,0.1325,0.1785,0,0
ZB.V,D,20190307,000000,0.1785,0.236,0.1747,0.2229,0,0
ZB.V,D,20190308,000000,0.2229,0.2281,0.2026,0.2121,0,0
ZB.V,D,20190309,000000,0.2121,0.2176,0.192,0.1997,0,0
ZB.V,D,20190310,000000,0.1997,0.2146,0.1858,0.2054,0,0
ZB.V,D,20190311,000000,0.2054,0.2086,0.1953,0.1991,0,0
ZB.V,D,20190312,000000,0.1991,0.2065,0.1938,0.2028,0,0
ZB.V,D,20190313,000000,0.2028,0.2041,0.1982,0.2011,0,0
ZB.V,D,20190314,000000,0.2011,0.2014,0.1962,0.1982,0,0
ZB.V,D,20190315,000000,0.1982,0.2081,0.1982,0.2052,0,0
ZB.V,D,20190316,000000,0.2052,0.2175,0.2052,0.2088,0,0
ZB.V,D,20190317,000000,0.2088,0.2102,0.2055,0.2074,0,0
ZB.V,D,20190318,000000,0.2074,0.2081,0.2035,0.2048,0,0
ZB.V,D,20190319,000000,0.2048,0.2374,0.2041,0.2284,0,0
ZB.V,D,20190320,000000,0.2284,0.2799,0.2284,0.2644,0,0
ZB.V,D,20190321,000000,0.2644,0.305,0.2536,0.2951,0,0
ZB.V,D,20190322,000000,0.2951,0.3801,0.2771,0.3744,0,0
ZB.V,D,20190323,000000,0.3744,0.4388,0.3403,0.3764,0,0
ZB.V,D,20190324,000000,0.3764,0.3896,0.3316,0.3815,0,0
ZB.V,D,20190325,000000,0.3815,0.3815,0.3607,0.3736,0,0
ZB.V,D,20190326,000000,0.3736,0.3812,0.3505,0.371,0,0
ZB.V,D,20190327,000000,0.371,0.398,0.3465,0.3499,0,0
ZB.V,D,20190328,000000,0.3499,0.3652,0.303,0.3197,0,0
ZB.V,D,20190329,000000,0.3197,0.3486,0.318,0.3246,0,0
ZB.V,D,20190330,000000,0.3246,0.3268,0.3049,0.3119,0,0
ZB.V,D,20190331,000000,0.3119,0.3145,0.2919,0.3065,0,0
ZB.V,D,20190401,000000,0.3065,0.36,0.3065,0.3562,0,0
ZB.V,D,20190402,000000,0.3562,0.4216,0.3317,0.3414,0,0
ZB.V,D,20190403,000000,0.3414,0.3901,0.3193,0.339,0,0
ZB.V,D,20190404,000000,0.339,0.3477,0.3212,0.328,0,0
ZB.V,D,20190405,000000,0.328,0.3496,0.328,0.3383,0,0
ZB.V,D,20190406,000000,0.3383,0.3433,0.3227,0.3323,0,0
ZB.V,D,20190407,000000,0.3323,0.344,0.3187,0.3216,0,0
ZB.V,D,20190408,000000,0.3216,0.3413,0.3054,0.3387,0,0
ZB.V,D,20190409,000000,0.3387,0.3387,0.3121,0.3207,0,0
ZB.V,D,20190410,000000,0.3207,0.3336,0.3138,0.3212,0,0
ZB.V,D,20190411,000000,0.3212,0.3212,0.2785,0.2855,0,0
ZB.V,D,20190412,000000,0.2855,0.2988,0.2761,0.2856,0,0
ZB.V,D,20190413,000000,0.2856,0.2987,0.2827,0.2857,0,0
ZB.V,D,20190414,000000,0.2857,0.2982,0.2857,0.2911,0,0
ZB.V,D,20190415,000000,0.2911,0.3061,0.28,0.2862,0,0
ZB.V,D,20190416,000000,0.2862,0.3226,0.2862,0.3066,0,0
ZB.V,D,20190417,000000,0.3066,0.308,0.2932,0.2985,0,0
ZB.V,D,20190418,000000,0.2985,0.3346,0.2985,0.3259,0,0
ZB.V,D,20190419,000000,0.3259,0.3421,0.3134,0.3325,0,0
ZB.V,D,20190420,000000,0.3325,0.3528,0.3283,0.3331,0,0
ZB.V,D,20190421,000000,0.3331,0.3331,0.3022,0.3078,0,0
ZB.V,D,20190422,000000,0.3078,0.3181,0.3024,0.3061,0,0
ZB.V,D,20190423,000000,0.3061,0.3672,0.3032,0.332,0,0
ZB.V,D,20190424,000000,0.332,0.3464,0.3136,0.3227,0,0
ZB.V,D,20190425,000000,0.3227,0.3227,0.3009,0.3093,0,0
ZB.V,D,20190426,000000,0.3093,0.3137,0.3002,0.3073,0,0
ZB.V,D,20190427,000000,0.3073,0.3147,0.291,0.3006,0,0
ZB.V,D,20190428,000000,0.3009,0.3225,0.2957,0.3094,0,0
ZB.V,D,20190429,000000,0.3094,0.3146,0.3013,0.3075,0,0
ZB.V,D,20190430,000000,0.3075,0.3155,0.3065,0.3111,0,0
ZB.V,D,20190501,000000,0.3111,0.3133,0.3059,0.3066,0,0
ZB.V,D,20190502,000000,0.3066,0.3142,0.3066,0.3091,0,0
ZB.V,D,20190503,000000,0.3091,0.3241,0.3077,0.3171,0,0
ZB.V,D,20190504,000000,0.3171,0.3245,0.3096,0.3123,0,0
ZB.V,D,20190505,000000,0.3123,0.3182,0.3052,0.3071,0,0
ZB.V,D,20190506,000000,0.3071,0.3098,0.3015,0.3075,0,0
ZB.V,D,20190507,000000,0.3075,0.3113,0.297,0.3019,0,0
ZB.V,D,20190508,000000,0.3019,0.3131,0.3017,0.3037,0,0
ZB.V,D,20190509,000000,0.3037,0.3124,0.2905,0.2931,0,0
ZB.V,D,20190510,000000,0.2931,0.3032,0.2847,0.2886,0,0
ZB.V,D,20190511,000000,0.2886,0.3295,0.2886,0.3021,0,0
ZB.V,D,20190512,000000,0.3021,0.3038,0.279,0.2917,0,0
ZB.V,D,20190513,000000,0.2917,0.3366,0.2917,0.322,0,0
ZB.V,D,20190514,000000,0.322,0.3292,0.2938,0.3048,0,0
ZB.V,D,20190515,000000,0.3048,0.3605,0.3048,0.3378,0,0
ZB.V,D,20190516,000000,0.3378,0.3378,0.3102,0.3117,0,0
ZB.V,D,20190517,000000,0.3117,0.3124,0.2884,0.3012,0,0
ZB.V,D,20190518,000000,0.3012,0.3021,0.2933,0.2974,0,0
ZB.V,D,20190519,000000,0.2974,0.3624,0.2974,0.3149,0,0
ZB.V,D,20190520,000000,0.3149,0.3149,0.2999,0.3064,0,0
ZB.V,D,20190521,000000,0.3064,0.3157,0.3031,0.3084,0,0
ZB.V,D,20190522,000000,0.3084,0.3098,0.2952,0.3055,0,0
ZB.V,D,20190523,000000,0.3055,0.317,0.3039,0.307,0,0
ZB.V,D,20190524,000000,0.307,0.3723,0.307,0.3374,0,0
ZB.V,D,20190525,000000,0.3374,0.3594,0.3307,0.3381,0,0
ZB.V,D,20190526,000000,0.3381,0.3713,0.3373,0.3468,0,0
ZB.V,D,20190527,000000,0.3468,0.375,0.3396,0.3614,0,0
ZB.V,D,20190528,000000,0.3614,0.364,0.3387,0.3477,0,0
ZB.V,D,20190529,000000,0.3477,0.3608,0.3383,0.345,0,0
ZB.V,D,20190530,000000,0.345,0.345,0.3176,0.3306,0,0
ZB.V,D,20190531,000000,0.3306,0.3438,0.3306,0.3438,0,0
ZB.V,D,20190601,000000,0.3438,0.345,0.3315,0.3336,0,0
ZB.V,D,20190602,000000,0.3336,0.3408,0.3332,0.3389,0,0
ZB.V,D,20190603,000000,0.3389,0.3389,0.2998,0.3165,0,0
ZB.V,D,20190604,000000,0.3165,0.3209,0.295,0.3155,0,0
ZB.V,D,20190605,000000,0.3155,0.3288,0.3155,0.3207,0,0
ZB.V,D,20190606,000000,0.3207,0.3409,0.3201,0.3242,0,0
ZB.V,D,20190607,000000,0.3242,0.3362,0.3221,0.3275,0,0
ZB.V,D,20190608,000000,0.3275,0.3275,0.3192,0.3233,0,0
ZB.V,D,20190609,000000,0.3233,0.3233,0.3079,0.3143,0,0
ZB.V,D,20190610,000000,0.3143,0.3471,0.3143,0.3417,0,0
ZB.V,D,20190611,000000,0.3417,0.3527,0.3296,0.3352,0,0
ZB.V,D,20190612,000000,0.3352,0.3582,0.3352,0.3438,0,0
ZB.V,D,20190613,000000,0.3438,0.3532,0.3291,0.3326,0,0
ZB.V,D,20190614,000000,0.3326,0.3598,0.3326,0.339,0,0
ZB.V,D,20190615,000000,0.339,0.3479,0.3379,0.3379,0,0
ZB.V,D,20190616,000000,0.3379,0.3452,0.3258,0.3399,0,0
ZB.V,D,20190617,000000,0.3399,0.3534,0.3372,0.3439,0,0
ZB.V,D,20190618,000000,0.3439,0.3439,0.3303,0.3332,0,0
ZB.V,D,20190619,000000,0.3332,0.3421,0.3332,0.3356,0,0
ZB.V,D,20190620,000000,0.3356,0.3483,0.3317,0.3347,0,0
ZB.V,D,20190621,000000,0.3347,0.3587,0.3347,0.3387,0,0
ZB.V,D,20190622,000000,0.3387,0.3614,0.3254,0.3352,0,0
ZB.V,D,20190623,000000,0.3352,0.3527,0.3287,0.3346,0,0
ZB.V,D,20190624,000000,0.3346,0.3474,0.3346,0.3393,0,0
ZB.V,D,20190625,000000,0.3393,0.3656,0.3284,0.3284,0,0
ZB.V,D,20190626,000000,0.3284,0.367,0.3126,0.325,0,0
ZB.V,D,20190627,000000,0.325,0.4154,0.2752,0.3867,0,0
ZB.V,D,20190628,000000,0.3867,0.4323,0.3739,0.3739,0,0
ZB.V,D,20190629,000000,0.3739,0.4153,0.3596,0.4131,0,0
ZB.V,D,20190630,000000,0.4131,0.4131,0.3527,0.3726,0,0
ZB.V,D,20190701,000000,0.3726,0.3804,0.3453,0.3582,0,0
ZB.V,D,20190702,000000,0.3582,0.3859,0.3559,0.3654,0,0
ZB.V,D,20190703,000000,0.3654,0.4038,0.3588,0.3588,0,0
ZB.V,D,20190704,000000,0.3588,0.3772,0.3268,0.3482,0,0
ZB.V,D,20190705,000000,0.3482,0.3612,0.3379,0.351,0,0
ZB.V,D,20190706,000000,0.351,0.3693,0.345,0.36,0,0
ZB.V,D,20190707,000000,0.36,0.3672,0.3535,0.3599,0,0
ZB.V,D,20190708,000000,0.3599,0.3863,0.3576,0.362,0,0
ZB.V,D,20190709,000000,0.362,0.3726,0.3559,0.3588,0,0
ZB.V,D,20190710,000000,0.3588,0.3588,0.3291,0.3481,0,0
ZB.V,D,20190711,000000,0.3481,0.3508,0.321,0.3343,0,0
ZB.V,D,20190712,000000,0.3343,0.3527,0.3343,0.3441,0,0
ZB.V,D,20190713,000000,0.3441,0.3521,0.3258,0.3406,0,0
ZB.V,D,20190714,000000,0.3406,0.3406,0.3012,0.3161,0,0
ZB.V,D,20190715,000000,0.3161,0.3564,0.3161,0.3254,0,0
ZB.V,D,20190716,000000,0.3254,0.3254,0.2748,0.3174,0,0
ZB.V,D,20190717,000000,0.3174,0.3432,0.3157,0.3413,0,0
ZB.V,D,20190718,000000,0.3413,0.3829,0.3328,0.3413,0,0
ZB.V,D,20190719,000000,0.3413,0.3569,0.3346,0.3453,0,0
ZB.V,D,20190720,000000,0.3453,0.3642,0.3434,0.3555,0,0
ZB.V,D,20190721,000000,0.3555,0.3676,0.343,0.3525,0,0
ZB.V,D,20190722,000000,0.3525,0.3696,0.3404,0.3621,0,0
ZB.V,D,20190723,000000,0.3621,0.3621,0.3329,0.3442,0,0
ZB.V,D,20190724,000000,0.3442,0.3511,0.3407,0.3497,0,0
ZB.V,D,20190725,000000,0.3497,0.3537,0.3367,0.3466,0,0
ZB.V,D,20190726,000000,0.3466,0.352,0.3437,0.3445,0,0
ZB.V,D,20190727,000000,0.3445,0.3499,0.3243,0.3499,0,0
ZB.V,D,20190728,000000,0.3499,0.3595,0.3366,0.3451,0,0
ZB.V,D,20190729,000000,0.3451,0.3476,0.3367,0.3444,0,0
ZB.V,D,20190730,000000,0.3444,0.3504,0.3406,0.3464,0,0
ZB.V,D,20190731,000000,0.3464,0.3642,0.3433,0.3458,0,0
ZB.V,D,20190801,000000,0.3458,0.3691,0.3451,0.3459,0,0
ZB.V,D,20190802,000000,0.3459,0.3587,0.3459,0.3551,0,0
ZB.V,D,20190803,000000,0.3551,0.365,0.3493,0.35,0,0
ZB.V,D,20190804,000000,0.35,0.3726,0.35,0.3535,0,0
ZB.V,D,20190805,000000,0.3535,0.3802,0.3535,0.3593,0,0
ZB.V,D,20190806,000000,0.3593,0.3593,0.3282,0.348,0,0
ZB.V,D,20190807,000000,0.348,0.3766,0.348,0.3639,0,0
ZB.V,D,20190808,000000,0.3639,0.3843,0.3631,0.3776,0,0
ZB.V,D,20190809,000000,0.3776,0.4084,0.3709,0.3945,0,0
ZB.V,D,20190810,000000,0.3945,0.3945,0.3621,0.3693,0,0
ZB.V,D,20190811,000000,0.3693,0.4029,0.3693,0.3912,0,0
ZB.V,D,20190812,000000,0.3912,0.4396,0.381,0.4218,0,0
ZB.V,D,20190813,000000,0.4218,0.4218,0.3951,0.415,0,0
ZB.V,D,20190814,000000,0.415,0.415,0.3479,0.3627,0,0
ZB.V,D,20190815,000000,0.3627,0.3773,0.3476,0.3603,0,0
ZB.V,D,20190816,000000,0.3603,0.3711,0.3497,0.3562,0,0
ZB.V,D,20190817,000000,0.3562,0.3562,0.3447,0.3471,0,0
ZB.V,D,20190818,000000,0.3471,0.3558,0.342,0.355,0,0
ZB.V,D,20190819,000000,0.355,0.3755,0.353,0.3556,0,0
ZB.V,D,20190820,000000,0.3556,0.3583,0.3461,0.3581,0,0
ZB.V,D,20190821,000000,0.3581,0.3581,0.3329,0.3426,0,0
ZB.V,D,20190822,000000,0.3426,0.3508,0.3413,0.3487,0,0
ZB.V,D,20190823,000000,0.3487,0.3624,0.3442,0.3465,0,0
ZB.V,D,20190824,000000,0.3465,0.3531,0.3378,0.3451,0,0
ZB.V,D,20190825,000000,0.3451,0.3487,0.3378,0.3459,0,0
ZB.V,D,20190826,000000,0.3459,0.3658,0.3363,0.3495,0,0
ZB.V,D,20190827,000000,0.3495,0.3793,0.341,0.3643,0,0
ZB.V,D,20190828,000000,0.3643,0.3643,0.336,0.3399,0,0
ZB.V,D,20190829,000000,0.3399,0.3399,0.3141,0.32,0,0
ZB.V,D,20190830,000000,0.32,0.3369,0.32,0.3331,0,0
ZB.V,D,20190831,000000,0.3331,0.3344,0.3212,0.3286,0,0
ZB.V,D,20190901,000000,0.3286,0.3337,0.3262,0.3305,0,0
ZB.V,D,20190902,000000,0.3305,0.3514,0.3292,0.333,0,0
ZB.V,D,20190903,000000,0.333,0.3445,0.3328,0.3386,0,0
ZB.V,D,20190904,000000,0.3386,0.3424,0.3289,0.3351,0,0
ZB.V,D,20190905,000000,0.3351,0.3384,0.3308,0.334,0,0
ZB.V,D,20190906,000000,0.334,0.3368,0.3197,0.3317,0,0
ZB.V,D,20190907,000000,0.3317,0.3383,0.3296,0.3373,0,0
ZB.V,D,20190908,000000,0.3373,0.3406,0.332,0.3391,0,0
ZB.V,D,20190909,000000,0.3391,0.3469,0.3351,0.344,0,0
ZB.V,D,20190910,000000,0.344,0.344,0.3334,0.3394,0,0
ZB.V,D,20190911,000000,0.3394,0.348,0.3371,0.3475,0,0
ZB.V,D,20190912,000000,0.3475,0.371,0.3475,0.3643,0,0
ZB.V,D,20190913,000000,0.3643,0.3643,0.3481,0.3487,0,0
ZB.V,D,20190914,000000,0.3487,0.3601,0.3421,0.3512,0,0
ZB.V,D,20190915,000000,0.3512,0.3591,0.3426,0.3448,0,0
ZB.V,D,20190916,000000,0.3448,0.3719,0.3365,0.3589,0,0
ZB.V,D,20190917,000000,0.3589,0.3592,0.3488,0.3562,0,0
ZB.V,D,20190918,000000,0.3562,0.3697,0.351,0.359,0,0
ZB.V,D,20190919,000000,0.359,0.3687,0.3556,0.3556,0,0
ZB.V,D,20190920,000000,0.3556,0.3591,0.3478,0.3521,0,0
ZB.V,D,20190921,000000,0.3521,0.3562,0.3456,0.3562,0,0
ZB.V,D,20190922,000000,0.3562,0.359,0.3426,0.3493,0,0
ZB.V,D,20190923,000000,0.3493,0.3493,0.3336,0.3422,0,0
ZB.V,D,20190924,000000,0.3422,0.3422,0.2895,0.3044,0,0
ZB.V,D,20190925,000000,0.3044,0.3146,0.2886,0.2989,0,0
ZB.V,D,20190926,000000,0.2989,0.3019,0.2858,0.2944,0,0
ZB.V,D,20190927,000000,0.2944,0.3051,0.2944,0.2953,0,0
ZB.V,D,20190928,000000,0.2953,0.3027,0.2953,0.2997,0,0
ZB.V,D,20190929,000000,0.2997,0.2997,0.2897,0.2966,0,0
ZB.V,D,20190930,000000,0.2966,0.3157,0.2966,0.3016,0,0
ZB.V,D,20191001,000000,0.3016,0.3031,0.2963,0.2987,0,0
ZB.V,D,20191002,000000,0.2987,0.3055,0.2987,0.3008,0,0
ZB.V,D,20191003,000000,0.3008,0.3031,0.2956,0.2981,0,0
ZB.V,D,20191004,000000,0.2981,0.3007,0.2948,0.2959,0,0
ZB.V,D,20191005,000000,0.2959,0.3003,0.2944,0.2963,0,0
ZB.V,D,20191006,000000,0.2963,0.2963,0.2853,0.2935,0,0
ZB.V,D,20191007,000000,0.2935,0.3078,0.2935,0.2989,0,0
ZB.V,D,20191008,000000,0.2989,0.3002,0.2959,0.2977,0,0
ZB.V,D,20191009,000000,0.2977,0.3206,0.2977,0.3051,0,0
ZB.V,D,20191010,000000,0.3051,0.3096,0.2998,0.3029,0,0
ZB.V,D,20191011,000000,0.3029,0.3029,0.2863,0.2969,0,0
ZB.V,D,20191012,000000,0.2969,0.3001,0.2951,0.2981,0,0
ZB.V,D,20191013,000000,0.2981,0.3013,0.2925,0.2988,0,0
ZB.V,D,20191014,000000,0.2988,0.3123,0.2988,0.3041,0,0
ZB.V,D,20191015,000000,0.3041,0.3048,0.2924,0.2997,0,0
ZB.V,D,20191016,000000,0.2997,0.2997,0.2913,0.2969,0,0
ZB.V,D,20191017,000000,0.2969,0.3018,0.2948,0.3006,0,0
ZB.V,D,20191018,000000,0.3006,0.3006,0.2932,0.2991,0,0
ZB.V,D,20191019,000000,0.2991,0.2992,0.2925,0.2965,0,0
ZB.V,D,20191020,000000,0.2965,0.3104,0.2952,0.2985,0,0
ZB.V,D,20191021,000000,0.2985,0.3025,0.2963,0.3006,0,0
ZB.V,D,20191022,000000,0.3006,0.3006,0.2895,0.2974,0,0
ZB.V,D,20191023,000000,0.2974,0.2974,0.2752,0.2862,0,0
ZB.V,D,20191024,000000,0.2862,0.2863,0.2748,0.2827,0,0
ZB.V,D,20191025,000000,0.2827,0.336,0.2827,0.306,0,0
ZB.V,D,20191026,000000,0.306,0.3267,0.2698,0.2884,0,0
ZB.V,D,20191027,000000,0.2884,0.3035,0.286,0.2986,0,0
ZB.V,D,20191028,000000,0.2986,0.3012,0.2837,0.3012,0,0
ZB.V,D,20191029,000000,0.3012,0.3091,0.2967,0.3025,0,0
ZB.V,D,20191030,000000,0.3025,0.3065,0.2933,0.2988,0,0
ZB.V,D,20191031,000000,0.2988,0.3038,0.2902,0.2983,0,0
ZB.V,D,20191101,000000,0.2983,0.303,0.2945,0.3004,0,0
ZB.V,D,20191102,000000,0.3004,0.3032,0.2963,0.297,0,0
ZB.V,D,20191103,000000,0.297,0.3,0.2924,0.2975,0,0
ZB.V,D,20191104,000000,0.2975,0.3065,0.295,0.3009,0,0
ZB.V,D,20191105,000000,0.3009,0.3029,0.2957,0.2984,0,0
ZB.V,D,20191106,000000,0.2984,0.304,0.2973,0.3015,0,0
ZB.V,D,20191107,000000,0.3015,0.302,0.2956,0.2966,0,0
ZB.V,D,20191108,000000,0.2966,0.2966,0.2826,0.2947,0,0
ZB.V,D,20191109,000000,0.2947,0.2963,0.2913,0.2943,0,0
ZB.V,D,20191110,000000,0.2943,0.3037,0.288,0.2957,0,0
ZB.V,D,20191111,000000,0.2957,0.2957,0.2822,0.2932,0,0
ZB.V,D,20191112,000000,0.2932,0.2962,0.289,0.2929,0,0
ZB.V,D,20191113,000000,0.2929,0.2949,0.2882,0.291,0,0
ZB.V,D,20191114,000000,0.291,0.291,0.2805,0.2856,0,0
ZB.V,D,20191115,000000,0.2856,0.2856,0.266,0.2729,0,0
ZB.V,D,20191116,000000,0.2729,0.2811,0.2665,0.2733,0,0
ZB.V,D,20191117,000000,0.2733,0.2767,0.2691,0.2716,0,0
ZB.V,D,20191118,000000,0.2716,0.2716,0.2399,0.2429,0,0
ZB.V,D,20191119,000000,0.2429,0.2597,0.222,0.2533,0,0
ZB.V,D,20191120,000000,0.2533,0.2533,0.2317,0.2463,0,0
ZB.V,D,20191121,000000,0.2463,0.2484,0.2191,0.228,0,0
ZB.V,D,20191122,000000,0.228,0.2358,0.2105,0.2185,0,0
ZB.V,D,20191123,000000,0.2185,0.2231,0.2141,0.2205,0,0
ZB.V,D,20191124,000000,0.2205,0.2205,0.1887,0.1889,0,0
ZB.V,D,20191125,000000,0.1889,0.2127,0.1745,0.1877,0,0
ZB.V,D,20191126,000000,0.1877,0.195,0.1856,0.1888,0,0
ZB.V,D,20191127,000000,0.1888,0.2029,0.1879,0.1942,0,0
ZB.V,D,20191128,000000,0.1942,0.196,0.186,0.1935,0,0
ZB.V,D,20191129,000000,0.1935,0.208,0.1935,0.2023,0,0
ZB.V,D,20191130,000000,0.2023,0.2023,0.1866,0.1944,0,0
ZB.V,D,20191201,000000,0.1944,0.1996,0.1906,0.197,0,0
ZB.V,D,20191202,000000,0.197,0.197,0.19,0.1917,0,0
ZB.V,D,20191203,000000,0.1917,0.1989,0.189,0.1959,0,0
ZB.V,D,20191204,000000,0.1959,0.1961,0.1801,0.1925,0,0
ZB.V,D,20191205,000000,0.1925,0.1979,0.1925,0.1944,0,0
ZB.V,D,20191206,000000,0.1944,0.201,0.1944,0.1967,0,0
ZB.V,D,20191207,000000,0.1967,0.1973,0.1921,0.1952,0,0
ZB.V,D,20191208,000000,0.1952,0.1985,0.193,0.1947,0,0
ZB.V,D,20191209,000000,0.1947,0.1947,0.1888,0.1927,0,0
ZB.V,D,20191210,000000,0.1927,0.1927,0.1871,0.1915,0,0
ZB.V,D,20191211,000000,0.1915,0.1915,0.1859,0.1902,0,0
ZB.V,D,20191212,000000,0.1902,0.1928,0.1856,0.1904,0,0
ZB.V,D,20191213,000000,0.1904,0.1921,0.186,0.1895,0,0
ZB.V,D,20191214,000000,0.1895,0.1895,0.1825,0.1859,0,0
ZB.V,D,20191215,000000,0.1859,0.1886,0.1795,0.1839,0,0
ZB.V,D,20191216,000000,0.1839,0.1839,0.1747,0.1784,0,0
ZB.V,D,20191217,000000,0.1784,0.1784,0.1676,0.1732,0,0
ZB.V,D,20191218,000000,0.1732,0.1908,0.1732,0.1847,0,0
ZB.V,D,20191219,000000,0.1847,0.1866,0.1786,0.186,0,0
ZB.V,D,20191220,000000,0.186,0.1905,0.1846,0.1864,0,0
ZB.V,D,20191221,000000,0.1864,0.187,0.1835,0.1849,0,0
ZB.V,D,20191222,000000,0.1849,0.1964,0.1849,0.1918,0,0
ZB.V,D,20191223,000000,0.1918,0.1918,0.1779,0.1854,0,0
ZB.V,D,20191224,000000,0.1854,0.1879,0.1808,0.1861,0,0
ZB.V,D,20191225,000000,0.1861,0.1861,0.1832,0.186,0,0
ZB.V,D,20191226,000000,0.186,0.1877,0.182,0.1877,0,0
ZB.V,D,20191227,000000,0.1877,0.1889,0.1846,0.1856,0,0
ZB.V,D,20191228,000000,0.1856,0.1876,0.1844,0.187,0,0
ZB.V,D,20191229,000000,0.187,0.191,0.185,0.1874,0,0
ZB.V,D,20191230,000000,0.1874,0.1884,0.1832,0.1882,0,0
ZB.V,D,20191231,000000,0.1882,0.1882,0.1823,0.1837,0,0
ZB.V,D,20200101,000000,0.1837,0.1871,0.1835,0.1849,0,0
ZB.V,D,20200102,000000,0.1849,0.1862,0.1791,0.1845,0,0
ZB.V,D,20200103,000000,0.1845,0.1966,0.1845,0.191,0,0
ZB.V,D,20200104,000000,0.191,0.197,0.1872,0.1902,0,0
ZB.V,D,20200105,000000,0.1902,0.1936,0.1877,0.1922,0,0
ZB.V,D,20200106,000000,0.1922,0.2073,0.1922,0.2048,0,0
ZB.V,D,20200107,000000,0.2048,0.222,0.2048,0.2193,0,0
ZB.V,D,20200108,000000,0.2193,0.2193,0.1957,0.2066,0,0
ZB.V,D,20200109,000000,0.2066,0.2082,0.1964,0.204,0,0
ZB.V,D,20200110,000000,0.204,0.2223,0.204,0.2103,0,0
ZB.V,D,20200111,000000,0.2103,0.2172,0.2053,0.2137,0,0
ZB.V,D,20200112,000000,0.2137,0.2225,0.2137,0.2186,0,0
ZB.V,D,20200113,000000,0.2186,0.2205,0.2156,0.2192,0,0
ZB.V,D,20200114,000000,0.2192,0.2399,0.2192,0.2379,0,0
ZB.V,D,20200115,000000,0.2379,0.2465,0.2264,0.2384,0,0
ZB.V,D,20200116,000000,0.2384,0.2441,0.2105,0.2296,0,0
ZB.V,D,20200117,000000,0.2296,0.2445,0.2259,0.2415,0,0
ZB.V,D,20200118,000000,0.2415,0.2419,0.2311,0.2362,0,0
ZB.V,D,20200119,000000,0.2362,0.2362,0.2165,0.2328,0,0
ZB.V,D,20200120,000000,0.2328,0.2329,0.2222,0.2306,0,0
ZB.V,D,20200121,000000,0.2306,0.2348,0.2207,0.2326,0,0
ZB.V,D,20200122,000000,0.2326,0.2338,0.2233,0.231,0,0
ZB.V,D,20200123,000000,0.231,0.231,0.2215,0.2288,0,0
ZB.V,D,20200124,000000,0.2288,0.2344,0.2242,0.2284,0,0
ZB.V,D,20200125,000000,0.2284,0.2298,0.2203,0.2247,0,0
ZB.V,D,20200126,000000,0.2247,0.2359,0.2247,0.2311,0,0
ZB.V,D,20200127,000000,0.2311,0.2436,0.2311,0.234,0,0
ZB.V,D,20200128,000000,0.234,0.2541,0.234,0.2431,0,0
ZB.V,D,20200129,000000,0.2431,0.2753,0.2403,0.2635,0,0
ZB.V,D,20200130,000000,0.2635,0.2817,0.2591,0.2731,0,0
ZB.V,D,20200131,000000,0.2731,0.2792,0.2647,0.2675,0,0
ZB.V,D,20200201,000000,0.2675,0.2756,0.2636,0.2756,0,0
ZB.V,D,20200202,000000,0.2756,0.2756,0.2636,0.2671,0,0
ZB.V,D,20200203,000000,0.2671,0.2699,0.2623,0.2649,0,0
ZB.V,D,20200204,000000,0.2649,0.2678,0.2578,0.2653,0,0
ZB.V,D,20200205,000000,0.2653,0.2841,0.2653,0.2811,0,0
ZB.V,D,20200206,000000,0.2811,0.2937,0.2795,0.2859,0,0
ZB.V,D,20200207,000000,0.2859,0.3156,0.2841,0.3113,0,0
ZB.V,D,20200208,000000,0.3113,0.3165,0.2985,0.3077,0,0
ZB.V,D,20200209,000000,0.3077,0.3203,0.3042,0.3137,0,0
ZB.V,D,20200210,000000,0.3137,0.3891,0.3026,0.3707,0,0
ZB.V,D,20200211,000000,0.3707,0.3978,0.3543,0.3648,0,0
ZB.V,D,20200212,000000,0.3648,0.3771,0.3597,0.3646,0,0
ZB.V,D,20200213,000000,0.3646,0.3844,0.355,0.3787,0,0
ZB.V,D,20200214,000000,0.3787,0.3935,0.3762,0.3789,0,0
ZB.V,D,20200215,000000,0.3789,0.3789,0.3448,0.3556,0,0
ZB.V,D,20200216,000000,0.3556,0.3661,0.3125,0.3376,0,0
ZB.V,D,20200217,000000,0.3376,0.3388,0.3017,0.3281,0,0
ZB.V,D,20200218,000000,0.3281,0.3619,0.3281,0.3413,0,0
ZB.V,D,20200219,000000,0.3413,0.3413,0.3176,0.3211,0,0
ZB.V,D,20200220,000000,0.3211,0.3291,0.3169,0.3289,0,0
ZB.V,D,20200221,000000,0.3289,0.3335,0.3242,0.3282,0,0
ZB.V,D,20200222,000000,0.3282,0.3307,0.3212,0.3258,0,0
ZB.V,D,20200223,000000,0.3258,0.3379,0.3258,0.3309,0,0
ZB.V,D,20200224,000000,0.3309,0.3309,0.3184,0.323,0,0
ZB.V,D,20200225,000000,0.323,0.323,0.3019,0.3037,0,0
ZB.V,D,20200226,000000,0.3037,0.3037,0.2642,0.2726,0,0
ZB.V,D,20200227,000000,0.2726,0.3132,0.271,0.3079,0,0
ZB.V,D,20200228,000000,0.3079,0.3146,0.2963,0.3083,0,0
ZB.V,D,20200229,000000,0.3083,0.3247,0.3007,0.3171,0,0
ZB.V,D,20200301,000000,0.3171,0.3249,0.3091,0.3137,0,0
ZB.V,D,20200302,000000,0.3137,0.3354,0.3137,0.3335,0,0
ZB.V,D,20200303,000000,0.3335,0.3348,0.3234,0.3263,0,0
ZB.V,D,20200304,000000,0.3263,0.3309,0.323,0.3266,0,0
ZB.V,D,20200305,000000,0.3266,0.3379,0.3266,0.3345,0,0
ZB.V,D,20200306,000000,0.3345,0.3453,0.3307,0.3355,0,0
ZB.V,D,20200307,000000,0.3355,0.3355,0.323,0.3301,0,0
ZB.V,D,20200308,000000,0.3301,0.3301,0.2748,0.2988,0,0
ZB.V,D,20200309,000000,0.2988,0.2995,0.2782,0.2925,0,0
ZB.V,D,20200310,000000,0.2925,0.3011,0.2867,0.2905,0,0
ZB.V,D,20200311,000000,0.2905,0.2985,0.2856,0.2952,0,0
ZB.V,D,20200312,000000,0.2952,0.2952,0.1598,0.2095,0,0
ZB.V,D,20200313,000000,0.2095,0.2589,0.2012,0.2242,0,0
ZB.V,D,20200314,000000,0.2242,0.2242,0.2062,0.2146,0,0
ZB.V,D,20200315,000000,0.2146,0.2276,0.206,0.2236,0,0
ZB.V,D,20200316,000000,0.2236,0.2236,0.1983,0.2104,0,0
ZB.V,D,20200317,000000,0.2104,0.2255,0.2085,0.2144,0,0
ZB.V,D,20200318,000000,0.2144,0.229,0.2144,0.219,0,0
ZB.V,D,20200319,000000,0.219,0.2523,0.219,0.2386,0,0
ZB.V,D,20200320,000000,0.2386,0.2473,0.2255,0.2337,0,0
ZB.V,D,20200321,000000,0.2337,0.2422,0.2256,0.2328,0,0
ZB.V,D,20200322,000000,0.2328,0.2328,0.2159,0.2221,0,0
ZB.V,D,20200323,000000,0.2221,0.2514,0.2221,0.2308,0,0
ZB.V,D,20200324,000000,0.2308,0.2455,0.2308,0.236,0,0
ZB.V,D,20200325,000000,0.236,0.2439,0.2288,0.2326,0,0
ZB.V,D,20200326,000000,0.2326,0.2382,0.231,0.231,0,0
ZB.V,D,20200327,000000,0.231,0.2314,0.2182,0.2304,0,0
ZB.V,D,20200328,000000,0.2304,0.2304,0.219,0.2205,0,0
ZB.V,D,20200329,000000,0.2205,0.2205,0.2069,0.2154,0,0
ZB.V,D,20200330,000000,0.2154,0.2354,0.2154,0.2247,0,0
ZB.V,D,20200331,000000,0.2247,0.2262,0.2192,0.2219,0,0
ZB.V,D,20200401,000000,0.2219,0.2392,0.2219,0.2284,0,0
ZB.V,D,20200402,000000,0.2284,0.2347,0.2213,0.2303,0,0
ZB.V,D,20200403,000000,0.2303,0.232,0.2193,0.2294,0,0
ZB.V,D,20200404,000000,0.2294,0.2373,0.2275,0.2314,0,0
ZB.V,D,20200405,000000,0.2314,0.2336,0.2272,0.2292,0,0
ZB.V,D,20200406,000000,0.2292,0.2529,0.2292,0.2448,0,0
ZB.V,D,20200407,000000,0.2448,0.247,0.2352,0.2389,0,0
ZB.V,D,20200408,000000,0.2389,0.2475,0.2389,0.2467,0,0
ZB.V,D,20200409,000000,0.2467,0.2467,0.2381,0.2427,0,0
ZB.V,D,20200410,000000,0.2427,0.2451,0.2236,0.2305,0,0
ZB.V,D,20200411,000000,0.2305,0.2376,0.2295,0.2347,0,0
ZB.V,D,20200412,000000,0.2348,0.2451,0.2278,0.2377,0,0
ZB.V,D,20200413,000000,0.2377,0.239,0.2267,0.2315,0,0
ZB.V,D,20200414,000000,0.2315,0.2388,0.2281,0.2338,0,0
ZB.V,D,20200415,000000,0.2339,0.239,0.2288,0.2302,0,0
ZB.V,D,20200416,000000,0.2302,0.245,0.2279,0.2401,0,0
ZB.V,D,20200417,000000,0.24,0.2425,0.2339,0.2369,0,0
ZB.V,D,20200418,000000,0.2369,0.2466,0.2351,0.2414,0,0
ZB.V,D,20200419,000000,0.2414,0.2442,0.2327,0.2412,0,0
ZB.V,D,20200420,000000,0.241,0.2458,0.2308,0.2331,0,0
ZB.V,D,20200421,000000,0.233,0.2371,0.2296,0.2319,0,0
ZB.V,D,20200422,000000,0.2319,0.2393,0.2286,0.237,0,0
ZB.V,D,20200423,000000,0.237,0.2456,0.2325,0.2407,0,0
ZB.V,D,20200424,000000,0.2407,0.2466,0.2377,0.2406,0,0
ZB.V,D,20200425,000000,0.2405,0.2486,0.236,0.2459,0,0
ZB.V,D,20200426,000000,0.2459,0.248,0.2393,0.2448,0,0
ZB.V,D,20200427,000000,0.2448,0.2503,0.242,0.2434,0,0
ZB.V,D,20200428,000000,0.2433,0.2453,0.24,0.2432,0,0
ZB.V,D,20200429,000000,0.2431,0.2587,0.2426,0.2553,0,0
ZB.V,D,20200430,000000,0.2554,0.2713,0.2449,0.2493,0,0
ZB.V,D,20200501,000000,0.2504,0.2553,0.2464,0.2498,0,0
ZB.V,D,20200502,000000,0.2498,0.255,0.2471,0.2506,0,0
ZB.V,D,20200503,000000,0.2506,0.2574,0.2441,0.245,0,0
ZB.V,D,20200504,000000,0.245,0.2475,0.2322,0.2429,0,0
ZB.V,D,20200505,000000,0.2428,0.2432,0.2354,0.2397,0,0
ZB.V,D,20200506,000000,0.2397,0.2429,0.2368,0.2411,0,0
ZB.V,D,20200507,000000,0.2411,0.2441,0.2359,0.2402,0,0
ZB.V,D,20200508,000000,0.2401,0.2435,0.2382,0.2409,0,0
ZB.V,D,20200509,000000,0.2408,0.2429,0.237,0.2397,0,0
ZB.V,D,20200510,000000,0.2397,0.2406,0.2172,0.2267,0,0
ZB.V,D,20200511,000000,0.2268,0.2292,0.2154,0.2206,0,0
ZB.V,D,20200512,000000,0.2206,0.2237,0.2162,0.2173,0,0
ZB.V,D,20200513,000000,0.2177,0.2299,0.2164,0.227,0,0
ZB.V,D,20200514,000000,0.2269,0.2272,0.2208,0.2247,0,0
ZB.V,D,20200515,000000,0.2246,0.2274,0.2189,0.2224,0,0
ZB.V,D,20200516,000000,0.2224,0.2249,0.2193,0.2219,0,0
ZB.V,D,20200517,000000,0.2219,0.2263,0.2201,0.2246,0,0
ZB.V,D,20200518,000000,0.2246,0.2297,0.2223,0.2242,0,0
ZB.V,D,20200519,000000,0.2242,0.2255,0.2195,0.2232,0,0
ZB.V,D,20200520,000000,0.2232,0.2272,0.2209,0.2227,0,0
ZB.V,D,20200521,000000,0.2227,0.2246,0.2158,0.2199,0,0
ZB.V,D,20200522,000000,0.2199,0.2347,0.2175,0.2294,0,0
ZB.V,D,20200523,000000,0.2294,0.2345,0.2238,0.2289,0,0
ZB.V,D,20200524,000000,0.2289,0.2308,0.2214,0.2241,0,0
ZB.V,D,20200525,000000,0.2242,0.2264,0.2196,0.2258,0,0
ZB.V,D,20200526,000000,0.2258,0.231,0.2241,0.228,0,0
ZB.V,D,20200527,000000,0.2279,0.2297,0.2256,0.2278,0,0
ZB.V,D,20200528,000000,0.2278,0.2305,0.2256,0.2297,0,0
ZB.V,D,20200529,000000,0.2297,0.2326,0.2265,0.2276,0,0
ZB.V,D,20200530,000000,0.2277,0.2325,0.2257,0.2301,0,0
ZB.V,D,20200531,000000,0.2301,0.2391,0.23,0.2305,0,0
ZB.V,D,20200601,000000,0.2305,0.2348,0.2288,0.234,0,0
ZB.V,D,20200602,000000,0.234,0.5871,0.2212,0.2353,0,0
ZB.V,D,20200603,000000,0.2353,0.6438,0.2312,0.2344,0,0
ZB.V,D,20200604,000000,0.2344,0.2367,0.229,0.2339,0,0
ZB.V,D,20200605,000000,0.2339,0.2367,0.2289,0.2306,0,0
ZB.V,D,20200606,000000,0.2307,0.2317,0.2295,0.2303,0,0
ZB.V,D,20200607,000000,0.2303,0.2321,0.225,0.228,0,0
ZB.V,D,20200608,000000,0.228,0.2302,0.2265,0.2284,0,0
ZB.V,D,20200609,000000,0.2284,0.2309,0.2257,0.2293,0,0
ZB.V,D,20200610,000000,0.2293,0.2323,0.2259,0.2313,0,0
ZB.V,D,20200611,000000,0.2313,0.2334,0.2166,0.2232,0,0
ZB.V,D,20200612,000000,0.2231,0.2259,0.2198,0.2241,0,0
ZB.V,D,20200613,000000,0.2241,0.226,0.222,0.2244,0,0
ZB.V,D,20200614,000000,0.2244,0.2258,0.2219,0.2227,0,0
ZB.V,D,20200615,000000,0.2228,0.2233,0.2135,0.2187,0,0
ZB.V,D,20200616,000000,0.2188,0.2209,0.2168,0.2192,0,0
ZB.V,D,20200617,000000,0.2191,0.2205,0.2124,0.216,0,0
ZB.V,D,20200618,000000,0.216,0.2179,0.2135,0.2159,0,0
ZB.V,D,20200619,000000,0.2159,0.25,0.2118,0.215,0,0
ZB.V,D,20200620,000000,0.215,0.2485,0.2116,0.2135,0,0
ZB.V,D,20200621,000000,0.2135,0.2172,0.2133,0.2155,0,0
ZB.V,D,20200622,000000,0.2155,0.2251,0.2145,0.2195,0,0
ZB.V,D,20200623,000000,0.2195,0.221,0.2164,0.2178,0,0
ZB.V,D,20200624,000000,0.2178,0.2182,0.2102,0.2124,0,0
ZB.V,D,20200625,000000,0.2124,0.22,0.2114,0.2167,0,0
ZB.V,D,20200626,000000,0.2167,0.4338,0.2147,0.2243,0,0
ZB.V,D,20200627,000000,0.2243,0.233,0.2225,0.2267,0,0
ZB.V,D,20200628,000000,0.2267,0.2272,0.211,0.2191,0,0
ZB.V,D,20200629,000000,0.2191,0.2198,0.2157,0.2177,0,0
ZB.V,D,20200630,000000,0.2177,0.2193,0.2154,0.2168,0,0
ZB.V,D,20200701,000000,0.2168,0.2237,0.2162,0.2199,0,0
ZB.V,D,20200702,000000,0.2199,0.2312,0.2169,0.2218,0,0
ZB.V,D,20200703,000000,0.2214,0.2224,0.2156,0.218,0,0
ZB.V,D,20200704,000000,0.2181,0.2193,0.2165,0.2184,0,0
ZB.V,D,20200705,000000,0.2184,0.2192,0.2148,0.2178,0,0
ZB.V,D,20200706,000000,0.2178,0.2259,0.2169,0.2248,0,0
ZB.V,D,20200707,000000,0.2247,0.2256,0.2206,0.2224,0,0
ZB.V,D,20200708,000000,0.2224,0.2276,0.2185,0.227,0,0
ZB.V,D,20200709,000000,0.227,0.2278,0.2216,0.2229,0,0
ZB.V,D,20200710,000000,0.2229,0.2245,0.2196,0.2204,0,0
ZB.V,D,20200711,000000,0.2204,0.2228,0.2197,0.2217,0,0
ZB.V,D,20200712,000000,0.2217,0.2239,0.2197,0.2212,0,0
ZB.V,D,20200713,000000,0.2212,0.2232,0.2188,0.2209,0,0
ZB.V,D,20200714,000000,0.2209,0.2223,0.2175,0.2216,0,0
ZB.V,D,20200715,000000,0.2216,0.222,0.2194,0.2199,0,0
ZB.V,D,20200716,000000,0.2199,0.2206,0.2149,0.2172,0,0
ZB.V,D,20200717,000000,0.2172,0.2195,0.2085,0.2191,0,0
ZB.V,D,20200718,000000,0.2191,0.2238,0.2183,0.2202,0,0
ZB.V,D,20200719,000000,0.2201,0.2226,0.2198,0.2208,0,0
ZB.V,D,20200720,000000,0.2208,0.2274,0.2203,0.2226,0,0
ZB.V,D,20200721,000000,0.2227,0.2241,0.2203,0.223,0,0
ZB.V,D,20200722,000000,0.2228,0.2234,0.2225,0.2232,0,0
