<TICKER>,<PER>,<DATE>,<TIME>,<OPEN>,<HIGH>,<LOW>,<CLOSE>,<VOL>,<OPENINT>
ZEC.V,D,20161028,000000,2100,5000,2100,5000,0,0
ZEC.V,D,20161029,000000,12001,30000,4000,4000,0,0
ZEC.V,D,20161030,000000,4000,4000,475,650,0,0
ZEC.V,D,20161031,000000,650,3000,475,1600,0,0
ZEC.V,D,20161101,000000,1600,2175,1200,1550,0,0
ZEC.V,D,20161102,000000,1550,1550,840,907.27,0,0
ZEC.V,D,20161103,000000,907.27,1099.99,835,835.01,0,0
ZEC.V,D,20161104,000000,835.01,900,547.5,600,0,0
ZEC.V,D,20161105,000000,600,624.34,501.01,507,0,0
ZEC.V,D,20161106,000000,507,515.99,275,309.11,0,0
ZEC.V,D,20161107,000000,309.11,334.82,229.03,240,0,0
ZEC.V,D,20161108,000000,240,275,166.79,275,0,0
ZEC.V,D,20161109,000000,275,400,210.05,267,0,0
ZEC.V,D,20161110,000000,267,278.88,210.05,212.09,0,0
ZEC.V,D,20161111,000000,212.09,229.93,179.01,181.23,0,0
ZEC.V,D,20161112,000000,181.23,198.98,139,140.95,0,0
ZEC.V,D,20161113,000000,140.95,162.52,110,120,0,0
ZEC.V,D,20161114,000000,120,120,89.24,105.1,0,0
ZEC.V,D,20161115,000000,105.1,134.98,90.06,113.9,0,0
ZEC.V,D,20161116,000000,113.9,118,93.5,93.56,0,0
ZEC.V,D,20161117,000000,93.56,98.98,84.47,84.47,0,0
ZEC.V,D,20161118,000000,84.47,86.2,68.07,68.07,0,0
ZEC.V,D,20161119,000000,68.07,70.92,62.86,62.92,0,0
ZEC.V,D,20161120,000000,62.92,74.75,60.66,60.66,0,0
ZEC.V,D,20161121,000000,60.66,60.66,55,55.01,0,0
ZEC.V,D,20161122,000000,55.01,73.42,55,59.59,0,0
ZEC.V,D,20161123,000000,59.59,99.72,56.19,81.19,0,0
ZEC.V,D,20161124,000000,81.19,105.46,69.85,100,0,0
ZEC.V,D,20161125,000000,100,123,83.79,90.54,0,0
ZEC.V,D,20161126,000000,90.54,94,75,75,0,0
ZEC.V,D,20161127,000000,75,77.95,66.1,73.65,0,0
ZEC.V,D,20161128,000000,73.65,74.11,65.05,74.11,0,0
ZEC.V,D,20161129,000000,74.11,77.37,65,68,0,0
ZEC.V,D,20161130,000000,68,73.3,65,67.21,0,0
ZEC.V,D,20161201,000000,67.21,68.59,62.16,63,0,0
ZEC.V,D,20161202,000000,63,65.14,60,60,0,0
ZEC.V,D,20161203,000000,60,67.2,57.41,58,0,0
ZEC.V,D,20161204,000000,58,62.31,57.38,57.85,0,0
ZEC.V,D,20161205,000000,57.85,57.85,50,50,0,0
ZEC.V,D,20161206,000000,50,52,46.74,49.25,0,0
ZEC.V,D,20161207,000000,49.25,62.36,46.08,55.9,0,0
ZEC.V,D,20161208,000000,55.9,56.93,52.21,53.99,0,0
ZEC.V,D,20161209,000000,53.99,53.99,49.48,49.48,0,0
ZEC.V,D,20161210,000000,49.48,52.53,47.44,47.86,0,0
ZEC.V,D,20161211,000000,47.86,50.65,47.14,48.95,0,0
ZEC.V,D,20161212,000000,48.95,50.49,47.79,48.39,0,0
ZEC.V,D,20161213,000000,48.39,49.7,46.69,46.69,0,0
ZEC.V,D,20161214,000000,46.69,46.69,42.55,44,0,0
ZEC.V,D,20161215,000000,44,44,39.44,39.45,0,0
ZEC.V,D,20161216,000000,39.45,42.18,39.45,39.65,0,0
ZEC.V,D,20161217,000000,39.65,40.47,35.68,35.9,0,0
ZEC.V,D,20161218,000000,35.9,41.35,35,36.06,0,0
ZEC.V,D,20161219,000000,36.06,36.89,33.44,34.18,0,0
ZEC.V,D,20161220,000000,34.18,39.99,33.89,36.83,0,0
ZEC.V,D,20161221,000000,36.83,38.94,35.2,35.44,0,0
ZEC.V,D,20161222,000000,35.44,48.99,35.44,48.99,0,0
ZEC.V,D,20161223,000000,48.99,62.82,45.25,53.55,0,0
ZEC.V,D,20161224,000000,53.55,54.41,46.77,46.77,0,0
ZEC.V,D,20161225,000000,46.77,48.78,42.72,45.56,0,0
ZEC.V,D,20161226,000000,45.56,45.56,41.99,43.01,0,0
ZEC.V,D,20161227,000000,43.01,47.33,35,44.01,0,0
ZEC.V,D,20161228,000000,44.01,54.22,43.02,48.87,0,0
ZEC.V,D,20161229,000000,48.87,54.99,47.98,50.2,0,0
ZEC.V,D,20161230,000000,50.2,52.77,49.55,52,0,0
ZEC.V,D,20161231,000000,52,52,48,48,0,0
ZEC.V,D,20170101,000000,48,49.01,47.38,49,0,0
ZEC.V,D,20170102,000000,49,53.01,47.41,50.08,0,0
ZEC.V,D,20170103,000000,50.08,55.3,47.5,50,0,0
ZEC.V,D,20170104,000000,50,54.7,49.11,53.14,0,0
ZEC.V,D,20170105,000000,53.14,58.01,44.01,49.99,0,0
ZEC.V,D,20170106,000000,49.99,51.01,45.65,46.29,0,0
ZEC.V,D,20170107,000000,46.29,48,44.45,46.75,0,0
ZEC.V,D,20170108,000000,46.75,47.88,45.15,45.15,0,0
ZEC.V,D,20170109,000000,45.15,47.5,45.15,45.49,0,0
ZEC.V,D,20170110,000000,45.49,47.01,45.3,45.3,0,0
ZEC.V,D,20170111,000000,45.3,45.6,38.85,40.04,0,0
ZEC.V,D,20170112,000000,40.04,47.88,39.84,43,0,0
ZEC.V,D,20170113,000000,43,45.01,42.21,43.04,0,0
ZEC.V,D,20170114,000000,43.04,50,43.04,44.98,0,0
ZEC.V,D,20170115,000000,44.98,45.01,43.4,44.21,0,0
ZEC.V,D,20170116,000000,44.21,50,43.4,43.42,0,0
ZEC.V,D,20170117,000000,43.42,45.87,43.41,45.01,0,0
ZEC.V,D,20170118,000000,45.01,45.01,42.5,43.24,0,0
ZEC.V,D,20170119,000000,43.24,44.39,43.06,43.99,0,0
ZEC.V,D,20170120,000000,43.99,44.5,43.01,43.28,0,0
ZEC.V,D,20170121,000000,43.28,45,43.07,43.26,0,0
ZEC.V,D,20170122,000000,43.26,44.59,42.9,42.9,0,0
ZEC.V,D,20170123,000000,42.9,43.98,42.56,42.56,0,0
ZEC.V,D,20170124,000000,42.56,43.9,41.04,41.05,0,0
ZEC.V,D,20170125,000000,41.05,41.11,39.02,39.11,0,0
ZEC.V,D,20170126,000000,39.11,41.97,37.11,37.11,0,0
ZEC.V,D,20170127,000000,37.11,40.35,37.11,38.81,0,0
ZEC.V,D,20170128,000000,38.81,38.81,37.86,38,0,0
ZEC.V,D,20170129,000000,38,40.9,37.97,38.72,0,0
ZEC.V,D,20170130,000000,38.72,40.4,38.16,40.3,0,0
ZEC.V,D,20170131,000000,40.3,40.4,38,39.72,0,0
ZEC.V,D,20170201,000000,39.72,40.13,38.93,39.3,0,0
ZEC.V,D,20170202,000000,39.3,40.39,38.75,39.78,0,0
ZEC.V,D,20170203,000000,39.78,39.78,37.25,38.5,0,0
ZEC.V,D,20170204,000000,38.5,39.41,37.86,39,0,0
ZEC.V,D,20170205,000000,39,39.13,37.52,37.52,0,0
ZEC.V,D,20170206,000000,37.52,38,37,37.1,0,0
ZEC.V,D,20170207,000000,37.1,37.1,34.89,36.29,0,0
ZEC.V,D,20170208,000000,36.29,36.56,34.33,34.56,0,0
ZEC.V,D,20170209,000000,34.56,35.52,32,32.57,0,0
ZEC.V,D,20170210,000000,32.57,33.24,32.1,32.51,0,0
ZEC.V,D,20170211,000000,32.51,33.95,32.38,32.58,0,0
ZEC.V,D,20170212,000000,32.58,32.9,31.04,31.04,0,0
ZEC.V,D,20170213,000000,31.04,31.68,30.03,30.71,0,0
ZEC.V,D,20170214,000000,30.71,33.15,30.24,33.15,0,0
ZEC.V,D,20170215,000000,33.15,34.08,31.22,33.67,0,0
ZEC.V,D,20170216,000000,33.67,34.35,32.65,33,0,0
ZEC.V,D,20170217,000000,33,33.44,31.63,32,0,0
ZEC.V,D,20170218,000000,32,32,30.62,30.62,0,0
ZEC.V,D,20170219,000000,30.62,30.84,30.18,30.28,0,0
ZEC.V,D,20170220,000000,30.28,31.53,30.28,31.13,0,0
ZEC.V,D,20170221,000000,31.13,31.13,22,30.21,0,0
ZEC.V,D,20170222,000000,30.21,30.21,27,27,0,0
ZEC.V,D,20170223,000000,27,33.01,26.43,30.01,0,0
ZEC.V,D,20170224,000000,30.01,32.01,28.01,30.35,0,0
ZEC.V,D,20170225,000000,30.35,30.72,28.58,29.02,0,0
ZEC.V,D,20170226,000000,29.02,30.01,28.01,29.24,0,0
ZEC.V,D,20170227,000000,29.24,38.94,29.24,36.16,0,0
ZEC.V,D,20170228,000000,36.16,38.52,34.7,36.87,0,0
ZEC.V,D,20170301,000000,36.87,42.01,36.87,41.65,0,0
ZEC.V,D,20170302,000000,41.65,42.9,35,39.7,0,0
ZEC.V,D,20170303,000000,39.7,42.2,37.71,41.38,0,0
ZEC.V,D,20170304,000000,41.38,43.01,35,41.5,0,0
ZEC.V,D,20170305,000000,41.5,41.5,38.83,39.4,0,0
ZEC.V,D,20170306,000000,39.4,40.03,37.67,39.49,0,0
ZEC.V,D,20170307,000000,39.49,40.63,37.4,37.83,0,0
ZEC.V,D,20170308,000000,37.83,37.83,34.88,36,0,0
ZEC.V,D,20170309,000000,36,37.49,34.15,36.55,0,0
ZEC.V,D,20170310,000000,36.55,39.01,32.01,34.4,0,0
ZEC.V,D,20170311,000000,34.4,39.44,34.4,38.91,0,0
ZEC.V,D,20170312,000000,38.91,44,37.27,39.14,0,0
ZEC.V,D,20170313,000000,39.14,48.99,39.14,48,0,0
ZEC.V,D,20170314,000000,48,49,42.89,44.03,0,0
ZEC.V,D,20170315,000000,44.03,50,43.02,46.3,0,0
ZEC.V,D,20170316,000000,46.3,53,45.01,47.85,0,0
ZEC.V,D,20170317,000000,47.85,53.01,40.1,45.02,0,0
ZEC.V,D,20170318,000000,45.02,80.41,45,64,0,0
ZEC.V,D,20170319,000000,64,78.74,50,65.01,0,0
ZEC.V,D,20170320,000000,65.01,78,65.01,71.68,0,0
ZEC.V,D,20170321,000000,71.68,75,63,65.04,0,0
ZEC.V,D,20170322,000000,65.04,70.27,63.51,66.42,0,0
ZEC.V,D,20170323,000000,66.42,68.14,64.68,65.49,0,0
ZEC.V,D,20170324,000000,65.49,80,60.4,62.89,0,0
ZEC.V,D,20170325,000000,62.89,66.32,61.78,61.94,0,0
ZEC.V,D,20170326,000000,61.94,63.79,58,58.26,0,0
ZEC.V,D,20170327,000000,58.26,61.2,53,56.42,0,0
ZEC.V,D,20170328,000000,56.42,74.77,52.79,63.11,0,0
ZEC.V,D,20170329,000000,63.11,67.68,61,62.54,0,0
ZEC.V,D,20170330,000000,62.54,64.1,60.56,60.56,0,0
ZEC.V,D,20170331,000000,60.56,64.91,60.12,62.22,0,0
ZEC.V,D,20170401,000000,62.22,64.33,61.38,61.57,0,0
ZEC.V,D,20170402,000000,61.57,62.4,59.15,59.25,0,0
ZEC.V,D,20170403,000000,59.25,63.81,59.25,59.26,0,0
ZEC.V,D,20170404,000000,59.26,60.45,57.52,59.55,0,0
ZEC.V,D,20170405,000000,59.55,61.5,57.79,59.99,0,0
ZEC.V,D,20170406,000000,59.99,64,54.01,59.31,0,0
ZEC.V,D,20170407,000000,59.31,62.84,55.54,60.56,0,0
ZEC.V,D,20170408,000000,60.56,66.44,58.13,63.41,0,0
ZEC.V,D,20170409,000000,63.41,78.95,62.82,63.48,0,0
ZEC.V,D,20170410,000000,63.48,70.24,62.53,64.86,0,0
ZEC.V,D,20170411,000000,64.86,66.64,60.03,61.78,0,0
ZEC.V,D,20170412,000000,61.78,64.86,60.93,62.32,0,0
ZEC.V,D,20170413,000000,62.32,65.01,59.28,64.13,0,0
ZEC.V,D,20170414,000000,64.13,73.51,63.28,72.09,0,0
ZEC.V,D,20170415,000000,72.09,77.5,62,75.24,0,0
ZEC.V,D,20170416,000000,75.24,75.24,70,71,0,0
ZEC.V,D,20170417,000000,71,72.35,69,69.66,0,0
ZEC.V,D,20170418,000000,69.66,72.5,69.29,69.71,0,0
ZEC.V,D,20170419,000000,69.71,72.04,69.4,70,0,0
ZEC.V,D,20170420,000000,70,70.5,65.63,65.96,0,0
ZEC.V,D,20170421,000000,65.96,70.17,65.96,68.83,0,0
ZEC.V,D,20170422,000000,68.83,69.67,67.21,68,0,0
ZEC.V,D,20170423,000000,68,69.15,66.89,68.53,0,0
ZEC.V,D,20170424,000000,68.53,69.64,66.88,67.58,0,0
ZEC.V,D,20170425,000000,67.58,70,67.58,69.9,0,0
ZEC.V,D,20170426,000000,69.9,75.89,69.08,72.5,0,0
ZEC.V,D,20170427,000000,72.5,81,71.67,78.4,0,0
ZEC.V,D,20170428,000000,78.4,88.66,77.05,85,0,0
ZEC.V,D,20170429,000000,85,98.6,83.21,96,0,0
ZEC.V,D,20170430,000000,96,100.72,86.66,92.72,0,0
ZEC.V,D,20170501,000000,92.72,108,76,87.06,0,0
ZEC.V,D,20170502,000000,87.06,95.9,86.31,93.5,0,0
ZEC.V,D,20170503,000000,93.5,95,86,92.93,0,0
ZEC.V,D,20170504,000000,92.93,103.68,90.01,98.75,0,0
ZEC.V,D,20170505,000000,98.75,113.5,97.05,100.25,0,0
ZEC.V,D,20170506,000000,100.25,109,100.25,105.32,0,0
ZEC.V,D,20170507,000000,105.32,107.09,90,95,0,0
ZEC.V,D,20170508,000000,95,108.5,95,103.25,0,0
ZEC.V,D,20170509,000000,103.25,103.97,85.01,94.39,0,0
ZEC.V,D,20170510,000000,94.39,102,92,96.89,0,0
ZEC.V,D,20170511,000000,96.89,99.71,92,93.52,0,0
ZEC.V,D,20170512,000000,93.52,101.8,93.49,96.52,0,0
ZEC.V,D,20170513,000000,96.52,99,93,95.75,0,0
ZEC.V,D,20170514,000000,95.75,98,93,95.95,0,0
ZEC.V,D,20170515,000000,95.95,97.96,92.66,94,0,0
ZEC.V,D,20170516,000000,94,95.2,90,91.32,0,0
ZEC.V,D,20170517,000000,91.32,95.65,86,92.97,0,0
ZEC.V,D,20170518,000000,92.97,95.9,87.18,94.27,0,0
ZEC.V,D,20170519,000000,94.27,107.41,94.27,103.82,0,0
ZEC.V,D,20170520,000000,103.82,108.86,103.57,104.85,0,0
ZEC.V,D,20170521,000000,104.85,122.23,103.13,118.34,0,0
ZEC.V,D,20170522,000000,118.34,300,99.99,198.77,0,0
ZEC.V,D,20170523,000000,198.77,298.8,188.11,231.79,0,0
ZEC.V,D,20170524,000000,231.79,284.9,225,232.2,0,0
ZEC.V,D,20170525,000000,232.2,271.95,192.28,216.74,0,0
ZEC.V,D,20170526,000000,216.74,249.81,156.68,200,0,0
ZEC.V,D,20170527,000000,200,205.06,131.27,180.99,0,0
ZEC.V,D,20170528,000000,180.99,211,177.91,190.42,0,0
ZEC.V,D,20170529,000000,190.42,209.93,182,201.96,0,0
ZEC.V,D,20170530,000000,201.96,249,201.11,223.73,0,0
ZEC.V,D,20170531,000000,223.73,249,223.73,231.36,0,0
ZEC.V,D,20170601,000000,231.36,269,228,245.73,0,0
ZEC.V,D,20170602,000000,245.73,258,237.71,237.83,0,0
ZEC.V,D,20170603,000000,237.83,244.66,220.13,225.94,0,0
ZEC.V,D,20170604,000000,225.94,242.93,219.83,238.87,0,0
ZEC.V,D,20170605,000000,238.87,273.1,231.95,246.46,0,0
ZEC.V,D,20170606,000000,246.46,298.01,240.82,256.8,0,0
ZEC.V,D,20170607,000000,256.8,325.92,253.58,264.69,0,0
ZEC.V,D,20170608,000000,264.69,289.91,259.9,270.26,0,0
ZEC.V,D,20170609,000000,270.26,292.56,253.44,279.03,0,0
ZEC.V,D,20170610,000000,279.03,322.51,275.92,321.01,0,0
ZEC.V,D,20170611,000000,321.01,339.57,299.63,324.01,0,0
ZEC.V,D,20170612,000000,324.01,336.74,250.99,301.93,0,0
ZEC.V,D,20170613,000000,301.93,380.54,301.18,364.42,0,0
ZEC.V,D,20170614,000000,364.42,453.05,324.5,381.92,0,0
ZEC.V,D,20170615,000000,381.92,409.47,275.82,394.77,0,0
ZEC.V,D,20170616,000000,394.77,404.77,359.61,381.03,0,0
ZEC.V,D,20170617,000000,381.03,405.39,355.45,394.21,0,0
ZEC.V,D,20170618,000000,394.21,398.18,361.92,369.01,0,0
ZEC.V,D,20170619,000000,369.01,406.69,338.08,401.68,0,0
ZEC.V,D,20170620,000000,401.68,439.35,397.07,410.68,0,0
ZEC.V,D,20170621,000000,410.68,417.69,346.33,381.34,0,0
ZEC.V,D,20170622,000000,381.34,403.72,363.02,379.23,0,0
ZEC.V,D,20170623,000000,379.23,409.37,373.06,374.68,0,0
ZEC.V,D,20170624,000000,374.68,389.82,338.39,351.35,0,0
ZEC.V,D,20170625,000000,351.35,351.9,285.81,313.92,0,0
ZEC.V,D,20170626,000000,313.92,333.53,245.19,295.92,0,0
ZEC.V,D,20170627,000000,295.92,360.96,266.05,335.58,0,0
ZEC.V,D,20170628,000000,335.58,344.2,312.99,336.91,0,0
ZEC.V,D,20170629,000000,336.91,343.23,304.89,313.57,0,0
ZEC.V,D,20170630,000000,313.57,317.77,287.83,291.72,0,0
ZEC.V,D,20170701,000000,291.72,297.95,258.71,275.39,0,0
ZEC.V,D,20170702,000000,275.39,297.96,258.67,293.63,0,0
ZEC.V,D,20170703,000000,293.63,294.79,276.5,288.91,0,0
ZEC.V,D,20170704,000000,288.91,298.35,274.54,281.63,0,0
ZEC.V,D,20170705,000000,281.63,286.92,266.95,282.44,0,0
ZEC.V,D,20170706,000000,282.44,295.12,273.23,285.91,0,0
ZEC.V,D,20170707,000000,285.91,290.08,246.16,248.06,0,0
ZEC.V,D,20170708,000000,248.06,250.43,231.26,249.8,0,0
ZEC.V,D,20170709,000000,249.8,262.78,241.24,241.43,0,0
ZEC.V,D,20170710,000000,241.43,242.65,179.5,196.09,0,0
ZEC.V,D,20170711,000000,196.09,206.56,167.65,176.76,0,0
ZEC.V,D,20170712,000000,176.76,221.06,163.3,211.4,0,0
ZEC.V,D,20170713,000000,211.4,219.84,184.87,194.59,0,0
ZEC.V,D,20170714,000000,194.59,196.94,165.57,177.06,0,0
ZEC.V,D,20170715,000000,177.06,178.45,155.38,160.34,0,0
ZEC.V,D,20170716,000000,160.34,166.73,138.12,163.34,0,0
ZEC.V,D,20170717,000000,163.34,181.29,147.6,179.21,0,0
ZEC.V,D,20170718,000000,179.21,225.23,168.64,200.07,0,0
ZEC.V,D,20170719,000000,200.07,218.31,177.44,181.23,0,0
ZEC.V,D,20170720,000000,181.23,217.88,180.76,209.58,0,0
ZEC.V,D,20170721,000000,209.58,217,197.47,203.65,0,0
ZEC.V,D,20170722,000000,203.65,235.76,200.38,218.97,0,0
ZEC.V,D,20170723,000000,218.97,227.85,207.77,211.88,0,0
ZEC.V,D,20170724,000000,211.88,213.95,207.63,210.78,0,0
ZEC.V,D,20170725,000000,210.78,211.87,176.61,186.7,0,0
ZEC.V,D,20170726,000000,186.7,190.42,174.85,189.18,0,0
ZEC.V,D,20170727,000000,189.18,192.42,181.87,186.74,0,0
ZEC.V,D,20170728,000000,186.74,190.76,172.26,175.5,0,0
ZEC.V,D,20170729,000000,175.5,187.61,165.56,186.02,0,0
ZEC.V,D,20170730,000000,186.02,186.28,172.71,173.54,0,0
ZEC.V,D,20170731,000000,173.54,177.55,166.91,172.29,0,0
ZEC.V,D,20170801,000000,172.29,194.7,170.8,189.89,0,0
ZEC.V,D,20170802,000000,189.89,210.37,182.36,188.7,0,0
ZEC.V,D,20170803,000000,188.7,191.32,182.63,187.94,0,0
ZEC.V,D,20170804,000000,187.94,190.89,184.24,186.64,0,0
ZEC.V,D,20170805,000000,186.64,213.98,184.23,205.53,0,0
ZEC.V,D,20170806,000000,205.53,214.04,200.24,208.12,0,0
ZEC.V,D,20170807,000000,208.12,211.34,204.17,208.4,0,0
ZEC.V,D,20170808,000000,208.4,259.03,207.02,247.89,0,0
ZEC.V,D,20170809,000000,247.89,261.71,225.03,241.86,0,0
ZEC.V,D,20170810,000000,241.86,248.45,231.28,231.75,0,0
ZEC.V,D,20170811,000000,231.75,236.28,225.34,235.3,0,0
ZEC.V,D,20170812,000000,235.3,236.78,217.82,223.23,0,0
ZEC.V,D,20170813,000000,223.23,225.25,195.06,213.47,0,0
ZEC.V,D,20170814,000000,213.47,217.99,202.36,210.69,0,0
ZEC.V,D,20170815,000000,210.69,213.43,198.39,212.03,0,0
ZEC.V,D,20170816,000000,212.03,219.14,205.1,217.24,0,0
ZEC.V,D,20170817,000000,217.24,218.24,205.61,208.9,0,0
ZEC.V,D,20170818,000000,208.9,211.81,199.1,200.01,0,0
ZEC.V,D,20170819,000000,200.01,247.4,190.95,232.81,0,0
ZEC.V,D,20170820,000000,232.81,252.51,224,240.05,0,0
ZEC.V,D,20170821,000000,240.05,258.1,230.04,237.28,0,0
ZEC.V,D,20170822,000000,237.28,239.74,207.15,226.03,0,0
ZEC.V,D,20170823,000000,226.03,239.93,223.46,227.68,0,0
ZEC.V,D,20170824,000000,227.68,231.87,223.91,227.48,0,0
ZEC.V,D,20170825,000000,227.48,256.86,227.05,237.9,0,0
ZEC.V,D,20170826,000000,237.9,300.11,235.75,299.63,0,0
ZEC.V,D,20170827,000000,299.63,299.85,265,273.78,0,0
ZEC.V,D,20170828,000000,273.78,281.91,254.91,276.17,0,0
ZEC.V,D,20170829,000000,276.17,277.19,264.47,270.04,0,0
ZEC.V,D,20170830,000000,270.04,281.3,268.32,275.18,0,0
ZEC.V,D,20170831,000000,275.18,287.75,271.6,286.49,0,0
ZEC.V,D,20170901,000000,286.49,312.25,282.86,306.36,0,0
ZEC.V,D,20170902,000000,306.36,311.29,232.2,251.87,0,0
ZEC.V,D,20170903,000000,251.87,270.97,241.17,262.72,0,0
ZEC.V,D,20170904,000000,262.72,263.89,199.78,219.9,0,0
ZEC.V,D,20170905,000000,219.9,238.75,197.93,229.78,0,0
ZEC.V,D,20170906,000000,229.78,250.42,226.42,247.51,0,0
ZEC.V,D,20170907,000000,247.51,252.17,235.57,248.11,0,0
ZEC.V,D,20170908,000000,248.11,248.6,212.09,220.97,0,0
ZEC.V,D,20170909,000000,220.97,223.47,209.26,219.25,0,0
ZEC.V,D,20170910,000000,219.25,227.55,198.43,217.27,0,0
ZEC.V,D,20170911,000000,217.27,222.43,210.01,213.69,0,0
ZEC.V,D,20170912,000000,213.69,224.95,205.04,209.71,0,0
ZEC.V,D,20170913,000000,209.71,211.66,182.69,198.93,0,0
ZEC.V,D,20170914,000000,198.93,206.83,161.02,161.93,0,0
ZEC.V,D,20170915,000000,161.93,192.54,142.58,187.02,0,0
ZEC.V,D,20170916,000000,187.02,190.78,168.91,179.36,0,0
ZEC.V,D,20170917,000000,179.36,180.4,168.49,177.04,0,0
ZEC.V,D,20170918,000000,177.04,196.6,176.91,195.02,0,0
ZEC.V,D,20170919,000000,195.02,197.06,184.09,188.5,0,0
ZEC.V,D,20170920,000000,188.5,194.01,183.66,188.25,0,0
ZEC.V,D,20170921,000000,188.25,191.82,174.88,175.41,0,0
ZEC.V,D,20170922,000000,175.41,204.69,175.06,196.12,0,0
ZEC.V,D,20170923,000000,196.12,216.4,192.28,204.83,0,0
ZEC.V,D,20170924,000000,204.83,208.2,199.66,205.57,0,0
ZEC.V,D,20170925,000000,205.57,235.27,201.53,231.3,0,0
ZEC.V,D,20170926,000000,231.3,235.71,228.85,232.13,0,0
ZEC.V,D,20170927,000000,232.13,298.09,229.73,286.72,0,0
ZEC.V,D,20170928,000000,286.72,428.42,281.54,311.19,0,0
ZEC.V,D,20170929,000000,311.19,312.25,270.28,289.83,0,0
ZEC.V,D,20170930,000000,289.83,294.86,275.82,278,0,0
ZEC.V,D,20171001,000000,278,280.38,264.76,265.54,0,0
ZEC.V,D,20171002,000000,265.54,278.53,253.82,257,0,0
ZEC.V,D,20171003,000000,257,261.12,236.73,252.65,0,0
ZEC.V,D,20171004,000000,252.65,253.51,236.18,237.31,0,0
ZEC.V,D,20171005,000000,237.31,267.27,227.07,256.03,0,0
ZEC.V,D,20171006,000000,256.03,274.64,252.43,257.95,0,0
ZEC.V,D,20171007,000000,257.95,259.71,244.46,254,0,0
ZEC.V,D,20171008,000000,254,257.59,241.01,242.19,0,0
ZEC.V,D,20171009,000000,242.19,243.53,223.48,229.39,0,0
ZEC.V,D,20171010,000000,229.39,243.35,225.96,234.53,0,0
ZEC.V,D,20171011,000000,234.53,239.63,231.12,236.24,0,0
ZEC.V,D,20171012,000000,236.24,237.5,226.03,226.92,0,0
ZEC.V,D,20171013,000000,226.92,253.62,221.37,238.93,0,0
ZEC.V,D,20171014,000000,238.93,242.7,237.05,239.66,0,0
ZEC.V,D,20171015,000000,239.66,240.35,227.38,232.29,0,0
ZEC.V,D,20171016,000000,232.38,236.4,229.83,233.25,0,0
ZEC.V,D,20171017,000000,233.25,249.31,227.7,229.99,0,0
ZEC.V,D,20171018,000000,229.97,233.58,214.29,228.41,0,0
ZEC.V,D,20171019,000000,228.46,238.77,224.17,230.08,0,0
ZEC.V,D,20171020,000000,230.1,234.35,221.29,221.36,0,0
ZEC.V,D,20171021,000000,221.36,223.04,207.36,211.8,0,0
ZEC.V,D,20171022,000000,211.9,219.22,207.75,213.08,0,0
ZEC.V,D,20171023,000000,212.96,213.27,199.2,204.88,0,0
ZEC.V,D,20171024,000000,204.86,227.16,201.78,214.86,0,0
ZEC.V,D,20171025,000000,214.88,227.6,207.08,216.3,0,0
ZEC.V,D,20171026,000000,216.27,236.83,215.71,233.33,0,0
ZEC.V,D,20171027,000000,233.6,256.37,222.37,243.53,0,0
ZEC.V,D,20171028,000000,243.53,244.76,228.59,228.86,0,0
ZEC.V,D,20171029,000000,228.79,239.23,223.02,233.16,0,0
ZEC.V,D,20171030,000000,233.15,245.41,229.97,239.75,0,0
ZEC.V,D,20171031,000000,239.69,239.82,230.34,232.12,0,0
ZEC.V,D,20171101,000000,232.44,233.32,218.7,221.21,0,0
ZEC.V,D,20171102,000000,221.19,222.5,209.78,216.68,0,0
ZEC.V,D,20171103,000000,216.64,240.44,214.54,231.16,0,0
ZEC.V,D,20171104,000000,231.05,234.46,223.72,229.84,0,0
ZEC.V,D,20171105,000000,229.81,231.87,223.7,224.97,0,0
ZEC.V,D,20171106,000000,224.95,236.67,221.08,227.2,0,0
ZEC.V,D,20171107,000000,227.29,243.78,226.23,238.48,0,0
ZEC.V,D,20171108,000000,238.34,251.83,236.27,249.71,0,0
ZEC.V,D,20171109,000000,249.71,271.07,242.79,260.77,0,0
ZEC.V,D,20171110,000000,260.78,273.61,228.33,235.85,0,0
ZEC.V,D,20171111,000000,235.93,268.94,233.99,252.61,0,0
ZEC.V,D,20171112,000000,252.69,281.04,229.51,280.93,0,0
ZEC.V,D,20171113,000000,281.2,294.49,253.12,263.17,0,0
ZEC.V,D,20171114,000000,263.16,275.28,260.67,269.15,0,0
ZEC.V,D,20171115,000000,269.18,294.92,268.84,287.59,0,0
ZEC.V,D,20171116,000000,287.53,320.8,285.22,295.23,0,0
ZEC.V,D,20171117,000000,295.13,297.1,281.23,290.31,0,0
ZEC.V,D,20171118,000000,290.39,304.46,284.93,297.24,0,0
ZEC.V,D,20171119,000000,297.27,303,294.22,299.66,0,0
ZEC.V,D,20171120,000000,299.99,306.64,296.79,303.86,0,0
ZEC.V,D,20171121,000000,303.72,309.85,281.14,289.52,0,0
ZEC.V,D,20171122,000000,289.56,321.87,289.46,318.26,0,0
ZEC.V,D,20171123,000000,318.35,321.03,301.25,309.63,0,0
ZEC.V,D,20171124,000000,309.63,353.66,299.84,348.83,0,0
ZEC.V,D,20171125,000000,349.12,363.09,336.87,343.32,0,0
ZEC.V,D,20171126,000000,343.31,346.37,329.5,336.43,0,0
ZEC.V,D,20171127,000000,336.43,345.25,326.88,344.77,0,0
ZEC.V,D,20171128,000000,344.77,370.64,339.98,361.1,0,0
ZEC.V,D,20171129,000000,361.09,374.16,255.01,302.09,0,0
ZEC.V,D,20171130,000000,301.96,322.83,257.19,301.87,0,0
ZEC.V,D,20171201,000000,301.87,334.53,287.56,330.71,0,0
ZEC.V,D,20171202,000000,330.71,338.79,315.73,325.7,0,0
ZEC.V,D,20171203,000000,325.77,340.39,303.22,318.68,0,0
ZEC.V,D,20171204,000000,318.63,331.01,309.93,326.92,0,0
ZEC.V,D,20171205,000000,326.92,327.84,314.14,320.89,0,0
ZEC.V,D,20171206,000000,320.9,347.66,295.17,314.75,0,0
ZEC.V,D,20171207,000000,314.6,317.26,281.28,292.29,0,0
ZEC.V,D,20171208,000000,292.21,330.12,278.78,319.03,0,0
ZEC.V,D,20171209,000000,318.7,339.35,300.34,308.05,0,0
ZEC.V,D,20171210,000000,308.6,316.25,280.92,283.89,0,0
ZEC.V,D,20171211,000000,284.14,320.37,281.99,316.05,0,0
ZEC.V,D,20171212,000000,316.04,374.3,314.6,364.14,0,0
ZEC.V,D,20171213,000000,364.14,433.05,345.18,410.78,0,0
ZEC.V,D,20171214,000000,410.78,528.71,406.33,504.97,0,0
ZEC.V,D,20171215,000000,504.97,504.97,409.4,463.78,0,0
ZEC.V,D,20171216,000000,463.12,490.84,454.34,465.07,0,0
ZEC.V,D,20171217,000000,465.06,551.96,463.36,527.14,0,0
ZEC.V,D,20171218,000000,527.14,589.79,476.65,583.72,0,0
ZEC.V,D,20171219,000000,583.72,617.38,534.74,589.89,0,0
ZEC.V,D,20171220,000000,589.88,684.97,533.74,666,0,0
ZEC.V,D,20171221,000000,666,736.39,602.33,646.99,0,0
ZEC.V,D,20171222,000000,647.08,651.85,330.75,481.99,0,0
ZEC.V,D,20171223,000000,481.99,583.69,481.39,522.2,0,0
ZEC.V,D,20171224,000000,522.17,524.57,423.69,519.38,0,0
ZEC.V,D,20171225,000000,519.36,553.09,493.57,516.98,0,0
ZEC.V,D,20171226,000000,517.02,547.1,510.65,546.2,0,0
ZEC.V,D,20171227,000000,546.2,558.79,501.44,517.26,0,0
ZEC.V,D,20171228,000000,517.26,524.43,452.53,478.64,0,0
ZEC.V,D,20171229,000000,478.64,553.15,461.62,519.04,0,0
ZEC.V,D,20171230,000000,519.04,519.35,417.02,446.56,0,0
ZEC.V,D,20171231,000000,446.76,490.19,440.42,479.29,0,0
ZEC.V,D,20180101,000000,479.55,555.84,462.31,518.49,0,0
ZEC.V,D,20180102,000000,518.41,566.12,516.91,549.2,0,0
ZEC.V,D,20180103,000000,549.2,567.87,534.63,559.08,0,0
ZEC.V,D,20180104,000000,559.08,561.84,507.63,546.95,0,0
ZEC.V,D,20180105,000000,546.94,556.3,526.02,545.66,0,0
ZEC.V,D,20180106,000000,545.67,662.97,527.73,657.52,0,0
ZEC.V,D,20180107,000000,657.5,799.47,647.77,757.17,0,0
ZEC.V,D,20180108,000000,757.17,761.45,582.45,692.64,0,0
ZEC.V,D,20180109,000000,692.53,724.8,637.43,668.82,0,0
ZEC.V,D,20180110,000000,668.82,725.6,617.59,716.8,0,0
ZEC.V,D,20180111,000000,716.89,730.18,593.54,645.23,0,0
ZEC.V,D,20180112,000000,645.34,716.88,614.08,700.05,0,0
ZEC.V,D,20180113,000000,700.05,722.86,690.16,699.64,0,0
ZEC.V,D,20180114,000000,699.64,717.43,639.16,668.41,0,0
ZEC.V,D,20180115,000000,668.49,687.8,625.19,625.49,0,0
ZEC.V,D,20180116,000000,625.49,694.56,458.29,506.33,0,0
ZEC.V,D,20180117,000000,506.33,532.2,398.75,496.03,0,0
ZEC.V,D,20180118,000000,496.03,539.91,478.94,483.03,0,0
ZEC.V,D,20180119,000000,483.6,553.36,473.57,525.63,0,0
ZEC.V,D,20180120,000000,525.97,565.32,514.42,559.96,0,0
ZEC.V,D,20180121,000000,559.96,565.14,474.52,489.03,0,0
ZEC.V,D,20180122,000000,489.29,507.03,412.28,445.71,0,0
ZEC.V,D,20180123,000000,445.71,469.36,405.05,442.04,0,0
ZEC.V,D,20180124,000000,442.2,466.25,427.32,457.96,0,0
ZEC.V,D,20180125,000000,457.96,477.29,452.43,468.76,0,0
ZEC.V,D,20180126,000000,468.68,493.82,428.55,444.04,0,0
ZEC.V,D,20180127,000000,444.59,465.68,436.72,457.9,0,0
ZEC.V,D,20180128,000000,457.77,482.14,453.8,477.2,0,0
ZEC.V,D,20180129,000000,476.76,480.37,443.25,444.85,0,0
ZEC.V,D,20180130,000000,444.73,450.54,381.58,399.53,0,0
ZEC.V,D,20180131,000000,399.51,399.7,363.39,394.97,0,0
ZEC.V,D,20180201,000000,394.97,414.48,373.08,404.95,0,0
ZEC.V,D,20180202,000000,405.17,411.51,312.79,383.61,0,0
ZEC.V,D,20180203,000000,383.64,407.07,346.91,389.1,0,0
ZEC.V,D,20180204,000000,389.29,405.57,331.27,352.21,0,0
ZEC.V,D,20180205,000000,352.21,353.51,281.37,299.7,0,0
ZEC.V,D,20180206,000000,299.77,376.56,261.43,365.34,0,0
ZEC.V,D,20180207,000000,365.38,392.38,326.4,369.85,0,0
ZEC.V,D,20180208,000000,369.93,442.2,352.17,426.32,0,0
ZEC.V,D,20180209,000000,426.41,473.82,399.42,471.81,0,0
ZEC.V,D,20180210,000000,472.77,508.98,454.87,482.31,0,0
ZEC.V,D,20180211,000000,482.36,483.67,408.21,448.39,0,0
ZEC.V,D,20180212,000000,448.78,470.44,429.21,460.52,0,0
ZEC.V,D,20180213,000000,460.64,465.4,427.67,446.94,0,0
ZEC.V,D,20180214,000000,446.94,483.96,443.33,482.96,0,0
ZEC.V,D,20180215,000000,482.52,487.25,460.09,477.23,0,0
ZEC.V,D,20180216,000000,477.04,494.37,461.29,481.66,0,0
ZEC.V,D,20180217,000000,481.44,494.66,472.26,489.03,0,0
ZEC.V,D,20180218,000000,488.86,491.67,441.24,456.78,0,0
ZEC.V,D,20180219,000000,456.59,488.5,445.08,474.06,0,0
ZEC.V,D,20180220,000000,474.06,482.93,442.65,448.94,0,0
ZEC.V,D,20180221,000000,448.16,457.88,416.57,426.07,0,0
ZEC.V,D,20180222,000000,426.07,444.13,392.88,399.51,0,0
ZEC.V,D,20180223,000000,400.03,426.4,380.17,416.73,0,0
ZEC.V,D,20180224,000000,416.74,423.32,380.33,391.77,0,0
ZEC.V,D,20180225,000000,390.64,400.89,384.31,399.68,0,0
ZEC.V,D,20180226,000000,399.46,416.42,386.41,408.56,0,0
ZEC.V,D,20180227,000000,408.5,419.33,399.39,413.76,0,0
ZEC.V,D,20180228,000000,413.74,418.09,388.54,388.58,0,0
ZEC.V,D,20180301,000000,388.33,405.22,382.97,401.95,0,0
ZEC.V,D,20180302,000000,402.3,404.85,376.32,393.1,0,0
ZEC.V,D,20180303,000000,392.16,407.98,384.28,388.32,0,0
ZEC.V,D,20180304,000000,388.21,405.54,385.55,404,0,0
ZEC.V,D,20180305,000000,404.75,412.46,395.16,397.95,0,0
ZEC.V,D,20180306,000000,398.03,398.59,377.9,383.08,0,0
ZEC.V,D,20180307,000000,383.01,389.89,333.5,348.42,0,0
ZEC.V,D,20180308,000000,348.42,351.7,315.59,318.35,0,0
ZEC.V,D,20180309,000000,318.43,321.77,282.6,304.88,0,0
ZEC.V,D,20180310,000000,304.88,318.14,286.69,291.06,0,0
ZEC.V,D,20180311,000000,290.84,318.73,280.38,308.82,0,0
ZEC.V,D,20180312,000000,308.86,314.23,279.68,292.27,0,0
ZEC.V,D,20180313,000000,292.38,302.22,280.58,286.96,0,0
ZEC.V,D,20180314,000000,286.83,293.21,247.25,249.65,0,0
ZEC.V,D,20180315,000000,249.61,256.25,234.34,245.49,0,0
ZEC.V,D,20180316,000000,245.44,249.93,235.03,243.9,0,0
ZEC.V,D,20180317,000000,243.64,244.45,221.99,226.46,0,0
ZEC.V,D,20180318,000000,226.6,239.65,206.38,239.65,0,0
ZEC.V,D,20180319,000000,239.63,253.72,228.97,247.01,0,0
ZEC.V,D,20180320,000000,246.99,269.29,237.8,263.38,0,0
ZEC.V,D,20180321,000000,264.05,282.22,257.13,257.13,0,0
ZEC.V,D,20180322,000000,257.12,269.23,239.13,249.48,0,0
ZEC.V,D,20180323,000000,249.48,257.19,231.7,257.19,0,0
ZEC.V,D,20180324,000000,256.9,261.41,243.4,245.64,0,0
ZEC.V,D,20180325,000000,245.42,246.42,238.75,244.32,0,0
ZEC.V,D,20180326,000000,244.39,245.54,213.56,213.56,0,0
ZEC.V,D,20180327,000000,213.56,230.94,210.53,223.82,0,0
ZEC.V,D,20180328,000000,223.84,223.94,210.31,210.64,0,0
ZEC.V,D,20180329,000000,210.76,214.24,189.92,190.1,0,0
ZEC.V,D,20180330,000000,189.8,199.97,185.71,193.93,0,0
ZEC.V,D,20180331,000000,193.97,199.48,188.7,189.46,0,0
ZEC.V,D,20180401,000000,189.46,195.71,177.35,185.46,0,0
ZEC.V,D,20180402,000000,185.35,202.87,183.23,193.45,0,0
ZEC.V,D,20180403,000000,193.54,211.12,193.36,210.49,0,0
ZEC.V,D,20180404,000000,210.5,210.5,183.89,186.38,0,0
ZEC.V,D,20180405,000000,186.06,189.87,180.72,184.46,0,0
ZEC.V,D,20180406,000000,184.46,187.96,176.59,179.44,0,0
ZEC.V,D,20180407,000000,179.33,187.49,176.96,187.29,0,0
ZEC.V,D,20180408,000000,187.4,187.96,183.18,184.78,0,0
ZEC.V,D,20180409,000000,184.78,191.88,177.23,178.78,0,0
ZEC.V,D,20180410,000000,178.71,182.89,175.82,181.88,0,0
ZEC.V,D,20180411,000000,181.88,186.58,180.51,184.5,0,0
ZEC.V,D,20180412,000000,184.51,216.53,183.53,215.26,0,0
ZEC.V,D,20180413,000000,215.37,244.74,212.56,228.48,0,0
ZEC.V,D,20180414,000000,228.48,240.82,220.31,224.27,0,0
ZEC.V,D,20180415,000000,224.27,237.29,224.15,233.44,0,0
ZEC.V,D,20180416,000000,233.44,236.7,220.77,225.52,0,0
ZEC.V,D,20180417,000000,225.52,231.14,222.86,224.93,0,0
ZEC.V,D,20180418,000000,224.93,250.39,224.12,250.3,0,0
ZEC.V,D,20180419,000000,250.36,263.16,242.73,262.49,0,0
ZEC.V,D,20180420,000000,262.41,284.31,256.92,283.47,0,0
ZEC.V,D,20180421,000000,283.23,286.48,255.31,264.68,0,0
ZEC.V,D,20180422,000000,264.68,282.56,264.24,278.93,0,0
ZEC.V,D,20180423,000000,278.74,298.62,272.32,296.69,0,0
ZEC.V,D,20180424,000000,296.66,329.82,296.63,318.38,0,0
ZEC.V,D,20180425,000000,318.44,321.19,267.01,304.15,0,0
ZEC.V,D,20180426,000000,304.27,304.51,275.35,297.7,0,0
ZEC.V,D,20180427,000000,297.87,303.65,279.68,282.43,0,0
ZEC.V,D,20180428,000000,282.26,297.97,281.66,293.19,0,0
ZEC.V,D,20180429,000000,293.19,304.01,283.36,291.99,0,0
ZEC.V,D,20180430,000000,292.19,296.82,282.25,286.45,0,0
ZEC.V,D,20180501,000000,286.4,287.85,270.56,287.25,0,0
ZEC.V,D,20180502,000000,287.25,294.26,285.55,293.42,0,0
ZEC.V,D,20180503,000000,293.46,313.31,292.33,308.15,0,0
ZEC.V,D,20180504,000000,308.15,310.87,292.61,297.11,0,0
ZEC.V,D,20180505,000000,297.19,309.76,295.84,305.82,0,0
ZEC.V,D,20180506,000000,305.82,311.12,287.65,289.03,0,0
ZEC.V,D,20180507,000000,289.03,292.56,271.8,280.45,0,0
ZEC.V,D,20180508,000000,280.45,291.1,271.68,274.63,0,0
ZEC.V,D,20180509,000000,274.44,277.52,265.78,274.49,0,0
ZEC.V,D,20180510,000000,274.57,287.88,267.75,268.98,0,0
ZEC.V,D,20180511,000000,268.98,268.98,237.33,239.14,0,0
ZEC.V,D,20180512,000000,239.13,252.58,229.9,241.83,0,0
ZEC.V,D,20180513,000000,241.83,260.2,241.37,258.82,0,0
ZEC.V,D,20180514,000000,258.82,343.65,244.79,314.3,0,0
ZEC.V,D,20180515,000000,313.89,384.65,305.38,329.96,0,0
ZEC.V,D,20180516,000000,329.86,375.85,317.04,348.12,0,0
ZEC.V,D,20180517,000000,347.8,370.62,317.68,317.91,0,0
ZEC.V,D,20180518,000000,317.7,365.31,303.07,351.82,0,0
ZEC.V,D,20180519,000000,351.93,379.7,346.22,346.48,0,0
ZEC.V,D,20180520,000000,346.48,360.08,338.19,349.88,0,0
ZEC.V,D,20180521,000000,349.79,353.05,323.48,327.07,0,0
ZEC.V,D,20180522,000000,327.55,348.54,310.78,311.78,0,0
ZEC.V,D,20180523,000000,311.67,333.82,279.32,295.15,0,0
ZEC.V,D,20180524,000000,295.16,298.79,268.15,286.8,0,0
ZEC.V,D,20180525,000000,286.8,299.64,274.7,278.29,0,0
ZEC.V,D,20180526,000000,278.28,284.73,272.8,276.13,0,0
ZEC.V,D,20180527,000000,276.03,276.08,258.84,259.39,0,0
ZEC.V,D,20180528,000000,259.56,265.92,222.16,222.21,0,0
ZEC.V,D,20180529,000000,222.29,258.89,218.9,249.94,0,0
ZEC.V,D,20180530,000000,250.01,256.3,235.16,237.49,0,0
ZEC.V,D,20180531,000000,237.38,247.8,237,243.43,0,0
ZEC.V,D,20180601,000000,243.3,243.51,233.77,236.27,0,0
ZEC.V,D,20180602,000000,236.27,257.64,236.21,251.42,0,0
ZEC.V,D,20180603,000000,251.42,259.64,248,253.7,0,0
ZEC.V,D,20180604,000000,253.72,255.26,232.44,237.78,0,0
ZEC.V,D,20180605,000000,237.84,241.89,228.26,236.96,0,0
ZEC.V,D,20180606,000000,236.91,239.3,227.89,235.21,0,0
ZEC.V,D,20180607,000000,235.21,242.39,232.26,236.72,0,0
ZEC.V,D,20180608,000000,236.72,238.75,230.51,235.86,0,0
ZEC.V,D,20180609,000000,235.86,240.38,231.42,232.4,0,0
ZEC.V,D,20180610,000000,232.4,232.4,201.69,202.64,0,0
ZEC.V,D,20180611,000000,202.64,203.2,193.42,197.43,0,0
ZEC.V,D,20180612,000000,197.39,212.31,189.53,193.65,0,0
ZEC.V,D,20180613,000000,193.64,199.13,174.81,180.72,0,0
ZEC.V,D,20180614,000000,180.77,201.07,180.77,198.73,0,0
ZEC.V,D,20180615,000000,198.73,201.35,191.26,196.5,0,0
ZEC.V,D,20180616,000000,196.5,196.5,186.23,192.32,0,0
ZEC.V,D,20180617,000000,192.32,194.29,187.29,188.58,0,0
ZEC.V,D,20180618,000000,188.49,204.42,182.81,196.4,0,0
ZEC.V,D,20180619,000000,196.27,199.6,194.52,197.3,0,0
ZEC.V,D,20180620,000000,197.28,198.39,190.34,192.32,0,0
ZEC.V,D,20180621,000000,192.37,196.76,189.67,189.68,0,0
ZEC.V,D,20180622,000000,189.73,190.78,161.63,163.5,0,0
ZEC.V,D,20180623,000000,163.62,171.48,163.05,170.74,0,0
ZEC.V,D,20180624,000000,170.74,172.31,154.04,166.59,0,0
ZEC.V,D,20180625,000000,166.59,180.82,163.58,174.8,0,0
ZEC.V,D,20180626,000000,174.8,177.07,164.2,168.23,0,0
ZEC.V,D,20180627,000000,168.23,168.5,158.39,162.23,0,0
ZEC.V,D,20180628,000000,162.23,169.47,154.53,154.6,0,0
ZEC.V,D,20180629,000000,154.58,158.12,151.21,157.57,0,0
ZEC.V,D,20180630,000000,157.57,175.58,157.45,168.59,0,0
ZEC.V,D,20180701,000000,168.59,172.75,167.92,169.52,0,0
ZEC.V,D,20180702,000000,169.52,188.23,164.8,186.59,0,0
ZEC.V,D,20180703,000000,186.56,196.7,180.09,183.37,0,0
ZEC.V,D,20180704,000000,183.36,186.39,175.12,185.25,0,0
ZEC.V,D,20180705,000000,185.25,186.43,172.47,173.6,0,0
ZEC.V,D,20180706,000000,173.63,177.53,164.87,170.31,0,0
ZEC.V,D,20180707,000000,170.31,176.27,168.65,168.97,0,0
ZEC.V,D,20180708,000000,168.97,177.13,168.63,175.91,0,0
ZEC.V,D,20180709,000000,175.91,175.91,169.06,169.65,0,0
ZEC.V,D,20180710,000000,169.65,171.09,157.94,160.91,0,0
ZEC.V,D,20180711,000000,160.91,162.54,155.26,157.4,0,0
ZEC.V,D,20180712,000000,157.4,158.05,150.56,152.27,0,0
ZEC.V,D,20180713,000000,152.27,195.81,150.6,180.28,0,0
ZEC.V,D,20180714,000000,180.28,180.68,170.27,172.27,0,0
ZEC.V,D,20180715,000000,172.27,178.93,171.73,176.63,0,0
ZEC.V,D,20180716,000000,176.63,188.4,171.23,188.4,0,0
ZEC.V,D,20180717,000000,188.4,212.56,180.96,207.43,0,0
ZEC.V,D,20180718,000000,207.32,227.4,200.31,202.72,0,0
ZEC.V,D,20180719,000000,202.39,214.58,198.41,200.68,0,0
ZEC.V,D,20180720,000000,200.68,202.98,177.81,179.85,0,0
ZEC.V,D,20180721,000000,179.95,192.95,176.01,190.09,0,0
ZEC.V,D,20180722,000000,190.09,194.4,185.79,186.96,0,0
ZEC.V,D,20180723,000000,186.96,207.64,181.22,190.67,0,0
ZEC.V,D,20180724,000000,190.59,222.02,188.72,219.98,0,0
ZEC.V,D,20180725,000000,219.78,226.64,210.15,219.3,0,0
ZEC.V,D,20180726,000000,219.3,230.73,218.03,221.63,0,0
ZEC.V,D,20180727,000000,222.21,223.94,211.41,223.72,0,0
ZEC.V,D,20180728,000000,223.72,224.82,217.53,221.41,0,0
ZEC.V,D,20180729,000000,221.48,226.91,214.38,216.92,0,0
ZEC.V,D,20180730,000000,216.89,222.03,201.33,219.51,0,0
ZEC.V,D,20180731,000000,219.42,220.6,195.51,202.88,0,0
ZEC.V,D,20180801,000000,202.87,212.53,193.79,194.07,0,0
ZEC.V,D,20180802,000000,193.84,202.24,185.11,185.12,0,0
ZEC.V,D,20180803,000000,185.14,189.41,176.01,184.09,0,0
ZEC.V,D,20180804,000000,184.09,189.54,173.08,173.47,0,0
ZEC.V,D,20180805,000000,173.47,180.89,171.03,180.26,0,0
ZEC.V,D,20180806,000000,180.09,185.76,175.58,178.16,0,0
ZEC.V,D,20180807,000000,178.15,191.73,174.42,177.51,0,0
ZEC.V,D,20180808,000000,177.51,181.04,156.6,159.9,0,0
ZEC.V,D,20180809,000000,159.9,175.5,157.35,174.66,0,0
ZEC.V,D,20180810,000000,174.5,176.38,156.95,158.7,0,0
ZEC.V,D,20180811,000000,158.5,161.99,152.04,159.08,0,0
ZEC.V,D,20180812,000000,159.08,162.99,153.99,158.53,0,0
ZEC.V,D,20180813,000000,158.53,162.74,145,145.19,0,0
ZEC.V,D,20180814,000000,145.18,145.28,120.84,128.13,0,0
ZEC.V,D,20180815,000000,128.13,144.19,126.8,139.28,0,0
ZEC.V,D,20180816,000000,139.28,142.49,134.31,139.56,0,0
ZEC.V,D,20180817,000000,139.56,147.86,138.8,147.66,0,0
ZEC.V,D,20180818,000000,147.66,153.78,140.22,142.01,0,0
ZEC.V,D,20180819,000000,142.01,145.56,138.56,141.94,0,0
ZEC.V,D,20180820,000000,141.93,143.96,132.31,132.31,0,0
ZEC.V,D,20180821,000000,132.21,135.18,127.9,133.44,0,0
ZEC.V,D,20180822,000000,133.44,145.25,125.42,127.15,0,0
ZEC.V,D,20180823,000000,127.15,133.27,124.24,130.85,0,0
ZEC.V,D,20180824,000000,130.85,140.15,130.03,139.99,0,0
ZEC.V,D,20180825,000000,140.01,142.92,135.72,137.5,0,0
ZEC.V,D,20180826,000000,137.5,139.09,134.28,134.63,0,0
ZEC.V,D,20180827,000000,134.63,145.71,134.04,141.8,0,0
ZEC.V,D,20180828,000000,141.81,156.72,141.19,153.39,0,0
ZEC.V,D,20180829,000000,153.25,155.45,147.71,154.08,0,0
ZEC.V,D,20180830,000000,154.12,154.29,144.72,149.07,0,0
ZEC.V,D,20180831,000000,149.1,151.89,141.74,149.59,0,0
ZEC.V,D,20180901,000000,149.58,160.97,148.77,157.72,0,0
ZEC.V,D,20180902,000000,157.7,158.47,150.97,154.7,0,0
ZEC.V,D,20180903,000000,154.69,160.88,149.92,158.34,0,0
ZEC.V,D,20180904,000000,158.34,159.11,154.95,156.93,0,0
ZEC.V,D,20180905,000000,156.93,158.97,135.05,136.62,0,0
ZEC.V,D,20180906,000000,136.62,136.99,121.11,127.38,0,0
ZEC.V,D,20180907,000000,127.38,133.25,124.88,126.91,0,0
ZEC.V,D,20180908,000000,126.91,134.11,120.08,121.18,0,0
ZEC.V,D,20180909,000000,121.38,125.53,117,122.15,0,0
ZEC.V,D,20180910,000000,122.09,122.68,116.15,119.1,0,0
ZEC.V,D,20180911,000000,119.07,119.82,108.62,110.57,0,0
ZEC.V,D,20180912,000000,110.66,112.17,100.02,110.53,0,0
ZEC.V,D,20180913,000000,110.53,119.93,110.52,116.31,0,0
ZEC.V,D,20180914,000000,116.32,123.84,113.73,120.32,0,0
ZEC.V,D,20180915,000000,120.32,125.18,118.01,120.18,0,0
ZEC.V,D,20180916,000000,120.18,121.12,116.06,118.46,0,0
ZEC.V,D,20180917,000000,118.45,120.43,106.44,107.56,0,0
ZEC.V,D,20180918,000000,107.56,114.09,106.48,111.67,0,0
ZEC.V,D,20180919,000000,112.02,115.23,109.53,112.72,0,0
ZEC.V,D,20180920,000000,112.72,119.86,112.25,119.86,0,0
ZEC.V,D,20180921,000000,119.57,128.87,117.23,125.8,0,0
ZEC.V,D,20180922,000000,125.8,128.68,121.06,122.52,0,0
ZEC.V,D,20180923,000000,122.52,135.17,122.47,129.32,0,0
ZEC.V,D,20180924,000000,129.32,146.84,124.83,143.9,0,0
ZEC.V,D,20180925,000000,143.89,143.99,125.56,134.12,0,0
ZEC.V,D,20180926,000000,134.08,143.9,128.9,131.63,0,0
ZEC.V,D,20180927,000000,131.61,145,130.62,142.64,0,0
ZEC.V,D,20180928,000000,142.64,144.04,133.19,134.54,0,0
ZEC.V,D,20180929,000000,134.54,135.79,130.95,132.99,0,0
ZEC.V,D,20180930,000000,132.99,134.83,127.8,128.75,0,0
ZEC.V,D,20181001,000000,128.75,133.13,127.14,127.85,0,0
ZEC.V,D,20181002,000000,127.85,128.21,125.03,126.57,0,0
ZEC.V,D,20181003,000000,126.57,126.83,120.93,122,0,0
ZEC.V,D,20181004,000000,121.96,125.76,121.68,123.88,0,0
ZEC.V,D,20181005,000000,123.88,131.11,123.27,128.31,0,0
ZEC.V,D,20181006,000000,128.31,129.47,124.52,125.16,0,0
ZEC.V,D,20181007,000000,125.16,125.5,123.61,124.72,0,0
ZEC.V,D,20181008,000000,124.73,127.35,124.43,127.04,0,0
ZEC.V,D,20181009,000000,127.1,129.93,125.55,126.04,0,0
ZEC.V,D,20181010,000000,126.04,126.27,123.76,124.02,0,0
ZEC.V,D,20181011,000000,124.02,124.9,110.05,113.58,0,0
ZEC.V,D,20181012,000000,113.58,113.58,108.24,110.2,0,0
ZEC.V,D,20181013,000000,110.2,112.69,109.16,111.65,0,0
ZEC.V,D,20181014,000000,111.65,112.81,110.02,111.21,0,0
ZEC.V,D,20181015,000000,111.23,124.28,108.02,112.2,0,0
ZEC.V,D,20181016,000000,112.2,116.55,111.69,116.02,0,0
ZEC.V,D,20181017,000000,116.02,123.19,114.46,119.89,0,0
ZEC.V,D,20181018,000000,119.93,125.11,118.72,119.33,0,0
ZEC.V,D,20181019,000000,119.33,122.14,117.52,121.2,0,0
ZEC.V,D,20181020,000000,121.2,127.29,120.29,126.47,0,0
ZEC.V,D,20181021,000000,126.47,128.37,125.73,127.22,0,0
ZEC.V,D,20181022,000000,127.22,127.31,121.62,122.97,0,0
ZEC.V,D,20181023,000000,122.85,124.54,119.05,121.06,0,0
ZEC.V,D,20181024,000000,121.06,126.51,120.69,126.17,0,0
ZEC.V,D,20181025,000000,126.1,130.09,125.12,125.39,0,0
ZEC.V,D,20181026,000000,125.39,126.42,117.84,121.49,0,0
ZEC.V,D,20181027,000000,121.43,123.26,120.6,121.76,0,0
ZEC.V,D,20181028,000000,121.76,123.7,119.61,122.51,0,0
ZEC.V,D,20181029,000000,122.51,124.05,114.29,116.78,0,0
ZEC.V,D,20181030,000000,116.78,116.96,115.02,116.07,0,0
ZEC.V,D,20181031,000000,116.07,116.77,113.07,116.35,0,0
ZEC.V,D,20181101,000000,116.35,117.62,114.89,117.22,0,0
ZEC.V,D,20181102,000000,117.22,119.42,116.57,118.58,0,0
ZEC.V,D,20181103,000000,118.58,119.74,115.87,117.57,0,0
ZEC.V,D,20181104,000000,117.57,123.17,116.47,121.59,0,0
ZEC.V,D,20181105,000000,121.59,123.32,119.29,122.74,0,0
ZEC.V,D,20181106,000000,122.87,130.86,121.84,129.76,0,0
ZEC.V,D,20181107,000000,129.7,133.42,126.9,129.12,0,0
ZEC.V,D,20181108,000000,129.1,138.65,127.67,138.65,0,0
ZEC.V,D,20181109,000000,138.78,139.06,132.25,133.25,0,0
ZEC.V,D,20181110,000000,133.25,138.99,132.39,132.73,0,0
ZEC.V,D,20181111,000000,132.73,133.15,128.01,128.14,0,0
ZEC.V,D,20181112,000000,128.14,137.85,124.69,133.45,0,0
ZEC.V,D,20181113,000000,133.45,137.41,127.76,131.56,0,0
ZEC.V,D,20181114,000000,131.56,131.56,104.99,108.85,0,0
ZEC.V,D,20181115,000000,108.81,113.27,99.93,110.19,0,0
ZEC.V,D,20181116,000000,110.19,113.29,107.93,108.66,0,0
ZEC.V,D,20181117,000000,108.66,112.21,105.7,112.21,0,0
ZEC.V,D,20181118,000000,112.26,117.5,110.52,114.85,0,0
ZEC.V,D,20181119,000000,114.85,115.43,95.31,100.35,0,0
ZEC.V,D,20181120,000000,100.35,101.6,79.52,83.26,0,0
ZEC.V,D,20181121,000000,83.27,89.2,80.04,84.32,0,0
ZEC.V,D,20181122,000000,84.32,86.7,81.03,82.41,0,0
ZEC.V,D,20181123,000000,82.41,82.44,74.86,78.64,0,0
ZEC.V,D,20181124,000000,78.64,80.57,64.32,65.91,0,0
ZEC.V,D,20181125,000000,65.91,73.25,60.36,69.57,0,0
ZEC.V,D,20181126,000000,69.57,74.12,62.16,64.55,0,0
ZEC.V,D,20181127,000000,64.55,73.89,63.6,72.98,0,0
ZEC.V,D,20181128,000000,72.98,84.82,72.98,78.99,0,0
ZEC.V,D,20181129,000000,79,95.69,77.28,89.56,0,0
ZEC.V,D,20181130,000000,89.56,90.75,76.6,78.88,0,0
ZEC.V,D,20181201,000000,79,86.36,78.33,81.79,0,0
ZEC.V,D,20181202,000000,81.79,82.98,77.02,80.02,0,0
ZEC.V,D,20181203,000000,80.17,80.4,68.8,70.92,0,0
ZEC.V,D,20181204,000000,70.94,79.04,69.43,74.71,0,0
ZEC.V,D,20181205,000000,74.71,74.95,65.13,66.43,0,0
ZEC.V,D,20181206,000000,66.44,68.72,60.42,60.58,0,0
ZEC.V,D,20181207,000000,60.58,61.06,50.19,56.96,0,0
ZEC.V,D,20181208,000000,57.02,62.98,53.88,59.11,0,0
ZEC.V,D,20181209,000000,59.06,63.29,57.23,60.7,0,0
ZEC.V,D,20181210,000000,60.73,62.21,55.73,56.85,0,0
ZEC.V,D,20181211,000000,56.91,57.28,53.02,54.05,0,0
ZEC.V,D,20181212,000000,54.05,58.42,53.39,55.5,0,0
ZEC.V,D,20181213,000000,55.5,55.73,50.76,51.94,0,0
ZEC.V,D,20181214,000000,51.94,52.76,48.66,49.58,0,0
ZEC.V,D,20181215,000000,49.58,51.25,48.57,50.54,0,0
ZEC.V,D,20181216,000000,50.54,54.23,50.22,51.64,0,0
ZEC.V,D,20181217,000000,51.67,58.89,51.29,57.03,0,0
ZEC.V,D,20181218,000000,57.03,57.81,54.71,57.46,0,0
ZEC.V,D,20181219,000000,57.4,62.8,57.09,58,0,0
ZEC.V,D,20181220,000000,58,65.11,56.84,65.11,0,0
ZEC.V,D,20181221,000000,65.12,67.22,60.65,61.8,0,0
ZEC.V,D,20181222,000000,61.8,64.27,61.03,62.85,0,0
ZEC.V,D,20181223,000000,62.85,68.99,62.85,66.3,0,0
ZEC.V,D,20181224,000000,66.24,73.21,65.93,68.95,0,0
ZEC.V,D,20181225,000000,68.95,69.54,60.32,62.53,0,0
ZEC.V,D,20181226,000000,62.55,64.03,59.17,62.15,0,0
ZEC.V,D,20181227,000000,62.15,62.48,56.12,56.3,0,0
ZEC.V,D,20181228,000000,56.3,64.2,55.76,63.38,0,0
ZEC.V,D,20181229,000000,63.56,64.48,59.91,63.68,0,0
ZEC.V,D,20181230,000000,63.77,64.06,59.54,60.9,0,0
ZEC.V,D,20181231,000000,60.9,61.35,56.28,56.62,0,0
ZEC.V,D,20190101,000000,56.62,59.27,55.47,59.2,0,0
ZEC.V,D,20190102,000000,59.2,63.67,58.31,62.98,0,0
ZEC.V,D,20190103,000000,62.98,63.61,57.34,59.51,0,0
ZEC.V,D,20190104,000000,59.51,60.22,57.66,59.92,0,0
ZEC.V,D,20190105,000000,59.92,61.69,58.45,58.7,0,0
ZEC.V,D,20190106,000000,58.7,64.41,57.86,62.68,0,0
ZEC.V,D,20190107,000000,62.68,63.35,60.23,61.31,0,0
ZEC.V,D,20190108,000000,61.31,63.23,59.65,61.57,0,0
ZEC.V,D,20190109,000000,61.57,63.22,59.91,61.1,0,0
ZEC.V,D,20190110,000000,61.1,62.3,53.18,55.18,0,0
ZEC.V,D,20190111,000000,55.18,59.89,54.8,55.93,0,0
ZEC.V,D,20190112,000000,55.93,57.49,55.02,56.76,0,0
ZEC.V,D,20190113,000000,56.76,57.24,53.1,53.74,0,0
ZEC.V,D,20190114,000000,53.74,57.92,53.23,56.77,0,0
ZEC.V,D,20190115,000000,56.77,57.06,53.5,53.83,0,0
ZEC.V,D,20190116,000000,53.99,55.46,52.87,53.22,0,0
ZEC.V,D,20190117,000000,53.22,55.05,52.95,54.74,0,0
ZEC.V,D,20190118,000000,54.74,54.89,53.02,53.33,0,0
ZEC.V,D,20190119,000000,53.33,56.12,53.22,54.91,0,0
ZEC.V,D,20190120,000000,54.91,55.2,51.8,52.91,0,0
ZEC.V,D,20190121,000000,52.91,53.75,51.86,52.31,0,0
ZEC.V,D,20190122,000000,52.31,53.69,50.64,53.19,0,0
ZEC.V,D,20190123,000000,53.19,54.12,51.85,52.5,0,0
ZEC.V,D,20190124,000000,52.5,54.54,52.2,53.92,0,0
ZEC.V,D,20190125,000000,53.92,54.7,52.5,53.01,0,0
ZEC.V,D,20190126,000000,53.01,54.24,52.69,52.88,0,0
ZEC.V,D,20190127,000000,52.88,53.37,50.84,51.96,0,0
ZEC.V,D,20190128,000000,51.96,51.97,48.42,49.7,0,0
ZEC.V,D,20190129,000000,49.7,49.92,47.84,49.28,0,0
ZEC.V,D,20190130,000000,49.28,50.71,48.52,50.36,0,0
ZEC.V,D,20190131,000000,50.36,50.83,49.04,49.79,0,0
ZEC.V,D,20190201,000000,49.79,49.82,48.18,49.48,0,0
ZEC.V,D,20190202,000000,49.47,49.68,48.31,48.86,0,0
ZEC.V,D,20190203,000000,48.86,50.16,48.34,48.76,0,0
ZEC.V,D,20190204,000000,48.78,49.04,48.03,48.83,0,0
ZEC.V,D,20190205,000000,48.83,49.06,47.65,47.68,0,0
ZEC.V,D,20190206,000000,47.68,48.25,45.47,46.56,0,0
ZEC.V,D,20190207,000000,46.56,47.98,46.05,47.14,0,0
ZEC.V,D,20190208,000000,46.93,52.99,46.12,50.33,0,0
ZEC.V,D,20190209,000000,50.55,51.79,49.59,50.18,0,0
ZEC.V,D,20190210,000000,50.18,51.31,49.06,50.13,0,0
ZEC.V,D,20190211,000000,50.16,52.34,48.88,51.74,0,0
ZEC.V,D,20190212,000000,51.74,54.76,50.52,54.19,0,0
ZEC.V,D,20190213,000000,54.19,56.25,52.29,53.45,0,0
ZEC.V,D,20190214,000000,53.45,54.12,51.24,52.17,0,0
ZEC.V,D,20190215,000000,52.17,52.31,50.7,51.27,0,0
ZEC.V,D,20190216,000000,51.27,52.43,50.57,52.01,0,0
ZEC.V,D,20190217,000000,52.08,52.8,50.74,51.98,0,0
ZEC.V,D,20190218,000000,51.97,56.3,51.62,55.09,0,0
ZEC.V,D,20190219,000000,55.09,57.38,54.11,55.4,0,0
ZEC.V,D,20190220,000000,55.4,56.3,53.7,54.73,0,0
ZEC.V,D,20190221,000000,54.73,56.14,53.06,53.73,0,0
ZEC.V,D,20190222,000000,53.73,56.21,53.17,55.05,0,0
ZEC.V,D,20190223,000000,55.05,57.34,53.31,56.8,0,0
ZEC.V,D,20190224,000000,56.8,59.8,50.63,52.43,0,0
ZEC.V,D,20190225,000000,52.43,53.74,51.79,53.09,0,0
ZEC.V,D,20190226,000000,53.09,53.49,51.82,52.96,0,0
ZEC.V,D,20190227,000000,52.99,53.47,50.69,51.63,0,0
ZEC.V,D,20190228,000000,51.64,53.35,51.06,51.72,0,0
ZEC.V,D,20190301,000000,51.78,53.21,51.08,52.36,0,0
ZEC.V,D,20190302,000000,52.37,53.35,50.45,52.3,0,0
ZEC.V,D,20190303,000000,52.3,52.44,50.9,50.93,0,0
ZEC.V,D,20190304,000000,50.93,51.41,48.27,49.1,0,0
ZEC.V,D,20190305,000000,49.1,51.66,48.34,50.86,0,0
ZEC.V,D,20190306,000000,50.94,51.47,49.8,50.89,0,0
ZEC.V,D,20190307,000000,50.78,51.54,50,50.96,0,0
ZEC.V,D,20190308,000000,50.99,51.06,48.47,48.96,0,0
ZEC.V,D,20190309,000000,48.96,52.34,48.96,51.66,0,0
ZEC.V,D,20190310,000000,51.65,52.16,50.35,51.37,0,0
ZEC.V,D,20190311,000000,51.36,51.38,49.5,50.03,0,0
ZEC.V,D,20190312,000000,50.03,53.14,48.82,52.73,0,0
ZEC.V,D,20190313,000000,52.69,53.95,51.56,51.78,0,0
ZEC.V,D,20190314,000000,51.78,52.91,50.97,52.51,0,0
ZEC.V,D,20190315,000000,52.51,54.02,52.33,53.27,0,0
ZEC.V,D,20190316,000000,53.27,55.61,53.06,54.87,0,0
ZEC.V,D,20190317,000000,54.87,55.15,53.26,54.85,0,0
ZEC.V,D,20190318,000000,54.85,55.7,53.63,54.73,0,0
ZEC.V,D,20190319,000000,54.73,57.51,54.64,56.65,0,0
ZEC.V,D,20190320,000000,56.69,62.66,55.18,59.99,0,0
ZEC.V,D,20190321,000000,59.99,60.13,54.69,55.76,0,0
ZEC.V,D,20190322,000000,55.76,57.03,54.87,55.85,0,0
ZEC.V,D,20190323,000000,55.85,57.14,55.39,57.1,0,0
ZEC.V,D,20190324,000000,57.1,58.65,57.02,57.38,0,0
ZEC.V,D,20190325,000000,57.38,57.88,54.46,55.17,0,0
ZEC.V,D,20190326,000000,55.19,55.62,52.99,54.43,0,0
ZEC.V,D,20190327,000000,54.43,57.53,54.43,57.48,0,0
ZEC.V,D,20190328,000000,57.48,57.64,55.58,56.76,0,0
ZEC.V,D,20190329,000000,56.78,58.87,55.9,58.54,0,0
ZEC.V,D,20190330,000000,58.56,58.56,56.4,57.59,0,0
ZEC.V,D,20190331,000000,57.59,59.85,57.17,59.12,0,0
ZEC.V,D,20190401,000000,59.12,64.1,58.66,63.18,0,0
ZEC.V,D,20190402,000000,63.17,70.02,61.15,68.48,0,0
ZEC.V,D,20190403,000000,68.47,77.8,68.47,73.73,0,0
ZEC.V,D,20190404,000000,73.79,74.01,65.21,67.43,0,0
ZEC.V,D,20190405,000000,67.42,72.95,66.76,71.09,0,0
ZEC.V,D,20190406,000000,71.09,73.52,69.94,71.12,0,0
ZEC.V,D,20190407,000000,71.12,75.3,71.01,75.17,0,0
ZEC.V,D,20190408,000000,75.19,76.53,70.56,72.84,0,0
ZEC.V,D,20190409,000000,72.84,73.47,70.11,71.2,0,0
ZEC.V,D,20190410,000000,71.2,74.77,70.4,71.54,0,0
ZEC.V,D,20190411,000000,71.54,72.34,64.3,69.72,0,0
ZEC.V,D,20190412,000000,69.72,72.52,68.31,71.76,0,0
ZEC.V,D,20190413,000000,71.77,72.66,69.25,69.93,0,0
ZEC.V,D,20190414,000000,69.93,70.13,67.68,69.78,0,0
ZEC.V,D,20190415,000000,69.78,70.89,65.92,66.43,0,0
ZEC.V,D,20190416,000000,66.43,69.98,66.43,69.78,0,0
ZEC.V,D,20190417,000000,69.78,72.34,68.3,71.41,0,0
ZEC.V,D,20190418,000000,71.4,72.38,70.17,71.53,0,0
ZEC.V,D,20190419,000000,71.52,71.52,69.64,69.8,0,0
ZEC.V,D,20190420,000000,69.81,70.58,69.12,69.14,0,0
ZEC.V,D,20190421,000000,69.14,70.08,67.05,68.76,0,0
ZEC.V,D,20190422,000000,68.76,70.8,66.82,69.83,0,0
ZEC.V,D,20190423,000000,69.83,70.95,68.94,68.97,0,0
ZEC.V,D,20190424,000000,68.96,68.96,62.66,64.09,0,0
ZEC.V,D,20190425,000000,64.09,66.78,63.67,63.67,0,0
ZEC.V,D,20190426,000000,63.67,63.92,58.94,62.49,0,0
ZEC.V,D,20190427,000000,62.49,63.44,60.03,62.54,0,0
ZEC.V,D,20190428,000000,62.6,63.89,60.62,61.81,0,0
ZEC.V,D,20190429,000000,61.81,62.4,57.6,60.04,0,0
ZEC.V,D,20190430,000000,60.04,62.16,57.02,61.22,0,0
ZEC.V,D,20190501,000000,61.22,63.15,59.34,61.02,0,0
ZEC.V,D,20190502,000000,61.02,63.11,59.38,61.36,0,0
ZEC.V,D,20190503,000000,61.45,66.09,59.53,65.75,0,0
ZEC.V,D,20190504,000000,65.72,65.87,59.44,62.64,0,0
ZEC.V,D,20190505,000000,62.48,63.58,59.24,59.29,0,0
ZEC.V,D,20190506,000000,59.29,63.53,58.94,61.43,0,0
ZEC.V,D,20190507,000000,61.43,63.1,58.3,59.74,0,0
ZEC.V,D,20190508,000000,59.74,60.22,57.03,58.19,0,0
ZEC.V,D,20190509,000000,58.19,59.83,56.23,56.59,0,0
ZEC.V,D,20190510,000000,56.6,58.75,56.4,58.05,0,0
ZEC.V,D,20190511,000000,58.05,63.91,57.2,63.58,0,0
ZEC.V,D,20190512,000000,63.58,65.54,59.17,61.51,0,0
ZEC.V,D,20190513,000000,61.51,66.27,59.91,65.83,0,0
ZEC.V,D,20190514,000000,65.58,68.06,61.98,65.29,0,0
ZEC.V,D,20190515,000000,65.32,76.45,65.32,75.92,0,0
ZEC.V,D,20190516,000000,75.9,81.82,71.35,76.38,0,0
ZEC.V,D,20190517,000000,76.38,76.71,66.57,73.13,0,0
ZEC.V,D,20190518,000000,73.13,74.56,70.54,73.23,0,0
ZEC.V,D,20190519,000000,73.23,77.5,71.62,77.47,0,0
ZEC.V,D,20190520,000000,77.47,78.78,72.38,77.12,0,0
ZEC.V,D,20190521,000000,77.12,77.12,73.85,75.35,0,0
ZEC.V,D,20190522,000000,75.35,75.52,70.05,70.35,0,0
ZEC.V,D,20190523,000000,70.35,71.77,67.78,71.64,0,0
ZEC.V,D,20190524,000000,71.64,74.88,71.23,73.24,0,0
ZEC.V,D,20190525,000000,73.24,73.95,71.47,71.91,0,0
ZEC.V,D,20190526,000000,71.91,76.04,69.96,75.77,0,0
ZEC.V,D,20190527,000000,75.77,78.05,74.67,76.3,0,0
ZEC.V,D,20190528,000000,76.3,88.6,75.62,86.22,0,0
ZEC.V,D,20190529,000000,86.27,88.49,79.47,87.25,0,0
ZEC.V,D,20190530,000000,87.25,97.57,80.07,81.68,0,0
ZEC.V,D,20190531,000000,81.66,90.28,81.65,90.28,0,0
ZEC.V,D,20190601,000000,90.37,91.97,83.98,87.84,0,0
ZEC.V,D,20190602,000000,87.84,89.4,85.51,87.92,0,0
ZEC.V,D,20190603,000000,87.92,88.97,84.07,86.59,0,0
ZEC.V,D,20190604,000000,86.59,86.59,75.54,75.93,0,0
ZEC.V,D,20190605,000000,75.91,80.44,75.45,79.4,0,0
ZEC.V,D,20190606,000000,79.41,81.18,76.73,78.62,0,0
ZEC.V,D,20190607,000000,78.62,84.51,78.26,83.77,0,0
ZEC.V,D,20190608,000000,83.85,84.66,80.51,80.69,0,0
ZEC.V,D,20190609,000000,80.7,81.17,74.29,76.6,0,0
ZEC.V,D,20190610,000000,76.6,81.45,75.61,79.19,0,0
ZEC.V,D,20190611,000000,79.19,80.49,77.29,80.22,0,0
ZEC.V,D,20190612,000000,80.22,91.89,79.27,88.62,0,0
ZEC.V,D,20190613,000000,88.62,91.99,86.77,89.9,0,0
ZEC.V,D,20190614,000000,89.9,95.73,87.3,89.69,0,0
ZEC.V,D,20190615,000000,89.7,93.97,89.67,92.59,0,0
ZEC.V,D,20190616,000000,92.59,94.82,91.41,94.5,0,0
ZEC.V,D,20190617,000000,94.5,102.91,93.78,100.14,0,0
ZEC.V,D,20190618,000000,100.14,113.08,100,108.45,0,0
ZEC.V,D,20190619,000000,108.53,115.29,107.05,112.16,0,0
ZEC.V,D,20190620,000000,112.16,112.78,106.48,109.42,0,0
ZEC.V,D,20190621,000000,109.42,114.5,107.68,109.78,0,0
ZEC.V,D,20190622,000000,109.78,117.7,109.49,113.1,0,0
ZEC.V,D,20190623,000000,113.15,114.69,111.4,111.65,0,0
ZEC.V,D,20190624,000000,111.65,111.75,104.32,108.74,0,0
ZEC.V,D,20190625,000000,108.75,109.78,103.79,103.91,0,0
ZEC.V,D,20190626,000000,103.91,123.88,102.79,108.64,0,0
ZEC.V,D,20190627,000000,108.69,114.07,96.39,100.65,0,0
ZEC.V,D,20190628,000000,100.65,114.71,100.65,111.62,0,0
ZEC.V,D,20190629,000000,111.61,113.91,105.96,111.72,0,0
ZEC.V,D,20190630,000000,111.57,114.35,102.76,106.6,0,0
ZEC.V,D,20190701,000000,106.6,106.64,96.92,103.4,0,0
ZEC.V,D,20190702,000000,103.4,104.4,95.93,101.01,0,0
ZEC.V,D,20190703,000000,101.01,106.33,100.99,103.59,0,0
ZEC.V,D,20190704,000000,103.68,106.28,101.94,102.75,0,0
ZEC.V,D,20190705,000000,102.75,103.38,98.72,101.05,0,0
ZEC.V,D,20190706,000000,101.05,106.37,99.54,103.42,0,0
ZEC.V,D,20190707,000000,103.42,106.58,102.63,106.5,0,0
ZEC.V,D,20190708,000000,106.5,107.36,104.38,105.17,0,0
ZEC.V,D,20190709,000000,105.17,106.54,98.54,99.82,0,0
ZEC.V,D,20190710,000000,99.82,104.72,94.15,96.29,0,0
ZEC.V,D,20190711,000000,96.29,97.35,86.73,89.22,0,0
ZEC.V,D,20190712,000000,89.26,92.06,86,91.54,0,0
ZEC.V,D,20190713,000000,91.54,93.6,86.34,86.89,0,0
ZEC.V,D,20190714,000000,86.89,90.3,79.7,84.42,0,0
ZEC.V,D,20190715,000000,84.43,84.44,76.06,79.55,0,0
ZEC.V,D,20190716,000000,79.52,81.85,64.63,69.57,0,0
ZEC.V,D,20190717,000000,69.56,77,65.68,76.37,0,0
ZEC.V,D,20190718,000000,76.27,80.76,72.67,78.8,0,0
ZEC.V,D,20190719,000000,78.81,80.11,71.46,75.43,0,0
ZEC.V,D,20190720,000000,75.43,79.55,74.97,79.18,0,0
ZEC.V,D,20190721,000000,79.18,79.93,73.63,75.27,0,0
ZEC.V,D,20190722,000000,75.27,75.95,71.5,72.91,0,0
ZEC.V,D,20190723,000000,72.91,73.36,69.55,72.56,0,0
ZEC.V,D,20190724,000000,72.56,72.65,68.03,71.08,0,0
ZEC.V,D,20190725,000000,71.03,72.66,69.85,70.41,0,0
ZEC.V,D,20190726,000000,70.4,72.46,69.57,71.7,0,0
ZEC.V,D,20190727,000000,71.7,73.68,68.33,69.45,0,0
ZEC.V,D,20190728,000000,69.49,70.51,68.5,68.81,0,0
ZEC.V,D,20190729,000000,68.81,69.94,65.71,67.67,0,0
ZEC.V,D,20190730,000000,67.67,68.11,66.02,67.23,0,0
ZEC.V,D,20190731,000000,67.23,68.83,66.72,67.22,0,0
ZEC.V,D,20190801,000000,67.22,68.21,66.56,67.71,0,0
ZEC.V,D,20190802,000000,67.71,68.56,66.04,66.31,0,0
ZEC.V,D,20190803,000000,66.31,67.24,64.83,65.23,0,0
ZEC.V,D,20190804,000000,65.23,66.41,63.45,66.18,0,0
ZEC.V,D,20190805,000000,66.18,67.91,65.87,66.84,0,0
ZEC.V,D,20190806,000000,66.85,67.24,61.07,61.95,0,0
ZEC.V,D,20190807,000000,61.95,63.64,60.64,62.01,0,0
ZEC.V,D,20190808,000000,62.01,67.1,60.81,61.4,0,0
ZEC.V,D,20190809,000000,61.4,62.67,58.07,58.86,0,0
ZEC.V,D,20190810,000000,58.86,59.36,55.82,55.96,0,0
ZEC.V,D,20190811,000000,55.96,60.54,55.94,60.16,0,0
ZEC.V,D,20190812,000000,60.15,60.15,56.94,56.98,0,0
ZEC.V,D,20190813,000000,56.98,57.12,54.99,55.82,0,0
ZEC.V,D,20190814,000000,55.81,56.89,50.77,51.92,0,0
ZEC.V,D,20190815,000000,51.92,51.94,47.89,50.54,0,0
ZEC.V,D,20190816,000000,50.54,51.2,48.48,49.86,0,0
ZEC.V,D,20190817,000000,49.86,49.99,47.89,48.28,0,0
ZEC.V,D,20190818,000000,48.29,53.6,48.22,52.92,0,0
ZEC.V,D,20190819,000000,52.92,54.55,51.96,53.63,0,0
ZEC.V,D,20190820,000000,53.61,54.43,51.77,52.46,0,0
ZEC.V,D,20190821,000000,52.46,52.76,48.44,49.74,0,0
ZEC.V,D,20190822,000000,49.74,51.5,48.39,51.05,0,0
ZEC.V,D,20190823,000000,51.05,51.89,50.42,51.29,0,0
ZEC.V,D,20190824,000000,51.3,51.95,49.36,50.83,0,0
ZEC.V,D,20190825,000000,50.83,51.61,49.87,50.13,0,0
ZEC.V,D,20190826,000000,50.13,53.9,49.96,50.94,0,0
ZEC.V,D,20190827,000000,50.94,51.67,50.48,50.66,0,0
ZEC.V,D,20190828,000000,50.66,51.17,46.06,46.82,0,0
ZEC.V,D,20190829,000000,46.82,47.27,44,45.32,0,0
ZEC.V,D,20190830,000000,45.32,45.76,44.13,45.45,0,0
ZEC.V,D,20190831,000000,45.45,46.08,44.72,45.37,0,0
ZEC.V,D,20190901,000000,45.37,46.3,45.1,45.79,0,0
ZEC.V,D,20190902,000000,45.79,47.58,45.31,47.06,0,0
ZEC.V,D,20190903,000000,47.06,47.65,45.52,45.63,0,0
ZEC.V,D,20190904,000000,45.63,46.22,44.88,45.12,0,0
ZEC.V,D,20190905,000000,45.12,45.47,44.78,45.24,0,0
ZEC.V,D,20190906,000000,45.24,46.65,44.54,45.1,0,0
ZEC.V,D,20190907,000000,45.1,47.26,45.07,47.18,0,0
ZEC.V,D,20190908,000000,47.15,48.84,46.99,48.55,0,0
ZEC.V,D,20190909,000000,48.54,48.7,45.84,47.09,0,0
ZEC.V,D,20190910,000000,47.09,47.71,44.74,45.27,0,0
ZEC.V,D,20190911,000000,45.27,45.8,44.34,44.96,0,0
ZEC.V,D,20190912,000000,44.94,45.3,43.77,44.76,0,0
ZEC.V,D,20190913,000000,44.76,45.01,43.97,44.68,0,0
ZEC.V,D,20190914,000000,44.68,47.02,44.4,46.63,0,0
ZEC.V,D,20190915,000000,46.63,47.73,45.95,46.46,0,0
ZEC.V,D,20190916,000000,46.46,49.9,46.33,48.44,0,0
ZEC.V,D,20190917,000000,48.44,51.49,47.81,51.16,0,0
ZEC.V,D,20190918,000000,51.16,53.48,50.37,52.97,0,0
ZEC.V,D,20190919,000000,52.97,53.07,48.58,50.44,0,0
ZEC.V,D,20190920,000000,50.44,51.57,48.29,48.57,0,0
ZEC.V,D,20190921,000000,48.57,49.62,47.89,48.19,0,0
ZEC.V,D,20190922,000000,48.19,48.4,46.03,46.16,0,0
ZEC.V,D,20190923,000000,46.16,46.78,44.01,44.26,0,0
ZEC.V,D,20190924,000000,44.26,46.04,30.88,35.67,0,0
ZEC.V,D,20190925,000000,35.67,39.19,33.77,38.16,0,0
ZEC.V,D,20190926,000000,38.18,39.08,33.26,34.97,0,0
ZEC.V,D,20190927,000000,34.97,38.27,34.55,37.9,0,0
ZEC.V,D,20190928,000000,37.9,41.35,37.25,40.52,0,0
ZEC.V,D,20190929,000000,40.52,41.36,36.48,38.05,0,0
ZEC.V,D,20190930,000000,38.07,40.2,37.87,38.71,0,0
ZEC.V,D,20191001,000000,38.73,39.79,38.23,38.65,0,0
ZEC.V,D,20191002,000000,38.65,38.99,37.63,38.03,0,0
ZEC.V,D,20191003,000000,38.04,38.63,36.79,37.51,0,0
ZEC.V,D,20191004,000000,37.52,38.35,36.36,37.74,0,0
ZEC.V,D,20191005,000000,37.76,38.2,36.88,37.4,0,0
ZEC.V,D,20191006,000000,37.4,37.86,35.63,36.16,0,0
ZEC.V,D,20191007,000000,36.16,38.23,35.55,37.82,0,0
ZEC.V,D,20191008,000000,37.82,38.37,36.32,36.58,0,0
ZEC.V,D,20191009,000000,36.59,38.27,36.4,38.07,0,0
ZEC.V,D,20191010,000000,38.08,38.33,37.26,37.76,0,0
ZEC.V,D,20191011,000000,37.76,38.48,36.16,36.52,0,0
ZEC.V,D,20191012,000000,36.51,37.4,36.18,37.02,0,0
ZEC.V,D,20191013,000000,37.02,37.9,36.68,37.39,0,0
ZEC.V,D,20191014,000000,37.69,38,36.89,37.31,0,0
ZEC.V,D,20191015,000000,37.31,37.89,36.87,37.16,0,0
ZEC.V,D,20191016,000000,37.16,37.77,35.54,35.94,0,0
ZEC.V,D,20191017,000000,35.94,37.15,35.84,36.81,0,0
ZEC.V,D,20191018,000000,36.81,37.55,35.76,36.28,0,0
ZEC.V,D,20191019,000000,36.29,37.39,35.92,36.5,0,0
ZEC.V,D,20191020,000000,36.5,37.17,36.01,36.84,0,0
ZEC.V,D,20191021,000000,36.85,37.5,36.25,37.24,0,0
ZEC.V,D,20191022,000000,37.08,37.74,36.53,36.79,0,0
ZEC.V,D,20191023,000000,36.79,36.82,32.12,32.87,0,0
ZEC.V,D,20191024,000000,32.89,34.39,32.46,34.2,0,0
ZEC.V,D,20191025,000000,33.65,37.81,33.4,36.61,0,0
ZEC.V,D,20191026,000000,36.61,39.16,35.51,35.98,0,0
ZEC.V,D,20191027,000000,35.98,39.43,35.5,37.5,0,0
ZEC.V,D,20191028,000000,37.5,42.27,37.23,38.67,0,0
ZEC.V,D,20191029,000000,38.67,39.79,37.82,39.24,0,0
ZEC.V,D,20191030,000000,39.24,39.73,37.52,38.81,0,0
ZEC.V,D,20191031,000000,38.81,38.82,37.22,37.5,0,0
ZEC.V,D,20191101,000000,37.5,38.09,37.1,38.02,0,0
ZEC.V,D,20191102,000000,38.05,39.04,37.38,37.39,0,0
ZEC.V,D,20191103,000000,37.37,38.9,36.56,37.56,0,0
ZEC.V,D,20191104,000000,37.54,38.46,36.71,37.71,0,0
ZEC.V,D,20191105,000000,37.72,39.43,37.32,38.78,0,0
ZEC.V,D,20191106,000000,38.78,39.6,38.38,38.81,0,0
ZEC.V,D,20191107,000000,38.81,39.29,38.32,38.68,0,0
ZEC.V,D,20191108,000000,38.68,39.02,36.01,36.88,0,0
ZEC.V,D,20191109,000000,36.88,37.86,36.44,37.04,0,0
ZEC.V,D,20191110,000000,37.06,38.36,36.47,37.83,0,0
ZEC.V,D,20191111,000000,37.82,38.01,36.5,37.35,0,0
ZEC.V,D,20191112,000000,37.35,37.88,36.45,37.03,0,0
ZEC.V,D,20191113,000000,37.03,37.87,36.41,37.11,0,0
ZEC.V,D,20191114,000000,37.15,37.91,36.23,36.7,0,0
ZEC.V,D,20191115,000000,36.69,37.19,35.23,36.35,0,0
ZEC.V,D,20191116,000000,36.38,37.01,35.92,36.02,0,0
ZEC.V,D,20191117,000000,36.02,36.97,35.57,35.9,0,0
ZEC.V,D,20191118,000000,36.36,36.93,34.28,35.01,0,0
ZEC.V,D,20191119,000000,35.01,35.44,33.43,34.34,0,0
ZEC.V,D,20191120,000000,34.35,35.41,33.7,34.06,0,0
ZEC.V,D,20191121,000000,34.08,34.87,30.6,31.89,0,0
ZEC.V,D,20191122,000000,31.76,32.79,28,29.3,0,0
ZEC.V,D,20191123,000000,29.3,31.28,28.91,30.36,0,0
ZEC.V,D,20191124,000000,30.36,30.36,27.7,29.19,0,0
ZEC.V,D,20191125,000000,29.19,29.46,25.59,27.79,0,0
ZEC.V,D,20191126,000000,27.74,29.3,27.38,28.35,0,0
ZEC.V,D,20191127,000000,28.36,29.48,27.17,28.78,0,0
ZEC.V,D,20191128,000000,28.78,30.18,28.49,28.95,0,0
ZEC.V,D,20191129,000000,28.95,30.28,28.84,29.83,0,0
ZEC.V,D,20191130,000000,29.69,30.19,28.15,29.5,0,0
ZEC.V,D,20191201,000000,29.5,29.57,27.63,28.5,0,0
ZEC.V,D,20191202,000000,28.5,29.27,27.22,28.31,0,0
ZEC.V,D,20191203,000000,28.24,28.74,27.22,27.48,0,0
ZEC.V,D,20191204,000000,27.47,29.06,26.75,26.94,0,0
ZEC.V,D,20191205,000000,26.94,30.86,26.82,30.38,0,0
ZEC.V,D,20191206,000000,30.39,30.6,28.55,29.45,0,0
ZEC.V,D,20191207,000000,29.45,30.39,29.31,30.35,0,0
ZEC.V,D,20191208,000000,30.33,30.7,29.41,29.89,0,0
ZEC.V,D,20191209,000000,29.89,32.43,29.25,31.31,0,0
ZEC.V,D,20191210,000000,31.36,31.36,29.7,30.06,0,0
ZEC.V,D,20191211,000000,30.07,32.34,30.07,31.72,0,0
ZEC.V,D,20191212,000000,31.74,32.05,30.5,32.05,0,0
ZEC.V,D,20191213,000000,32.11,33.68,31.04,33.03,0,0
ZEC.V,D,20191214,000000,33.05,34.34,30.93,32.95,0,0
ZEC.V,D,20191215,000000,32.47,33.85,31.69,33.58,0,0
ZEC.V,D,20191216,000000,33.58,33.65,29.36,29.97,0,0
ZEC.V,D,20191217,000000,29.97,31.08,26.91,27.57,0,0
ZEC.V,D,20191218,000000,27.57,30,26.7,30,0,0
ZEC.V,D,20191219,000000,30.02,30.03,28.29,28.53,0,0
ZEC.V,D,20191220,000000,28.6,29.94,28.25,28.96,0,0
ZEC.V,D,20191221,000000,28.96,29.58,28.1,28.4,0,0
ZEC.V,D,20191222,000000,28.4,29.82,28.14,29.46,0,0
ZEC.V,D,20191223,000000,29.46,30.53,28.21,28.26,0,0
ZEC.V,D,20191224,000000,28.22,29.52,27.81,28.11,0,0
ZEC.V,D,20191225,000000,28.11,28.68,27.06,27.59,0,0
ZEC.V,D,20191226,000000,27.59,28.77,26.93,27.91,0,0
ZEC.V,D,20191227,000000,27.92,29.05,26.92,27.62,0,0
ZEC.V,D,20191228,000000,27.62,28.95,27.41,28.25,0,0
ZEC.V,D,20191229,000000,28.51,30.13,27.83,29.65,0,0
ZEC.V,D,20191230,000000,29.65,30.12,28.59,28.85,0,0
ZEC.V,D,20191231,000000,28.85,29.43,27.72,28.02,0,0
ZEC.V,D,20200101,000000,28.03,29.21,27.57,28.35,0,0
ZEC.V,D,20200102,000000,28.36,29.36,26.91,27.45,0,0
ZEC.V,D,20200103,000000,27.45,29.26,27.09,28.64,0,0
ZEC.V,D,20200104,000000,28.64,30.66,27.82,30.45,0,0
ZEC.V,D,20200105,000000,30.47,32.08,30.03,30.85,0,0
ZEC.V,D,20200106,000000,30.85,33.22,30.58,32.7,0,0
ZEC.V,D,20200107,000000,32.7,33.19,30.84,32.11,0,0
ZEC.V,D,20200108,000000,32.05,33.15,30.08,30.88,0,0
ZEC.V,D,20200109,000000,30.88,32.18,30.35,30.72,0,0
ZEC.V,D,20200110,000000,30.72,34.67,30.25,33.13,0,0
ZEC.V,D,20200111,000000,33.16,36.68,33.16,35.51,0,0
ZEC.V,D,20200112,000000,35.51,36.48,34.72,35.69,0,0
ZEC.V,D,20200113,000000,35.69,38.39,34.75,37.98,0,0
ZEC.V,D,20200114,000000,37.98,45.78,37.98,43.29,0,0
ZEC.V,D,20200115,000000,43.29,57.52,42.78,55.49,0,0
ZEC.V,D,20200116,000000,55.48,55.58,47.75,51.14,0,0
ZEC.V,D,20200117,000000,51.14,65.24,49.01,59.17,0,0
ZEC.V,D,20200118,000000,59.17,62.16,51.71,53.25,0,0
ZEC.V,D,20200119,000000,53.25,54.68,48.22,50.55,0,0
ZEC.V,D,20200120,000000,50.56,55.9,49.19,54.42,0,0
ZEC.V,D,20200121,000000,54.42,54.44,51.07,52.83,0,0
ZEC.V,D,20200122,000000,52.84,54.62,51.54,51.99,0,0
ZEC.V,D,20200123,000000,51.99,53.21,48.35,49.44,0,0
ZEC.V,D,20200124,000000,49.42,50.83,46.34,49.34,0,0
ZEC.V,D,20200125,000000,49.33,50.62,48.08,49.31,0,0
ZEC.V,D,20200126,000000,49.33,54.6,48.69,53.65,0,0
ZEC.V,D,20200127,000000,53.65,57.98,53.61,55.49,0,0
ZEC.V,D,20200128,000000,55.49,57.06,53.91,56.45,0,0
ZEC.V,D,20200129,000000,56.46,64.04,56.38,62.68,0,0
ZEC.V,D,20200130,000000,62.68,70.16,59.94,67.05,0,0
ZEC.V,D,20200131,000000,67.05,69.09,62.52,66.97,0,0
ZEC.V,D,20200201,000000,66.97,69.1,64.95,65.72,0,0
ZEC.V,D,20200202,000000,65.72,67.98,63.9,66.88,0,0
ZEC.V,D,20200203,000000,66.88,68.27,64.99,65.16,0,0
ZEC.V,D,20200204,000000,65.16,65.89,63.09,64.28,0,0
ZEC.V,D,20200205,000000,64.28,72.94,63.78,71.09,0,0
ZEC.V,D,20200206,000000,71.09,72.75,68.51,69.18,0,0
ZEC.V,D,20200207,000000,69.23,71.54,67.52,68.31,0,0
ZEC.V,D,20200208,000000,68.31,71.74,66.17,70.26,0,0
ZEC.V,D,20200209,000000,70.25,72.62,68.96,70.66,0,0
ZEC.V,D,20200210,000000,70.66,71.39,67.83,69.56,0,0
ZEC.V,D,20200211,000000,69.58,72.94,68.13,72.94,0,0
ZEC.V,D,20200212,000000,72.94,75.25,72.47,73.6,0,0
ZEC.V,D,20200213,000000,73.61,75.89,70.62,71.84,0,0
ZEC.V,D,20200214,000000,71.84,72.92,70.6,72.52,0,0
ZEC.V,D,20200215,000000,72.52,72.85,63.42,65.06,0,0
ZEC.V,D,20200216,000000,65.06,66.41,54.63,59.3,0,0
ZEC.V,D,20200217,000000,59.3,67.14,55,64.23,0,0
ZEC.V,D,20200218,000000,64.23,66.35,60.35,65.87,0,0
ZEC.V,D,20200219,000000,65.87,69.49,61.88,63.87,0,0
ZEC.V,D,20200220,000000,63.88,63.96,58.47,61.16,0,0
ZEC.V,D,20200221,000000,61.15,63.82,60.27,61.46,0,0
ZEC.V,D,20200222,000000,61.47,63.62,60.29,61.57,0,0
ZEC.V,D,20200223,000000,61.56,64.03,61.29,63.13,0,0
ZEC.V,D,20200224,000000,63.14,64.41,59.25,60.81,0,0
ZEC.V,D,20200225,000000,60.82,61.13,56.42,58.53,0,0
ZEC.V,D,20200226,000000,58.55,58.66,48.46,51.5,0,0
ZEC.V,D,20200227,000000,51.5,55.23,48.25,53.26,0,0
ZEC.V,D,20200228,000000,53.3,54.78,48.95,52.02,0,0
ZEC.V,D,20200229,000000,52.11,52.64,49.96,50.39,0,0
ZEC.V,D,20200301,000000,50.39,51.85,48.49,49.93,0,0
ZEC.V,D,20200302,000000,49.94,53.3,49.3,52.65,0,0
ZEC.V,D,20200303,000000,52.65,52.94,50.26,50.97,0,0
ZEC.V,D,20200304,000000,50.98,52.79,49.41,50.11,0,0
ZEC.V,D,20200305,000000,50.11,53.27,50.1,52.27,0,0
ZEC.V,D,20200306,000000,52.27,53.68,51.26,52.91,0,0
ZEC.V,D,20200307,000000,52.91,53.64,50.37,51.07,0,0
ZEC.V,D,20200308,000000,51.07,51.07,42.51,43.57,0,0
ZEC.V,D,20200309,000000,43.57,44.43,39.01,41.47,0,0
ZEC.V,D,20200310,000000,41.47,42.68,40.39,41.98,0,0
ZEC.V,D,20200311,000000,41.98,42.09,37.47,40.33,0,0
ZEC.V,D,20200312,000000,40.33,40.47,24.8,28.41,0,0
ZEC.V,D,20200313,000000,28.39,29.77,18.29,28.01,0,0
ZEC.V,D,20200314,000000,28.02,28.69,25.15,25.68,0,0
ZEC.V,D,20200315,000000,25.69,27.09,24.71,26.27,0,0
ZEC.V,D,20200316,000000,26.27,26.49,21.39,23.96,0,0
ZEC.V,D,20200317,000000,23.96,25.84,23.91,25.56,0,0
ZEC.V,D,20200318,000000,25.56,28.93,24.57,28.18,0,0
ZEC.V,D,20200319,000000,28.18,33.76,28.18,32.9,0,0
ZEC.V,D,20200320,000000,32.9,36.17,29.95,32.27,0,0
ZEC.V,D,20200321,000000,32.43,36.37,31.78,32.96,0,0
ZEC.V,D,20200322,000000,32.96,36.32,29.33,29.53,0,0
ZEC.V,D,20200323,000000,29.53,33.33,28.93,31.73,0,0
ZEC.V,D,20200324,000000,31.73,33.85,31.32,32.72,0,0
ZEC.V,D,20200325,000000,32.9,33.23,31.07,32.26,0,0
ZEC.V,D,20200326,000000,32.26,32.5,31.29,32.1,0,0
ZEC.V,D,20200327,000000,32.1,33.12,31.42,32.6,0,0
ZEC.V,D,20200328,000000,32.6,32.63,29.13,30.2,0,0
ZEC.V,D,20200329,000000,30.19,30.53,28.32,28.73,0,0
ZEC.V,D,20200330,000000,28.7,31.73,28.35,31.31,0,0
ZEC.V,D,20200331,000000,31.31,31.93,30.32,31.52,0,0
ZEC.V,D,20200401,000000,30.97,31.12,29.93,30.9,0,0
ZEC.V,D,20200402,000000,30.9,34.13,30.9,32.68,0,0
ZEC.V,D,20200403,000000,32.67,33.3,31.7,32.78,0,0
ZEC.V,D,20200404,000000,32.78,33.6,32.04,33.25,0,0
ZEC.V,D,20200405,000000,33.25,33.5,31.99,32.43,0,0
ZEC.V,D,20200406,000000,32.43,37.33,32.43,37.16,0,0
ZEC.V,D,20200407,000000,37.16,38.39,35.61,36.8,0,0
ZEC.V,D,20200408,000000,36.76,38.19,36.38,37.43,0,0
ZEC.V,D,20200409,000000,37.43,41.97,37,41.49,0,0
ZEC.V,D,20200410,000000,41.49,41.49,34.56,36.08,0,0
ZEC.V,D,20200411,000000,36.08,37.53,35.41,35.94,0,0
ZEC.V,D,20200412,000000,35.94,38.13,35.37,37.36,0,0
ZEC.V,D,20200413,000000,37.36,37.43,34.8,35.83,0,0
ZEC.V,D,20200414,000000,35.83,36.92,35.12,35.44,0,0
ZEC.V,D,20200415,000000,35.44,36.24,34.81,35.88,0,0
ZEC.V,D,20200416,000000,35.88,40.03,33.9,39.05,0,0
ZEC.V,D,20200417,000000,39.05,39.5,38.22,39.29,0,0
ZEC.V,D,20200418,000000,39.3,42.43,39.27,41.92,0,0
ZEC.V,D,20200419,000000,41.92,47.5,41.74,47.47,0,0
ZEC.V,D,20200420,000000,47.47,48.73,41.07,42.77,0,0
ZEC.V,D,20200421,000000,42.78,43.34,40.94,42.86,0,0
ZEC.V,D,20200422,000000,42.86,45.68,41.9,45.37,0,0
ZEC.V,D,20200423,000000,45.37,46.68,43.95,45.61,0,0
ZEC.V,D,20200424,000000,45.61,45.71,44.12,44.35,0,0
ZEC.V,D,20200425,000000,44.35,45.78,43.51,44.45,0,0
ZEC.V,D,20200426,000000,44.45,45.44,43.94,44.51,0,0
ZEC.V,D,20200427,000000,44.5,45.01,42.4,43.86,0,0
ZEC.V,D,20200428,000000,43.86,44.53,43.12,44.19,0,0
ZEC.V,D,20200429,000000,44.19,47.73,44.19,47.07,0,0
ZEC.V,D,20200430,000000,47.07,48.96,44.26,45.19,0,0
ZEC.V,D,20200501,000000,45.19,46.52,44.75,45.53,0,0
ZEC.V,D,20200502,000000,45.52,46.46,45.09,46.31,0,0
ZEC.V,D,20200503,000000,46.34,46.95,44.72,44.96,0,0
ZEC.V,D,20200504,000000,44.96,45.32,42.35,44.32,0,0
ZEC.V,D,20200505,000000,44.32,44.82,43.25,43.89,0,0
ZEC.V,D,20200506,000000,43.89,45.09,43.41,43.82,0,0
ZEC.V,D,20200507,000000,43.82,44.87,41.82,44.25,0,0
ZEC.V,D,20200508,000000,44.25,47.04,43.57,46.84,0,0
ZEC.V,D,20200509,000000,46.84,47.69,44.77,45.29,0,0
ZEC.V,D,20200510,000000,45.29,45.34,38.86,41.15,0,0
ZEC.V,D,20200511,000000,41.15,42.1,38.05,39.31,0,0
ZEC.V,D,20200512,000000,39.31,42.83,39.28,41.52,0,0
ZEC.V,D,20200513,000000,41.53,43.37,41.49,43.3,0,0
ZEC.V,D,20200514,000000,43.27,43.59,42.15,43.16,0,0
ZEC.V,D,20200515,000000,43.16,43.51,41.37,41.73,0,0
ZEC.V,D,20200516,000000,41.73,42.84,41.73,42.62,0,0
ZEC.V,D,20200517,000000,42.62,47.47,42.46,46.89,0,0
ZEC.V,D,20200518,000000,46.89,49.58,46.08,47.62,0,0
ZEC.V,D,20200519,000000,47.62,48.32,46.49,47.58,0,0
ZEC.V,D,20200520,000000,47.58,50.27,46.91,48.61,0,0
ZEC.V,D,20200521,000000,48.61,48.92,44.59,46.29,0,0
ZEC.V,D,20200522,000000,46.29,48.3,45.36,47.98,0,0
ZEC.V,D,20200523,000000,47.98,48.38,46.75,47.36,0,0
ZEC.V,D,20200524,000000,47.38,47.75,45.34,46.35,0,0
ZEC.V,D,20200525,000000,46.35,46.39,44.84,45.69,0,0
ZEC.V,D,20200526,000000,45.68,46.19,44.25,45,0,0
ZEC.V,D,20200527,000000,45,46.24,44.49,45.49,0,0
ZEC.V,D,20200528,000000,45.49,47.29,45.46,46.64,0,0
ZEC.V,D,20200529,000000,46.65,47.91,46.13,46.26,0,0
ZEC.V,D,20200530,000000,46.25,55.28,46.23,55.11,0,0
ZEC.V,D,20200531,000000,55.14,56.07,51.43,51.75,0,0
ZEC.V,D,20200601,000000,51.75,53.99,50.82,52.99,0,0
ZEC.V,D,20200602,000000,52.99,55.27,50.48,51.59,0,0
ZEC.V,D,20200603,000000,51.59,52.55,50.69,52.12,0,0
ZEC.V,D,20200604,000000,52.12,53.37,51.18,51.72,0,0
ZEC.V,D,20200605,000000,51.76,54.24,51.76,52.62,0,0
ZEC.V,D,20200606,000000,52.62,53.57,51.9,53.13,0,0
ZEC.V,D,20200607,000000,53.13,53.18,50.75,52.08,0,0
ZEC.V,D,20200608,000000,52.07,52.47,51.55,52.12,0,0
ZEC.V,D,20200609,000000,52.12,53.13,51,52.14,0,0
ZEC.V,D,20200610,000000,52.14,55.12,51.84,54.28,0,0
ZEC.V,D,20200611,000000,54.28,55.5,49.68,50.81,0,0
ZEC.V,D,20200612,000000,50.82,52.35,48.33,51.39,0,0
ZEC.V,D,20200613,000000,51.39,52.29,50.88,52.22,0,0
ZEC.V,D,20200614,000000,52.22,52.93,50.68,50.98,0,0
ZEC.V,D,20200615,000000,50.98,53.07,48.41,52.65,0,0
ZEC.V,D,20200616,000000,52.65,53.77,51.96,52.61,0,0
ZEC.V,D,20200617,000000,52.62,53.44,51.89,52.52,0,0
ZEC.V,D,20200618,000000,52.54,53.35,51.32,51.8,0,0
ZEC.V,D,20200619,000000,51.8,52.36,51.01,51.62,0,0
ZEC.V,D,20200620,000000,51.76,51.84,50.53,51.39,0,0
ZEC.V,D,20200621,000000,51.39,52.39,51.04,51.38,0,0
ZEC.V,D,20200622,000000,51.38,53.62,50.33,53.25,0,0
ZEC.V,D,20200623,000000,53.25,61.27,52.52,58.5,0,0
ZEC.V,D,20200624,000000,58.5,59.48,53.58,54.95,0,0
ZEC.V,D,20200625,000000,54.95,56.85,53.09,56.33,0,0
ZEC.V,D,20200626,000000,56.33,56.82,54.58,55.75,0,0
ZEC.V,D,20200627,000000,55.75,56.05,51.07,52.53,0,0
ZEC.V,D,20200628,000000,52.53,53.98,51.21,52.62,0,0
ZEC.V,D,20200629,000000,52.63,53.32,51.5,52.14,0,0
ZEC.V,D,20200630,000000,52.14,53.01,51.21,51.96,0,0
ZEC.V,D,20200701,000000,51.96,52.53,51.35,51.76,0,0
ZEC.V,D,20200702,000000,51.76,53.61,50.04,51.55,0,0
ZEC.V,D,20200703,000000,51.51,51.96,50.97,51.65,0,0
ZEC.V,D,20200704,000000,51.65,52.01,50.94,51.56,0,0
ZEC.V,D,20200705,000000,51.56,52.04,50.38,51.08,0,0
ZEC.V,D,20200706,000000,51.08,55.62,51.08,55.24,0,0
ZEC.V,D,20200707,000000,55.24,55.87,53.73,54.47,0,0
ZEC.V,D,20200708,000000,54.47,58.73,54.45,57.85,0,0
ZEC.V,D,20200709,000000,57.85,58.8,55.7,56.69,0,0
ZEC.V,D,20200710,000000,56.74,56.82,54.3,55.73,0,0
ZEC.V,D,20200711,000000,55.73,56.61,55.02,55.51,0,0
ZEC.V,D,20200712,000000,55.51,60.93,55.32,57.8,0,0
ZEC.V,D,20200713,000000,57.8,63.77,57.8,61.22,0,0
ZEC.V,D,20200714,000000,61.22,62.97,59,61.86,0,0
ZEC.V,D,20200715,000000,61.86,63.01,60.61,61.27,0,0
ZEC.V,D,20200716,000000,61.28,61.53,57.29,58.88,0,0
ZEC.V,D,20200717,000000,58.88,60.41,58.04,59.15,0,0
ZEC.V,D,20200718,000000,59.37,59.99,58.19,59.36,0,0
ZEC.V,D,20200719,000000,59.36,59.55,57.05,58.11,0,0
ZEC.V,D,20200720,000000,58.11,58.67,57.27,57.55,0,0
ZEC.V,D,20200721,000000,57.54,62.57,57.07,61.92,0,0
ZEC.V,D,20200722,000000,62.32,63.74,62.01,63.53,0,0
