<TICKER>,<PER>,<DATE>,<TIME>,<OPEN>,<HIGH>,<LOW>,<CLOSE>,<VOL>,<OPENINT>
ZEN.V,D,20170606,000000,18.37,19.52,15.79,16.81,0,0
ZEN.V,D,20170607,000000,16.81,16.81,12.71,13,0,0
ZEN.V,D,20170608,000000,13,15.53,5.399,8.307,0,0
ZEN.V,D,20170609,000000,8.307,11.39,8.153,8.997,0,0
ZEN.V,D,20170610,000000,8.997,10.15,7.976,8.176,0,0
ZEN.V,D,20170611,000000,8.176,10.93,7.481,10.41,0,0
ZEN.V,D,20170612,000000,10.41,10.91,7.97,9.511,0,0
ZEN.V,D,20170613,000000,9.511,10.85,8.893,10.23,0,0
ZEN.V,D,20170614,000000,10.23,10.56,8.142,8.823,0,0
ZEN.V,D,20170615,000000,8.823,9.489,8.06,8.622,0,0
ZEN.V,D,20170616,000000,8.622,9.131,8.278,8.421,0,0
ZEN.V,D,20170617,000000,8.421,9.42,8.236,8.337,0,0
ZEN.V,D,20170618,000000,8.337,8.604,6.39,6.857,0,0
ZEN.V,D,20170619,000000,6.857,7.654,6.568,6.861,0,0
ZEN.V,D,20170620,000000,6.861,7.988,6.861,7.101,0,0
ZEN.V,D,20170621,000000,7.101,8.25,6.857,6.964,0,0
ZEN.V,D,20170622,000000,6.964,7.872,6.964,7.477,0,0
ZEN.V,D,20170623,000000,7.477,9.988,7.443,9.242,0,0
ZEN.V,D,20170624,000000,9.242,9.242,8.081,8.159,0,0
ZEN.V,D,20170625,000000,8.159,8.248,6.862,7.119,0,0
ZEN.V,D,20170626,000000,7.119,7.226,6.115,6.702,0,0
ZEN.V,D,20170627,000000,6.702,7.079,6.201,6.573,0,0
ZEN.V,D,20170628,000000,6.573,6.625,5.155,6.269,0,0
ZEN.V,D,20170629,000000,6.269,7.036,5.628,5.692,0,0
ZEN.V,D,20170630,000000,5.692,6.003,5.209,5.234,0,0
ZEN.V,D,20170701,000000,5.234,5.577,4.486,4.767,0,0
ZEN.V,D,20170702,000000,4.767,5.707,4.54,5.048,0,0
ZEN.V,D,20170703,000000,5.048,5.454,4.605,4.89,0,0
ZEN.V,D,20170704,000000,4.89,6.282,4.89,5.632,0,0
ZEN.V,D,20170705,000000,5.632,6.149,5.563,5.563,0,0
ZEN.V,D,20170706,000000,5.563,5.563,4.993,5.15,0,0
ZEN.V,D,20170707,000000,5.15,5.953,4.877,5.028,0,0
ZEN.V,D,20170708,000000,5.028,5.363,4.619,4.627,0,0
ZEN.V,D,20170709,000000,4.627,5.191,4.523,4.531,0,0
ZEN.V,D,20170710,000000,4.531,4.845,3.793,4.297,0,0
ZEN.V,D,20170711,000000,4.297,4.851,3.761,3.951,0,0
ZEN.V,D,20170712,000000,3.951,4.47,3.951,4.157,0,0
ZEN.V,D,20170713,000000,4.157,4.909,4.054,4.054,0,0
ZEN.V,D,20170714,000000,4.054,4.263,3.798,4.03,0,0
ZEN.V,D,20170715,000000,4.03,4.03,3.458,3.561,0,0
ZEN.V,D,20170716,000000,3.561,3.746,3.288,3.288,0,0
ZEN.V,D,20170717,000000,3.288,4.02,3.288,3.819,0,0
ZEN.V,D,20170718,000000,3.819,4.274,3.819,3.877,0,0
ZEN.V,D,20170719,000000,3.877,4.49,3.814,4.084,0,0
ZEN.V,D,20170720,000000,4.084,5.302,4.084,4.729,0,0
ZEN.V,D,20170721,000000,4.729,4.729,3.745,4.093,0,0
ZEN.V,D,20170722,000000,4.093,4.397,4.093,4.255,0,0
ZEN.V,D,20170723,000000,4.255,4.328,3.945,3.97,0,0
ZEN.V,D,20170724,000000,3.97,4.104,3.954,3.954,0,0
ZEN.V,D,20170725,000000,3.954,3.954,3.616,3.667,0,0
ZEN.V,D,20170726,000000,3.667,4.223,3.634,3.736,0,0
ZEN.V,D,20170727,000000,3.736,4.172,3.715,3.742,0,0
ZEN.V,D,20170728,000000,3.742,4.491,3.742,4.21,0,0
ZEN.V,D,20170729,000000,4.21,4.21,3.827,3.964,0,0
ZEN.V,D,20170730,000000,3.964,4.053,3.738,3.749,0,0
ZEN.V,D,20170731,000000,3.749,3.97,3.1,3.319,0,0
ZEN.V,D,20170801,000000,3.748,3.898,3.162,3.53,0,0
ZEN.V,D,20170802,000000,3.53,4.331,3.338,3.953,0,0
ZEN.V,D,20170803,000000,3.953,5.859,3.953,4.864,0,0
ZEN.V,D,20170804,000000,4.864,5.757,4.864,5.389,0,0
ZEN.V,D,20170805,000000,5.389,6.118,5.005,5.22,0,0
ZEN.V,D,20170806,000000,5.22,5.721,5.01,5.123,0,0
ZEN.V,D,20170807,000000,5.123,5.589,4.538,5.239,0,0
ZEN.V,D,20170808,000000,5.239,5.634,4.846,5.59,0,0
ZEN.V,D,20170809,000000,5.59,5.77,4.99,4.99,0,0
ZEN.V,D,20170810,000000,4.99,5.31,4.796,5.039,0,0
ZEN.V,D,20170811,000000,5.039,5.843,5.039,5.233,0,0
ZEN.V,D,20170812,000000,5.233,6.156,5.233,5.846,0,0
ZEN.V,D,20170813,000000,5.846,6.5,5.846,6.403,0,0
ZEN.V,D,20170814,000000,6.403,6.821,5.626,5.713,0,0
ZEN.V,D,20170815,000000,5.713,6.53,4.823,5.993,0,0
ZEN.V,D,20170816,000000,5.993,7.02,5.269,5.563,0,0
ZEN.V,D,20170817,000000,5.563,8.536,5.049,7.441,0,0
ZEN.V,D,20170818,000000,7.441,7.923,6.659,6.741,0,0
ZEN.V,D,20170819,000000,6.741,7.886,6.724,7.633,0,0
ZEN.V,D,20170820,000000,7.633,7.767,7.121,7.523,0,0
ZEN.V,D,20170821,000000,7.523,7.77,6.512,6.693,0,0
ZEN.V,D,20170822,000000,6.693,7.349,6.527,6.67,0,0
ZEN.V,D,20170823,000000,6.67,7.864,6.667,7.516,0,0
ZEN.V,D,20170824,000000,7.516,10.36,7.516,8.986,0,0
ZEN.V,D,20170825,000000,8.986,9.349,8.166,8.711,0,0
ZEN.V,D,20170826,000000,8.711,9.14,7.991,9.053,0,0
ZEN.V,D,20170827,000000,9.053,9.713,8.04,9.196,0,0
ZEN.V,D,20170828,000000,9.196,12.51,8.877,11.24,0,0
ZEN.V,D,20170829,000000,11.24,12.87,10.8,11.09,0,0
ZEN.V,D,20170830,000000,11.09,12.1,10.84,11.38,0,0
ZEN.V,D,20170831,000000,11.38,13.41,11.15,12.88,0,0
ZEN.V,D,20170901,000000,12.88,13.52,11.98,12.78,0,0
ZEN.V,D,20170902,000000,12.78,12.78,10.16,10.52,0,0
ZEN.V,D,20170903,000000,10.52,10.62,8.94,9.964,0,0
ZEN.V,D,20170904,000000,9.964,9.964,6.943,8.065,0,0
ZEN.V,D,20170905,000000,8.065,9.48,7.495,8.642,0,0
ZEN.V,D,20170906,000000,8.642,10.81,8.642,10.21,0,0
ZEN.V,D,20170907,000000,10.21,11.08,9.6,9.925,0,0
ZEN.V,D,20170908,000000,9.925,9.925,8.151,8.289,0,0
ZEN.V,D,20170909,000000,8.289,8.87,7.89,8.375,0,0
ZEN.V,D,20170910,000000,8.375,8.577,7.694,7.859,0,0
ZEN.V,D,20170911,000000,7.859,9.254,7.677,7.934,0,0
ZEN.V,D,20170912,000000,7.934,8.122,7.619,7.673,0,0
ZEN.V,D,20170913,000000,7.673,7.673,6.452,6.916,0,0
ZEN.V,D,20170914,000000,6.916,6.916,5.611,5.701,0,0
ZEN.V,D,20170915,000000,5.701,7.179,5.701,7.104,0,0
ZEN.V,D,20170916,000000,7.104,7.176,6.658,6.935,0,0
ZEN.V,D,20170917,000000,6.935,7.047,6.645,6.841,0,0
ZEN.V,D,20170918,000000,6.841,7.627,6.841,7.413,0,0
ZEN.V,D,20170919,000000,7.413,7.413,6.722,6.73,0,0
ZEN.V,D,20170920,000000,6.73,7.147,6.6,6.794,0,0
ZEN.V,D,20170921,000000,6.794,8.237,6.16,6.764,0,0
ZEN.V,D,20170922,000000,6.764,7.828,6.499,6.95,0,0
ZEN.V,D,20170923,000000,6.95,7.512,6.894,7.019,0,0
ZEN.V,D,20170924,000000,7.019,7.104,6.785,6.968,0,0
ZEN.V,D,20170925,000000,6.968,8.397,6.968,8.039,0,0
ZEN.V,D,20170926,000000,8.039,8.311,7.513,7.863,0,0
ZEN.V,D,20170927,000000,7.863,9.364,7.863,8.837,0,0
ZEN.V,D,20170928,000000,8.837,9.23,8.517,8.693,0,0
ZEN.V,D,20170929,000000,8.693,8.734,7.928,7.983,0,0
ZEN.V,D,20170930,000000,7.983,8.534,7.983,8.198,0,0
ZEN.V,D,20171001,000000,8.198,8.361,7.793,8.04,0,0
ZEN.V,D,20171002,000000,8.04,8.098,7.579,7.777,0,0
ZEN.V,D,20171003,000000,7.777,7.777,6.903,7.502,0,0
ZEN.V,D,20171004,000000,7.502,7.502,6.594,6.834,0,0
ZEN.V,D,20171005,000000,6.834,7.269,6.789,7.066,0,0
ZEN.V,D,20171006,000000,7.066,7.607,6.663,6.877,0,0
ZEN.V,D,20171007,000000,6.877,7.097,5.767,6.498,0,0
ZEN.V,D,20171008,000000,6.498,6.913,5.995,5.995,0,0
ZEN.V,D,20171009,000000,5.995,6.545,5.016,6.211,0,0
ZEN.V,D,20171010,000000,6.211,6.526,5.249,5.659,0,0
ZEN.V,D,20171011,000000,5.659,6.344,5.22,6.103,0,0
ZEN.V,D,20171012,000000,6.103,7.856,5.976,7.171,0,0
ZEN.V,D,20171013,000000,7.171,9.223,6.534,7.233,0,0
ZEN.V,D,20171014,000000,7.233,8.155,7.164,7.164,0,0
ZEN.V,D,20171015,000000,7.164,7.662,6.712,6.854,0,0
ZEN.V,D,20171016,000000,6.836,7.476,6.629,7.268,0,0
ZEN.V,D,20171017,000000,7.268,7.446,6.606,7.06,0,0
ZEN.V,D,20171018,000000,7.06,8.637,6.691,7.907,0,0
ZEN.V,D,20171019,000000,7.908,29.52,7.813,22.73,0,0
ZEN.V,D,20171020,000000,22.74,25.17,16.31,16.65,0,0
ZEN.V,D,20171021,000000,16.53,26.54,16.02,20.35,0,0
ZEN.V,D,20171022,000000,20.35,26.31,18.87,23.81,0,0
ZEN.V,D,20171023,000000,23.7,25.03,21.57,21.73,0,0
ZEN.V,D,20171024,000000,21.73,25.34,18.84,24.15,0,0
ZEN.V,D,20171025,000000,24.45,28.09,23.51,24.1,0,0
ZEN.V,D,20171026,000000,24.09,25.12,20.43,21.67,0,0
ZEN.V,D,20171027,000000,21.81,22.56,19.95,21.1,0,0
ZEN.V,D,20171028,000000,21.1,21.14,18.97,19.68,0,0
ZEN.V,D,20171029,000000,19.68,21.13,17.58,18.78,0,0
ZEN.V,D,20171030,000000,18.81,21.22,17.5,19.01,0,0
ZEN.V,D,20171031,000000,19.01,20.7,16.77,17.8,0,0
ZEN.V,D,20171101,000000,17.79,19.07,16.08,16.71,0,0
ZEN.V,D,20171102,000000,16.71,18.16,14.97,16.61,0,0
ZEN.V,D,20171103,000000,16.61,32.02,15.96,23.12,0,0
ZEN.V,D,20171104,000000,23.1,24.35,19.51,20.01,0,0
ZEN.V,D,20171105,000000,20.01,22.17,18.56,21.29,0,0
ZEN.V,D,20171106,000000,21.29,21.57,19.03,21,0,0
ZEN.V,D,20171107,000000,20.79,22.65,20.02,21.27,0,0
ZEN.V,D,20171108,000000,21.27,27.05,21.27,24.87,0,0
ZEN.V,D,20171109,000000,24.87,27.79,22.64,27.52,0,0
ZEN.V,D,20171110,000000,27.52,27.52,21.16,22.72,0,0
ZEN.V,D,20171111,000000,22.65,22.76,20.92,22.25,0,0
ZEN.V,D,20171112,000000,22.25,22.25,18.83,20.39,0,0
ZEN.V,D,20171113,000000,20.39,24.58,20.39,23.38,0,0
ZEN.V,D,20171114,000000,23.73,24.31,22.17,22.44,0,0
ZEN.V,D,20171115,000000,22.43,24.97,22.43,23.44,0,0
ZEN.V,D,20171116,000000,23.44,25.77,20.98,21.2,0,0
ZEN.V,D,20171117,000000,21.2,22.78,20.18,21.49,0,0
ZEN.V,D,20171118,000000,21.49,23.77,20.93,21.62,0,0
ZEN.V,D,20171119,000000,21.62,23.55,21,22.04,0,0
ZEN.V,D,20171120,000000,22.04,23.1,19.8,21.53,0,0
ZEN.V,D,20171121,000000,21.43,22.52,20.34,21.78,0,0
ZEN.V,D,20171122,000000,21.78,26.27,21.78,24.7,0,0
ZEN.V,D,20171123,000000,24.87,28.04,22.12,26.98,0,0
ZEN.V,D,20171124,000000,27.05,32.62,26.63,30.86,0,0
ZEN.V,D,20171125,000000,30.87,35.02,30.87,33.51,0,0
ZEN.V,D,20171126,000000,34.23,37.26,29.87,31.47,0,0
ZEN.V,D,20171127,000000,31.47,33.38,29.85,32.65,0,0
ZEN.V,D,20171128,000000,32.65,33.55,30.71,31.7,0,0
ZEN.V,D,20171129,000000,31.7,31.71,26.5,28.53,0,0
ZEN.V,D,20171130,000000,28.56,30.63,25.83,29.61,0,0
ZEN.V,D,20171201,000000,29.82,32.58,29.35,30.25,0,0
ZEN.V,D,20171202,000000,30.25,30.81,26.2,29.15,0,0
ZEN.V,D,20171203,000000,29.15,31.52,29.15,30.08,0,0
ZEN.V,D,20171204,000000,30.08,38.42,30.08,33.79,0,0
ZEN.V,D,20171205,000000,33.78,38.28,33.69,36.76,0,0
ZEN.V,D,20171206,000000,36.76,45.99,35.19,35.45,0,0
ZEN.V,D,20171207,000000,35.45,46,23.81,27.2,0,0
ZEN.V,D,20171208,000000,27.22,32.32,24.15,29.25,0,0
ZEN.V,D,20171209,000000,29.27,32.89,26.39,28.74,0,0
ZEN.V,D,20171210,000000,28.7,29.49,25.44,25.57,0,0
ZEN.V,D,20171211,000000,25.57,31.57,25.57,27.01,0,0
ZEN.V,D,20171212,000000,27.01,33.96,27.01,30.26,0,0
ZEN.V,D,20171213,000000,30.24,32.39,27.9,30.73,0,0
ZEN.V,D,20171214,000000,30.73,37.7,29.79,34.7,0,0
ZEN.V,D,20171215,000000,34.7,37.74,29.4,32.8,0,0
ZEN.V,D,20171216,000000,32.78,36.35,30.99,32.25,0,0
ZEN.V,D,20171217,000000,32.25,35.69,30.91,35.46,0,0
ZEN.V,D,20171218,000000,35.46,42.35,33.96,38.51,0,0
ZEN.V,D,20171219,000000,38.87,42.23,35.01,39.22,0,0
ZEN.V,D,20171220,000000,39.39,41.15,33.11,41.14,0,0
ZEN.V,D,20171221,000000,41.14,51.55,37.55,46.8,0,0
ZEN.V,D,20171222,000000,46.8,47.46,30.98,40.5,0,0
ZEN.V,D,20171223,000000,40.9,47.88,40.76,43.32,0,0
ZEN.V,D,20171224,000000,43.42,48.21,41.45,43.89,0,0
ZEN.V,D,20171225,000000,43.89,45.9,39.87,42.68,0,0
ZEN.V,D,20171226,000000,42.67,49.62,39.45,42.02,0,0
ZEN.V,D,20171227,000000,42.31,47.84,38.57,43.91,0,0
ZEN.V,D,20171228,000000,43.91,45.37,40.62,42.38,0,0
ZEN.V,D,20171229,000000,42.37,46.01,38.93,45.88,0,0
ZEN.V,D,20171230,000000,45.88,62.54,37.13,52.95,0,0
ZEN.V,D,20171231,000000,52.95,66.9,49.72,60.47,0,0
ZEN.V,D,20180101,000000,60.47,64.21,53.85,55.16,0,0
ZEN.V,D,20180102,000000,55.15,61.42,44.97,51.79,0,0
ZEN.V,D,20180103,000000,51.79,56.05,49.03,50.58,0,0
ZEN.V,D,20180104,000000,50.58,59.37,45.3,54.97,0,0
ZEN.V,D,20180105,000000,54.97,64.31,45.73,45.78,0,0
ZEN.V,D,20180106,000000,45.86,57.48,44.56,53.41,0,0
ZEN.V,D,20180107,000000,53.41,57.22,49.54,52.11,0,0
ZEN.V,D,20180108,000000,52.08,55.08,48.01,51.29,0,0
ZEN.V,D,20180109,000000,51.22,61.59,47.12,58.05,0,0
ZEN.V,D,20180110,000000,57.37,68.79,56.04,61.65,0,0
ZEN.V,D,20180111,000000,64.13,64.13,49.57,51.56,0,0
ZEN.V,D,20180112,000000,51.56,60.89,51.56,53.32,0,0
ZEN.V,D,20180113,000000,53.32,61.25,53.32,55.32,0,0
ZEN.V,D,20180114,000000,55.32,55.32,50.57,52.47,0,0
ZEN.V,D,20180115,000000,52.1,54.57,44.81,46.8,0,0
ZEN.V,D,20180116,000000,46.81,46.81,36.83,39.68,0,0
ZEN.V,D,20180117,000000,39.69,41.11,35.25,40.4,0,0
ZEN.V,D,20180118,000000,40.4,42.56,38.42,40.85,0,0
ZEN.V,D,20180119,000000,41.07,44.68,41.07,42.12,0,0
ZEN.V,D,20180120,000000,42.11,47.61,42.11,43.06,0,0
ZEN.V,D,20180121,000000,43.05,43.05,37.44,37.5,0,0
ZEN.V,D,20180122,000000,37.5,38.53,35.07,36.85,0,0
ZEN.V,D,20180123,000000,36.85,37.92,35.44,35.61,0,0
ZEN.V,D,20180124,000000,35.6,39.4,35.6,38.07,0,0
ZEN.V,D,20180125,000000,38.07,39.12,36.99,38.51,0,0
ZEN.V,D,20180126,000000,38.51,44.41,37.75,42.37,0,0
ZEN.V,D,20180127,000000,42.37,48.68,42.37,48.12,0,0
ZEN.V,D,20180128,000000,48.12,50.32,44.73,49.99,0,0
ZEN.V,D,20180129,000000,49.99,53.6,43.23,50.6,0,0
ZEN.V,D,20180130,000000,50.6,50.6,41.96,47.57,0,0
ZEN.V,D,20180131,000000,47.58,50.08,45.06,47.88,0,0
ZEN.V,D,20180201,000000,48.62,48.62,39.13,40.5,0,0
ZEN.V,D,20180202,000000,40.5,42.54,34.52,39.95,0,0
ZEN.V,D,20180203,000000,39.96,45.11,39.96,42.35,0,0
ZEN.V,D,20180204,000000,42.35,42.35,34.45,35.56,0,0
ZEN.V,D,20180205,000000,35.56,35.56,28.12,28.82,0,0
ZEN.V,D,20180206,000000,28.58,37.34,27.25,35.09,0,0
ZEN.V,D,20180207,000000,35,41.84,32.89,35.82,0,0
ZEN.V,D,20180208,000000,35.83,43.68,35.83,39.44,0,0
ZEN.V,D,20180209,000000,39.44,43.44,39.44,39.83,0,0
ZEN.V,D,20180210,000000,39.83,39.83,35.69,37.51,0,0
ZEN.V,D,20180211,000000,37.53,37.53,33.15,34.31,0,0
ZEN.V,D,20180212,000000,34.31,39.71,34.31,38.38,0,0
ZEN.V,D,20180213,000000,38.37,38.49,35.47,36.38,0,0
ZEN.V,D,20180214,000000,36.38,43.09,36.38,41.11,0,0
ZEN.V,D,20180215,000000,41.09,45.29,41.09,43.81,0,0
ZEN.V,D,20180216,000000,43.81,45.8,43.61,45,0,0
ZEN.V,D,20180217,000000,45,49.19,45,45.71,0,0
ZEN.V,D,20180218,000000,45.71,45.71,41.79,42.63,0,0
ZEN.V,D,20180219,000000,42.71,46.95,42.71,43.05,0,0
ZEN.V,D,20180220,000000,43.05,44.8,37.97,38.65,0,0
ZEN.V,D,20180221,000000,38.66,39.79,31.77,35.05,0,0
ZEN.V,D,20180222,000000,35.05,35.05,32.02,32.32,0,0
ZEN.V,D,20180223,000000,32.32,37.62,32.2,34.6,0,0
ZEN.V,D,20180224,000000,34.32,35.91,31.64,35.41,0,0
ZEN.V,D,20180225,000000,35.41,35.56,32.95,34.38,0,0
ZEN.V,D,20180226,000000,34.38,38.16,34.38,36.73,0,0
ZEN.V,D,20180227,000000,36.73,41.84,36.73,39.79,0,0
ZEN.V,D,20180228,000000,39.79,40.51,35.43,38.01,0,0
ZEN.V,D,20180301,000000,38.01,42.08,38.01,40.39,0,0
ZEN.V,D,20180302,000000,40.41,40.89,36.49,39.34,0,0
ZEN.V,D,20180303,000000,39.34,41.61,38.87,39.84,0,0
ZEN.V,D,20180304,000000,39.84,43.61,38.18,40.18,0,0
ZEN.V,D,20180305,000000,40.18,40.23,36.59,37.45,0,0
ZEN.V,D,20180306,000000,37.52,37.52,32.63,33.2,0,0
ZEN.V,D,20180307,000000,33.31,33.31,28.63,30.33,0,0
ZEN.V,D,20180308,000000,30.33,30.33,25.63,25.84,0,0
ZEN.V,D,20180309,000000,25.65,26.71,24.08,25.93,0,0
ZEN.V,D,20180310,000000,25.93,26.32,23.65,24.06,0,0
ZEN.V,D,20180311,000000,24.06,26.58,24,24.14,0,0
ZEN.V,D,20180312,000000,24.14,26.22,21.09,22.03,0,0
ZEN.V,D,20180313,000000,22.03,23.44,20.28,23.37,0,0
ZEN.V,D,20180314,000000,23.36,23.36,17.73,17.84,0,0
ZEN.V,D,20180315,000000,17.84,21.14,17.84,20.67,0,0
ZEN.V,D,20180316,000000,20.68,23.7,19.68,20.54,0,0
ZEN.V,D,20180317,000000,20.54,20.54,18.52,18.6,0,0
ZEN.V,D,20180318,000000,18.6,19.5,17.03,17.61,0,0
ZEN.V,D,20180319,000000,17.61,20.51,17.61,19.57,0,0
ZEN.V,D,20180320,000000,19.57,20.82,18.98,19.98,0,0
ZEN.V,D,20180321,000000,19.98,21.17,19.5,19.65,0,0
ZEN.V,D,20180322,000000,19.65,20.05,18.92,19.52,0,0
ZEN.V,D,20180323,000000,19.52,20.47,18.78,19.02,0,0
ZEN.V,D,20180324,000000,19.02,19.08,17.96,18.55,0,0
ZEN.V,D,20180325,000000,18.55,18.85,18.13,18.42,0,0
ZEN.V,D,20180326,000000,18.17,18.59,15.13,17.63,0,0
ZEN.V,D,20180327,000000,17.63,19.45,15,17.55,0,0
ZEN.V,D,20180328,000000,17.55,19.92,17.01,19.02,0,0
ZEN.V,D,20180329,000000,19.02,19.06,16.25,17.67,0,0
ZEN.V,D,20180330,000000,17.68,17.68,15.08,16.81,0,0
ZEN.V,D,20180331,000000,16.9,17.48,15.54,16.04,0,0
ZEN.V,D,20180401,000000,16.04,16.68,14.37,16,0,0
ZEN.V,D,20180402,000000,16,21.11,16,20.49,0,0
ZEN.V,D,20180403,000000,20.49,22.33,19.36,21.69,0,0
ZEN.V,D,20180404,000000,21.69,22.35,18.21,20.79,0,0
ZEN.V,D,20180405,000000,20.79,23.69,19.57,22.48,0,0
ZEN.V,D,20180406,000000,22.47,24.54,20.53,23.74,0,0
ZEN.V,D,20180407,000000,23.79,25.43,23.08,24.86,0,0
ZEN.V,D,20180408,000000,24.86,26.04,23.71,25.57,0,0
ZEN.V,D,20180409,000000,25.56,25.79,22.85,24.18,0,0
ZEN.V,D,20180410,000000,24.17,26.08,23.88,25.22,0,0
ZEN.V,D,20180411,000000,25.22,26.67,25.22,26.27,0,0
ZEN.V,D,20180412,000000,26.27,30.91,26.27,30.04,0,0
ZEN.V,D,20180413,000000,30.04,33.82,29.67,31.51,0,0
ZEN.V,D,20180414,000000,31.51,36.09,31.14,34.47,0,0
ZEN.V,D,20180415,000000,34.47,36.85,33.86,34.39,0,0
ZEN.V,D,20180416,000000,34.39,34.73,31.76,33.69,0,0
ZEN.V,D,20180417,000000,33.69,34.74,31.68,33.56,0,0
ZEN.V,D,20180418,000000,33.56,36.79,33.43,35.08,0,0
ZEN.V,D,20180419,000000,34.75,38.87,34.75,37.18,0,0
ZEN.V,D,20180420,000000,37.18,42.1,37.18,40.78,0,0
ZEN.V,D,20180421,000000,40.59,41.05,34.92,36.47,0,0
ZEN.V,D,20180422,000000,36.47,36.47,34.07,34.4,0,0
ZEN.V,D,20180423,000000,34.4,35.82,33.33,34.33,0,0
ZEN.V,D,20180424,000000,34.33,38.16,34.33,37.15,0,0
ZEN.V,D,20180425,000000,37.15,37.15,32.15,34.68,0,0
ZEN.V,D,20180426,000000,34.68,40.03,34.68,38.92,0,0
ZEN.V,D,20180427,000000,38.95,41.56,36.53,40.89,0,0
ZEN.V,D,20180428,000000,40.89,43.9,40.89,42.44,0,0
ZEN.V,D,20180429,000000,42.13,43.19,40.63,41.35,0,0
ZEN.V,D,20180430,000000,40.92,41.78,38.78,38.86,0,0
ZEN.V,D,20180501,000000,38.85,39.16,36.7,38.48,0,0
ZEN.V,D,20180502,000000,38.48,42.31,37.14,40.67,0,0
ZEN.V,D,20180503,000000,40.77,43.55,39.54,40.93,0,0
ZEN.V,D,20180504,000000,40.93,41.51,39.68,40.69,0,0
ZEN.V,D,20180505,000000,40.69,42.7,40.36,41.45,0,0
ZEN.V,D,20180506,000000,41.43,41.43,39.55,39.97,0,0
ZEN.V,D,20180507,000000,39.96,39.96,37.52,37.89,0,0
ZEN.V,D,20180508,000000,38.09,38.6,36.07,36.15,0,0
ZEN.V,D,20180509,000000,36.16,36.82,34.37,34.46,0,0
ZEN.V,D,20180510,000000,34.46,36.33,33.33,36.05,0,0
ZEN.V,D,20180511,000000,35.51,35.51,30.2,30.32,0,0
ZEN.V,D,20180512,000000,30.31,33.1,30.03,31.38,0,0
ZEN.V,D,20180513,000000,31.39,33.09,31.23,32.49,0,0
ZEN.V,D,20180514,000000,32.57,32.94,30.37,32.02,0,0
ZEN.V,D,20180515,000000,32.02,32.02,28.92,29.69,0,0
ZEN.V,D,20180516,000000,29.69,30.03,27.83,28.13,0,0
ZEN.V,D,20180517,000000,28.12,28.84,25.94,26.78,0,0
ZEN.V,D,20180518,000000,26.78,29.15,26.78,28.69,0,0
ZEN.V,D,20180519,000000,28.67,29.15,27.85,28.8,0,0
ZEN.V,D,20180520,000000,28.8,30.83,28.8,30.33,0,0
ZEN.V,D,20180521,000000,30.34,34.9,29.89,32.52,0,0
ZEN.V,D,20180522,000000,32.55,34.85,30.77,32.94,0,0
ZEN.V,D,20180523,000000,32.9,48.5,30.62,31,0,0
ZEN.V,D,20180524,000000,31.31,36.35,31.11,34.62,0,0
ZEN.V,D,20180525,000000,34.61,40.34,31.85,38.41,0,0
ZEN.V,D,20180526,000000,38.41,39.47,35.53,35.97,0,0
ZEN.V,D,20180527,000000,35.97,36.49,32.31,33,0,0
ZEN.V,D,20180528,000000,33,33,28.91,29.33,0,0
ZEN.V,D,20180529,000000,29.08,33.41,28.91,30.93,0,0
ZEN.V,D,20180530,000000,30.88,31.29,29.59,30.3,0,0
ZEN.V,D,20180531,000000,30.29,31.34,29.3,30.49,0,0
ZEN.V,D,20180601,000000,30.6,32.46,30.11,31.46,0,0
ZEN.V,D,20180602,000000,31.46,31.93,29.81,30.06,0,0
ZEN.V,D,20180603,000000,30.06,30.91,28.34,29.27,0,0
ZEN.V,D,20180604,000000,29.27,29.27,26.27,26.67,0,0
ZEN.V,D,20180605,000000,26.67,27.36,21.91,23.27,0,0
ZEN.V,D,20180606,000000,23.27,23.64,21.27,22.81,0,0
ZEN.V,D,20180607,000000,22.66,24.09,21.71,23.13,0,0
ZEN.V,D,20180608,000000,23.13,24.03,21.99,22.91,0,0
ZEN.V,D,20180609,000000,22.9,22.9,21.13,21.29,0,0
ZEN.V,D,20180610,000000,21.55,21.55,17.69,17.9,0,0
ZEN.V,D,20180611,000000,17.9,19.7,17.44,19.42,0,0
ZEN.V,D,20180612,000000,19.48,19.48,17.2,17.2,0,0
ZEN.V,D,20180613,000000,17.2,18.26,16.12,17.25,0,0
ZEN.V,D,20180614,000000,17.25,21.06,17.25,19.46,0,0
ZEN.V,D,20180615,000000,19.46,20.55,18.61,18.95,0,0
ZEN.V,D,20180616,000000,18.95,19.78,18.77,19.25,0,0
ZEN.V,D,20180617,000000,19.25,19.51,18.82,19.19,0,0
ZEN.V,D,20180618,000000,19.19,20,19.12,19.63,0,0
ZEN.V,D,20180619,000000,19.63,19.81,19.49,19.77,0,0
ZEN.V,D,20180620,000000,19.77,20.22,19.6,19.87,0,0
ZEN.V,D,20180621,000000,19.8,19.88,18.49,18.61,0,0
ZEN.V,D,20180622,000000,18.61,18.61,16.21,17.57,0,0
ZEN.V,D,20180623,000000,17.57,18.06,17.29,17.35,0,0
ZEN.V,D,20180624,000000,17.35,17.35,15.73,16.52,0,0
ZEN.V,D,20180625,000000,16.52,17.16,16.33,16.74,0,0
ZEN.V,D,20180626,000000,16.74,16.74,15.79,16.14,0,0
ZEN.V,D,20180627,000000,16.15,17.64,16.15,16.99,0,0
ZEN.V,D,20180628,000000,16.99,16.99,15.65,15.79,0,0
ZEN.V,D,20180629,000000,15.79,17.71,15.79,16.36,0,0
ZEN.V,D,20180630,000000,16.36,18.96,16.36,17.73,0,0
ZEN.V,D,20180701,000000,17.74,18.5,17.45,17.69,0,0
ZEN.V,D,20180702,000000,17.7,18.72,16.78,18.09,0,0
ZEN.V,D,20180703,000000,18.1,18.21,17.56,17.86,0,0
ZEN.V,D,20180704,000000,17.86,19.06,17.8,18.78,0,0
ZEN.V,D,20180705,000000,18.77,19.27,17.89,18.11,0,0
ZEN.V,D,20180706,000000,18.11,20.72,17.92,20.14,0,0
ZEN.V,D,20180707,000000,20.14,22.19,20.14,21.13,0,0
ZEN.V,D,20180708,000000,21.13,23.18,20.65,22.16,0,0
ZEN.V,D,20180709,000000,22.16,25.12,20.62,22.98,0,0
ZEN.V,D,20180710,000000,22.93,23.26,20.23,20.85,0,0
ZEN.V,D,20180711,000000,20.85,22.43,20.73,22,0,0
ZEN.V,D,20180712,000000,22,22,20.25,20.79,0,0
ZEN.V,D,20180713,000000,20.77,21.13,20.33,20.57,0,0
ZEN.V,D,20180714,000000,20.56,20.94,19.41,19.45,0,0
ZEN.V,D,20180715,000000,19.44,21.03,19.44,20.96,0,0
ZEN.V,D,20180716,000000,20.96,22.62,20.96,22.1,0,0
ZEN.V,D,20180717,000000,22.1,27.77,22.1,26.02,0,0
ZEN.V,D,20180718,000000,26.04,27.32,25.03,26.93,0,0
ZEN.V,D,20180719,000000,26.98,32.47,26.07,29.39,0,0
ZEN.V,D,20180720,000000,29.33,31.09,27.71,27.84,0,0
ZEN.V,D,20180721,000000,27.84,29.34,26.56,27.16,0,0
ZEN.V,D,20180722,000000,27.16,27.4,24.87,25.12,0,0
ZEN.V,D,20180723,000000,25.12,26.64,24.76,25.67,0,0
ZEN.V,D,20180724,000000,25.67,33.04,24.68,31.1,0,0
ZEN.V,D,20180725,000000,31.16,32.18,28.06,29.47,0,0
ZEN.V,D,20180726,000000,29.46,30.17,28.08,28.96,0,0
ZEN.V,D,20180727,000000,28.96,32.72,28.96,31.28,0,0
ZEN.V,D,20180728,000000,31.28,32.43,30.02,30.51,0,0
ZEN.V,D,20180729,000000,30.51,30.53,29.54,29.94,0,0
ZEN.V,D,20180730,000000,29.94,30.19,27.06,28.11,0,0
ZEN.V,D,20180731,000000,28.11,28.79,26.16,27.23,0,0
ZEN.V,D,20180801,000000,27.23,27.23,25.71,26.27,0,0
ZEN.V,D,20180802,000000,26.27,26.89,24.51,24.91,0,0
ZEN.V,D,20180803,000000,24.91,24.91,23.76,24.29,0,0
ZEN.V,D,20180804,000000,24.28,24.28,21.56,21.83,0,0
ZEN.V,D,20180805,000000,21.84,22.75,21.84,22.64,0,0
ZEN.V,D,20180806,000000,22.71,23.64,22.28,23.03,0,0
ZEN.V,D,20180807,000000,23.03,23.03,21.37,21.45,0,0
ZEN.V,D,20180808,000000,21.55,21.55,19.23,19.86,0,0
ZEN.V,D,20180809,000000,19.86,22.97,19.86,21.71,0,0
ZEN.V,D,20180810,000000,21.71,21.71,19.76,19.83,0,0
ZEN.V,D,20180811,000000,19.83,20.63,19.25,19.73,0,0
ZEN.V,D,20180812,000000,19.88,20.37,19.53,19.81,0,0
ZEN.V,D,20180813,000000,19.81,19.81,18.63,18.63,0,0
ZEN.V,D,20180814,000000,18.63,19.05,17.53,18.65,0,0
ZEN.V,D,20180815,000000,18.52,19.31,18.21,18.3,0,0
ZEN.V,D,20180816,000000,18.3,19.15,18.29,18.81,0,0
ZEN.V,D,20180817,000000,18.81,22.42,18.81,21.4,0,0
ZEN.V,D,20180818,000000,21.4,21.4,19.47,19.75,0,0
ZEN.V,D,20180819,000000,19.69,20.74,19.69,20.31,0,0
ZEN.V,D,20180820,000000,20.31,20.31,18.75,19,0,0
ZEN.V,D,20180821,000000,19,21.49,19,21.14,0,0
ZEN.V,D,20180822,000000,21.13,21.36,19.17,19.39,0,0
ZEN.V,D,20180823,000000,19.37,20.74,19.37,20.15,0,0
ZEN.V,D,20180824,000000,20.15,21.31,20.15,20.6,0,0
ZEN.V,D,20180825,000000,20.6,20.95,20.01,20.03,0,0
ZEN.V,D,20180826,000000,20.11,20.11,18.99,19.33,0,0
ZEN.V,D,20180827,000000,19.33,20.09,19.33,20.01,0,0
ZEN.V,D,20180828,000000,20.02,20.58,19.37,20.02,0,0
ZEN.V,D,20180829,000000,20.02,20.02,18.75,19,0,0
ZEN.V,D,20180830,000000,19,19.21,18.39,18.63,0,0
ZEN.V,D,20180831,000000,18.66,19.08,18.52,18.79,0,0
ZEN.V,D,20180901,000000,18.79,19.95,18.79,19.33,0,0
ZEN.V,D,20180902,000000,19.33,19.79,18.43,18.57,0,0
ZEN.V,D,20180903,000000,18.6,19.51,18.18,19.03,0,0
ZEN.V,D,20180904,000000,19.02,20.63,19.02,20.02,0,0
ZEN.V,D,20180905,000000,20.01,20.01,16.03,16.07,0,0
ZEN.V,D,20180906,000000,16.08,19.01,15.55,17.81,0,0
ZEN.V,D,20180907,000000,17.81,18.22,16.59,16.72,0,0
ZEN.V,D,20180908,000000,16.72,16.72,15.59,15.89,0,0
ZEN.V,D,20180909,000000,15.89,16.62,15.81,16.04,0,0
ZEN.V,D,20180910,000000,16.04,16.39,15.23,15.51,0,0
ZEN.V,D,20180911,000000,15.51,15.9,14.67,14.81,0,0
ZEN.V,D,20180912,000000,14.81,15.51,14.7,15.06,0,0
ZEN.V,D,20180913,000000,15.06,16.55,15.06,16.16,0,0
ZEN.V,D,20180914,000000,16.16,16.46,15.4,16.04,0,0
ZEN.V,D,20180915,000000,16.04,16.21,15.82,16.02,0,0
ZEN.V,D,20180916,000000,16.02,16.02,15.53,15.68,0,0
ZEN.V,D,20180917,000000,15.68,15.99,15.05,15.15,0,0
ZEN.V,D,20180918,000000,15.14,15.62,14.9,15.03,0,0
ZEN.V,D,20180919,000000,15.03,15.56,14.78,15.26,0,0
ZEN.V,D,20180920,000000,15.26,15.82,15.18,15.55,0,0
ZEN.V,D,20180921,000000,15.55,16.61,15.55,16.4,0,0
ZEN.V,D,20180922,000000,16.4,16.55,16.08,16.17,0,0
ZEN.V,D,20180923,000000,16.17,17.03,16.09,16.84,0,0
ZEN.V,D,20180924,000000,16.84,16.84,15.58,16.41,0,0
ZEN.V,D,20180925,000000,16.41,16.83,15.85,16.07,0,0
ZEN.V,D,20180926,000000,16.07,16.27,15.85,15.98,0,0
ZEN.V,D,20180927,000000,15.98,16.74,15.77,16.53,0,0
ZEN.V,D,20180928,000000,16.53,17.11,16.36,16.75,0,0
ZEN.V,D,20180929,000000,16.75,17.27,16.36,16.83,0,0
ZEN.V,D,20180930,000000,16.83,16.93,16.18,16.29,0,0
ZEN.V,D,20181001,000000,16.29,19.99,16.12,17.11,0,0
ZEN.V,D,20181002,000000,17.12,17.12,16.46,16.82,0,0
ZEN.V,D,20181003,000000,16.81,16.81,15.97,16.1,0,0
ZEN.V,D,20181004,000000,16.11,16.71,16.11,16.38,0,0
ZEN.V,D,20181005,000000,16.38,16.63,16.28,16.42,0,0
ZEN.V,D,20181006,000000,16.42,16.46,16.08,16.19,0,0
ZEN.V,D,20181007,000000,16.18,16.35,15.82,16.16,0,0
ZEN.V,D,20181008,000000,16.16,16.35,15.7,16.13,0,0
ZEN.V,D,20181009,000000,16.12,16.14,15.7,15.82,0,0
ZEN.V,D,20181010,000000,15.82,16.1,15.52,15.68,0,0
ZEN.V,D,20181011,000000,15.68,15.68,13.48,13.57,0,0
ZEN.V,D,20181012,000000,13.47,13.8,13.4,13.5,0,0
ZEN.V,D,20181013,000000,13.5,13.69,13.4,13.44,0,0
ZEN.V,D,20181014,000000,13.44,13.69,13.33,13.34,0,0
ZEN.V,D,20181015,000000,13.34,14.32,13.26,13.36,0,0
ZEN.V,D,20181016,000000,13.36,14.14,12.89,13.94,0,0
ZEN.V,D,20181017,000000,13.94,14.99,13.79,14.06,0,0
ZEN.V,D,20181018,000000,14.03,14.03,13.04,13.22,0,0
ZEN.V,D,20181019,000000,13.22,13.5,13,13.38,0,0
ZEN.V,D,20181020,000000,13.39,15.34,13.35,14.05,0,0
ZEN.V,D,20181021,000000,14.05,14.45,13.71,13.9,0,0
ZEN.V,D,20181022,000000,13.9,13.9,13.47,13.89,0,0
ZEN.V,D,20181023,000000,13.89,14.11,13.39,13.65,0,0
ZEN.V,D,20181024,000000,13.65,14.57,13.58,13.98,0,0
ZEN.V,D,20181025,000000,13.98,14.33,13.58,14.19,0,0
ZEN.V,D,20181026,000000,14.19,14.28,13.44,13.68,0,0
ZEN.V,D,20181027,000000,13.68,15.22,13.54,14.43,0,0
ZEN.V,D,20181028,000000,14.43,14.49,14.13,14.25,0,0
ZEN.V,D,20181029,000000,14.25,14.36,12.87,13.23,0,0
ZEN.V,D,20181030,000000,13.23,13.86,13.04,13.23,0,0
ZEN.V,D,20181031,000000,13.23,13.9,13.19,13.79,0,0
ZEN.V,D,20181101,000000,13.79,19.33,13.59,14.66,0,0
ZEN.V,D,20181102,000000,14.66,15.02,14.14,14.22,0,0
ZEN.V,D,20181103,000000,14.22,14.49,13.36,13.86,0,0
ZEN.V,D,20181104,000000,13.86,14.67,13.72,13.82,0,0
ZEN.V,D,20181105,000000,13.82,14.55,13.49,14.14,0,0
ZEN.V,D,20181106,000000,14.14,14.92,13.8,14.64,0,0
ZEN.V,D,20181107,000000,14.64,15.66,14.37,15.25,0,0
ZEN.V,D,20181108,000000,15.19,15.43,14.38,14.89,0,0
ZEN.V,D,20181109,000000,14.89,15.49,14.59,15.12,0,0
ZEN.V,D,20181110,000000,15.12,15.24,14.88,15.04,0,0
ZEN.V,D,20181111,000000,15.04,15.14,14.25,14.41,0,0
ZEN.V,D,20181112,000000,14.41,14.41,13.92,13.94,0,0
ZEN.V,D,20181113,000000,13.94,14.09,13.32,13.41,0,0
ZEN.V,D,20181114,000000,13.41,13.41,11.72,11.87,0,0
ZEN.V,D,20181115,000000,11.87,12.23,11.5,12.13,0,0
ZEN.V,D,20181116,000000,12.13,12.75,11.84,11.88,0,0
ZEN.V,D,20181117,000000,11.88,11.89,11.13,11.53,0,0
ZEN.V,D,20181118,000000,11.53,11.7,11.33,11.42,0,0
ZEN.V,D,20181119,000000,11.42,11.42,8.965,9.008,0,0
ZEN.V,D,20181120,000000,8.999,9.11,7.955,8.333,0,0
ZEN.V,D,20181121,000000,8.333,8.731,8.333,8.617,0,0
ZEN.V,D,20181122,000000,8.617,8.617,8.049,8.062,0,0
ZEN.V,D,20181123,000000,8.062,8.279,7.623,7.744,0,0
ZEN.V,D,20181124,000000,7.718,7.718,5.904,6.76,0,0
ZEN.V,D,20181125,000000,6.76,7.119,6.323,6.643,0,0
ZEN.V,D,20181126,000000,6.671,6.671,5.896,5.995,0,0
ZEN.V,D,20181127,000000,5.991,6.117,5.933,6.037,0,0
ZEN.V,D,20181128,000000,6.037,7.926,6.037,6.962,0,0
ZEN.V,D,20181129,000000,6.962,7.275,6.914,7.052,0,0
ZEN.V,D,20181130,000000,7.039,7.039,6.303,6.672,0,0
ZEN.V,D,20181201,000000,6.64,7.06,6.64,6.917,0,0
ZEN.V,D,20181202,000000,6.918,6.962,6.709,6.759,0,0
ZEN.V,D,20181203,000000,6.759,6.759,5.896,6.043,0,0
ZEN.V,D,20181204,000000,6.043,6.239,6.043,6.187,0,0
ZEN.V,D,20181205,000000,6.187,6.187,5.543,5.603,0,0
ZEN.V,D,20181206,000000,5.603,5.603,4.747,4.747,0,0
ZEN.V,D,20181207,000000,4.747,4.809,4.443,4.789,0,0
ZEN.V,D,20181208,000000,4.789,5.019,4.679,4.96,0,0
ZEN.V,D,20181209,000000,4.96,5.184,4.875,5.005,0,0
ZEN.V,D,20181210,000000,5.005,5.005,4.66,4.774,0,0
ZEN.V,D,20181211,000000,4.774,4.969,4.67,4.795,0,0
ZEN.V,D,20181212,000000,4.795,4.918,4.688,4.713,0,0
ZEN.V,D,20181213,000000,4.713,4.713,4.379,4.392,0,0
ZEN.V,D,20181214,000000,4.392,4.392,4.29,4.306,0,0
ZEN.V,D,20181215,000000,4.306,4.344,4.131,4.157,0,0
ZEN.V,D,20181216,000000,4.157,4.378,4.157,4.291,0,0
ZEN.V,D,20181217,000000,4.291,5.01,4.291,4.854,0,0
ZEN.V,D,20181218,000000,4.854,5.139,4.854,4.92,0,0
ZEN.V,D,20181219,000000,4.92,5.254,4.92,5.186,0,0
ZEN.V,D,20181220,000000,5.186,5.768,5.186,5.586,0,0
ZEN.V,D,20181221,000000,5.586,5.586,5.068,5.221,0,0
ZEN.V,D,20181222,000000,5.221,5.55,5.221,5.461,0,0
ZEN.V,D,20181223,000000,5.461,5.623,5.406,5.547,0,0
ZEN.V,D,20181224,000000,5.547,6.143,5.547,5.947,0,0
ZEN.V,D,20181225,000000,5.947,5.971,5.296,5.672,0,0
ZEN.V,D,20181226,000000,5.672,5.727,5.365,5.546,0,0
ZEN.V,D,20181227,000000,5.546,6.581,5.203,5.772,0,0
ZEN.V,D,20181228,000000,5.772,6.321,5.578,5.922,0,0
ZEN.V,D,20181229,000000,5.922,5.922,5.293,5.529,0,0
ZEN.V,D,20181230,000000,5.529,5.95,5.529,5.868,0,0
ZEN.V,D,20181231,000000,5.868,5.868,5.243,5.344,0,0
ZEN.V,D,20190101,000000,5.344,5.541,5.32,5.331,0,0
ZEN.V,D,20190102,000000,5.331,5.656,5.331,5.474,0,0
ZEN.V,D,20190103,000000,5.474,5.474,5.14,5.186,0,0
ZEN.V,D,20190104,000000,5.186,5.276,5.168,5.199,0,0
ZEN.V,D,20190105,000000,5.199,5.216,5.051,5.128,0,0
ZEN.V,D,20190106,000000,5.128,5.473,5.128,5.289,0,0
ZEN.V,D,20190107,000000,5.289,5.452,5.18,5.423,0,0
ZEN.V,D,20190108,000000,5.423,5.495,5.253,5.261,0,0
ZEN.V,D,20190109,000000,5.261,5.34,5.251,5.267,0,0
ZEN.V,D,20190110,000000,5.267,5.267,4.442,4.604,0,0
ZEN.V,D,20190111,000000,4.604,4.726,4.495,4.553,0,0
ZEN.V,D,20190112,000000,4.553,4.874,4.493,4.727,0,0
ZEN.V,D,20190113,000000,4.727,4.727,4.215,4.237,0,0
ZEN.V,D,20190114,000000,4.237,4.563,4.237,4.493,0,0
ZEN.V,D,20190115,000000,4.493,4.559,4.244,4.345,0,0
ZEN.V,D,20190116,000000,4.345,4.497,4.11,4.409,0,0
ZEN.V,D,20190117,000000,4.409,4.713,4.397,4.669,0,0
ZEN.V,D,20190118,000000,4.669,4.67,4.465,4.633,0,0
ZEN.V,D,20190119,000000,4.633,4.852,4.588,4.744,0,0
ZEN.V,D,20190120,000000,4.744,5.184,4.495,4.766,0,0
ZEN.V,D,20190121,000000,4.766,5.044,4.604,4.676,0,0
ZEN.V,D,20190122,000000,4.676,4.812,4.589,4.636,0,0
ZEN.V,D,20190123,000000,4.636,4.719,4.447,4.472,0,0
ZEN.V,D,20190124,000000,4.472,4.613,4.462,4.574,0,0
ZEN.V,D,20190125,000000,4.574,4.611,4.457,4.518,0,0
ZEN.V,D,20190126,000000,4.518,4.701,4.492,4.521,0,0
ZEN.V,D,20190127,000000,4.521,4.521,4.275,4.296,0,0
ZEN.V,D,20190128,000000,4.296,4.296,3.965,4.203,0,0
ZEN.V,D,20190129,000000,4.203,4.228,4.01,4.191,0,0
ZEN.V,D,20190130,000000,4.191,4.279,4.133,4.223,0,0
ZEN.V,D,20190131,000000,4.223,4.258,4.021,4.069,0,0
ZEN.V,D,20190201,000000,4.069,4.15,4.002,4.095,0,0
ZEN.V,D,20190202,000000,4.095,4.172,4.014,4.067,0,0
ZEN.V,D,20190203,000000,4.067,4.071,3.957,4.019,0,0
ZEN.V,D,20190204,000000,4.019,4.241,3.877,3.908,0,0
ZEN.V,D,20190205,000000,3.908,3.979,3.806,3.872,0,0
ZEN.V,D,20190206,000000,3.872,4.223,3.745,3.894,0,0
ZEN.V,D,20190207,000000,3.894,4.03,3.855,4.027,0,0
ZEN.V,D,20190208,000000,4.027,4.56,4.027,4.447,0,0
ZEN.V,D,20190209,000000,4.447,4.485,4.353,4.405,0,0
ZEN.V,D,20190210,000000,4.405,4.588,4.405,4.57,0,0
ZEN.V,D,20190211,000000,4.57,4.576,4.381,4.471,0,0
ZEN.V,D,20190212,000000,4.471,4.652,4.471,4.619,0,0
ZEN.V,D,20190213,000000,4.619,4.745,4.572,4.702,0,0
ZEN.V,D,20190214,000000,4.702,4.762,4.45,4.464,0,0
ZEN.V,D,20190215,000000,4.464,4.862,4.366,4.406,0,0
ZEN.V,D,20190216,000000,4.406,4.637,4.337,4.554,0,0
ZEN.V,D,20190217,000000,4.554,4.743,4.554,4.581,0,0
ZEN.V,D,20190218,000000,4.581,4.945,4.581,4.879,0,0
ZEN.V,D,20190219,000000,4.879,5.361,4.788,4.831,0,0
ZEN.V,D,20190220,000000,4.831,5.492,4.831,5.119,0,0
ZEN.V,D,20190221,000000,5.119,5.221,5.004,5.098,0,0
ZEN.V,D,20190222,000000,5.098,5.434,5.098,5.294,0,0
ZEN.V,D,20190223,000000,5.294,5.726,5.294,5.518,0,0
ZEN.V,D,20190224,000000,5.518,5.518,4.847,5.069,0,0
ZEN.V,D,20190225,000000,5.069,5.414,5.069,5.345,0,0
ZEN.V,D,20190226,000000,5.345,5.532,5.253,5.326,0,0
ZEN.V,D,20190227,000000,5.326,5.436,5.164,5.221,0,0
ZEN.V,D,20190228,000000,5.221,5.708,5.181,5.609,0,0
ZEN.V,D,20190301,000000,5.609,5.835,5.468,5.487,0,0
ZEN.V,D,20190302,000000,5.487,5.711,5.457,5.63,0,0
ZEN.V,D,20190303,000000,5.63,5.63,5.276,5.28,0,0
ZEN.V,D,20190304,000000,5.28,5.313,5.104,5.183,0,0
ZEN.V,D,20190305,000000,5.183,6.168,5.183,5.54,0,0
ZEN.V,D,20190306,000000,5.54,5.595,5.394,5.452,0,0
ZEN.V,D,20190307,000000,5.452,5.645,5.342,5.374,0,0
ZEN.V,D,20190308,000000,5.374,5.5,5.28,5.299,0,0
ZEN.V,D,20190309,000000,5.299,5.586,5.299,5.491,0,0
ZEN.V,D,20190310,000000,5.491,5.549,5.384,5.404,0,0
ZEN.V,D,20190311,000000,5.404,5.595,5.324,5.429,0,0
ZEN.V,D,20190312,000000,5.429,7.171,5.335,5.673,0,0
ZEN.V,D,20190313,000000,5.673,6.427,5.48,5.694,0,0
ZEN.V,D,20190314,000000,5.694,6.315,5.667,6.195,0,0
ZEN.V,D,20190315,000000,6.195,6.35,5.973,5.993,0,0
ZEN.V,D,20190316,000000,5.993,6.677,5.993,6.512,0,0
ZEN.V,D,20190317,000000,6.512,6.709,6.321,6.413,0,0
ZEN.V,D,20190318,000000,6.413,6.845,6.378,6.761,0,0
ZEN.V,D,20190319,000000,6.761,6.97,6.64,6.938,0,0
ZEN.V,D,20190320,000000,6.938,7.014,6.807,6.896,0,0
ZEN.V,D,20190321,000000,6.896,7.075,6.403,6.767,0,0
ZEN.V,D,20190322,000000,6.767,6.781,6.497,6.501,0,0
ZEN.V,D,20190323,000000,6.501,6.56,6.416,6.5,0,0
ZEN.V,D,20190324,000000,6.5,6.65,6.411,6.494,0,0
ZEN.V,D,20190325,000000,6.494,6.656,6.33,6.428,0,0
ZEN.V,D,20190326,000000,6.428,6.765,6.311,6.485,0,0
ZEN.V,D,20190327,000000,6.485,7.214,6.485,6.878,0,0
ZEN.V,D,20190328,000000,6.878,7.036,6.765,6.818,0,0
ZEN.V,D,20190329,000000,6.818,7.03,6.818,6.911,0,0
ZEN.V,D,20190330,000000,6.911,6.947,6.733,6.844,0,0
ZEN.V,D,20190331,000000,6.844,6.905,6.737,6.864,0,0
ZEN.V,D,20190401,000000,6.864,7.29,6.864,7.053,0,0
ZEN.V,D,20190402,000000,7.053,8.464,7.053,7.611,0,0
ZEN.V,D,20190403,000000,7.611,7.948,7.425,7.485,0,0
ZEN.V,D,20190404,000000,7.485,7.571,7.218,7.242,0,0
ZEN.V,D,20190405,000000,7.242,7.722,7.242,7.657,0,0
ZEN.V,D,20190406,000000,7.657,7.722,7.389,7.49,0,0
ZEN.V,D,20190407,000000,7.49,7.921,7.49,7.765,0,0
ZEN.V,D,20190408,000000,7.765,8.608,7.765,8.243,0,0
ZEN.V,D,20190409,000000,8.243,8.243,7.714,7.766,0,0
ZEN.V,D,20190410,000000,7.766,8.116,7.766,7.962,0,0
ZEN.V,D,20190411,000000,7.962,8.421,7.482,7.987,0,0
ZEN.V,D,20190412,000000,7.987,8.115,7.531,7.77,0,0
ZEN.V,D,20190413,000000,7.77,7.819,7.479,7.524,0,0
ZEN.V,D,20190414,000000,7.524,7.661,7.413,7.418,0,0
ZEN.V,D,20190415,000000,7.418,7.418,6.987,7.017,0,0
ZEN.V,D,20190416,000000,7.017,7.355,7.017,7.11,0,0
ZEN.V,D,20190417,000000,7.11,7.404,6.996,7.168,0,0
ZEN.V,D,20190418,000000,7.168,7.284,7.088,7.178,0,0
ZEN.V,D,20190419,000000,7.178,7.382,7.096,7.244,0,0
ZEN.V,D,20190420,000000,7.244,7.59,7.047,7.057,0,0
ZEN.V,D,20190421,000000,7.057,7.12,6.791,6.866,0,0
ZEN.V,D,20190422,000000,6.866,7.213,6.866,7.17,0,0
ZEN.V,D,20190423,000000,7.17,7.866,7.17,7.334,0,0
ZEN.V,D,20190424,000000,7.334,7.38,7.091,7.113,0,0
ZEN.V,D,20190425,000000,7.113,7.166,6.629,6.639,0,0
ZEN.V,D,20190426,000000,6.639,7.684,6.639,7.396,0,0
ZEN.V,D,20190427,000000,7.396,7.614,7.232,7.436,0,0
ZEN.V,D,20190428,000000,7.479,7.993,7.308,7.851,0,0
ZEN.V,D,20190429,000000,7.851,7.862,6.972,7.139,0,0
ZEN.V,D,20190430,000000,7.139,7.657,7.127,7.577,0,0
ZEN.V,D,20190501,000000,7.577,8.1,7.577,8.014,0,0
ZEN.V,D,20190502,000000,8.014,8.411,7.927,8.207,0,0
ZEN.V,D,20190503,000000,8.207,8.808,8.207,8.624,0,0
ZEN.V,D,20190504,000000,8.624,9.315,8.27,9.268,0,0
ZEN.V,D,20190505,000000,9.268,9.798,8.836,9.473,0,0
ZEN.V,D,20190506,000000,9.473,9.801,9.145,9.243,0,0
ZEN.V,D,20190507,000000,9.243,9.672,9.243,9.556,0,0
ZEN.V,D,20190508,000000,9.556,11.29,9.556,11.21,0,0
ZEN.V,D,20190509,000000,11.21,13.03,10.57,11.7,0,0
ZEN.V,D,20190510,000000,11.7,12.66,10.54,10.97,0,0
ZEN.V,D,20190511,000000,10.97,13.38,10.97,12.09,0,0
ZEN.V,D,20190512,000000,12.09,12.69,11.16,12.32,0,0
ZEN.V,D,20190513,000000,12.32,13.99,12.32,12.66,0,0
ZEN.V,D,20190514,000000,12.66,13.25,11.79,12.5,0,0
ZEN.V,D,20190515,000000,12.5,13.47,12.36,12.94,0,0
ZEN.V,D,20190516,000000,12.94,12.94,12.08,12.79,0,0
ZEN.V,D,20190517,000000,12.79,12.79,11.37,12.33,0,0
ZEN.V,D,20190518,000000,12.33,12.33,11.57,11.63,0,0
ZEN.V,D,20190519,000000,11.63,13.61,11.63,12.58,0,0
ZEN.V,D,20190520,000000,12.58,12.58,11.83,11.9,0,0
ZEN.V,D,20190521,000000,11.9,11.94,11.67,11.86,0,0
ZEN.V,D,20190522,000000,11.86,11.86,11.34,11.43,0,0
ZEN.V,D,20190523,000000,11.43,11.82,11.43,11.59,0,0
ZEN.V,D,20190524,000000,11.59,11.88,11.23,11.23,0,0
ZEN.V,D,20190525,000000,11.23,11.74,10.89,10.95,0,0
ZEN.V,D,20190526,000000,10.95,12.07,10.75,10.82,0,0
ZEN.V,D,20190527,000000,10.82,11.6,10.68,11.46,0,0
ZEN.V,D,20190528,000000,11.46,11.46,10.85,10.88,0,0
ZEN.V,D,20190529,000000,10.88,11.75,10.67,11.26,0,0
ZEN.V,D,20190530,000000,11.26,11.26,10.3,10.49,0,0
ZEN.V,D,20190531,000000,10.49,10.87,10.49,10.77,0,0
ZEN.V,D,20190601,000000,10.77,11.64,10.75,11.26,0,0
ZEN.V,D,20190602,000000,11.26,11.78,11.22,11.34,0,0
ZEN.V,D,20190603,000000,11.34,11.34,10.22,10.37,0,0
ZEN.V,D,20190604,000000,10.37,10.37,9.489,9.628,0,0
ZEN.V,D,20190605,000000,9.628,9.895,9.628,9.708,0,0
ZEN.V,D,20190606,000000,9.708,10.13,9.634,9.751,0,0
ZEN.V,D,20190607,000000,9.751,10.37,9.751,10.2,0,0
ZEN.V,D,20190608,000000,10.2,10.25,9.957,10.04,0,0
ZEN.V,D,20190609,000000,10.04,10.04,9.646,9.684,0,0
ZEN.V,D,20190610,000000,9.684,10.72,9.684,10.63,0,0
ZEN.V,D,20190611,000000,10.63,10.63,10.25,10.32,0,0
ZEN.V,D,20190612,000000,10.32,10.95,10.32,10.94,0,0
ZEN.V,D,20190613,000000,10.94,11.25,10.67,10.7,0,0
ZEN.V,D,20190614,000000,10.7,11.32,10.08,10.27,0,0
ZEN.V,D,20190615,000000,10.27,10.73,10.27,10.45,0,0
ZEN.V,D,20190616,000000,10.45,10.67,10.03,10.25,0,0
ZEN.V,D,20190617,000000,10.25,11.15,10.25,10.45,0,0
ZEN.V,D,20190618,000000,10.45,10.77,10.13,10.48,0,0
ZEN.V,D,20190619,000000,10.48,11.78,10.48,11.23,0,0
ZEN.V,D,20190620,000000,11.23,11.79,10.67,10.73,0,0
ZEN.V,D,20190621,000000,10.73,11.5,10.58,10.61,0,0
ZEN.V,D,20190622,000000,10.61,11.94,10.15,10.65,0,0
ZEN.V,D,20190623,000000,10.65,11.13,10.32,10.35,0,0
ZEN.V,D,20190624,000000,10.35,10.67,10.11,10.25,0,0
ZEN.V,D,20190625,000000,10.25,10.92,9.923,10.03,0,0
ZEN.V,D,20190626,000000,10.03,11.34,8.714,9.125,0,0
ZEN.V,D,20190627,000000,9.125,10.7,7.877,9.912,0,0
ZEN.V,D,20190628,000000,9.912,10.99,9.51,9.51,0,0
ZEN.V,D,20190629,000000,9.51,10.43,9.147,10.43,0,0
ZEN.V,D,20190630,000000,10.43,10.48,8.951,9.204,0,0
ZEN.V,D,20190701,000000,9.204,9.263,8.93,9.161,0,0
ZEN.V,D,20190702,000000,9.161,10.08,8.823,9.099,0,0
ZEN.V,D,20190703,000000,9.099,10.07,9.099,9.39,0,0
ZEN.V,D,20190704,000000,9.39,9.818,8.661,8.908,0,0
ZEN.V,D,20190705,000000,8.908,9.392,8.768,8.973,0,0
ZEN.V,D,20190706,000000,8.973,9.224,8.932,9.108,0,0
ZEN.V,D,20190707,000000,9.108,9.371,9.062,9.23,0,0
ZEN.V,D,20190708,000000,9.23,10.02,9.23,9.568,0,0
ZEN.V,D,20190709,000000,9.568,9.982,9.104,9.146,0,0
ZEN.V,D,20190710,000000,9.146,9.665,8.59,8.611,0,0
ZEN.V,D,20190711,000000,8.611,8.611,7.916,7.942,0,0
ZEN.V,D,20190712,000000,7.942,8.45,7.942,8.218,0,0
ZEN.V,D,20190713,000000,8.218,8.264,7.867,8.03,0,0
ZEN.V,D,20190714,000000,8.03,8.03,6.891,6.951,0,0
ZEN.V,D,20190715,000000,6.951,7.454,6.951,7.119,0,0
ZEN.V,D,20190716,000000,7.119,7.119,5.97,6.052,0,0
ZEN.V,D,20190717,000000,6.052,6.475,6.052,6.239,0,0
ZEN.V,D,20190718,000000,6.239,6.895,5.933,6.131,0,0
ZEN.V,D,20190719,000000,6.131,6.173,5.942,6.085,0,0
ZEN.V,D,20190720,000000,6.085,6.356,6.085,6.268,0,0
ZEN.V,D,20190721,000000,6.268,6.445,6.134,6.335,0,0
ZEN.V,D,20190722,000000,6.335,6.414,6.115,6.313,0,0
ZEN.V,D,20190723,000000,6.313,6.313,5.974,6.231,0,0
ZEN.V,D,20190724,000000,6.231,6.582,6.177,6.55,0,0
ZEN.V,D,20190725,000000,6.55,7.25,6.509,7.227,0,0
ZEN.V,D,20190726,000000,7.227,8.794,7.178,7.705,0,0
ZEN.V,D,20190727,000000,7.705,7.705,6.887,7.02,0,0
ZEN.V,D,20190728,000000,7.02,7.646,6.97,7.427,0,0
ZEN.V,D,20190729,000000,7.427,7.427,6.799,6.997,0,0
ZEN.V,D,20190730,000000,6.997,7.117,6.938,6.998,0,0
ZEN.V,D,20190731,000000,6.998,7.363,6.809,6.866,0,0
ZEN.V,D,20190801,000000,6.866,7.089,6.447,6.525,0,0
ZEN.V,D,20190802,000000,6.525,6.778,6.307,6.706,0,0
ZEN.V,D,20190803,000000,6.706,8.886,6.462,7.832,0,0
ZEN.V,D,20190804,000000,7.832,8.903,7.653,7.654,0,0
ZEN.V,D,20190805,000000,7.654,8.301,7.25,7.368,0,0
ZEN.V,D,20190806,000000,7.368,7.368,6.649,6.806,0,0
ZEN.V,D,20190807,000000,6.806,7.185,6.706,6.898,0,0
ZEN.V,D,20190808,000000,6.898,7.846,6.719,7.027,0,0
ZEN.V,D,20190809,000000,7.027,7.027,6.119,6.17,0,0
ZEN.V,D,20190810,000000,6.17,6.411,5.82,6.154,0,0
ZEN.V,D,20190811,000000,6.154,6.456,5.952,5.96,0,0
ZEN.V,D,20190812,000000,5.96,6.13,5.808,5.817,0,0
ZEN.V,D,20190813,000000,5.817,5.817,5.45,5.645,0,0
ZEN.V,D,20190814,000000,5.645,5.645,4.883,4.985,0,0
ZEN.V,D,20190815,000000,4.985,5.274,4.914,5.16,0,0
ZEN.V,D,20190816,000000,5.16,5.445,5.069,5.232,0,0
ZEN.V,D,20190817,000000,5.232,5.374,5.077,5.338,0,0
ZEN.V,D,20190818,000000,5.338,5.51,5.267,5.291,0,0
ZEN.V,D,20190819,000000,5.291,5.647,5.279,5.452,0,0
ZEN.V,D,20190820,000000,5.452,5.489,5.192,5.239,0,0
ZEN.V,D,20190821,000000,5.239,5.239,4.904,5.081,0,0
ZEN.V,D,20190822,000000,5.081,5.15,5.018,5.051,0,0
ZEN.V,D,20190823,000000,5.051,5.279,5.05,5.14,0,0
ZEN.V,D,20190824,000000,5.14,5.228,4.985,5.211,0,0
ZEN.V,D,20190825,000000,5.211,5.434,5.102,5.122,0,0
ZEN.V,D,20190826,000000,5.122,5.256,5.046,5.057,0,0
ZEN.V,D,20190827,000000,5.057,5.099,4.937,4.998,0,0
ZEN.V,D,20190828,000000,4.998,4.998,4.635,4.921,0,0
ZEN.V,D,20190829,000000,4.921,5.1,4.751,4.957,0,0
ZEN.V,D,20190830,000000,4.957,5.008,4.708,4.711,0,0
ZEN.V,D,20190831,000000,4.711,4.824,4.632,4.703,0,0
ZEN.V,D,20190901,000000,4.703,4.783,4.698,4.712,0,0
ZEN.V,D,20190902,000000,4.712,5.057,4.604,4.616,0,0
ZEN.V,D,20190903,000000,4.616,4.744,4.472,4.483,0,0
ZEN.V,D,20190904,000000,4.483,4.494,4.057,4.094,0,0
ZEN.V,D,20190905,000000,4.094,4.14,3.96,4.028,0,0
ZEN.V,D,20190906,000000,4.028,4.163,3.911,3.991,0,0
ZEN.V,D,20190907,000000,3.991,4.221,3.991,4.158,0,0
ZEN.V,D,20190908,000000,4.158,4.303,4.106,4.254,0,0
ZEN.V,D,20190909,000000,4.254,4.368,4.2,4.293,0,0
ZEN.V,D,20190910,000000,4.293,4.293,4.055,4.087,0,0
ZEN.V,D,20190911,000000,4.087,4.13,3.981,4.012,0,0
ZEN.V,D,20190912,000000,4.012,4.15,3.983,4.001,0,0
ZEN.V,D,20190913,000000,4.001,4.112,3.943,4.015,0,0
ZEN.V,D,20190914,000000,4.015,4.09,3.949,3.988,0,0
ZEN.V,D,20190915,000000,3.988,4.132,3.923,4.1,0,0
ZEN.V,D,20190916,000000,4.1,4.109,3.947,3.993,0,0
ZEN.V,D,20190917,000000,3.993,4.168,3.926,4.065,0,0
ZEN.V,D,20190918,000000,4.065,4.239,4.05,4.188,0,0
ZEN.V,D,20190919,000000,4.188,4.245,4.074,4.098,0,0
ZEN.V,D,20190920,000000,4.098,4.15,4.038,4.1,0,0
ZEN.V,D,20190921,000000,4.1,4.1,3.985,4.038,0,0
ZEN.V,D,20190922,000000,4.038,4.126,3.994,4.021,0,0
ZEN.V,D,20190923,000000,4.021,4.238,3.86,4.12,0,0
ZEN.V,D,20190924,000000,4.12,4.12,3.478,3.918,0,0
ZEN.V,D,20190925,000000,3.918,3.938,3.604,3.619,0,0
ZEN.V,D,20190926,000000,3.619,3.619,3.242,3.308,0,0
ZEN.V,D,20190927,000000,3.308,3.498,3.308,3.477,0,0
ZEN.V,D,20190928,000000,3.477,3.541,3.433,3.501,0,0
ZEN.V,D,20190929,000000,3.501,3.501,3.288,3.333,0,0
ZEN.V,D,20190930,000000,3.333,3.461,3.333,3.378,0,0
ZEN.V,D,20191001,000000,3.378,3.488,3.348,3.436,0,0
ZEN.V,D,20191002,000000,3.436,3.523,3.436,3.475,0,0
ZEN.V,D,20191003,000000,3.475,3.475,3.365,3.402,0,0
ZEN.V,D,20191004,000000,3.402,3.522,3.369,3.463,0,0
ZEN.V,D,20191005,000000,3.463,3.584,3.432,3.583,0,0
ZEN.V,D,20191006,000000,3.583,3.583,3.339,3.384,0,0
ZEN.V,D,20191007,000000,3.384,3.552,3.384,3.468,0,0
ZEN.V,D,20191008,000000,3.468,3.477,3.397,3.461,0,0
ZEN.V,D,20191009,000000,3.461,3.763,3.398,3.489,0,0
ZEN.V,D,20191010,000000,3.489,3.504,3.385,3.471,0,0
ZEN.V,D,20191011,000000,3.471,3.471,3.238,3.344,0,0
ZEN.V,D,20191012,000000,3.344,3.382,3.308,3.342,0,0
ZEN.V,D,20191013,000000,3.342,3.356,3.288,3.326,0,0
ZEN.V,D,20191014,000000,3.326,3.525,3.326,3.454,0,0
ZEN.V,D,20191015,000000,3.454,3.537,3.365,3.443,0,0
ZEN.V,D,20191016,000000,3.443,3.443,3.22,3.267,0,0
ZEN.V,D,20191017,000000,3.267,3.399,3.267,3.393,0,0
ZEN.V,D,20191018,000000,3.393,3.393,3.22,3.285,0,0
ZEN.V,D,20191019,000000,3.285,3.943,3.282,3.929,0,0
ZEN.V,D,20191020,000000,3.929,4.51,3.828,3.86,0,0
ZEN.V,D,20191021,000000,3.86,4.81,3.704,4.044,0,0
ZEN.V,D,20191022,000000,4.044,4.241,3.94,3.982,0,0
ZEN.V,D,20191023,000000,3.982,3.982,3.508,3.594,0,0
ZEN.V,D,20191024,000000,3.594,4.053,3.577,3.768,0,0
ZEN.V,D,20191025,000000,3.768,4.446,3.768,4.191,0,0
ZEN.V,D,20191026,000000,4.191,5.378,4.19,4.897,0,0
ZEN.V,D,20191027,000000,4.897,5.222,4.758,4.796,0,0
ZEN.V,D,20191028,000000,4.796,4.797,4.548,4.773,0,0
ZEN.V,D,20191029,000000,4.773,5.192,4.615,5.023,0,0
ZEN.V,D,20191030,000000,5.023,5.023,4.721,4.737,0,0
ZEN.V,D,20191031,000000,4.737,4.78,4.583,4.636,0,0
ZEN.V,D,20191101,000000,4.636,5.349,4.634,4.919,0,0
ZEN.V,D,20191102,000000,4.919,4.999,4.852,4.866,0,0
ZEN.V,D,20191103,000000,4.866,4.979,4.797,4.929,0,0
ZEN.V,D,20191104,000000,4.929,5.041,4.772,4.833,0,0
ZEN.V,D,20191105,000000,4.833,4.984,4.781,4.885,0,0
ZEN.V,D,20191106,000000,4.885,4.924,4.781,4.787,0,0
ZEN.V,D,20191107,000000,4.787,5.335,4.618,5.223,0,0
ZEN.V,D,20191108,000000,5.223,5.223,4.655,4.798,0,0
ZEN.V,D,20191109,000000,4.798,4.897,4.692,4.805,0,0
ZEN.V,D,20191110,000000,4.805,4.927,4.75,4.805,0,0
ZEN.V,D,20191111,000000,4.805,4.934,4.619,4.916,0,0
ZEN.V,D,20191112,000000,4.916,5.009,4.825,4.851,0,0
ZEN.V,D,20191113,000000,4.851,5.248,4.813,5.198,0,0
ZEN.V,D,20191114,000000,5.198,5.561,4.999,5.359,0,0
ZEN.V,D,20191115,000000,5.359,6.976,5.245,5.826,0,0
ZEN.V,D,20191116,000000,5.826,6.395,5.629,5.632,0,0
ZEN.V,D,20191117,000000,5.632,5.741,5.489,5.51,0,0
ZEN.V,D,20191118,000000,5.51,5.51,4.985,5.018,0,0
ZEN.V,D,20191119,000000,5.018,5.663,4.939,5.077,0,0
ZEN.V,D,20191120,000000,5.077,5.419,5.052,5.131,0,0
ZEN.V,D,20191121,000000,5.131,5.885,4.838,5.395,0,0
ZEN.V,D,20191122,000000,5.395,5.395,4.676,5.072,0,0
ZEN.V,D,20191123,000000,5.072,5.294,5.033,5.064,0,0
ZEN.V,D,20191124,000000,5.064,5.064,4.662,4.679,0,0
ZEN.V,D,20191125,000000,4.679,5.016,4.679,4.96,0,0
ZEN.V,D,20191126,000000,4.96,5.656,4.919,5.654,0,0
ZEN.V,D,20191127,000000,5.654,5.949,5.644,5.646,0,0
ZEN.V,D,20191128,000000,5.646,5.673,5.459,5.619,0,0
ZEN.V,D,20191129,000000,5.619,5.917,5.619,5.653,0,0
ZEN.V,D,20191130,000000,5.653,5.764,5.409,5.745,0,0
ZEN.V,D,20191201,000000,5.745,5.745,5.421,5.51,0,0
ZEN.V,D,20191202,000000,5.51,5.51,5.385,5.469,0,0
ZEN.V,D,20191203,000000,5.469,5.684,5.248,5.27,0,0
ZEN.V,D,20191204,000000,5.27,5.27,4.945,4.945,0,0
ZEN.V,D,20191205,000000,4.945,5.103,4.693,4.891,0,0
ZEN.V,D,20191206,000000,4.891,5.714,4.891,5.618,0,0
ZEN.V,D,20191207,000000,5.618,5.641,5.347,5.351,0,0
ZEN.V,D,20191208,000000,5.351,5.417,5.351,5.398,0,0
ZEN.V,D,20191209,000000,5.398,6.231,4.577,6.022,0,0
ZEN.V,D,20191210,000000,6.022,6.432,5.758,6.103,0,0
ZEN.V,D,20191211,000000,6.103,6.287,5.814,6.225,0,0
ZEN.V,D,20191212,000000,6.225,6.23,5.91,6.081,0,0
ZEN.V,D,20191213,000000,6.081,6.139,5.987,5.987,0,0
ZEN.V,D,20191214,000000,5.987,7.364,5.819,6.458,0,0
ZEN.V,D,20191215,000000,6.458,6.915,6.346,6.545,0,0
ZEN.V,D,20191216,000000,6.545,8.132,6.13,7.277,0,0
ZEN.V,D,20191217,000000,7.277,7.498,6.298,6.662,0,0
ZEN.V,D,20191218,000000,6.662,7.499,6.662,7.316,0,0
ZEN.V,D,20191219,000000,7.316,7.567,7.088,7.474,0,0
ZEN.V,D,20191220,000000,7.474,7.542,6.808,6.894,0,0
ZEN.V,D,20191221,000000,6.894,7.353,6.474,7.26,0,0
ZEN.V,D,20191222,000000,7.26,8.502,6.968,7.22,0,0
ZEN.V,D,20191223,000000,7.22,7.22,6.631,6.736,0,0
ZEN.V,D,20191224,000000,6.736,6.81,6.648,6.769,0,0
ZEN.V,D,20191225,000000,6.769,6.769,6.656,6.657,0,0
ZEN.V,D,20191226,000000,6.657,6.68,6.201,6.21,0,0
ZEN.V,D,20191227,000000,6.21,6.266,6.051,6.161,0,0
ZEN.V,D,20191228,000000,6.161,6.569,6.154,6.552,0,0
ZEN.V,D,20191229,000000,6.552,7.984,6.552,7.614,0,0
ZEN.V,D,20191230,000000,7.614,8.059,6.96,7.611,0,0
ZEN.V,D,20191231,000000,7.611,9.203,7.385,9.181,0,0
ZEN.V,D,20200101,000000,9.181,9.325,8.053,8.355,0,0
ZEN.V,D,20200102,000000,8.355,8.355,7.655,7.662,0,0
ZEN.V,D,20200103,000000,7.662,8.323,7.662,8.154,0,0
ZEN.V,D,20200104,000000,8.154,8.182,7.953,7.968,0,0
ZEN.V,D,20200105,000000,7.968,7.978,7.382,7.404,0,0
ZEN.V,D,20200106,000000,7.404,7.833,7.404,7.456,0,0
ZEN.V,D,20200107,000000,7.456,8.715,7.456,8.159,0,0
ZEN.V,D,20200108,000000,8.159,8.946,7.794,8.882,0,0
ZEN.V,D,20200109,000000,8.882,8.998,8.318,8.443,0,0
ZEN.V,D,20200110,000000,8.443,8.886,8.223,8.485,0,0
ZEN.V,D,20200111,000000,8.485,9.036,8.153,8.899,0,0
ZEN.V,D,20200112,000000,8.899,10.02,8.899,9.908,0,0
ZEN.V,D,20200113,000000,9.908,10.5,9.59,9.947,0,0
ZEN.V,D,20200114,000000,9.947,11,9.947,10.03,0,0
ZEN.V,D,20200115,000000,10.03,10.84,9.968,10.14,0,0
ZEN.V,D,20200116,000000,10.14,10.85,10.02,10.39,0,0
ZEN.V,D,20200117,000000,10.39,10.91,10.38,10.75,0,0
ZEN.V,D,20200118,000000,10.75,12.06,10.58,11.77,0,0
ZEN.V,D,20200119,000000,11.77,11.77,10.87,11.04,0,0
ZEN.V,D,20200120,000000,11.04,11.22,10.68,11.06,0,0
ZEN.V,D,20200121,000000,11.06,11.19,10.71,10.71,0,0
ZEN.V,D,20200122,000000,10.71,10.71,10.34,10.42,0,0
ZEN.V,D,20200123,000000,10.42,10.42,9.586,9.863,0,0
ZEN.V,D,20200124,000000,9.863,10.28,9.831,10.1,0,0
ZEN.V,D,20200125,000000,10.1,10.1,9.84,9.89,0,0
ZEN.V,D,20200126,000000,9.89,10.23,9.89,10.07,0,0
ZEN.V,D,20200127,000000,10.07,10.67,10.07,10.16,0,0
ZEN.V,D,20200128,000000,10.16,11.69,10.16,11.06,0,0
ZEN.V,D,20200129,000000,11.06,11.43,10.88,11.22,0,0
ZEN.V,D,20200130,000000,11.22,11.65,11.2,11.38,0,0
ZEN.V,D,20200131,000000,11.38,11.38,10.81,11.1,0,0
ZEN.V,D,20200201,000000,11.1,11.22,10.95,11.01,0,0
ZEN.V,D,20200202,000000,11.01,11.01,10.61,10.65,0,0
ZEN.V,D,20200203,000000,10.65,10.65,10.01,10.1,0,0
ZEN.V,D,20200204,000000,10.1,10.34,9.3,10.2,0,0
ZEN.V,D,20200205,000000,10.2,11.29,10.18,10.31,0,0
ZEN.V,D,20200206,000000,10.31,10.84,10.31,10.82,0,0
ZEN.V,D,20200207,000000,10.82,11.09,10.68,10.85,0,0
ZEN.V,D,20200208,000000,10.85,12.23,10.67,11.87,0,0
ZEN.V,D,20200209,000000,11.87,12.48,11.39,11.71,0,0
ZEN.V,D,20200210,000000,11.71,12.43,11.36,12.27,0,0
ZEN.V,D,20200211,000000,12.27,12.98,12.11,12.93,0,0
ZEN.V,D,20200212,000000,12.93,13.74,12.59,13.41,0,0
ZEN.V,D,20200213,000000,13.41,13.89,12.97,13.25,0,0
ZEN.V,D,20200214,000000,13.25,14.68,13.19,14.34,0,0
ZEN.V,D,20200215,000000,14.34,14.34,13.46,13.59,0,0
ZEN.V,D,20200216,000000,13.59,13.87,12.55,13.08,0,0
ZEN.V,D,20200217,000000,13.08,13.08,11.95,12.39,0,0
ZEN.V,D,20200218,000000,12.39,13.02,12.39,12.65,0,0
ZEN.V,D,20200219,000000,12.65,12.65,11.12,11.23,0,0
ZEN.V,D,20200220,000000,11.23,11.89,11.22,11.7,0,0
ZEN.V,D,20200221,000000,11.7,11.82,11.37,11.54,0,0
ZEN.V,D,20200222,000000,11.54,11.74,11.42,11.61,0,0
ZEN.V,D,20200223,000000,11.61,12.18,11.61,11.94,0,0
ZEN.V,D,20200224,000000,11.94,11.94,11.1,11.16,0,0
ZEN.V,D,20200225,000000,11.16,11.38,10.53,10.55,0,0
ZEN.V,D,20200226,000000,10.55,10.68,9.092,10.51,0,0
ZEN.V,D,20200227,000000,10.51,11.17,10.04,10.98,0,0
ZEN.V,D,20200228,000000,10.98,11.07,10.43,10.5,0,0
ZEN.V,D,20200229,000000,10.5,10.5,10.06,10.09,0,0
ZEN.V,D,20200301,000000,10.09,10.16,9.9,9.926,0,0
ZEN.V,D,20200302,000000,9.926,10.43,9.926,10.29,0,0
ZEN.V,D,20200303,000000,10.29,10.29,9.879,9.984,0,0
ZEN.V,D,20200304,000000,9.984,10.42,9.984,10.29,0,0
ZEN.V,D,20200305,000000,10.29,10.68,10.29,10.35,0,0
ZEN.V,D,20200306,000000,10.35,10.47,10.18,10.21,0,0
ZEN.V,D,20200307,000000,10.21,10.21,9.545,9.883,0,0
ZEN.V,D,20200308,000000,9.883,9.883,8.767,9.274,0,0
ZEN.V,D,20200309,000000,9.274,9.39,8.826,8.937,0,0
ZEN.V,D,20200310,000000,8.937,8.953,8.755,8.874,0,0
ZEN.V,D,20200311,000000,8.874,8.978,8.422,8.827,0,0
ZEN.V,D,20200312,000000,8.827,8.827,4.465,4.951,0,0
ZEN.V,D,20200313,000000,4.951,6.607,4.739,6.196,0,0
ZEN.V,D,20200314,000000,6.196,6.196,5.239,5.254,0,0
ZEN.V,D,20200315,000000,5.254,5.475,5.194,5.224,0,0
ZEN.V,D,20200316,000000,5.224,5.224,4.505,4.587,0,0
ZEN.V,D,20200317,000000,4.587,5.063,4.587,4.854,0,0
ZEN.V,D,20200318,000000,4.854,4.942,4.817,4.856,0,0
ZEN.V,D,20200319,000000,4.856,5.793,4.856,5.466,0,0
ZEN.V,D,20200320,000000,5.466,5.921,5.369,5.912,0,0
ZEN.V,D,20200321,000000,5.912,5.944,5.647,5.712,0,0
ZEN.V,D,20200322,000000,5.712,5.712,5.007,5.04,0,0
ZEN.V,D,20200323,000000,5.04,5.645,5.04,5.413,0,0
ZEN.V,D,20200324,000000,5.413,5.632,5.413,5.471,0,0
ZEN.V,D,20200325,000000,5.471,5.641,5.275,5.442,0,0
ZEN.V,D,20200326,000000,5.442,5.657,5.442,5.64,0,0
ZEN.V,D,20200327,000000,5.64,5.64,5.093,5.155,0,0
ZEN.V,D,20200328,000000,5.155,6.04,5.007,6.036,0,0
ZEN.V,D,20200329,000000,6.036,6.036,5.11,5.402,0,0
ZEN.V,D,20200330,000000,5.402,6.022,5.402,5.668,0,0
ZEN.V,D,20200331,000000,5.668,5.729,5.472,5.653,0,0
ZEN.V,D,20200401,000000,5.653,5.927,5.653,5.745,0,0
ZEN.V,D,20200402,000000,5.745,5.867,5.427,5.717,0,0
ZEN.V,D,20200403,000000,5.717,6.377,5.653,5.95,0,0
ZEN.V,D,20200404,000000,5.95,6.071,5.84,5.903,0,0
ZEN.V,D,20200405,000000,5.903,5.903,5.666,5.711,0,0
ZEN.V,D,20200406,000000,5.711,6.232,5.711,6.214,0,0
ZEN.V,D,20200407,000000,6.214,6.214,5.839,5.899,0,0
ZEN.V,D,20200408,000000,5.899,6.108,5.899,5.924,0,0
ZEN.V,D,20200409,000000,5.924,6.017,5.802,5.977,0,0
ZEN.V,D,20200410,000000,5.991,5.994,5.345,5.476,0,0
ZEN.V,D,20200411,000000,5.475,5.497,5.233,5.287,0,0
ZEN.V,D,20200412,000000,5.289,5.593,5.24,5.508,0,0
ZEN.V,D,20200413,000000,5.507,5.517,5.145,5.347,0,0
ZEN.V,D,20200414,000000,5.348,5.484,5.27,5.343,0,0
ZEN.V,D,20200415,000000,5.343,5.425,5.198,5.254,0,0
ZEN.V,D,20200416,000000,5.251,5.748,5.022,5.659,0,0
ZEN.V,D,20200417,000000,5.658,5.75,5.427,5.471,0,0
ZEN.V,D,20200418,000000,5.471,5.666,5.458,5.631,0,0
ZEN.V,D,20200419,000000,5.631,5.733,5.495,5.725,0,0
ZEN.V,D,20200420,000000,5.72,5.791,5.373,5.51,0,0
ZEN.V,D,20200421,000000,5.511,5.732,5.425,5.707,0,0
ZEN.V,D,20200422,000000,5.71,6.085,5.627,6.056,0,0
ZEN.V,D,20200423,000000,6.056,6.669,6.004,6.257,0,0
ZEN.V,D,20200424,000000,6.256,6.265,6.03,6.124,0,0
ZEN.V,D,20200425,000000,6.121,6.199,5.859,6.036,0,0
ZEN.V,D,20200426,000000,6.035,6.115,5.941,5.986,0,0
ZEN.V,D,20200427,000000,5.987,6.121,5.934,6.006,0,0
ZEN.V,D,20200428,000000,6.004,6.054,5.947,6.045,0,0
ZEN.V,D,20200429,000000,6.045,6.291,5.874,6.189,0,0
ZEN.V,D,20200430,000000,6.188,6.474,5.759,5.942,0,0
ZEN.V,D,20200501,000000,5.941,6.196,5.845,5.964,0,0
ZEN.V,D,20200502,000000,5.965,6.157,5.903,6.021,0,0
ZEN.V,D,20200503,000000,6.021,6.179,5.653,5.714,0,0
ZEN.V,D,20200504,000000,5.706,5.794,5.402,5.727,0,0
ZEN.V,D,20200505,000000,5.726,5.776,5.511,5.564,0,0
ZEN.V,D,20200506,000000,5.564,5.654,5.46,5.566,0,0
ZEN.V,D,20200507,000000,5.566,5.82,5.413,5.578,0,0
ZEN.V,D,20200508,000000,5.576,5.655,5.371,5.548,0,0
ZEN.V,D,20200509,000000,5.552,5.683,5.46,5.536,0,0
ZEN.V,D,20200510,000000,5.535,5.569,4.685,5.294,0,0
ZEN.V,D,20200511,000000,5.294,5.7,4.985,5.534,0,0
ZEN.V,D,20200512,000000,5.536,5.618,5.371,5.378,0,0
ZEN.V,D,20200513,000000,5.387,5.796,5.337,5.571,0,0
ZEN.V,D,20200514,000000,5.57,5.603,5.37,5.538,0,0
ZEN.V,D,20200515,000000,5.534,5.589,5.164,5.29,0,0
ZEN.V,D,20200516,000000,5.291,5.357,5.152,5.284,0,0
ZEN.V,D,20200517,000000,5.278,5.675,5.234,5.564,0,0
ZEN.V,D,20200518,000000,5.564,5.632,5.34,5.537,0,0
ZEN.V,D,20200519,000000,5.546,5.587,5.403,5.466,0,0
ZEN.V,D,20200520,000000,5.466,5.622,5.308,5.564,0,0
ZEN.V,D,20200521,000000,5.564,5.76,5.323,5.527,0,0
ZEN.V,D,20200522,000000,5.528,5.992,5.418,5.939,0,0
ZEN.V,D,20200523,000000,5.938,7.875,5.93,6.591,0,0
ZEN.V,D,20200524,000000,6.592,6.625,5.873,6.08,0,0
ZEN.V,D,20200525,000000,6.082,6.168,5.762,6.167,0,0
ZEN.V,D,20200526,000000,6.167,6.254,5.882,5.986,0,0
ZEN.V,D,20200527,000000,5.984,6.088,5.734,5.752,0,0
ZEN.V,D,20200528,000000,5.751,6.011,5.735,5.922,0,0
ZEN.V,D,20200529,000000,5.921,6.073,5.889,5.987,0,0
ZEN.V,D,20200530,000000,5.988,6.986,5.95,6.648,0,0
ZEN.V,D,20200531,000000,6.648,6.73,6.234,6.316,0,0
ZEN.V,D,20200601,000000,6.316,6.467,6.179,6.23,0,0
ZEN.V,D,20200602,000000,6.232,6.512,5.895,6.134,0,0
ZEN.V,D,20200603,000000,6.131,6.17,6.018,6.105,0,0
ZEN.V,D,20200604,000000,6.105,6.55,5.973,6.226,0,0
ZEN.V,D,20200605,000000,6.229,6.256,6.036,6.085,0,0
ZEN.V,D,20200606,000000,6.088,6.236,6.07,6.145,0,0
ZEN.V,D,20200607,000000,6.145,6.35,6.067,6.312,0,0
ZEN.V,D,20200608,000000,6.312,6.539,6.284,6.453,0,0
ZEN.V,D,20200609,000000,6.452,6.948,6.403,6.749,0,0
ZEN.V,D,20200610,000000,6.749,7.133,6.576,7.131,0,0
ZEN.V,D,20200611,000000,7.132,9.116,7.132,7.471,0,0
ZEN.V,D,20200612,000000,7.473,8.208,7.231,7.736,0,0
ZEN.V,D,20200613,000000,7.736,8.624,7.667,8.216,0,0
ZEN.V,D,20200614,000000,8.218,8.446,7.809,7.924,0,0
ZEN.V,D,20200615,000000,7.928,8.073,7.359,8.009,0,0
ZEN.V,D,20200616,000000,8.01,8.028,7.399,7.664,0,0
ZEN.V,D,20200617,000000,7.657,7.731,7.296,7.378,0,0
ZEN.V,D,20200618,000000,7.378,7.489,7.284,7.344,0,0
ZEN.V,D,20200619,000000,7.344,7.51,7.174,7.427,0,0
ZEN.V,D,20200620,000000,7.406,7.476,7.108,7.229,0,0
ZEN.V,D,20200621,000000,7.23,7.301,7.152,7.166,0,0
ZEN.V,D,20200622,000000,7.165,7.184,6.823,6.942,0,0
ZEN.V,D,20200623,000000,6.941,7.158,6.637,7.05,0,0
ZEN.V,D,20200624,000000,7.049,7.143,6.491,6.603,0,0
ZEN.V,D,20200625,000000,6.605,6.715,6.39,6.68,0,0
ZEN.V,D,20200626,000000,6.681,7.148,6.565,7.123,0,0
ZEN.V,D,20200627,000000,7.124,7.533,6.527,6.728,0,0
ZEN.V,D,20200628,000000,6.734,7.074,6.434,7.007,0,0
ZEN.V,D,20200629,000000,7.022,7.022,6.532,6.792,0,0
ZEN.V,D,20200630,000000,6.791,6.927,6.471,6.865,0,0
ZEN.V,D,20200701,000000,6.864,7.032,6.673,6.888,0,0
ZEN.V,D,20200702,000000,6.889,6.929,6.374,6.525,0,0
ZEN.V,D,20200703,000000,6.513,6.685,6.459,6.66,0,0
ZEN.V,D,20200704,000000,6.661,6.831,6.582,6.688,0,0
ZEN.V,D,20200705,000000,6.688,6.741,6.387,6.431,0,0
ZEN.V,D,20200706,000000,6.431,6.986,6.431,6.976,0,0
ZEN.V,D,20200707,000000,6.974,7.067,6.791,6.816,0,0
ZEN.V,D,20200708,000000,6.815,6.958,6.692,6.88,0,0
ZEN.V,D,20200709,000000,6.881,7.684,6.83,7.394,0,0
ZEN.V,D,20200710,000000,7.395,7.799,7.239,7.245,0,0
ZEN.V,D,20200711,000000,7.247,7.555,7.22,7.23,0,0
ZEN.V,D,20200712,000000,7.23,7.471,7.126,7.194,0,0
ZEN.V,D,20200713,000000,7.195,7.754,7.123,7.499,0,0
ZEN.V,D,20200714,000000,7.5,7.528,6.979,7.187,0,0
ZEN.V,D,20200715,000000,7.186,7.718,7.13,7.224,0,0
ZEN.V,D,20200716,000000,7.225,7.59,7.073,7.499,0,0
ZEN.V,D,20200717,000000,7.5,7.633,7.372,7.442,0,0
ZEN.V,D,20200718,000000,7.457,7.495,7.31,7.473,0,0
ZEN.V,D,20200719,000000,7.473,8.464,7.447,8.23,0,0
ZEN.V,D,20200720,000000,8.231,8.524,7.935,8.08,0,0
ZEN.V,D,20200721,000000,8.077,8.356,7.978,8.112,0,0
ZEN.V,D,20200722,000000,8.09,8.09,8.037,8.039,0,0
