<TICKER>,<PER>,<DATE>,<TIME>,<OPEN>,<HIGH>,<LOW>,<CLOSE>,<VOL>,<OPENINT>
ZIL.V,D,20180509,000000,0.1648,0.187,0.1626,0.187,0,0
ZIL.V,D,20180510,000000,0.1869,0.232,0.1811,0.1986,0,0
ZIL.V,D,20180511,000000,0.1983,0.1985,0.1507,0.1727,0,0
ZIL.V,D,20180512,000000,0.1725,0.1897,0.152,0.1852,0,0
ZIL.V,D,20180513,000000,0.1853,0.1876,0.1743,0.1775,0,0
ZIL.V,D,20180514,000000,0.1775,0.1794,0.1593,0.166,0,0
ZIL.V,D,20180515,000000,0.166,0.1681,0.1461,0.1568,0,0
ZIL.V,D,20180516,000000,0.1569,0.1574,0.1347,0.1404,0,0
ZIL.V,D,20180517,000000,0.1406,0.1553,0.1355,0.1363,0,0
ZIL.V,D,20180518,000000,0.1355,0.1388,0.13,0.1374,0,0
ZIL.V,D,20180519,000000,0.1374,0.1513,0.1319,0.1428,0,0
ZIL.V,D,20180520,000000,0.1427,0.1536,0.1412,0.1505,0,0
ZIL.V,D,20180521,000000,0.1503,0.1509,0.1403,0.1407,0,0
ZIL.V,D,20180522,000000,0.141,0.1478,0.1373,0.1379,0,0
ZIL.V,D,20180523,000000,0.1378,0.1391,0.1127,0.121,0,0
ZIL.V,D,20180524,000000,0.1209,0.1278,0.111,0.123,0,0
ZIL.V,D,20180525,000000,0.123,0.1255,0.1177,0.1198,0,0
ZIL.V,D,20180526,000000,0.1198,0.1239,0.1177,0.1207,0,0
ZIL.V,D,20180527,000000,0.1207,0.1207,0.1145,0.1155,0,0
ZIL.V,D,20180528,000000,0.1154,0.1184,0.1033,0.1033,0,0
ZIL.V,D,20180529,000000,0.1034,0.1148,0.09692,0.1132,0,0
ZIL.V,D,20180530,000000,0.1133,0.1186,0.105,0.1072,0,0
ZIL.V,D,20180531,000000,0.1073,0.1155,0.107,0.1149,0,0
ZIL.V,D,20180601,000000,0.1149,0.115,0.1086,0.1091,0,0
ZIL.V,D,20180602,000000,0.1092,0.1209,0.109,0.1181,0,0
ZIL.V,D,20180603,000000,0.1182,0.1331,0.1171,0.128,0,0
ZIL.V,D,20180604,000000,0.1278,0.1288,0.1164,0.1233,0,0
ZIL.V,D,20180605,000000,0.1233,0.1279,0.1157,0.1242,0,0
ZIL.V,D,20180606,000000,0.1241,0.1335,0.1229,0.1316,0,0
ZIL.V,D,20180607,000000,0.1314,0.1382,0.1289,0.1297,0,0
ZIL.V,D,20180608,000000,0.1297,0.1315,0.1234,0.1278,0,0
ZIL.V,D,20180609,000000,0.1278,0.1288,0.121,0.1222,0,0
ZIL.V,D,20180610,000000,0.1222,0.1224,0.09837,0.09963,0,0
ZIL.V,D,20180611,000000,0.09976,0.1027,0.09448,0.09975,0,0
ZIL.V,D,20180612,000000,0.09974,0.1045,0.08872,0.09122,0,0
ZIL.V,D,20180613,000000,0.09122,0.09165,0.07704,0.08269,0,0
ZIL.V,D,20180614,000000,0.0827,0.09379,0.08266,0.09248,0,0
ZIL.V,D,20180615,000000,0.09221,0.09364,0.08679,0.0871,0,0
ZIL.V,D,20180616,000000,0.0871,0.08756,0.08358,0.08519,0,0
ZIL.V,D,20180617,000000,0.08506,0.08788,0.0848,0.08584,0,0
ZIL.V,D,20180618,000000,0.08584,0.09016,0.08258,0.08748,0,0
ZIL.V,D,20180619,000000,0.08735,0.09212,0.0858,0.0883,0,0
ZIL.V,D,20180620,000000,0.08831,0.0916,0.08395,0.08704,0,0
ZIL.V,D,20180621,000000,0.08717,0.0893,0.08379,0.08439,0,0
ZIL.V,D,20180622,000000,0.08435,0.0851,0.068,0.06897,0,0
ZIL.V,D,20180623,000000,0.06906,0.07141,0.0662,0.06925,0,0
ZIL.V,D,20180624,000000,0.06941,0.06983,0.05466,0.06191,0,0
ZIL.V,D,20180625,000000,0.06192,0.07056,0.05975,0.06811,0,0
ZIL.V,D,20180626,000000,0.06824,0.07436,0.0635,0.06681,0,0
ZIL.V,D,20180627,000000,0.06675,0.06691,0.06092,0.06401,0,0
ZIL.V,D,20180628,000000,0.06395,0.06977,0.06032,0.06045,0,0
ZIL.V,D,20180629,000000,0.06047,0.06154,0.05866,0.06022,0,0
ZIL.V,D,20180630,000000,0.06028,0.07091,0.05962,0.06676,0,0
ZIL.V,D,20180701,000000,0.06679,0.07013,0.06581,0.06801,0,0
ZIL.V,D,20180702,000000,0.06807,0.0781,0.06367,0.0766,0,0
ZIL.V,D,20180703,000000,0.07651,0.08187,0.075,0.07878,0,0
ZIL.V,D,20180704,000000,0.07879,0.09036,0.07564,0.08871,0,0
ZIL.V,D,20180705,000000,0.08908,0.09299,0.08157,0.08264,0,0
ZIL.V,D,20180706,000000,0.08274,0.08554,0.07611,0.084,0,0
ZIL.V,D,20180707,000000,0.08395,0.08465,0.07794,0.07822,0,0
ZIL.V,D,20180708,000000,0.07828,0.08724,0.07797,0.0864,0,0
ZIL.V,D,20180709,000000,0.0864,0.08643,0.07828,0.07968,0,0
ZIL.V,D,20180710,000000,0.07987,0.08135,0.06802,0.07065,0,0
ZIL.V,D,20180711,000000,0.07059,0.07082,0.0639,0.0679,0,0
ZIL.V,D,20180712,000000,0.06795,0.06955,0.06386,0.06479,0,0
ZIL.V,D,20180713,000000,0.06478,0.07003,0.06209,0.06715,0,0
ZIL.V,D,20180714,000000,0.06714,0.06794,0.06567,0.06701,0,0
ZIL.V,D,20180715,000000,0.06707,0.07132,0.06635,0.07065,0,0
ZIL.V,D,20180716,000000,0.07066,0.07596,0.06842,0.07434,0,0
ZIL.V,D,20180717,000000,0.07435,0.0846,0.07369,0.08449,0,0
ZIL.V,D,20180718,000000,0.08448,0.0907,0.0804,0.08227,0,0
ZIL.V,D,20180719,000000,0.08228,0.08523,0.07851,0.08059,0,0
ZIL.V,D,20180720,000000,0.08059,0.0816,0.07001,0.07001,0,0
ZIL.V,D,20180721,000000,0.07002,0.07555,0.06835,0.07438,0,0
ZIL.V,D,20180722,000000,0.07446,0.07513,0.0717,0.07189,0,0
ZIL.V,D,20180723,000000,0.07193,0.07488,0.06864,0.06929,0,0
ZIL.V,D,20180724,000000,0.06929,0.07478,0.0657,0.07121,0,0
ZIL.V,D,20180725,000000,0.07135,0.08055,0.07135,0.07803,0,0
ZIL.V,D,20180726,000000,0.07804,0.0797,0.07285,0.07316,0,0
ZIL.V,D,20180727,000000,0.0731,0.07532,0.07015,0.07499,0,0
ZIL.V,D,20180728,000000,0.07498,0.07583,0.07156,0.07257,0,0
ZIL.V,D,20180729,000000,0.0724,0.07447,0.07028,0.07176,0,0
ZIL.V,D,20180730,000000,0.0716,0.07261,0.06649,0.0697,0,0
ZIL.V,D,20180731,000000,0.0697,0.07046,0.0621,0.06361,0,0
ZIL.V,D,20180801,000000,0.06359,0.0645,0.06017,0.0604,0,0
ZIL.V,D,20180802,000000,0.06048,0.06261,0.05636,0.05637,0,0
ZIL.V,D,20180803,000000,0.05637,0.05975,0.05189,0.05771,0,0
ZIL.V,D,20180804,000000,0.0577,0.05895,0.05252,0.05359,0,0
ZIL.V,D,20180805,000000,0.0536,0.05831,0.05287,0.05818,0,0
ZIL.V,D,20180806,000000,0.05825,0.05901,0.04974,0.05032,0,0
ZIL.V,D,20180807,000000,0.05031,0.05305,0.04777,0.04794,0,0
ZIL.V,D,20180808,000000,0.04796,0.04809,0.03736,0.03808,0,0
ZIL.V,D,20180809,000000,0.03809,0.04388,0.03763,0.04345,0,0
ZIL.V,D,20180810,000000,0.04344,0.04384,0.03739,0.03793,0,0
ZIL.V,D,20180811,000000,0.03782,0.03882,0.03473,0.03728,0,0
ZIL.V,D,20180812,000000,0.03728,0.03786,0.03528,0.03563,0,0
ZIL.V,D,20180813,000000,0.03564,0.03624,0.0299,0.02994,0,0
ZIL.V,D,20180814,000000,0.02994,0.03018,0.02324,0.02569,0,0
ZIL.V,D,20180815,000000,0.02562,0.03122,0.02559,0.02925,0,0
ZIL.V,D,20180816,000000,0.02924,0.0306,0.02734,0.02949,0,0
ZIL.V,D,20180817,000000,0.02949,0.03982,0.02932,0.03928,0,0
ZIL.V,D,20180818,000000,0.03928,0.04382,0.03213,0.03558,0,0
ZIL.V,D,20180819,000000,0.03558,0.0394,0.0343,0.03883,0,0
ZIL.V,D,20180820,000000,0.03869,0.03933,0.03497,0.03589,0,0
ZIL.V,D,20180821,000000,0.03589,0.03606,0.03322,0.03461,0,0
ZIL.V,D,20180822,000000,0.03461,0.03879,0.03231,0.03356,0,0
ZIL.V,D,20180823,000000,0.03356,0.03655,0.03244,0.036,0,0
ZIL.V,D,20180824,000000,0.03614,0.03926,0.03533,0.03868,0,0
ZIL.V,D,20180825,000000,0.03868,0.041,0.03713,0.0397,0,0
ZIL.V,D,20180826,000000,0.0397,0.04258,0.03778,0.04186,0,0
ZIL.V,D,20180827,000000,0.04187,0.04346,0.04056,0.04189,0,0
ZIL.V,D,20180828,000000,0.0419,0.0488,0.04153,0.04804,0,0
ZIL.V,D,20180829,000000,0.04803,0.04862,0.04353,0.04575,0,0
ZIL.V,D,20180830,000000,0.04575,0.04615,0.0411,0.04407,0,0
ZIL.V,D,20180831,000000,0.04408,0.04565,0.04259,0.04428,0,0
ZIL.V,D,20180901,000000,0.04428,0.04827,0.04391,0.04728,0,0
ZIL.V,D,20180902,000000,0.04728,0.04766,0.04373,0.04518,0,0
ZIL.V,D,20180903,000000,0.04518,0.0459,0.04334,0.04552,0,0
ZIL.V,D,20180904,000000,0.04553,0.04718,0.04447,0.04628,0,0
ZIL.V,D,20180905,000000,0.04628,0.04653,0.03631,0.04,0,0
ZIL.V,D,20180906,000000,0.04,0.04104,0.03207,0.03694,0,0
ZIL.V,D,20180907,000000,0.03695,0.0399,0.0347,0.03647,0,0
ZIL.V,D,20180908,000000,0.03648,0.03745,0.03397,0.03458,0,0
ZIL.V,D,20180909,000000,0.03458,0.03875,0.03299,0.03508,0,0
ZIL.V,D,20180910,000000,0.03501,0.03543,0.03343,0.03401,0,0
ZIL.V,D,20180911,000000,0.03401,0.03502,0.0315,0.03264,0,0
ZIL.V,D,20180912,000000,0.03271,0.03791,0.029,0.03194,0,0
ZIL.V,D,20180913,000000,0.03194,0.03567,0.03182,0.03402,0,0
ZIL.V,D,20180914,000000,0.03403,0.03556,0.03241,0.03556,0,0
ZIL.V,D,20180915,000000,0.03556,0.03556,0.03283,0.03365,0,0
ZIL.V,D,20180916,000000,0.03372,0.03463,0.03259,0.03427,0,0
ZIL.V,D,20180917,000000,0.03427,0.03489,0.03097,0.03133,0,0
ZIL.V,D,20180918,000000,0.03133,0.03346,0.03077,0.03294,0,0
ZIL.V,D,20180919,000000,0.03288,0.03323,0.03112,0.03297,0,0
ZIL.V,D,20180920,000000,0.03297,0.03386,0.03256,0.03373,0,0
ZIL.V,D,20180921,000000,0.0337,0.03995,0.03341,0.0388,0,0
ZIL.V,D,20180922,000000,0.0388,0.03967,0.03416,0.03509,0,0
ZIL.V,D,20180923,000000,0.03522,0.03688,0.035,0.03547,0,0
ZIL.V,D,20180924,000000,0.0354,0.03752,0.03441,0.03615,0,0
ZIL.V,D,20180925,000000,0.03602,0.03614,0.03229,0.03377,0,0
ZIL.V,D,20180926,000000,0.03376,0.03495,0.03334,0.03387,0,0
ZIL.V,D,20180927,000000,0.03374,0.03601,0.0329,0.03573,0,0
ZIL.V,D,20180928,000000,0.03574,0.03602,0.03408,0.03497,0,0
ZIL.V,D,20180929,000000,0.03497,0.03529,0.03402,0.03509,0,0
ZIL.V,D,20180930,000000,0.03516,0.03614,0.03475,0.03508,0,0
ZIL.V,D,20181001,000000,0.03508,0.03712,0.03489,0.0362,0,0
ZIL.V,D,20181002,000000,0.0362,0.04,0.0361,0.03905,0,0
ZIL.V,D,20181003,000000,0.03905,0.04599,0.03589,0.03694,0,0
ZIL.V,D,20181004,000000,0.03693,0.03852,0.03631,0.03702,0,0
ZIL.V,D,20181005,000000,0.03702,0.03731,0.035,0.035,0,0
ZIL.V,D,20181006,000000,0.035,0.05714,0.035,0.0364,0,0
ZIL.V,D,20181007,000000,0.03639,0.03779,0.03548,0.03635,0,0
ZIL.V,D,20181008,000000,0.03635,0.0384,0.03592,0.03697,0,0
ZIL.V,D,20181009,000000,0.03697,0.03875,0.03658,0.03821,0,0
ZIL.V,D,20181010,000000,0.03821,0.03831,0.03638,0.03789,0,0
ZIL.V,D,20181011,000000,0.03789,0.03798,0.03191,0.03271,0,0
ZIL.V,D,20181012,000000,0.03271,0.03979,0.03105,0.03269,0,0
ZIL.V,D,20181013,000000,0.03269,0.03879,0.03199,0.03255,0,0
ZIL.V,D,20181014,000000,0.03255,0.03462,0.0323,0.03331,0,0
ZIL.V,D,20181015,000000,0.0333,0.0375,0.03194,0.0346,0,0
ZIL.V,D,20181016,000000,0.0346,0.035,0.03389,0.03426,0,0
ZIL.V,D,20181017,000000,0.03425,0.03552,0.03403,0.0354,0,0
ZIL.V,D,20181018,000000,0.03533,0.03551,0.03308,0.03328,0,0
ZIL.V,D,20181019,000000,0.03329,0.04297,0.03313,0.03388,0,0
ZIL.V,D,20181020,000000,0.03388,0.03721,0.02389,0.03429,0,0
ZIL.V,D,20181021,000000,0.03429,0.03543,0.03405,0.0347,0,0
ZIL.V,D,20181022,000000,0.03468,0.03475,0.03373,0.03456,0,0
ZIL.V,D,20181023,000000,0.03456,0.03476,0.03373,0.03431,0,0
ZIL.V,D,20181024,000000,0.03431,0.03528,0.03418,0.03506,0,0
ZIL.V,D,20181025,000000,0.03498,0.03517,0.03383,0.03468,0,0
ZIL.V,D,20181026,000000,0.03456,0.03696,0.03449,0.03629,0,0
ZIL.V,D,20181027,000000,0.03629,0.03664,0.0351,0.03543,0,0
ZIL.V,D,20181028,000000,0.03544,0.03657,0.03512,0.03618,0,0
ZIL.V,D,20181029,000000,0.03618,0.03626,0.03337,0.03377,0,0
ZIL.V,D,20181030,000000,0.03377,0.03471,0.03356,0.03464,0,0
ZIL.V,D,20181031,000000,0.0345,0.03519,0.03335,0.03506,0,0
ZIL.V,D,20181101,000000,0.03518,0.03806,0.03408,0.0357,0,0
ZIL.V,D,20181102,000000,0.0357,0.037,0.03546,0.03629,0,0
ZIL.V,D,20181103,000000,0.03629,0.0373,0.03479,0.03493,0,0
ZIL.V,D,20181104,000000,0.035,0.03718,0.03456,0.03649,0,0
ZIL.V,D,20181105,000000,0.03649,0.03676,0.03514,0.03557,0,0
ZIL.V,D,20181106,000000,0.03558,0.03767,0.03509,0.0373,0,0
ZIL.V,D,20181107,000000,0.0373,0.03787,0.03486,0.03506,0,0
ZIL.V,D,20181108,000000,0.03499,0.03644,0.0343,0.03534,0,0
ZIL.V,D,20181109,000000,0.03534,0.03593,0.0344,0.03463,0,0
ZIL.V,D,20181110,000000,0.03463,0.03494,0.03428,0.03456,0,0
ZIL.V,D,20181111,000000,0.03456,0.03463,0.03341,0.03349,0,0
ZIL.V,D,20181112,000000,0.03349,0.03442,0.03313,0.03333,0,0
ZIL.V,D,20181113,000000,0.03333,0.03385,0.03293,0.03319,0,0
ZIL.V,D,20181114,000000,0.03318,0.03323,0.02695,0.02806,0,0
ZIL.V,D,20181115,000000,0.02808,0.02901,0.02478,0.02692,0,0
ZIL.V,D,20181116,000000,0.02692,0.02804,0.02577,0.02596,0,0
ZIL.V,D,20181117,000000,0.02596,0.02726,0.02572,0.02637,0,0
ZIL.V,D,20181118,000000,0.02636,0.0271,0.02621,0.02635,0,0
ZIL.V,D,20181119,000000,0.02635,0.02832,0.02068,0.02211,0,0
ZIL.V,D,20181120,000000,0.02211,0.027,0.01609,0.01672,0,0
ZIL.V,D,20181121,000000,0.01671,0.01909,0.01642,0.01815,0,0
ZIL.V,D,20181122,000000,0.01815,0.019,0.01729,0.0177,0,0
ZIL.V,D,20181123,000000,0.01769,0.0177,0.01594,0.01687,0,0
ZIL.V,D,20181124,000000,0.01686,0.01709,0.01401,0.01429,0,0
ZIL.V,D,20181125,000000,0.01428,0.016,0.01244,0.0151,0,0
ZIL.V,D,20181126,000000,0.0151,0.01553,0.0132,0.01381,0,0
ZIL.V,D,20181127,000000,0.01381,0.01691,0.0136,0.01635,0,0
ZIL.V,D,20181128,000000,0.01635,0.01921,0.01635,0.0186,0,0
ZIL.V,D,20181129,000000,0.0186,0.02108,0.01832,0.01888,0,0
ZIL.V,D,20181130,000000,0.01892,0.01947,0.01594,0.01698,0,0
ZIL.V,D,20181201,000000,0.01698,0.01888,0.01682,0.01833,0,0
ZIL.V,D,20181202,000000,0.01833,0.01903,0.01745,0.01783,0,0
ZIL.V,D,20181203,000000,0.01783,0.01803,0.01586,0.01623,0,0
ZIL.V,D,20181204,000000,0.01627,0.01722,0.01571,0.0166,0,0
ZIL.V,D,20181205,000000,0.01664,0.01671,0.01536,0.01554,0,0
ZIL.V,D,20181206,000000,0.01553,0.01596,0.01399,0.01422,0,0
ZIL.V,D,20181207,000000,0.01422,0.01473,0.01269,0.01377,0,0
ZIL.V,D,20181208,000000,0.01378,0.01457,0.01277,0.01388,0,0
ZIL.V,D,20181209,000000,0.01394,0.01466,0.01337,0.01417,0,0
ZIL.V,D,20181210,000000,0.01416,0.01433,0.01314,0.0135,0,0
ZIL.V,D,20181211,000000,0.0135,0.01374,0.01314,0.01352,0,0
ZIL.V,D,20181212,000000,0.01352,0.0144,0.01321,0.01386,0,0
ZIL.V,D,20181213,000000,0.0139,0.01415,0.01295,0.0132,0,0
ZIL.V,D,20181214,000000,0.01319,0.01325,0.01241,0.01274,0,0
ZIL.V,D,20181215,000000,0.01274,0.01305,0.01245,0.01278,0,0
ZIL.V,D,20181216,000000,0.01275,0.01367,0.01271,0.01306,0,0
ZIL.V,D,20181217,000000,0.01306,0.01477,0.01296,0.01427,0,0
ZIL.V,D,20181218,000000,0.01428,0.0162,0.01396,0.01573,0,0
ZIL.V,D,20181219,000000,0.01573,0.01822,0.015,0.01558,0,0
ZIL.V,D,20181220,000000,0.01558,0.01783,0.01532,0.01737,0,0
ZIL.V,D,20181221,000000,0.01738,0.01951,0.01647,0.01713,0,0
ZIL.V,D,20181222,000000,0.01712,0.01852,0.01685,0.01833,0,0
ZIL.V,D,20181223,000000,0.01833,0.02111,0.0183,0.02027,0,0
ZIL.V,D,20181224,000000,0.02027,0.0225,0.02003,0.02066,0,0
ZIL.V,D,20181225,000000,0.02066,0.02088,0.01704,0.018,0,0
ZIL.V,D,20181226,000000,0.01801,0.01946,0.01761,0.01856,0,0
ZIL.V,D,20181227,000000,0.01857,0.01896,0.01688,0.01699,0,0
ZIL.V,D,20181228,000000,0.01696,0.02087,0.01665,0.02004,0,0
ZIL.V,D,20181229,000000,0.02004,0.02243,0.01983,0.02233,0,0
ZIL.V,D,20181230,000000,0.0224,0.023,0.02047,0.02106,0,0
ZIL.V,D,20181231,000000,0.02106,0.02122,0.01915,0.01943,0,0
ZIL.V,D,20190101,000000,0.01947,0.02071,0.01936,0.02031,0,0
ZIL.V,D,20190102,000000,0.02031,0.02124,0.0203,0.02107,0,0
ZIL.V,D,20190103,000000,0.02107,0.02131,0.01942,0.02007,0,0
ZIL.V,D,20190104,000000,0.02007,0.02105,0.0197,0.02075,0,0
ZIL.V,D,20190105,000000,0.02071,0.02104,0.02039,0.02069,0,0
ZIL.V,D,20190106,000000,0.02069,0.02249,0.0203,0.02175,0,0
ZIL.V,D,20190107,000000,0.02176,0.02273,0.02175,0.02223,0,0
ZIL.V,D,20190108,000000,0.02223,0.02487,0.02203,0.02389,0,0
ZIL.V,D,20190109,000000,0.02389,0.02599,0.02371,0.02438,0,0
ZIL.V,D,20190110,000000,0.02438,0.02518,0.01996,0.02031,0,0
ZIL.V,D,20190111,000000,0.02031,0.02119,0.0196,0.02009,0,0
ZIL.V,D,20190112,000000,0.0201,0.02075,0.01983,0.02043,0,0
ZIL.V,D,20190113,000000,0.02043,0.02055,0.01832,0.01838,0,0
ZIL.V,D,20190114,000000,0.01838,0.02127,0.01833,0.02127,0,0
ZIL.V,D,20190115,000000,0.02127,0.02155,0.01996,0.02143,0,0
ZIL.V,D,20190116,000000,0.02135,0.02423,0.02126,0.02309,0,0
ZIL.V,D,20190117,000000,0.02309,0.02338,0.02192,0.02281,0,0
ZIL.V,D,20190118,000000,0.02281,0.02293,0.02141,0.02178,0,0
ZIL.V,D,20190119,000000,0.02178,0.02312,0.02174,0.02249,0,0
ZIL.V,D,20190120,000000,0.02249,0.02281,0.02046,0.02136,0,0
ZIL.V,D,20190121,000000,0.02136,0.02157,0.02078,0.02102,0,0
ZIL.V,D,20190122,000000,0.02099,0.02311,0.02099,0.023,0,0
ZIL.V,D,20190123,000000,0.02307,0.0231,0.02115,0.022,0,0
ZIL.V,D,20190124,000000,0.02199,0.02246,0.02127,0.02223,0,0
ZIL.V,D,20190125,000000,0.02223,0.02228,0.02134,0.02194,0,0
ZIL.V,D,20190126,000000,0.02198,0.02259,0.02185,0.02232,0,0
ZIL.V,D,20190127,000000,0.02232,0.02406,0.02158,0.02241,0,0
ZIL.V,D,20190128,000000,0.02241,0.02297,0.0194,0.02066,0,0
ZIL.V,D,20190129,000000,0.02066,0.02186,0.01944,0.02038,0,0
ZIL.V,D,20190130,000000,0.02037,0.021,0.01974,0.02031,0,0
ZIL.V,D,20190131,000000,0.02031,0.02048,0.01809,0.01858,0,0
ZIL.V,D,20190201,000000,0.01858,0.01869,0.0176,0.01828,0,0
ZIL.V,D,20190202,000000,0.01827,0.01843,0.01779,0.01793,0,0
ZIL.V,D,20190203,000000,0.01796,0.01851,0.01724,0.01736,0,0
ZIL.V,D,20190204,000000,0.01737,0.01808,0.01731,0.01765,0,0
ZIL.V,D,20190205,000000,0.01761,0.01795,0.01726,0.01741,0,0
ZIL.V,D,20190206,000000,0.01741,0.01752,0.01619,0.01653,0,0
ZIL.V,D,20190207,000000,0.01653,0.01729,0.01636,0.01669,0,0
ZIL.V,D,20190208,000000,0.01669,0.0185,0.01635,0.01767,0,0
ZIL.V,D,20190209,000000,0.01767,0.0181,0.0172,0.01747,0,0
ZIL.V,D,20190210,000000,0.01747,0.01752,0.01668,0.01733,0,0
ZIL.V,D,20190211,000000,0.0173,0.01768,0.01667,0.01693,0,0
ZIL.V,D,20190212,000000,0.01693,0.01719,0.01664,0.01694,0,0
ZIL.V,D,20190213,000000,0.01694,0.01734,0.01674,0.01704,0,0
ZIL.V,D,20190214,000000,0.01704,0.01713,0.01666,0.01673,0,0
ZIL.V,D,20190215,000000,0.01674,0.01718,0.01663,0.01688,0,0
ZIL.V,D,20190216,000000,0.01688,0.01769,0.0168,0.0174,0,0
ZIL.V,D,20190217,000000,0.0174,0.01786,0.01704,0.0176,0,0
ZIL.V,D,20190218,000000,0.0176,0.0187,0.01751,0.01814,0,0
ZIL.V,D,20190219,000000,0.01814,0.02081,0.01778,0.0188,0,0
ZIL.V,D,20190220,000000,0.0188,0.01932,0.01827,0.01875,0,0
ZIL.V,D,20190221,000000,0.01875,0.01946,0.01795,0.0181,0,0
ZIL.V,D,20190222,000000,0.0181,0.01847,0.01797,0.01831,0,0
ZIL.V,D,20190223,000000,0.01831,0.01982,0.01821,0.0194,0,0
ZIL.V,D,20190224,000000,0.0194,0.02007,0.01652,0.01721,0,0
ZIL.V,D,20190225,000000,0.01721,0.01762,0.0167,0.01732,0,0
ZIL.V,D,20190226,000000,0.01732,0.01828,0.017,0.01741,0,0
ZIL.V,D,20190227,000000,0.01741,0.01779,0.01675,0.01719,0,0
ZIL.V,D,20190228,000000,0.0172,0.01754,0.01697,0.01707,0,0
ZIL.V,D,20190301,000000,0.01707,0.0174,0.01695,0.01723,0,0
ZIL.V,D,20190302,000000,0.01722,0.01731,0.01681,0.01714,0,0
ZIL.V,D,20190303,000000,0.01714,0.01725,0.01692,0.01703,0,0
ZIL.V,D,20190304,000000,0.01703,0.01704,0.01574,0.01631,0,0
ZIL.V,D,20190305,000000,0.01631,0.01721,0.01602,0.01684,0,0
ZIL.V,D,20190306,000000,0.01684,0.0172,0.01667,0.01678,0,0
ZIL.V,D,20190307,000000,0.01678,0.01699,0.01657,0.01699,0,0
ZIL.V,D,20190308,000000,0.017,0.01792,0.01665,0.017,0,0
ZIL.V,D,20190309,000000,0.01704,0.01848,0.0169,0.01804,0,0
ZIL.V,D,20190310,000000,0.01804,0.01848,0.01749,0.01782,0,0
ZIL.V,D,20190311,000000,0.01782,0.01816,0.01706,0.01735,0,0
ZIL.V,D,20190312,000000,0.01734,0.01822,0.0169,0.01795,0,0
ZIL.V,D,20190313,000000,0.01795,0.0189,0.0178,0.01822,0,0
ZIL.V,D,20190314,000000,0.01822,0.01858,0.01756,0.01817,0,0
ZIL.V,D,20190315,000000,0.01817,0.01845,0.0181,0.01827,0,0
ZIL.V,D,20190316,000000,0.01827,0.01864,0.01823,0.01839,0,0
ZIL.V,D,20190317,000000,0.01839,0.01856,0.0178,0.01826,0,0
ZIL.V,D,20190318,000000,0.01825,0.01838,0.01783,0.01796,0,0
ZIL.V,D,20190319,000000,0.01797,0.01829,0.0179,0.01824,0,0
ZIL.V,D,20190320,000000,0.01824,0.01924,0.0182,0.01923,0,0
ZIL.V,D,20190321,000000,0.01922,0.0194,0.0176,0.0186,0,0
ZIL.V,D,20190322,000000,0.0186,0.01966,0.01829,0.01942,0,0
ZIL.V,D,20190323,000000,0.01942,0.0202,0.01905,0.01961,0,0
ZIL.V,D,20190324,000000,0.01961,0.02035,0.01946,0.02,0,0
ZIL.V,D,20190325,000000,0.02,0.02015,0.0182,0.01879,0,0
ZIL.V,D,20190326,000000,0.01879,0.01897,0.01796,0.01844,0,0
ZIL.V,D,20190327,000000,0.01844,0.0194,0.01839,0.01907,0,0
ZIL.V,D,20190328,000000,0.01907,0.01952,0.01901,0.01936,0,0
ZIL.V,D,20190329,000000,0.01936,0.01957,0.0191,0.01924,0,0
ZIL.V,D,20190330,000000,0.01924,0.01985,0.01884,0.01972,0,0
ZIL.V,D,20190331,000000,0.01973,0.02114,0.01943,0.02048,0,0
ZIL.V,D,20190401,000000,0.02048,0.021,0.02003,0.02061,0,0
ZIL.V,D,20190402,000000,0.02061,0.02263,0.02054,0.02249,0,0
ZIL.V,D,20190403,000000,0.02249,0.02481,0.0223,0.02378,0,0
ZIL.V,D,20190404,000000,0.0238,0.02403,0.02123,0.02272,0,0
ZIL.V,D,20190405,000000,0.02272,0.02475,0.02229,0.0247,0,0
ZIL.V,D,20190406,000000,0.0247,0.02654,0.02446,0.02497,0,0
ZIL.V,D,20190407,000000,0.02497,0.02555,0.02451,0.02497,0,0
ZIL.V,D,20190408,000000,0.02497,0.02522,0.02286,0.02427,0,0
ZIL.V,D,20190409,000000,0.02426,0.02444,0.02216,0.02289,0,0
ZIL.V,D,20190410,000000,0.0229,0.02375,0.0224,0.02268,0,0
ZIL.V,D,20190411,000000,0.02267,0.02286,0.01908,0.02013,0,0
ZIL.V,D,20190412,000000,0.02013,0.02124,0.01932,0.02074,0,0
ZIL.V,D,20190413,000000,0.02073,0.02096,0.02008,0.02035,0,0
ZIL.V,D,20190414,000000,0.02035,0.02123,0.02,0.02102,0,0
ZIL.V,D,20190415,000000,0.02102,0.02217,0.02019,0.02062,0,0
ZIL.V,D,20190416,000000,0.02062,0.02121,0.02022,0.02112,0,0
ZIL.V,D,20190417,000000,0.02111,0.02188,0.02095,0.02155,0,0
ZIL.V,D,20190418,000000,0.02155,0.02271,0.02138,0.02232,0,0
ZIL.V,D,20190419,000000,0.02232,0.02259,0.02174,0.02212,0,0
ZIL.V,D,20190420,000000,0.02212,0.0224,0.0216,0.02162,0,0
ZIL.V,D,20190421,000000,0.02162,0.02198,0.02005,0.02086,0,0
ZIL.V,D,20190422,000000,0.02087,0.02176,0.02046,0.02115,0,0
ZIL.V,D,20190423,000000,0.02115,0.02156,0.01996,0.02059,0,0
ZIL.V,D,20190424,000000,0.02059,0.02069,0.0178,0.01922,0,0
ZIL.V,D,20190425,000000,0.01922,0.01967,0.01827,0.01832,0,0
ZIL.V,D,20190426,000000,0.01833,0.01833,0.01653,0.01684,0,0
ZIL.V,D,20190427,000000,0.01683,0.01831,0.01675,0.01802,0,0
ZIL.V,D,20190428,000000,0.01802,0.01808,0.01722,0.0173,0,0
ZIL.V,D,20190429,000000,0.0173,0.01758,0.01613,0.01647,0,0
ZIL.V,D,20190430,000000,0.01647,0.01735,0.01619,0.01717,0,0
ZIL.V,D,20190501,000000,0.01717,0.01775,0.01704,0.01741,0,0
ZIL.V,D,20190502,000000,0.01741,0.01757,0.01711,0.01729,0,0
ZIL.V,D,20190503,000000,0.01728,0.0176,0.01666,0.01697,0,0
ZIL.V,D,20190504,000000,0.01697,0.01711,0.01567,0.01614,0,0
ZIL.V,D,20190505,000000,0.01615,0.01622,0.01545,0.01596,0,0
ZIL.V,D,20190506,000000,0.01597,0.01693,0.01488,0.01653,0,0
ZIL.V,D,20190507,000000,0.01653,0.01713,0.01564,0.01643,0,0
ZIL.V,D,20190508,000000,0.01643,0.01646,0.01521,0.0162,0,0
ZIL.V,D,20190509,000000,0.0162,0.01633,0.01446,0.01486,0,0
ZIL.V,D,20190510,000000,0.01486,0.01562,0.01457,0.01524,0,0
ZIL.V,D,20190511,000000,0.01524,0.01692,0.01511,0.01686,0,0
ZIL.V,D,20190512,000000,0.01686,0.01702,0.01536,0.01614,0,0
ZIL.V,D,20190513,000000,0.01615,0.01729,0.0157,0.01675,0,0
ZIL.V,D,20190514,000000,0.01672,0.01808,0.01597,0.01773,0,0
ZIL.V,D,20190515,000000,0.01773,0.02005,0.01752,0.02001,0,0
ZIL.V,D,20190516,000000,0.02009,0.02173,0.01782,0.01887,0,0
ZIL.V,D,20190517,000000,0.01885,0.0191,0.01554,0.01715,0,0
ZIL.V,D,20190518,000000,0.01715,0.01789,0.01672,0.0171,0,0
ZIL.V,D,20190519,000000,0.0171,0.0183,0.01679,0.01785,0,0
ZIL.V,D,20190520,000000,0.01785,0.01798,0.01633,0.0173,0,0
ZIL.V,D,20190521,000000,0.01729,0.02398,0.01718,0.0209,0,0
ZIL.V,D,20190522,000000,0.02091,0.0242,0.0201,0.02131,0,0
ZIL.V,D,20190523,000000,0.02132,0.0221,0.01987,0.02025,0,0
ZIL.V,D,20190524,000000,0.02028,0.02132,0.01951,0.01975,0,0
ZIL.V,D,20190525,000000,0.01974,0.0203,0.01883,0.02027,0,0
ZIL.V,D,20190526,000000,0.02027,0.02064,0.01877,0.0198,0,0
ZIL.V,D,20190527,000000,0.0198,0.02077,0.0195,0.02034,0,0
ZIL.V,D,20190528,000000,0.02035,0.02181,0.02013,0.02151,0,0
ZIL.V,D,20190529,000000,0.02151,0.02184,0.01985,0.02096,0,0
ZIL.V,D,20190530,000000,0.02097,0.02289,0.01838,0.01898,0,0
ZIL.V,D,20190531,000000,0.01897,0.02041,0.01859,0.02003,0,0
ZIL.V,D,20190601,000000,0.02003,0.02046,0.01914,0.01977,0,0
ZIL.V,D,20190602,000000,0.01977,0.02197,0.01954,0.02186,0,0
ZIL.V,D,20190603,000000,0.02186,0.02327,0.01971,0.02222,0,0
ZIL.V,D,20190604,000000,0.02222,0.02446,0.01984,0.02088,0,0
ZIL.V,D,20190605,000000,0.0208,0.02269,0.02053,0.02114,0,0
ZIL.V,D,20190606,000000,0.02113,0.02411,0.02098,0.02369,0,0
ZIL.V,D,20190607,000000,0.02369,0.02623,0.02285,0.02419,0,0
ZIL.V,D,20190608,000000,0.02419,0.02615,0.02332,0.02361,0,0
ZIL.V,D,20190609,000000,0.02361,0.0245,0.02145,0.0218,0,0
ZIL.V,D,20190610,000000,0.02179,0.0237,0.02121,0.02361,0,0
ZIL.V,D,20190611,000000,0.02361,0.0247,0.02285,0.02319,0,0
ZIL.V,D,20190612,000000,0.02319,0.02336,0.02225,0.02316,0,0
ZIL.V,D,20190613,000000,0.02316,0.02355,0.0225,0.02277,0,0
ZIL.V,D,20190614,000000,0.02278,0.02434,0.02151,0.02249,0,0
ZIL.V,D,20190615,000000,0.02249,0.0232,0.02234,0.02276,0,0
ZIL.V,D,20190616,000000,0.02276,0.02477,0.02229,0.02468,0,0
ZIL.V,D,20190617,000000,0.02468,0.02693,0.02424,0.02517,0,0
ZIL.V,D,20190618,000000,0.02518,0.02591,0.02225,0.02253,0,0
ZIL.V,D,20190619,000000,0.02254,0.02327,0.0218,0.02186,0,0
ZIL.V,D,20190620,000000,0.02187,0.02225,0.02036,0.02076,0,0
ZIL.V,D,20190621,000000,0.02076,0.02124,0.01982,0.02015,0,0
ZIL.V,D,20190622,000000,0.02015,0.02134,0.01931,0.02097,0,0
ZIL.V,D,20190623,000000,0.02097,0.0214,0.01974,0.02014,0,0
ZIL.V,D,20190624,000000,0.02013,0.02067,0.01966,0.02002,0,0
ZIL.V,D,20190625,000000,0.02002,0.02094,0.01983,0.01998,0,0
ZIL.V,D,20190626,000000,0.01998,0.02098,0.01781,0.01815,0,0
ZIL.V,D,20190627,000000,0.01817,0.01879,0.01569,0.01633,0,0
ZIL.V,D,20190628,000000,0.01634,0.01697,0.01601,0.01657,0,0
ZIL.V,D,20190629,000000,0.01657,0.01848,0.01604,0.01792,0,0
ZIL.V,D,20190630,000000,0.01792,0.01845,0.01643,0.01692,0,0
ZIL.V,D,20190701,000000,0.01692,0.01785,0.01626,0.01714,0,0
ZIL.V,D,20190702,000000,0.01713,0.01743,0.01582,0.01636,0,0
ZIL.V,D,20190703,000000,0.01636,0.01678,0.01596,0.01632,0,0
ZIL.V,D,20190704,000000,0.01631,0.0166,0.01549,0.01587,0,0
ZIL.V,D,20190705,000000,0.01587,0.01616,0.0154,0.01573,0,0
ZIL.V,D,20190706,000000,0.01574,0.01772,0.0155,0.01702,0,0
ZIL.V,D,20190707,000000,0.01701,0.01749,0.01641,0.01742,0,0
ZIL.V,D,20190708,000000,0.01742,0.01807,0.01658,0.01665,0,0
ZIL.V,D,20190709,000000,0.01665,0.01715,0.01644,0.0167,0,0
ZIL.V,D,20190710,000000,0.0167,0.01749,0.0153,0.01587,0,0
ZIL.V,D,20190711,000000,0.01588,0.01618,0.01355,0.01402,0,0
ZIL.V,D,20190712,000000,0.01401,0.0149,0.01366,0.01463,0,0
ZIL.V,D,20190713,000000,0.01463,0.01469,0.01354,0.01378,0,0
ZIL.V,D,20190714,000000,0.01378,0.0142,0.01243,0.0129,0,0
ZIL.V,D,20190715,000000,0.0129,0.01291,0.01113,0.01182,0,0
ZIL.V,D,20190716,000000,0.01183,0.01218,0.009708,0.01013,0,0
ZIL.V,D,20190717,000000,0.01013,0.01078,0.009142,0.01061,0,0
ZIL.V,D,20190718,000000,0.01051,0.01108,0.009934,0.01091,0,0
ZIL.V,D,20190719,000000,0.01091,0.01124,0.01045,0.01099,0,0
ZIL.V,D,20190720,000000,0.01099,0.01195,0.01078,0.01194,0,0
ZIL.V,D,20190721,000000,0.01195,0.01219,0.01091,0.01131,0,0
ZIL.V,D,20190722,000000,0.01131,0.01157,0.01069,0.01099,0,0
ZIL.V,D,20190723,000000,0.01099,0.01112,0.01008,0.01053,0,0
ZIL.V,D,20190724,000000,0.01053,0.01055,0.009853,0.01027,0,0
ZIL.V,D,20190725,000000,0.01027,0.01099,0.01016,0.01079,0,0
ZIL.V,D,20190726,000000,0.01079,0.01112,0.01039,0.01092,0,0
ZIL.V,D,20190727,000000,0.01092,0.0112,0.01006,0.01027,0,0
ZIL.V,D,20190728,000000,0.01027,0.01051,0.01009,0.01031,0,0
ZIL.V,D,20190729,000000,0.01031,0.01048,0.00981,0.01026,0,0
ZIL.V,D,20190730,000000,0.01026,0.01074,0.01006,0.01064,0,0
ZIL.V,D,20190731,000000,0.01064,0.01154,0.01064,0.01085,0,0
ZIL.V,D,20190801,000000,0.01085,0.01108,0.0101,0.01021,0,0
ZIL.V,D,20190802,000000,0.01021,0.01082,0.009996,0.01022,0,0
ZIL.V,D,20190803,000000,0.01022,0.01056,0.01009,0.01029,0,0
ZIL.V,D,20190804,000000,0.01029,0.01041,0.009936,0.01009,0,0
ZIL.V,D,20190805,000000,0.01009,0.01021,0.009708,0.009859,0,0
ZIL.V,D,20190806,000000,0.009859,0.01006,0.009079,0.009098,0,0
ZIL.V,D,20190807,000000,0.009095,0.009582,0.008675,0.008835,0,0
ZIL.V,D,20190808,000000,0.008832,0.00896,0.008287,0.008439,0,0
ZIL.V,D,20190809,000000,0.00844,0.008622,0.007837,0.008104,0,0
ZIL.V,D,20190810,000000,0.008105,0.008483,0.007813,0.008365,0,0
ZIL.V,D,20190811,000000,0.008365,0.01007,0.008213,0.008859,0,0
ZIL.V,D,20190812,000000,0.008858,0.009233,0.008667,0.008773,0,0
ZIL.V,D,20190813,000000,0.008773,0.009434,0.008554,0.008806,0,0
ZIL.V,D,20190814,000000,0.008805,0.008827,0.007661,0.007747,0,0
ZIL.V,D,20190815,000000,0.007748,0.007891,0.006895,0.007549,0,0
ZIL.V,D,20190816,000000,0.007549,0.007627,0.007105,0.007418,0,0
ZIL.V,D,20190817,000000,0.007418,0.007924,0.007167,0.007708,0,0
ZIL.V,D,20190818,000000,0.007708,0.007977,0.00748,0.007923,0,0
ZIL.V,D,20190819,000000,0.007925,0.008127,0.007585,0.00772,0,0
ZIL.V,D,20190820,000000,0.007718,0.007856,0.007291,0.00756,0,0
ZIL.V,D,20190821,000000,0.00756,0.007592,0.006831,0.007036,0,0
ZIL.V,D,20190822,000000,0.007035,0.007756,0.006892,0.007505,0,0
ZIL.V,D,20190823,000000,0.007506,0.007709,0.007354,0.007608,0,0
ZIL.V,D,20190824,000000,0.007609,0.009074,0.007484,0.008464,0,0
ZIL.V,D,20190825,000000,0.008464,0.008995,0.007785,0.007803,0,0
ZIL.V,D,20190826,000000,0.007802,0.008709,0.007761,0.008319,0,0
ZIL.V,D,20190827,000000,0.008319,0.008413,0.007713,0.007809,0,0
ZIL.V,D,20190828,000000,0.00781,0.008161,0.006982,0.007297,0,0
ZIL.V,D,20190829,000000,0.007299,0.007314,0.006709,0.007232,0,0
ZIL.V,D,20190830,000000,0.007236,0.007239,0.006863,0.007007,0,0
ZIL.V,D,20190831,000000,0.007007,0.007149,0.006855,0.007064,0,0
ZIL.V,D,20190901,000000,0.007065,0.00715,0.006828,0.006993,0,0
ZIL.V,D,20190902,000000,0.006996,0.007212,0.006836,0.007175,0,0
ZIL.V,D,20190903,000000,0.007177,0.007392,0.006876,0.007169,0,0
ZIL.V,D,20190904,000000,0.007168,0.007285,0.006897,0.00704,0,0
ZIL.V,D,20190905,000000,0.007042,0.007124,0.006625,0.006759,0,0
ZIL.V,D,20190906,000000,0.006759,0.006969,0.006439,0.006569,0,0
ZIL.V,D,20190907,000000,0.006569,0.006966,0.006449,0.006846,0,0
ZIL.V,D,20190908,000000,0.006844,0.007001,0.006724,0.00688,0,0
ZIL.V,D,20190909,000000,0.006882,0.007195,0.006589,0.007099,0,0
ZIL.V,D,20190910,000000,0.0071,0.00716,0.00668,0.006771,0,0
ZIL.V,D,20190911,000000,0.006772,0.007536,0.006696,0.006817,0,0
ZIL.V,D,20190912,000000,0.006815,0.006936,0.0065,0.006772,0,0
ZIL.V,D,20190913,000000,0.006771,0.006902,0.006623,0.006701,0,0
ZIL.V,D,20190914,000000,0.0067,0.007004,0.006678,0.006863,0,0
ZIL.V,D,20190915,000000,0.006865,0.006979,0.006699,0.006905,0,0
ZIL.V,D,20190916,000000,0.006905,0.007253,0.006803,0.007119,0,0
ZIL.V,D,20190917,000000,0.007119,0.007397,0.006767,0.00726,0,0
ZIL.V,D,20190918,000000,0.00726,0.007625,0.007058,0.007609,0,0
ZIL.V,D,20190919,000000,0.007609,0.007617,0.006955,0.007183,0,0
ZIL.V,D,20190920,000000,0.007183,0.007242,0.006964,0.007084,0,0
ZIL.V,D,20190921,000000,0.007082,0.007226,0.006782,0.006994,0,0
ZIL.V,D,20190922,000000,0.006993,0.007011,0.006593,0.006744,0,0
ZIL.V,D,20190923,000000,0.006745,0.006777,0.006315,0.006441,0,0
ZIL.V,D,20190924,000000,0.006438,0.006459,0.002639,0.005017,0,0
ZIL.V,D,20190925,000000,0.005017,0.005217,0.004732,0.005035,0,0
ZIL.V,D,20190926,000000,0.005035,0.005105,0.004509,0.004714,0,0
ZIL.V,D,20190927,000000,0.004714,0.005047,0.004659,0.004946,0,0
ZIL.V,D,20190928,000000,0.004947,0.005255,0.004913,0.005139,0,0
ZIL.V,D,20190929,000000,0.00514,0.005254,0.004699,0.005078,0,0
ZIL.V,D,20190930,000000,0.005077,0.005205,0.005,0.005044,0,0
ZIL.V,D,20191001,000000,0.005041,0.005263,0.005001,0.005079,0,0
ZIL.V,D,20191002,000000,0.00508,0.005293,0.004938,0.005052,0,0
ZIL.V,D,20191003,000000,0.005052,0.005223,0.004865,0.005082,0,0
ZIL.V,D,20191004,000000,0.005082,0.005498,0.005066,0.005407,0,0
ZIL.V,D,20191005,000000,0.005408,0.005548,0.005174,0.005392,0,0
ZIL.V,D,20191006,000000,0.005392,0.006153,0.005242,0.006036,0,0
ZIL.V,D,20191007,000000,0.006036,0.006045,0.005555,0.005889,0,0
ZIL.V,D,20191008,000000,0.005889,0.006216,0.005709,0.006091,0,0
ZIL.V,D,20191009,000000,0.006091,0.006471,0.006001,0.006143,0,0
ZIL.V,D,20191010,000000,0.006143,0.006207,0.005708,0.005746,0,0
ZIL.V,D,20191011,000000,0.005746,0.006104,0.005461,0.005913,0,0
ZIL.V,D,20191012,000000,0.005913,0.006036,0.005672,0.005851,0,0
ZIL.V,D,20191013,000000,0.005851,0.005933,0.005733,0.005755,0,0
ZIL.V,D,20191014,000000,0.00566,0.00586,0.00562,0.005743,0,0
ZIL.V,D,20191015,000000,0.005743,0.005819,0.005526,0.005632,0,0
ZIL.V,D,20191016,000000,0.005632,0.005641,0.005013,0.005193,0,0
ZIL.V,D,20191017,000000,0.005193,0.005523,0.00509,0.005418,0,0
ZIL.V,D,20191018,000000,0.005418,0.005465,0.005043,0.005097,0,0
ZIL.V,D,20191019,000000,0.005098,0.005332,0.005082,0.005184,0,0
ZIL.V,D,20191020,000000,0.005183,0.005324,0.005067,0.005261,0,0
ZIL.V,D,20191021,000000,0.00526,0.005448,0.005153,0.005349,0,0
ZIL.V,D,20191022,000000,0.005346,0.005449,0.005193,0.005274,0,0
ZIL.V,D,20191023,000000,0.005274,0.005286,0.004617,0.004766,0,0
ZIL.V,D,20191024,000000,0.004765,0.005015,0.004645,0.004926,0,0
ZIL.V,D,20191025,000000,0.004926,0.005451,0.004785,0.005336,0,0
ZIL.V,D,20191026,000000,0.005337,0.005498,0.004964,0.005119,0,0
ZIL.V,D,20191027,000000,0.005119,0.006204,0.00508,0.005721,0,0
ZIL.V,D,20191028,000000,0.005721,0.006179,0.00566,0.005726,0,0
ZIL.V,D,20191029,000000,0.005726,0.005803,0.00545,0.005635,0,0
ZIL.V,D,20191030,000000,0.005635,0.005788,0.005422,0.005617,0,0
ZIL.V,D,20191031,000000,0.005617,0.005672,0.005301,0.005551,0,0
ZIL.V,D,20191101,000000,0.005551,0.006514,0.005494,0.006244,0,0
ZIL.V,D,20191102,000000,0.006244,0.006361,0.006003,0.006066,0,0
ZIL.V,D,20191103,000000,0.006083,0.006108,0.005908,0.005956,0,0
ZIL.V,D,20191104,000000,0.005956,0.006248,0.005933,0.006017,0,0
ZIL.V,D,20191105,000000,0.006016,0.006479,0.005933,0.006356,0,0
ZIL.V,D,20191106,000000,0.006355,0.006537,0.006212,0.006371,0,0
ZIL.V,D,20191107,000000,0.006371,0.006588,0.006299,0.006535,0,0
ZIL.V,D,20191108,000000,0.006535,0.006631,0.005794,0.005997,0,0
ZIL.V,D,20191109,000000,0.005997,0.006077,0.005879,0.006004,0,0
ZIL.V,D,20191110,000000,0.005996,0.006101,0.00582,0.006096,0,0
ZIL.V,D,20191111,000000,0.006096,0.006105,0.00564,0.005756,0,0
ZIL.V,D,20191112,000000,0.005756,0.005921,0.005637,0.005795,0,0
ZIL.V,D,20191113,000000,0.005795,0.005979,0.005756,0.005873,0,0
ZIL.V,D,20191114,000000,0.005871,0.006329,0.005594,0.006149,0,0
ZIL.V,D,20191115,000000,0.006149,0.006666,0.005957,0.006545,0,0
ZIL.V,D,20191116,000000,0.006545,0.006872,0.006363,0.006656,0,0
ZIL.V,D,20191117,000000,0.006656,0.006871,0.006538,0.006676,0,0
ZIL.V,D,20191118,000000,0.006676,0.006676,0.005876,0.006092,0,0
ZIL.V,D,20191119,000000,0.006092,0.006139,0.005569,0.00586,0,0
ZIL.V,D,20191120,000000,0.00586,0.006008,0.005738,0.00575,0,0
ZIL.V,D,20191121,000000,0.005751,0.005856,0.00499,0.005266,0,0
ZIL.V,D,20191122,000000,0.005266,0.005429,0.004316,0.004734,0,0
ZIL.V,D,20191123,000000,0.004731,0.005006,0.00456,0.004982,0,0
ZIL.V,D,20191124,000000,0.004983,0.005037,0.004525,0.004728,0,0
ZIL.V,D,20191125,000000,0.004728,0.005021,0.004221,0.004842,0,0
ZIL.V,D,20191126,000000,0.00484,0.005259,0.004726,0.005153,0,0
ZIL.V,D,20191127,000000,0.005152,0.005346,0.004745,0.005136,0,0
ZIL.V,D,20191128,000000,0.005138,0.005471,0.00504,0.005258,0,0
ZIL.V,D,20191129,000000,0.00526,0.00553,0.00519,0.005426,0,0
ZIL.V,D,20191130,000000,0.005427,0.005526,0.005084,0.005297,0,0
ZIL.V,D,20191201,000000,0.005296,0.005375,0.004955,0.005183,0,0
ZIL.V,D,20191202,000000,0.005183,0.005293,0.004922,0.005145,0,0
ZIL.V,D,20191203,000000,0.005145,0.005818,0.005042,0.005718,0,0
ZIL.V,D,20191204,000000,0.005718,0.005879,0.005345,0.005412,0,0
ZIL.V,D,20191205,000000,0.005412,0.005785,0.005265,0.005783,0,0
ZIL.V,D,20191206,000000,0.005784,0.006348,0.005583,0.006149,0,0
ZIL.V,D,20191207,000000,0.006149,0.006729,0.00612,0.006453,0,0
ZIL.V,D,20191208,000000,0.006453,0.006949,0.006286,0.006448,0,0
ZIL.V,D,20191209,000000,0.006448,0.00674,0.006026,0.006122,0,0
ZIL.V,D,20191210,000000,0.006122,0.006169,0.005374,0.005531,0,0
ZIL.V,D,20191211,000000,0.005514,0.005816,0.005408,0.005627,0,0
ZIL.V,D,20191212,000000,0.005628,0.005768,0.005185,0.005331,0,0
ZIL.V,D,20191213,000000,0.005331,0.005598,0.005188,0.005511,0,0
ZIL.V,D,20191214,000000,0.005511,0.005606,0.004937,0.005115,0,0
ZIL.V,D,20191215,000000,0.005115,0.005245,0.004933,0.005138,0,0
ZIL.V,D,20191216,000000,0.005139,0.005217,0.004751,0.004835,0,0
ZIL.V,D,20191217,000000,0.004834,0.004902,0.004297,0.004425,0,0
ZIL.V,D,20191218,000000,0.004424,0.005297,0.004262,0.005239,0,0
ZIL.V,D,20191219,000000,0.005263,0.005281,0.004824,0.004943,0,0
ZIL.V,D,20191220,000000,0.004942,0.005154,0.004832,0.005119,0,0
ZIL.V,D,20191221,000000,0.005119,0.005184,0.004793,0.004874,0,0
ZIL.V,D,20191222,000000,0.004874,0.005016,0.00479,0.004969,0,0
ZIL.V,D,20191223,000000,0.004969,0.005036,0.004657,0.004746,0,0
ZIL.V,D,20191224,000000,0.004745,0.004957,0.00458,0.004787,0,0
ZIL.V,D,20191225,000000,0.004786,0.004794,0.004512,0.004696,0,0
ZIL.V,D,20191226,000000,0.004695,0.004796,0.004515,0.004541,0,0
ZIL.V,D,20191227,000000,0.004541,0.004794,0.004534,0.004712,0,0
ZIL.V,D,20191228,000000,0.004712,0.004855,0.004667,0.004689,0,0
ZIL.V,D,20191229,000000,0.004688,0.004833,0.004614,0.004743,0,0
ZIL.V,D,20191230,000000,0.004743,0.004748,0.004482,0.004509,0,0
ZIL.V,D,20191231,000000,0.004509,0.004628,0.004366,0.004457,0,0
ZIL.V,D,20200101,000000,0.004456,0.004644,0.004447,0.004543,0,0
ZIL.V,D,20200102,000000,0.004538,0.004623,0.004307,0.004327,0,0
ZIL.V,D,20200103,000000,0.004327,0.004632,0.004273,0.004531,0,0
ZIL.V,D,20200104,000000,0.00453,0.00464,0.004446,0.004632,0,0
ZIL.V,D,20200105,000000,0.004633,0.004754,0.004533,0.00456,0,0
ZIL.V,D,20200106,000000,0.00456,0.004969,0.004552,0.004868,0,0
ZIL.V,D,20200107,000000,0.004867,0.005011,0.004685,0.004744,0,0
ZIL.V,D,20200108,000000,0.004746,0.004947,0.004532,0.004599,0,0
ZIL.V,D,20200109,000000,0.004599,0.004852,0.004448,0.00453,0,0
ZIL.V,D,20200110,000000,0.00453,0.004713,0.004463,0.004692,0,0
ZIL.V,D,20200111,000000,0.004693,0.004753,0.00453,0.004603,0,0
ZIL.V,D,20200112,000000,0.004603,0.004829,0.004582,0.00473,0,0
ZIL.V,D,20200113,000000,0.004731,0.004821,0.004597,0.004711,0,0
ZIL.V,D,20200114,000000,0.00471,0.005116,0.004584,0.005064,0,0
ZIL.V,D,20200115,000000,0.005045,0.005284,0.004976,0.005234,0,0
ZIL.V,D,20200116,000000,0.005234,0.005236,0.004961,0.005141,0,0
ZIL.V,D,20200117,000000,0.005141,0.005541,0.005032,0.005355,0,0
ZIL.V,D,20200118,000000,0.005354,0.005555,0.005197,0.005365,0,0
ZIL.V,D,20200119,000000,0.005365,0.005414,0.004884,0.005095,0,0
ZIL.V,D,20200120,000000,0.005094,0.005194,0.004924,0.005022,0,0
ZIL.V,D,20200121,000000,0.005015,0.005203,0.004938,0.005142,0,0
ZIL.V,D,20200122,000000,0.005141,0.005238,0.005005,0.005102,0,0
ZIL.V,D,20200123,000000,0.005102,0.005207,0.00482,0.004874,0,0
ZIL.V,D,20200124,000000,0.004873,0.005039,0.004771,0.004904,0,0
ZIL.V,D,20200125,000000,0.004905,0.005041,0.004793,0.00501,0,0
ZIL.V,D,20200126,000000,0.005009,0.005162,0.004816,0.005053,0,0
ZIL.V,D,20200127,000000,0.005053,0.005213,0.004977,0.005071,0,0
ZIL.V,D,20200128,000000,0.00507,0.005275,0.004994,0.005211,0,0
ZIL.V,D,20200129,000000,0.005211,0.00567,0.005134,0.005506,0,0
ZIL.V,D,20200130,000000,0.005506,0.005639,0.005341,0.005637,0,0
ZIL.V,D,20200131,000000,0.005639,0.006061,0.00545,0.005953,0,0
ZIL.V,D,20200201,000000,0.005921,0.006118,0.005883,0.00604,0,0
ZIL.V,D,20200202,000000,0.006048,0.006433,0.005841,0.0062,0,0
ZIL.V,D,20200203,000000,0.006198,0.0066,0.006014,0.006213,0,0
ZIL.V,D,20200204,000000,0.006212,0.00685,0.006114,0.00675,0,0
ZIL.V,D,20200205,000000,0.00675,0.007069,0.00661,0.006878,0,0
ZIL.V,D,20200206,000000,0.006878,0.007516,0.006743,0.007267,0,0
ZIL.V,D,20200207,000000,0.007267,0.008214,0.007205,0.007932,0,0
ZIL.V,D,20200208,000000,0.007932,0.008344,0.007251,0.007535,0,0
ZIL.V,D,20200209,000000,0.007534,0.007984,0.007349,0.007787,0,0
ZIL.V,D,20200210,000000,0.007787,0.008218,0.007238,0.007576,0,0
ZIL.V,D,20200211,000000,0.007575,0.008298,0.007288,0.008184,0,0
ZIL.V,D,20200212,000000,0.008183,0.008673,0.008011,0.008283,0,0
ZIL.V,D,20200213,000000,0.008282,0.008683,0.007895,0.008172,0,0
ZIL.V,D,20200214,000000,0.008173,0.00918,0.007984,0.009017,0,0
ZIL.V,D,20200215,000000,0.009016,0.009837,0.007901,0.008238,0,0
ZIL.V,D,20200216,000000,0.008238,0.008652,0.007033,0.007601,0,0
ZIL.V,D,20200217,000000,0.007604,0.007893,0.006675,0.007324,0,0
ZIL.V,D,20200218,000000,0.007322,0.008114,0.007132,0.007942,0,0
ZIL.V,D,20200219,000000,0.007941,0.007979,0.006794,0.007074,0,0
ZIL.V,D,20200220,000000,0.007074,0.007521,0.006808,0.007318,0,0
ZIL.V,D,20200221,000000,0.007318,0.007833,0.007108,0.007258,0,0
ZIL.V,D,20200222,000000,0.007257,0.007561,0.006992,0.007459,0,0
ZIL.V,D,20200223,000000,0.007462,0.007839,0.00726,0.007742,0,0
ZIL.V,D,20200224,000000,0.007746,0.007913,0.006933,0.00714,0,0
ZIL.V,D,20200225,000000,0.00714,0.007326,0.006357,0.006572,0,0
ZIL.V,D,20200226,000000,0.006572,0.006666,0.005288,0.005719,0,0
ZIL.V,D,20200227,000000,0.005717,0.006356,0.005382,0.005988,0,0
ZIL.V,D,20200228,000000,0.005982,0.006236,0.005661,0.00607,0,0
ZIL.V,D,20200229,000000,0.006074,0.006186,0.005781,0.006064,0,0
ZIL.V,D,20200301,000000,0.006059,0.006317,0.005663,0.005911,0,0
ZIL.V,D,20200302,000000,0.005913,0.006423,0.0058,0.006259,0,0
ZIL.V,D,20200303,000000,0.006255,0.006424,0.005991,0.006067,0,0
ZIL.V,D,20200304,000000,0.006065,0.006283,0.005919,0.006136,0,0
ZIL.V,D,20200305,000000,0.006137,0.006412,0.006049,0.006267,0,0
ZIL.V,D,20200306,000000,0.006267,0.007302,0.006141,0.007027,0,0
ZIL.V,D,20200307,000000,0.007028,0.007776,0.006664,0.006978,0,0
ZIL.V,D,20200308,000000,0.006978,0.00706,0.005837,0.0059,0,0
ZIL.V,D,20200309,000000,0.005898,0.006116,0.005486,0.005762,0,0
ZIL.V,D,20200310,000000,0.005762,0.006251,0.005683,0.006139,0,0
ZIL.V,D,20200311,000000,0.006138,0.006139,0.005279,0.005748,0,0
ZIL.V,D,20200312,000000,0.005743,0.005828,0.003751,0.003949,0,0
ZIL.V,D,20200313,000000,0.003949,0.003973,0.002293,0.003567,0,0
ZIL.V,D,20200314,000000,0.003567,0.003818,0.003365,0.003546,0,0
ZIL.V,D,20200315,000000,0.003541,0.004049,0.003361,0.0037,0,0
ZIL.V,D,20200316,000000,0.003698,0.003759,0.002831,0.003263,0,0
ZIL.V,D,20200317,000000,0.003266,0.003822,0.003261,0.003607,0,0
ZIL.V,D,20200318,000000,0.003603,0.003609,0.00327,0.003487,0,0
ZIL.V,D,20200319,000000,0.003488,0.004249,0.003452,0.00416,0,0
ZIL.V,D,20200320,000000,0.00416,0.004482,0.003479,0.00384,0,0
ZIL.V,D,20200321,000000,0.003851,0.004123,0.00367,0.003923,0,0
ZIL.V,D,20200322,000000,0.003923,0.00417,0.003584,0.003615,0,0
ZIL.V,D,20200323,000000,0.003615,0.003917,0.003488,0.003871,0,0
ZIL.V,D,20200324,000000,0.003871,0.004037,0.003727,0.004004,0,0
ZIL.V,D,20200325,000000,0.004004,0.004047,0.003712,0.003887,0,0
ZIL.V,D,20200326,000000,0.00389,0.004028,0.003663,0.003901,0,0
ZIL.V,D,20200327,000000,0.0039,0.004026,0.003768,0.003877,0,0
ZIL.V,D,20200328,000000,0.003877,0.003884,0.003556,0.0038,0,0
ZIL.V,D,20200329,000000,0.0038,0.003835,0.003488,0.003549,0,0
ZIL.V,D,20200330,000000,0.003548,0.003925,0.003467,0.003863,0,0
ZIL.V,D,20200331,000000,0.003863,0.00391,0.003657,0.003811,0,0
ZIL.V,D,20200401,000000,0.003854,0.003868,0.003641,0.003699,0,0
ZIL.V,D,20200402,000000,0.003697,0.004201,0.003697,0.003969,0,0
ZIL.V,D,20200403,000000,0.003968,0.004115,0.003843,0.003976,0,0
ZIL.V,D,20200404,000000,0.003975,0.004126,0.003881,0.004059,0,0
ZIL.V,D,20200405,000000,0.00406,0.004418,0.003989,0.004265,0,0
ZIL.V,D,20200406,000000,0.004264,0.004948,0.004264,0.004745,0,0
ZIL.V,D,20200407,000000,0.004745,0.004842,0.004472,0.004526,0,0
ZIL.V,D,20200408,000000,0.004523,0.00475,0.004442,0.004621,0,0
ZIL.V,D,20200409,000000,0.004621,0.004751,0.004439,0.00461,0,0
ZIL.V,D,20200410,000000,0.004612,0.004729,0.004055,0.004213,0,0
ZIL.V,D,20200411,000000,0.004212,0.00431,0.003476,0.004194,0,0
ZIL.V,D,20200412,000000,0.004195,0.004479,0.003824,0.004421,0,0
ZIL.V,D,20200413,000000,0.004421,0.004433,0.004015,0.004175,0,0
ZIL.V,D,20200414,000000,0.004175,0.004261,0.004028,0.004185,0,0
ZIL.V,D,20200415,000000,0.004187,0.004229,0.00402,0.004181,0,0
ZIL.V,D,20200416,000000,0.004181,0.004348,0.003867,0.00432,0,0
ZIL.V,D,20200417,000000,0.004319,0.004394,0.004148,0.004161,0,0
ZIL.V,D,20200418,000000,0.004161,0.004438,0.004161,0.004339,0,0
ZIL.V,D,20200419,000000,0.004339,0.004495,0.00419,0.004251,0,0
ZIL.V,D,20200420,000000,0.004248,0.004404,0.004012,0.004117,0,0
ZIL.V,D,20200421,000000,0.004116,0.004218,0.004005,0.004211,0,0
ZIL.V,D,20200422,000000,0.004211,0.004351,0.004031,0.004191,0,0
ZIL.V,D,20200423,000000,0.004191,0.004492,0.004087,0.004485,0,0
ZIL.V,D,20200424,000000,0.004484,0.004832,0.004328,0.004735,0,0
ZIL.V,D,20200425,000000,0.004733,0.005063,0.00456,0.004745,0,0
ZIL.V,D,20200426,000000,0.004744,0.005298,0.004736,0.005038,0,0
ZIL.V,D,20200427,000000,0.005039,0.005336,0.004746,0.004953,0,0
ZIL.V,D,20200428,000000,0.004952,0.00512,0.004835,0.005031,0,0
ZIL.V,D,20200429,000000,0.00503,0.005476,0.004948,0.005321,0,0
ZIL.V,D,20200430,000000,0.00532,0.005777,0.005127,0.005522,0,0
ZIL.V,D,20200501,000000,0.005521,0.006207,0.005429,0.005929,0,0
ZIL.V,D,20200502,000000,0.005929,0.006316,0.005795,0.006166,0,0
ZIL.V,D,20200503,000000,0.006166,0.006388,0.005771,0.006026,0,0
ZIL.V,D,20200504,000000,0.006025,0.008,0.00589,0.0074,0,0
ZIL.V,D,20200505,000000,0.0074,0.008356,0.007,0.0083,0,0
ZIL.V,D,20200506,000000,0.0083,0.0088,0.0075,0.0078,0,0
ZIL.V,D,20200507,000000,0.0078,0.008197,0.0066,0.0071,0,0
ZIL.V,D,20200508,000000,0.0071,0.0077,0.0069,0.0073,0,0
ZIL.V,D,20200509,000000,0.0074,0.0075,0.00693,0.007206,0,0
ZIL.V,D,20200510,000000,0.007206,0.007347,0.006025,0.0068,0,0
ZIL.V,D,20200511,000000,0.0068,0.007425,0.006346,0.006948,0,0
ZIL.V,D,20200512,000000,0.006951,0.007702,0.006836,0.007439,0,0
ZIL.V,D,20200513,000000,0.007451,0.0115,0.007451,0.0091,0,0
ZIL.V,D,20200514,000000,0.0091,0.0107,0.0086,0.0107,0,0
ZIL.V,D,20200515,000000,0.0108,0.0116,0.0092,0.0105,0,0
ZIL.V,D,20200516,000000,0.0105,0.0116,0.0098,0.0111,0,0
ZIL.V,D,20200517,000000,0.0112,0.0113,0.0105,0.0108,0,0
ZIL.V,D,20200518,000000,0.0108,0.011,0.009698,0.0101,0,0
ZIL.V,D,20200519,000000,0.0101,0.0104,0.0094,0.0097,0,0
ZIL.V,D,20200520,000000,0.0097,0.0102,0.0095,0.009646,0,0
ZIL.V,D,20200521,000000,0.009645,0.01019,0.008497,0.009895,0,0
ZIL.V,D,20200522,000000,0.01009,0.0107,0.0093,0.0102,0,0
ZIL.V,D,20200523,000000,0.0102,0.0108,0.0096,0.01,0,0
ZIL.V,D,20200524,000000,0.01,0.0108,0.009401,0.0102,0,0
ZIL.V,D,20200525,000000,0.0102,0.0138,0.0099,0.0125,0,0
ZIL.V,D,20200526,000000,0.0125,0.0135,0.0119,0.0125,0,0
ZIL.V,D,20200527,000000,0.0125,0.0127,0.01171,0.0122,0,0
ZIL.V,D,20200528,000000,0.0122,0.0132,0.0121,0.0124,0,0
ZIL.V,D,20200529,000000,0.0124,0.0126,0.012,0.0123,0,0
ZIL.V,D,20200530,000000,0.0123,0.0146,0.0123,0.0134,0,0
ZIL.V,D,20200531,000000,0.0134,0.01541,0.0133,0.0153,0,0
ZIL.V,D,20200601,000000,0.0153,0.0178,0.0144,0.0162,0,0
ZIL.V,D,20200602,000000,0.0162,0.0197,0.0159,0.0186,0,0
ZIL.V,D,20200603,000000,0.0185,0.0187,0.0169,0.018,0,0
ZIL.V,D,20200604,000000,0.018,0.0182,0.0167,0.0167,0,0
ZIL.V,D,20200605,000000,0.0167,0.0182,0.0164,0.0177,0,0
ZIL.V,D,20200606,000000,0.0177,0.0222,0.0177,0.0222,0,0
ZIL.V,D,20200607,000000,0.0222,0.0231,0.0202,0.0221,0,0
ZIL.V,D,20200608,000000,0.0219,0.0227,0.0212,0.0217,0,0
ZIL.V,D,20200609,000000,0.0217,0.024,0.0209,0.0237,0,0
ZIL.V,D,20200610,000000,0.0237,0.0294,0.0234,0.0281,0,0
ZIL.V,D,20200611,000000,0.0281,0.0299,0.0238,0.0266,0,0
ZIL.V,D,20200612,000000,0.0266,0.0275,0.0247,0.0261,0,0
ZIL.V,D,20200613,000000,0.0261,0.0265,0.0217,0.0222,0,0
ZIL.V,D,20200614,000000,0.0222,0.0244,0.0216,0.0228,0,0
ZIL.V,D,20200615,000000,0.0228,0.0258,0.0207,0.0253,0,0
ZIL.V,D,20200616,000000,0.0253,0.0267,0.0243,0.0253,0,0
ZIL.V,D,20200617,000000,0.0251,0.0253,0.023,0.0236,0,0
ZIL.V,D,20200618,000000,0.0236,0.0236,0.02015,0.0206,0,0
ZIL.V,D,20200619,000000,0.0206,0.0221,0.0184,0.0193,0,0
ZIL.V,D,20200620,000000,0.0192,0.0195,0.0175,0.0188,0,0
ZIL.V,D,20200621,000000,0.0188,0.0213,0.0188,0.0205,0,0
ZIL.V,D,20200622,000000,0.0205,0.0206,0.0193,0.01985,0,0
ZIL.V,D,20200623,000000,0.0199,0.0204,0.0188,0.0193,0,0
ZIL.V,D,20200624,000000,0.0193,0.0205,0.0188,0.0192,0,0
ZIL.V,D,20200625,000000,0.0192,0.0198,0.0187,0.0192,0,0
ZIL.V,D,20200626,000000,0.0192,0.0192,0.0177,0.0182,0,0
ZIL.V,D,20200627,000000,0.0182,0.0182,0.01515,0.0161,0,0
ZIL.V,D,20200628,000000,0.0161,0.0186,0.0157,0.0178,0,0
ZIL.V,D,20200629,000000,0.0178,0.0188,0.017,0.0184,0,0
ZIL.V,D,20200630,000000,0.0184,0.0184,0.0175,0.0177,0,0
ZIL.V,D,20200701,000000,0.0177,0.0179,0.0169,0.0173,0,0
ZIL.V,D,20200702,000000,0.0173,0.018,0.0165,0.0175,0,0
ZIL.V,D,20200703,000000,0.01745,0.0175,0.0166,0.0173,0,0
ZIL.V,D,20200704,000000,0.0173,0.0196,0.0169,0.0185,0,0
ZIL.V,D,20200705,000000,0.0185,0.0194,0.018,0.0184,0,0
ZIL.V,D,20200706,000000,0.0184,0.0194,0.0183,0.0189,0,0
ZIL.V,D,20200707,000000,0.019,0.0208,0.0187,0.0201,0,0
ZIL.V,D,20200708,000000,0.0201,0.0215,0.0201,0.021,0,0
ZIL.V,D,20200709,000000,0.021,0.0212,0.0193,0.0196,0,0
ZIL.V,D,20200710,000000,0.0196,0.0201,0.0187,0.0196,0,0
ZIL.V,D,20200711,000000,0.0196,0.0205,0.0195,0.01975,0,0
ZIL.V,D,20200712,000000,0.0197,0.0201,0.0193,0.0196,0,0
ZIL.V,D,20200713,000000,0.0196,0.021,0.01895,0.0201,0,0
ZIL.V,D,20200714,000000,0.0201,0.0201,0.01925,0.0199,0,0
ZIL.V,D,20200715,000000,0.0199,0.0201,0.0191,0.0193,0,0
ZIL.V,D,20200716,000000,0.0193,0.0193,0.0172,0.018,0,0
ZIL.V,D,20200717,000000,0.018,0.0186,0.0177,0.0182,0,0
ZIL.V,D,20200718,000000,0.0182,0.01821,0.0177,0.0179,0,0
ZIL.V,D,20200719,000000,0.0179,0.0183,0.0175,0.0177,0,0
ZIL.V,D,20200720,000000,0.0177,0.018,0.0169,0.0173,0,0
ZIL.V,D,20200721,000000,0.0173,0.0183,0.0172,0.0178,0,0
ZIL.V,D,20200722,000000,0.0178,0.0181,0.0178,0.0181,0,0
