<TICKER>,<PER>,<DATE>,<TIME>,<OPEN>,<HIGH>,<LOW>,<CLOSE>,<VOL>,<OPENINT>
ZRX.V,D,20170811,000000,0.0695,0.4444,0.06687,0.06687,0,0
ZRX.V,D,20170812,000000,0.06687,0.183,0.06687,0.1625,0,0
ZRX.V,D,20170813,000000,0.1625,0.388,0.125,0.19,0,0
ZRX.V,D,20170814,000000,0.19,0.33,0.131,0.32,0,0
ZRX.V,D,20170815,000000,0.32,1.8,0.32,1,0,0
ZRX.V,D,20170816,000000,1,1,0.16,0.69,0,0
ZRX.V,D,20170817,000000,0.69,0.98,0.4101,0.5,0,0
ZRX.V,D,20170818,000000,0.5,0.74,0.2616,0.319,0,0
ZRX.V,D,20170819,000000,0.319,0.78,0.271,0.68,0,0
ZRX.V,D,20170820,000000,0.68,0.72,0.425,0.54,0,0
ZRX.V,D,20170821,000000,0.54,0.59,0.3612,0.4,0,0
ZRX.V,D,20170822,000000,0.4,0.4451,0.31,0.4035,0,0
ZRX.V,D,20170823,000000,0.4035,0.54,0.345,0.4164,0,0
ZRX.V,D,20170824,000000,0.4164,0.449,0.3142,0.3948,0,0
ZRX.V,D,20170825,000000,0.3948,0.4316,0.25,0.3555,0,0
ZRX.V,D,20170826,000000,0.3555,0.4,0.31,0.3512,0,0
ZRX.V,D,20170827,000000,0.3512,0.3673,0.3257,0.3592,0,0
ZRX.V,D,20170828,000000,0.3592,0.3676,0.2801,0.355,0,0
ZRX.V,D,20170829,000000,0.355,0.3878,0.29,0.378,0,0
ZRX.V,D,20170830,000000,0.378,0.391,0.326,0.3368,0,0
ZRX.V,D,20170831,000000,0.3368,0.39,0.2951,0.36,0,0
ZRX.V,D,20170901,000000,0.36,0.4702,0.333,0.3632,0,0
ZRX.V,D,20170902,000000,0.3632,0.4,0.3,0.3155,0,0
ZRX.V,D,20170903,000000,0.3049,0.3666,0.2,0.2736,0,0
ZRX.V,D,20170904,000000,0.2736,0.2981,0.2,0.2529,0,0
ZRX.V,D,20170905,000000,0.2626,0.2699,0.2001,0.2369,0,0
ZRX.V,D,20170906,000000,0.2442,0.284,0.2156,0.2621,0,0
ZRX.V,D,20170907,000000,0.2621,0.3362,0.2406,0.3041,0,0
ZRX.V,D,20170908,000000,0.3041,0.3479,0.2121,0.2598,0,0
ZRX.V,D,20170909,000000,0.2598,0.275,0.228,0.2483,0,0
ZRX.V,D,20170910,000000,0.2483,0.27,0.11,0.23,0,0
ZRX.V,D,20170911,000000,0.23,0.32,0.22,0.2672,0,0
ZRX.V,D,20170912,000000,0.2672,0.304,0.251,0.2534,0,0
ZRX.V,D,20170913,000000,0.2534,0.2832,0.201,0.2321,0,0
ZRX.V,D,20170914,000000,0.2321,0.2374,0.136,0.1699,0,0
ZRX.V,D,20170915,000000,0.1699,0.2231,0.131,0.1924,0,0
ZRX.V,D,20170916,000000,0.1924,0.2489,0.131,0.1969,0,0
ZRX.V,D,20170917,000000,0.1969,0.2121,0.1821,0.2013,0,0
ZRX.V,D,20170918,000000,0.2013,0.251,0.2007,0.2331,0,0
ZRX.V,D,20170919,000000,0.2423,0.2487,0.2019,0.2041,0,0
ZRX.V,D,20170920,000000,0.2041,0.2237,0.1939,0.2111,0,0
ZRX.V,D,20170921,000000,0.2111,0.2189,0.158,0.1793,0,0
ZRX.V,D,20170922,000000,0.1793,0.19,0.1588,0.1798,0,0
ZRX.V,D,20170923,000000,0.1798,0.2,0.1593,0.1877,0,0
ZRX.V,D,20170924,000000,0.1877,0.1991,0.1521,0.1614,0,0
ZRX.V,D,20170925,000000,0.1614,0.21,0.1567,0.205,0,0
ZRX.V,D,20170926,000000,0.205,0.215,0.17,0.1937,0,0
ZRX.V,D,20170927,000000,0.1937,0.26,0.1867,0.2354,0,0
ZRX.V,D,20170928,000000,0.2354,0.2467,0.1972,0.2113,0,0
ZRX.V,D,20170929,000000,0.2113,0.2232,0.1778,0.2122,0,0
ZRX.V,D,20170930,000000,0.2122,0.2339,0.2049,0.2152,0,0
ZRX.V,D,20171001,000000,0.2152,0.2257,0.1999,0.206,0,0
ZRX.V,D,20171002,000000,0.206,0.2249,0.1954,0.2022,0,0
ZRX.V,D,20171003,000000,0.2022,0.2053,0.163,0.1926,0,0
ZRX.V,D,20171004,000000,0.1926,0.2038,0.1666,0.1775,0,0
ZRX.V,D,20171005,000000,0.1775,0.2,0.1727,0.1971,0,0
ZRX.V,D,20171006,000000,0.1971,0.2151,0.1723,0.2042,0,0
ZRX.V,D,20171007,000000,0.2042,0.2115,0.1809,0.1881,0,0
ZRX.V,D,20171008,000000,0.1881,0.21,0.17,0.1924,0,0
ZRX.V,D,20171009,000000,0.1924,0.1999,0.1745,0.1842,0,0
ZRX.V,D,20171010,000000,0.1842,0.2115,0.1718,0.2043,0,0
ZRX.V,D,20171011,000000,0.2043,0.22,0.1878,0.203,0,0
ZRX.V,D,20171012,000000,0.203,0.2115,0.185,0.1864,0,0
ZRX.V,D,20171013,000000,0.1864,0.2092,0.1766,0.1911,0,0
ZRX.V,D,20171014,000000,0.1911,0.2082,0.173,0.1883,0,0
ZRX.V,D,20171015,000000,0.1883,0.2092,0.1862,0.1949,0,0
ZRX.V,D,20171016,000000,0.1949,0.208,0.173,0.1929,0,0
ZRX.V,D,20171017,000000,0.1896,0.221,0.181,0.2114,0,0
ZRX.V,D,20171018,000000,0.2114,0.2288,0.18,0.2257,0,0
ZRX.V,D,20171019,000000,0.2257,0.2296,0.205,0.2155,0,0
ZRX.V,D,20171020,000000,0.2155,0.23,0.2085,0.2172,0,0
ZRX.V,D,20171021,000000,0.2191,0.2221,0.1943,0.2068,0,0
ZRX.V,D,20171022,000000,0.2131,0.2151,0.1971,0.2092,0,0
ZRX.V,D,20171023,000000,0.2092,0.213,0.18,0.1968,0,0
ZRX.V,D,20171024,000000,0.1968,0.2151,0.1801,0.2106,0,0
ZRX.V,D,20171025,000000,0.2106,0.2151,0.1747,0.1917,0,0
ZRX.V,D,20171026,000000,0.1917,0.2131,0.1718,0.1932,0,0
ZRX.V,D,20171027,000000,0.2006,0.2027,0.1834,0.1927,0,0
ZRX.V,D,20171028,000000,0.1959,0.197,0.1841,0.1894,0,0
ZRX.V,D,20171029,000000,0.1894,0.203,0.1842,0.1925,0,0
ZRX.V,D,20171030,000000,0.1925,0.199,0.1807,0.1904,0,0
ZRX.V,D,20171031,000000,0.1904,0.1908,0.1702,0.1734,0,0
ZRX.V,D,20171101,000000,0.1734,0.2055,0.1676,0.1762,0,0
ZRX.V,D,20171102,000000,0.1681,0.1823,0.1555,0.1665,0,0
ZRX.V,D,20171103,000000,0.1665,0.1826,0.1653,0.1787,0,0
ZRX.V,D,20171104,000000,0.1724,0.1915,0.1706,0.1875,0,0
ZRX.V,D,20171105,000000,0.1875,0.1915,0.1733,0.1745,0,0
ZRX.V,D,20171106,000000,0.1735,0.1863,0.1719,0.1769,0,0
ZRX.V,D,20171107,000000,0.1769,0.2045,0.1769,0.2003,0,0
ZRX.V,D,20171108,000000,0.2003,0.2301,0.1951,0.2166,0,0
ZRX.V,D,20171109,000000,0.2166,0.2455,0.215,0.2341,0,0
ZRX.V,D,20171110,000000,0.2364,0.2392,0.18,0.192,0,0
ZRX.V,D,20171111,000000,0.192,0.235,0.1819,0.1931,0,0
ZRX.V,D,20171112,000000,0.1931,0.1981,0.1705,0.1942,0,0
ZRX.V,D,20171113,000000,0.1886,0.2075,0.1796,0.1941,0,0
ZRX.V,D,20171114,000000,0.1941,0.201,0.1874,0.1994,0,0
ZRX.V,D,20171115,000000,0.1994,0.2162,0.1899,0.1988,0,0
ZRX.V,D,20171116,000000,0.1988,0.2011,0.1812,0.1901,0,0
ZRX.V,D,20171117,000000,0.1901,0.1927,0.1819,0.1845,0,0
ZRX.V,D,20171118,000000,0.1868,0.21,0.1832,0.2024,0,0
ZRX.V,D,20171119,000000,0.2024,0.2099,0.1931,0.2005,0,0
ZRX.V,D,20171120,000000,0.2005,0.2092,0.1929,0.199,0,0
ZRX.V,D,20171121,000000,0.199,0.2045,0.1917,0.193,0,0
ZRX.V,D,20171122,000000,0.194,0.2327,0.1928,0.2302,0,0
ZRX.V,D,20171123,000000,0.2302,0.2329,0.2138,0.2201,0,0
ZRX.V,D,20171124,000000,0.2195,0.2356,0.21,0.2352,0,0
ZRX.V,D,20171125,000000,0.2352,0.242,0.2194,0.2349,0,0
ZRX.V,D,20171126,000000,0.2349,0.24,0.2149,0.2282,0,0
ZRX.V,D,20171127,000000,0.2282,0.242,0.2063,0.2316,0,0
ZRX.V,D,20171128,000000,0.2301,0.235,0.2243,0.2273,0,0
ZRX.V,D,20171129,000000,0.2265,0.2318,0.1765,0.1911,0,0
ZRX.V,D,20171130,000000,0.1911,0.2134,0.173,0.1875,0,0
ZRX.V,D,20171201,000000,0.1875,0.21,0.1739,0.203,0,0
ZRX.V,D,20171202,000000,0.203,0.228,0.19,0.214,0,0
ZRX.V,D,20171203,000000,0.214,0.22,0.1953,0.2091,0,0
ZRX.V,D,20171204,000000,0.2091,0.2277,0.2025,0.2272,0,0
ZRX.V,D,20171205,000000,0.2272,0.2275,0.2,0.2157,0,0
ZRX.V,D,20171206,000000,0.2157,0.3255,0.2123,0.2483,0,0
ZRX.V,D,20171207,000000,0.2565,0.299,0.2342,0.2642,0,0
ZRX.V,D,20171208,000000,0.2642,0.2644,0.2051,0.2506,0,0
ZRX.V,D,20171209,000000,0.2529,0.2651,0.22,0.2372,0,0
ZRX.V,D,20171210,000000,0.2372,0.2433,0.201,0.219,0,0
ZRX.V,D,20171211,000000,0.2152,0.2489,0.2152,0.234,0,0
ZRX.V,D,20171212,000000,0.234,0.263,0.2151,0.2464,0,0
ZRX.V,D,20171213,000000,0.2464,0.34,0.2379,0.3335,0,0
ZRX.V,D,20171214,000000,0.3335,0.41,0.3254,0.374,0,0
ZRX.V,D,20171215,000000,0.374,0.3784,0.3055,0.3541,0,0
ZRX.V,D,20171216,000000,0.3519,0.3906,0.3421,0.3753,0,0
ZRX.V,D,20171217,000000,0.375,0.478,0.3651,0.4373,0,0
ZRX.V,D,20171218,000000,0.4505,0.5442,0.4139,0.5291,0,0
ZRX.V,D,20171219,000000,0.5291,0.5931,0.4747,0.5519,0,0
ZRX.V,D,20171220,000000,0.5641,0.5665,0.4414,0.5572,0,0
ZRX.V,D,20171221,000000,0.5558,0.6495,0.4989,0.576,0,0
ZRX.V,D,20171222,000000,0.576,0.5903,0.3628,0.5013,0,0
ZRX.V,D,20171223,000000,0.4924,0.7372,0.4647,0.6224,0,0
ZRX.V,D,20171224,000000,0.6249,0.6481,0.4969,0.6167,0,0
ZRX.V,D,20171225,000000,0.6167,0.7071,0.595,0.6949,0,0
ZRX.V,D,20171226,000000,0.6949,0.7199,0.5501,0.6335,0,0
ZRX.V,D,20171227,000000,0.6335,0.7139,0.5946,0.6569,0,0
ZRX.V,D,20171228,000000,0.6569,0.7053,0.5672,0.6455,0,0
ZRX.V,D,20171229,000000,0.6455,0.7,0.6017,0.6732,0,0
ZRX.V,D,20171230,000000,0.6732,0.6842,0.5732,0.6649,0,0
ZRX.V,D,20171231,000000,0.6649,0.9417,0.6556,0.8948,0,0
ZRX.V,D,20180101,000000,0.8948,1.01,0.8349,0.8679,0,0
ZRX.V,D,20180102,000000,0.8675,0.9884,0.7872,0.8939,0,0
ZRX.V,D,20180103,000000,0.8939,1.07,0.8103,0.9843,0,0
ZRX.V,D,20180104,000000,0.9834,1.12,0.9375,1.01,0,0
ZRX.V,D,20180105,000000,1.02,1.28,0.9998,1.16,0,0
ZRX.V,D,20180106,000000,1.16,1.49,1.07,1.38,0,0
ZRX.V,D,20180107,000000,1.39,1.55,1.34,1.37,0,0
ZRX.V,D,20180108,000000,1.37,2.19,1.13,1.89,0,0
ZRX.V,D,20180109,000000,1.86,2.57,1.81,2.18,0,0
ZRX.V,D,20180110,000000,2.19,2.38,1.68,2.12,0,0
ZRX.V,D,20180111,000000,2.15,2.17,1.62,1.84,0,0
ZRX.V,D,20180112,000000,1.84,2.21,1.79,2.2,0,0
ZRX.V,D,20180113,000000,2.19,2.48,2.17,2.33,0,0
ZRX.V,D,20180114,000000,2.33,2.38,1.86,1.97,0,0
ZRX.V,D,20180115,000000,1.96,2.17,1.6,1.73,0,0
ZRX.V,D,20180116,000000,1.73,1.74,1.07,1.53,0,0
ZRX.V,D,20180117,000000,1.52,1.69,1.1,1.52,0,0
ZRX.V,D,20180118,000000,1.52,1.75,1.44,1.6,0,0
ZRX.V,D,20180119,000000,1.6,1.9,1.53,1.81,0,0
ZRX.V,D,20180120,000000,1.8,2.09,1.8,2.03,0,0
ZRX.V,D,20180121,000000,2.03,2.04,1.54,1.72,0,0
ZRX.V,D,20180122,000000,1.72,1.81,1.53,1.66,0,0
ZRX.V,D,20180123,000000,1.66,1.74,1.48,1.6,0,0
ZRX.V,D,20180124,000000,1.6,1.68,1.53,1.67,0,0
ZRX.V,D,20180125,000000,1.69,1.76,1.56,1.63,0,0
ZRX.V,D,20180126,000000,1.62,1.99,1.5,1.99,0,0
ZRX.V,D,20180127,000000,1.99,2.15,1.92,2.09,0,0
ZRX.V,D,20180128,000000,2.06,2.15,1.97,2.03,0,0
ZRX.V,D,20180129,000000,2.03,2.03,1.82,1.85,0,0
ZRX.V,D,20180130,000000,1.85,1.89,1.51,1.68,0,0
ZRX.V,D,20180131,000000,1.68,1.84,1.49,1.8,0,0
ZRX.V,D,20180201,000000,1.8,1.91,1.46,1.61,0,0
ZRX.V,D,20180202,000000,1.59,1.65,1.09,1.28,0,0
ZRX.V,D,20180203,000000,1.28,1.49,1.17,1.39,0,0
ZRX.V,D,20180204,000000,1.4,1.41,1.07,1.18,0,0
ZRX.V,D,20180205,000000,1.19,1.2,0.7392,0.8208,0,0
ZRX.V,D,20180206,000000,0.8208,1.36,0.6511,0.9781,0,0
ZRX.V,D,20180207,000000,0.9782,1.16,0.8964,1.05,0,0
ZRX.V,D,20180208,000000,1.05,1.14,0.967,1.07,0,0
ZRX.V,D,20180209,000000,1.07,1.17,0.984,1.13,0,0
ZRX.V,D,20180210,000000,1.13,1.19,0.9781,1.09,0,0
ZRX.V,D,20180211,000000,1.09,1.1,0.935,1.02,0,0
ZRX.V,D,20180212,000000,1.03,1.09,0.9776,1.03,0,0
ZRX.V,D,20180213,000000,1.03,1.05,0.9441,0.9844,0,0
ZRX.V,D,20180214,000000,0.9841,1.19,0.957,1.07,0,0
ZRX.V,D,20180215,000000,1.07,1.09,1,1.03,0,0
ZRX.V,D,20180216,000000,1.03,1.4,1.03,1.29,0,0
ZRX.V,D,20180217,000000,1.29,1.32,1.22,1.29,0,0
ZRX.V,D,20180218,000000,1.29,1.3,1.13,1.17,0,0
ZRX.V,D,20180219,000000,1.17,1.23,1.15,1.18,0,0
ZRX.V,D,20180220,000000,1.18,1.21,1.03,1.04,0,0
ZRX.V,D,20180221,000000,1.04,1.07,0.907,0.9459,0,0
ZRX.V,D,20180222,000000,0.9473,1.01,0.858,0.9082,0,0
ZRX.V,D,20180223,000000,0.909,0.9858,0.8654,0.9772,0,0
ZRX.V,D,20180224,000000,0.9772,1.06,0.8855,0.9056,0,0
ZRX.V,D,20180225,000000,0.9067,1.01,0.906,0.9891,0,0
ZRX.V,D,20180226,000000,0.9892,1.09,0.9475,1.03,0,0
ZRX.V,D,20180227,000000,1.03,1.15,0.9916,0.9979,0,0
ZRX.V,D,20180228,000000,0.9985,1.01,0.9328,0.9347,0,0
ZRX.V,D,20180301,000000,0.9347,0.9785,0.8794,0.9594,0,0
ZRX.V,D,20180302,000000,0.9594,1.01,0.9322,0.9499,0,0
ZRX.V,D,20180303,000000,0.9493,0.9805,0.9108,0.9203,0,0
ZRX.V,D,20180304,000000,0.9203,0.9398,0.891,0.9216,0,0
ZRX.V,D,20180305,000000,0.9217,0.9462,0.8917,0.9002,0,0
ZRX.V,D,20180306,000000,0.9002,0.9063,0.7742,0.796,0,0
ZRX.V,D,20180307,000000,0.7972,0.8092,0.673,0.7066,0,0
ZRX.V,D,20180308,000000,0.7061,0.7454,0.6423,0.6424,0,0
ZRX.V,D,20180309,000000,0.6422,0.667,0.5687,0.6323,0,0
ZRX.V,D,20180310,000000,0.6323,0.7387,0.6285,0.6519,0,0
ZRX.V,D,20180311,000000,0.6519,0.7084,0.6078,0.6855,0,0
ZRX.V,D,20180312,000000,0.6855,0.713,0.6173,0.6267,0,0
ZRX.V,D,20180313,000000,0.6273,0.6661,0.5827,0.5997,0,0
ZRX.V,D,20180314,000000,0.5967,0.6256,0.5169,0.5302,0,0
ZRX.V,D,20180315,000000,0.5302,0.5497,0.4639,0.4953,0,0
ZRX.V,D,20180316,000000,0.4953,0.5436,0.4736,0.5329,0,0
ZRX.V,D,20180317,000000,0.5329,0.5392,0.4492,0.4704,0,0
ZRX.V,D,20180318,000000,0.4672,0.4714,0.357,0.4332,0,0
ZRX.V,D,20180319,000000,0.4333,0.4714,0.4275,0.4652,0,0
ZRX.V,D,20180320,000000,0.4661,0.5644,0.4602,0.5523,0,0
ZRX.V,D,20180321,000000,0.5523,0.6219,0.536,0.5969,0,0
ZRX.V,D,20180322,000000,0.5964,0.6376,0.5555,0.5716,0,0
ZRX.V,D,20180323,000000,0.5716,0.5949,0.5135,0.5616,0,0
ZRX.V,D,20180324,000000,0.5615,0.6241,0.5543,0.6062,0,0
ZRX.V,D,20180325,000000,0.6062,0.6235,0.5645,0.619,0,0
ZRX.V,D,20180326,000000,0.6196,0.7477,0.5057,0.6495,0,0
ZRX.V,D,20180327,000000,0.6492,0.7453,0.5706,0.6743,0,0
ZRX.V,D,20180328,000000,0.6743,0.6789,0.5991,0.6247,0,0
ZRX.V,D,20180329,000000,0.6247,0.6614,0.5094,0.5167,0,0
ZRX.V,D,20180330,000000,0.5161,0.561,0.4787,0.5243,0,0
ZRX.V,D,20180331,000000,0.524,0.5741,0.5107,0.5444,0,0
ZRX.V,D,20180401,000000,0.5444,0.5849,0.4781,0.5248,0,0
ZRX.V,D,20180402,000000,0.5248,0.5561,0.5013,0.5442,0,0
ZRX.V,D,20180403,000000,0.5442,0.6386,0.5272,0.6098,0,0
ZRX.V,D,20180404,000000,0.6086,0.6258,0.5134,0.5347,0,0
ZRX.V,D,20180405,000000,0.5344,0.6977,0.5034,0.5404,0,0
ZRX.V,D,20180406,000000,0.5405,0.5699,0.5066,0.5251,0,0
ZRX.V,D,20180407,000000,0.5251,0.5761,0.5206,0.5616,0,0
ZRX.V,D,20180408,000000,0.5616,0.5977,0.5421,0.5729,0,0
ZRX.V,D,20180409,000000,0.5729,0.617,0.532,0.5589,0,0
ZRX.V,D,20180410,000000,0.5589,0.5804,0.5392,0.5777,0,0
ZRX.V,D,20180411,000000,0.5784,0.6423,0.5607,0.6096,0,0
ZRX.V,D,20180412,000000,0.6096,0.6651,0.5825,0.6607,0,0
ZRX.V,D,20180413,000000,0.6607,0.7379,0.6505,0.684,0,0
ZRX.V,D,20180414,000000,0.684,0.7571,0.6714,0.7456,0,0
ZRX.V,D,20180415,000000,0.7456,0.7958,0.7404,0.7871,0,0
ZRX.V,D,20180416,000000,0.7871,0.8167,0.7238,0.7422,0,0
ZRX.V,D,20180417,000000,0.7422,0.8894,0.7393,0.8525,0,0
ZRX.V,D,20180418,000000,0.8525,0.9323,0.8289,0.9252,0,0
ZRX.V,D,20180419,000000,0.9252,0.9416,0.8917,0.9177,0,0
ZRX.V,D,20180420,000000,0.9177,0.9607,0.9078,0.9605,0,0
ZRX.V,D,20180421,000000,0.9605,0.9994,0.8495,0.9291,0,0
ZRX.V,D,20180422,000000,0.9291,1.05,0.9108,1.02,0,0
ZRX.V,D,20180423,000000,1.02,1.06,0.9701,0.9989,0,0
ZRX.V,D,20180424,000000,0.9989,1.17,0.9989,1.17,0,0
ZRX.V,D,20180425,000000,1.16,1.19,0.923,1.09,0,0
ZRX.V,D,20180426,000000,1.09,1.15,0.9912,1.12,0,0
ZRX.V,D,20180427,000000,1.12,1.17,1.06,1.07,0,0
ZRX.V,D,20180428,000000,1.07,1.2,1.06,1.19,0,0
ZRX.V,D,20180429,000000,1.19,1.29,1.16,1.28,0,0
ZRX.V,D,20180430,000000,1.28,1.33,1.17,1.19,0,0
ZRX.V,D,20180501,000000,1.19,1.2,1.07,1.2,0,0
ZRX.V,D,20180502,000000,1.2,1.34,1.18,1.33,0,0
ZRX.V,D,20180503,000000,1.33,1.52,1.31,1.46,0,0
ZRX.V,D,20180504,000000,1.46,1.73,1.44,1.73,0,0
ZRX.V,D,20180505,000000,1.73,1.75,1.55,1.65,0,0
ZRX.V,D,20180506,000000,1.65,1.69,1.42,1.57,0,0
ZRX.V,D,20180507,000000,1.57,1.77,1.47,1.76,0,0
ZRX.V,D,20180508,000000,1.76,1.85,1.6,1.69,0,0
ZRX.V,D,20180509,000000,1.69,1.81,1.55,1.78,0,0
ZRX.V,D,20180510,000000,1.79,2.04,1.72,1.92,0,0
ZRX.V,D,20180511,000000,1.92,1.96,1.52,1.67,0,0
ZRX.V,D,20180512,000000,1.66,1.75,1.54,1.62,0,0
ZRX.V,D,20180513,000000,1.62,1.78,1.57,1.75,0,0
ZRX.V,D,20180514,000000,1.75,1.79,1.56,1.56,0,0
ZRX.V,D,20180515,000000,1.56,1.6,1.47,1.5,0,0
ZRX.V,D,20180516,000000,1.5,1.5,1.3,1.36,0,0
ZRX.V,D,20180517,000000,1.36,1.47,1.28,1.28,0,0
ZRX.V,D,20180518,000000,1.28,1.34,1.2,1.31,0,0
ZRX.V,D,20180519,000000,1.31,1.51,1.27,1.39,0,0
ZRX.V,D,20180520,000000,1.39,1.47,1.38,1.44,0,0
ZRX.V,D,20180521,000000,1.44,1.47,1.31,1.34,0,0
ZRX.V,D,20180522,000000,1.34,1.35,1.18,1.19,0,0
ZRX.V,D,20180523,000000,1.19,1.59,1.02,1.35,0,0
ZRX.V,D,20180524,000000,1.35,1.47,1.16,1.33,0,0
ZRX.V,D,20180525,000000,1.33,1.43,1.26,1.28,0,0
ZRX.V,D,20180526,000000,1.29,1.31,1.24,1.26,0,0
ZRX.V,D,20180527,000000,1.26,1.26,1.14,1.15,0,0
ZRX.V,D,20180528,000000,1.15,1.24,1.05,1.05,0,0
ZRX.V,D,20180529,000000,1.05,1.31,1.02,1.3,0,0
ZRX.V,D,20180530,000000,1.3,1.45,1.19,1.21,0,0
ZRX.V,D,20180531,000000,1.21,1.35,1.21,1.3,0,0
ZRX.V,D,20180601,000000,1.3,1.31,1.24,1.24,0,0
ZRX.V,D,20180602,000000,1.24,1.32,1.23,1.29,0,0
ZRX.V,D,20180603,000000,1.29,1.38,1.28,1.36,0,0
ZRX.V,D,20180604,000000,1.36,1.38,1.22,1.27,0,0
ZRX.V,D,20180605,000000,1.27,1.3,1.2,1.27,0,0
ZRX.V,D,20180606,000000,1.27,1.33,1.26,1.3,0,0
ZRX.V,D,20180607,000000,1.3,1.36,1.3,1.31,0,0
ZRX.V,D,20180608,000000,1.31,1.32,1.25,1.29,0,0
ZRX.V,D,20180609,000000,1.29,1.3,1.26,1.26,0,0
ZRX.V,D,20180610,000000,1.26,1.27,1.03,1.05,0,0
ZRX.V,D,20180611,000000,1.05,1.08,1,1.02,0,0
ZRX.V,D,20180612,000000,1.02,1.07,0.8815,0.9008,0,0
ZRX.V,D,20180613,000000,0.9008,0.92,0.786,0.8072,0,0
ZRX.V,D,20180614,000000,0.8072,0.989,0.8072,0.9451,0,0
ZRX.V,D,20180615,000000,0.9451,0.9611,0.905,0.909,0,0
ZRX.V,D,20180616,000000,0.909,0.909,0.8347,0.8789,0,0
ZRX.V,D,20180617,000000,0.8789,0.8959,0.848,0.848,0,0
ZRX.V,D,20180618,000000,0.848,0.8948,0.8055,0.882,0,0
ZRX.V,D,20180619,000000,0.882,0.915,0.8418,0.866,0,0
ZRX.V,D,20180620,000000,0.866,0.8991,0.835,0.8683,0,0
ZRX.V,D,20180621,000000,0.8683,0.8955,0.8462,0.859,0,0
ZRX.V,D,20180622,000000,0.859,0.859,0.6864,0.6938,0,0
ZRX.V,D,20180623,000000,0.6938,0.7584,0.6902,0.728,0,0
ZRX.V,D,20180624,000000,0.728,0.7305,0.5983,0.6854,0,0
ZRX.V,D,20180625,000000,0.6854,0.7155,0.657,0.7067,0,0
ZRX.V,D,20180626,000000,0.7067,0.7105,0.6436,0.655,0,0
ZRX.V,D,20180627,000000,0.655,0.655,0.6046,0.6375,0,0
ZRX.V,D,20180628,000000,0.6375,0.6637,0.6107,0.6107,0,0
ZRX.V,D,20180629,000000,0.6107,0.6221,0.5796,0.5919,0,0
ZRX.V,D,20180630,000000,0.5919,0.8189,0.5919,0.75,0,0
ZRX.V,D,20180701,000000,0.75,0.8158,0.7378,0.8158,0,0
ZRX.V,D,20180702,000000,0.825,1.01,0.7871,0.9666,0,0
ZRX.V,D,20180703,000000,0.9666,0.9778,0.8835,0.9199,0,0
ZRX.V,D,20180704,000000,0.9199,0.999,0.8575,0.9628,0,0
ZRX.V,D,20180705,000000,0.9628,1.05,0.9121,0.98,0,0
ZRX.V,D,20180706,000000,0.98,1.02,0.9326,0.9886,0,0
ZRX.V,D,20180707,000000,0.9886,1.02,0.92,0.9248,0,0
ZRX.V,D,20180708,000000,0.9248,1.05,0.9242,0.9703,0,0
ZRX.V,D,20180709,000000,0.9709,0.9861,0.9291,0.9357,0,0
ZRX.V,D,20180710,000000,0.9357,0.9508,0.8129,0.8468,0,0
ZRX.V,D,20180711,000000,0.8468,0.8616,0.7787,0.8291,0,0
ZRX.V,D,20180712,000000,0.8291,0.8407,0.7562,0.7669,0,0
ZRX.V,D,20180713,000000,0.7669,1.03,0.75,0.9706,0,0
ZRX.V,D,20180714,000000,0.9759,1.03,0.92,1,0,0
ZRX.V,D,20180715,000000,1,1.19,0.9705,1.12,0,0
ZRX.V,D,20180716,000000,1.12,1.2,1.08,1.13,0,0
ZRX.V,D,20180717,000000,1.13,1.31,1.09,1.28,0,0
ZRX.V,D,20180718,000000,1.28,1.33,1.17,1.2,0,0
ZRX.V,D,20180719,000000,1.2,1.28,1.16,1.23,0,0
ZRX.V,D,20180720,000000,1.23,1.25,1.06,1.08,0,0
ZRX.V,D,20180721,000000,1.08,1.22,1.03,1.13,0,0
ZRX.V,D,20180722,000000,1.13,1.21,1.13,1.15,0,0
ZRX.V,D,20180723,000000,1.15,1.21,1.11,1.12,0,0
ZRX.V,D,20180724,000000,1.12,1.17,1.05,1.12,0,0
ZRX.V,D,20180725,000000,1.12,1.19,1.11,1.17,0,0
ZRX.V,D,20180726,000000,1.17,1.2,1.07,1.08,0,0
ZRX.V,D,20180727,000000,1.08,1.17,1.04,1.17,0,0
ZRX.V,D,20180728,000000,1.17,1.26,1.13,1.22,0,0
ZRX.V,D,20180729,000000,1.22,1.25,1.18,1.19,0,0
ZRX.V,D,20180730,000000,1.19,1.22,1.07,1.14,0,0
ZRX.V,D,20180731,000000,1.14,1.17,1.03,1.05,0,0
ZRX.V,D,20180801,000000,1.05,1.12,1.02,1.02,0,0
ZRX.V,D,20180802,000000,1.02,1.07,0.9591,0.9668,0,0
ZRX.V,D,20180803,000000,0.9668,1.02,0.8788,0.9694,0,0
ZRX.V,D,20180804,000000,0.9679,0.9948,0.9,0.9323,0,0
ZRX.V,D,20180805,000000,0.9323,0.9721,0.9099,0.961,0,0
ZRX.V,D,20180806,000000,0.9616,1.02,0.9359,0.9454,0,0
ZRX.V,D,20180807,000000,0.9454,1.03,0.9192,0.923,0,0
ZRX.V,D,20180808,000000,0.9235,0.9892,0.79,0.8262,0,0
ZRX.V,D,20180809,000000,0.8262,0.9345,0.8262,0.9257,0,0
ZRX.V,D,20180810,000000,0.9262,0.9448,0.8224,0.8555,0,0
ZRX.V,D,20180811,000000,0.8555,0.9,0.8165,0.8681,0,0
ZRX.V,D,20180812,000000,0.8681,0.8905,0.842,0.8612,0,0
ZRX.V,D,20180813,000000,0.8612,0.899,0.765,0.7656,0,0
ZRX.V,D,20180814,000000,0.7656,0.7769,0.621,0.6411,0,0
ZRX.V,D,20180815,000000,0.6411,0.781,0.6373,0.7374,0,0
ZRX.V,D,20180816,000000,0.7374,0.7414,0.669,0.7089,0,0
ZRX.V,D,20180817,000000,0.7089,0.85,0.7088,0.8022,0,0
ZRX.V,D,20180818,000000,0.8022,0.8493,0.7138,0.732,0,0
ZRX.V,D,20180819,000000,0.732,0.793,0.7272,0.771,0,0
ZRX.V,D,20180820,000000,0.771,0.7724,0.7197,0.7367,0,0
ZRX.V,D,20180821,000000,0.7367,0.7367,0.675,0.6968,0,0
ZRX.V,D,20180822,000000,0.6968,0.7538,0.6387,0.6535,0,0
ZRX.V,D,20180823,000000,0.6533,0.71,0.6417,0.7085,0,0
ZRX.V,D,20180824,000000,0.7085,0.7274,0.7026,0.7233,0,0
ZRX.V,D,20180825,000000,0.7233,0.7352,0.705,0.716,0,0
ZRX.V,D,20180826,000000,0.716,0.727,0.6787,0.7196,0,0
ZRX.V,D,20180827,000000,0.7196,0.7931,0.7067,0.7708,0,0
ZRX.V,D,20180828,000000,0.7708,0.847,0.7708,0.8156,0,0
ZRX.V,D,20180829,000000,0.8156,0.8399,0.7729,0.8017,0,0
ZRX.V,D,20180830,000000,0.8017,0.8045,0.7178,0.7755,0,0
ZRX.V,D,20180831,000000,0.7755,0.801,0.7444,0.7571,0,0
ZRX.V,D,20180901,000000,0.7571,0.8349,0.7571,0.8071,0,0
ZRX.V,D,20180902,000000,0.8071,0.8325,0.779,0.79,0,0
ZRX.V,D,20180903,000000,0.79,0.8054,0.77,0.8024,0,0
ZRX.V,D,20180904,000000,0.8024,0.8263,0.7833,0.7959,0,0
ZRX.V,D,20180905,000000,0.7959,0.8052,0.6548,0.669,0,0
ZRX.V,D,20180906,000000,0.669,0.67,0.5837,0.6523,0,0
ZRX.V,D,20180907,000000,0.6523,0.6856,0.615,0.6308,0,0
ZRX.V,D,20180908,000000,0.6308,0.6492,0.5649,0.5761,0,0
ZRX.V,D,20180909,000000,0.5761,0.6036,0.5571,0.588,0,0
ZRX.V,D,20180910,000000,0.588,0.588,0.5436,0.5585,0,0
ZRX.V,D,20180911,000000,0.5585,0.5615,0.4997,0.5132,0,0
ZRX.V,D,20180912,000000,0.5,0.52,0.4545,0.505,0,0
ZRX.V,D,20180913,000000,0.505,0.558,0.5027,0.5305,0,0
ZRX.V,D,20180914,000000,0.5305,0.5972,0.52,0.5701,0,0
ZRX.V,D,20180915,000000,0.5701,0.5978,0.5561,0.58,0,0
ZRX.V,D,20180916,000000,0.5793,0.5887,0.5531,0.5639,0,0
ZRX.V,D,20180917,000000,0.5639,0.5729,0.504,0.509,0,0
ZRX.V,D,20180918,000000,0.509,0.54,0.5037,0.522,0,0
ZRX.V,D,20180919,000000,0.522,0.5341,0.4999,0.5283,0,0
ZRX.V,D,20180920,000000,0.5283,0.562,0.5194,0.5432,0,0
ZRX.V,D,20180921,000000,0.5432,0.6697,0.5432,0.6259,0,0
ZRX.V,D,20180922,000000,0.6259,0.6489,0.5908,0.6146,0,0
ZRX.V,D,20180923,000000,0.6146,0.6468,0.601,0.6468,0,0
ZRX.V,D,20180924,000000,0.6468,0.7374,0.6123,0.6798,0,0
ZRX.V,D,20180925,000000,0.6798,0.6867,0.5963,0.659,0,0
ZRX.V,D,20180926,000000,0.659,0.6841,0.624,0.6481,0,0
ZRX.V,D,20180927,000000,0.6481,0.7086,0.6371,0.6943,0,0
ZRX.V,D,20180928,000000,0.6943,0.7004,0.641,0.6531,0,0
ZRX.V,D,20180929,000000,0.6531,0.6662,0.6227,0.644,0,0
ZRX.V,D,20180930,000000,0.644,0.656,0.6287,0.6411,0,0
ZRX.V,D,20181001,000000,0.6411,0.653,0.6293,0.6412,0,0
ZRX.V,D,20181002,000000,0.6412,0.6471,0.6247,0.63,0,0
ZRX.V,D,20181003,000000,0.63,0.6371,0.601,0.6102,0,0
ZRX.V,D,20181004,000000,0.6037,0.6519,0.6037,0.6379,0,0
ZRX.V,D,20181005,000000,0.6379,0.6446,0.6265,0.6389,0,0
ZRX.V,D,20181006,000000,0.6389,0.655,0.6337,0.6411,0,0
ZRX.V,D,20181007,000000,0.6411,0.7941,0.6392,0.7256,0,0
ZRX.V,D,20181008,000000,0.728,0.7912,0.7121,0.73,0,0
ZRX.V,D,20181009,000000,0.73,0.779,0.7043,0.7648,0,0
ZRX.V,D,20181010,000000,0.7648,0.77,0.7226,0.757,0,0
ZRX.V,D,20181011,000000,0.757,0.8949,0.65,0.79,0,0
ZRX.V,D,20181012,000000,0.79,0.8248,0.74,0.766,0,0
ZRX.V,D,20181013,000000,0.766,0.7667,0.7104,0.7332,0,0
ZRX.V,D,20181014,000000,0.7332,0.7631,0.687,0.6961,0,0
ZRX.V,D,20181015,000000,0.6961,0.7955,0.6805,0.7304,0,0
ZRX.V,D,20181016,000000,0.7304,0.967,0.7106,0.8169,0,0
ZRX.V,D,20181017,000000,0.8089,1.24,0.8089,0.9047,0,0
ZRX.V,D,20181018,000000,0.9048,0.9237,0.8289,0.8553,0,0
ZRX.V,D,20181019,000000,0.8553,0.9475,0.8382,0.9229,0,0
ZRX.V,D,20181020,000000,0.9229,0.9231,0.8772,0.9038,0,0
ZRX.V,D,20181021,000000,0.8963,0.906,0.8701,0.8737,0,0
ZRX.V,D,20181022,000000,0.8822,0.906,0.8647,0.9047,0,0
ZRX.V,D,20181023,000000,0.905,0.9162,0.8729,0.8819,0,0
ZRX.V,D,20181024,000000,0.8819,0.8849,0.8305,0.8456,0,0
ZRX.V,D,20181025,000000,0.8458,0.8595,0.8301,0.8517,0,0
ZRX.V,D,20181026,000000,0.8517,0.8524,0.8028,0.8125,0,0
ZRX.V,D,20181027,000000,0.8125,0.814,0.7753,0.7819,0,0
ZRX.V,D,20181028,000000,0.7819,0.8149,0.7747,0.8144,0,0
ZRX.V,D,20181029,000000,0.8144,0.8216,0.7512,0.7701,0,0
ZRX.V,D,20181030,000000,0.7701,0.7745,0.76,0.7711,0,0
ZRX.V,D,20181031,000000,0.7711,0.78,0.7515,0.7706,0,0
ZRX.V,D,20181101,000000,0.7619,0.8185,0.7607,0.8091,0,0
ZRX.V,D,20181102,000000,0.8093,0.8398,0.801,0.8133,0,0
ZRX.V,D,20181103,000000,0.8136,0.8137,0.79,0.8,0,0
ZRX.V,D,20181104,000000,0.8,0.8109,0.7811,0.7829,0,0
ZRX.V,D,20181105,000000,0.7829,0.7995,0.76,0.762,0,0
ZRX.V,D,20181106,000000,0.7701,0.7718,0.7518,0.7533,0,0
ZRX.V,D,20181107,000000,0.7607,0.7724,0.75,0.7599,0,0
ZRX.V,D,20181108,000000,0.7599,0.7638,0.7127,0.7211,0,0
ZRX.V,D,20181109,000000,0.7143,0.7314,0.7,0.7,0,0
ZRX.V,D,20181110,000000,0.7,0.722,0.7,0.7206,0,0
ZRX.V,D,20181111,000000,0.7206,0.7208,0.6761,0.6909,0,0
ZRX.V,D,20181112,000000,0.6909,0.7037,0.6576,0.6739,0,0
ZRX.V,D,20181113,000000,0.6668,0.6847,0.6174,0.6346,0,0
ZRX.V,D,20181114,000000,0.6346,0.6442,0.4939,0.5653,0,0
ZRX.V,D,20181115,000000,0.558,0.5737,0.5063,0.5572,0,0
ZRX.V,D,20181116,000000,0.5572,0.6239,0.5391,0.5452,0,0
ZRX.V,D,20181117,000000,0.5452,0.5624,0.5208,0.5369,0,0
ZRX.V,D,20181118,000000,0.5369,0.5615,0.5345,0.5451,0,0
ZRX.V,D,20181119,000000,0.5449,0.5502,0.4173,0.4304,0,0
ZRX.V,D,20181120,000000,0.4304,0.4954,0.3481,0.4054,0,0
ZRX.V,D,20181121,000000,0.4041,0.442,0.3952,0.4367,0,0
ZRX.V,D,20181122,000000,0.4367,0.4505,0.4219,0.4233,0,0
ZRX.V,D,20181123,000000,0.4233,0.4253,0.38,0.4012,0,0
ZRX.V,D,20181124,000000,0.4012,0.4117,0.3469,0.3482,0,0
ZRX.V,D,20181125,000000,0.3497,0.3842,0.3228,0.3721,0,0
ZRX.V,D,20181126,000000,0.3697,0.3864,0.3323,0.3421,0,0
ZRX.V,D,20181127,000000,0.3421,0.3611,0.3278,0.3594,0,0
ZRX.V,D,20181128,000000,0.3597,0.467,0.3546,0.4229,0,0
ZRX.V,D,20181129,000000,0.4256,0.4692,0.4108,0.4307,0,0
ZRX.V,D,20181130,000000,0.4307,0.4368,0.3796,0.3872,0,0
ZRX.V,D,20181201,000000,0.3872,0.434,0.3794,0.4133,0,0
ZRX.V,D,20181202,000000,0.4133,0.4278,0.3995,0.4041,0,0
ZRX.V,D,20181203,000000,0.4041,0.4046,0.3631,0.3744,0,0
ZRX.V,D,20181204,000000,0.3756,0.3891,0.3619,0.3739,0,0
ZRX.V,D,20181205,000000,0.3739,0.3749,0.3468,0.3492,0,0
ZRX.V,D,20181206,000000,0.3491,0.3572,0.3209,0.3317,0,0
ZRX.V,D,20181207,000000,0.3312,0.3318,0.2836,0.3112,0,0
ZRX.V,D,20181208,000000,0.3112,0.3524,0.2968,0.3194,0,0
ZRX.V,D,20181209,000000,0.321,0.3506,0.315,0.3279,0,0
ZRX.V,D,20181210,000000,0.3263,0.3338,0.3057,0.3119,0,0
ZRX.V,D,20181211,000000,0.3119,0.3157,0.295,0.2962,0,0
ZRX.V,D,20181212,000000,0.2962,0.3147,0.2933,0.3061,0,0
ZRX.V,D,20181213,000000,0.3061,0.3077,0.2856,0.2902,0,0
ZRX.V,D,20181214,000000,0.2902,0.2999,0.2618,0.2724,0,0
ZRX.V,D,20181215,000000,0.2724,0.2837,0.2615,0.27,0,0
ZRX.V,D,20181216,000000,0.27,0.2785,0.2636,0.2654,0,0
ZRX.V,D,20181217,000000,0.2654,0.3074,0.2622,0.2935,0,0
ZRX.V,D,20181218,000000,0.2935,0.3002,0.2823,0.2935,0,0
ZRX.V,D,20181219,000000,0.2935,0.34,0.2927,0.3153,0,0
ZRX.V,D,20181220,000000,0.3153,0.3552,0.3067,0.3501,0,0
ZRX.V,D,20181221,000000,0.35,0.3617,0.3131,0.3177,0,0
ZRX.V,D,20181222,000000,0.3177,0.3354,0.3135,0.3281,0,0
ZRX.V,D,20181223,000000,0.3281,0.3512,0.3281,0.3408,0,0
ZRX.V,D,20181224,000000,0.3408,0.3896,0.3399,0.366,0,0
ZRX.V,D,20181225,000000,0.366,0.3678,0.3141,0.3258,0,0
ZRX.V,D,20181226,000000,0.3279,0.3531,0.3185,0.344,0,0
ZRX.V,D,20181227,000000,0.344,0.3555,0.3096,0.3156,0,0
ZRX.V,D,20181228,000000,0.3156,0.347,0.3072,0.3333,0,0
ZRX.V,D,20181229,000000,0.3333,0.3424,0.3176,0.3336,0,0
ZRX.V,D,20181230,000000,0.3336,0.34,0.3165,0.3175,0,0
ZRX.V,D,20181231,000000,0.3175,0.3213,0.297,0.2985,0,0
ZRX.V,D,20190101,000000,0.2985,0.3185,0.2914,0.3099,0,0
ZRX.V,D,20190102,000000,0.3106,0.3291,0.3075,0.3267,0,0
ZRX.V,D,20190103,000000,0.3267,0.3312,0.316,0.3187,0,0
ZRX.V,D,20190104,000000,0.3187,0.3245,0.3132,0.3219,0,0
ZRX.V,D,20190105,000000,0.3209,0.3266,0.319,0.3204,0,0
ZRX.V,D,20190106,000000,0.3204,0.3413,0.3181,0.3357,0,0
ZRX.V,D,20190107,000000,0.3357,0.3398,0.3212,0.3227,0,0
ZRX.V,D,20190108,000000,0.3227,0.336,0.3191,0.3263,0,0
ZRX.V,D,20190109,000000,0.3274,0.3302,0.3221,0.3264,0,0
ZRX.V,D,20190110,000000,0.3264,0.3284,0.2781,0.285,0,0
ZRX.V,D,20190111,000000,0.2849,0.2905,0.279,0.2849,0,0
ZRX.V,D,20190112,000000,0.2849,0.2863,0.28,0.2822,0,0
ZRX.V,D,20190113,000000,0.2822,0.2894,0.2636,0.2683,0,0
ZRX.V,D,20190114,000000,0.2683,0.2951,0.2663,0.2843,0,0
ZRX.V,D,20190115,000000,0.2844,0.2915,0.2768,0.2777,0,0
ZRX.V,D,20190116,000000,0.2777,0.305,0.2776,0.2947,0,0
ZRX.V,D,20190117,000000,0.2939,0.3058,0.2886,0.3027,0,0
ZRX.V,D,20190118,000000,0.3027,0.3077,0.2904,0.2904,0,0
ZRX.V,D,20190119,000000,0.2902,0.3038,0.2897,0.2971,0,0
ZRX.V,D,20190120,000000,0.2971,0.3018,0.2801,0.2828,0,0
ZRX.V,D,20190121,000000,0.2828,0.2854,0.2757,0.2783,0,0
ZRX.V,D,20190122,000000,0.2783,0.2918,0.2753,0.289,0,0
ZRX.V,D,20190123,000000,0.289,0.3013,0.2842,0.2981,0,0
ZRX.V,D,20190124,000000,0.2981,0.333,0.2914,0.3084,0,0
ZRX.V,D,20190125,000000,0.3084,0.3084,0.2863,0.2887,0,0
ZRX.V,D,20190126,000000,0.2887,0.2939,0.2827,0.2884,0,0
ZRX.V,D,20190127,000000,0.2882,0.2895,0.268,0.2745,0,0
ZRX.V,D,20190128,000000,0.2739,0.2754,0.2489,0.2583,0,0
ZRX.V,D,20190129,000000,0.2583,0.2634,0.246,0.2507,0,0
ZRX.V,D,20190130,000000,0.2506,0.2621,0.2458,0.2588,0,0
ZRX.V,D,20190131,000000,0.2589,0.2611,0.2466,0.2492,0,0
ZRX.V,D,20190201,000000,0.2492,0.2522,0.2438,0.2458,0,0
ZRX.V,D,20190202,000000,0.2458,0.2479,0.2432,0.2469,0,0
ZRX.V,D,20190203,000000,0.2469,0.2514,0.2388,0.24,0,0
ZRX.V,D,20190204,000000,0.24,0.2408,0.2344,0.2348,0,0
ZRX.V,D,20190205,000000,0.2348,0.236,0.228,0.234,0,0
ZRX.V,D,20190206,000000,0.234,0.2354,0.2149,0.2227,0,0
ZRX.V,D,20190207,000000,0.2227,0.2328,0.217,0.23,0,0
ZRX.V,D,20190208,000000,0.23,0.2593,0.2296,0.2441,0,0
ZRX.V,D,20190209,000000,0.2435,0.2574,0.2424,0.2473,0,0
ZRX.V,D,20190210,000000,0.2473,0.2516,0.2407,0.2447,0,0
ZRX.V,D,20190211,000000,0.2447,0.25,0.2382,0.2401,0,0
ZRX.V,D,20190212,000000,0.2402,0.2404,0.232,0.2327,0,0
ZRX.V,D,20190213,000000,0.2327,0.2388,0.2297,0.232,0,0
ZRX.V,D,20190214,000000,0.232,0.2325,0.223,0.227,0,0
ZRX.V,D,20190215,000000,0.227,0.233,0.2245,0.2262,0,0
ZRX.V,D,20190216,000000,0.2262,0.2364,0.2247,0.2317,0,0
ZRX.V,D,20190217,000000,0.2317,0.2413,0.2284,0.241,0,0
ZRX.V,D,20190218,000000,0.241,0.2612,0.2386,0.2512,0,0
ZRX.V,D,20190219,000000,0.2512,0.2583,0.2454,0.2506,0,0
ZRX.V,D,20190220,000000,0.2506,0.2559,0.2454,0.2534,0,0
ZRX.V,D,20190221,000000,0.2534,0.2591,0.2466,0.2485,0,0
ZRX.V,D,20190222,000000,0.2485,0.2516,0.2441,0.2516,0,0
ZRX.V,D,20190223,000000,0.2516,0.2599,0.2461,0.2571,0,0
ZRX.V,D,20190224,000000,0.2571,0.2676,0.2304,0.2391,0,0
ZRX.V,D,20190225,000000,0.2387,0.2423,0.2316,0.2395,0,0
ZRX.V,D,20190226,000000,0.2396,0.2524,0.2343,0.2458,0,0
ZRX.V,D,20190227,000000,0.2458,0.2815,0.2434,0.2544,0,0
ZRX.V,D,20190228,000000,0.2544,0.2625,0.2468,0.2496,0,0
ZRX.V,D,20190301,000000,0.2496,0.2515,0.2442,0.247,0,0
ZRX.V,D,20190302,000000,0.247,0.2549,0.2412,0.2438,0,0
ZRX.V,D,20190303,000000,0.2437,0.246,0.2395,0.24,0,0
ZRX.V,D,20190304,000000,0.24,0.2423,0.2208,0.2277,0,0
ZRX.V,D,20190305,000000,0.2277,0.2411,0.2235,0.2377,0,0
ZRX.V,D,20190306,000000,0.2377,0.2462,0.2319,0.2455,0,0
ZRX.V,D,20190307,000000,0.2455,0.2468,0.2369,0.2399,0,0
ZRX.V,D,20190308,000000,0.2392,0.2448,0.2315,0.2326,0,0
ZRX.V,D,20190309,000000,0.2326,0.2615,0.2322,0.2483,0,0
ZRX.V,D,20190310,000000,0.2483,0.2741,0.248,0.2686,0,0
ZRX.V,D,20190311,000000,0.2676,0.2773,0.2492,0.2573,0,0
ZRX.V,D,20190312,000000,0.2573,0.2805,0.2519,0.2697,0,0
ZRX.V,D,20190313,000000,0.2694,0.2833,0.2635,0.2685,0,0
ZRX.V,D,20190314,000000,0.2682,0.2697,0.2543,0.2647,0,0
ZRX.V,D,20190315,000000,0.2642,0.2789,0.2635,0.2683,0,0
ZRX.V,D,20190316,000000,0.2683,0.2753,0.2648,0.2689,0,0
ZRX.V,D,20190317,000000,0.2689,0.2709,0.2606,0.2637,0,0
ZRX.V,D,20190318,000000,0.2637,0.2688,0.2585,0.2593,0,0
ZRX.V,D,20190319,000000,0.2593,0.2692,0.2584,0.2674,0,0
ZRX.V,D,20190320,000000,0.2671,0.274,0.2652,0.2719,0,0
ZRX.V,D,20190321,000000,0.2719,0.2755,0.2533,0.2596,0,0
ZRX.V,D,20190322,000000,0.2596,0.2732,0.2572,0.2696,0,0
ZRX.V,D,20190323,000000,0.2697,0.2764,0.2657,0.2673,0,0
ZRX.V,D,20190324,000000,0.2691,0.2971,0.2648,0.286,0,0
ZRX.V,D,20190325,000000,0.286,0.3074,0.2693,0.2769,0,0
ZRX.V,D,20190326,000000,0.277,0.2944,0.2715,0.2863,0,0
ZRX.V,D,20190327,000000,0.2863,0.3111,0.2863,0.3034,0,0
ZRX.V,D,20190328,000000,0.3034,0.307,0.2937,0.3021,0,0
ZRX.V,D,20190329,000000,0.3021,0.3079,0.3001,0.3063,0,0
ZRX.V,D,20190330,000000,0.3063,0.3252,0.304,0.3097,0,0
ZRX.V,D,20190331,000000,0.3097,0.328,0.3093,0.3275,0,0
ZRX.V,D,20190401,000000,0.3275,0.3422,0.3169,0.3347,0,0
ZRX.V,D,20190402,000000,0.3349,0.3821,0.3212,0.3765,0,0
ZRX.V,D,20190403,000000,0.3765,0.3949,0.3567,0.3807,0,0
ZRX.V,D,20190404,000000,0.3807,0.3858,0.3007,0.3363,0,0
ZRX.V,D,20190405,000000,0.3363,0.3586,0.3315,0.356,0,0
ZRX.V,D,20190406,000000,0.356,0.3671,0.3478,0.351,0,0
ZRX.V,D,20190407,000000,0.3507,0.3698,0.3491,0.3614,0,0
ZRX.V,D,20190408,000000,0.3614,0.3721,0.3371,0.3497,0,0
ZRX.V,D,20190409,000000,0.3497,0.3711,0.3388,0.3629,0,0
ZRX.V,D,20190410,000000,0.363,0.363,0.3449,0.35,0,0
ZRX.V,D,20190411,000000,0.35,0.3521,0.3095,0.3184,0,0
ZRX.V,D,20190412,000000,0.3184,0.3301,0.3027,0.3172,0,0
ZRX.V,D,20190413,000000,0.3172,0.3252,0.3133,0.3148,0,0
ZRX.V,D,20190414,000000,0.3158,0.324,0.3088,0.3228,0,0
ZRX.V,D,20190415,000000,0.3229,0.335,0.3019,0.3072,0,0
ZRX.V,D,20190416,000000,0.3072,0.3255,0.3062,0.3206,0,0
ZRX.V,D,20190417,000000,0.3206,0.3276,0.3194,0.3276,0,0
ZRX.V,D,20190418,000000,0.3276,0.3392,0.3253,0.3351,0,0
ZRX.V,D,20190419,000000,0.3351,0.3368,0.3233,0.3278,0,0
ZRX.V,D,20190420,000000,0.3278,0.3305,0.3203,0.3214,0,0
ZRX.V,D,20190421,000000,0.3214,0.3271,0.3054,0.3111,0,0
ZRX.V,D,20190422,000000,0.3126,0.3178,0.31,0.3132,0,0
ZRX.V,D,20190423,000000,0.3132,0.3166,0.3033,0.304,0,0
ZRX.V,D,20190424,000000,0.3051,0.3071,0.2803,0.2959,0,0
ZRX.V,D,20190425,000000,0.2966,0.297,0.2812,0.2812,0,0
ZRX.V,D,20190426,000000,0.2805,0.2833,0.2577,0.2634,0,0
ZRX.V,D,20190427,000000,0.2626,0.2871,0.2626,0.2846,0,0
ZRX.V,D,20190428,000000,0.2838,0.2848,0.2699,0.2739,0,0
ZRX.V,D,20190429,000000,0.2739,0.279,0.2594,0.2726,0,0
ZRX.V,D,20190430,000000,0.2726,0.2853,0.2654,0.2776,0,0
ZRX.V,D,20190501,000000,0.2776,0.2871,0.2709,0.2718,0,0
ZRX.V,D,20190502,000000,0.2718,0.2776,0.2693,0.2718,0,0
ZRX.V,D,20190503,000000,0.2725,0.2845,0.2677,0.2805,0,0
ZRX.V,D,20190504,000000,0.2805,0.2829,0.263,0.2711,0,0
ZRX.V,D,20190505,000000,0.2712,0.2731,0.261,0.2684,0,0
ZRX.V,D,20190506,000000,0.2684,0.2818,0.2602,0.2801,0,0
ZRX.V,D,20190507,000000,0.2809,0.2847,0.2625,0.2669,0,0
ZRX.V,D,20190508,000000,0.2669,0.27,0.2578,0.266,0,0
ZRX.V,D,20190509,000000,0.266,0.273,0.2519,0.2541,0,0
ZRX.V,D,20190510,000000,0.2534,0.2651,0.2528,0.2601,0,0
ZRX.V,D,20190511,000000,0.2601,0.3083,0.26,0.2947,0,0
ZRX.V,D,20190512,000000,0.2947,0.3069,0.2631,0.2784,0,0
ZRX.V,D,20190513,000000,0.2784,0.2961,0.27,0.2841,0,0
ZRX.V,D,20190514,000000,0.2841,0.3065,0.2743,0.2967,0,0
ZRX.V,D,20190515,000000,0.2953,0.3873,0.2953,0.3661,0,0
ZRX.V,D,20190516,000000,0.3631,0.383,0.3248,0.337,0,0
ZRX.V,D,20190517,000000,0.337,0.3416,0.292,0.3104,0,0
ZRX.V,D,20190518,000000,0.3104,0.3397,0.3065,0.3282,0,0
ZRX.V,D,20190519,000000,0.3282,0.3439,0.3214,0.3358,0,0
ZRX.V,D,20190520,000000,0.3358,0.3428,0.3061,0.3232,0,0
ZRX.V,D,20190521,000000,0.3228,0.3346,0.3108,0.3324,0,0
ZRX.V,D,20190522,000000,0.3324,0.3374,0.3031,0.3035,0,0
ZRX.V,D,20190523,000000,0.3046,0.3141,0.293,0.3107,0,0
ZRX.V,D,20190524,000000,0.3102,0.3399,0.3082,0.3162,0,0
ZRX.V,D,20190525,000000,0.3162,0.3216,0.3125,0.32,0,0
ZRX.V,D,20190526,000000,0.32,0.3319,0.3103,0.3303,0,0
ZRX.V,D,20190527,000000,0.3303,0.3399,0.3254,0.3374,0,0
ZRX.V,D,20190528,000000,0.3374,0.3412,0.3267,0.3349,0,0
ZRX.V,D,20190529,000000,0.3349,0.3595,0.3237,0.3469,0,0
ZRX.V,D,20190530,000000,0.3461,0.3735,0.3111,0.3193,0,0
ZRX.V,D,20190531,000000,0.3193,0.344,0.3138,0.3404,0,0
ZRX.V,D,20190601,000000,0.3404,0.3443,0.3315,0.338,0,0
ZRX.V,D,20190602,000000,0.3388,0.3409,0.3328,0.3392,0,0
ZRX.V,D,20190603,000000,0.3392,0.3448,0.3244,0.3314,0,0
ZRX.V,D,20190604,000000,0.3316,0.3327,0.2945,0.2952,0,0
ZRX.V,D,20190605,000000,0.2935,0.32,0.2925,0.3146,0,0
ZRX.V,D,20190606,000000,0.3146,0.3314,0.3054,0.3164,0,0
ZRX.V,D,20190607,000000,0.3174,0.3401,0.3152,0.3333,0,0
ZRX.V,D,20190608,000000,0.3333,0.3742,0.3297,0.3359,0,0
ZRX.V,D,20190609,000000,0.3359,0.3394,0.313,0.313,0,0
ZRX.V,D,20190610,000000,0.313,0.3324,0.31,0.3278,0,0
ZRX.V,D,20190611,000000,0.3278,0.3303,0.3159,0.3253,0,0
ZRX.V,D,20190612,000000,0.3253,0.3361,0.3214,0.3315,0,0
ZRX.V,D,20190613,000000,0.3311,0.3347,0.3263,0.3311,0,0
ZRX.V,D,20190614,000000,0.3311,0.3345,0.3156,0.3333,0,0
ZRX.V,D,20190615,000000,0.333,0.3689,0.3325,0.3587,0,0
ZRX.V,D,20190616,000000,0.3587,0.3646,0.3423,0.3489,0,0
ZRX.V,D,20190617,000000,0.3489,0.3563,0.3453,0.3482,0,0
ZRX.V,D,20190618,000000,0.3482,0.3546,0.3354,0.3355,0,0
ZRX.V,D,20190619,000000,0.3355,0.3467,0.3312,0.3431,0,0
ZRX.V,D,20190620,000000,0.3431,0.3439,0.3273,0.3313,0,0
ZRX.V,D,20190621,000000,0.3313,0.3394,0.3297,0.3323,0,0
ZRX.V,D,20190622,000000,0.3323,0.3546,0.3315,0.3495,0,0
ZRX.V,D,20190623,000000,0.3494,0.3579,0.3418,0.3447,0,0
ZRX.V,D,20190624,000000,0.3452,0.3456,0.3304,0.3384,0,0
ZRX.V,D,20190625,000000,0.3385,0.3459,0.3332,0.3338,0,0
ZRX.V,D,20190626,000000,0.3338,0.3503,0.3183,0.3207,0,0
ZRX.V,D,20190627,000000,0.3206,0.3244,0.2886,0.3097,0,0
ZRX.V,D,20190628,000000,0.3112,0.3453,0.3087,0.3152,0,0
ZRX.V,D,20190629,000000,0.3152,0.3188,0.2996,0.3162,0,0
ZRX.V,D,20190630,000000,0.3162,0.3258,0.2984,0.3082,0,0
ZRX.V,D,20190701,000000,0.3082,0.3141,0.2906,0.3038,0,0
ZRX.V,D,20190702,000000,0.3032,0.3096,0.2804,0.2941,0,0
ZRX.V,D,20190703,000000,0.2941,0.3028,0.2915,0.2998,0,0
ZRX.V,D,20190704,000000,0.2998,0.3024,0.2907,0.2927,0,0
ZRX.V,D,20190705,000000,0.2926,0.2957,0.2841,0.289,0,0
ZRX.V,D,20190706,000000,0.289,0.2999,0.2865,0.2965,0,0
ZRX.V,D,20190707,000000,0.2965,0.3004,0.2918,0.2984,0,0
ZRX.V,D,20190708,000000,0.2984,0.3146,0.2954,0.2978,0,0
ZRX.V,D,20190709,000000,0.2977,0.2986,0.2852,0.2931,0,0
ZRX.V,D,20190710,000000,0.2931,0.2953,0.255,0.2677,0,0
ZRX.V,D,20190711,000000,0.2677,0.2722,0.2506,0.2559,0,0
ZRX.V,D,20190712,000000,0.2555,0.2739,0.2499,0.2669,0,0
ZRX.V,D,20190713,000000,0.2664,0.2704,0.2485,0.2508,0,0
ZRX.V,D,20190714,000000,0.2508,0.2594,0.2236,0.2308,0,0
ZRX.V,D,20190715,000000,0.2308,0.2695,0.2029,0.2399,0,0
ZRX.V,D,20190716,000000,0.2399,0.2672,0.2117,0.2226,0,0
ZRX.V,D,20190717,000000,0.2225,0.2397,0.2064,0.2329,0,0
ZRX.V,D,20190718,000000,0.2329,0.2406,0.2183,0.2379,0,0
ZRX.V,D,20190719,000000,0.2379,0.2425,0.2302,0.2347,0,0
ZRX.V,D,20190720,000000,0.2346,0.2522,0.2313,0.2483,0,0
ZRX.V,D,20190721,000000,0.2483,0.2589,0.2356,0.2418,0,0
ZRX.V,D,20190722,000000,0.2418,0.245,0.2288,0.2339,0,0
ZRX.V,D,20190723,000000,0.2339,0.2394,0.2224,0.2292,0,0
ZRX.V,D,20190724,000000,0.2292,0.2367,0.2154,0.2252,0,0
ZRX.V,D,20190725,000000,0.2252,0.238,0.2252,0.232,0,0
ZRX.V,D,20190726,000000,0.232,0.2347,0.2273,0.2342,0,0
ZRX.V,D,20190727,000000,0.2342,0.24,0.2191,0.2228,0,0
ZRX.V,D,20190728,000000,0.2228,0.2306,0.2197,0.2276,0,0
ZRX.V,D,20190729,000000,0.2276,0.2293,0.2151,0.2229,0,0
ZRX.V,D,20190730,000000,0.2229,0.2262,0.218,0.2241,0,0
ZRX.V,D,20190731,000000,0.2239,0.2291,0.2194,0.2238,0,0
ZRX.V,D,20190801,000000,0.2238,0.2246,0.2161,0.2173,0,0
ZRX.V,D,20190802,000000,0.2178,0.2214,0.2118,0.2158,0,0
ZRX.V,D,20190803,000000,0.2158,0.2198,0.2139,0.215,0,0
ZRX.V,D,20190804,000000,0.2152,0.2172,0.2106,0.2133,0,0
ZRX.V,D,20190805,000000,0.2133,0.2188,0.2117,0.2132,0,0
ZRX.V,D,20190806,000000,0.2132,0.2145,0.1982,0.1985,0,0
ZRX.V,D,20190807,000000,0.1985,0.2029,0.1956,0.1965,0,0
ZRX.V,D,20190808,000000,0.1965,0.1996,0.1843,0.1865,0,0
ZRX.V,D,20190809,000000,0.1865,0.1999,0.1814,0.1919,0,0
ZRX.V,D,20190810,000000,0.1919,0.2031,0.1874,0.1916,0,0
ZRX.V,D,20190811,000000,0.1916,0.1958,0.1908,0.1932,0,0
ZRX.V,D,20190812,000000,0.1932,0.1944,0.188,0.1887,0,0
ZRX.V,D,20190813,000000,0.1887,0.1888,0.1766,0.181,0,0
ZRX.V,D,20190814,000000,0.181,0.1823,0.1618,0.1657,0,0
ZRX.V,D,20190815,000000,0.1657,0.1806,0.1525,0.1761,0,0
ZRX.V,D,20190816,000000,0.1761,0.1879,0.1694,0.1746,0,0
ZRX.V,D,20190817,000000,0.1746,0.1756,0.1677,0.1699,0,0
ZRX.V,D,20190818,000000,0.1699,0.1794,0.1684,0.1769,0,0
ZRX.V,D,20190819,000000,0.1767,0.178,0.1718,0.1725,0,0
ZRX.V,D,20190820,000000,0.1725,0.1754,0.1676,0.1684,0,0
ZRX.V,D,20190821,000000,0.1684,0.1747,0.1605,0.1698,0,0
ZRX.V,D,20190822,000000,0.1698,0.1795,0.1666,0.1772,0,0
ZRX.V,D,20190823,000000,0.1772,0.1978,0.172,0.19,0,0
ZRX.V,D,20190824,000000,0.19,0.2049,0.1848,0.1855,0,0
ZRX.V,D,20190825,000000,0.1855,0.1887,0.1744,0.1767,0,0
ZRX.V,D,20190826,000000,0.1768,0.1862,0.1755,0.1783,0,0
ZRX.V,D,20190827,000000,0.1783,0.1787,0.1679,0.1711,0,0
ZRX.V,D,20190828,000000,0.1711,0.174,0.1571,0.1586,0,0
ZRX.V,D,20190829,000000,0.158,0.16,0.1504,0.1542,0,0
ZRX.V,D,20190830,000000,0.1542,0.1653,0.1522,0.1653,0,0
ZRX.V,D,20190831,000000,0.1653,0.1659,0.1597,0.1627,0,0
ZRX.V,D,20190901,000000,0.1627,0.164,0.1567,0.1597,0,0
ZRX.V,D,20190902,000000,0.1597,0.1708,0.1593,0.17,0,0
ZRX.V,D,20190903,000000,0.17,0.1744,0.1657,0.1731,0,0
ZRX.V,D,20190904,000000,0.1731,0.1733,0.164,0.1656,0,0
ZRX.V,D,20190905,000000,0.1654,0.1667,0.1587,0.1599,0,0
ZRX.V,D,20190906,000000,0.1599,0.1617,0.1533,0.1562,0,0
ZRX.V,D,20190907,000000,0.1562,0.165,0.154,0.1649,0,0
ZRX.V,D,20190908,000000,0.1649,0.1664,0.1602,0.1615,0,0
ZRX.V,D,20190909,000000,0.1615,0.1648,0.1587,0.1635,0,0
ZRX.V,D,20190910,000000,0.1635,0.1662,0.1585,0.1607,0,0
ZRX.V,D,20190911,000000,0.1607,0.1625,0.1562,0.1568,0,0
ZRX.V,D,20190912,000000,0.1569,0.1656,0.1552,0.1607,0,0
ZRX.V,D,20190913,000000,0.1607,0.1639,0.1579,0.1611,0,0
ZRX.V,D,20190914,000000,0.1611,0.1682,0.1611,0.1648,0,0
ZRX.V,D,20190915,000000,0.1647,0.1667,0.163,0.1645,0,0
ZRX.V,D,20190916,000000,0.1644,0.1685,0.1603,0.1619,0,0
ZRX.V,D,20190917,000000,0.1619,0.1767,0.1616,0.1761,0,0
ZRX.V,D,20190918,000000,0.1761,0.2054,0.1748,0.1991,0,0
ZRX.V,D,20190919,000000,0.1991,0.2428,0.1853,0.2202,0,0
ZRX.V,D,20190920,000000,0.2202,0.2646,0.2125,0.2408,0,0
ZRX.V,D,20190921,000000,0.2405,0.2576,0.2234,0.2405,0,0
ZRX.V,D,20190922,000000,0.2405,0.2576,0.232,0.2326,0,0
ZRX.V,D,20190923,000000,0.2329,0.2384,0.2101,0.2109,0,0
ZRX.V,D,20190924,000000,0.2109,0.2347,0.1815,0.1924,0,0
ZRX.V,D,20190925,000000,0.1914,0.207,0.1889,0.207,0,0
ZRX.V,D,20190926,000000,0.207,0.2341,0.2052,0.2187,0,0
ZRX.V,D,20190927,000000,0.2187,0.226,0.2106,0.2145,0,0
ZRX.V,D,20190928,000000,0.2153,0.2201,0.2106,0.2136,0,0
ZRX.V,D,20190929,000000,0.2136,0.2156,0.1975,0.2042,0,0
ZRX.V,D,20190930,000000,0.2042,0.2101,0.1988,0.2034,0,0
ZRX.V,D,20191001,000000,0.2034,0.2223,0.2004,0.2118,0,0
ZRX.V,D,20191002,000000,0.2118,0.2207,0.2028,0.2056,0,0
ZRX.V,D,20191003,000000,0.206,0.2146,0.2023,0.2106,0,0
ZRX.V,D,20191004,000000,0.2106,0.2292,0.2072,0.2217,0,0
ZRX.V,D,20191005,000000,0.2217,0.2256,0.2146,0.2243,0,0
ZRX.V,D,20191006,000000,0.2243,0.2245,0.2089,0.2144,0,0
ZRX.V,D,20191007,000000,0.2144,0.2276,0.2097,0.2256,0,0
ZRX.V,D,20191008,000000,0.2256,0.2533,0.2202,0.2525,0,0
ZRX.V,D,20191009,000000,0.2515,0.28,0.2473,0.2541,0,0
ZRX.V,D,20191010,000000,0.2547,0.2787,0.2484,0.2741,0,0
ZRX.V,D,20191011,000000,0.2741,0.281,0.2633,0.2633,0,0
ZRX.V,D,20191012,000000,0.2632,0.2639,0.2524,0.2587,0,0
ZRX.V,D,20191013,000000,0.2587,0.2783,0.257,0.2782,0,0
ZRX.V,D,20191014,000000,0.2983,0.3431,0.2978,0.336,0,0
ZRX.V,D,20191015,000000,0.3366,0.3433,0.3012,0.3105,0,0
ZRX.V,D,20191016,000000,0.3105,0.322,0.2744,0.3094,0,0
ZRX.V,D,20191017,000000,0.3093,0.3286,0.304,0.3141,0,0
ZRX.V,D,20191018,000000,0.3141,0.3201,0.2919,0.3015,0,0
ZRX.V,D,20191019,000000,0.302,0.3182,0.2927,0.3149,0,0
ZRX.V,D,20191020,000000,0.3149,0.3453,0.3056,0.3287,0,0
ZRX.V,D,20191021,000000,0.3292,0.3345,0.3201,0.3261,0,0
ZRX.V,D,20191022,000000,0.3261,0.3283,0.3116,0.3134,0,0
ZRX.V,D,20191023,000000,0.3134,0.3313,0.2821,0.2979,0,0
ZRX.V,D,20191024,000000,0.2976,0.3102,0.2864,0.2991,0,0
ZRX.V,D,20191025,000000,0.2991,0.3206,0.2904,0.3105,0,0
ZRX.V,D,20191026,000000,0.3105,0.3142,0.2831,0.2908,0,0
ZRX.V,D,20191027,000000,0.2908,0.2996,0.2842,0.2864,0,0
ZRX.V,D,20191028,000000,0.2871,0.2998,0.2858,0.2893,0,0
ZRX.V,D,20191029,000000,0.2893,0.2893,0.2764,0.2816,0,0
ZRX.V,D,20191030,000000,0.2816,0.284,0.2609,0.2727,0,0
ZRX.V,D,20191031,000000,0.2727,0.2808,0.2654,0.2731,0,0
ZRX.V,D,20191101,000000,0.273,0.3103,0.2703,0.3007,0,0
ZRX.V,D,20191102,000000,0.3007,0.3051,0.2912,0.2937,0,0
ZRX.V,D,20191103,000000,0.2935,0.3049,0.292,0.2955,0,0
ZRX.V,D,20191104,000000,0.2955,0.3004,0.2865,0.2949,0,0
ZRX.V,D,20191105,000000,0.2949,0.2972,0.288,0.2911,0,0
ZRX.V,D,20191106,000000,0.2911,0.3036,0.2895,0.3036,0,0
ZRX.V,D,20191107,000000,0.3037,0.31,0.2947,0.3045,0,0
ZRX.V,D,20191108,000000,0.3045,0.3198,0.2823,0.2922,0,0
ZRX.V,D,20191109,000000,0.2922,0.3125,0.2916,0.3049,0,0
ZRX.V,D,20191110,000000,0.3052,0.3181,0.3042,0.3092,0,0
ZRX.V,D,20191111,000000,0.3092,0.3122,0.2977,0.3039,0,0
ZRX.V,D,20191112,000000,0.3039,0.3072,0.2962,0.3027,0,0
ZRX.V,D,20191113,000000,0.3029,0.3036,0.2954,0.3008,0,0
ZRX.V,D,20191114,000000,0.3008,0.3025,0.2802,0.2897,0,0
ZRX.V,D,20191115,000000,0.2897,0.2904,0.2762,0.2771,0,0
ZRX.V,D,20191116,000000,0.2771,0.2828,0.2729,0.282,0,0
ZRX.V,D,20191117,000000,0.282,0.2836,0.2759,0.2772,0,0
ZRX.V,D,20191118,000000,0.2772,0.2776,0.2563,0.2618,0,0
ZRX.V,D,20191119,000000,0.2618,0.2625,0.2429,0.257,0,0
ZRX.V,D,20191120,000000,0.2568,0.2733,0.2549,0.2619,0,0
ZRX.V,D,20191121,000000,0.2619,0.272,0.2444,0.2645,0,0
ZRX.V,D,20191122,000000,0.2645,0.2645,0.2185,0.2438,0,0
ZRX.V,D,20191123,000000,0.2438,0.2546,0.2332,0.2478,0,0
ZRX.V,D,20191124,000000,0.2478,0.2619,0.2365,0.2414,0,0
ZRX.V,D,20191125,000000,0.2414,0.2519,0.216,0.2409,0,0
ZRX.V,D,20191126,000000,0.2409,0.2526,0.2357,0.2449,0,0
ZRX.V,D,20191127,000000,0.2449,0.2654,0.2349,0.2615,0,0
ZRX.V,D,20191128,000000,0.2615,0.2795,0.2606,0.2684,0,0
ZRX.V,D,20191129,000000,0.2684,0.2807,0.2654,0.2715,0,0
ZRX.V,D,20191130,000000,0.2715,0.2742,0.2553,0.2585,0,0
ZRX.V,D,20191201,000000,0.2584,0.2665,0.2459,0.2591,0,0
ZRX.V,D,20191202,000000,0.2591,0.261,0.2467,0.2484,0,0
ZRX.V,D,20191203,000000,0.2484,0.2535,0.2428,0.2435,0,0
ZRX.V,D,20191204,000000,0.2435,0.2474,0.2256,0.2301,0,0
ZRX.V,D,20191205,000000,0.2301,0.2376,0.2232,0.2306,0,0
ZRX.V,D,20191206,000000,0.2306,0.2484,0.2291,0.2437,0,0
ZRX.V,D,20191207,000000,0.2437,0.2441,0.2352,0.2376,0,0
ZRX.V,D,20191208,000000,0.2376,0.2408,0.2303,0.2361,0,0
ZRX.V,D,20191209,000000,0.2365,0.2386,0.2286,0.2308,0,0
ZRX.V,D,20191210,000000,0.2308,0.2313,0.2201,0.227,0,0
ZRX.V,D,20191211,000000,0.227,0.2274,0.2177,0.2224,0,0
ZRX.V,D,20191212,000000,0.2224,0.2226,0.2151,0.218,0,0
ZRX.V,D,20191213,000000,0.218,0.222,0.215,0.2201,0,0
ZRX.V,D,20191214,000000,0.2201,0.2231,0.2102,0.2107,0,0
ZRX.V,D,20191215,000000,0.2107,0.2107,0.2023,0.2071,0,0
ZRX.V,D,20191216,000000,0.2071,0.2094,0.1903,0.1936,0,0
ZRX.V,D,20191217,000000,0.1936,0.1959,0.1778,0.1792,0,0
ZRX.V,D,20191218,000000,0.1792,0.2059,0.1718,0.2031,0,0
ZRX.V,D,20191219,000000,0.2032,0.2053,0.1815,0.1883,0,0
ZRX.V,D,20191220,000000,0.1883,0.1986,0.1853,0.1937,0,0
ZRX.V,D,20191221,000000,0.1937,0.1945,0.1882,0.1918,0,0
ZRX.V,D,20191222,000000,0.1918,0.1962,0.1876,0.1931,0,0
ZRX.V,D,20191223,000000,0.1931,0.1946,0.1816,0.1829,0,0
ZRX.V,D,20191224,000000,0.1829,0.1855,0.1813,0.1835,0,0
ZRX.V,D,20191225,000000,0.1835,0.1865,0.1801,0.1814,0,0
ZRX.V,D,20191226,000000,0.1814,0.1872,0.18,0.182,0,0
ZRX.V,D,20191227,000000,0.182,0.1857,0.18,0.1851,0,0
ZRX.V,D,20191228,000000,0.1851,0.1863,0.1818,0.1846,0,0
ZRX.V,D,20191229,000000,0.1844,0.1991,0.184,0.1947,0,0
ZRX.V,D,20191230,000000,0.1947,0.198,0.1871,0.1893,0,0
ZRX.V,D,20191231,000000,0.1893,0.1893,0.1801,0.1803,0,0
ZRX.V,D,20200101,000000,0.1803,0.1857,0.1789,0.1828,0,0
ZRX.V,D,20200102,000000,0.1828,0.1849,0.174,0.1742,0,0
ZRX.V,D,20200103,000000,0.1742,0.1835,0.1739,0.1805,0,0
ZRX.V,D,20200104,000000,0.1805,0.1896,0.1798,0.1866,0,0
ZRX.V,D,20200105,000000,0.1866,0.1902,0.1856,0.1873,0,0
ZRX.V,D,20200106,000000,0.1867,0.1979,0.1858,0.1937,0,0
ZRX.V,D,20200107,000000,0.1943,0.1989,0.1863,0.1893,0,0
ZRX.V,D,20200108,000000,0.1893,0.2234,0.1879,0.2111,0,0
ZRX.V,D,20200109,000000,0.2111,0.2142,0.1985,0.2026,0,0
ZRX.V,D,20200110,000000,0.2026,0.2176,0.1991,0.2055,0,0
ZRX.V,D,20200111,000000,0.206,0.2122,0.2018,0.2082,0,0
ZRX.V,D,20200112,000000,0.2082,0.228,0.2052,0.2171,0,0
ZRX.V,D,20200113,000000,0.2171,0.2273,0.2091,0.2097,0,0
ZRX.V,D,20200114,000000,0.2097,0.2464,0.209,0.2313,0,0
ZRX.V,D,20200115,000000,0.2311,0.2502,0.2242,0.2459,0,0
ZRX.V,D,20200116,000000,0.2459,0.2564,0.2277,0.2447,0,0
ZRX.V,D,20200117,000000,0.2442,0.2618,0.2411,0.2585,0,0
ZRX.V,D,20200118,000000,0.2585,0.2585,0.2373,0.2457,0,0
ZRX.V,D,20200119,000000,0.2457,0.2483,0.222,0.2289,0,0
ZRX.V,D,20200120,000000,0.2288,0.2353,0.2278,0.2326,0,0
ZRX.V,D,20200121,000000,0.2317,0.2423,0.2303,0.239,0,0
ZRX.V,D,20200122,000000,0.2386,0.2445,0.2386,0.2417,0,0
ZRX.V,D,20200123,000000,0.2417,0.2419,0.2227,0.228,0,0
ZRX.V,D,20200124,000000,0.228,0.2316,0.2201,0.2278,0,0
ZRX.V,D,20200125,000000,0.2278,0.2284,0.221,0.224,0,0
ZRX.V,D,20200126,000000,0.224,0.2313,0.2232,0.2295,0,0
ZRX.V,D,20200127,000000,0.2295,0.237,0.2263,0.2316,0,0
ZRX.V,D,20200128,000000,0.2317,0.2351,0.2266,0.2313,0,0
ZRX.V,D,20200129,000000,0.2313,0.233,0.2255,0.2264,0,0
ZRX.V,D,20200130,000000,0.2264,0.2355,0.2231,0.2323,0,0
ZRX.V,D,20200131,000000,0.2323,0.2397,0.2267,0.2293,0,0
ZRX.V,D,20200201,000000,0.2293,0.2325,0.2264,0.2315,0,0
ZRX.V,D,20200202,000000,0.2315,0.2451,0.2278,0.2407,0,0
ZRX.V,D,20200203,000000,0.2408,0.245,0.2316,0.2338,0,0
ZRX.V,D,20200204,000000,0.2338,0.2601,0.2337,0.2518,0,0
ZRX.V,D,20200205,000000,0.2518,0.2572,0.2457,0.2568,0,0
ZRX.V,D,20200206,000000,0.2569,0.2759,0.2533,0.2738,0,0
ZRX.V,D,20200207,000000,0.2729,0.2918,0.2718,0.2794,0,0
ZRX.V,D,20200208,000000,0.2794,0.2859,0.2637,0.2756,0,0
ZRX.V,D,20200209,000000,0.2756,0.2986,0.2729,0.295,0,0
ZRX.V,D,20200210,000000,0.295,0.3009,0.2723,0.2819,0,0
ZRX.V,D,20200211,000000,0.2819,0.3073,0.2728,0.3021,0,0
ZRX.V,D,20200212,000000,0.3021,0.3172,0.2996,0.313,0,0
ZRX.V,D,20200213,000000,0.313,0.3313,0.2879,0.3223,0,0
ZRX.V,D,20200214,000000,0.3223,0.3577,0.311,0.344,0,0
ZRX.V,D,20200215,000000,0.3441,0.3578,0.2952,0.3202,0,0
ZRX.V,D,20200216,000000,0.3199,0.3306,0.273,0.293,0,0
ZRX.V,D,20200217,000000,0.293,0.3,0.2598,0.2875,0,0
ZRX.V,D,20200218,000000,0.2875,0.3152,0.2832,0.3077,0,0
ZRX.V,D,20200219,000000,0.3077,0.3092,0.2685,0.2811,0,0
ZRX.V,D,20200220,000000,0.2811,0.2887,0.2642,0.2754,0,0
ZRX.V,D,20200221,000000,0.276,0.2998,0.2747,0.2845,0,0
ZRX.V,D,20200222,000000,0.2845,0.2911,0.2758,0.2816,0,0
ZRX.V,D,20200223,000000,0.2816,0.2922,0.2791,0.2873,0,0
ZRX.V,D,20200224,000000,0.2872,0.2931,0.2614,0.2654,0,0
ZRX.V,D,20200225,000000,0.2654,0.2693,0.2441,0.2528,0,0
ZRX.V,D,20200226,000000,0.2538,0.2587,0.2188,0.2335,0,0
ZRX.V,D,20200227,000000,0.2331,0.2584,0.2182,0.2408,0,0
ZRX.V,D,20200228,000000,0.2408,0.2532,0.2258,0.2402,0,0
ZRX.V,D,20200229,000000,0.2401,0.2431,0.23,0.232,0,0
ZRX.V,D,20200301,000000,0.232,0.2389,0.2248,0.2351,0,0
ZRX.V,D,20200302,000000,0.2351,0.2551,0.2295,0.2503,0,0
ZRX.V,D,20200303,000000,0.2503,0.2528,0.2412,0.2524,0,0
ZRX.V,D,20200304,000000,0.2524,0.2664,0.2495,0.2608,0,0
ZRX.V,D,20200305,000000,0.2607,0.2882,0.2607,0.2796,0,0
ZRX.V,D,20200306,000000,0.2795,0.2858,0.2646,0.2753,0,0
ZRX.V,D,20200307,000000,0.2753,0.2843,0.2533,0.2654,0,0
ZRX.V,D,20200308,000000,0.2654,0.2657,0.2278,0.2312,0,0
ZRX.V,D,20200309,000000,0.2312,0.2415,0.2059,0.2193,0,0
ZRX.V,D,20200310,000000,0.2193,0.2436,0.2178,0.2404,0,0
ZRX.V,D,20200311,000000,0.2404,0.2481,0.212,0.2262,0,0
ZRX.V,D,20200312,000000,0.226,0.2306,0.1607,0.173,0,0
ZRX.V,D,20200313,000000,0.173,0.1936,0.1289,0.1739,0,0
ZRX.V,D,20200314,000000,0.174,0.1785,0.1529,0.1585,0,0
ZRX.V,D,20200315,000000,0.1592,0.1734,0.1533,0.1572,0,0
ZRX.V,D,20200316,000000,0.1571,0.1586,0.126,0.1349,0,0
ZRX.V,D,20200317,000000,0.1349,0.1508,0.1349,0.1458,0,0
ZRX.V,D,20200318,000000,0.1458,0.148,0.1326,0.1447,0,0
ZRX.V,D,20200319,000000,0.1447,0.169,0.1442,0.1656,0,0
ZRX.V,D,20200320,000000,0.1656,0.178,0.1396,0.1515,0,0
ZRX.V,D,20200321,000000,0.1514,0.159,0.1461,0.1548,0,0
ZRX.V,D,20200322,000000,0.1548,0.1612,0.141,0.1427,0,0
ZRX.V,D,20200323,000000,0.1427,0.1544,0.1391,0.1507,0,0
ZRX.V,D,20200324,000000,0.1507,0.1587,0.1468,0.1579,0,0
ZRX.V,D,20200325,000000,0.1584,0.1584,0.1464,0.1546,0,0
ZRX.V,D,20200326,000000,0.1546,0.1596,0.1506,0.1594,0,0
ZRX.V,D,20200327,000000,0.1588,0.1618,0.1537,0.1556,0,0
ZRX.V,D,20200328,000000,0.1556,0.1556,0.1434,0.1493,0,0
ZRX.V,D,20200329,000000,0.1502,0.1516,0.1448,0.1451,0,0
ZRX.V,D,20200330,000000,0.1451,0.1548,0.1445,0.153,0,0
ZRX.V,D,20200331,000000,0.153,0.1544,0.1497,0.1524,0,0
ZRX.V,D,20200401,000000,0.153,0.1533,0.1457,0.1488,0,0
ZRX.V,D,20200402,000000,0.1488,0.16,0.1488,0.1549,0,0
ZRX.V,D,20200403,000000,0.1549,0.1587,0.1517,0.1556,0,0
ZRX.V,D,20200404,000000,0.1556,0.1582,0.1523,0.1569,0,0
ZRX.V,D,20200405,000000,0.1569,0.1573,0.1532,0.1535,0,0
ZRX.V,D,20200406,000000,0.1535,0.1694,0.1531,0.1679,0,0
ZRX.V,D,20200407,000000,0.1679,0.1826,0.1653,0.1718,0,0
ZRX.V,D,20200408,000000,0.1718,0.1761,0.1666,0.1751,0,0
ZRX.V,D,20200409,000000,0.1751,0.1838,0.1728,0.1828,0,0
ZRX.V,D,20200410,000000,0.1828,0.1946,0.1617,0.1694,0,0
ZRX.V,D,20200411,000000,0.1694,0.1749,0.1663,0.1721,0,0
ZRX.V,D,20200412,000000,0.1721,0.1766,0.1669,0.1743,0,0
ZRX.V,D,20200413,000000,0.1744,0.1751,0.1626,0.1667,0,0
ZRX.V,D,20200414,000000,0.1667,0.1749,0.1667,0.1692,0,0
ZRX.V,D,20200415,000000,0.1692,0.1719,0.1641,0.1693,0,0
ZRX.V,D,20200416,000000,0.1693,0.1764,0.1584,0.172,0,0
ZRX.V,D,20200417,000000,0.1722,0.1763,0.17,0.1732,0,0
ZRX.V,D,20200418,000000,0.1732,0.1808,0.1722,0.1786,0,0
ZRX.V,D,20200419,000000,0.1786,0.1811,0.1726,0.1735,0,0
ZRX.V,D,20200420,000000,0.1735,0.1753,0.1655,0.1681,0,0
ZRX.V,D,20200421,000000,0.1681,0.1719,0.1643,0.171,0,0
ZRX.V,D,20200422,000000,0.1709,0.1733,0.1688,0.171,0,0
ZRX.V,D,20200423,000000,0.171,0.18,0.1694,0.178,0,0
ZRX.V,D,20200424,000000,0.1783,0.1899,0.175,0.187,0,0
ZRX.V,D,20200425,000000,0.187,0.1892,0.1807,0.1834,0,0
ZRX.V,D,20200426,000000,0.1834,0.1992,0.1834,0.1986,0,0
ZRX.V,D,20200427,000000,0.1986,0.2189,0.1943,0.2096,0,0
ZRX.V,D,20200428,000000,0.2096,0.2124,0.1982,0.2059,0,0
ZRX.V,D,20200429,000000,0.2059,0.215,0.2027,0.2135,0,0
ZRX.V,D,20200430,000000,0.2135,0.2205,0.1947,0.2026,0,0
ZRX.V,D,20200501,000000,0.2026,0.2113,0.1984,0.2098,0,0
ZRX.V,D,20200502,000000,0.2098,0.218,0.2096,0.215,0,0
ZRX.V,D,20200503,000000,0.215,0.2156,0.203,0.206,0,0
ZRX.V,D,20200504,000000,0.2061,0.2085,0.1926,0.207,0,0
ZRX.V,D,20200505,000000,0.207,0.207,0.2,0.2055,0,0
ZRX.V,D,20200506,000000,0.2055,0.218,0.203,0.2156,0,0
ZRX.V,D,20200507,000000,0.2158,0.2897,0.2062,0.2896,0,0
ZRX.V,D,20200508,000000,0.2896,0.5113,0.2878,0.4118,0,0
ZRX.V,D,20200509,000000,0.4111,0.4893,0.3693,0.4359,0,0
ZRX.V,D,20200510,000000,0.4354,0.4672,0.3466,0.4036,0,0
ZRX.V,D,20200511,000000,0.403,0.405,0.3351,0.3463,0,0
ZRX.V,D,20200512,000000,0.3463,0.3824,0.3319,0.3602,0,0
ZRX.V,D,20200513,000000,0.3601,0.3743,0.3427,0.3505,0,0
ZRX.V,D,20200514,000000,0.3505,0.3667,0.339,0.3397,0,0
ZRX.V,D,20200515,000000,0.3394,0.4199,0.3378,0.399,0,0
ZRX.V,D,20200516,000000,0.3994,0.411,0.3794,0.3839,0,0
ZRX.V,D,20200517,000000,0.3839,0.3923,0.3801,0.3823,0,0
ZRX.V,D,20200518,000000,0.3821,0.3843,0.3651,0.3699,0,0
ZRX.V,D,20200519,000000,0.3699,0.3731,0.359,0.36,0,0
ZRX.V,D,20200520,000000,0.36,0.3833,0.3512,0.3574,0,0
ZRX.V,D,20200521,000000,0.3574,0.3666,0.3075,0.3316,0,0
ZRX.V,D,20200522,000000,0.3316,0.3486,0.3197,0.3399,0,0
ZRX.V,D,20200523,000000,0.3399,0.3407,0.3247,0.3289,0,0
ZRX.V,D,20200524,000000,0.3289,0.3352,0.3095,0.3138,0,0
ZRX.V,D,20200525,000000,0.3137,0.3278,0.3,0.3224,0,0
ZRX.V,D,20200526,000000,0.3224,0.36,0.318,0.3538,0,0
ZRX.V,D,20200527,000000,0.3539,0.3539,0.3282,0.3349,0,0
ZRX.V,D,20200528,000000,0.3349,0.3471,0.3311,0.3347,0,0
ZRX.V,D,20200529,000000,0.3347,0.3428,0.331,0.3312,0,0
ZRX.V,D,20200530,000000,0.3312,0.3408,0.3282,0.3333,0,0
ZRX.V,D,20200531,000000,0.3333,0.3391,0.3166,0.3178,0,0
ZRX.V,D,20200601,000000,0.3178,0.333,0.3133,0.3299,0,0
ZRX.V,D,20200602,000000,0.3299,0.3566,0.314,0.3281,0,0
ZRX.V,D,20200603,000000,0.3281,0.3349,0.3228,0.3321,0,0
ZRX.V,D,20200604,000000,0.3321,0.3329,0.3199,0.3243,0,0
ZRX.V,D,20200605,000000,0.3241,0.3287,0.3209,0.3228,0,0
ZRX.V,D,20200606,000000,0.3228,0.3285,0.3176,0.3267,0,0
ZRX.V,D,20200607,000000,0.3259,0.3283,0.3109,0.3197,0,0
ZRX.V,D,20200608,000000,0.3197,0.3226,0.3165,0.3177,0,0
ZRX.V,D,20200609,000000,0.3178,0.3499,0.315,0.3418,0,0
ZRX.V,D,20200610,000000,0.3415,0.4276,0.3404,0.3855,0,0
ZRX.V,D,20200611,000000,0.3859,0.4016,0.3301,0.345,0,0
ZRX.V,D,20200612,000000,0.345,0.3762,0.3296,0.3575,0,0
ZRX.V,D,20200613,000000,0.3575,0.3827,0.3554,0.3647,0,0
ZRX.V,D,20200614,000000,0.3647,0.383,0.3579,0.3611,0,0
ZRX.V,D,20200615,000000,0.3617,0.3617,0.3208,0.346,0,0
ZRX.V,D,20200616,000000,0.346,0.3554,0.3383,0.3426,0,0
ZRX.V,D,20200617,000000,0.3426,0.3468,0.334,0.3425,0,0
ZRX.V,D,20200618,000000,0.3425,0.3448,0.3292,0.3295,0,0
ZRX.V,D,20200619,000000,0.3295,0.3424,0.3251,0.3314,0,0
ZRX.V,D,20200620,000000,0.3314,0.3596,0.331,0.3432,0,0
ZRX.V,D,20200621,000000,0.3432,0.3574,0.3426,0.3477,0,0
ZRX.V,D,20200622,000000,0.3477,0.3637,0.3455,0.3542,0,0
ZRX.V,D,20200623,000000,0.3542,0.3668,0.3496,0.3637,0,0
ZRX.V,D,20200624,000000,0.3637,0.3739,0.3335,0.3434,0,0
ZRX.V,D,20200625,000000,0.3434,0.3478,0.3301,0.3388,0,0
ZRX.V,D,20200626,000000,0.3388,0.3627,0.3321,0.3571,0,0
ZRX.V,D,20200627,000000,0.357,0.366,0.3176,0.3323,0,0
ZRX.V,D,20200628,000000,0.3323,0.3429,0.3227,0.3335,0,0
ZRX.V,D,20200629,000000,0.3335,0.341,0.3276,0.341,0,0
ZRX.V,D,20200630,000000,0.341,0.3471,0.3333,0.3343,0,0
ZRX.V,D,20200701,000000,0.3343,0.3439,0.3315,0.3363,0,0
ZRX.V,D,20200702,000000,0.3363,0.3584,0.3338,0.3442,0,0
ZRX.V,D,20200703,000000,0.344,0.3999,0.3425,0.3932,0,0
ZRX.V,D,20200704,000000,0.3936,0.4286,0.3751,0.384,0,0
ZRX.V,D,20200705,000000,0.384,0.4072,0.3605,0.3909,0,0
ZRX.V,D,20200706,000000,0.3909,0.4226,0.3881,0.4032,0,0
ZRX.V,D,20200707,000000,0.4032,0.4268,0.3919,0.4054,0,0
ZRX.V,D,20200708,000000,0.4054,0.4782,0.4044,0.4478,0,0
ZRX.V,D,20200709,000000,0.4482,0.4516,0.4087,0.435,0,0
ZRX.V,D,20200710,000000,0.4345,0.4378,0.3983,0.41,0,0
ZRX.V,D,20200711,000000,0.41,0.4429,0.4069,0.4373,0,0
ZRX.V,D,20200712,000000,0.4373,0.4428,0.4152,0.4197,0,0
ZRX.V,D,20200713,000000,0.4197,0.4287,0.3964,0.4026,0,0
ZRX.V,D,20200714,000000,0.4026,0.4067,0.3816,0.3949,0,0
ZRX.V,D,20200715,000000,0.3949,0.4094,0.3918,0.3923,0,0
ZRX.V,D,20200716,000000,0.3932,0.4015,0.3674,0.3838,0,0
ZRX.V,D,20200717,000000,0.3838,0.4128,0.3806,0.4004,0,0
ZRX.V,D,20200718,000000,0.3991,0.4292,0.387,0.4141,0,0
ZRX.V,D,20200719,000000,0.4141,0.4303,0.4057,0.412,0,0
ZRX.V,D,20200720,000000,0.412,0.4274,0.3948,0.397,0,0
ZRX.V,D,20200721,000000,0.397,0.4096,0.394,0.3994,0,0
ZRX.V,D,20200722,000000,0.3994,0.402,0.3977,0.402,0,0
